persona,game,world,cause_of_death,jump_count,coins_collected,avg_vx,progress_ratio,route,enemies_killed,elapsed_time
speedrunner,bomberman,2,Stuck,0,0,56.68,0.37,"[(48.0, 48.0), (70.4, 45.2), (92.8, 45.2), (115.2, 45.2), (137.6, 45.2), (160.0, 45.2), (182.4, 45.2), (204.8, 45.2), (227.2, 45.2), (249.6, 45.2), (272.0, 45.2), (294.4, 45.2), (316.8, 45.2), (339.2, 45.2), (361.6, 45.2), (384.0, 45.2), (406.4, 45.2), (428.8, 45.2), (434.4, 45.2), (434.4, 45.2), (434.4, 45.2), (434.4, 45.2), (434.4, 45.2), (434.4, 45.2), (434.4, 45.2), (434.4, 45.2), (434.4, 45.2), (434.4, 45.2), (434.4, 45.2), (434.4, 45.2), (434.4, 45.2), (434.4, 45.2), (434.4, 45.2), (434.4, 45.2), (434.4, 45.2), (434.4, 45.2), (434.4, 45.2), (434.4, 45.2), (434.4, 45.2), (434.4, 45.2), (434.4, 45.2), (434.4, 45.2), (434.4, 45.2), (434.4, 45.2), (434.4, 45.2), (434.4, 45.2), (434.4, 45.2), (434.4, 45.2), (434.4, 45.2), (434.4, 45.2), (434.4, 45.2), (434.4, 45.2)]",0,6.82
speedrunner,bomberman,2,Stuck,0,0,1.12,0.0,"[(48.0, 48.0), (53.6, 48.0), (53.6, 48.0), (53.6, 48.0), (53.6, 48.0), (53.6, 48.0), (53.6, 48.0), (53.6, 48.0), (53.6, 48.0), (53.6, 48.0), (53.6, 48.0), (53.6, 48.0), (53.6, 48.0), (53.6, 48.0), (53.6, 48.0), (53.6, 48.0), (53.6, 48.0), (53.6, 48.0), (53.6, 48.0), (53.6, 48.0), (53.6, 48.0), (53.6, 48.0), (53.6, 48.0), (53.6, 48.0), (53.6, 48.0), (53.6, 48.0), (53.6, 48.0), (53.6, 48.0), (53.6, 48.0), (53.6, 48.0), (53.6, 48.0), (53.6, 48.0), (53.6, 48.0), (53.6, 48.0), (53.6, 48.0), (53.6, 48.0), (53.6, 48.0), (53.6, 48.0)]",0,5.0
speedrunner,bomberman,2,Bomb,1,0,18.67,0.074,"[(48.0, 48.0), (45.2, 45.2), (45.2, 45.2), (64.8, 45.2), (87.2, 45.2), (98.4, 45.2), (98.4, 45.2), (98.4, 45.2), (98.4, 45.2), (98.4, 45.2), (98.4, 45.2), (98.4, 45.2), (98.4, 45.2), (98.4, 45.2), (98.4, 45.2), (98.4, 45.2), (98.4, 45.2), (98.4, 45.2), (98.4, 45.2), (98.4, 45.2)]",0,2.55
speedrunner,bomberman,2,Stuck,0,0,0.0,0.0,"[(48.0, 48.0), (48.0, 48.0), (48.0, 48.0), (48.0, 48.0), (48.0, 48.0), (48.0, 48.0), (48.0, 48.0), (48.0, 48.0), (48.0, 48.0), (48.0, 48.0), (48.0, 48.0), (48.0, 48.0), (48.0, 48.0), (48.0, 48.0), (48.0, 48.0), (48.0, 48.0), (48.0, 48.0), (48.0, 48.0), (48.0, 48.0), (48.0, 48.0), (48.0, 48.0), (48.0, 48.0), (48.0, 48.0), (48.0, 48.0), (48.0, 48.0), (48.0, 48.0), (48.0, 48.0), (48.0, 48.0), (48.0, 48.0), (48.0, 48.0), (48.0, 48.0), (48.0, 48.0), (48.0, 48.0), (48.0, 48.0), (48.0, 48.0), (48.0, 48.0), (48.0, 48.0), (48.0, 48.0)]",0,5.0
speedrunner,bomberman,2,Bomb,1,0,0.0,0.0,"[(48.0, 48.0), (48.0, 48.0), (48.0, 48.0), (48.0, 48.0), (48.0, 48.0), (48.0, 48.0), (48.0, 48.0), (48.0, 48.0), (48.0, 48.0), (48.0, 48.0), (48.0, 48.0), (48.0, 48.0), (48.0, 48.0), (48.0, 48.0), (48.0, 48.0), (48.0, 48.0), (48.0, 48.0), (48.0, 48.0), (48.0, 48.0)]",0,2.5
speedrunner,bomberman,2,Bomb,1,0,49.65,0.37,"[(48.0, 48.0), (48.0, 45.2), (50.8, 45.2), (73.2, 50.8), (98.4, 45.2), (98.4, 45.2), (98.4, 45.2), (98.4, 45.2), (98.4, 45.2), (98.4, 45.2), (98.4, 45.2), (98.4, 45.2), (104.0, 45.2), (126.4, 45.2), (148.8, 45.2), (171.2, 45.2), (193.6, 45.2), (216.0, 45.2), (238.4, 45.2), (258.0, 45.2), (286.0, 50.8), (308.4, 45.2), (330.8, 45.2), (353.2, 45.2), (375.6, 45.2), (398.0, 45.2), (420.4, 45.2), (434.4, 45.2), (434.4, 45.2), (434.4, 45.2), (434.4, 45.2), (434.4, 45.2), (434.4, 45.2), (434.4, 45.2), (434.4, 45.2), (434.4, 45.2), (434.4, 45.2), (434.4, 45.2), (434.4, 45.2), (434.4, 45.2), (434.4, 45.2), (434.4, 45.2), (434.4, 45.2), (434.4, 45.2), (434.4, 45.2), (434.4, 45.2), (434.4, 45.2), (434.4, 45.2), (434.4, 45.2), (434.4, 45.2), (434.4, 45.2), (434.4, 45.2), (434.4, 45.2), (434.4, 45.2), (434.4, 45.2), (434.4, 45.2), (434.4, 45.2)]",0,7.5
speedrunner,bomberman,2,Stuck,0,0,0.0,0.37,"[(48.0, 48.0), (48.0, 70.4), (48.0, 92.8), (48.0, 115.2), (48.0, 137.6), (48.0, 160.0), (48.0, 182.4), (48.0, 204.8), (48.0, 227.2), (48.0, 249.6), (48.0, 272.0), (48.0, 294.4), (48.0, 316.8), (48.0, 339.2), (48.0, 361.6), (48.0, 372.8), (48.0, 372.8), (48.0, 372.8), (48.0, 372.8), (48.0, 372.8), (48.0, 372.8), (48.0, 372.8), (48.0, 372.8), (48.0, 372.8), (48.0, 372.8), (48.0, 372.8), (48.0, 372.8), (48.0, 372.8), (48.0, 372.8), (48.0, 372.8), (48.0, 372.8), (48.0, 372.8), (48.0, 372.8), (48.0, 372.8), (48.0, 372.8), (48.0, 372.8), (48.0, 372.8), (48.0, 372.8), (48.0, 372.8), (48.0, 372.8), (48.0, 372.8), (48.0, 372.8), (48.0, 372.8), (48.0, 372.8), (48.0, 372.8), (48.0, 372.8), (48.0, 372.8), (48.0, 372.8), (48.0, 372.8), (48.0, 372.8), (48.0, 372.8), (48.0, 372.8)]",0,6.82
speedrunner,bomberman,2,Stuck,0,0,56.68,0.37,"[(48.0, 48.0), (70.4, 45.2), (92.8, 45.2), (115.2, 45.2), (137.6, 45.2), (160.0, 45.2), (182.4, 45.2), (204.8, 45.2), (227.2, 45.2), (249.6, 45.2), (272.0, 45.2), (294.4, 45.2), (316.8, 45.2), (339.2, 45.2), (361.6, 45.2), (384.0, 45.2), (406.4, 45.2), (428.8, 45.2), (434.4, 45.2), (434.4, 45.2), (434.4, 45.2), (434.4, 45.2), (434.4, 45.2), (434.4, 45.2), (434.4, 45.2), (434.4, 45.2), (434.4, 45.2), (434.4, 45.2), (434.4, 45.2), (434.4, 45.2), (434.4, 45.2), (434.4, 45.2), (434.4, 45.2), (434.4, 45.2), (434.4, 45.2), (434.4, 45.2), (434.4, 45.2), (434.4, 45.2), (434.4, 45.2), (434.4, 45.2), (434.4, 45.2), (434.4, 45.2), (434.4, 45.2), (434.4, 45.2), (434.4, 45.2), (434.4, 45.2), (434.4, 45.2), (434.4, 45.2), (434.4, 45.2), (434.4, 45.2), (434.4, 45.2), (434.4, 45.2)]",0,6.82
speedrunner,bomberman,2,Stuck,0,0,0.0,0.0,"[(48.0, 48.0), (48.0, 45.2), (48.0, 45.2), (48.0, 45.2), (48.0, 45.2), (48.0, 45.2), (48.0, 45.2), (48.0, 45.2), (48.0, 45.2), (48.0, 45.2), (48.0, 45.2), (48.0, 45.2), (48.0, 45.2), (48.0, 45.2), (48.0, 45.2), (48.0, 45.2), (48.0, 45.2), (48.0, 45.2), (48.0, 45.2), (48.0, 45.2), (48.0, 45.2), (48.0, 45.2), (48.0, 45.2), (48.0, 45.2), (48.0, 45.2), (48.0, 45.2), (48.0, 45.2), (48.0, 45.2), (48.0, 45.2), (48.0, 45.2), (48.0, 45.2), (48.0, 45.2), (48.0, 45.2), (48.0, 45.2), (48.0, 45.2), (48.0, 45.2), (48.0, 45.2), (48.0, 45.2)]",0,5.0
speedrunner,bomberman,2,Stuck,0,0,0.0,0.037,"[(48.0, 48.0), (48.0, 64.8), (48.0, 64.8), (48.0, 64.8), (48.0, 64.8), (48.0, 64.8), (48.0, 64.8), (48.0, 64.8), (48.0, 64.8), (48.0, 64.8), (48.0, 64.8), (48.0, 64.8), (48.0, 64.8), (48.0, 64.8), (48.0, 64.8), (48.0, 64.8), (48.0, 64.8), (48.0, 64.8), (48.0, 64.8), (48.0, 64.8), (48.0, 64.8), (48.0, 64.8), (48.0, 64.8), (48.0, 64.8), (48.0, 64.8), (48.0, 64.8), (48.0, 64.8), (48.0, 64.8), (48.0, 64.8), (48.0, 64.8), (48.0, 64.8), (48.0, 64.8), (48.0, 64.8), (48.0, 64.8), (48.0, 64.8), (48.0, 64.8), (48.0, 64.8), (48.0, 64.8), (48.0, 64.8)]",0,5.1
speedrunner,bomberman,2,Bomb,1,0,49.65,0.37,"[(48.0, 48.0), (48.0, 45.2), (50.8, 45.2), (73.2, 50.8), (98.4, 45.2), (98.4, 45.2), (98.4, 45.2), (98.4, 45.2), (98.4, 45.2), (98.4, 45.2), (98.4, 45.2), (98.4, 45.2), (104.0, 45.2), (126.4, 45.2), (148.8, 45.2), (171.2, 45.2), (193.6, 45.2), (216.0, 45.2), (238.4, 45.2), (258.0, 45.2), (286.0, 50.8), (308.4, 45.2), (330.8, 45.2), (353.2, 45.2), (375.6, 45.2), (398.0, 45.2), (420.4, 45.2), (434.4, 45.2), (434.4, 45.2), (434.4, 45.2), (434.4, 45.2), (434.4, 45.2), (434.4, 45.2), (434.4, 45.2), (434.4, 45.2), (434.4, 45.2), (434.4, 45.2), (434.4, 45.2), (434.4, 45.2), (434.4, 45.2), (434.4, 45.2), (434.4, 45.2), (434.4, 45.2), (434.4, 45.2), (434.4, 45.2), (434.4, 45.2), (434.4, 45.2), (434.4, 45.2), (434.4, 45.2), (434.4, 45.2), (434.4, 45.2), (434.4, 45.2), (434.4, 45.2), (434.4, 45.2), (434.4, 45.2), (434.4, 45.2), (434.4, 45.2)]",0,7.5
speedrunner,bomberman,2,Stuck,0,0,56.68,0.37,"[(48.0, 48.0), (70.4, 45.2), (92.8, 45.2), (115.2, 45.2), (137.6, 45.2), (160.0, 45.2), (182.4, 45.2), (204.8, 45.2), (227.2, 45.2), (249.6, 45.2), (272.0, 45.2), (294.4, 45.2), (316.8, 45.2), (339.2, 45.2), (361.6, 45.2), (384.0, 45.2), (406.4, 45.2), (428.8, 45.2), (434.4, 45.2), (434.4, 45.2), (434.4, 45.2), (434.4, 45.2), (434.4, 45.2), (434.4, 45.2), (434.4, 45.2), (434.4, 45.2), (434.4, 45.2), (434.4, 45.2), (434.4, 45.2), (434.4, 45.2), (434.4, 45.2), (434.4, 45.2), (434.4, 45.2), (434.4, 45.2), (434.4, 45.2), (434.4, 45.2), (434.4, 45.2), (434.4, 45.2), (434.4, 45.2), (434.4, 45.2), (434.4, 45.2), (434.4, 45.2), (434.4, 45.2), (434.4, 45.2), (434.4, 45.2), (434.4, 45.2), (434.4, 45.2), (434.4, 45.2), (434.4, 45.2), (434.4, 45.2), (434.4, 45.2), (434.4, 45.2)]",0,6.82
speedrunner,bomberman,2,Stuck,0,0,0.0,0.37,"[(48.0, 48.0), (48.0, 70.4), (48.0, 92.8), (48.0, 115.2), (48.0, 137.6), (48.0, 160.0), (48.0, 182.4), (48.0, 204.8), (48.0, 227.2), (48.0, 249.6), (48.0, 272.0), (48.0, 294.4), (48.0, 316.8), (48.0, 339.2), (48.0, 361.6), (48.0, 372.8), (48.0, 372.8), (48.0, 372.8), (48.0, 372.8), (48.0, 372.8), (48.0, 372.8), (48.0, 372.8), (48.0, 372.8), (48.0, 372.8), (48.0, 372.8), (48.0, 372.8), (48.0, 372.8), (48.0, 372.8), (48.0, 372.8), (48.0, 372.8), (48.0, 372.8), (48.0, 372.8), (48.0, 372.8), (48.0, 372.8), (48.0, 372.8), (48.0, 372.8), (48.0, 372.8), (48.0, 372.8), (48.0, 372.8), (48.0, 372.8), (48.0, 372.8), (48.0, 372.8), (48.0, 372.8), (48.0, 372.8), (48.0, 372.8), (48.0, 372.8), (48.0, 372.8), (48.0, 372.8), (48.0, 372.8), (48.0, 372.8), (48.0, 372.8), (48.0, 372.8)]",0,6.82
speedrunner,bomberman,2,Stuck,0,0,56.68,0.37,"[(48.0, 48.0), (70.4, 45.2), (92.8, 45.2), (115.2, 45.2), (137.6, 45.2), (160.0, 45.2), (182.4, 45.2), (204.8, 45.2), (227.2, 45.2), (249.6, 45.2), (272.0, 45.2), (294.4, 45.2), (316.8, 45.2), (339.2, 45.2), (361.6, 45.2), (384.0, 45.2), (406.4, 45.2), (428.8, 45.2), (434.4, 45.2), (434.4, 45.2), (434.4, 45.2), (434.4, 45.2), (434.4, 45.2), (434.4, 45.2), (434.4, 45.2), (434.4, 45.2), (434.4, 45.2), (434.4, 45.2), (434.4, 45.2), (434.4, 45.2), (434.4, 45.2), (434.4, 45.2), (434.4, 45.2), (434.4, 45.2), (434.4, 45.2), (434.4, 45.2), (434.4, 45.2), (434.4, 45.2), (434.4, 45.2), (434.4, 45.2), (434.4, 45.2), (434.4, 45.2), (434.4, 45.2), (434.4, 45.2), (434.4, 45.2), (434.4, 45.2), (434.4, 45.2), (434.4, 45.2), (434.4, 45.2), (434.4, 45.2), (434.4, 45.2), (434.4, 45.2)]",0,6.82
speedrunner,bomberman,2,Stuck,0,0,10.92,0.111,"[(48.0, 48.0), (70.4, 50.8), (101.2, 50.8), (115.2, 59.2), (115.2, 64.8), (115.2, 62.0), (115.2, 59.2), (115.2, 64.8), (115.2, 62.0), (115.2, 59.2), (115.2, 64.8), (115.2, 62.0), (115.2, 59.2), (115.2, 64.8), (115.2, 62.0), (115.2, 59.2), (115.2, 64.8), (115.2, 62.0), (115.2, 59.2), (115.2, 64.8), (115.2, 62.0), (115.2, 59.2), (115.2, 64.8), (115.2, 62.0), (115.2, 59.2), (115.2, 64.8), (115.2, 62.0), (115.2, 59.2), (115.2, 64.8), (115.2, 62.0), (115.2, 59.2), (115.2, 64.8), (115.2, 62.0), (115.2, 59.2), (115.2, 64.8), (115.2, 62.0), (115.2, 59.2), (115.2, 64.8), (115.2, 62.0), (115.2, 59.2), (115.2, 64.8)]",0,5.38
speedrunner,bomberman,2,Bomb,1,0,59.36,0.519,"[(48.0, 48.0), (70.4, 45.2), (92.8, 45.2), (115.2, 45.2), (137.6, 45.2), (160.0, 45.2), (182.4, 45.2), (204.8, 50.8), (232.8, 50.8), (244.0, 70.4), (244.0, 92.8), (249.6, 115.2), (272.0, 115.2), (300.0, 118.0), (308.4, 140.4), (308.4, 162.8), (319.6, 179.6), (344.8, 179.6), (353.2, 179.6), (353.2, 179.6), (353.2, 179.6), (353.2, 179.6), (353.2, 179.6), (353.2, 179.6), (358.8, 179.6), (361.6, 179.6), (361.6, 179.6), (361.6, 179.6), (361.6, 179.6), (361.6, 179.6), (361.6, 179.6), (361.6, 179.6), (361.6, 179.6), (361.6, 179.6), (361.6, 179.6), (361.6, 179.6), (361.6, 179.6), (361.6, 179.6)]",0,5.0
speedrunner,bomberman,2,Stuck,0,0,0.0,0.0,"[(48.0, 48.0), (48.0, 45.2), (48.0, 45.2), (48.0, 45.2), (48.0, 45.2), (48.0, 45.2), (48.0, 45.2), (48.0, 45.2), (48.0, 45.2), (48.0, 45.2), (48.0, 45.2), (48.0, 45.2), (48.0, 45.2), (48.0, 45.2), (48.0, 45.2), (48.0, 45.2), (48.0, 45.2), (48.0, 45.2), (48.0, 45.2), (48.0, 45.2), (48.0, 45.2), (48.0, 45.2), (48.0, 45.2), (48.0, 45.2), (48.0, 45.2), (48.0, 45.2), (48.0, 45.2), (48.0, 45.2), (48.0, 45.2), (48.0, 45.2), (48.0, 45.2), (48.0, 45.2), (48.0, 45.2), (48.0, 45.2), (48.0, 45.2), (48.0, 45.2), (48.0, 45.2), (48.0, 45.2)]",0,5.0
speedrunner,bomberman,2,Bomb,3,0,48.16,0.37,"[(48.0, 48.0), (48.0, 45.2), (56.4, 45.2), (78.8, 50.8), (98.4, 45.2), (98.4, 45.2), (98.4, 45.2), (98.4, 45.2), (98.4, 45.2), (98.4, 45.2), (98.4, 45.2), (98.4, 45.2), (112.4, 45.2), (134.8, 50.8), (162.8, 48.0), (185.2, 45.2), (207.6, 45.2), (230.0, 45.2), (252.4, 45.2), (274.8, 45.2), (297.2, 45.2), (319.6, 45.2), (344.8, 50.8), (370.0, 45.2), (392.4, 45.2), (414.8, 45.2), (434.4, 45.2), (434.4, 45.2), (434.4, 45.2), (434.4, 45.2), (434.4, 45.2), (434.4, 45.2), (434.4, 45.2), (434.4, 45.2), (434.4, 45.2), (434.4, 45.2), (434.4, 45.2), (434.4, 45.2), (434.4, 56.4), (434.4, 56.4), (434.4, 45.2), (434.4, 45.2), (434.4, 45.2), (434.4, 45.2), (434.4, 45.2), (434.4, 45.2), (434.4, 45.2), (434.4, 45.2), (434.4, 45.2), (434.4, 45.2), (434.4, 45.2), (434.4, 45.2), (434.4, 45.2), (434.4, 45.2), (434.4, 45.2), (434.4, 45.2), (434.4, 45.2), (434.4, 45.2)]",0,7.62
speedrunner,bomberman,2,Bomb,1,0,3.36,0.259,"[(48.0, 48.0), (50.8, 70.4), (50.8, 101.2), (45.2, 123.6), (50.8, 146.0), (45.2, 174.0), (48.0, 196.4), (50.8, 224.4), (56.4, 244.0), (62.0, 241.2), (62.0, 241.2), (62.0, 241.2), (62.0, 241.2), (62.0, 241.2), (62.0, 241.2), (62.0, 241.2), (62.0, 241.2), (62.0, 241.2), (62.0, 241.2), (64.8, 244.0), (64.8, 244.0), (64.8, 244.0), (64.8, 244.0), (64.8, 244.0), (64.8, 244.0), (64.8, 244.0), (64.8, 244.0), (64.8, 244.0), (64.8, 244.0), (64.8, 244.0), (64.8, 244.0), (64.8, 244.0), (64.8, 244.0), (64.8, 244.0), (64.8, 244.0), (64.8, 244.0), (64.8, 244.0), (64.8, 244.0)]",0,5.0
speedrunner,bomberman,2,Stuck,0,0,0.0,0.185,"[(48.0, 48.0), (48.0, 70.4), (48.0, 92.8), (48.0, 115.2), (48.0, 137.6), (48.0, 160.0), (48.0, 182.4), (48.0, 193.6), (48.0, 193.6), (48.0, 193.6), (48.0, 193.6), (48.0, 193.6), (48.0, 193.6), (48.0, 193.6), (48.0, 193.6), (48.0, 193.6), (48.0, 193.6), (48.0, 193.6), (48.0, 193.6), (48.0, 193.6), (48.0, 193.6), (48.0, 193.6), (48.0, 193.6), (48.0, 193.6), (48.0, 193.6), (48.0, 193.6), (48.0, 193.6), (48.0, 193.6), (48.0, 193.6), (48.0, 193.6), (48.0, 193.6), (48.0, 193.6), (48.0, 193.6), (48.0, 193.6), (48.0, 193.6), (48.0, 193.6), (48.0, 193.6), (48.0, 193.6), (48.0, 193.6), (48.0, 193.6), (48.0, 193.6), (48.0, 193.6), (48.0, 193.6), (48.0, 193.6), (48.0, 193.6)]",0,5.87
speedrunner,bomberman,2,Bomb,1,0,59.36,0.519,"[(48.0, 48.0), (70.4, 45.2), (92.8, 45.2), (115.2, 45.2), (137.6, 45.2), (160.0, 45.2), (182.4, 45.2), (204.8, 50.8), (232.8, 50.8), (244.0, 70.4), (244.0, 92.8), (249.6, 115.2), (272.0, 115.2), (300.0, 118.0), (308.4, 140.4), (308.4, 162.8), (319.6, 179.6), (344.8, 179.6), (353.2, 179.6), (353.2, 179.6), (353.2, 179.6), (353.2, 179.6), (353.2, 179.6), (353.2, 179.6), (358.8, 179.6), (361.6, 179.6), (361.6, 179.6), (361.6, 179.6), (361.6, 179.6), (361.6, 179.6), (361.6, 179.6), (361.6, 179.6), (361.6, 179.6), (361.6, 179.6), (361.6, 179.6), (361.6, 179.6), (361.6, 179.6), (361.6, 179.6)]",0,5.0
speedrunner,bomberman,2,Bomb,3,0,48.16,0.37,"[(48.0, 48.0), (48.0, 45.2), (56.4, 45.2), (78.8, 50.8), (98.4, 45.2), (98.4, 45.2), (98.4, 45.2), (98.4, 45.2), (98.4, 45.2), (98.4, 45.2), (98.4, 45.2), (98.4, 45.2), (112.4, 45.2), (134.8, 50.8), (162.8, 48.0), (185.2, 45.2), (207.6, 45.2), (230.0, 45.2), (252.4, 45.2), (274.8, 45.2), (297.2, 45.2), (319.6, 45.2), (344.8, 50.8), (370.0, 45.2), (392.4, 45.2), (414.8, 45.2), (434.4, 45.2), (434.4, 45.2), (434.4, 45.2), (434.4, 45.2), (434.4, 45.2), (434.4, 45.2), (434.4, 45.2), (434.4, 45.2), (434.4, 45.2), (434.4, 45.2), (434.4, 45.2), (434.4, 45.2), (434.4, 56.4), (434.4, 56.4), (434.4, 45.2), (434.4, 45.2), (434.4, 45.2), (434.4, 45.2), (434.4, 45.2), (434.4, 45.2), (434.4, 45.2), (434.4, 45.2), (434.4, 45.2), (434.4, 45.2), (434.4, 45.2), (434.4, 45.2), (434.4, 45.2), (434.4, 45.2), (434.4, 45.2), (434.4, 45.2), (434.4, 45.2), (434.4, 45.2)]",0,7.62
speedrunner,bomberman,2,Bomb,1,0,49.65,0.37,"[(48.0, 48.0), (48.0, 45.2), (50.8, 45.2), (73.2, 50.8), (98.4, 45.2), (98.4, 45.2), (98.4, 45.2), (98.4, 45.2), (98.4, 45.2), (98.4, 45.2), (98.4, 45.2), (98.4, 45.2), (104.0, 45.2), (126.4, 45.2), (148.8, 45.2), (171.2, 45.2), (193.6, 45.2), (216.0, 45.2), (238.4, 45.2), (258.0, 45.2), (286.0, 50.8), (308.4, 45.2), (330.8, 45.2), (353.2, 45.2), (375.6, 45.2), (398.0, 45.2), (420.4, 45.2), (434.4, 45.2), (434.4, 45.2), (434.4, 45.2), (434.4, 45.2), (434.4, 45.2), (434.4, 45.2), (434.4, 45.2), (434.4, 45.2), (434.4, 45.2), (434.4, 45.2), (434.4, 45.2), (434.4, 45.2), (434.4, 45.2), (434.4, 45.2), (434.4, 45.2), (434.4, 45.2), (434.4, 45.2), (434.4, 45.2), (434.4, 45.2), (434.4, 45.2), (434.4, 45.2), (434.4, 45.2), (434.4, 45.2), (434.4, 45.2), (434.4, 45.2), (434.4, 45.2), (434.4, 45.2), (434.4, 45.2), (434.4, 45.2), (434.4, 45.2)]",0,7.5
speedrunner,bomberman,2,Stuck,0,0,56.68,0.37,"[(48.0, 48.0), (70.4, 45.2), (92.8, 45.2), (115.2, 45.2), (137.6, 45.2), (160.0, 45.2), (182.4, 45.2), (204.8, 45.2), (227.2, 45.2), (249.6, 45.2), (272.0, 45.2), (294.4, 45.2), (316.8, 45.2), (339.2, 45.2), (361.6, 45.2), (384.0, 45.2), (406.4, 45.2), (428.8, 45.2), (434.4, 45.2), (434.4, 45.2), (434.4, 45.2), (434.4, 45.2), (434.4, 45.2), (434.4, 45.2), (434.4, 45.2), (434.4, 45.2), (434.4, 45.2), (434.4, 45.2), (434.4, 45.2), (434.4, 45.2), (434.4, 45.2), (434.4, 45.2), (434.4, 45.2), (434.4, 45.2), (434.4, 45.2), (434.4, 45.2), (434.4, 45.2), (434.4, 45.2), (434.4, 45.2), (434.4, 45.2), (434.4, 45.2), (434.4, 45.2), (434.4, 45.2), (434.4, 45.2), (434.4, 45.2), (434.4, 45.2), (434.4, 45.2), (434.4, 45.2), (434.4, 45.2), (434.4, 45.2), (434.4, 45.2), (434.4, 45.2)]",0,6.82
speedrunner,bomberman,2,Bomb,1,0,28.56,0.519,"[(48.0, 48.0), (48.0, 64.8), (48.0, 87.2), (48.0, 109.6), (48.0, 132.0), (48.0, 154.4), (48.0, 176.8), (48.0, 199.2), (48.0, 221.6), (48.0, 244.0), (48.0, 266.4), (48.0, 288.8), (48.0, 311.2), (48.0, 333.6), (50.8, 356.0), (64.8, 372.8), (87.2, 372.8), (109.6, 372.8), (132.0, 372.8), (154.4, 372.8), (176.8, 372.8), (190.8, 372.8), (190.8, 372.8), (190.8, 372.8), (190.8, 372.8), (190.8, 372.8), (190.8, 372.8), (190.8, 372.8), (190.8, 372.8), (190.8, 372.8), (190.8, 372.8), (190.8, 372.8), (190.8, 372.8), (190.8, 372.8), (190.8, 372.8), (190.8, 372.8), (190.8, 372.8), (190.8, 372.8)]",0,5.0
speedrunner,bomberman,2,Bomb,4,0,28.74,0.37,"[(48.0, 48.0), (48.0, 64.8), (50.8, 64.8), (50.8, 64.8), (50.8, 64.8), (50.8, 64.8), (50.8, 64.8), (50.8, 64.8), (50.8, 62.0), (50.8, 59.2), (50.8, 64.8), (50.8, 90.0), (50.8, 112.4), (50.8, 118.0), (50.8, 118.0), (50.8, 129.2), (50.8, 129.2), (50.8, 129.2), (50.8, 129.2), (50.8, 129.2), (50.8, 129.2), (50.8, 129.2), (50.8, 129.2), (53.6, 115.2), (76.0, 115.2), (98.4, 109.6), (98.4, 109.6), (98.4, 109.6), (98.4, 109.6), (98.4, 109.6), (98.4, 109.6), (98.4, 109.6), (98.4, 109.6), (98.4, 109.6), (98.4, 109.6), (98.4, 109.6), (98.4, 109.6), (98.4, 109.6), (98.4, 109.6), (115.2, 98.4), (115.2, 76.0), (115.2, 64.8), (115.2, 62.0), (115.2, 59.2), (115.2, 64.8), (115.2, 62.0), (115.2, 59.2), (123.6, 45.2), (146.0, 50.8), (174.0, 45.2), (196.4, 48.0), (224.4, 50.8), (246.8, 45.2), (269.2, 45.2), (291.6, 45.2), (314.0, 45.2), (336.4, 45.2), (356.0, 45.2), (378.4, 45.2), (400.8, 48.0), (417.6, 45.2), (417.6, 45.2), (417.6, 45.2), (417.6, 45.2), (417.6, 45.2), (417.6, 45.2), (417.6, 45.2), (417.6, 45.2), (417.6, 45.2), (417.6, 45.2), (417.6, 45.2), (417.6, 45.2), (417.6, 50.8), (417.6, 50.8), (417.6, 50.8), (417.6, 50.8), (426.0, 45.2), (434.4, 45.2), (434.4, 45.2), (434.4, 45.2), (434.4, 45.2), (434.4, 45.2), (434.4, 45.2), (434.4, 45.2), (434.4, 45.2), (434.4, 45.2), (434.4, 45.2), (434.4, 45.2), (434.4, 45.2), (434.4, 45.2), (434.4, 45.2), (434.4, 45.2), (434.4, 45.2), (434.4, 45.2), (434.4, 45.2)]",0,12.57
speedrunner,bomberman,2,Bomb,1,0,23.52,0.926,"[(48.0, 48.0), (67.6, 50.8), (98.4, 50.8), (115.2, 64.8), (115.2, 62.0), (115.2, 59.2), (115.2, 64.8), (115.2, 62.0), (115.2, 59.2), (115.2, 64.8), (115.2, 62.0), (115.2, 59.2), (115.2, 64.8), (115.2, 62.0), (115.2, 59.2), (115.2, 64.8), (115.2, 62.0), (115.2, 59.2), (115.2, 64.8), (115.2, 64.8), (115.2, 62.0), (115.2, 59.2), (115.2, 64.8), (115.2, 62.0), (115.2, 59.2), (115.2, 81.6), (118.0, 112.4), (140.4, 115.2), (168.4, 115.2), (179.6, 126.4), (179.6, 123.6), (179.6, 129.2), (179.6, 126.4), (179.6, 123.6), (179.6, 129.2), (179.6, 126.4), (179.6, 123.6), (179.6, 129.2), (179.6, 134.8), (179.6, 140.4), (179.6, 140.4), (179.6, 140.4), (179.6, 140.4), (179.6, 140.4), (179.6, 140.4), (179.6, 165.6), (193.6, 179.6), (221.6, 179.6), (244.0, 188.0), (244.0, 210.4), (244.0, 238.4), (266.4, 244.0), (294.4, 244.0), (308.4, 263.6), (308.4, 291.6), (322.4, 308.4), (350.4, 308.4), (372.8, 319.6), (372.8, 342.0), (372.8, 364.4), (372.8, 372.8), (372.8, 372.8), (372.8, 372.8), (372.8, 372.8), (372.8, 372.8), (372.8, 372.8), (372.8, 372.8), (372.8, 372.8), (372.8, 372.8), (372.8, 372.8), (372.8, 372.8), (372.8, 372.8), (372.8, 372.8), (372.8, 372.8), (372.8, 372.8), (372.8, 372.8), (372.8, 372.8), (372.8, 372.8), (372.8, 372.8), (372.8, 372.8), (372.8, 372.8), (372.8, 372.8), (372.8, 372.8), (372.8, 372.8), (372.8, 372.8), (372.8, 372.8), (372.8, 372.8), (372.8, 372.8), (372.8, 372.8), (372.8, 372.8), (372.8, 372.8), (372.8, 372.8), (372.8, 372.8), (372.8, 372.8)]",0,12.5
speedrunner,bomberman,2,Bomb,2,0,33.92,0.37,"[(48.0, 48.0), (70.4, 50.8), (101.2, 50.8), (115.2, 59.2), (115.2, 64.8), (115.2, 62.0), (115.2, 59.2), (115.2, 64.8), (115.2, 62.0), (115.2, 59.2), (115.2, 64.8), (115.2, 62.0), (115.2, 59.2), (115.2, 64.8), (115.2, 62.0), (115.2, 59.2), (115.2, 64.8), (115.2, 45.2), (115.2, 45.2), (115.2, 45.2), (134.8, 50.8), (162.8, 50.8), (179.6, 64.8), (179.6, 62.0), (179.6, 59.2), (179.6, 64.8), (179.6, 62.0), (179.6, 59.2), (179.6, 64.8), (179.6, 62.0), (179.6, 59.2), (193.6, 45.2), (221.6, 50.8), (244.0, 45.2), (266.4, 50.8), (294.4, 45.2), (316.8, 45.2), (339.2, 50.8), (367.2, 45.2), (389.6, 50.8), (412.0, 45.2), (434.4, 45.2), (434.4, 45.2), (434.4, 45.2), (434.4, 45.2), (434.4, 45.2), (434.4, 45.2), (434.4, 45.2), (434.4, 45.2), (434.4, 45.2), (434.4, 45.2), (434.4, 45.2), (434.4, 45.2), (434.4, 45.2), (434.4, 45.2), (434.4, 45.2), (434.4, 45.2), (434.4, 45.2), (434.4, 45.2), (434.4, 45.2), (434.4, 45.2), (434.4, 45.2), (434.4, 45.2), (434.4, 45.2), (434.4, 45.2), (434.4, 45.2), (434.4, 45.2), (434.4, 45.2), (434.4, 45.2), (434.4, 45.2), (434.4, 45.2), (434.4, 45.2), (434.4, 45.2), (434.4, 45.2), (434.4, 45.2), (434.4, 45.2), (434.4, 45.2), (434.4, 45.2), (434.4, 45.2)]",0,10.48
speedrunner,bomberman,2,Bomb,1,0,1.12,0.074,"[(48.0, 48.0), (50.8, 70.4), (50.8, 101.2), (53.6, 115.2), (53.6, 115.2), (53.6, 115.2), (53.6, 115.2), (53.6, 115.2), (53.6, 115.2), (53.6, 115.2), (53.6, 115.2), (53.6, 115.2), (53.6, 115.2), (53.6, 115.2), (53.6, 115.2), (53.6, 115.2), (53.6, 115.2), (53.6, 115.2), (53.6, 115.2), (53.6, 115.2), (53.6, 115.2), (53.6, 115.2), (53.6, 115.2), (53.6, 115.2), (53.6, 115.2), (53.6, 115.2), (53.6, 115.2), (53.6, 115.2), (53.6, 115.2), (53.6, 115.2), (53.6, 115.2), (53.6, 115.2), (53.6, 115.2), (53.6, 115.2), (53.6, 115.2), (53.6, 115.2), (53.6, 115.2), (53.6, 115.2)]",0,5.0
speedrunner,bomberman,2,Bomb,1,0,25.76,0.37,"[(48.0, 48.0), (48.0, 45.2), (48.0, 45.2), (56.4, 45.2), (78.8, 45.2), (98.4, 45.2), (98.4, 45.2), (98.4, 45.2), (98.4, 45.2), (98.4, 45.2), (98.4, 45.2), (98.4, 45.2), (98.4, 45.2), (98.4, 45.2), (98.4, 45.2), (98.4, 45.2), (98.4, 45.2), (98.4, 45.2), (98.4, 45.2), (101.2, 45.2), (123.6, 45.2), (146.0, 45.2), (160.0, 45.2), (160.0, 45.2), (160.0, 45.2), (160.0, 45.2), (160.0, 45.2), (160.0, 45.2), (160.0, 45.2), (160.0, 45.2), (160.0, 45.2), (160.0, 45.2), (160.0, 45.2), (160.0, 45.2), (160.0, 45.2), (182.4, 45.2), (204.8, 45.2), (227.2, 45.2), (246.8, 45.2), (269.2, 45.2), (288.8, 45.2), (288.8, 45.2), (288.8, 45.2), (288.8, 45.2), (288.8, 45.2), (288.8, 45.2), (288.8, 45.2), (288.8, 45.2), (288.8, 45.2), (288.8, 45.2), (288.8, 45.2), (288.8, 45.2), (288.8, 45.2), (288.8, 45.2), (288.8, 45.2), (288.8, 45.2), (288.8, 45.2), (302.8, 45.2), (325.2, 45.2), (347.6, 45.2), (353.2, 45.2), (353.2, 45.2), (353.2, 45.2), (353.2, 45.2), (353.2, 45.2), (353.2, 45.2), (353.2, 45.2), (353.2, 45.2), (353.2, 45.2), (353.2, 45.2), (353.2, 45.2), (353.2, 45.2), (353.2, 45.2), (353.2, 45.2), (353.2, 45.2), (353.2, 45.2), (372.8, 45.2), (395.2, 45.2), (417.6, 45.2), (417.6, 45.2), (417.6, 45.2), (417.6, 45.2), (417.6, 45.2), (417.6, 45.2), (417.6, 45.2), (417.6, 45.2), (417.6, 45.2), (417.6, 45.2), (417.6, 45.2), (417.6, 45.2), (417.6, 45.2), (417.6, 45.2), (417.6, 45.2), (417.6, 45.2), (417.6, 45.2), (434.4, 45.2), (434.4, 45.2), (434.4, 45.2), (434.4, 45.2), (434.4, 45.2), (434.4, 45.2), (434.4, 45.2), (434.4, 45.2), (434.4, 45.2), (434.4, 45.2), (434.4, 45.2), (434.4, 45.2), (434.4, 45.2), (434.4, 45.2), (434.4, 45.2), (434.4, 45.2), (434.4, 45.2), (434.4, 45.2)]",0,15.0
speedrunner,bomberman,2,Bomb,1,0,23.52,0.926,"[(48.0, 48.0), (67.6, 50.8), (98.4, 50.8), (115.2, 64.8), (115.2, 62.0), (115.2, 59.2), (115.2, 64.8), (115.2, 62.0), (115.2, 59.2), (115.2, 64.8), (115.2, 62.0), (115.2, 59.2), (115.2, 64.8), (115.2, 62.0), (115.2, 59.2), (115.2, 64.8), (115.2, 62.0), (115.2, 59.2), (115.2, 64.8), (115.2, 64.8), (115.2, 62.0), (115.2, 59.2), (115.2, 64.8), (115.2, 62.0), (115.2, 59.2), (115.2, 81.6), (118.0, 112.4), (140.4, 115.2), (168.4, 115.2), (179.6, 126.4), (179.6, 123.6), (179.6, 129.2), (179.6, 126.4), (179.6, 123.6), (179.6, 129.2), (179.6, 126.4), (179.6, 123.6), (179.6, 129.2), (179.6, 134.8), (179.6, 140.4), (179.6, 140.4), (179.6, 140.4), (179.6, 140.4), (179.6, 140.4), (179.6, 140.4), (179.6, 165.6), (193.6, 179.6), (221.6, 179.6), (244.0, 188.0), (244.0, 210.4), (244.0, 238.4), (266.4, 244.0), (294.4, 244.0), (308.4, 263.6), (308.4, 291.6), (322.4, 308.4), (350.4, 308.4), (372.8, 319.6), (372.8, 342.0), (372.8, 364.4), (372.8, 372.8), (372.8, 372.8), (372.8, 372.8), (372.8, 372.8), (372.8, 372.8), (372.8, 372.8), (372.8, 372.8), (372.8, 372.8), (372.8, 372.8), (372.8, 372.8), (372.8, 372.8), (372.8, 372.8), (372.8, 372.8), (372.8, 372.8), (372.8, 372.8), (372.8, 372.8), (372.8, 372.8), (372.8, 372.8), (372.8, 372.8), (372.8, 372.8), (372.8, 372.8), (372.8, 372.8), (372.8, 372.8), (372.8, 372.8), (372.8, 372.8), (372.8, 372.8), (372.8, 372.8), (372.8, 372.8), (372.8, 372.8), (372.8, 372.8), (372.8, 372.8), (372.8, 372.8), (372.8, 372.8), (372.8, 372.8)]",0,12.5
speedrunner,bomberman,2,Bomb,1,0,28.56,0.519,"[(48.0, 48.0), (48.0, 64.8), (48.0, 87.2), (48.0, 109.6), (48.0, 132.0), (48.0, 154.4), (48.0, 176.8), (48.0, 199.2), (48.0, 221.6), (48.0, 244.0), (48.0, 266.4), (48.0, 288.8), (48.0, 311.2), (48.0, 333.6), (50.8, 356.0), (64.8, 372.8), (87.2, 372.8), (109.6, 372.8), (132.0, 372.8), (154.4, 372.8), (176.8, 372.8), (190.8, 372.8), (190.8, 372.8), (190.8, 372.8), (190.8, 372.8), (190.8, 372.8), (190.8, 372.8), (190.8, 372.8), (190.8, 372.8), (190.8, 372.8), (190.8, 372.8), (190.8, 372.8), (190.8, 372.8), (190.8, 372.8), (190.8, 372.8), (190.8, 372.8), (190.8, 372.8), (190.8, 372.8)]",0,5.0
speedrunner,bomberman,2,Bomb,1,0,59.36,0.519,"[(48.0, 48.0), (70.4, 45.2), (92.8, 45.2), (115.2, 45.2), (137.6, 45.2), (160.0, 45.2), (182.4, 45.2), (204.8, 50.8), (232.8, 50.8), (244.0, 70.4), (244.0, 92.8), (249.6, 115.2), (272.0, 115.2), (300.0, 118.0), (308.4, 140.4), (308.4, 162.8), (319.6, 179.6), (344.8, 179.6), (353.2, 179.6), (353.2, 179.6), (353.2, 179.6), (353.2, 179.6), (353.2, 179.6), (353.2, 179.6), (358.8, 179.6), (361.6, 179.6), (361.6, 179.6), (361.6, 179.6), (361.6, 179.6), (361.6, 179.6), (361.6, 179.6), (361.6, 179.6), (361.6, 179.6), (361.6, 179.6), (361.6, 179.6), (361.6, 179.6), (361.6, 179.6), (361.6, 179.6)]",0,5.0
speedrunner,bomberman,2,Bomb,1,0,25.76,0.37,"[(48.0, 48.0), (48.0, 45.2), (48.0, 45.2), (56.4, 45.2), (78.8, 45.2), (98.4, 45.2), (98.4, 45.2), (98.4, 45.2), (98.4, 45.2), (98.4, 45.2), (98.4, 45.2), (98.4, 45.2), (98.4, 45.2), (98.4, 45.2), (98.4, 45.2), (98.4, 45.2), (98.4, 45.2), (98.4, 45.2), (98.4, 45.2), (101.2, 45.2), (123.6, 45.2), (146.0, 45.2), (160.0, 45.2), (160.0, 45.2), (160.0, 45.2), (160.0, 45.2), (160.0, 45.2), (160.0, 45.2), (160.0, 45.2), (160.0, 45.2), (160.0, 45.2), (160.0, 45.2), (160.0, 45.2), (160.0, 45.2), (160.0, 45.2), (182.4, 45.2), (204.8, 45.2), (227.2, 45.2), (246.8, 45.2), (269.2, 45.2), (288.8, 45.2), (288.8, 45.2), (288.8, 45.2), (288.8, 45.2), (288.8, 45.2), (288.8, 45.2), (288.8, 45.2), (288.8, 45.2), (288.8, 45.2), (288.8, 45.2), (288.8, 45.2), (288.8, 45.2), (288.8, 45.2), (288.8, 45.2), (288.8, 45.2), (288.8, 45.2), (288.8, 45.2), (302.8, 45.2), (325.2, 45.2), (347.6, 45.2), (353.2, 45.2), (353.2, 45.2), (353.2, 45.2), (353.2, 45.2), (353.2, 45.2), (353.2, 45.2), (353.2, 45.2), (353.2, 45.2), (353.2, 45.2), (353.2, 45.2), (353.2, 45.2), (353.2, 45.2), (353.2, 45.2), (353.2, 45.2), (353.2, 45.2), (353.2, 45.2), (372.8, 45.2), (395.2, 45.2), (417.6, 45.2), (417.6, 45.2), (417.6, 45.2), (417.6, 45.2), (417.6, 45.2), (417.6, 45.2), (417.6, 45.2), (417.6, 45.2), (417.6, 45.2), (417.6, 45.2), (417.6, 45.2), (417.6, 45.2), (417.6, 45.2), (417.6, 45.2), (417.6, 45.2), (417.6, 45.2), (417.6, 45.2), (434.4, 45.2), (434.4, 45.2), (434.4, 45.2), (434.4, 45.2), (434.4, 45.2), (434.4, 45.2), (434.4, 45.2), (434.4, 45.2), (434.4, 45.2), (434.4, 45.2), (434.4, 45.2), (434.4, 45.2), (434.4, 45.2), (434.4, 45.2), (434.4, 45.2), (434.4, 45.2), (434.4, 45.2), (434.4, 45.2)]",0,15.0
speedrunner,bomberman,2,Bomb,1,0,36.12,0.37,"[(48.0, 48.0), (70.4, 50.8), (101.2, 50.8), (115.2, 59.2), (115.2, 64.8), (115.2, 62.0), (115.2, 59.2), (115.2, 64.8), (115.2, 62.0), (115.2, 59.2), (115.2, 64.8), (115.2, 62.0), (115.2, 59.2), (115.2, 64.8), (115.2, 62.0), (115.2, 59.2), (115.2, 64.8), (115.2, 62.0), (115.2, 59.2), (115.2, 64.8), (115.2, 56.4), (120.8, 45.2), (143.2, 50.8), (171.2, 50.8), (179.6, 64.8), (179.6, 62.0), (179.6, 59.2), (179.6, 64.8), (179.6, 62.0), (179.6, 59.2), (179.6, 64.8), (179.6, 62.0), (179.6, 50.8), (202.0, 50.8), (230.0, 45.2), (252.4, 45.2), (274.8, 50.8), (302.8, 45.2), (325.2, 48.0), (347.6, 45.2), (370.0, 45.2), (392.4, 45.2), (414.8, 45.2), (434.4, 45.2), (434.4, 45.2), (434.4, 45.2), (434.4, 45.2), (434.4, 45.2), (434.4, 45.2), (434.4, 45.2), (434.4, 45.2), (434.4, 45.2), (434.4, 45.2), (434.4, 45.2), (434.4, 45.2), (434.4, 45.2), (434.4, 45.2), (434.4, 45.2), (434.4, 45.2), (434.4, 45.2), (434.4, 45.2), (434.4, 45.2), (434.4, 45.2), (434.4, 45.2), (434.4, 45.2), (434.4, 45.2), (434.4, 45.2), (434.4, 45.2), (434.4, 45.2), (434.4, 45.2), (434.4, 45.2), (434.4, 45.2), (434.4, 45.2), (434.4, 45.2), (434.4, 45.2), (434.4, 45.2)]",0,10.0
speedrunner,bomberman,2,Bomb,1,0,0.0,0.0,"[(48.0, 48.0), (48.0, 45.2), (48.0, 45.2), (48.0, 45.2), (48.0, 45.2), (48.0, 45.2), (48.0, 45.2), (48.0, 45.2), (48.0, 45.2), (48.0, 45.2), (48.0, 45.2), (48.0, 45.2), (48.0, 45.2), (48.0, 45.2), (48.0, 45.2), (48.0, 45.2), (48.0, 45.2), (48.0, 45.2), (48.0, 45.2)]",0,2.5
speedrunner,bomberman,2,Bomb,1,0,39.2,0.926,"[(48.0, 48.0), (70.4, 50.8), (101.2, 50.8), (115.2, 67.6), (115.2, 95.6), (126.4, 115.2), (151.6, 115.2), (176.8, 120.8), (179.6, 143.2), (179.6, 171.2), (199.2, 179.6), (227.2, 179.6), (244.0, 193.6), (244.0, 218.8), (249.6, 244.0), (272.0, 244.0), (300.0, 246.8), (308.4, 269.2), (308.4, 297.2), (328.0, 308.4), (356.0, 308.4), (372.8, 325.2), (372.8, 347.6), (372.8, 370.0), (372.8, 372.8), (372.8, 372.8), (372.8, 372.8), (372.8, 372.8), (372.8, 372.8), (372.8, 372.8), (372.8, 372.8), (372.8, 372.8), (372.8, 372.8), (372.8, 372.8), (372.8, 372.8), (372.8, 372.8), (372.8, 372.8), (372.8, 372.8), (372.8, 372.8), (372.8, 372.8), (372.8, 372.8), (372.8, 372.8), (372.8, 372.8), (372.8, 372.8), (372.8, 372.8), (372.8, 372.8), (372.8, 372.8), (372.8, 372.8), (372.8, 372.8), (372.8, 372.8), (372.8, 372.8), (372.8, 372.8), (372.8, 372.8), (372.8, 372.8), (372.8, 372.8), (372.8, 372.8), (372.8, 372.8)]",0,7.5
speedrunner,bomberman,2,Stuck,2,0,30.62,0.741,"[(48.0, 48.0), (50.8, 45.2), (50.8, 45.2), (50.8, 45.2), (50.8, 45.2), (50.8, 45.2), (50.8, 45.2), (50.8, 45.2), (50.8, 45.2), (50.8, 56.4), (50.8, 78.8), (50.8, 101.2), (50.8, 123.6), (50.8, 146.0), (50.8, 168.4), (50.8, 190.8), (50.8, 213.2), (50.8, 235.6), (50.8, 258.0), (50.8, 283.2), (59.2, 308.4), (81.6, 305.6), (106.8, 308.4), (115.2, 330.8), (115.2, 358.8), (132.0, 372.8), (154.4, 372.8), (176.8, 372.8), (199.2, 372.8), (221.6, 372.8), (244.0, 372.8), (266.4, 372.8), (288.8, 372.8), (311.2, 372.8), (333.6, 372.8), (356.0, 372.8), (372.8, 372.8), (372.8, 372.8), (372.8, 372.8), (372.8, 372.8), (372.8, 372.8), (372.8, 372.8), (372.8, 372.8), (372.8, 372.8), (372.8, 372.8), (372.8, 372.8), (372.8, 372.8), (372.8, 372.8), (372.8, 372.8), (372.8, 372.8), (372.8, 372.8), (372.8, 372.8), (372.8, 372.8), (372.8, 372.8), (372.8, 372.8), (372.8, 372.8), (372.8, 372.8), (372.8, 372.8), (372.8, 372.8), (372.8, 372.8), (372.8, 372.8), (372.8, 372.8), (372.8, 372.8), (372.8, 372.8), (372.8, 372.8), (372.8, 372.8), (372.8, 372.8), (372.8, 372.8), (372.8, 372.8), (372.8, 372.8), (372.8, 372.8), (372.8, 372.8), (372.8, 372.8), (372.8, 372.8), (372.8, 372.8), (372.8, 372.8), (372.8, 372.8), (372.8, 372.8), (372.8, 372.8)]",0,10.52
speedrunner,bomberman,2,Bomb,1,0,41.44,0.926,"[(48.0, 48.0), (48.0, 70.4), (48.0, 92.8), (48.0, 115.2), (48.0, 137.6), (48.0, 160.0), (48.0, 182.4), (48.0, 204.8), (48.0, 227.2), (62.0, 244.0), (87.2, 244.0), (115.2, 252.4), (115.2, 274.8), (115.2, 297.2), (134.8, 308.4), (162.8, 308.4), (179.6, 322.4), (179.6, 347.6), (188.0, 372.8), (210.4, 372.8), (232.8, 372.8), (255.2, 372.8), (277.6, 372.8), (300.0, 372.8), (322.4, 372.8), (344.8, 372.8), (367.2, 372.8), (372.8, 372.8), (372.8, 372.8), (372.8, 372.8), (372.8, 372.8), (372.8, 372.8), (372.8, 372.8), (372.8, 372.8), (372.8, 372.8), (372.8, 372.8), (372.8, 372.8), (372.8, 372.8), (372.8, 372.8), (372.8, 372.8), (372.8, 372.8), (372.8, 372.8), (372.8, 372.8), (372.8, 372.8), (372.8, 372.8), (372.8, 372.8), (372.8, 372.8), (372.8, 372.8), (372.8, 372.8), (372.8, 372.8), (372.8, 372.8), (372.8, 372.8), (372.8, 372.8), (372.8, 372.8), (372.8, 372.8), (372.8, 372.8), (372.8, 372.8)]",0,7.5
speedrunner,bomberman,2,Bomb,1,0,43.31,0.926,"[(48.0, 48.0), (48.0, 70.4), (48.0, 92.8), (48.0, 115.2), (48.0, 137.6), (48.0, 160.0), (48.0, 182.4), (48.0, 204.8), (48.0, 227.2), (48.0, 249.6), (48.0, 272.0), (48.0, 294.4), (50.8, 316.8), (50.8, 339.2), (50.8, 361.6), (70.4, 372.8), (92.8, 372.8), (115.2, 372.8), (137.6, 372.8), (160.0, 372.8), (182.4, 372.8), (204.8, 372.8), (227.2, 372.8), (249.6, 372.8), (272.0, 372.8), (294.4, 372.8), (316.8, 372.8), (339.2, 372.8), (361.6, 372.8), (372.8, 372.8), (372.8, 372.8), (372.8, 372.8), (372.8, 372.8), (372.8, 372.8), (372.8, 372.8), (372.8, 372.8), (372.8, 372.8), (372.8, 372.8), (372.8, 372.8), (372.8, 372.8), (372.8, 372.8), (372.8, 372.8), (372.8, 372.8), (372.8, 372.8), (372.8, 372.8), (372.8, 372.8), (372.8, 372.8), (372.8, 372.8), (372.8, 372.8), (372.8, 372.8), (372.8, 372.8), (372.8, 372.8), (372.8, 372.8), (372.8, 372.8), (372.8, 372.8), (372.8, 372.8), (372.8, 372.8)]",0,7.5
speedrunner,bomberman,2,Bomb,1,0,43.31,0.926,"[(48.0, 48.0), (48.0, 70.4), (48.0, 92.8), (48.0, 115.2), (48.0, 137.6), (48.0, 160.0), (48.0, 182.4), (48.0, 204.8), (48.0, 227.2), (48.0, 249.6), (48.0, 272.0), (48.0, 294.4), (50.8, 316.8), (50.8, 339.2), (50.8, 361.6), (70.4, 372.8), (92.8, 372.8), (115.2, 372.8), (137.6, 372.8), (160.0, 372.8), (182.4, 372.8), (204.8, 372.8), (227.2, 372.8), (249.6, 372.8), (272.0, 372.8), (294.4, 372.8), (316.8, 372.8), (339.2, 372.8), (361.6, 372.8), (372.8, 372.8), (372.8, 372.8), (372.8, 372.8), (372.8, 372.8), (372.8, 372.8), (372.8, 372.8), (372.8, 372.8), (372.8, 372.8), (372.8, 372.8), (372.8, 372.8), (372.8, 372.8), (372.8, 372.8), (372.8, 372.8), (372.8, 372.8), (372.8, 372.8), (372.8, 372.8), (372.8, 372.8), (372.8, 372.8), (372.8, 372.8), (372.8, 372.8), (372.8, 372.8), (372.8, 372.8), (372.8, 372.8), (372.8, 372.8), (372.8, 372.8), (372.8, 372.8), (372.8, 372.8), (372.8, 372.8)]",0,7.5
speedrunner,bomberman,2,Bomb,1,0,41.44,0.926,"[(48.0, 48.0), (48.0, 70.4), (48.0, 92.8), (48.0, 115.2), (48.0, 137.6), (48.0, 160.0), (48.0, 182.4), (48.0, 204.8), (48.0, 227.2), (62.0, 244.0), (87.2, 244.0), (115.2, 252.4), (115.2, 274.8), (115.2, 297.2), (134.8, 308.4), (162.8, 308.4), (179.6, 322.4), (179.6, 347.6), (188.0, 372.8), (210.4, 372.8), (232.8, 372.8), (255.2, 372.8), (277.6, 372.8), (300.0, 372.8), (322.4, 372.8), (344.8, 372.8), (367.2, 372.8), (372.8, 372.8), (372.8, 372.8), (372.8, 372.8), (372.8, 372.8), (372.8, 372.8), (372.8, 372.8), (372.8, 372.8), (372.8, 372.8), (372.8, 372.8), (372.8, 372.8), (372.8, 372.8), (372.8, 372.8), (372.8, 372.8), (372.8, 372.8), (372.8, 372.8), (372.8, 372.8), (372.8, 372.8), (372.8, 372.8), (372.8, 372.8), (372.8, 372.8), (372.8, 372.8), (372.8, 372.8), (372.8, 372.8), (372.8, 372.8), (372.8, 372.8), (372.8, 372.8), (372.8, 372.8), (372.8, 372.8), (372.8, 372.8), (372.8, 372.8)]",0,7.5
speedrunner,bomberman,2,Bomb,1,0,39.2,0.926,"[(48.0, 48.0), (70.4, 50.8), (101.2, 50.8), (115.2, 67.6), (115.2, 95.6), (126.4, 115.2), (151.6, 115.2), (176.8, 120.8), (179.6, 143.2), (179.6, 171.2), (199.2, 179.6), (227.2, 179.6), (244.0, 193.6), (244.0, 218.8), (249.6, 244.0), (272.0, 244.0), (300.0, 246.8), (308.4, 269.2), (308.4, 297.2), (328.0, 308.4), (356.0, 308.4), (372.8, 325.2), (372.8, 347.6), (372.8, 370.0), (372.8, 372.8), (372.8, 372.8), (372.8, 372.8), (372.8, 372.8), (372.8, 372.8), (372.8, 372.8), (372.8, 372.8), (372.8, 372.8), (372.8, 372.8), (372.8, 372.8), (372.8, 372.8), (372.8, 372.8), (372.8, 372.8), (372.8, 372.8), (372.8, 372.8), (372.8, 372.8), (372.8, 372.8), (372.8, 372.8), (372.8, 372.8), (372.8, 372.8), (372.8, 372.8), (372.8, 372.8), (372.8, 372.8), (372.8, 372.8), (372.8, 372.8), (372.8, 372.8), (372.8, 372.8), (372.8, 372.8), (372.8, 372.8), (372.8, 372.8), (372.8, 372.8), (372.8, 372.8), (372.8, 372.8)]",0,7.5
speedrunner,bomberman,2,Bomb,1,0,23.52,0.926,"[(48.0, 48.0), (67.6, 50.8), (98.4, 50.8), (115.2, 64.8), (115.2, 62.0), (115.2, 59.2), (115.2, 64.8), (115.2, 62.0), (115.2, 59.2), (115.2, 64.8), (115.2, 62.0), (115.2, 59.2), (115.2, 64.8), (115.2, 62.0), (115.2, 59.2), (115.2, 64.8), (115.2, 62.0), (115.2, 59.2), (115.2, 64.8), (115.2, 64.8), (115.2, 62.0), (115.2, 59.2), (115.2, 64.8), (115.2, 62.0), (115.2, 59.2), (115.2, 81.6), (118.0, 112.4), (140.4, 115.2), (168.4, 115.2), (179.6, 126.4), (179.6, 123.6), (179.6, 129.2), (179.6, 126.4), (179.6, 123.6), (179.6, 129.2), (179.6, 126.4), (179.6, 123.6), (179.6, 129.2), (179.6, 134.8), (179.6, 140.4), (179.6, 140.4), (179.6, 140.4), (179.6, 140.4), (179.6, 140.4), (179.6, 140.4), (179.6, 165.6), (193.6, 179.6), (221.6, 179.6), (244.0, 188.0), (244.0, 210.4), (244.0, 238.4), (266.4, 244.0), (294.4, 244.0), (308.4, 263.6), (308.4, 291.6), (322.4, 308.4), (350.4, 308.4), (372.8, 319.6), (372.8, 342.0), (372.8, 364.4), (372.8, 372.8), (372.8, 372.8), (372.8, 372.8), (372.8, 372.8), (372.8, 372.8), (372.8, 372.8), (372.8, 372.8), (372.8, 372.8), (372.8, 372.8), (372.8, 372.8), (372.8, 372.8), (372.8, 372.8), (372.8, 372.8), (372.8, 372.8), (372.8, 372.8), (372.8, 372.8), (372.8, 372.8), (372.8, 372.8), (372.8, 372.8), (372.8, 372.8), (372.8, 372.8), (372.8, 372.8), (372.8, 372.8), (372.8, 372.8), (372.8, 372.8), (372.8, 372.8), (372.8, 372.8), (372.8, 372.8), (372.8, 372.8), (372.8, 372.8), (372.8, 372.8), (372.8, 372.8), (372.8, 372.8), (372.8, 372.8)]",0,12.5
speedrunner,bomberman,2,Bomb,1,0,46.67,0.593,"[(48.0, 48.0), (70.4, 50.8), (101.2, 48.0), (123.6, 45.2), (146.0, 50.8), (174.0, 45.2), (196.4, 48.0), (224.4, 50.8), (244.0, 62.0), (244.0, 84.4), (244.0, 106.8), (263.6, 115.2), (291.6, 115.2), (308.4, 132.0), (308.4, 154.4), (311.2, 176.8), (333.6, 179.6), (361.6, 179.6), (372.8, 202.0), (372.8, 224.4), (381.2, 244.0), (403.6, 244.0), (431.6, 249.6), (434.4, 272.0), (434.4, 294.4), (434.4, 308.4), (434.4, 308.4), (434.4, 308.4), (434.4, 308.4), (434.4, 308.4), (434.4, 308.4), (434.4, 308.4), (434.4, 308.4), (434.4, 308.4), (434.4, 308.4), (434.4, 308.4), (434.4, 308.4), (434.4, 308.4), (434.4, 308.4), (434.4, 308.4), (434.4, 308.4), (434.4, 308.4), (434.4, 308.4), (434.4, 308.4), (434.4, 308.4), (434.4, 308.4), (434.4, 308.4), (434.4, 308.4), (434.4, 308.4), (434.4, 308.4), (434.4, 308.4), (434.4, 308.4), (434.4, 308.4), (434.4, 308.4), (434.4, 308.4), (434.4, 308.4), (434.4, 308.4)]",0,7.5
speedrunner,bomberman,2,Bomb,1,0,51.52,0.407,"[(48.0, 48.0), (70.4, 45.2), (92.8, 45.2), (115.2, 45.2), (137.6, 45.2), (160.0, 45.2), (182.4, 45.2), (204.8, 45.2), (227.2, 45.2), (249.6, 45.2), (272.0, 45.2), (294.4, 45.2), (316.8, 45.2), (339.2, 45.2), (361.6, 45.2), (372.8, 62.0), (372.8, 62.0), (372.8, 62.0), (372.8, 62.0), (372.8, 62.0), (372.8, 62.0), (372.8, 62.0), (372.8, 62.0), (372.8, 62.0), (372.8, 50.8), (395.2, 45.2), (417.6, 45.2), (417.6, 45.2), (417.6, 45.2), (417.6, 45.2), (417.6, 45.2), (417.6, 45.2), (417.6, 45.2), (417.6, 45.2), (417.6, 45.2), (417.6, 45.2), (417.6, 45.2), (417.6, 45.2), (417.6, 50.8), (417.6, 50.8), (417.6, 48.0), (417.6, 45.2), (434.4, 62.0), (434.4, 62.0), (434.4, 62.0), (434.4, 62.0), (434.4, 62.0), (434.4, 56.4), (434.4, 45.2), (434.4, 45.2), (434.4, 45.2), (434.4, 45.2), (434.4, 45.2), (434.4, 45.2), (434.4, 45.2), (434.4, 45.2), (434.4, 45.2)]",0,7.5
speedrunner,bomberman,2,Bomb,1,0,50.03,0.593,"[(48.0, 48.0), (67.6, 45.2), (90.0, 45.2), (112.4, 45.2), (134.8, 45.2), (157.2, 45.2), (179.6, 45.2), (202.0, 45.2), (224.4, 45.2), (246.8, 45.2), (269.2, 45.2), (291.6, 48.0), (308.4, 59.2), (308.4, 64.8), (308.4, 62.0), (308.4, 59.2), (308.4, 64.8), (308.4, 62.0), (308.4, 59.2), (308.4, 64.8), (308.4, 62.0), (308.4, 59.2), (308.4, 64.8), (308.4, 62.0), (308.4, 76.0), (308.4, 106.8), (328.0, 109.6), (356.0, 112.4), (372.8, 132.0), (372.8, 160.0), (381.2, 179.6), (403.6, 174.0), (431.6, 185.2), (434.4, 207.6), (434.4, 230.0), (434.4, 252.4), (434.4, 274.8), (434.4, 297.2), (434.4, 308.4), (434.4, 308.4), (434.4, 308.4), (434.4, 308.4), (434.4, 308.4), (434.4, 308.4), (434.4, 308.4), (434.4, 308.4), (434.4, 308.4), (434.4, 308.4), (434.4, 308.4), (434.4, 308.4), (434.4, 308.4), (434.4, 308.4), (434.4, 308.4), (434.4, 308.4), (434.4, 308.4), (434.4, 308.4), (434.4, 308.4)]",0,7.5
speedrunner,bomberman,2,Bomb,1,0,0.0,0.0,"[(48.0, 48.0), (48.0, 45.2), (48.0, 45.2), (48.0, 45.2), (48.0, 45.2), (48.0, 45.2), (48.0, 45.2), (48.0, 45.2), (48.0, 45.2), (48.0, 45.2), (48.0, 45.2), (48.0, 45.2), (48.0, 45.2), (48.0, 45.2), (48.0, 45.2), (48.0, 45.2), (48.0, 45.2), (48.0, 45.2), (48.0, 45.2)]",0,2.5
speedrunner,bomberman,2,Bomb,1,0,42.19,0.926,"[(48.0, 48.0), (48.0, 70.4), (48.0, 92.8), (48.0, 115.2), (48.0, 137.6), (48.0, 160.0), (48.0, 182.4), (48.0, 204.8), (48.0, 227.2), (48.0, 249.6), (48.0, 272.0), (50.8, 294.4), (67.6, 308.4), (98.4, 308.4), (115.2, 322.4), (115.2, 347.6), (123.6, 372.8), (146.0, 372.8), (168.4, 372.8), (190.8, 372.8), (213.2, 372.8), (235.6, 372.8), (258.0, 372.8), (280.4, 372.8), (302.8, 372.8), (325.2, 372.8), (347.6, 372.8), (370.0, 372.8), (372.8, 372.8), (372.8, 372.8), (372.8, 372.8), (372.8, 372.8), (372.8, 372.8), (372.8, 372.8), (372.8, 372.8), (372.8, 372.8), (372.8, 372.8), (372.8, 372.8), (372.8, 372.8), (372.8, 372.8), (372.8, 372.8), (372.8, 372.8), (372.8, 372.8), (372.8, 372.8), (372.8, 372.8), (372.8, 372.8), (372.8, 372.8), (372.8, 372.8), (372.8, 372.8), (372.8, 372.8), (372.8, 372.8), (372.8, 372.8), (372.8, 372.8), (372.8, 372.8), (372.8, 372.8), (372.8, 372.8), (372.8, 372.8)]",0,7.5
speedrunner,bomberman,2,Stuck,3,0,34.05,0.741,"[(48.0, 48.0), (48.0, 70.4), (48.0, 92.8), (48.0, 115.2), (48.0, 137.6), (48.0, 160.0), (59.2, 179.6), (81.6, 179.6), (112.4, 185.2), (115.2, 207.6), (115.2, 235.6), (134.8, 244.0), (162.8, 244.0), (179.6, 258.0), (179.6, 283.2), (188.0, 308.4), (210.4, 308.4), (238.4, 311.2), (244.0, 333.6), (244.0, 361.6), (263.6, 372.8), (291.6, 367.2), (314.0, 372.8), (336.4, 364.4), (364.4, 372.8), (372.8, 372.8), (372.8, 372.8), (372.8, 372.8), (372.8, 372.8), (372.8, 372.8), (372.8, 372.8), (372.8, 372.8), (372.8, 372.8), (372.8, 372.8), (372.8, 372.8), (372.8, 372.8), (372.8, 372.8), (372.8, 372.8), (372.8, 372.8), (372.8, 372.8), (372.8, 372.8), (372.8, 372.8), (372.8, 372.8), (372.8, 372.8), (372.8, 372.8), (372.8, 372.8), (372.8, 372.8), (372.8, 372.8), (372.8, 372.8), (372.8, 372.8), (372.8, 372.8), (372.8, 372.8), (372.8, 372.8), (372.8, 372.8), (372.8, 372.8), (372.8, 372.8), (372.8, 372.8), (372.8, 372.8), (372.8, 372.8), (372.8, 372.8), (372.8, 372.8), (372.8, 372.8), (372.8, 372.8), (372.8, 372.8), (372.8, 372.8)]",0,8.63
speedrunner,bomberman,2,Bomb,1,0,42.19,0.926,"[(48.0, 48.0), (48.0, 70.4), (48.0, 92.8), (48.0, 115.2), (48.0, 137.6), (48.0, 160.0), (48.0, 182.4), (48.0, 204.8), (48.0, 227.2), (48.0, 249.6), (48.0, 272.0), (50.8, 294.4), (67.6, 308.4), (98.4, 308.4), (115.2, 322.4), (115.2, 347.6), (123.6, 372.8), (146.0, 372.8), (168.4, 372.8), (190.8, 372.8), (213.2, 372.8), (235.6, 372.8), (258.0, 372.8), (280.4, 372.8), (302.8, 372.8), (325.2, 372.8), (347.6, 372.8), (370.0, 372.8), (372.8, 372.8), (372.8, 372.8), (372.8, 372.8), (372.8, 372.8), (372.8, 372.8), (372.8, 372.8), (372.8, 372.8), (372.8, 372.8), (372.8, 372.8), (372.8, 372.8), (372.8, 372.8), (372.8, 372.8), (372.8, 372.8), (372.8, 372.8), (372.8, 372.8), (372.8, 372.8), (372.8, 372.8), (372.8, 372.8), (372.8, 372.8), (372.8, 372.8), (372.8, 372.8), (372.8, 372.8), (372.8, 372.8), (372.8, 372.8), (372.8, 372.8), (372.8, 372.8), (372.8, 372.8), (372.8, 372.8), (372.8, 372.8)]",0,7.5
speedrunner,bomberman,2,Bomb,1,0,43.31,0.926,"[(48.0, 48.0), (48.0, 70.4), (48.0, 92.8), (48.0, 115.2), (48.0, 137.6), (48.0, 160.0), (48.0, 182.4), (48.0, 204.8), (48.0, 227.2), (48.0, 249.6), (48.0, 272.0), (48.0, 294.4), (50.8, 316.8), (50.8, 339.2), (50.8, 361.6), (70.4, 372.8), (92.8, 372.8), (115.2, 372.8), (137.6, 372.8), (160.0, 372.8), (182.4, 372.8), (204.8, 372.8), (227.2, 372.8), (249.6, 372.8), (272.0, 372.8), (294.4, 372.8), (316.8, 372.8), (339.2, 372.8), (361.6, 372.8), (372.8, 372.8), (372.8, 372.8), (372.8, 372.8), (372.8, 372.8), (372.8, 372.8), (372.8, 372.8), (372.8, 372.8), (372.8, 372.8), (372.8, 372.8), (372.8, 372.8), (372.8, 372.8), (372.8, 372.8), (372.8, 372.8), (372.8, 372.8), (372.8, 372.8), (372.8, 372.8), (372.8, 372.8), (372.8, 372.8), (372.8, 372.8), (372.8, 372.8), (372.8, 372.8), (372.8, 372.8), (372.8, 372.8), (372.8, 372.8), (372.8, 372.8), (372.8, 372.8), (372.8, 372.8), (372.8, 372.8)]",0,7.5
speedrunner,bomberman,2,Bomb,1,0,39.2,0.926,"[(48.0, 48.0), (70.4, 50.8), (101.2, 50.8), (115.2, 67.6), (115.2, 95.6), (126.4, 115.2), (151.6, 115.2), (176.8, 120.8), (179.6, 143.2), (179.6, 171.2), (199.2, 179.6), (227.2, 179.6), (244.0, 193.6), (244.0, 218.8), (249.6, 244.0), (272.0, 244.0), (300.0, 246.8), (308.4, 269.2), (308.4, 297.2), (328.0, 308.4), (356.0, 308.4), (372.8, 325.2), (372.8, 347.6), (372.8, 370.0), (372.8, 372.8), (372.8, 372.8), (372.8, 372.8), (372.8, 372.8), (372.8, 372.8), (372.8, 372.8), (372.8, 372.8), (372.8, 372.8), (372.8, 372.8), (372.8, 372.8), (372.8, 372.8), (372.8, 372.8), (372.8, 372.8), (372.8, 372.8), (372.8, 372.8), (372.8, 372.8), (372.8, 372.8), (372.8, 372.8), (372.8, 372.8), (372.8, 372.8), (372.8, 372.8), (372.8, 372.8), (372.8, 372.8), (372.8, 372.8), (372.8, 372.8), (372.8, 372.8), (372.8, 372.8), (372.8, 372.8), (372.8, 372.8), (372.8, 372.8), (372.8, 372.8), (372.8, 372.8), (372.8, 372.8)]",0,7.5
speedrunner,bomberman,2,Bomb,1,0,41.44,0.926,"[(48.0, 48.0), (48.0, 70.4), (48.0, 92.8), (48.0, 115.2), (48.0, 137.6), (48.0, 160.0), (48.0, 182.4), (48.0, 204.8), (48.0, 227.2), (62.0, 244.0), (87.2, 244.0), (115.2, 252.4), (115.2, 274.8), (115.2, 297.2), (134.8, 308.4), (162.8, 308.4), (179.6, 322.4), (179.6, 347.6), (188.0, 372.8), (210.4, 372.8), (232.8, 372.8), (255.2, 372.8), (277.6, 372.8), (300.0, 372.8), (322.4, 372.8), (344.8, 372.8), (367.2, 372.8), (372.8, 372.8), (372.8, 372.8), (372.8, 372.8), (372.8, 372.8), (372.8, 372.8), (372.8, 372.8), (372.8, 372.8), (372.8, 372.8), (372.8, 372.8), (372.8, 372.8), (372.8, 372.8), (372.8, 372.8), (372.8, 372.8), (372.8, 372.8), (372.8, 372.8), (372.8, 372.8), (372.8, 372.8), (372.8, 372.8), (372.8, 372.8), (372.8, 372.8), (372.8, 372.8), (372.8, 372.8), (372.8, 372.8), (372.8, 372.8), (372.8, 372.8), (372.8, 372.8), (372.8, 372.8), (372.8, 372.8), (372.8, 372.8), (372.8, 372.8)]",0,7.5
speedrunner,bomberman,2,Bomb,1,0,40.69,0.926,"[(48.0, 48.0), (50.8, 64.8), (50.8, 87.2), (50.8, 109.6), (50.8, 132.0), (50.8, 154.4), (50.8, 176.8), (73.2, 179.6), (104.0, 179.6), (115.2, 199.2), (115.2, 221.6), (120.8, 244.0), (143.2, 244.0), (171.2, 244.0), (179.6, 266.4), (179.6, 288.8), (190.8, 308.4), (216.0, 308.4), (241.2, 314.0), (244.0, 336.4), (244.0, 364.4), (266.4, 372.8), (288.8, 372.8), (311.2, 372.8), (333.6, 372.8), (356.0, 372.8), (372.8, 372.8), (372.8, 372.8), (372.8, 372.8), (372.8, 372.8), (372.8, 372.8), (372.8, 372.8), (372.8, 372.8), (372.8, 372.8), (372.8, 372.8), (372.8, 372.8), (372.8, 372.8), (372.8, 372.8), (372.8, 372.8), (372.8, 372.8), (372.8, 372.8), (372.8, 372.8), (372.8, 372.8), (372.8, 372.8), (372.8, 372.8), (372.8, 372.8), (372.8, 372.8), (372.8, 372.8), (372.8, 372.8), (372.8, 372.8), (372.8, 372.8), (372.8, 372.8), (372.8, 372.8), (372.8, 372.8), (372.8, 372.8), (372.8, 372.8), (372.8, 372.8)]",0,7.5
speedrunner,bomberman,2,Bomb,1,0,42.19,0.926,"[(48.0, 48.0), (48.0, 70.4), (48.0, 92.8), (48.0, 115.2), (48.0, 137.6), (48.0, 160.0), (48.0, 182.4), (48.0, 204.8), (48.0, 227.2), (48.0, 249.6), (48.0, 272.0), (50.8, 294.4), (67.6, 308.4), (98.4, 308.4), (115.2, 322.4), (115.2, 344.8), (118.0, 367.2), (140.4, 372.8), (162.8, 372.8), (185.2, 372.8), (207.6, 372.8), (230.0, 372.8), (252.4, 372.8), (274.8, 372.8), (297.2, 372.8), (319.6, 372.8), (342.0, 372.8), (364.4, 372.8), (372.8, 372.8), (372.8, 372.8), (372.8, 372.8), (372.8, 372.8), (372.8, 372.8), (372.8, 372.8), (372.8, 372.8), (372.8, 372.8), (372.8, 372.8), (372.8, 372.8), (372.8, 372.8), (372.8, 372.8), (372.8, 372.8), (372.8, 372.8), (372.8, 372.8), (372.8, 372.8), (372.8, 372.8), (372.8, 372.8), (372.8, 372.8), (372.8, 372.8), (372.8, 372.8), (372.8, 372.8), (372.8, 372.8), (372.8, 372.8), (372.8, 372.8), (372.8, 372.8), (372.8, 372.8), (372.8, 372.8), (372.8, 372.8)]",0,7.5
speedrunner,bomberman,2,Bomb,1,0,0.56,0.37,"[(48.0, 48.0), (48.0, 70.4), (48.0, 92.8), (48.0, 115.2), (48.0, 137.6), (48.0, 160.0), (48.0, 182.4), (48.0, 204.8), (48.0, 227.2), (48.0, 249.6), (48.0, 272.0), (48.0, 294.4), (48.0, 316.8), (48.0, 339.2), (48.0, 361.6), (48.0, 372.8), (48.0, 372.8), (48.0, 372.8), (48.0, 372.8), (50.8, 372.8), (50.8, 372.8), (50.8, 372.8), (50.8, 372.8), (50.8, 372.8), (50.8, 372.8), (50.8, 372.8), (50.8, 372.8), (50.8, 372.8), (50.8, 372.8), (50.8, 372.8), (50.8, 372.8), (50.8, 372.8), (50.8, 372.8), (50.8, 372.8), (50.8, 372.8), (50.8, 372.8), (50.8, 372.8), (50.8, 372.8)]",0,5.0
speedrunner,bomberman,2,Stuck,1,0,28.09,0.741,"[(48.0, 48.0), (70.4, 50.8), (101.2, 50.8), (115.2, 67.6), (115.2, 90.0), (118.0, 112.4), (140.4, 115.2), (168.4, 115.2), (179.6, 134.8), (179.6, 157.2), (185.2, 179.6), (207.6, 179.6), (235.6, 179.6), (244.0, 202.0), (244.0, 224.4), (252.4, 244.0), (274.8, 244.0), (302.8, 249.6), (308.4, 272.0), (308.4, 300.0), (330.8, 308.4), (358.8, 308.4), (372.8, 328.0), (372.8, 350.4), (372.8, 372.8), (372.8, 372.8), (372.8, 372.8), (372.8, 372.8), (372.8, 372.8), (372.8, 372.8), (372.8, 372.8), (372.8, 372.8), (372.8, 372.8), (372.8, 372.8), (372.8, 372.8), (372.8, 372.8), (372.8, 372.8), (372.8, 372.8), (372.8, 372.8), (372.8, 372.8), (372.8, 372.8), (372.8, 372.8), (372.8, 372.8), (372.8, 372.8), (372.8, 372.8), (372.8, 372.8), (372.8, 372.8), (372.8, 372.8), (372.8, 372.8), (372.8, 372.8), (372.8, 372.8), (372.8, 372.8), (372.8, 372.8), (372.8, 372.8), (372.8, 372.8), (372.8, 372.8), (372.8, 372.8), (372.8, 372.8), (372.8, 372.8), (372.8, 372.8), (372.8, 372.8), (372.8, 372.8), (372.8, 372.8), (372.8, 372.8), (372.8, 372.8), (372.8, 372.8), (372.8, 372.8), (372.8, 372.8), (372.8, 372.8), (372.8, 372.8), (372.8, 372.8), (372.8, 372.8), (372.8, 372.8), (372.8, 372.8), (372.8, 372.8), (372.8, 372.8), (372.8, 372.8), (372.8, 372.8), (372.8, 372.8)]",0,10.47
speedrunner,bomberman,2,Bomb,1,0,25.2,0.519,"[(48.0, 48.0), (48.0, 70.4), (48.0, 92.8), (48.0, 115.2), (48.0, 137.6), (48.0, 160.0), (48.0, 182.4), (48.0, 204.8), (48.0, 227.2), (48.0, 249.6), (48.0, 272.0), (48.0, 294.4), (48.0, 316.8), (48.0, 339.2), (48.0, 361.6), (70.4, 372.8), (92.8, 372.8), (115.2, 372.8), (137.6, 372.8), (160.0, 372.8), (174.0, 372.8), (174.0, 372.8), (174.0, 372.8), (174.0, 372.8), (174.0, 372.8), (174.0, 372.8), (174.0, 372.8), (174.0, 372.8), (174.0, 372.8), (174.0, 372.8), (174.0, 372.8), (174.0, 372.8), (174.0, 372.8), (174.0, 372.8), (174.0, 372.8), (174.0, 372.8), (174.0, 372.8), (174.0, 372.8)]",0,5.0
speedrunner,bomberman,2,Bomb,1,0,0.0,0.37,"[(48.0, 48.0), (48.0, 70.4), (48.0, 92.8), (48.0, 115.2), (48.0, 137.6), (48.0, 160.0), (48.0, 182.4), (48.0, 204.8), (48.0, 227.2), (48.0, 249.6), (48.0, 272.0), (48.0, 294.4), (48.0, 316.8), (48.0, 339.2), (48.0, 361.6), (48.0, 372.8), (48.0, 372.8), (48.0, 372.8), (48.0, 372.8), (48.0, 372.8), (48.0, 372.8), (48.0, 372.8), (48.0, 372.8), (48.0, 372.8), (48.0, 372.8), (48.0, 372.8), (48.0, 372.8), (48.0, 372.8), (48.0, 372.8), (48.0, 372.8), (48.0, 372.8), (48.0, 372.8), (48.0, 372.8), (48.0, 372.8), (48.0, 372.8), (48.0, 372.8), (48.0, 372.8), (48.0, 372.8)]",0,5.0
speedrunner,bomberman,2,Bomb,1,0,42.19,0.926,"[(48.0, 48.0), (48.0, 70.4), (48.0, 92.8), (48.0, 115.2), (48.0, 137.6), (48.0, 160.0), (48.0, 182.4), (48.0, 204.8), (48.0, 227.2), (48.0, 249.6), (48.0, 272.0), (50.8, 294.4), (67.6, 308.4), (98.4, 308.4), (115.2, 322.4), (115.2, 344.8), (118.0, 367.2), (140.4, 372.8), (162.8, 372.8), (185.2, 372.8), (207.6, 372.8), (230.0, 372.8), (252.4, 372.8), (274.8, 372.8), (297.2, 372.8), (319.6, 372.8), (342.0, 372.8), (364.4, 372.8), (372.8, 372.8), (372.8, 372.8), (372.8, 372.8), (372.8, 372.8), (372.8, 372.8), (372.8, 372.8), (372.8, 372.8), (372.8, 372.8), (372.8, 372.8), (372.8, 372.8), (372.8, 372.8), (372.8, 372.8), (372.8, 372.8), (372.8, 372.8), (372.8, 372.8), (372.8, 372.8), (372.8, 372.8), (372.8, 372.8), (372.8, 372.8), (372.8, 372.8), (372.8, 372.8), (372.8, 372.8), (372.8, 372.8), (372.8, 372.8), (372.8, 372.8), (372.8, 372.8), (372.8, 372.8), (372.8, 372.8), (372.8, 372.8)]",0,7.5
speedrunner,bomberman,2,Bomb,1,0,40.69,0.926,"[(48.0, 48.0), (50.8, 64.8), (50.8, 87.2), (50.8, 109.6), (50.8, 132.0), (50.8, 154.4), (50.8, 176.8), (73.2, 179.6), (104.0, 179.6), (115.2, 199.2), (115.2, 221.6), (120.8, 244.0), (143.2, 244.0), (171.2, 244.0), (179.6, 266.4), (179.6, 288.8), (190.8, 308.4), (216.0, 308.4), (241.2, 314.0), (244.0, 336.4), (244.0, 364.4), (266.4, 372.8), (288.8, 372.8), (311.2, 372.8), (333.6, 372.8), (356.0, 372.8), (372.8, 372.8), (372.8, 372.8), (372.8, 372.8), (372.8, 372.8), (372.8, 372.8), (372.8, 372.8), (372.8, 372.8), (372.8, 372.8), (372.8, 372.8), (372.8, 372.8), (372.8, 372.8), (372.8, 372.8), (372.8, 372.8), (372.8, 372.8), (372.8, 372.8), (372.8, 372.8), (372.8, 372.8), (372.8, 372.8), (372.8, 372.8), (372.8, 372.8), (372.8, 372.8), (372.8, 372.8), (372.8, 372.8), (372.8, 372.8), (372.8, 372.8), (372.8, 372.8), (372.8, 372.8), (372.8, 372.8), (372.8, 372.8), (372.8, 372.8), (372.8, 372.8)]",0,7.5
speedrunner,bomberman,2,Bomb,1,0,43.31,0.926,"[(48.0, 48.0), (48.0, 70.4), (48.0, 92.8), (48.0, 115.2), (48.0, 137.6), (48.0, 160.0), (48.0, 182.4), (48.0, 204.8), (48.0, 227.2), (48.0, 249.6), (48.0, 272.0), (48.0, 294.4), (50.8, 316.8), (50.8, 339.2), (50.8, 361.6), (70.4, 372.8), (92.8, 372.8), (115.2, 372.8), (137.6, 372.8), (160.0, 372.8), (182.4, 372.8), (204.8, 372.8), (227.2, 372.8), (249.6, 372.8), (272.0, 372.8), (294.4, 372.8), (316.8, 372.8), (339.2, 372.8), (361.6, 372.8), (372.8, 372.8), (372.8, 372.8), (372.8, 372.8), (372.8, 372.8), (372.8, 372.8), (372.8, 372.8), (372.8, 372.8), (372.8, 372.8), (372.8, 372.8), (372.8, 372.8), (372.8, 372.8), (372.8, 372.8), (372.8, 372.8), (372.8, 372.8), (372.8, 372.8), (372.8, 372.8), (372.8, 372.8), (372.8, 372.8), (372.8, 372.8), (372.8, 372.8), (372.8, 372.8), (372.8, 372.8), (372.8, 372.8), (372.8, 372.8), (372.8, 372.8), (372.8, 372.8), (372.8, 372.8), (372.8, 372.8)]",0,7.5
speedrunner,bomberman,2,Bomb,1,0,42.19,0.926,"[(48.0, 48.0), (48.0, 70.4), (48.0, 92.8), (48.0, 115.2), (48.0, 137.6), (48.0, 160.0), (48.0, 182.4), (48.0, 204.8), (48.0, 227.2), (48.0, 249.6), (48.0, 272.0), (50.8, 294.4), (67.6, 308.4), (98.4, 308.4), (115.2, 322.4), (115.2, 347.6), (123.6, 372.8), (146.0, 372.8), (168.4, 372.8), (190.8, 372.8), (213.2, 372.8), (235.6, 372.8), (258.0, 372.8), (280.4, 372.8), (302.8, 372.8), (325.2, 372.8), (347.6, 372.8), (370.0, 372.8), (372.8, 372.8), (372.8, 372.8), (372.8, 372.8), (372.8, 372.8), (372.8, 372.8), (372.8, 372.8), (372.8, 372.8), (372.8, 372.8), (372.8, 372.8), (372.8, 372.8), (372.8, 372.8), (372.8, 372.8), (372.8, 372.8), (372.8, 372.8), (372.8, 372.8), (372.8, 372.8), (372.8, 372.8), (372.8, 372.8), (372.8, 372.8), (372.8, 372.8), (372.8, 372.8), (372.8, 372.8), (372.8, 372.8), (372.8, 372.8), (372.8, 372.8), (372.8, 372.8), (372.8, 372.8), (372.8, 372.8), (372.8, 372.8)]",0,7.5
speedrunner,bomberman,2,Bomb,1,0,47.41,0.667,"[(48.0, 48.0), (70.4, 50.8), (101.2, 48.0), (123.6, 45.2), (146.0, 50.8), (174.0, 53.6), (179.6, 64.8), (179.6, 64.8), (179.6, 64.8), (179.6, 64.8), (179.6, 64.8), (179.6, 64.8), (179.6, 64.8), (179.6, 64.8), (179.6, 64.8), (179.6, 64.8), (179.6, 64.8), (179.6, 64.8), (179.6, 64.8), (179.6, 64.8), (179.6, 81.6), (179.6, 104.0), (196.4, 115.2), (224.4, 115.2), (244.0, 126.4), (244.0, 148.8), (244.0, 171.2), (263.6, 179.6), (291.6, 179.6), (308.4, 196.4), (308.4, 218.8), (311.2, 241.2), (333.6, 244.0), (361.6, 244.0), (372.8, 266.4), (372.8, 294.4), (389.6, 308.4), (412.0, 308.4), (434.4, 308.4), (434.4, 308.4), (434.4, 308.4), (434.4, 308.4), (434.4, 308.4), (434.4, 308.4), (434.4, 308.4), (434.4, 308.4), (434.4, 308.4), (434.4, 308.4), (434.4, 308.4), (434.4, 308.4), (434.4, 308.4), (434.4, 308.4), (434.4, 308.4), (434.4, 308.4), (434.4, 308.4), (434.4, 308.4), (434.4, 308.4)]",0,7.5
speedrunner,bomberman,2,Stuck,1,0,29.69,0.741,"[(48.0, 48.0), (48.0, 45.2), (48.0, 45.2), (48.0, 48.0), (48.0, 70.4), (48.0, 92.8), (48.0, 115.2), (48.0, 137.6), (48.0, 160.0), (48.0, 182.4), (48.0, 204.8), (48.0, 227.2), (56.4, 244.0), (78.8, 244.0), (109.6, 246.8), (115.2, 269.2), (115.2, 291.6), (129.2, 308.4), (157.2, 308.4), (179.6, 316.8), (179.6, 339.2), (182.4, 367.2), (204.8, 372.8), (227.2, 372.8), (249.6, 372.8), (272.0, 372.8), (294.4, 372.8), (316.8, 372.8), (339.2, 372.8), (361.6, 372.8), (372.8, 372.8), (372.8, 372.8), (372.8, 372.8), (372.8, 372.8), (372.8, 372.8), (372.8, 372.8), (372.8, 372.8), (372.8, 372.8), (372.8, 372.8), (372.8, 372.8), (372.8, 372.8), (372.8, 372.8), (372.8, 372.8), (372.8, 372.8), (372.8, 372.8), (372.8, 372.8), (372.8, 372.8), (372.8, 372.8), (372.8, 372.8), (372.8, 372.8), (372.8, 372.8), (372.8, 372.8), (372.8, 372.8), (372.8, 372.8), (372.8, 372.8), (372.8, 372.8), (372.8, 372.8), (372.8, 372.8), (372.8, 372.8), (372.8, 372.8), (372.8, 372.8), (372.8, 372.8), (372.8, 372.8), (372.8, 372.8), (372.8, 372.8), (372.8, 372.8), (372.8, 372.8), (372.8, 372.8), (372.8, 372.8), (372.8, 372.8), (372.8, 372.8), (372.8, 372.8), (372.8, 372.8), (372.8, 372.8), (372.8, 372.8), (372.8, 372.8), (372.8, 372.8), (372.8, 372.8), (372.8, 372.8)]",0,10.47
speedrunner,bomberman,2,Bomb,1,0,39.2,0.926,"[(48.0, 48.0), (70.4, 50.8), (101.2, 50.8), (115.2, 67.6), (115.2, 90.0), (118.0, 112.4), (140.4, 115.2), (168.4, 115.2), (179.6, 134.8), (179.6, 157.2), (185.2, 179.6), (207.6, 179.6), (235.6, 179.6), (244.0, 202.0), (244.0, 230.0), (258.0, 244.0), (286.0, 244.0), (308.4, 255.2), (308.4, 277.6), (314.0, 305.6), (336.4, 308.4), (364.4, 311.2), (372.8, 333.6), (372.8, 356.0), (372.8, 372.8), (372.8, 372.8), (372.8, 372.8), (372.8, 372.8), (372.8, 372.8), (372.8, 372.8), (372.8, 372.8), (372.8, 372.8), (372.8, 372.8), (372.8, 372.8), (372.8, 372.8), (372.8, 372.8), (372.8, 372.8), (372.8, 372.8), (372.8, 372.8), (372.8, 372.8), (372.8, 372.8), (372.8, 372.8), (372.8, 372.8), (372.8, 372.8), (372.8, 372.8), (372.8, 372.8), (372.8, 372.8), (372.8, 372.8), (372.8, 372.8), (372.8, 372.8), (372.8, 372.8), (372.8, 372.8), (372.8, 372.8), (372.8, 372.8), (372.8, 372.8), (372.8, 372.8), (372.8, 372.8)]",0,7.5
speedrunner,bomberman,2,Bomb,1,0,40.32,0.926,"[(48.0, 48.0), (70.4, 50.8), (92.8, 45.2), (115.2, 59.2), (115.2, 81.6), (115.2, 104.0), (132.0, 115.2), (160.0, 115.2), (179.6, 126.4), (179.6, 148.8), (179.6, 171.2), (199.2, 179.6), (227.2, 179.6), (244.0, 193.6), (244.0, 216.0), (244.0, 238.4), (266.4, 244.0), (294.4, 244.0), (308.4, 263.6), (308.4, 286.0), (316.8, 308.4), (339.2, 308.4), (367.2, 314.0), (372.8, 336.4), (372.8, 358.8), (372.8, 372.8), (372.8, 372.8), (372.8, 372.8), (372.8, 372.8), (372.8, 372.8), (372.8, 372.8), (372.8, 372.8), (372.8, 372.8), (372.8, 372.8), (372.8, 372.8), (372.8, 372.8), (372.8, 372.8), (372.8, 372.8), (372.8, 372.8), (372.8, 372.8), (372.8, 372.8), (372.8, 372.8), (372.8, 372.8), (372.8, 372.8), (372.8, 372.8), (372.8, 372.8), (372.8, 372.8), (372.8, 372.8), (372.8, 372.8), (372.8, 372.8), (372.8, 372.8), (372.8, 372.8), (372.8, 372.8), (372.8, 372.8), (372.8, 372.8), (372.8, 372.8), (372.8, 372.8)]",0,7.5
speedrunner,bomberman,2,Stuck,1,0,28.09,0.741,"[(48.0, 48.0), (70.4, 50.8), (101.2, 50.8), (115.2, 67.6), (115.2, 95.6), (126.4, 115.2), (151.6, 115.2), (176.8, 120.8), (179.6, 143.2), (179.6, 171.2), (199.2, 179.6), (227.2, 179.6), (244.0, 193.6), (244.0, 218.8), (249.6, 244.0), (272.0, 244.0), (300.0, 246.8), (308.4, 269.2), (308.4, 297.2), (328.0, 308.4), (356.0, 308.4), (372.8, 325.2), (372.8, 347.6), (372.8, 370.0), (372.8, 372.8), (372.8, 372.8), (372.8, 372.8), (372.8, 372.8), (372.8, 372.8), (372.8, 372.8), (372.8, 372.8), (372.8, 372.8), (372.8, 372.8), (372.8, 372.8), (372.8, 372.8), (372.8, 372.8), (372.8, 372.8), (372.8, 372.8), (372.8, 372.8), (372.8, 372.8), (372.8, 372.8), (372.8, 372.8), (372.8, 372.8), (372.8, 372.8), (372.8, 372.8), (372.8, 372.8), (372.8, 372.8), (372.8, 372.8), (372.8, 372.8), (372.8, 372.8), (372.8, 372.8), (372.8, 372.8), (372.8, 372.8), (372.8, 372.8), (372.8, 372.8), (372.8, 372.8), (372.8, 372.8), (372.8, 372.8), (372.8, 372.8), (372.8, 372.8), (372.8, 372.8), (372.8, 372.8), (372.8, 372.8), (372.8, 372.8), (372.8, 372.8), (372.8, 372.8), (372.8, 372.8), (372.8, 372.8), (372.8, 372.8), (372.8, 372.8), (372.8, 372.8), (372.8, 372.8), (372.8, 372.8), (372.8, 372.8), (372.8, 372.8), (372.8, 372.8), (372.8, 372.8), (372.8, 372.8), (372.8, 372.8)]",0,10.47
speedrunner,bomberman,2,Bomb,1,0,26.32,0.519,"[(48.0, 48.0), (48.0, 70.4), (48.0, 92.8), (48.0, 115.2), (48.0, 137.6), (48.0, 160.0), (48.0, 182.4), (48.0, 204.8), (48.0, 227.2), (48.0, 249.6), (48.0, 272.0), (48.0, 294.4), (48.0, 316.8), (48.0, 339.2), (50.8, 361.6), (70.4, 372.8), (92.8, 372.8), (115.2, 372.8), (137.6, 372.8), (160.0, 372.8), (179.6, 372.8), (179.6, 372.8), (179.6, 372.8), (179.6, 372.8), (179.6, 372.8), (179.6, 372.8), (179.6, 372.8), (179.6, 372.8), (179.6, 372.8), (179.6, 372.8), (179.6, 372.8), (179.6, 372.8), (179.6, 372.8), (179.6, 372.8), (179.6, 372.8), (179.6, 372.8), (179.6, 372.8), (179.6, 372.8)]",0,5.0
speedrunner,bomberman,2,Bomb,1,0,39.2,0.926,"[(48.0, 48.0), (70.4, 50.8), (101.2, 50.8), (115.2, 67.6), (115.2, 90.0), (118.0, 112.4), (140.4, 115.2), (168.4, 115.2), (179.6, 134.8), (179.6, 157.2), (185.2, 179.6), (207.6, 179.6), (235.6, 179.6), (244.0, 202.0), (244.0, 230.0), (258.0, 244.0), (286.0, 244.0), (308.4, 255.2), (308.4, 277.6), (314.0, 305.6), (336.4, 308.4), (364.4, 311.2), (372.8, 333.6), (372.8, 356.0), (372.8, 372.8), (372.8, 372.8), (372.8, 372.8), (372.8, 372.8), (372.8, 372.8), (372.8, 372.8), (372.8, 372.8), (372.8, 372.8), (372.8, 372.8), (372.8, 372.8), (372.8, 372.8), (372.8, 372.8), (372.8, 372.8), (372.8, 372.8), (372.8, 372.8), (372.8, 372.8), (372.8, 372.8), (372.8, 372.8), (372.8, 372.8), (372.8, 372.8), (372.8, 372.8), (372.8, 372.8), (372.8, 372.8), (372.8, 372.8), (372.8, 372.8), (372.8, 372.8), (372.8, 372.8), (372.8, 372.8), (372.8, 372.8), (372.8, 372.8), (372.8, 372.8), (372.8, 372.8), (372.8, 372.8)]",0,7.5
speedrunner,bomberman,2,Bomb,1,0,40.32,0.926,"[(48.0, 48.0), (70.4, 50.8), (92.8, 45.2), (115.2, 59.2), (115.2, 81.6), (115.2, 104.0), (132.0, 115.2), (160.0, 115.2), (179.6, 126.4), (179.6, 148.8), (179.6, 171.2), (199.2, 179.6), (227.2, 179.6), (244.0, 193.6), (244.0, 216.0), (244.0, 238.4), (266.4, 244.0), (294.4, 244.0), (308.4, 263.6), (308.4, 286.0), (316.8, 308.4), (339.2, 308.4), (367.2, 314.0), (372.8, 336.4), (372.8, 358.8), (372.8, 372.8), (372.8, 372.8), (372.8, 372.8), (372.8, 372.8), (372.8, 372.8), (372.8, 372.8), (372.8, 372.8), (372.8, 372.8), (372.8, 372.8), (372.8, 372.8), (372.8, 372.8), (372.8, 372.8), (372.8, 372.8), (372.8, 372.8), (372.8, 372.8), (372.8, 372.8), (372.8, 372.8), (372.8, 372.8), (372.8, 372.8), (372.8, 372.8), (372.8, 372.8), (372.8, 372.8), (372.8, 372.8), (372.8, 372.8), (372.8, 372.8), (372.8, 372.8), (372.8, 372.8), (372.8, 372.8), (372.8, 372.8), (372.8, 372.8), (372.8, 372.8), (372.8, 372.8)]",0,7.5
speedrunner,bomberman,2,Bomb,1,0,40.69,0.926,"[(48.0, 48.0), (50.8, 64.8), (50.8, 87.2), (50.8, 109.6), (50.8, 132.0), (50.8, 154.4), (50.8, 176.8), (73.2, 179.6), (104.0, 179.6), (115.2, 199.2), (115.2, 221.6), (120.8, 244.0), (143.2, 244.0), (171.2, 244.0), (179.6, 266.4), (179.6, 288.8), (190.8, 308.4), (216.0, 308.4), (241.2, 314.0), (244.0, 336.4), (244.0, 364.4), (266.4, 372.8), (288.8, 372.8), (311.2, 372.8), (333.6, 372.8), (356.0, 372.8), (372.8, 372.8), (372.8, 372.8), (372.8, 372.8), (372.8, 372.8), (372.8, 372.8), (372.8, 372.8), (372.8, 372.8), (372.8, 372.8), (372.8, 372.8), (372.8, 372.8), (372.8, 372.8), (372.8, 372.8), (372.8, 372.8), (372.8, 372.8), (372.8, 372.8), (372.8, 372.8), (372.8, 372.8), (372.8, 372.8), (372.8, 372.8), (372.8, 372.8), (372.8, 372.8), (372.8, 372.8), (372.8, 372.8), (372.8, 372.8), (372.8, 372.8), (372.8, 372.8), (372.8, 372.8), (372.8, 372.8), (372.8, 372.8), (372.8, 372.8), (372.8, 372.8)]",0,7.5
speedrunner,bomberman,2,Bomb,1,0,42.19,0.926,"[(48.0, 48.0), (48.0, 70.4), (48.0, 92.8), (48.0, 115.2), (48.0, 137.6), (48.0, 160.0), (48.0, 182.4), (48.0, 204.8), (48.0, 227.2), (48.0, 249.6), (48.0, 272.0), (50.8, 294.4), (67.6, 308.4), (98.4, 308.4), (115.2, 322.4), (115.2, 344.8), (118.0, 367.2), (140.4, 372.8), (162.8, 372.8), (185.2, 372.8), (207.6, 372.8), (230.0, 372.8), (252.4, 372.8), (274.8, 372.8), (297.2, 372.8), (319.6, 372.8), (342.0, 372.8), (364.4, 372.8), (372.8, 372.8), (372.8, 372.8), (372.8, 372.8), (372.8, 372.8), (372.8, 372.8), (372.8, 372.8), (372.8, 372.8), (372.8, 372.8), (372.8, 372.8), (372.8, 372.8), (372.8, 372.8), (372.8, 372.8), (372.8, 372.8), (372.8, 372.8), (372.8, 372.8), (372.8, 372.8), (372.8, 372.8), (372.8, 372.8), (372.8, 372.8), (372.8, 372.8), (372.8, 372.8), (372.8, 372.8), (372.8, 372.8), (372.8, 372.8), (372.8, 372.8), (372.8, 372.8), (372.8, 372.8), (372.8, 372.8), (372.8, 372.8)]",0,7.5
speedrunner,bomberman,2,Bomb,1,0,35.0,0.593,"[(48.0, 48.0), (70.4, 50.8), (101.2, 50.8), (115.2, 62.0), (115.2, 62.0), (115.2, 62.0), (115.2, 62.0), (115.2, 62.0), (115.2, 62.0), (115.2, 62.0), (115.2, 62.0), (115.2, 62.0), (115.2, 62.0), (115.2, 62.0), (115.2, 62.0), (115.2, 62.0), (115.2, 62.0), (115.2, 62.0), (115.2, 56.4), (132.0, 48.0), (160.0, 50.8), (179.6, 62.0), (179.6, 62.0), (179.6, 62.0), (179.6, 62.0), (179.6, 62.0), (179.6, 62.0), (179.6, 62.0), (179.6, 62.0), (179.6, 62.0), (179.6, 62.0), (179.6, 62.0), (179.6, 62.0), (179.6, 62.0), (179.6, 62.0), (179.6, 62.0), (185.2, 45.2), (207.6, 50.8), (235.6, 50.8), (244.0, 62.0), (244.0, 62.0), (244.0, 78.8), (244.0, 84.4), (244.0, 106.8), (263.6, 115.2), (291.6, 115.2), (308.4, 132.0), (308.4, 154.4), (311.2, 176.8), (333.6, 179.6), (361.6, 179.6), (372.8, 202.0), (372.8, 230.0), (386.8, 244.0), (414.8, 244.0), (434.4, 255.2), (434.4, 277.6), (434.4, 300.0), (434.4, 308.4), (434.4, 308.4), (434.4, 308.4), (434.4, 308.4), (434.4, 308.4), (434.4, 308.4), (434.4, 308.4), (434.4, 308.4), (434.4, 308.4), (434.4, 308.4), (434.4, 308.4), (434.4, 308.4), (434.4, 308.4), (434.4, 308.4), (434.4, 308.4), (434.4, 308.4), (434.4, 308.4), (434.4, 308.4)]",0,10.0
speedrunner,bomberman,2,Bomb,1,0,49.28,0.593,"[(48.0, 48.0), (70.4, 45.2), (92.8, 45.2), (115.2, 45.2), (137.6, 45.2), (160.0, 45.2), (182.4, 45.2), (204.8, 45.2), (227.2, 45.2), (249.6, 45.2), (272.0, 45.2), (300.0, 53.6), (308.4, 76.0), (308.4, 98.4), (319.6, 115.2), (344.8, 115.2), (370.0, 123.6), (372.8, 146.0), (372.8, 168.4), (389.6, 179.6), (417.6, 179.6), (428.8, 193.6), (428.8, 216.0), (434.4, 238.4), (434.4, 260.8), (434.4, 283.2), (434.4, 305.6), (434.4, 308.4), (434.4, 308.4), (434.4, 308.4), (434.4, 308.4), (434.4, 308.4), (434.4, 308.4), (434.4, 308.4), (434.4, 308.4), (434.4, 308.4), (434.4, 308.4), (434.4, 308.4), (434.4, 308.4), (434.4, 308.4), (434.4, 308.4), (434.4, 308.4), (434.4, 308.4), (434.4, 308.4), (434.4, 308.4), (434.4, 308.4), (434.4, 308.4), (434.4, 308.4), (434.4, 308.4), (434.4, 308.4), (434.4, 308.4), (434.4, 308.4), (434.4, 308.4), (434.4, 308.4), (434.4, 308.4), (434.4, 308.4), (434.4, 308.4)]",0,7.5
speedrunner,bomberman,2,Bomb,1,0,30.52,0.926,"[(48.0, 48.0), (50.8, 45.2), (50.8, 45.2), (50.8, 45.2), (50.8, 45.2), (50.8, 45.2), (50.8, 45.2), (50.8, 45.2), (50.8, 45.2), (50.8, 45.2), (50.8, 45.2), (50.8, 45.2), (50.8, 45.2), (50.8, 48.0), (50.8, 70.4), (50.8, 92.8), (50.8, 115.2), (50.8, 137.6), (50.8, 160.0), (50.8, 160.0), (50.8, 182.4), (50.8, 204.8), (50.8, 204.8), (50.8, 204.8), (50.8, 224.4), (50.8, 224.4), (59.2, 244.0), (81.6, 238.4), (112.4, 249.6), (115.2, 272.0), (115.2, 294.4), (132.0, 305.6), (160.0, 300.0), (179.6, 319.6), (179.6, 342.0), (179.6, 364.4), (202.0, 372.8), (224.4, 372.8), (246.8, 372.8), (269.2, 372.8), (297.2, 372.8), (319.6, 372.8), (342.0, 370.0), (364.4, 372.8), (372.8, 372.8), (372.8, 372.8), (372.8, 372.8), (372.8, 372.8), (372.8, 372.8), (372.8, 372.8), (372.8, 372.8), (372.8, 372.8), (372.8, 372.8), (372.8, 372.8), (372.8, 372.8), (372.8, 372.8), (372.8, 372.8), (372.8, 372.8), (372.8, 372.8), (372.8, 372.8), (372.8, 372.8), (372.8, 372.8), (372.8, 372.8), (372.8, 372.8), (372.8, 372.8), (372.8, 372.8), (372.8, 372.8), (372.8, 372.8), (372.8, 372.8), (372.8, 372.8), (372.8, 372.8), (372.8, 372.8), (372.8, 372.8), (372.8, 372.8), (372.8, 372.8), (372.8, 372.8)]",0,10.0
speedrunner,bomberman,2,Bomb,1,0,39.2,0.926,"[(48.0, 48.0), (70.4, 50.8), (101.2, 50.8), (115.2, 67.6), (115.2, 90.0), (118.0, 112.4), (140.4, 115.2), (168.4, 115.2), (179.6, 134.8), (179.6, 157.2), (185.2, 179.6), (207.6, 179.6), (235.6, 179.6), (244.0, 202.0), (244.0, 230.0), (258.0, 244.0), (286.0, 244.0), (308.4, 255.2), (308.4, 277.6), (314.0, 305.6), (336.4, 308.4), (364.4, 311.2), (372.8, 333.6), (372.8, 356.0), (372.8, 372.8), (372.8, 372.8), (372.8, 372.8), (372.8, 372.8), (372.8, 372.8), (372.8, 372.8), (372.8, 372.8), (372.8, 372.8), (372.8, 372.8), (372.8, 372.8), (372.8, 372.8), (372.8, 372.8), (372.8, 372.8), (372.8, 372.8), (372.8, 372.8), (372.8, 372.8), (372.8, 372.8), (372.8, 372.8), (372.8, 372.8), (372.8, 372.8), (372.8, 372.8), (372.8, 372.8), (372.8, 372.8), (372.8, 372.8), (372.8, 372.8), (372.8, 372.8), (372.8, 372.8), (372.8, 372.8), (372.8, 372.8), (372.8, 372.8), (372.8, 372.8), (372.8, 372.8), (372.8, 372.8)]",0,7.5
speedrunner,bomberman,2,Bomb,1,0,28.0,0.593,"[(48.0, 48.0), (70.4, 50.8), (101.2, 50.8), (115.2, 62.0), (115.2, 62.0), (115.2, 62.0), (115.2, 62.0), (115.2, 62.0), (115.2, 62.0), (115.2, 62.0), (115.2, 62.0), (115.2, 45.2), (115.2, 45.2), (115.2, 45.2), (115.2, 45.2), (115.2, 45.2), (115.2, 45.2), (115.2, 45.2), (115.2, 45.2), (115.2, 45.2), (115.2, 45.2), (115.2, 45.2), (115.2, 45.2), (137.6, 50.8), (165.6, 50.8), (179.6, 62.0), (179.6, 62.0), (179.6, 62.0), (179.6, 62.0), (190.8, 45.2), (216.0, 50.8), (241.2, 56.4), (244.0, 62.0), (244.0, 62.0), (244.0, 62.0), (244.0, 62.0), (244.0, 62.0), (244.0, 62.0), (244.0, 62.0), (244.0, 62.0), (244.0, 62.0), (244.0, 62.0), (244.0, 78.8), (244.0, 78.8), (244.0, 90.0), (249.6, 115.2), (272.0, 115.2), (300.0, 118.0), (308.4, 140.4), (308.4, 162.8), (319.6, 179.6), (344.8, 179.6), (370.0, 188.0), (372.8, 210.4), (372.8, 232.8), (389.6, 244.0), (417.6, 244.0), (434.4, 258.0), (434.4, 280.4), (434.4, 302.8), (434.4, 308.4), (434.4, 308.4), (434.4, 308.4), (434.4, 308.4), (434.4, 308.4), (434.4, 308.4), (434.4, 308.4), (434.4, 308.4), (434.4, 308.4), (434.4, 308.4), (434.4, 308.4), (434.4, 308.4), (434.4, 308.4), (434.4, 308.4), (434.4, 308.4), (434.4, 308.4), (434.4, 308.4), (434.4, 308.4), (434.4, 308.4), (434.4, 308.4), (434.4, 308.4), (434.4, 308.4), (434.4, 308.4), (434.4, 308.4), (434.4, 308.4), (434.4, 308.4), (434.4, 308.4), (434.4, 308.4), (434.4, 308.4), (434.4, 308.4), (434.4, 308.4), (434.4, 308.4), (434.4, 308.4), (434.4, 308.4)]",0,12.5
speedrunner,bomberman,2,Bomb,1,0,58.8,0.519,"[(48.0, 48.0), (70.4, 45.2), (92.8, 45.2), (115.2, 45.2), (137.6, 45.2), (160.0, 45.2), (182.4, 45.2), (204.8, 45.2), (227.2, 48.0), (244.0, 64.8), (244.0, 87.2), (244.0, 109.6), (266.4, 109.6), (294.4, 115.2), (308.4, 134.8), (308.4, 157.2), (314.0, 179.6), (336.4, 179.6), (353.2, 179.6), (353.2, 179.6), (353.2, 179.6), (353.2, 179.6), (353.2, 179.6), (353.2, 179.6), (353.2, 179.6), (353.2, 179.6), (353.2, 179.6), (353.2, 179.6), (353.2, 179.6), (353.2, 179.6), (353.2, 179.6), (353.2, 179.6), (353.2, 179.6), (353.2, 179.6), (353.2, 179.6), (353.2, 179.6), (353.2, 179.6), (353.2, 179.6)]",0,5.0
speedrunner,bomberman,2,Bomb,1,0,30.52,0.926,"[(48.0, 48.0), (50.8, 45.2), (50.8, 45.2), (50.8, 45.2), (50.8, 45.2), (50.8, 45.2), (50.8, 45.2), (50.8, 45.2), (50.8, 45.2), (50.8, 45.2), (50.8, 45.2), (50.8, 45.2), (50.8, 45.2), (50.8, 48.0), (50.8, 70.4), (50.8, 92.8), (50.8, 115.2), (50.8, 137.6), (50.8, 160.0), (50.8, 160.0), (50.8, 182.4), (50.8, 204.8), (50.8, 204.8), (50.8, 204.8), (50.8, 224.4), (50.8, 224.4), (59.2, 244.0), (81.6, 238.4), (112.4, 249.6), (115.2, 272.0), (115.2, 294.4), (132.0, 305.6), (160.0, 300.0), (179.6, 319.6), (179.6, 342.0), (179.6, 364.4), (202.0, 372.8), (224.4, 372.8), (246.8, 372.8), (269.2, 372.8), (297.2, 372.8), (319.6, 372.8), (342.0, 370.0), (364.4, 372.8), (372.8, 372.8), (372.8, 372.8), (372.8, 372.8), (372.8, 372.8), (372.8, 372.8), (372.8, 372.8), (372.8, 372.8), (372.8, 372.8), (372.8, 372.8), (372.8, 372.8), (372.8, 372.8), (372.8, 372.8), (372.8, 372.8), (372.8, 372.8), (372.8, 372.8), (372.8, 372.8), (372.8, 372.8), (372.8, 372.8), (372.8, 372.8), (372.8, 372.8), (372.8, 372.8), (372.8, 372.8), (372.8, 372.8), (372.8, 372.8), (372.8, 372.8), (372.8, 372.8), (372.8, 372.8), (372.8, 372.8), (372.8, 372.8), (372.8, 372.8), (372.8, 372.8), (372.8, 372.8)]",0,10.0
speedrunner,bomberman,2,Bomb,1,0,39.2,0.926,"[(48.0, 48.0), (70.4, 50.8), (101.2, 50.8), (115.2, 67.6), (115.2, 90.0), (118.0, 112.4), (140.4, 115.2), (168.4, 115.2), (179.6, 134.8), (179.6, 157.2), (185.2, 179.6), (207.6, 179.6), (235.6, 179.6), (244.0, 202.0), (244.0, 230.0), (258.0, 244.0), (286.0, 244.0), (308.4, 255.2), (308.4, 277.6), (314.0, 305.6), (336.4, 308.4), (364.4, 311.2), (372.8, 333.6), (372.8, 356.0), (372.8, 372.8), (372.8, 372.8), (372.8, 372.8), (372.8, 372.8), (372.8, 372.8), (372.8, 372.8), (372.8, 372.8), (372.8, 372.8), (372.8, 372.8), (372.8, 372.8), (372.8, 372.8), (372.8, 372.8), (372.8, 372.8), (372.8, 372.8), (372.8, 372.8), (372.8, 372.8), (372.8, 372.8), (372.8, 372.8), (372.8, 372.8), (372.8, 372.8), (372.8, 372.8), (372.8, 372.8), (372.8, 372.8), (372.8, 372.8), (372.8, 372.8), (372.8, 372.8), (372.8, 372.8), (372.8, 372.8), (372.8, 372.8), (372.8, 372.8), (372.8, 372.8), (372.8, 372.8), (372.8, 372.8)]",0,7.5
speedrunner,bomberman,2,Bomb,1,0,40.32,0.926,"[(48.0, 48.0), (70.4, 50.8), (92.8, 45.2), (115.2, 59.2), (115.2, 81.6), (115.2, 104.0), (132.0, 115.2), (160.0, 115.2), (179.6, 126.4), (179.6, 148.8), (179.6, 171.2), (199.2, 179.6), (227.2, 179.6), (244.0, 193.6), (244.0, 216.0), (244.0, 238.4), (266.4, 244.0), (294.4, 244.0), (308.4, 263.6), (308.4, 286.0), (316.8, 308.4), (339.2, 308.4), (367.2, 314.0), (372.8, 336.4), (372.8, 358.8), (372.8, 372.8), (372.8, 372.8), (372.8, 372.8), (372.8, 372.8), (372.8, 372.8), (372.8, 372.8), (372.8, 372.8), (372.8, 372.8), (372.8, 372.8), (372.8, 372.8), (372.8, 372.8), (372.8, 372.8), (372.8, 372.8), (372.8, 372.8), (372.8, 372.8), (372.8, 372.8), (372.8, 372.8), (372.8, 372.8), (372.8, 372.8), (372.8, 372.8), (372.8, 372.8), (372.8, 372.8), (372.8, 372.8), (372.8, 372.8), (372.8, 372.8), (372.8, 372.8), (372.8, 372.8), (372.8, 372.8), (372.8, 372.8), (372.8, 372.8), (372.8, 372.8), (372.8, 372.8)]",0,7.5
speedrunner,bomberman,2,Bomb,1,0,39.2,0.926,"[(48.0, 48.0), (70.4, 50.8), (101.2, 50.8), (115.2, 67.6), (115.2, 90.0), (118.0, 112.4), (140.4, 115.2), (168.4, 115.2), (179.6, 134.8), (179.6, 157.2), (185.2, 179.6), (207.6, 179.6), (235.6, 179.6), (244.0, 202.0), (244.0, 230.0), (258.0, 244.0), (286.0, 244.0), (308.4, 255.2), (308.4, 277.6), (314.0, 305.6), (336.4, 308.4), (364.4, 311.2), (372.8, 333.6), (372.8, 356.0), (372.8, 372.8), (372.8, 372.8), (372.8, 372.8), (372.8, 372.8), (372.8, 372.8), (372.8, 372.8), (372.8, 372.8), (372.8, 372.8), (372.8, 372.8), (372.8, 372.8), (372.8, 372.8), (372.8, 372.8), (372.8, 372.8), (372.8, 372.8), (372.8, 372.8), (372.8, 372.8), (372.8, 372.8), (372.8, 372.8), (372.8, 372.8), (372.8, 372.8), (372.8, 372.8), (372.8, 372.8), (372.8, 372.8), (372.8, 372.8), (372.8, 372.8), (372.8, 372.8), (372.8, 372.8), (372.8, 372.8), (372.8, 372.8), (372.8, 372.8), (372.8, 372.8), (372.8, 372.8), (372.8, 372.8)]",0,7.5
speedrunner,bomberman,2,Bomb,1,0,39.2,0.926,"[(48.0, 48.0), (70.4, 50.8), (101.2, 50.8), (115.2, 67.6), (115.2, 90.0), (118.0, 112.4), (140.4, 115.2), (168.4, 115.2), (179.6, 134.8), (179.6, 157.2), (185.2, 179.6), (207.6, 179.6), (235.6, 179.6), (244.0, 202.0), (244.0, 230.0), (258.0, 244.0), (286.0, 244.0), (308.4, 255.2), (308.4, 277.6), (314.0, 305.6), (336.4, 308.4), (364.4, 311.2), (372.8, 333.6), (372.8, 356.0), (372.8, 372.8), (372.8, 372.8), (372.8, 372.8), (372.8, 372.8), (372.8, 372.8), (372.8, 372.8), (372.8, 372.8), (372.8, 372.8), (372.8, 372.8), (372.8, 372.8), (372.8, 372.8), (372.8, 372.8), (372.8, 372.8), (372.8, 372.8), (372.8, 372.8), (372.8, 372.8), (372.8, 372.8), (372.8, 372.8), (372.8, 372.8), (372.8, 372.8), (372.8, 372.8), (372.8, 372.8), (372.8, 372.8), (372.8, 372.8), (372.8, 372.8), (372.8, 372.8), (372.8, 372.8), (372.8, 372.8), (372.8, 372.8), (372.8, 372.8), (372.8, 372.8), (372.8, 372.8), (372.8, 372.8)]",0,7.5
speedrunner,bomberman,2,Bomb,1,0,42.19,0.926,"[(48.0, 48.0), (48.0, 64.8), (48.0, 87.2), (48.0, 109.6), (48.0, 132.0), (48.0, 154.4), (48.0, 176.8), (48.0, 199.2), (48.0, 221.6), (48.0, 244.0), (48.0, 266.4), (48.0, 288.8), (62.0, 308.4), (87.2, 308.4), (115.2, 316.8), (115.2, 339.2), (118.0, 367.2), (140.4, 372.8), (162.8, 372.8), (185.2, 372.8), (207.6, 372.8), (230.0, 372.8), (252.4, 372.8), (274.8, 372.8), (297.2, 372.8), (319.6, 372.8), (342.0, 372.8), (364.4, 372.8), (372.8, 372.8), (372.8, 372.8), (372.8, 372.8), (372.8, 372.8), (372.8, 372.8), (372.8, 372.8), (372.8, 372.8), (372.8, 372.8), (372.8, 372.8), (372.8, 372.8), (372.8, 372.8), (372.8, 372.8), (372.8, 372.8), (372.8, 372.8), (372.8, 372.8), (372.8, 372.8), (372.8, 372.8), (372.8, 372.8), (372.8, 372.8), (372.8, 372.8), (372.8, 372.8), (372.8, 372.8), (372.8, 372.8), (372.8, 372.8), (372.8, 372.8), (372.8, 372.8), (372.8, 372.8), (372.8, 372.8), (372.8, 372.8)]",0,7.5
speedrunner,bomberman,2,Bomb,1,0,40.32,0.926,"[(48.0, 48.0), (70.4, 45.2), (92.8, 45.2), (115.2, 59.2), (115.2, 81.6), (115.2, 104.0), (132.0, 115.2), (160.0, 115.2), (179.6, 126.4), (179.6, 148.8), (179.6, 171.2), (199.2, 179.6), (227.2, 179.6), (244.0, 193.6), (244.0, 216.0), (244.0, 238.4), (266.4, 244.0), (294.4, 244.0), (308.4, 263.6), (308.4, 286.0), (316.8, 308.4), (339.2, 308.4), (367.2, 314.0), (372.8, 336.4), (372.8, 358.8), (372.8, 372.8), (372.8, 372.8), (372.8, 372.8), (372.8, 372.8), (372.8, 372.8), (372.8, 372.8), (372.8, 372.8), (372.8, 372.8), (372.8, 372.8), (372.8, 372.8), (372.8, 372.8), (372.8, 372.8), (372.8, 372.8), (372.8, 372.8), (372.8, 372.8), (372.8, 372.8), (372.8, 372.8), (372.8, 372.8), (372.8, 372.8), (372.8, 372.8), (372.8, 372.8), (372.8, 372.8), (372.8, 372.8), (372.8, 372.8), (372.8, 372.8), (372.8, 372.8), (372.8, 372.8), (372.8, 372.8), (372.8, 372.8), (372.8, 372.8), (372.8, 372.8), (372.8, 372.8)]",0,7.5
speedrunner,bomberman,2,Bomb,1,0,39.2,0.926,"[(48.0, 48.0), (70.4, 50.8), (101.2, 50.8), (115.2, 67.6), (115.2, 90.0), (118.0, 112.4), (140.4, 115.2), (168.4, 115.2), (179.6, 134.8), (179.6, 157.2), (185.2, 179.6), (207.6, 179.6), (235.6, 179.6), (244.0, 202.0), (244.0, 230.0), (258.0, 244.0), (286.0, 244.0), (308.4, 255.2), (308.4, 277.6), (314.0, 305.6), (336.4, 308.4), (364.4, 311.2), (372.8, 333.6), (372.8, 356.0), (372.8, 372.8), (372.8, 372.8), (372.8, 372.8), (372.8, 372.8), (372.8, 372.8), (372.8, 372.8), (372.8, 372.8), (372.8, 372.8), (372.8, 372.8), (372.8, 372.8), (372.8, 372.8), (372.8, 372.8), (372.8, 372.8), (372.8, 372.8), (372.8, 372.8), (372.8, 372.8), (372.8, 372.8), (372.8, 372.8), (372.8, 372.8), (372.8, 372.8), (372.8, 372.8), (372.8, 372.8), (372.8, 372.8), (372.8, 372.8), (372.8, 372.8), (372.8, 372.8), (372.8, 372.8), (372.8, 372.8), (372.8, 372.8), (372.8, 372.8), (372.8, 372.8), (372.8, 372.8), (372.8, 372.8)]",0,7.5
speedrunner,bomberman,2,Bomb,1,0,28.37,0.63,"[(48.0, 48.0), (50.8, 70.4), (50.8, 92.8), (50.8, 115.2), (50.8, 137.6), (50.8, 160.0), (50.8, 182.4), (50.8, 204.8), (50.8, 227.2), (50.8, 249.6), (50.8, 272.0), (50.8, 294.4), (67.6, 308.4), (98.4, 308.4), (115.2, 322.4), (115.2, 344.8), (118.0, 367.2), (140.4, 372.8), (162.8, 372.8), (185.2, 372.8), (207.6, 372.8), (230.0, 372.8), (244.0, 372.8), (244.0, 372.8), (244.0, 372.8), (244.0, 372.8), (244.0, 372.8), (244.0, 372.8), (244.0, 372.8), (244.0, 372.8), (244.0, 372.8), (244.0, 372.8), (244.0, 372.8), (244.0, 372.8), (244.0, 372.8), (244.0, 372.8), (244.0, 372.8), (244.0, 372.8), (244.0, 372.8), (244.0, 372.8), (244.0, 372.8), (244.0, 372.8), (263.6, 372.8), (269.2, 372.8), (269.2, 364.4), (269.2, 364.4), (269.2, 364.4), (269.2, 364.4), (269.2, 364.4), (269.2, 364.4), (269.2, 364.4), (269.2, 364.4), (269.2, 364.4), (269.2, 364.4), (269.2, 364.4), (269.2, 364.4), (269.2, 364.4)]",0,7.5
speedrunner,bomberman,2,Bomb,1,0,39.2,0.926,"[(48.0, 48.0), (67.6, 50.8), (98.4, 50.8), (115.2, 64.8), (115.2, 87.2), (115.2, 109.6), (137.6, 115.2), (165.6, 115.2), (179.6, 132.0), (179.6, 154.4), (182.4, 176.8), (204.8, 179.6), (232.8, 179.6), (244.0, 199.2), (244.0, 221.6), (249.6, 244.0), (272.0, 244.0), (300.0, 246.8), (308.4, 269.2), (308.4, 291.6), (322.4, 308.4), (350.4, 308.4), (372.8, 319.6), (372.8, 342.0), (372.8, 364.4), (372.8, 372.8), (372.8, 372.8), (372.8, 372.8), (372.8, 372.8), (372.8, 372.8), (372.8, 372.8), (372.8, 372.8), (372.8, 372.8), (372.8, 372.8), (372.8, 372.8), (372.8, 372.8), (372.8, 372.8), (372.8, 372.8), (372.8, 372.8), (372.8, 372.8), (372.8, 372.8), (372.8, 372.8), (372.8, 372.8), (372.8, 372.8), (372.8, 372.8), (372.8, 372.8), (372.8, 372.8), (372.8, 372.8), (372.8, 372.8), (372.8, 372.8), (372.8, 372.8), (372.8, 372.8), (372.8, 372.8), (372.8, 372.8), (372.8, 372.8), (372.8, 372.8), (372.8, 372.8)]",0,7.5
speedrunner,bomberman,2,Bomb,1,0,39.2,0.926,"[(48.0, 48.0), (67.6, 50.8), (98.4, 50.8), (115.2, 64.8), (115.2, 87.2), (115.2, 109.6), (137.6, 115.2), (165.6, 115.2), (179.6, 132.0), (179.6, 154.4), (182.4, 176.8), (204.8, 179.6), (232.8, 179.6), (244.0, 199.2), (244.0, 221.6), (249.6, 244.0), (272.0, 244.0), (300.0, 246.8), (308.4, 269.2), (308.4, 291.6), (322.4, 308.4), (350.4, 308.4), (372.8, 319.6), (372.8, 342.0), (372.8, 364.4), (372.8, 372.8), (372.8, 372.8), (372.8, 372.8), (372.8, 372.8), (372.8, 372.8), (372.8, 372.8), (372.8, 372.8), (372.8, 372.8), (372.8, 372.8), (372.8, 372.8), (372.8, 372.8), (372.8, 372.8), (372.8, 372.8), (372.8, 372.8), (372.8, 372.8), (372.8, 372.8), (372.8, 372.8), (372.8, 372.8), (372.8, 372.8), (372.8, 372.8), (372.8, 372.8), (372.8, 372.8), (372.8, 372.8), (372.8, 372.8), (372.8, 372.8), (372.8, 372.8), (372.8, 372.8), (372.8, 372.8), (372.8, 372.8), (372.8, 372.8), (372.8, 372.8), (372.8, 372.8)]",0,7.5
speedrunner,bomberman,2,Bomb,1,0,39.2,0.926,"[(48.0, 48.0), (70.4, 50.8), (101.2, 50.8), (115.2, 67.6), (115.2, 90.0), (118.0, 112.4), (140.4, 115.2), (168.4, 115.2), (179.6, 134.8), (179.6, 157.2), (185.2, 179.6), (207.6, 179.6), (235.6, 179.6), (244.0, 202.0), (244.0, 230.0), (258.0, 244.0), (286.0, 244.0), (308.4, 255.2), (308.4, 277.6), (314.0, 305.6), (336.4, 308.4), (364.4, 311.2), (372.8, 333.6), (372.8, 356.0), (372.8, 372.8), (372.8, 372.8), (372.8, 372.8), (372.8, 372.8), (372.8, 372.8), (372.8, 372.8), (372.8, 372.8), (372.8, 372.8), (372.8, 372.8), (372.8, 372.8), (372.8, 372.8), (372.8, 372.8), (372.8, 372.8), (372.8, 372.8), (372.8, 372.8), (372.8, 372.8), (372.8, 372.8), (372.8, 372.8), (372.8, 372.8), (372.8, 372.8), (372.8, 372.8), (372.8, 372.8), (372.8, 372.8), (372.8, 372.8), (372.8, 372.8), (372.8, 372.8), (372.8, 372.8), (372.8, 372.8), (372.8, 372.8), (372.8, 372.8), (372.8, 372.8), (372.8, 372.8), (372.8, 372.8)]",0,7.5
speedrunner,bomberman,2,Bomb,1,0,39.2,0.926,"[(48.0, 48.0), (70.4, 50.8), (101.2, 50.8), (115.2, 67.6), (115.2, 90.0), (118.0, 112.4), (140.4, 115.2), (168.4, 115.2), (179.6, 134.8), (179.6, 157.2), (185.2, 179.6), (207.6, 179.6), (235.6, 179.6), (244.0, 202.0), (244.0, 230.0), (258.0, 244.0), (286.0, 244.0), (308.4, 255.2), (308.4, 277.6), (314.0, 305.6), (336.4, 308.4), (364.4, 311.2), (372.8, 333.6), (372.8, 356.0), (372.8, 372.8), (372.8, 372.8), (372.8, 372.8), (372.8, 372.8), (372.8, 372.8), (372.8, 372.8), (372.8, 372.8), (372.8, 372.8), (372.8, 372.8), (372.8, 372.8), (372.8, 372.8), (372.8, 372.8), (372.8, 372.8), (372.8, 372.8), (372.8, 372.8), (372.8, 372.8), (372.8, 372.8), (372.8, 372.8), (372.8, 372.8), (372.8, 372.8), (372.8, 372.8), (372.8, 372.8), (372.8, 372.8), (372.8, 372.8), (372.8, 372.8), (372.8, 372.8), (372.8, 372.8), (372.8, 372.8), (372.8, 372.8), (372.8, 372.8), (372.8, 372.8), (372.8, 372.8), (372.8, 372.8)]",0,7.5
speedrunner,bomberman,2,Bomb,1,0,40.32,0.926,"[(48.0, 48.0), (70.4, 45.2), (92.8, 45.2), (115.2, 59.2), (115.2, 81.6), (115.2, 104.0), (132.0, 115.2), (160.0, 115.2), (179.6, 126.4), (179.6, 148.8), (179.6, 171.2), (199.2, 179.6), (227.2, 179.6), (244.0, 193.6), (244.0, 216.0), (244.0, 238.4), (266.4, 244.0), (294.4, 244.0), (308.4, 263.6), (308.4, 286.0), (316.8, 308.4), (339.2, 308.4), (367.2, 314.0), (372.8, 336.4), (372.8, 358.8), (372.8, 372.8), (372.8, 372.8), (372.8, 372.8), (372.8, 372.8), (372.8, 372.8), (372.8, 372.8), (372.8, 372.8), (372.8, 372.8), (372.8, 372.8), (372.8, 372.8), (372.8, 372.8), (372.8, 372.8), (372.8, 372.8), (372.8, 372.8), (372.8, 372.8), (372.8, 372.8), (372.8, 372.8), (372.8, 372.8), (372.8, 372.8), (372.8, 372.8), (372.8, 372.8), (372.8, 372.8), (372.8, 372.8), (372.8, 372.8), (372.8, 372.8), (372.8, 372.8), (372.8, 372.8), (372.8, 372.8), (372.8, 372.8), (372.8, 372.8), (372.8, 372.8), (372.8, 372.8)]",0,7.5
speedrunner,bomberman,2,Bomb,1,0,39.2,0.926,"[(48.0, 48.0), (70.4, 50.8), (101.2, 50.8), (115.2, 67.6), (115.2, 90.0), (118.0, 112.4), (140.4, 115.2), (168.4, 115.2), (179.6, 134.8), (179.6, 157.2), (185.2, 179.6), (207.6, 179.6), (235.6, 179.6), (244.0, 202.0), (244.0, 224.4), (252.4, 244.0), (274.8, 244.0), (302.8, 249.6), (308.4, 272.0), (308.4, 294.4), (325.2, 308.4), (353.2, 308.4), (372.8, 322.4), (372.8, 344.8), (372.8, 367.2), (372.8, 372.8), (372.8, 372.8), (372.8, 372.8), (372.8, 372.8), (372.8, 372.8), (372.8, 372.8), (372.8, 372.8), (372.8, 372.8), (372.8, 372.8), (372.8, 372.8), (372.8, 372.8), (372.8, 372.8), (372.8, 372.8), (372.8, 372.8), (372.8, 372.8), (372.8, 372.8), (372.8, 372.8), (372.8, 372.8), (372.8, 372.8), (372.8, 372.8), (372.8, 372.8), (372.8, 372.8), (372.8, 372.8), (372.8, 372.8), (372.8, 372.8), (372.8, 372.8), (372.8, 372.8), (372.8, 372.8), (372.8, 372.8), (372.8, 372.8), (372.8, 372.8), (372.8, 372.8)]",0,7.5
speedrunner,bomberman,2,Bomb,1,0,40.32,0.926,"[(48.0, 48.0), (70.4, 50.8), (92.8, 45.2), (115.2, 59.2), (115.2, 81.6), (118.0, 112.4), (140.4, 115.2), (168.4, 115.2), (179.6, 134.8), (179.6, 157.2), (185.2, 179.6), (207.6, 179.6), (235.6, 179.6), (244.0, 202.0), (244.0, 224.4), (252.4, 244.0), (274.8, 244.0), (302.8, 249.6), (308.4, 272.0), (308.4, 294.4), (325.2, 308.4), (353.2, 308.4), (372.8, 322.4), (372.8, 344.8), (372.8, 367.2), (372.8, 372.8), (372.8, 372.8), (372.8, 372.8), (372.8, 372.8), (372.8, 372.8), (372.8, 372.8), (372.8, 372.8), (372.8, 372.8), (372.8, 372.8), (372.8, 372.8), (372.8, 372.8), (372.8, 372.8), (372.8, 372.8), (372.8, 372.8), (372.8, 372.8), (372.8, 372.8), (372.8, 372.8), (372.8, 372.8), (372.8, 372.8), (372.8, 372.8), (372.8, 372.8), (372.8, 372.8), (372.8, 372.8), (372.8, 372.8), (372.8, 372.8), (372.8, 372.8), (372.8, 372.8), (372.8, 372.8), (372.8, 372.8), (372.8, 372.8), (372.8, 372.8), (372.8, 372.8)]",0,7.5
speedrunner,bomberman,2,Bomb,1,0,50.03,0.593,"[(48.0, 48.0), (70.4, 45.2), (92.8, 45.2), (115.2, 45.2), (137.6, 45.2), (160.0, 45.2), (182.4, 45.2), (204.8, 45.2), (227.2, 45.2), (249.6, 45.2), (272.0, 45.2), (294.4, 45.2), (308.4, 64.8), (308.4, 64.8), (308.4, 64.8), (308.4, 64.8), (308.4, 64.8), (308.4, 64.8), (308.4, 64.8), (308.4, 64.8), (308.4, 64.8), (308.4, 64.8), (308.4, 64.8), (308.4, 64.8), (308.4, 64.8), (308.4, 76.0), (308.4, 98.4), (319.6, 115.2), (344.8, 115.2), (370.0, 123.6), (372.8, 146.0), (372.8, 168.4), (389.6, 179.6), (417.6, 179.6), (434.4, 193.6), (434.4, 216.0), (434.4, 238.4), (434.4, 260.8), (434.4, 283.2), (434.4, 305.6), (434.4, 308.4), (434.4, 308.4), (434.4, 308.4), (434.4, 308.4), (434.4, 308.4), (434.4, 308.4), (434.4, 308.4), (434.4, 308.4), (434.4, 308.4), (434.4, 308.4), (434.4, 308.4), (434.4, 308.4), (434.4, 308.4), (434.4, 308.4), (434.4, 308.4), (434.4, 308.4), (434.4, 308.4)]",0,7.5
speedrunner,bomberman,2,Bomb,1,0,39.2,0.926,"[(48.0, 48.0), (70.4, 50.8), (101.2, 50.8), (115.2, 67.6), (115.2, 90.0), (118.0, 112.4), (140.4, 115.2), (168.4, 115.2), (179.6, 134.8), (179.6, 157.2), (185.2, 179.6), (207.6, 179.6), (235.6, 179.6), (244.0, 202.0), (244.0, 230.0), (258.0, 244.0), (286.0, 244.0), (308.4, 255.2), (308.4, 277.6), (314.0, 305.6), (336.4, 308.4), (364.4, 311.2), (372.8, 333.6), (372.8, 356.0), (372.8, 372.8), (372.8, 372.8), (372.8, 372.8), (372.8, 372.8), (372.8, 372.8), (372.8, 372.8), (372.8, 372.8), (372.8, 372.8), (372.8, 372.8), (372.8, 372.8), (372.8, 372.8), (372.8, 372.8), (372.8, 372.8), (372.8, 372.8), (372.8, 372.8), (372.8, 372.8), (372.8, 372.8), (372.8, 372.8), (372.8, 372.8), (372.8, 372.8), (372.8, 372.8), (372.8, 372.8), (372.8, 372.8), (372.8, 372.8), (372.8, 372.8), (372.8, 372.8), (372.8, 372.8), (372.8, 372.8), (372.8, 372.8), (372.8, 372.8), (372.8, 372.8), (372.8, 372.8), (372.8, 372.8)]",0,7.5
speedrunner,bomberman,2,Bomb,1,0,39.95,0.926,"[(48.0, 48.0), (50.8, 70.4), (50.8, 92.8), (56.4, 115.2), (78.8, 115.2), (109.6, 118.0), (115.2, 140.4), (115.2, 162.8), (126.4, 179.6), (151.6, 179.6), (176.8, 185.2), (179.6, 207.6), (179.6, 230.0), (193.6, 244.0), (221.6, 244.0), (244.0, 252.4), (244.0, 274.8), (244.0, 297.2), (263.6, 308.4), (291.6, 308.4), (308.4, 325.2), (308.4, 353.2), (319.6, 372.8), (342.0, 372.8), (364.4, 372.8), (372.8, 372.8), (372.8, 372.8), (372.8, 372.8), (372.8, 372.8), (372.8, 372.8), (372.8, 372.8), (372.8, 372.8), (372.8, 372.8), (372.8, 372.8), (372.8, 372.8), (372.8, 372.8), (372.8, 372.8), (372.8, 372.8), (372.8, 372.8), (372.8, 372.8), (372.8, 372.8), (372.8, 372.8), (372.8, 372.8), (372.8, 372.8), (372.8, 372.8), (372.8, 372.8), (372.8, 372.8), (372.8, 372.8), (372.8, 372.8), (372.8, 372.8), (372.8, 372.8), (372.8, 372.8), (372.8, 372.8), (372.8, 372.8), (372.8, 372.8), (372.8, 372.8), (372.8, 372.8)]",0,7.5
speedrunner,bomberman,2,Bomb,1,0,42.19,0.926,"[(48.0, 48.0), (48.0, 70.4), (48.0, 92.8), (48.0, 115.2), (48.0, 137.6), (48.0, 160.0), (48.0, 182.4), (48.0, 204.8), (48.0, 227.2), (48.0, 249.6), (48.0, 272.0), (48.0, 294.4), (67.6, 308.4), (98.4, 308.4), (115.2, 322.4), (115.2, 344.8), (118.0, 367.2), (140.4, 372.8), (162.8, 372.8), (185.2, 372.8), (207.6, 372.8), (230.0, 372.8), (252.4, 372.8), (274.8, 372.8), (297.2, 372.8), (319.6, 372.8), (342.0, 372.8), (364.4, 372.8), (372.8, 372.8), (372.8, 372.8), (372.8, 372.8), (372.8, 372.8), (372.8, 372.8), (372.8, 372.8), (372.8, 372.8), (372.8, 372.8), (372.8, 372.8), (372.8, 372.8), (372.8, 372.8), (372.8, 372.8), (372.8, 372.8), (372.8, 372.8), (372.8, 372.8), (372.8, 372.8), (372.8, 372.8), (372.8, 372.8), (372.8, 372.8), (372.8, 372.8), (372.8, 372.8), (372.8, 372.8), (372.8, 372.8), (372.8, 372.8), (372.8, 372.8), (372.8, 372.8), (372.8, 372.8), (372.8, 372.8), (372.8, 372.8)]",0,7.5
speedrunner,bomberman,2,Bomb,1,0,42.19,0.926,"[(48.0, 48.0), (48.0, 70.4), (48.0, 92.8), (48.0, 115.2), (48.0, 137.6), (48.0, 160.0), (48.0, 182.4), (48.0, 204.8), (48.0, 227.2), (48.0, 249.6), (48.0, 272.0), (48.0, 294.4), (67.6, 308.4), (98.4, 308.4), (115.2, 322.4), (115.2, 344.8), (118.0, 367.2), (140.4, 372.8), (162.8, 372.8), (185.2, 372.8), (207.6, 372.8), (230.0, 372.8), (252.4, 372.8), (274.8, 372.8), (297.2, 372.8), (319.6, 372.8), (342.0, 372.8), (364.4, 372.8), (372.8, 372.8), (372.8, 372.8), (372.8, 372.8), (372.8, 372.8), (372.8, 372.8), (372.8, 372.8), (372.8, 372.8), (372.8, 372.8), (372.8, 372.8), (372.8, 372.8), (372.8, 372.8), (372.8, 372.8), (372.8, 372.8), (372.8, 372.8), (372.8, 372.8), (372.8, 372.8), (372.8, 372.8), (372.8, 372.8), (372.8, 372.8), (372.8, 372.8), (372.8, 372.8), (372.8, 372.8), (372.8, 372.8), (372.8, 372.8), (372.8, 372.8), (372.8, 372.8), (372.8, 372.8), (372.8, 372.8), (372.8, 372.8)]",0,7.5
speedrunner,bomberman,2,Bomb,1,0,39.95,0.926,"[(48.0, 48.0), (50.8, 70.4), (50.8, 92.8), (56.4, 115.2), (78.8, 115.2), (109.6, 118.0), (115.2, 140.4), (115.2, 162.8), (126.4, 179.6), (151.6, 179.6), (176.8, 185.2), (179.6, 207.6), (179.6, 230.0), (193.6, 244.0), (221.6, 244.0), (244.0, 252.4), (244.0, 274.8), (244.0, 297.2), (263.6, 308.4), (291.6, 308.4), (308.4, 325.2), (308.4, 353.2), (319.6, 372.8), (342.0, 372.8), (364.4, 372.8), (372.8, 372.8), (372.8, 372.8), (372.8, 372.8), (372.8, 372.8), (372.8, 372.8), (372.8, 372.8), (372.8, 372.8), (372.8, 372.8), (372.8, 372.8), (372.8, 372.8), (372.8, 372.8), (372.8, 372.8), (372.8, 372.8), (372.8, 372.8), (372.8, 372.8), (372.8, 372.8), (372.8, 372.8), (372.8, 372.8), (372.8, 372.8), (372.8, 372.8), (372.8, 372.8), (372.8, 372.8), (372.8, 372.8), (372.8, 372.8), (372.8, 372.8), (372.8, 372.8), (372.8, 372.8), (372.8, 372.8), (372.8, 372.8), (372.8, 372.8), (372.8, 372.8), (372.8, 372.8)]",0,7.5
speedrunner,bomberman,2,Bomb,1,0,39.2,0.926,"[(48.0, 48.0), (70.4, 50.8), (101.2, 50.8), (115.2, 67.6), (115.2, 90.0), (118.0, 112.4), (140.4, 115.2), (168.4, 115.2), (179.6, 134.8), (179.6, 157.2), (185.2, 179.6), (207.6, 179.6), (235.6, 179.6), (244.0, 202.0), (244.0, 230.0), (258.0, 244.0), (286.0, 244.0), (308.4, 255.2), (308.4, 277.6), (314.0, 305.6), (336.4, 308.4), (364.4, 311.2), (372.8, 333.6), (372.8, 356.0), (372.8, 372.8), (372.8, 372.8), (372.8, 372.8), (372.8, 372.8), (372.8, 372.8), (372.8, 372.8), (372.8, 372.8), (372.8, 372.8), (372.8, 372.8), (372.8, 372.8), (372.8, 372.8), (372.8, 372.8), (372.8, 372.8), (372.8, 372.8), (372.8, 372.8), (372.8, 372.8), (372.8, 372.8), (372.8, 372.8), (372.8, 372.8), (372.8, 372.8), (372.8, 372.8), (372.8, 372.8), (372.8, 372.8), (372.8, 372.8), (372.8, 372.8), (372.8, 372.8), (372.8, 372.8), (372.8, 372.8), (372.8, 372.8), (372.8, 372.8), (372.8, 372.8), (372.8, 372.8), (372.8, 372.8)]",0,7.5
speedrunner,bomberman,2,Bomb,1,0,40.32,0.926,"[(48.0, 48.0), (70.4, 50.8), (92.8, 45.2), (115.2, 59.2), (115.2, 81.6), (118.0, 112.4), (140.4, 115.2), (168.4, 115.2), (179.6, 134.8), (179.6, 157.2), (185.2, 179.6), (207.6, 179.6), (235.6, 179.6), (244.0, 202.0), (244.0, 224.4), (252.4, 244.0), (274.8, 244.0), (302.8, 249.6), (308.4, 272.0), (308.4, 294.4), (325.2, 308.4), (353.2, 308.4), (372.8, 322.4), (372.8, 344.8), (372.8, 367.2), (372.8, 372.8), (372.8, 372.8), (372.8, 372.8), (372.8, 372.8), (372.8, 372.8), (372.8, 372.8), (372.8, 372.8), (372.8, 372.8), (372.8, 372.8), (372.8, 372.8), (372.8, 372.8), (372.8, 372.8), (372.8, 372.8), (372.8, 372.8), (372.8, 372.8), (372.8, 372.8), (372.8, 372.8), (372.8, 372.8), (372.8, 372.8), (372.8, 372.8), (372.8, 372.8), (372.8, 372.8), (372.8, 372.8), (372.8, 372.8), (372.8, 372.8), (372.8, 372.8), (372.8, 372.8), (372.8, 372.8), (372.8, 372.8), (372.8, 372.8), (372.8, 372.8), (372.8, 372.8)]",0,7.5
speedrunner,bomberman,2,Bomb,3,0,55.83,0.741,"[(48.0, 48.0), (50.8, 70.4), (50.8, 92.8), (56.4, 115.2), (78.8, 115.2), (109.6, 118.0), (115.2, 140.4), (115.2, 165.6), (129.2, 179.6), (157.2, 179.6), (179.6, 188.0), (179.6, 210.4), (179.6, 238.4), (202.0, 244.0), (230.0, 244.0), (244.0, 260.8), (244.0, 288.8), (255.2, 308.4), (280.4, 308.4), (305.6, 316.8), (308.4, 339.2), (311.2, 367.2), (333.6, 372.8), (356.0, 372.8), (372.8, 372.8), (372.8, 372.8), (372.8, 372.8), (372.8, 372.8), (372.8, 372.8), (372.8, 372.8), (372.8, 372.8), (372.8, 372.8), (372.8, 372.8), (372.8, 372.8), (372.8, 372.8), (372.8, 372.8), (372.8, 372.8), (372.8, 372.8), (372.8, 372.8), (372.8, 372.8), (372.8, 372.8)]",0,5.37
speedrunner,bomberman,2,Bomb,1,0,37.94,0.926,"[(48.0, 48.0), (70.4, 50.8), (101.2, 50.8), (115.2, 67.6), (115.2, 95.6), (126.4, 115.2), (151.6, 115.2), (176.8, 120.8), (179.6, 143.2), (179.6, 165.6), (193.6, 179.6), (221.6, 179.6), (244.0, 188.0), (244.0, 210.4), (244.0, 232.8), (260.8, 244.0), (288.8, 244.0), (308.4, 258.0), (308.4, 280.4), (311.2, 302.8), (333.6, 308.4), (358.8, 308.4), (372.8, 328.0), (372.8, 350.4), (372.8, 372.8), (372.8, 372.8), (372.8, 372.8), (372.8, 372.8), (372.8, 372.8), (372.8, 372.8), (372.8, 372.8), (372.8, 372.8), (372.8, 372.8), (372.8, 372.8), (372.8, 372.8), (372.8, 372.8), (372.8, 372.8), (372.8, 372.8), (372.8, 372.8), (372.8, 372.8), (372.8, 372.8), (372.8, 372.8), (372.8, 372.8), (372.8, 372.8), (372.8, 372.8), (372.8, 372.8), (372.8, 372.8), (372.8, 372.8), (372.8, 372.8), (372.8, 372.8), (372.8, 372.8), (372.8, 372.8), (372.8, 372.8), (372.8, 372.8), (372.8, 372.8), (372.8, 372.8), (372.8, 372.8), (372.8, 372.8), (372.8, 372.8)]",0,7.75
speedrunner,bomberman,2,Stuck,1,0,28.09,0.741,"[(48.0, 48.0), (70.4, 50.8), (101.2, 50.8), (115.2, 67.6), (115.2, 90.0), (118.0, 112.4), (140.4, 115.2), (168.4, 115.2), (179.6, 134.8), (179.6, 157.2), (185.2, 179.6), (207.6, 179.6), (235.6, 179.6), (244.0, 202.0), (244.0, 224.4), (252.4, 244.0), (274.8, 244.0), (302.8, 249.6), (308.4, 272.0), (308.4, 294.4), (325.2, 308.4), (353.2, 308.4), (372.8, 322.4), (372.8, 344.8), (372.8, 367.2), (372.8, 372.8), (372.8, 372.8), (372.8, 372.8), (372.8, 372.8), (372.8, 372.8), (372.8, 372.8), (372.8, 372.8), (372.8, 372.8), (372.8, 372.8), (372.8, 372.8), (372.8, 372.8), (372.8, 372.8), (372.8, 372.8), (372.8, 372.8), (372.8, 372.8), (372.8, 372.8), (372.8, 372.8), (372.8, 372.8), (372.8, 372.8), (372.8, 372.8), (372.8, 372.8), (372.8, 372.8), (372.8, 372.8), (372.8, 372.8), (372.8, 372.8), (372.8, 372.8), (372.8, 372.8), (372.8, 372.8), (372.8, 372.8), (372.8, 372.8), (372.8, 372.8), (372.8, 372.8), (372.8, 372.8), (372.8, 372.8), (372.8, 372.8), (372.8, 372.8), (372.8, 372.8), (372.8, 372.8), (372.8, 372.8), (372.8, 372.8), (372.8, 372.8), (372.8, 372.8), (372.8, 372.8), (372.8, 372.8), (372.8, 372.8), (372.8, 372.8), (372.8, 372.8), (372.8, 372.8), (372.8, 372.8), (372.8, 372.8), (372.8, 372.8), (372.8, 372.8), (372.8, 372.8), (372.8, 372.8)]",0,10.47
speedrunner,bomberman,2,Bomb,1,0,47.41,0.667,"[(48.0, 48.0), (70.4, 50.8), (101.2, 50.8), (115.2, 59.2), (115.2, 64.8), (115.2, 62.0), (115.2, 59.2), (115.2, 64.8), (115.2, 62.0), (115.2, 59.2), (115.2, 64.8), (115.2, 62.0), (115.2, 59.2), (115.2, 64.8), (115.2, 62.0), (115.2, 59.2), (115.2, 64.8), (115.2, 56.4), (132.0, 48.0), (160.0, 50.8), (179.6, 62.0), (179.6, 59.2), (179.6, 73.2), (179.6, 104.0), (196.4, 115.2), (224.4, 115.2), (244.0, 126.4), (244.0, 148.8), (244.0, 171.2), (263.6, 179.6), (291.6, 179.6), (308.4, 196.4), (308.4, 224.4), (316.8, 244.0), (339.2, 244.0), (367.2, 249.6), (372.8, 272.0), (372.8, 300.0), (395.2, 308.4), (417.6, 308.4), (434.4, 308.4), (434.4, 308.4), (434.4, 308.4), (434.4, 308.4), (434.4, 308.4), (434.4, 308.4), (434.4, 308.4), (434.4, 308.4), (434.4, 308.4), (434.4, 308.4), (434.4, 308.4), (434.4, 308.4), (434.4, 305.6), (434.4, 288.8), (434.4, 288.8), (434.4, 288.8), (434.4, 288.8)]",0,7.5
speedrunner,bomberman,2,Bomb,1,0,39.2,0.926,"[(48.0, 48.0), (70.4, 50.8), (101.2, 50.8), (115.2, 67.6), (115.2, 90.0), (118.0, 112.4), (140.4, 115.2), (168.4, 115.2), (179.6, 134.8), (179.6, 157.2), (185.2, 179.6), (207.6, 179.6), (235.6, 179.6), (244.0, 202.0), (244.0, 224.4), (252.4, 244.0), (274.8, 244.0), (302.8, 249.6), (308.4, 272.0), (308.4, 300.0), (330.8, 308.4), (358.8, 308.4), (372.8, 328.0), (372.8, 350.4), (372.8, 372.8), (372.8, 372.8), (372.8, 372.8), (372.8, 372.8), (372.8, 372.8), (372.8, 372.8), (372.8, 372.8), (372.8, 372.8), (372.8, 372.8), (372.8, 372.8), (372.8, 372.8), (372.8, 372.8), (372.8, 372.8), (372.8, 372.8), (372.8, 372.8), (372.8, 372.8), (372.8, 372.8), (372.8, 372.8), (372.8, 372.8), (372.8, 372.8), (372.8, 372.8), (372.8, 372.8), (372.8, 372.8), (372.8, 372.8), (372.8, 372.8), (372.8, 372.8), (372.8, 372.8), (372.8, 372.8), (372.8, 372.8), (372.8, 372.8), (372.8, 372.8), (372.8, 372.8), (372.8, 372.8)]",0,7.5
speedrunner,bomberman,2,Bomb,1,0,40.32,0.926,"[(48.0, 48.0), (70.4, 45.2), (92.8, 45.2), (115.2, 59.2), (115.2, 81.6), (118.0, 112.4), (140.4, 115.2), (168.4, 115.2), (179.6, 134.8), (179.6, 157.2), (185.2, 179.6), (207.6, 179.6), (235.6, 179.6), (244.0, 202.0), (244.0, 224.4), (252.4, 244.0), (274.8, 244.0), (302.8, 249.6), (308.4, 272.0), (308.4, 300.0), (330.8, 308.4), (358.8, 308.4), (372.8, 328.0), (372.8, 350.4), (372.8, 372.8), (372.8, 372.8), (372.8, 372.8), (372.8, 372.8), (372.8, 372.8), (372.8, 372.8), (372.8, 372.8), (372.8, 372.8), (372.8, 372.8), (372.8, 372.8), (372.8, 372.8), (372.8, 372.8), (372.8, 372.8), (372.8, 372.8), (372.8, 372.8), (372.8, 372.8), (372.8, 372.8), (372.8, 372.8), (372.8, 372.8), (372.8, 372.8), (372.8, 372.8), (372.8, 372.8), (372.8, 372.8), (372.8, 372.8), (372.8, 372.8), (372.8, 372.8), (372.8, 372.8), (372.8, 372.8), (372.8, 372.8), (372.8, 372.8), (372.8, 372.8), (372.8, 372.8), (372.8, 372.8)]",0,7.5
speedrunner,bomberman,2,Bomb,1,0,40.32,0.926,"[(48.0, 48.0), (70.4, 45.2), (92.8, 45.2), (115.2, 59.2), (115.2, 81.6), (118.0, 112.4), (140.4, 115.2), (168.4, 115.2), (179.6, 134.8), (179.6, 157.2), (185.2, 179.6), (207.6, 179.6), (235.6, 179.6), (244.0, 202.0), (244.0, 224.4), (252.4, 244.0), (274.8, 244.0), (302.8, 249.6), (308.4, 272.0), (308.4, 300.0), (330.8, 308.4), (358.8, 308.4), (372.8, 328.0), (372.8, 350.4), (372.8, 372.8), (372.8, 372.8), (372.8, 372.8), (372.8, 372.8), (372.8, 372.8), (372.8, 372.8), (372.8, 372.8), (372.8, 372.8), (372.8, 372.8), (372.8, 372.8), (372.8, 372.8), (372.8, 372.8), (372.8, 372.8), (372.8, 372.8), (372.8, 372.8), (372.8, 372.8), (372.8, 372.8), (372.8, 372.8), (372.8, 372.8), (372.8, 372.8), (372.8, 372.8), (372.8, 372.8), (372.8, 372.8), (372.8, 372.8), (372.8, 372.8), (372.8, 372.8), (372.8, 372.8), (372.8, 372.8), (372.8, 372.8), (372.8, 372.8), (372.8, 372.8), (372.8, 372.8), (372.8, 372.8)]",0,7.5
speedrunner,bomberman,2,Bomb,1,0,39.2,0.926,"[(48.0, 48.0), (70.4, 50.8), (101.2, 50.8), (115.2, 67.6), (115.2, 90.0), (118.0, 112.4), (140.4, 115.2), (168.4, 115.2), (179.6, 134.8), (179.6, 157.2), (185.2, 179.6), (207.6, 179.6), (235.6, 179.6), (244.0, 202.0), (244.0, 224.4), (252.4, 244.0), (274.8, 244.0), (302.8, 249.6), (308.4, 272.0), (308.4, 300.0), (330.8, 308.4), (358.8, 308.4), (372.8, 328.0), (372.8, 350.4), (372.8, 372.8), (372.8, 372.8), (372.8, 372.8), (372.8, 372.8), (372.8, 372.8), (372.8, 372.8), (372.8, 372.8), (372.8, 372.8), (372.8, 372.8), (372.8, 372.8), (372.8, 372.8), (372.8, 372.8), (372.8, 372.8), (372.8, 372.8), (372.8, 372.8), (372.8, 372.8), (372.8, 372.8), (372.8, 372.8), (372.8, 372.8), (372.8, 372.8), (372.8, 372.8), (372.8, 372.8), (372.8, 372.8), (372.8, 372.8), (372.8, 372.8), (372.8, 372.8), (372.8, 372.8), (372.8, 372.8), (372.8, 372.8), (372.8, 372.8), (372.8, 372.8), (372.8, 372.8), (372.8, 372.8)]",0,7.5
speedrunner,bomberman,2,Bomb,1,0,37.94,0.926,"[(48.0, 48.0), (70.4, 50.8), (101.2, 50.8), (115.2, 67.6), (115.2, 95.6), (126.4, 115.2), (151.6, 115.2), (176.8, 120.8), (179.6, 143.2), (179.6, 165.6), (193.6, 179.6), (221.6, 179.6), (244.0, 188.0), (244.0, 210.4), (244.0, 232.8), (260.8, 244.0), (288.8, 244.0), (308.4, 258.0), (308.4, 280.4), (311.2, 302.8), (333.6, 308.4), (358.8, 308.4), (372.8, 328.0), (372.8, 350.4), (372.8, 372.8), (372.8, 372.8), (372.8, 372.8), (372.8, 372.8), (372.8, 372.8), (372.8, 372.8), (372.8, 372.8), (372.8, 372.8), (372.8, 372.8), (372.8, 372.8), (372.8, 372.8), (372.8, 372.8), (372.8, 372.8), (372.8, 372.8), (372.8, 372.8), (372.8, 372.8), (372.8, 372.8), (372.8, 372.8), (372.8, 372.8), (372.8, 372.8), (372.8, 372.8), (372.8, 372.8), (372.8, 372.8), (372.8, 372.8), (372.8, 372.8), (372.8, 372.8), (372.8, 372.8), (372.8, 372.8), (372.8, 372.8), (372.8, 372.8), (372.8, 372.8), (372.8, 372.8), (372.8, 372.8), (372.8, 372.8), (372.8, 372.8)]",0,7.75
speedrunner,bomberman,2,Bomb,1,0,39.95,0.926,"[(48.0, 48.0), (50.8, 70.4), (50.8, 92.8), (56.4, 115.2), (78.8, 115.2), (109.6, 118.0), (115.2, 140.4), (115.2, 162.8), (126.4, 179.6), (151.6, 179.6), (176.8, 185.2), (179.6, 207.6), (179.6, 230.0), (193.6, 244.0), (221.6, 244.0), (244.0, 252.4), (244.0, 274.8), (244.0, 297.2), (263.6, 308.4), (291.6, 308.4), (308.4, 325.2), (308.4, 353.2), (319.6, 372.8), (342.0, 372.8), (364.4, 372.8), (372.8, 372.8), (372.8, 372.8), (372.8, 372.8), (372.8, 372.8), (372.8, 372.8), (372.8, 372.8), (372.8, 372.8), (372.8, 372.8), (372.8, 372.8), (372.8, 372.8), (372.8, 372.8), (372.8, 372.8), (372.8, 372.8), (372.8, 372.8), (372.8, 372.8), (372.8, 372.8), (372.8, 372.8), (372.8, 372.8), (372.8, 372.8), (372.8, 372.8), (372.8, 372.8), (372.8, 372.8), (372.8, 372.8), (372.8, 372.8), (372.8, 372.8), (372.8, 372.8), (372.8, 372.8), (372.8, 372.8), (372.8, 372.8), (372.8, 372.8), (372.8, 372.8), (372.8, 372.8)]",0,7.5
speedrunner,bomberman,2,Bomb,1,0,39.2,0.926,"[(48.0, 48.0), (70.4, 50.8), (101.2, 50.8), (115.2, 67.6), (115.2, 95.6), (126.4, 115.2), (151.6, 115.2), (176.8, 120.8), (179.6, 143.2), (179.6, 165.6), (193.6, 179.6), (221.6, 179.6), (244.0, 188.0), (244.0, 210.4), (244.0, 238.4), (266.4, 244.0), (294.4, 244.0), (308.4, 263.6), (308.4, 291.6), (322.4, 308.4), (350.4, 308.4), (372.8, 319.6), (372.8, 342.0), (372.8, 364.4), (372.8, 372.8), (372.8, 372.8), (372.8, 372.8), (372.8, 372.8), (372.8, 372.8), (372.8, 372.8), (372.8, 372.8), (372.8, 372.8), (372.8, 372.8), (372.8, 372.8), (372.8, 372.8), (372.8, 372.8), (372.8, 372.8), (372.8, 372.8), (372.8, 372.8), (372.8, 372.8), (372.8, 372.8), (372.8, 372.8), (372.8, 372.8), (372.8, 372.8), (372.8, 372.8), (372.8, 372.8), (372.8, 372.8), (372.8, 372.8), (372.8, 372.8), (372.8, 372.8), (372.8, 372.8), (372.8, 372.8), (372.8, 372.8), (372.8, 372.8), (372.8, 372.8), (372.8, 372.8), (372.8, 372.8)]",0,7.5
speedrunner,bomberman,2,Stuck,0,0,0.0,0.0,"[(48.0, 48.0), (48.0, 45.2), (48.0, 45.2), (48.0, 45.2), (48.0, 45.2), (48.0, 45.2), (48.0, 45.2), (48.0, 45.2), (48.0, 45.2), (48.0, 45.2), (48.0, 45.2), (48.0, 45.2), (48.0, 45.2), (48.0, 45.2), (48.0, 45.2), (48.0, 45.2), (48.0, 45.2), (48.0, 45.2), (48.0, 45.2), (48.0, 45.2), (48.0, 45.2), (48.0, 45.2), (48.0, 45.2), (48.0, 45.2), (48.0, 45.2), (48.0, 45.2), (48.0, 45.2), (48.0, 45.2), (48.0, 45.2), (48.0, 45.2), (48.0, 45.2), (48.0, 45.2), (48.0, 45.2), (48.0, 45.2), (48.0, 45.2), (48.0, 45.2), (48.0, 45.2), (48.0, 45.2)]",0,5.0
speedrunner,bomberman,2,Bomb,1,0,37.53,0.926,"[(48.0, 48.0), (70.4, 50.8), (101.2, 50.8), (115.2, 67.6), (115.2, 95.6), (126.4, 115.2), (151.6, 115.2), (176.8, 120.8), (179.6, 143.2), (179.6, 165.6), (193.6, 179.6), (221.6, 179.6), (244.0, 188.0), (244.0, 210.4), (244.0, 232.8), (260.8, 244.0), (288.8, 244.0), (308.4, 258.0), (308.4, 283.2), (316.8, 308.4), (339.2, 308.4), (367.2, 314.0), (372.8, 336.4), (372.8, 358.8), (372.8, 372.8), (372.8, 372.8), (372.8, 372.8), (372.8, 372.8), (372.8, 372.8), (372.8, 372.8), (372.8, 372.8), (372.8, 372.8), (372.8, 372.8), (372.8, 372.8), (372.8, 372.8), (372.8, 372.8), (372.8, 372.8), (372.8, 372.8), (372.8, 372.8), (372.8, 372.8), (372.8, 372.8), (372.8, 372.8), (372.8, 372.8), (372.8, 372.8), (372.8, 372.8), (372.8, 372.8), (372.8, 372.8), (372.8, 372.8), (372.8, 372.8), (372.8, 372.8), (372.8, 372.8), (372.8, 372.8), (372.8, 372.8), (372.8, 372.8), (372.8, 372.8), (372.8, 372.8), (372.8, 372.8), (372.8, 372.8), (372.8, 372.8)]",0,7.83
speedrunner,bomberman,2,Bomb,1,0,39.2,0.926,"[(48.0, 48.0), (70.4, 50.8), (101.2, 50.8), (115.2, 67.6), (115.2, 95.6), (123.6, 115.2), (146.0, 115.2), (174.0, 118.0), (179.6, 140.4), (179.6, 162.8), (190.8, 179.6), (216.0, 179.6), (241.2, 185.2), (244.0, 207.6), (244.0, 235.6), (263.6, 244.0), (291.6, 244.0), (308.4, 260.8), (308.4, 288.8), (319.6, 308.4), (344.8, 308.4), (370.0, 316.8), (372.8, 339.2), (372.8, 361.6), (372.8, 372.8), (372.8, 372.8), (372.8, 372.8), (372.8, 372.8), (372.8, 372.8), (372.8, 372.8), (372.8, 372.8), (372.8, 372.8), (372.8, 372.8), (372.8, 372.8), (372.8, 372.8), (372.8, 372.8), (372.8, 372.8), (372.8, 372.8), (372.8, 372.8), (372.8, 372.8), (372.8, 372.8), (372.8, 372.8), (372.8, 372.8), (372.8, 372.8), (372.8, 372.8), (372.8, 372.8), (372.8, 372.8), (372.8, 372.8), (372.8, 372.8), (372.8, 372.8), (372.8, 372.8), (372.8, 372.8), (372.8, 372.8), (372.8, 372.8), (372.8, 372.8), (372.8, 372.8), (372.8, 372.8)]",0,7.5
speedrunner,bomberman,2,Bomb,1,0,39.2,0.926,"[(48.0, 48.0), (70.4, 50.8), (101.2, 50.8), (115.2, 67.6), (115.2, 90.0), (118.0, 112.4), (140.4, 115.2), (168.4, 115.2), (179.6, 134.8), (179.6, 157.2), (185.2, 179.6), (207.6, 179.6), (235.6, 179.6), (244.0, 202.0), (244.0, 230.0), (258.0, 244.0), (286.0, 244.0), (308.4, 255.2), (308.4, 277.6), (314.0, 305.6), (336.4, 308.4), (364.4, 311.2), (372.8, 333.6), (372.8, 356.0), (372.8, 372.8), (372.8, 372.8), (372.8, 372.8), (372.8, 372.8), (372.8, 372.8), (372.8, 372.8), (372.8, 372.8), (372.8, 372.8), (372.8, 372.8), (372.8, 372.8), (372.8, 372.8), (372.8, 372.8), (372.8, 372.8), (372.8, 372.8), (372.8, 372.8), (372.8, 372.8), (372.8, 372.8), (372.8, 372.8), (372.8, 372.8), (372.8, 372.8), (372.8, 372.8), (372.8, 372.8), (372.8, 372.8), (372.8, 372.8), (372.8, 372.8), (372.8, 372.8), (372.8, 372.8), (372.8, 372.8), (372.8, 372.8), (372.8, 372.8), (372.8, 372.8), (372.8, 372.8), (372.8, 372.8)]",0,7.5
speedrunner,bomberman,2,Bomb,1,0,40.32,0.926,"[(48.0, 48.0), (70.4, 45.2), (92.8, 45.2), (115.2, 59.2), (115.2, 81.6), (115.2, 104.0), (132.0, 115.2), (160.0, 115.2), (179.6, 126.4), (179.6, 148.8), (179.6, 171.2), (199.2, 179.6), (227.2, 179.6), (244.0, 193.6), (244.0, 216.0), (244.0, 238.4), (266.4, 244.0), (294.4, 244.0), (308.4, 263.6), (308.4, 286.0), (316.8, 308.4), (339.2, 308.4), (367.2, 314.0), (372.8, 336.4), (372.8, 358.8), (372.8, 372.8), (372.8, 372.8), (372.8, 372.8), (372.8, 372.8), (372.8, 372.8), (372.8, 372.8), (372.8, 372.8), (372.8, 372.8), (372.8, 372.8), (372.8, 372.8), (372.8, 372.8), (372.8, 372.8), (372.8, 372.8), (372.8, 372.8), (372.8, 372.8), (372.8, 372.8), (372.8, 372.8), (372.8, 372.8), (372.8, 372.8), (372.8, 372.8), (372.8, 372.8), (372.8, 372.8), (372.8, 372.8), (372.8, 372.8), (372.8, 372.8), (372.8, 372.8), (372.8, 372.8), (372.8, 372.8), (372.8, 372.8), (372.8, 372.8), (372.8, 372.8), (372.8, 372.8)]",0,7.5
speedrunner,bomberman,2,Bomb,1,0,40.32,0.926,"[(48.0, 48.0), (70.4, 45.2), (92.8, 45.2), (115.2, 59.2), (115.2, 81.6), (115.2, 104.0), (132.0, 115.2), (160.0, 115.2), (179.6, 126.4), (179.6, 148.8), (179.6, 171.2), (199.2, 179.6), (227.2, 179.6), (244.0, 193.6), (244.0, 216.0), (244.0, 238.4), (266.4, 244.0), (294.4, 244.0), (308.4, 263.6), (308.4, 286.0), (316.8, 308.4), (339.2, 308.4), (367.2, 314.0), (372.8, 336.4), (372.8, 358.8), (372.8, 372.8), (372.8, 372.8), (372.8, 372.8), (372.8, 372.8), (372.8, 372.8), (372.8, 372.8), (372.8, 372.8), (372.8, 372.8), (372.8, 372.8), (372.8, 372.8), (372.8, 372.8), (372.8, 372.8), (372.8, 372.8), (372.8, 372.8), (372.8, 372.8), (372.8, 372.8), (372.8, 372.8), (372.8, 372.8), (372.8, 372.8), (372.8, 372.8), (372.8, 372.8), (372.8, 372.8), (372.8, 372.8), (372.8, 372.8), (372.8, 372.8), (372.8, 372.8), (372.8, 372.8), (372.8, 372.8), (372.8, 372.8), (372.8, 372.8), (372.8, 372.8), (372.8, 372.8)]",0,7.5
speedrunner,bomberman,2,Bomb,1,0,39.2,0.926,"[(48.0, 48.0), (70.4, 50.8), (101.2, 50.8), (115.2, 67.6), (115.2, 90.0), (118.0, 112.4), (140.4, 115.2), (168.4, 115.2), (179.6, 134.8), (179.6, 157.2), (185.2, 179.6), (207.6, 179.6), (235.6, 179.6), (244.0, 202.0), (244.0, 230.0), (258.0, 244.0), (286.0, 244.0), (308.4, 255.2), (308.4, 277.6), (314.0, 305.6), (336.4, 308.4), (364.4, 311.2), (372.8, 333.6), (372.8, 356.0), (372.8, 372.8), (372.8, 372.8), (372.8, 372.8), (372.8, 372.8), (372.8, 372.8), (372.8, 372.8), (372.8, 372.8), (372.8, 372.8), (372.8, 372.8), (372.8, 372.8), (372.8, 372.8), (372.8, 372.8), (372.8, 372.8), (372.8, 372.8), (372.8, 372.8), (372.8, 372.8), (372.8, 372.8), (372.8, 372.8), (372.8, 372.8), (372.8, 372.8), (372.8, 372.8), (372.8, 372.8), (372.8, 372.8), (372.8, 372.8), (372.8, 372.8), (372.8, 372.8), (372.8, 372.8), (372.8, 372.8), (372.8, 372.8), (372.8, 372.8), (372.8, 372.8), (372.8, 372.8), (372.8, 372.8)]",0,7.5
speedrunner,bomberman,2,Bomb,1,0,39.2,0.926,"[(48.0, 48.0), (70.4, 50.8), (101.2, 50.8), (115.2, 67.6), (115.2, 95.6), (123.6, 115.2), (146.0, 115.2), (174.0, 118.0), (179.6, 140.4), (179.6, 162.8), (190.8, 179.6), (216.0, 179.6), (241.2, 185.2), (244.0, 207.6), (244.0, 235.6), (263.6, 244.0), (291.6, 244.0), (308.4, 260.8), (308.4, 288.8), (319.6, 308.4), (344.8, 308.4), (370.0, 316.8), (372.8, 339.2), (372.8, 361.6), (372.8, 372.8), (372.8, 372.8), (372.8, 372.8), (372.8, 372.8), (372.8, 372.8), (372.8, 372.8), (372.8, 372.8), (372.8, 372.8), (372.8, 372.8), (372.8, 372.8), (372.8, 372.8), (372.8, 372.8), (372.8, 372.8), (372.8, 372.8), (372.8, 372.8), (372.8, 372.8), (372.8, 372.8), (372.8, 372.8), (372.8, 372.8), (372.8, 372.8), (372.8, 372.8), (372.8, 372.8), (372.8, 372.8), (372.8, 372.8), (372.8, 372.8), (372.8, 372.8), (372.8, 372.8), (372.8, 372.8), (372.8, 372.8), (372.8, 372.8), (372.8, 372.8), (372.8, 372.8), (372.8, 372.8)]",0,7.5
speedrunner,bomberman,2,Bomb,1,0,37.53,0.926,"[(48.0, 48.0), (70.4, 50.8), (101.2, 50.8), (115.2, 67.6), (115.2, 95.6), (126.4, 115.2), (151.6, 115.2), (176.8, 120.8), (179.6, 143.2), (179.6, 165.6), (193.6, 179.6), (221.6, 179.6), (244.0, 188.0), (244.0, 210.4), (244.0, 232.8), (260.8, 244.0), (288.8, 244.0), (308.4, 258.0), (308.4, 283.2), (316.8, 308.4), (339.2, 308.4), (367.2, 314.0), (372.8, 336.4), (372.8, 358.8), (372.8, 372.8), (372.8, 372.8), (372.8, 372.8), (372.8, 372.8), (372.8, 372.8), (372.8, 372.8), (372.8, 372.8), (372.8, 372.8), (372.8, 372.8), (372.8, 372.8), (372.8, 372.8), (372.8, 372.8), (372.8, 372.8), (372.8, 372.8), (372.8, 372.8), (372.8, 372.8), (372.8, 372.8), (372.8, 372.8), (372.8, 372.8), (372.8, 372.8), (372.8, 372.8), (372.8, 372.8), (372.8, 372.8), (372.8, 372.8), (372.8, 372.8), (372.8, 372.8), (372.8, 372.8), (372.8, 372.8), (372.8, 372.8), (372.8, 372.8), (372.8, 372.8), (372.8, 372.8), (372.8, 372.8), (372.8, 372.8), (372.8, 372.8)]",0,7.83
speedrunner,bomberman,2,Bomb,1,0,39.2,0.926,"[(48.0, 48.0), (70.4, 50.8), (101.2, 50.8), (115.2, 67.6), (115.2, 90.0), (118.0, 112.4), (140.4, 115.2), (168.4, 115.2), (179.6, 134.8), (179.6, 157.2), (185.2, 179.6), (207.6, 179.6), (235.6, 179.6), (244.0, 202.0), (244.0, 224.4), (252.4, 244.0), (274.8, 244.0), (302.8, 249.6), (308.4, 272.0), (308.4, 294.4), (325.2, 308.4), (353.2, 308.4), (372.8, 322.4), (372.8, 344.8), (372.8, 367.2), (372.8, 372.8), (372.8, 372.8), (372.8, 372.8), (372.8, 372.8), (372.8, 372.8), (372.8, 372.8), (372.8, 372.8), (372.8, 372.8), (372.8, 372.8), (372.8, 372.8), (372.8, 372.8), (372.8, 372.8), (372.8, 372.8), (372.8, 372.8), (372.8, 372.8), (372.8, 372.8), (372.8, 372.8), (372.8, 372.8), (372.8, 372.8), (372.8, 372.8), (372.8, 372.8), (372.8, 372.8), (372.8, 372.8), (372.8, 372.8), (372.8, 372.8), (372.8, 372.8), (372.8, 372.8), (372.8, 372.8), (372.8, 372.8), (372.8, 372.8), (372.8, 372.8), (372.8, 372.8)]",0,7.5
speedrunner,bomberman,2,Bomb,1,0,49.97,0.926,"[(48.0, 48.0), (70.4, 50.8), (101.2, 50.8), (115.2, 67.6), (115.2, 90.0), (118.0, 112.4), (140.4, 115.2), (168.4, 115.2), (179.6, 134.8), (179.6, 162.8), (190.8, 179.6), (216.0, 179.6), (241.2, 185.2), (244.0, 207.6), (244.0, 235.6), (263.6, 244.0), (291.6, 244.0), (308.4, 260.8), (308.4, 288.8), (319.6, 308.4), (344.8, 308.4), (370.0, 316.8), (372.8, 339.2), (372.8, 361.6), (372.8, 372.8), (372.8, 372.8), (372.8, 372.8), (372.8, 372.8), (372.8, 372.8), (372.8, 372.8), (372.8, 372.8), (372.8, 372.8), (372.8, 372.8), (372.8, 372.8), (372.8, 372.8), (372.8, 372.8), (372.8, 372.8), (372.8, 372.8), (372.8, 372.8), (372.8, 372.8), (372.8, 372.8), (372.8, 372.8), (372.8, 372.8), (372.8, 372.8), (372.8, 372.8)]",0,5.88
speedrunner,bomberman,2,Bomb,1,0,39.2,0.926,"[(48.0, 48.0), (70.4, 50.8), (101.2, 50.8), (115.2, 67.6), (115.2, 90.0), (118.0, 112.4), (140.4, 115.2), (168.4, 115.2), (179.6, 134.8), (179.6, 157.2), (185.2, 179.6), (207.6, 179.6), (235.6, 179.6), (244.0, 202.0), (244.0, 224.4), (252.4, 244.0), (274.8, 244.0), (302.8, 249.6), (308.4, 272.0), (308.4, 294.4), (325.2, 308.4), (353.2, 308.4), (372.8, 322.4), (372.8, 344.8), (372.8, 367.2), (372.8, 372.8), (372.8, 372.8), (372.8, 372.8), (372.8, 372.8), (372.8, 372.8), (372.8, 372.8), (372.8, 372.8), (372.8, 372.8), (372.8, 372.8), (372.8, 372.8), (372.8, 372.8), (372.8, 372.8), (372.8, 372.8), (372.8, 372.8), (372.8, 372.8), (372.8, 372.8), (372.8, 372.8), (372.8, 372.8), (372.8, 372.8), (372.8, 372.8), (372.8, 372.8), (372.8, 372.8), (372.8, 372.8), (372.8, 372.8), (372.8, 372.8), (372.8, 372.8), (372.8, 372.8), (372.8, 372.8), (372.8, 372.8), (372.8, 372.8), (372.8, 372.8), (372.8, 372.8)]",0,7.5
speedrunner,bomberman,2,Bomb,1,0,41.44,0.926,"[(48.0, 48.0), (48.0, 70.4), (48.0, 92.8), (48.0, 115.2), (48.0, 137.6), (48.0, 160.0), (48.0, 182.4), (48.0, 204.8), (50.8, 227.2), (62.0, 244.0), (87.2, 244.0), (115.2, 252.4), (115.2, 274.8), (118.0, 302.8), (140.4, 308.4), (168.4, 308.4), (179.6, 328.0), (179.6, 356.0), (193.6, 372.8), (216.0, 372.8), (238.4, 372.8), (260.8, 372.8), (283.2, 372.8), (305.6, 372.8), (328.0, 372.8), (350.4, 372.8), (372.8, 372.8), (372.8, 372.8), (372.8, 372.8), (372.8, 372.8), (372.8, 372.8), (372.8, 372.8), (372.8, 372.8), (372.8, 372.8), (372.8, 372.8), (372.8, 372.8), (372.8, 372.8), (372.8, 372.8), (372.8, 372.8), (372.8, 372.8), (372.8, 372.8), (372.8, 372.8), (372.8, 372.8), (372.8, 372.8), (372.8, 372.8), (372.8, 372.8), (372.8, 372.8), (372.8, 372.8), (372.8, 372.8), (372.8, 372.8), (372.8, 372.8), (372.8, 372.8), (372.8, 372.8), (372.8, 372.8), (372.8, 372.8), (372.8, 372.8), (372.8, 372.8)]",0,7.5
speedrunner,bomberman,2,Stuck,0,0,0.0,0.0,"[(48.0, 48.0), (48.0, 45.2), (48.0, 45.2), (48.0, 45.2), (48.0, 45.2), (48.0, 45.2), (48.0, 45.2), (48.0, 45.2), (48.0, 45.2), (48.0, 45.2), (48.0, 45.2), (48.0, 45.2), (48.0, 45.2), (48.0, 45.2), (48.0, 45.2), (48.0, 45.2), (48.0, 45.2), (48.0, 45.2), (48.0, 45.2), (48.0, 45.2), (48.0, 45.2), (48.0, 45.2), (48.0, 45.2), (48.0, 45.2), (48.0, 45.2), (48.0, 45.2), (48.0, 45.2), (48.0, 45.2), (48.0, 45.2), (48.0, 45.2), (48.0, 45.2), (48.0, 45.2), (48.0, 45.2), (48.0, 45.2), (48.0, 45.2), (48.0, 45.2), (48.0, 45.2), (48.0, 45.2)]",0,5.0
speedrunner,bomberman,2,Bomb,1,0,39.2,0.926,"[(48.0, 48.0), (70.4, 50.8), (101.2, 50.8), (115.2, 67.6), (115.2, 90.0), (118.0, 112.4), (140.4, 115.2), (168.4, 115.2), (179.6, 134.8), (179.6, 157.2), (185.2, 179.6), (207.6, 179.6), (235.6, 179.6), (244.0, 202.0), (244.0, 230.0), (258.0, 244.0), (286.0, 244.0), (308.4, 255.2), (308.4, 277.6), (314.0, 305.6), (336.4, 308.4), (364.4, 311.2), (372.8, 333.6), (372.8, 356.0), (372.8, 372.8), (372.8, 372.8), (372.8, 372.8), (372.8, 372.8), (372.8, 372.8), (372.8, 372.8), (372.8, 372.8), (372.8, 372.8), (372.8, 372.8), (372.8, 372.8), (372.8, 372.8), (372.8, 372.8), (372.8, 372.8), (372.8, 372.8), (372.8, 372.8), (372.8, 372.8), (372.8, 372.8), (372.8, 372.8), (372.8, 372.8), (372.8, 372.8), (372.8, 372.8), (372.8, 372.8), (372.8, 372.8), (372.8, 372.8), (372.8, 372.8), (372.8, 372.8), (372.8, 372.8), (372.8, 372.8), (372.8, 372.8), (372.8, 372.8), (372.8, 372.8), (372.8, 372.8), (372.8, 372.8)]",0,7.5
speedrunner,bomberman,2,Bomb,1,0,39.2,0.926,"[(48.0, 48.0), (70.4, 50.8), (101.2, 50.8), (115.2, 67.6), (115.2, 90.0), (118.0, 112.4), (140.4, 115.2), (168.4, 115.2), (179.6, 134.8), (179.6, 157.2), (185.2, 179.6), (207.6, 179.6), (235.6, 179.6), (244.0, 202.0), (244.0, 230.0), (258.0, 244.0), (286.0, 244.0), (308.4, 255.2), (308.4, 277.6), (314.0, 305.6), (336.4, 308.4), (364.4, 311.2), (372.8, 333.6), (372.8, 356.0), (372.8, 372.8), (372.8, 372.8), (372.8, 372.8), (372.8, 372.8), (372.8, 372.8), (372.8, 372.8), (372.8, 372.8), (372.8, 372.8), (372.8, 372.8), (372.8, 372.8), (372.8, 372.8), (372.8, 372.8), (372.8, 372.8), (372.8, 372.8), (372.8, 372.8), (372.8, 372.8), (372.8, 372.8), (372.8, 372.8), (372.8, 372.8), (372.8, 372.8), (372.8, 372.8), (372.8, 372.8), (372.8, 372.8), (372.8, 372.8), (372.8, 372.8), (372.8, 372.8), (372.8, 372.8), (372.8, 372.8), (372.8, 372.8), (372.8, 372.8), (372.8, 372.8), (372.8, 372.8), (372.8, 372.8)]",0,7.5
speedrunner,bomberman,2,Bomb,1,0,41.44,0.926,"[(48.0, 48.0), (48.0, 70.4), (48.0, 92.8), (48.0, 115.2), (48.0, 137.6), (48.0, 160.0), (48.0, 182.4), (48.0, 204.8), (50.8, 227.2), (62.0, 244.0), (87.2, 244.0), (115.2, 252.4), (115.2, 274.8), (118.0, 302.8), (140.4, 308.4), (168.4, 308.4), (179.6, 328.0), (179.6, 356.0), (193.6, 372.8), (216.0, 372.8), (238.4, 372.8), (260.8, 372.8), (283.2, 372.8), (305.6, 372.8), (328.0, 372.8), (350.4, 372.8), (372.8, 372.8), (372.8, 372.8), (372.8, 372.8), (372.8, 372.8), (372.8, 372.8), (372.8, 372.8), (372.8, 372.8), (372.8, 372.8), (372.8, 372.8), (372.8, 372.8), (372.8, 372.8), (372.8, 372.8), (372.8, 372.8), (372.8, 372.8), (372.8, 372.8), (372.8, 372.8), (372.8, 372.8), (372.8, 372.8), (372.8, 372.8), (372.8, 372.8), (372.8, 372.8), (372.8, 372.8), (372.8, 372.8), (372.8, 372.8), (372.8, 372.8), (372.8, 372.8), (372.8, 372.8), (372.8, 372.8), (372.8, 372.8), (372.8, 372.8), (372.8, 372.8)]",0,7.5
speedrunner,bomberman,2,Bomb,1,0,37.53,0.926,"[(48.0, 48.0), (70.4, 50.8), (101.2, 50.8), (115.2, 67.6), (115.2, 95.6), (126.4, 115.2), (151.6, 115.2), (176.8, 120.8), (179.6, 143.2), (179.6, 165.6), (193.6, 179.6), (221.6, 179.6), (244.0, 188.0), (244.0, 210.4), (244.0, 232.8), (260.8, 244.0), (288.8, 244.0), (308.4, 258.0), (308.4, 283.2), (316.8, 308.4), (339.2, 308.4), (367.2, 314.0), (372.8, 336.4), (372.8, 358.8), (372.8, 372.8), (372.8, 372.8), (372.8, 372.8), (372.8, 372.8), (372.8, 372.8), (372.8, 372.8), (372.8, 372.8), (372.8, 372.8), (372.8, 372.8), (372.8, 372.8), (372.8, 372.8), (372.8, 372.8), (372.8, 372.8), (372.8, 372.8), (372.8, 372.8), (372.8, 372.8), (372.8, 372.8), (372.8, 372.8), (372.8, 372.8), (372.8, 372.8), (372.8, 372.8), (372.8, 372.8), (372.8, 372.8), (372.8, 372.8), (372.8, 372.8), (372.8, 372.8), (372.8, 372.8), (372.8, 372.8), (372.8, 372.8), (372.8, 372.8), (372.8, 372.8), (372.8, 372.8), (372.8, 372.8), (372.8, 372.8), (372.8, 372.8)]",0,7.83
speedrunner,bomberman,2,Bomb,1,0,39.2,0.926,"[(48.0, 48.0), (70.4, 50.8), (101.2, 50.8), (115.2, 67.6), (115.2, 90.0), (118.0, 112.4), (140.4, 115.2), (168.4, 115.2), (179.6, 134.8), (179.6, 157.2), (185.2, 179.6), (207.6, 179.6), (235.6, 179.6), (244.0, 202.0), (244.0, 224.4), (252.4, 244.0), (274.8, 244.0), (302.8, 249.6), (308.4, 272.0), (308.4, 294.4), (325.2, 308.4), (353.2, 308.4), (372.8, 322.4), (372.8, 344.8), (372.8, 367.2), (372.8, 372.8), (372.8, 372.8), (372.8, 372.8), (372.8, 372.8), (372.8, 372.8), (372.8, 372.8), (372.8, 372.8), (372.8, 372.8), (372.8, 372.8), (372.8, 372.8), (372.8, 372.8), (372.8, 372.8), (372.8, 372.8), (372.8, 372.8), (372.8, 372.8), (372.8, 372.8), (372.8, 372.8), (372.8, 372.8), (372.8, 372.8), (372.8, 372.8), (372.8, 372.8), (372.8, 372.8), (372.8, 372.8), (372.8, 372.8), (372.8, 372.8), (372.8, 372.8), (372.8, 372.8), (372.8, 372.8), (372.8, 372.8), (372.8, 372.8), (372.8, 372.8), (372.8, 372.8)]",0,7.5
speedrunner,bomberman,2,Bomb,1,0,39.2,0.926,"[(48.0, 48.0), (70.4, 50.8), (101.2, 50.8), (115.2, 67.6), (115.2, 90.0), (118.0, 112.4), (140.4, 115.2), (168.4, 115.2), (179.6, 134.8), (179.6, 157.2), (185.2, 179.6), (207.6, 179.6), (235.6, 179.6), (244.0, 202.0), (244.0, 224.4), (252.4, 244.0), (274.8, 244.0), (302.8, 249.6), (308.4, 272.0), (308.4, 300.0), (330.8, 308.4), (358.8, 308.4), (372.8, 328.0), (372.8, 350.4), (372.8, 372.8), (372.8, 372.8), (372.8, 372.8), (372.8, 372.8), (372.8, 372.8), (372.8, 372.8), (372.8, 372.8), (372.8, 372.8), (372.8, 372.8), (372.8, 372.8), (372.8, 372.8), (372.8, 372.8), (372.8, 372.8), (372.8, 372.8), (372.8, 372.8), (372.8, 372.8), (372.8, 372.8), (372.8, 372.8), (372.8, 372.8), (372.8, 372.8), (372.8, 372.8), (372.8, 372.8), (372.8, 372.8), (372.8, 372.8), (372.8, 372.8), (372.8, 372.8), (372.8, 372.8), (372.8, 372.8), (372.8, 372.8), (372.8, 372.8), (372.8, 372.8), (372.8, 372.8), (372.8, 372.8)]",0,7.5
speedrunner,bomberman,2,Stuck,1,0,28.62,0.741,"[(48.0, 48.0), (50.8, 70.4), (50.8, 92.8), (56.4, 115.2), (78.8, 115.2), (109.6, 118.0), (115.2, 140.4), (115.2, 162.8), (126.4, 179.6), (151.6, 179.6), (176.8, 185.2), (179.6, 207.6), (179.6, 230.0), (193.6, 244.0), (221.6, 244.0), (244.0, 252.4), (244.0, 274.8), (246.8, 302.8), (269.2, 308.4), (297.2, 308.4), (308.4, 330.8), (308.4, 358.8), (325.2, 372.8), (347.6, 372.8), (370.0, 372.8), (372.8, 372.8), (372.8, 372.8), (372.8, 372.8), (372.8, 372.8), (372.8, 372.8), (372.8, 372.8), (372.8, 372.8), (372.8, 372.8), (372.8, 372.8), (372.8, 372.8), (372.8, 372.8), (372.8, 372.8), (372.8, 372.8), (372.8, 372.8), (372.8, 372.8), (372.8, 372.8), (372.8, 372.8), (372.8, 372.8), (372.8, 372.8), (372.8, 372.8), (372.8, 372.8), (372.8, 372.8), (372.8, 372.8), (372.8, 372.8), (372.8, 372.8), (372.8, 372.8), (372.8, 372.8), (372.8, 372.8), (372.8, 372.8), (372.8, 372.8), (372.8, 372.8), (372.8, 372.8), (372.8, 372.8), (372.8, 372.8), (372.8, 372.8), (372.8, 372.8), (372.8, 372.8), (372.8, 372.8), (372.8, 372.8), (372.8, 372.8), (372.8, 372.8), (372.8, 372.8), (372.8, 372.8), (372.8, 372.8), (372.8, 372.8), (372.8, 372.8), (372.8, 372.8), (372.8, 372.8), (372.8, 372.8), (372.8, 372.8), (372.8, 372.8), (372.8, 372.8), (372.8, 372.8), (372.8, 372.8)]",0,10.47
speedrunner,bomberman,2,Bomb,1,0,36.4,0.667,"[(48.0, 48.0), (70.4, 45.2), (92.8, 45.2), (115.2, 45.2), (137.6, 50.8), (165.6, 50.8), (179.6, 62.0), (179.6, 62.0), (179.6, 62.0), (179.6, 62.0), (179.6, 62.0), (179.6, 62.0), (179.6, 62.0), (179.6, 62.0), (179.6, 62.0), (179.6, 62.0), (179.6, 62.0), (179.6, 62.0), (179.6, 62.0), (179.6, 62.0), (179.6, 67.6), (179.6, 78.8), (179.6, 78.8), (179.6, 87.2), (179.6, 109.6), (202.0, 115.2), (230.0, 115.2), (244.0, 132.0), (244.0, 154.4), (246.8, 176.8), (269.2, 179.6), (297.2, 179.6), (308.4, 202.0), (308.4, 224.4), (316.8, 244.0), (339.2, 244.0), (367.2, 249.6), (372.8, 272.0), (372.8, 294.4), (389.6, 308.4), (412.0, 308.4), (434.4, 308.4), (434.4, 308.4), (434.4, 308.4), (434.4, 308.4), (434.4, 308.4), (434.4, 308.4), (434.4, 308.4), (434.4, 308.4), (434.4, 308.4), (434.4, 308.4), (434.4, 308.4), (434.4, 308.4), (434.4, 308.4), (434.4, 308.4), (434.4, 308.4), (434.4, 308.4), (434.4, 308.4), (434.4, 308.4), (434.4, 308.4), (434.4, 308.4), (434.4, 308.4), (434.4, 308.4), (434.4, 308.4), (434.4, 308.4), (434.4, 308.4), (434.4, 308.4), (434.4, 308.4), (434.4, 308.4), (434.4, 308.4), (434.4, 308.4), (434.4, 308.4), (434.4, 308.4), (434.4, 308.4), (434.4, 308.4), (434.4, 308.4)]",0,10.0
speedrunner,bomberman,2,Stuck,0,0,0.0,0.0,"[(48.0, 48.0), (48.0, 45.2), (48.0, 45.2), (48.0, 45.2), (48.0, 45.2), (48.0, 45.2), (48.0, 45.2), (48.0, 45.2), (48.0, 45.2), (48.0, 45.2), (48.0, 45.2), (48.0, 45.2), (48.0, 45.2), (48.0, 45.2), (48.0, 45.2), (48.0, 45.2), (48.0, 45.2), (48.0, 45.2), (48.0, 45.2), (48.0, 45.2), (48.0, 45.2), (48.0, 45.2), (48.0, 45.2), (48.0, 45.2), (48.0, 45.2), (48.0, 45.2), (48.0, 45.2), (48.0, 45.2), (48.0, 45.2), (48.0, 45.2), (48.0, 45.2), (48.0, 45.2), (48.0, 45.2), (48.0, 45.2), (48.0, 45.2), (48.0, 45.2), (48.0, 45.2), (48.0, 45.2)]",0,5.0
speedrunner,bomberman,2,Bomb,1,0,29.4,0.926,"[(48.0, 48.0), (70.4, 50.8), (101.2, 50.8), (115.2, 67.6), (115.2, 90.0), (118.0, 112.4), (140.4, 115.2), (168.4, 115.2), (179.6, 134.8), (179.6, 157.2), (185.2, 179.6), (207.6, 179.6), (235.6, 179.6), (244.0, 202.0), (244.0, 224.4), (252.4, 244.0), (274.8, 244.0), (302.8, 249.6), (308.4, 272.0), (308.4, 294.4), (325.2, 308.4), (353.2, 308.4), (353.2, 308.4), (353.2, 308.4), (353.2, 308.4), (353.2, 308.4), (353.2, 308.4), (353.2, 308.4), (353.2, 308.4), (353.2, 308.4), (353.2, 308.4), (353.2, 308.4), (353.2, 308.4), (353.2, 308.4), (353.2, 308.4), (353.2, 308.4), (353.2, 308.4), (353.2, 308.4), (361.6, 308.4), (361.6, 308.4), (361.6, 308.4), (361.6, 308.4), (372.8, 328.0), (372.8, 350.4), (372.8, 372.8), (372.8, 372.8), (372.8, 372.8), (372.8, 372.8), (372.8, 372.8), (372.8, 372.8), (372.8, 372.8), (372.8, 372.8), (372.8, 372.8), (372.8, 372.8), (372.8, 372.8), (372.8, 372.8), (372.8, 372.8), (372.8, 372.8), (372.8, 372.8), (372.8, 372.8), (372.8, 372.8), (372.8, 372.8), (372.8, 372.8), (372.8, 372.8), (372.8, 372.8), (372.8, 372.8), (372.8, 372.8), (372.8, 372.8), (372.8, 372.8), (372.8, 372.8), (372.8, 372.8), (372.8, 372.8), (372.8, 372.8), (372.8, 372.8), (372.8, 372.8), (372.8, 372.8)]",0,10.0
speedrunner,bomberman,2,Bomb,3,0,37.94,0.926,"[(48.0, 48.0), (70.4, 50.8), (101.2, 50.8), (115.2, 67.6), (115.2, 95.6), (126.4, 115.2), (151.6, 115.2), (176.8, 120.8), (179.6, 143.2), (179.6, 171.2), (199.2, 179.6), (227.2, 179.6), (244.0, 193.6), (244.0, 218.8), (249.6, 244.0), (272.0, 244.0), (300.0, 246.8), (308.4, 269.2), (308.4, 297.2), (328.0, 308.4), (356.0, 308.4), (372.8, 325.2), (372.8, 347.6), (372.8, 370.0), (372.8, 372.8), (372.8, 372.8), (372.8, 372.8), (372.8, 372.8), (372.8, 372.8), (372.8, 372.8), (372.8, 372.8), (372.8, 372.8), (372.8, 372.8), (372.8, 372.8), (372.8, 372.8), (372.8, 372.8), (372.8, 372.8), (372.8, 372.8), (372.8, 372.8), (372.8, 372.8), (372.8, 372.8), (372.8, 372.8), (372.8, 372.8), (372.8, 372.8), (372.8, 372.8), (372.8, 372.8), (372.8, 372.8), (372.8, 372.8), (372.8, 372.8), (372.8, 372.8), (372.8, 372.8), (372.8, 372.8), (372.8, 372.8), (372.8, 372.8), (372.8, 372.8), (372.8, 372.8), (372.8, 372.8), (372.8, 372.8), (372.8, 372.8)]",0,7.75
speedrunner,bomberman,2,Bomb,3,0,37.94,0.926,"[(48.0, 48.0), (70.4, 50.8), (101.2, 50.8), (115.2, 67.6), (115.2, 95.6), (126.4, 115.2), (151.6, 115.2), (176.8, 120.8), (179.6, 143.2), (179.6, 171.2), (199.2, 179.6), (227.2, 179.6), (244.0, 193.6), (244.0, 218.8), (249.6, 244.0), (272.0, 244.0), (300.0, 246.8), (308.4, 269.2), (308.4, 297.2), (328.0, 308.4), (356.0, 308.4), (372.8, 325.2), (372.8, 347.6), (372.8, 370.0), (372.8, 372.8), (372.8, 372.8), (372.8, 372.8), (372.8, 372.8), (372.8, 372.8), (372.8, 372.8), (372.8, 372.8), (372.8, 372.8), (372.8, 372.8), (372.8, 372.8), (372.8, 372.8), (372.8, 372.8), (372.8, 372.8), (372.8, 372.8), (372.8, 372.8), (372.8, 372.8), (372.8, 372.8), (372.8, 372.8), (372.8, 372.8), (372.8, 372.8), (372.8, 372.8), (372.8, 372.8), (372.8, 372.8), (372.8, 372.8), (372.8, 372.8), (372.8, 372.8), (372.8, 372.8), (372.8, 372.8), (372.8, 372.8), (372.8, 372.8), (372.8, 372.8), (372.8, 372.8), (372.8, 372.8), (372.8, 372.8), (372.8, 372.8)]",0,7.75
speedrunner,bomberman,2,Bomb,1,0,29.4,0.926,"[(48.0, 48.0), (70.4, 50.8), (101.2, 50.8), (115.2, 67.6), (115.2, 90.0), (118.0, 112.4), (140.4, 115.2), (168.4, 115.2), (179.6, 134.8), (179.6, 157.2), (185.2, 179.6), (207.6, 179.6), (235.6, 179.6), (244.0, 202.0), (244.0, 224.4), (252.4, 244.0), (274.8, 244.0), (302.8, 249.6), (308.4, 272.0), (308.4, 294.4), (325.2, 308.4), (353.2, 308.4), (353.2, 308.4), (353.2, 308.4), (353.2, 308.4), (353.2, 308.4), (353.2, 308.4), (353.2, 308.4), (353.2, 308.4), (353.2, 308.4), (353.2, 308.4), (353.2, 308.4), (353.2, 308.4), (353.2, 308.4), (353.2, 308.4), (353.2, 308.4), (353.2, 308.4), (353.2, 308.4), (361.6, 308.4), (361.6, 308.4), (361.6, 308.4), (361.6, 308.4), (372.8, 328.0), (372.8, 350.4), (372.8, 372.8), (372.8, 372.8), (372.8, 372.8), (372.8, 372.8), (372.8, 372.8), (372.8, 372.8), (372.8, 372.8), (372.8, 372.8), (372.8, 372.8), (372.8, 372.8), (372.8, 372.8), (372.8, 372.8), (372.8, 372.8), (372.8, 372.8), (372.8, 372.8), (372.8, 372.8), (372.8, 372.8), (372.8, 372.8), (372.8, 372.8), (372.8, 372.8), (372.8, 372.8), (372.8, 372.8), (372.8, 372.8), (372.8, 372.8), (372.8, 372.8), (372.8, 372.8), (372.8, 372.8), (372.8, 372.8), (372.8, 372.8), (372.8, 372.8), (372.8, 372.8), (372.8, 372.8)]",0,10.0
speedrunner,bomberman,2,Bomb,1,0,39.2,0.926,"[(48.0, 48.0), (70.4, 50.8), (101.2, 50.8), (115.2, 67.6), (115.2, 90.0), (118.0, 112.4), (140.4, 115.2), (168.4, 115.2), (179.6, 134.8), (179.6, 157.2), (185.2, 179.6), (207.6, 179.6), (235.6, 179.6), (244.0, 202.0), (244.0, 224.4), (252.4, 244.0), (274.8, 244.0), (302.8, 249.6), (308.4, 272.0), (308.4, 300.0), (330.8, 308.4), (358.8, 308.4), (372.8, 328.0), (372.8, 350.4), (372.8, 372.8), (372.8, 372.8), (372.8, 372.8), (372.8, 372.8), (372.8, 372.8), (372.8, 372.8), (372.8, 372.8), (372.8, 372.8), (372.8, 372.8), (372.8, 372.8), (372.8, 372.8), (372.8, 372.8), (372.8, 372.8), (372.8, 372.8), (372.8, 372.8), (372.8, 372.8), (372.8, 372.8), (372.8, 372.8), (372.8, 372.8), (372.8, 372.8), (372.8, 372.8), (372.8, 372.8), (372.8, 372.8), (372.8, 372.8), (372.8, 372.8), (372.8, 372.8), (372.8, 372.8), (372.8, 372.8), (372.8, 372.8), (372.8, 372.8), (372.8, 372.8), (372.8, 372.8), (372.8, 372.8)]",0,7.5
speedrunner,bomberman,2,Bomb,1,0,41.44,0.926,"[(48.0, 48.0), (48.0, 70.4), (48.0, 92.8), (48.0, 115.2), (48.0, 137.6), (48.0, 160.0), (48.0, 182.4), (48.0, 204.8), (50.8, 227.2), (62.0, 244.0), (87.2, 244.0), (115.2, 252.4), (115.2, 274.8), (118.0, 302.8), (140.4, 308.4), (168.4, 308.4), (179.6, 328.0), (179.6, 356.0), (193.6, 372.8), (216.0, 372.8), (238.4, 372.8), (260.8, 372.8), (283.2, 372.8), (305.6, 372.8), (328.0, 372.8), (350.4, 372.8), (372.8, 372.8), (372.8, 372.8), (372.8, 372.8), (372.8, 372.8), (372.8, 372.8), (372.8, 372.8), (372.8, 372.8), (372.8, 372.8), (372.8, 372.8), (372.8, 372.8), (372.8, 372.8), (372.8, 372.8), (372.8, 372.8), (372.8, 372.8), (372.8, 372.8), (372.8, 372.8), (372.8, 372.8), (372.8, 372.8), (372.8, 372.8), (372.8, 372.8), (372.8, 372.8), (372.8, 372.8), (372.8, 372.8), (372.8, 372.8), (372.8, 372.8), (372.8, 372.8), (372.8, 372.8), (372.8, 372.8), (372.8, 372.8), (372.8, 372.8), (372.8, 372.8)]",0,7.5
speedrunner,bomberman,2,Bomb,1,0,39.2,0.926,"[(48.0, 48.0), (70.4, 50.8), (101.2, 50.8), (115.2, 67.6), (115.2, 90.0), (118.0, 112.4), (140.4, 115.2), (168.4, 115.2), (179.6, 134.8), (179.6, 157.2), (185.2, 179.6), (207.6, 179.6), (235.6, 179.6), (244.0, 202.0), (244.0, 224.4), (252.4, 244.0), (274.8, 244.0), (302.8, 249.6), (308.4, 272.0), (308.4, 300.0), (330.8, 308.4), (358.8, 308.4), (372.8, 328.0), (372.8, 350.4), (372.8, 372.8), (372.8, 372.8), (372.8, 372.8), (372.8, 372.8), (372.8, 372.8), (372.8, 372.8), (372.8, 372.8), (372.8, 372.8), (372.8, 372.8), (372.8, 372.8), (372.8, 372.8), (372.8, 372.8), (372.8, 372.8), (372.8, 372.8), (372.8, 372.8), (372.8, 372.8), (372.8, 372.8), (372.8, 372.8), (372.8, 372.8), (372.8, 372.8), (372.8, 372.8), (372.8, 372.8), (372.8, 372.8), (372.8, 372.8), (372.8, 372.8), (372.8, 372.8), (372.8, 372.8), (372.8, 372.8), (372.8, 372.8), (372.8, 372.8), (372.8, 372.8), (372.8, 372.8), (372.8, 372.8)]",0,7.5
speedrunner,bomberman,2,Bomb,1,0,39.95,0.926,"[(48.0, 48.0), (50.8, 70.4), (50.8, 92.8), (56.4, 115.2), (78.8, 115.2), (109.6, 118.0), (115.2, 140.4), (115.2, 162.8), (126.4, 179.6), (151.6, 179.6), (176.8, 185.2), (179.6, 207.6), (179.6, 230.0), (193.6, 244.0), (221.6, 244.0), (244.0, 252.4), (244.0, 274.8), (244.0, 297.2), (263.6, 308.4), (291.6, 308.4), (308.4, 325.2), (308.4, 353.2), (319.6, 372.8), (342.0, 372.8), (364.4, 372.8), (372.8, 372.8), (372.8, 372.8), (372.8, 372.8), (372.8, 372.8), (372.8, 372.8), (372.8, 372.8), (372.8, 372.8), (372.8, 372.8), (372.8, 372.8), (372.8, 372.8), (372.8, 372.8), (372.8, 372.8), (372.8, 372.8), (372.8, 372.8), (372.8, 372.8), (372.8, 372.8), (372.8, 372.8), (372.8, 372.8), (372.8, 372.8), (372.8, 372.8), (372.8, 372.8), (372.8, 372.8), (372.8, 372.8), (372.8, 372.8), (372.8, 372.8), (372.8, 372.8), (372.8, 372.8), (372.8, 372.8), (372.8, 372.8), (372.8, 372.8), (372.8, 372.8), (372.8, 372.8)]",0,7.5
speedrunner,bomberman,2,Stuck,0,0,46.15,0.407,"[(48.0, 48.0), (70.4, 45.2), (92.8, 45.2), (115.2, 45.2), (137.6, 45.2), (160.0, 45.2), (182.4, 45.2), (204.8, 45.2), (227.2, 45.2), (249.6, 45.2), (272.0, 45.2), (294.4, 45.2), (316.8, 45.2), (339.2, 50.8), (367.2, 56.4), (372.8, 62.0), (372.8, 62.0), (372.8, 62.0), (372.8, 62.0), (372.8, 62.0), (372.8, 62.0), (372.8, 62.0), (372.8, 62.0), (372.8, 62.0), (372.8, 62.0), (372.8, 62.0), (372.8, 62.0), (372.8, 62.0), (372.8, 62.0), (372.8, 62.0), (372.8, 62.0), (372.8, 62.0), (372.8, 62.0), (372.8, 62.0), (372.8, 62.0), (372.8, 62.0), (372.8, 62.0), (372.8, 62.0), (372.8, 62.0), (372.8, 62.0), (372.8, 62.0), (372.8, 62.0), (372.8, 62.0), (372.8, 62.0), (372.8, 62.0), (372.8, 62.0), (372.8, 62.0), (372.8, 62.0), (372.8, 62.0), (372.8, 62.0), (372.8, 62.0), (372.8, 62.0)]",0,6.92
speedrunner,bomberman,2,Bomb,1,0,40.69,0.926,"[(48.0, 48.0), (48.0, 70.4), (48.0, 92.8), (48.0, 115.2), (48.0, 137.6), (48.0, 160.0), (59.2, 179.6), (81.6, 179.6), (112.4, 185.2), (115.2, 207.6), (115.2, 230.0), (129.2, 244.0), (157.2, 244.0), (179.6, 252.4), (179.6, 274.8), (179.6, 297.2), (199.2, 308.4), (227.2, 308.4), (244.0, 322.4), (244.0, 347.6), (252.4, 372.8), (274.8, 372.8), (297.2, 372.8), (319.6, 372.8), (342.0, 372.8), (364.4, 372.8), (372.8, 372.8), (372.8, 372.8), (372.8, 372.8), (372.8, 372.8), (372.8, 372.8), (372.8, 372.8), (372.8, 372.8), (372.8, 372.8), (372.8, 372.8), (372.8, 372.8), (372.8, 372.8), (372.8, 372.8), (372.8, 372.8), (372.8, 372.8), (372.8, 372.8), (372.8, 372.8), (372.8, 372.8), (372.8, 372.8), (372.8, 372.8), (372.8, 372.8), (372.8, 372.8), (372.8, 372.8), (372.8, 372.8), (372.8, 372.8), (372.8, 372.8), (372.8, 372.8), (372.8, 372.8), (372.8, 372.8), (372.8, 372.8), (372.8, 372.8), (372.8, 372.8)]",0,7.5
speedrunner,bomberman,2,Bomb,1,0,39.2,0.926,"[(48.0, 48.0), (70.4, 50.8), (101.2, 50.8), (115.2, 67.6), (115.2, 95.6), (126.4, 115.2), (151.6, 115.2), (176.8, 120.8), (179.6, 143.2), (179.6, 171.2), (199.2, 179.6), (227.2, 179.6), (244.0, 193.6), (244.0, 218.8), (249.6, 244.0), (272.0, 244.0), (300.0, 246.8), (308.4, 269.2), (308.4, 297.2), (328.0, 308.4), (356.0, 308.4), (372.8, 325.2), (372.8, 347.6), (372.8, 370.0), (372.8, 372.8), (372.8, 372.8), (372.8, 372.8), (372.8, 372.8), (372.8, 372.8), (372.8, 372.8), (372.8, 372.8), (372.8, 372.8), (372.8, 372.8), (372.8, 372.8), (372.8, 372.8), (372.8, 372.8), (372.8, 372.8), (372.8, 372.8), (372.8, 372.8), (372.8, 372.8), (372.8, 372.8), (372.8, 372.8), (372.8, 372.8), (372.8, 372.8), (372.8, 372.8), (372.8, 372.8), (372.8, 372.8), (372.8, 372.8), (372.8, 372.8), (372.8, 372.8), (372.8, 372.8), (372.8, 372.8), (372.8, 372.8), (372.8, 372.8), (372.8, 372.8), (372.8, 372.8), (372.8, 372.8)]",0,7.5
speedrunner,bomberman,2,Stuck,2,0,37.22,0.741,"[(48.0, 48.0), (48.0, 70.4), (48.0, 92.8), (48.0, 115.2), (48.0, 137.6), (48.0, 160.0), (48.0, 182.4), (50.8, 204.8), (50.8, 227.2), (62.0, 244.0), (87.2, 244.0), (115.2, 252.4), (115.2, 274.8), (118.0, 302.8), (140.4, 308.4), (168.4, 308.4), (179.6, 328.0), (179.6, 356.0), (193.6, 372.8), (216.0, 372.8), (238.4, 372.8), (260.8, 372.8), (283.2, 372.8), (305.6, 372.8), (328.0, 372.8), (350.4, 372.8), (372.8, 372.8), (372.8, 372.8), (372.8, 372.8), (372.8, 372.8), (372.8, 372.8), (372.8, 372.8), (372.8, 372.8), (372.8, 372.8), (372.8, 372.8), (372.8, 372.8), (372.8, 372.8), (372.8, 372.8), (372.8, 372.8), (372.8, 372.8), (372.8, 372.8), (372.8, 372.8), (372.8, 372.8), (372.8, 372.8), (372.8, 372.8), (372.8, 372.8), (372.8, 372.8), (372.8, 372.8), (372.8, 372.8), (372.8, 372.8), (372.8, 372.8), (372.8, 372.8), (372.8, 372.8), (372.8, 372.8), (372.8, 372.8), (372.8, 372.8), (372.8, 372.8), (372.8, 372.8), (372.8, 372.8), (372.8, 372.8), (372.8, 372.8), (372.8, 372.8), (372.8, 372.8)]",0,8.35
speedrunner,bomberman,2,Bomb,1,0,39.2,0.926,"[(48.0, 48.0), (70.4, 50.8), (101.2, 50.8), (115.2, 67.6), (115.2, 95.6), (126.4, 115.2), (151.6, 115.2), (176.8, 120.8), (179.6, 143.2), (179.6, 171.2), (199.2, 179.6), (227.2, 179.6), (244.0, 193.6), (244.0, 218.8), (249.6, 244.0), (272.0, 244.0), (300.0, 246.8), (308.4, 269.2), (308.4, 297.2), (328.0, 308.4), (356.0, 308.4), (372.8, 325.2), (372.8, 347.6), (372.8, 370.0), (372.8, 372.8), (372.8, 372.8), (372.8, 372.8), (372.8, 372.8), (372.8, 372.8), (372.8, 372.8), (372.8, 372.8), (372.8, 372.8), (372.8, 372.8), (372.8, 372.8), (372.8, 372.8), (372.8, 372.8), (372.8, 372.8), (372.8, 372.8), (372.8, 372.8), (372.8, 372.8), (372.8, 372.8), (372.8, 372.8), (372.8, 372.8), (372.8, 372.8), (372.8, 372.8), (372.8, 372.8), (372.8, 372.8), (372.8, 372.8), (372.8, 372.8), (372.8, 372.8), (372.8, 372.8), (372.8, 372.8), (372.8, 372.8), (372.8, 372.8), (372.8, 372.8), (372.8, 372.8), (372.8, 372.8)]",0,7.5
speedrunner,bomberman,2,Bomb,1,0,40.69,0.926,"[(48.0, 48.0), (48.0, 70.4), (48.0, 92.8), (48.0, 115.2), (48.0, 137.6), (48.0, 160.0), (59.2, 179.6), (81.6, 179.6), (112.4, 185.2), (115.2, 207.6), (115.2, 230.0), (129.2, 244.0), (157.2, 244.0), (179.6, 252.4), (179.6, 274.8), (179.6, 297.2), (199.2, 308.4), (227.2, 308.4), (244.0, 322.4), (244.0, 347.6), (252.4, 372.8), (274.8, 372.8), (297.2, 372.8), (319.6, 372.8), (342.0, 372.8), (364.4, 372.8), (372.8, 372.8), (372.8, 372.8), (372.8, 372.8), (372.8, 372.8), (372.8, 372.8), (372.8, 372.8), (372.8, 372.8), (372.8, 372.8), (372.8, 372.8), (372.8, 372.8), (372.8, 372.8), (372.8, 372.8), (372.8, 372.8), (372.8, 372.8), (372.8, 372.8), (372.8, 372.8), (372.8, 372.8), (372.8, 372.8), (372.8, 372.8), (372.8, 372.8), (372.8, 372.8), (372.8, 372.8), (372.8, 372.8), (372.8, 372.8), (372.8, 372.8), (372.8, 372.8), (372.8, 372.8), (372.8, 372.8), (372.8, 372.8), (372.8, 372.8), (372.8, 372.8)]",0,7.5
speedrunner,bomberman,2,Bomb,1,0,29.4,0.926,"[(48.0, 48.0), (70.4, 50.8), (101.2, 50.8), (115.2, 67.6), (115.2, 90.0), (118.0, 112.4), (140.4, 115.2), (168.4, 115.2), (179.6, 134.8), (179.6, 157.2), (185.2, 179.6), (207.6, 179.6), (235.6, 179.6), (244.0, 202.0), (244.0, 224.4), (252.4, 244.0), (274.8, 244.0), (302.8, 249.6), (308.4, 272.0), (308.4, 294.4), (325.2, 308.4), (353.2, 308.4), (353.2, 308.4), (353.2, 308.4), (353.2, 308.4), (353.2, 308.4), (353.2, 308.4), (353.2, 308.4), (353.2, 308.4), (353.2, 308.4), (353.2, 308.4), (353.2, 308.4), (353.2, 308.4), (353.2, 308.4), (353.2, 308.4), (353.2, 308.4), (353.2, 308.4), (353.2, 308.4), (361.6, 308.4), (361.6, 308.4), (361.6, 308.4), (361.6, 308.4), (372.8, 328.0), (372.8, 350.4), (372.8, 372.8), (372.8, 372.8), (372.8, 372.8), (372.8, 372.8), (372.8, 372.8), (372.8, 372.8), (372.8, 372.8), (372.8, 372.8), (372.8, 372.8), (372.8, 372.8), (372.8, 372.8), (372.8, 372.8), (372.8, 372.8), (372.8, 372.8), (372.8, 372.8), (372.8, 372.8), (372.8, 372.8), (372.8, 372.8), (372.8, 372.8), (372.8, 372.8), (372.8, 372.8), (372.8, 372.8), (372.8, 372.8), (372.8, 372.8), (372.8, 372.8), (372.8, 372.8), (372.8, 372.8), (372.8, 372.8), (372.8, 372.8), (372.8, 372.8), (372.8, 372.8), (372.8, 372.8)]",0,10.0
speedrunner,bomberman,2,Bomb,1,0,39.95,0.926,"[(48.0, 48.0), (50.8, 70.4), (50.8, 92.8), (56.4, 115.2), (78.8, 115.2), (109.6, 118.0), (115.2, 140.4), (115.2, 162.8), (126.4, 179.6), (151.6, 179.6), (176.8, 185.2), (179.6, 207.6), (179.6, 230.0), (193.6, 244.0), (221.6, 244.0), (244.0, 252.4), (244.0, 274.8), (244.0, 297.2), (263.6, 308.4), (291.6, 308.4), (308.4, 325.2), (308.4, 353.2), (319.6, 372.8), (342.0, 372.8), (364.4, 372.8), (372.8, 372.8), (372.8, 372.8), (372.8, 372.8), (372.8, 372.8), (372.8, 372.8), (372.8, 372.8), (372.8, 372.8), (372.8, 372.8), (372.8, 372.8), (372.8, 372.8), (372.8, 372.8), (372.8, 372.8), (372.8, 372.8), (372.8, 372.8), (372.8, 372.8), (372.8, 372.8), (372.8, 372.8), (372.8, 372.8), (372.8, 372.8), (372.8, 372.8), (372.8, 372.8), (372.8, 372.8), (372.8, 372.8), (372.8, 372.8), (372.8, 372.8), (372.8, 372.8), (372.8, 372.8), (372.8, 372.8), (372.8, 372.8), (372.8, 372.8), (372.8, 372.8), (372.8, 372.8)]",0,7.5
speedrunner,bomberman,2,Bomb,2,0,25.02,0.741,"[(48.0, 48.0), (48.0, 70.4), (48.0, 92.8), (48.0, 115.2), (48.0, 137.6), (48.0, 160.0), (48.0, 182.4), (48.0, 204.8), (48.0, 227.2), (48.0, 249.6), (50.8, 272.0), (50.8, 300.0), (50.8, 322.4), (50.8, 347.6), (59.2, 372.8), (67.6, 372.8), (67.6, 372.8), (67.6, 372.8), (67.6, 372.8), (70.4, 372.8), (78.8, 372.8), (101.2, 372.8), (123.6, 372.8), (129.2, 372.8), (129.2, 372.8), (129.2, 372.8), (129.2, 372.8), (129.2, 372.8), (129.2, 372.8), (129.2, 372.8), (129.2, 372.8), (129.2, 372.8), (129.2, 372.8), (129.2, 372.8), (129.2, 372.8), (134.8, 372.8), (151.6, 372.8), (174.0, 372.8), (196.4, 372.8), (204.8, 372.8), (204.8, 372.8), (204.8, 372.8), (204.8, 372.8), (204.8, 372.8), (204.8, 372.8), (204.8, 372.8), (204.8, 372.8), (204.8, 372.8), (204.8, 372.8), (224.4, 372.8), (246.8, 372.8), (258.0, 372.8), (258.0, 372.8), (258.0, 372.8), (258.0, 372.8), (258.0, 372.8), (258.0, 372.8), (274.8, 372.8), (297.2, 372.8), (319.6, 372.8), (322.4, 372.8), (322.4, 372.8), (322.4, 372.8), (322.4, 372.8), (322.4, 372.8), (322.4, 372.8), (322.4, 372.8), (322.4, 372.8), (322.4, 372.8), (322.4, 372.8), (322.4, 372.8), (322.4, 372.8), (322.4, 372.8), (322.4, 372.8), (322.4, 372.8), (322.4, 372.8), (322.4, 372.8), (322.4, 372.8), (322.4, 372.8), (328.0, 372.8), (350.4, 372.8), (372.8, 372.8), (372.8, 372.8), (372.8, 372.8), (372.8, 372.8), (372.8, 372.8), (372.8, 372.8), (372.8, 372.8), (372.8, 372.8), (372.8, 372.8), (372.8, 372.8), (372.8, 372.8), (372.8, 372.8), (372.8, 372.8), (372.8, 372.8), (372.8, 372.8), (372.8, 372.8), (372.8, 372.8)]",0,12.98
speedrunner,bomberman,2,Bomb,1,0,29.4,0.926,"[(48.0, 48.0), (70.4, 50.8), (101.2, 50.8), (115.2, 67.6), (115.2, 90.0), (118.0, 112.4), (140.4, 115.2), (168.4, 115.2), (179.6, 134.8), (179.6, 157.2), (185.2, 179.6), (207.6, 179.6), (235.6, 179.6), (244.0, 202.0), (244.0, 224.4), (252.4, 244.0), (274.8, 244.0), (302.8, 249.6), (308.4, 272.0), (308.4, 294.4), (325.2, 308.4), (353.2, 308.4), (353.2, 308.4), (353.2, 308.4), (353.2, 308.4), (353.2, 308.4), (353.2, 308.4), (353.2, 308.4), (353.2, 308.4), (353.2, 308.4), (353.2, 308.4), (353.2, 308.4), (353.2, 308.4), (353.2, 308.4), (353.2, 308.4), (353.2, 308.4), (353.2, 308.4), (353.2, 308.4), (361.6, 308.4), (372.8, 330.8), (372.8, 353.2), (372.8, 372.8), (372.8, 372.8), (372.8, 372.8), (372.8, 372.8), (372.8, 372.8), (372.8, 372.8), (372.8, 372.8), (372.8, 372.8), (372.8, 372.8), (372.8, 372.8), (372.8, 372.8), (372.8, 372.8), (372.8, 372.8), (372.8, 372.8), (372.8, 372.8), (372.8, 372.8), (372.8, 372.8), (372.8, 372.8), (372.8, 372.8), (372.8, 372.8), (372.8, 372.8), (372.8, 372.8), (372.8, 372.8), (372.8, 372.8), (372.8, 372.8), (372.8, 372.8), (372.8, 372.8), (372.8, 372.8), (372.8, 372.8), (372.8, 372.8), (372.8, 372.8), (372.8, 372.8), (372.8, 372.8), (372.8, 372.8), (372.8, 372.8)]",0,10.0
speedrunner,bomberman,2,Bomb,1,0,39.2,0.926,"[(48.0, 48.0), (70.4, 50.8), (101.2, 50.8), (115.2, 67.6), (115.2, 90.0), (118.0, 112.4), (140.4, 115.2), (168.4, 115.2), (179.6, 134.8), (179.6, 157.2), (185.2, 179.6), (207.6, 179.6), (235.6, 179.6), (244.0, 202.0), (244.0, 224.4), (252.4, 244.0), (274.8, 244.0), (302.8, 249.6), (308.4, 272.0), (308.4, 294.4), (325.2, 308.4), (353.2, 308.4), (372.8, 322.4), (372.8, 344.8), (372.8, 367.2), (372.8, 372.8), (372.8, 372.8), (372.8, 372.8), (372.8, 372.8), (372.8, 372.8), (372.8, 372.8), (372.8, 372.8), (372.8, 372.8), (372.8, 372.8), (372.8, 372.8), (372.8, 372.8), (372.8, 372.8), (372.8, 372.8), (372.8, 372.8), (372.8, 372.8), (372.8, 372.8), (372.8, 372.8), (372.8, 372.8), (372.8, 372.8), (372.8, 372.8), (372.8, 372.8), (372.8, 372.8), (372.8, 372.8), (372.8, 372.8), (372.8, 372.8), (372.8, 372.8), (372.8, 372.8), (372.8, 372.8), (372.8, 372.8), (372.8, 372.8), (372.8, 372.8), (372.8, 372.8)]",0,7.5
speedrunner,bomberman,2,Bomb,1,0,39.95,0.926,"[(48.0, 48.0), (50.8, 70.4), (50.8, 92.8), (56.4, 115.2), (78.8, 115.2), (109.6, 118.0), (115.2, 140.4), (115.2, 162.8), (126.4, 179.6), (151.6, 179.6), (176.8, 185.2), (179.6, 207.6), (179.6, 230.0), (193.6, 244.0), (221.6, 244.0), (244.0, 252.4), (244.0, 274.8), (244.0, 297.2), (263.6, 308.4), (291.6, 308.4), (308.4, 325.2), (308.4, 353.2), (319.6, 372.8), (342.0, 372.8), (364.4, 372.8), (372.8, 372.8), (372.8, 372.8), (372.8, 372.8), (372.8, 372.8), (372.8, 372.8), (372.8, 372.8), (372.8, 372.8), (372.8, 372.8), (372.8, 372.8), (372.8, 372.8), (372.8, 372.8), (372.8, 372.8), (372.8, 372.8), (372.8, 372.8), (372.8, 372.8), (372.8, 372.8), (372.8, 372.8), (372.8, 372.8), (372.8, 372.8), (372.8, 372.8), (372.8, 372.8), (372.8, 372.8), (372.8, 372.8), (372.8, 372.8), (372.8, 372.8), (372.8, 372.8), (372.8, 372.8), (372.8, 372.8), (372.8, 372.8), (372.8, 372.8), (372.8, 372.8), (372.8, 372.8)]",0,7.5
speedrunner,bomberman,2,Stuck,1,0,28.09,0.741,"[(48.0, 48.0), (70.4, 50.8), (101.2, 50.8), (115.2, 67.6), (115.2, 90.0), (118.0, 112.4), (140.4, 115.2), (168.4, 115.2), (179.6, 134.8), (179.6, 157.2), (185.2, 179.6), (207.6, 179.6), (235.6, 179.6), (244.0, 202.0), (244.0, 224.4), (252.4, 244.0), (274.8, 244.0), (302.8, 249.6), (308.4, 272.0), (308.4, 300.0), (330.8, 308.4), (358.8, 308.4), (372.8, 328.0), (372.8, 350.4), (372.8, 372.8), (372.8, 372.8), (372.8, 372.8), (372.8, 372.8), (372.8, 372.8), (372.8, 372.8), (372.8, 372.8), (372.8, 372.8), (372.8, 372.8), (372.8, 372.8), (372.8, 372.8), (372.8, 372.8), (372.8, 372.8), (372.8, 372.8), (372.8, 372.8), (372.8, 372.8), (372.8, 372.8), (372.8, 372.8), (372.8, 372.8), (372.8, 372.8), (372.8, 372.8), (372.8, 372.8), (372.8, 372.8), (372.8, 372.8), (372.8, 372.8), (372.8, 372.8), (372.8, 372.8), (372.8, 372.8), (372.8, 372.8), (372.8, 372.8), (372.8, 372.8), (372.8, 372.8), (372.8, 372.8), (372.8, 372.8), (372.8, 372.8), (372.8, 372.8), (372.8, 372.8), (372.8, 372.8), (372.8, 372.8), (372.8, 372.8), (372.8, 372.8), (372.8, 372.8), (372.8, 372.8), (372.8, 372.8), (372.8, 372.8), (372.8, 372.8), (372.8, 372.8), (372.8, 372.8), (372.8, 372.8), (372.8, 372.8), (372.8, 372.8), (372.8, 372.8), (372.8, 372.8), (372.8, 372.8), (372.8, 372.8)]",0,10.47
speedrunner,bomberman,2,Bomb,1,0,39.2,0.926,"[(48.0, 48.0), (70.4, 50.8), (101.2, 50.8), (115.2, 67.6), (115.2, 90.0), (118.0, 112.4), (140.4, 115.2), (168.4, 115.2), (179.6, 134.8), (179.6, 157.2), (185.2, 179.6), (207.6, 179.6), (235.6, 179.6), (244.0, 202.0), (244.0, 230.0), (258.0, 244.0), (286.0, 244.0), (308.4, 255.2), (308.4, 277.6), (314.0, 305.6), (336.4, 308.4), (364.4, 311.2), (372.8, 333.6), (372.8, 356.0), (372.8, 372.8), (372.8, 372.8), (372.8, 372.8), (372.8, 372.8), (372.8, 372.8), (372.8, 372.8), (372.8, 372.8), (372.8, 372.8), (372.8, 372.8), (372.8, 372.8), (372.8, 372.8), (372.8, 372.8), (372.8, 372.8), (372.8, 372.8), (372.8, 372.8), (372.8, 372.8), (372.8, 372.8), (372.8, 372.8), (372.8, 372.8), (372.8, 372.8), (372.8, 372.8), (372.8, 372.8), (372.8, 372.8), (372.8, 372.8), (372.8, 372.8), (372.8, 372.8), (372.8, 372.8), (372.8, 372.8), (372.8, 372.8), (372.8, 372.8), (372.8, 372.8), (372.8, 372.8), (372.8, 372.8)]",0,7.5
speedrunner,bomberman,2,Bomb,1,0,39.2,0.926,"[(48.0, 48.0), (70.4, 50.8), (101.2, 50.8), (115.2, 67.6), (115.2, 90.0), (118.0, 112.4), (140.4, 115.2), (168.4, 115.2), (179.6, 134.8), (179.6, 157.2), (185.2, 179.6), (207.6, 179.6), (235.6, 179.6), (244.0, 202.0), (244.0, 230.0), (258.0, 244.0), (286.0, 244.0), (308.4, 255.2), (308.4, 277.6), (314.0, 305.6), (336.4, 308.4), (364.4, 311.2), (372.8, 333.6), (372.8, 356.0), (372.8, 372.8), (372.8, 372.8), (372.8, 372.8), (372.8, 372.8), (372.8, 372.8), (372.8, 372.8), (372.8, 372.8), (372.8, 372.8), (372.8, 372.8), (372.8, 372.8), (372.8, 372.8), (372.8, 372.8), (372.8, 372.8), (372.8, 372.8), (372.8, 372.8), (372.8, 372.8), (372.8, 372.8), (372.8, 372.8), (372.8, 372.8), (372.8, 372.8), (372.8, 372.8), (372.8, 372.8), (372.8, 372.8), (372.8, 372.8), (372.8, 372.8), (372.8, 372.8), (372.8, 372.8), (372.8, 372.8), (372.8, 372.8), (372.8, 372.8), (372.8, 372.8), (372.8, 372.8), (372.8, 372.8)]",0,7.5
speedrunner,bomberman,2,Bomb,1,0,39.95,0.926,"[(48.0, 48.0), (50.8, 70.4), (50.8, 92.8), (56.4, 115.2), (78.8, 115.2), (109.6, 118.0), (115.2, 140.4), (115.2, 162.8), (126.4, 179.6), (151.6, 179.6), (176.8, 185.2), (179.6, 207.6), (179.6, 230.0), (193.6, 244.0), (221.6, 244.0), (244.0, 252.4), (244.0, 274.8), (244.0, 297.2), (263.6, 308.4), (291.6, 308.4), (308.4, 325.2), (308.4, 353.2), (319.6, 372.8), (342.0, 372.8), (364.4, 372.8), (372.8, 372.8), (372.8, 372.8), (372.8, 372.8), (372.8, 372.8), (372.8, 372.8), (372.8, 372.8), (372.8, 372.8), (372.8, 372.8), (372.8, 372.8), (372.8, 372.8), (372.8, 372.8), (372.8, 372.8), (372.8, 372.8), (372.8, 372.8), (372.8, 372.8), (372.8, 372.8), (372.8, 372.8), (372.8, 372.8), (372.8, 372.8), (372.8, 372.8), (372.8, 372.8), (372.8, 372.8), (372.8, 372.8), (372.8, 372.8), (372.8, 372.8), (372.8, 372.8), (372.8, 372.8), (372.8, 372.8), (372.8, 372.8), (372.8, 372.8), (372.8, 372.8), (372.8, 372.8)]",0,7.5
speedrunner,bomberman,2,Bomb,1,0,40.69,0.926,"[(48.0, 48.0), (48.0, 70.4), (48.0, 92.8), (48.0, 115.2), (48.0, 137.6), (48.0, 160.0), (59.2, 179.6), (81.6, 179.6), (112.4, 185.2), (115.2, 207.6), (115.2, 230.0), (129.2, 244.0), (157.2, 244.0), (179.6, 252.4), (179.6, 274.8), (179.6, 297.2), (199.2, 308.4), (227.2, 308.4), (244.0, 322.4), (244.0, 347.6), (252.4, 372.8), (274.8, 372.8), (297.2, 372.8), (319.6, 372.8), (342.0, 372.8), (364.4, 372.8), (372.8, 372.8), (372.8, 372.8), (372.8, 372.8), (372.8, 372.8), (372.8, 372.8), (372.8, 372.8), (372.8, 372.8), (372.8, 372.8), (372.8, 372.8), (372.8, 372.8), (372.8, 372.8), (372.8, 372.8), (372.8, 372.8), (372.8, 372.8), (372.8, 372.8), (372.8, 372.8), (372.8, 372.8), (372.8, 372.8), (372.8, 372.8), (372.8, 372.8), (372.8, 372.8), (372.8, 372.8), (372.8, 372.8), (372.8, 372.8), (372.8, 372.8), (372.8, 372.8), (372.8, 372.8), (372.8, 372.8), (372.8, 372.8), (372.8, 372.8), (372.8, 372.8)]",0,7.5
speedrunner,bomberman,2,Bomb,1,0,39.2,0.926,"[(48.0, 48.0), (70.4, 50.8), (101.2, 50.8), (115.2, 67.6), (115.2, 90.0), (118.0, 112.4), (140.4, 115.2), (168.4, 115.2), (179.6, 134.8), (179.6, 157.2), (185.2, 179.6), (207.6, 179.6), (235.6, 179.6), (244.0, 202.0), (244.0, 224.4), (252.4, 244.0), (274.8, 244.0), (302.8, 249.6), (308.4, 272.0), (308.4, 294.4), (325.2, 308.4), (353.2, 308.4), (372.8, 322.4), (372.8, 344.8), (372.8, 367.2), (372.8, 372.8), (372.8, 372.8), (372.8, 372.8), (372.8, 372.8), (372.8, 372.8), (372.8, 372.8), (372.8, 372.8), (372.8, 372.8), (372.8, 372.8), (372.8, 372.8), (372.8, 372.8), (372.8, 372.8), (372.8, 372.8), (372.8, 372.8), (372.8, 372.8), (372.8, 372.8), (372.8, 372.8), (372.8, 372.8), (372.8, 372.8), (372.8, 372.8), (372.8, 372.8), (372.8, 372.8), (372.8, 372.8), (372.8, 372.8), (372.8, 372.8), (372.8, 372.8), (372.8, 372.8), (372.8, 372.8), (372.8, 372.8), (372.8, 372.8), (372.8, 372.8), (372.8, 372.8)]",0,7.5
speedrunner,bomberman,2,Bomb,1,0,29.4,0.926,"[(48.0, 48.0), (70.4, 50.8), (101.2, 50.8), (115.2, 67.6), (115.2, 90.0), (118.0, 112.4), (140.4, 115.2), (168.4, 115.2), (179.6, 134.8), (179.6, 157.2), (185.2, 179.6), (207.6, 179.6), (235.6, 179.6), (244.0, 202.0), (244.0, 224.4), (252.4, 244.0), (274.8, 244.0), (302.8, 249.6), (308.4, 272.0), (308.4, 294.4), (325.2, 308.4), (353.2, 308.4), (353.2, 308.4), (353.2, 308.4), (353.2, 308.4), (353.2, 308.4), (353.2, 308.4), (353.2, 308.4), (353.2, 308.4), (353.2, 308.4), (353.2, 308.4), (353.2, 308.4), (353.2, 308.4), (353.2, 308.4), (353.2, 308.4), (353.2, 308.4), (353.2, 308.4), (353.2, 308.4), (353.2, 308.4), (353.2, 308.4), (353.2, 308.4), (353.2, 308.4), (372.8, 319.6), (372.8, 342.0), (372.8, 364.4), (372.8, 372.8), (372.8, 372.8), (372.8, 372.8), (372.8, 372.8), (372.8, 372.8), (372.8, 372.8), (372.8, 372.8), (372.8, 372.8), (372.8, 372.8), (372.8, 372.8), (372.8, 372.8), (372.8, 372.8), (372.8, 372.8), (372.8, 372.8), (372.8, 372.8), (372.8, 372.8), (372.8, 372.8), (372.8, 372.8), (372.8, 372.8), (372.8, 372.8), (372.8, 372.8), (372.8, 372.8), (372.8, 372.8), (372.8, 372.8), (372.8, 372.8), (372.8, 372.8), (372.8, 372.8), (372.8, 372.8), (372.8, 372.8), (372.8, 372.8), (372.8, 372.8)]",0,10.0
speedrunner,bomberman,2,Bomb,1,0,42.56,0.407,"[(48.0, 48.0), (70.4, 45.2), (92.8, 45.2), (115.2, 45.2), (137.6, 45.2), (160.0, 45.2), (182.4, 45.2), (204.8, 45.2), (227.2, 45.2), (249.6, 45.2), (272.0, 45.2), (294.4, 50.8), (308.4, 64.8), (308.4, 64.8), (308.4, 64.8), (308.4, 64.8), (308.4, 64.8), (308.4, 64.8), (308.4, 64.8), (308.4, 64.8), (308.4, 64.8), (308.4, 64.8), (308.4, 64.8), (308.4, 64.8), (308.4, 64.8), (308.4, 64.8), (308.4, 64.8), (308.4, 62.0), (308.4, 59.2), (308.4, 64.8), (308.4, 62.0), (308.4, 59.2), (308.4, 64.8), (308.4, 62.0), (316.8, 45.2), (339.2, 50.8), (367.2, 56.4), (372.8, 62.0), (372.8, 62.0), (372.8, 62.0), (372.8, 62.0), (372.8, 62.0), (372.8, 62.0), (372.8, 62.0), (372.8, 59.2), (372.8, 64.8), (372.8, 62.0), (372.8, 59.2), (372.8, 64.8), (372.8, 62.0), (372.8, 59.2), (372.8, 64.8), (372.8, 62.0), (372.8, 59.2), (372.8, 64.8), (372.8, 62.0), (372.8, 59.2)]",0,7.5
speedrunner,bomberman,2,Bomb,1,0,39.95,0.926,"[(48.0, 48.0), (50.8, 70.4), (50.8, 92.8), (56.4, 115.2), (78.8, 115.2), (109.6, 118.0), (115.2, 140.4), (115.2, 162.8), (126.4, 179.6), (151.6, 179.6), (176.8, 185.2), (179.6, 207.6), (179.6, 230.0), (193.6, 244.0), (221.6, 244.0), (244.0, 252.4), (244.0, 274.8), (246.8, 302.8), (269.2, 308.4), (297.2, 308.4), (308.4, 330.8), (308.4, 358.8), (325.2, 372.8), (347.6, 372.8), (370.0, 372.8), (372.8, 372.8), (372.8, 372.8), (372.8, 372.8), (372.8, 372.8), (372.8, 372.8), (372.8, 372.8), (372.8, 372.8), (372.8, 372.8), (372.8, 372.8), (372.8, 372.8), (372.8, 372.8), (372.8, 372.8), (372.8, 372.8), (372.8, 372.8), (372.8, 372.8), (372.8, 372.8), (372.8, 372.8), (372.8, 372.8), (372.8, 372.8), (372.8, 372.8), (372.8, 372.8), (372.8, 372.8), (372.8, 372.8), (372.8, 372.8), (372.8, 372.8), (372.8, 372.8), (372.8, 372.8), (372.8, 372.8), (372.8, 372.8), (372.8, 372.8), (372.8, 372.8), (372.8, 372.8)]",0,7.5
speedrunner,bomberman,2,Bomb,1,0,29.4,0.926,"[(48.0, 48.0), (70.4, 50.8), (101.2, 50.8), (115.2, 67.6), (115.2, 90.0), (118.0, 112.4), (140.4, 115.2), (168.4, 115.2), (179.6, 134.8), (179.6, 157.2), (185.2, 179.6), (207.6, 179.6), (235.6, 179.6), (244.0, 202.0), (244.0, 224.4), (252.4, 244.0), (274.8, 244.0), (302.8, 249.6), (308.4, 272.0), (308.4, 294.4), (325.2, 308.4), (353.2, 308.4), (353.2, 308.4), (353.2, 308.4), (353.2, 308.4), (353.2, 308.4), (353.2, 308.4), (353.2, 308.4), (353.2, 308.4), (353.2, 308.4), (353.2, 308.4), (353.2, 308.4), (353.2, 308.4), (353.2, 308.4), (353.2, 308.4), (353.2, 308.4), (353.2, 308.4), (353.2, 308.4), (364.4, 311.2), (372.8, 333.6), (372.8, 356.0), (372.8, 372.8), (372.8, 372.8), (372.8, 372.8), (372.8, 372.8), (372.8, 372.8), (372.8, 372.8), (372.8, 372.8), (372.8, 372.8), (372.8, 372.8), (372.8, 372.8), (372.8, 372.8), (372.8, 372.8), (372.8, 372.8), (372.8, 372.8), (372.8, 372.8), (372.8, 372.8), (372.8, 372.8), (372.8, 372.8), (372.8, 372.8), (372.8, 372.8), (372.8, 372.8), (372.8, 372.8), (372.8, 372.8), (372.8, 372.8), (372.8, 372.8), (372.8, 372.8), (372.8, 372.8), (372.8, 372.8), (372.8, 372.8), (372.8, 372.8), (372.8, 372.8), (372.8, 372.8), (372.8, 372.8), (372.8, 372.8), (372.8, 372.8)]",0,10.0
speedrunner,bomberman,2,Bomb,1,0,39.95,0.926,"[(48.0, 48.0), (50.8, 70.4), (50.8, 92.8), (56.4, 115.2), (78.8, 115.2), (109.6, 118.0), (115.2, 140.4), (115.2, 162.8), (126.4, 179.6), (151.6, 179.6), (176.8, 185.2), (179.6, 207.6), (179.6, 230.0), (193.6, 244.0), (221.6, 244.0), (244.0, 252.4), (244.0, 274.8), (244.0, 297.2), (263.6, 308.4), (291.6, 308.4), (308.4, 325.2), (308.4, 347.6), (314.0, 370.0), (336.4, 372.8), (358.8, 372.8), (372.8, 372.8), (372.8, 372.8), (372.8, 372.8), (372.8, 372.8), (372.8, 372.8), (372.8, 372.8), (372.8, 372.8), (372.8, 372.8), (372.8, 372.8), (372.8, 372.8), (372.8, 372.8), (372.8, 372.8), (372.8, 372.8), (372.8, 372.8), (372.8, 372.8), (372.8, 372.8), (372.8, 372.8), (372.8, 372.8), (372.8, 372.8), (372.8, 372.8), (372.8, 372.8), (372.8, 372.8), (372.8, 372.8), (372.8, 372.8), (372.8, 372.8), (372.8, 372.8), (372.8, 372.8), (372.8, 372.8), (372.8, 372.8), (372.8, 372.8), (372.8, 372.8), (372.8, 372.8)]",0,7.5
speedrunner,bomberman,2,Bomb,1,0,39.95,0.926,"[(48.0, 48.0), (50.8, 70.4), (50.8, 92.8), (56.4, 115.2), (78.8, 115.2), (109.6, 118.0), (115.2, 140.4), (115.2, 162.8), (126.4, 179.6), (151.6, 179.6), (176.8, 185.2), (179.6, 207.6), (179.6, 230.0), (193.6, 244.0), (221.6, 244.0), (244.0, 252.4), (244.0, 274.8), (244.0, 297.2), (263.6, 308.4), (291.6, 308.4), (308.4, 325.2), (308.4, 347.6), (314.0, 370.0), (336.4, 372.8), (358.8, 372.8), (372.8, 372.8), (372.8, 372.8), (372.8, 372.8), (372.8, 372.8), (372.8, 372.8), (372.8, 372.8), (372.8, 372.8), (372.8, 372.8), (372.8, 372.8), (372.8, 372.8), (372.8, 372.8), (372.8, 372.8), (372.8, 372.8), (372.8, 372.8), (372.8, 372.8), (372.8, 372.8), (372.8, 372.8), (372.8, 372.8), (372.8, 372.8), (372.8, 372.8), (372.8, 372.8), (372.8, 372.8), (372.8, 372.8), (372.8, 372.8), (372.8, 372.8), (372.8, 372.8), (372.8, 372.8), (372.8, 372.8), (372.8, 372.8), (372.8, 372.8), (372.8, 372.8), (372.8, 372.8)]",0,7.5
speedrunner,bomberman,2,Bomb,1,0,39.95,0.926,"[(48.0, 48.0), (50.8, 70.4), (50.8, 92.8), (56.4, 115.2), (78.8, 115.2), (109.6, 118.0), (115.2, 140.4), (115.2, 162.8), (126.4, 179.6), (151.6, 179.6), (176.8, 185.2), (179.6, 207.6), (179.6, 230.0), (193.6, 244.0), (221.6, 244.0), (244.0, 252.4), (244.0, 274.8), (244.0, 297.2), (263.6, 308.4), (291.6, 308.4), (308.4, 325.2), (308.4, 347.6), (314.0, 370.0), (336.4, 372.8), (358.8, 372.8), (372.8, 372.8), (372.8, 372.8), (372.8, 372.8), (372.8, 372.8), (372.8, 372.8), (372.8, 372.8), (372.8, 372.8), (372.8, 372.8), (372.8, 372.8), (372.8, 372.8), (372.8, 372.8), (372.8, 372.8), (372.8, 372.8), (372.8, 372.8), (372.8, 372.8), (372.8, 372.8), (372.8, 372.8), (372.8, 372.8), (372.8, 372.8), (372.8, 372.8), (372.8, 372.8), (372.8, 372.8), (372.8, 372.8), (372.8, 372.8), (372.8, 372.8), (372.8, 372.8), (372.8, 372.8), (372.8, 372.8), (372.8, 372.8), (372.8, 372.8), (372.8, 372.8), (372.8, 372.8)]",0,7.5
speedrunner,bomberman,2,Bomb,1,0,39.95,0.926,"[(48.0, 48.0), (50.8, 70.4), (50.8, 92.8), (56.4, 115.2), (78.8, 115.2), (109.6, 118.0), (115.2, 140.4), (115.2, 162.8), (126.4, 179.6), (151.6, 179.6), (176.8, 185.2), (179.6, 207.6), (179.6, 230.0), (193.6, 244.0), (221.6, 244.0), (244.0, 252.4), (244.0, 274.8), (244.0, 297.2), (263.6, 308.4), (291.6, 308.4), (308.4, 325.2), (308.4, 347.6), (314.0, 370.0), (336.4, 372.8), (358.8, 372.8), (372.8, 372.8), (372.8, 372.8), (372.8, 372.8), (372.8, 372.8), (372.8, 372.8), (372.8, 372.8), (372.8, 372.8), (372.8, 372.8), (372.8, 372.8), (372.8, 372.8), (372.8, 372.8), (372.8, 372.8), (372.8, 372.8), (372.8, 372.8), (372.8, 372.8), (372.8, 372.8), (372.8, 372.8), (372.8, 372.8), (372.8, 372.8), (372.8, 372.8), (372.8, 372.8), (372.8, 372.8), (372.8, 372.8), (372.8, 372.8), (372.8, 372.8), (372.8, 372.8), (372.8, 372.8), (372.8, 372.8), (372.8, 372.8), (372.8, 372.8), (372.8, 372.8), (372.8, 372.8)]",0,7.5
speedrunner,bomberman,2,Bomb,1,0,29.4,0.926,"[(48.0, 48.0), (70.4, 50.8), (101.2, 50.8), (115.2, 67.6), (115.2, 90.0), (118.0, 112.4), (140.4, 115.2), (168.4, 115.2), (179.6, 134.8), (179.6, 157.2), (185.2, 179.6), (207.6, 179.6), (235.6, 179.6), (244.0, 202.0), (244.0, 224.4), (252.4, 244.0), (274.8, 244.0), (302.8, 249.6), (308.4, 272.0), (308.4, 294.4), (325.2, 308.4), (353.2, 308.4), (353.2, 308.4), (353.2, 308.4), (353.2, 308.4), (353.2, 308.4), (353.2, 308.4), (353.2, 308.4), (353.2, 308.4), (353.2, 308.4), (353.2, 308.4), (353.2, 308.4), (353.2, 308.4), (353.2, 308.4), (353.2, 308.4), (353.2, 308.4), (353.2, 308.4), (353.2, 308.4), (364.4, 311.2), (372.8, 333.6), (372.8, 356.0), (372.8, 372.8), (372.8, 372.8), (372.8, 372.8), (372.8, 372.8), (372.8, 372.8), (372.8, 372.8), (372.8, 372.8), (372.8, 372.8), (372.8, 372.8), (372.8, 372.8), (372.8, 372.8), (372.8, 372.8), (372.8, 372.8), (372.8, 372.8), (372.8, 372.8), (372.8, 372.8), (372.8, 372.8), (372.8, 372.8), (372.8, 372.8), (372.8, 372.8), (372.8, 372.8), (372.8, 372.8), (372.8, 372.8), (372.8, 372.8), (372.8, 372.8), (372.8, 372.8), (372.8, 372.8), (372.8, 372.8), (372.8, 372.8), (372.8, 372.8), (372.8, 372.8), (372.8, 372.8), (372.8, 372.8), (372.8, 372.8), (372.8, 372.8)]",0,10.0
speedrunner,bomberman,2,Bomb,1,0,39.95,0.926,"[(48.0, 48.0), (50.8, 70.4), (50.8, 92.8), (56.4, 115.2), (78.8, 115.2), (109.6, 118.0), (115.2, 140.4), (115.2, 162.8), (126.4, 179.6), (151.6, 179.6), (176.8, 185.2), (179.6, 207.6), (179.6, 230.0), (193.6, 244.0), (221.6, 244.0), (244.0, 252.4), (244.0, 274.8), (246.8, 302.8), (269.2, 308.4), (297.2, 308.4), (308.4, 330.8), (308.4, 358.8), (325.2, 372.8), (347.6, 372.8), (370.0, 372.8), (372.8, 372.8), (372.8, 372.8), (372.8, 372.8), (372.8, 372.8), (372.8, 372.8), (372.8, 372.8), (372.8, 372.8), (372.8, 372.8), (372.8, 372.8), (372.8, 372.8), (372.8, 372.8), (372.8, 372.8), (372.8, 372.8), (372.8, 372.8), (372.8, 372.8), (372.8, 372.8), (372.8, 372.8), (372.8, 372.8), (372.8, 372.8), (372.8, 372.8), (372.8, 372.8), (372.8, 372.8), (372.8, 372.8), (372.8, 372.8), (372.8, 372.8), (372.8, 372.8), (372.8, 372.8), (372.8, 372.8), (372.8, 372.8), (372.8, 372.8), (372.8, 372.8), (372.8, 372.8)]",0,7.5
speedrunner,bomberman,2,Bomb,1,0,39.95,0.926,"[(48.0, 48.0), (50.8, 70.4), (50.8, 92.8), (56.4, 115.2), (78.8, 115.2), (109.6, 118.0), (115.2, 140.4), (115.2, 162.8), (126.4, 179.6), (151.6, 179.6), (176.8, 185.2), (179.6, 207.6), (179.6, 230.0), (193.6, 244.0), (221.6, 244.0), (244.0, 252.4), (244.0, 274.8), (244.0, 297.2), (263.6, 308.4), (291.6, 308.4), (308.4, 325.2), (308.4, 347.6), (314.0, 370.0), (336.4, 372.8), (358.8, 372.8), (372.8, 372.8), (372.8, 372.8), (372.8, 372.8), (372.8, 372.8), (372.8, 372.8), (372.8, 372.8), (372.8, 372.8), (372.8, 372.8), (372.8, 372.8), (372.8, 372.8), (372.8, 372.8), (372.8, 372.8), (372.8, 372.8), (372.8, 372.8), (372.8, 372.8), (372.8, 372.8), (372.8, 372.8), (372.8, 372.8), (372.8, 372.8), (372.8, 372.8), (372.8, 372.8), (372.8, 372.8), (372.8, 372.8), (372.8, 372.8), (372.8, 372.8), (372.8, 372.8), (372.8, 372.8), (372.8, 372.8), (372.8, 372.8), (372.8, 372.8), (372.8, 372.8), (372.8, 372.8)]",0,7.5
speedrunner,bomberman,2,Bomb,1,0,29.4,0.926,"[(48.0, 48.0), (70.4, 50.8), (101.2, 50.8), (115.2, 67.6), (115.2, 90.0), (118.0, 112.4), (140.4, 115.2), (168.4, 115.2), (179.6, 134.8), (179.6, 157.2), (185.2, 179.6), (207.6, 179.6), (235.6, 179.6), (244.0, 202.0), (244.0, 224.4), (252.4, 244.0), (274.8, 244.0), (302.8, 249.6), (308.4, 272.0), (308.4, 294.4), (325.2, 308.4), (353.2, 308.4), (353.2, 308.4), (353.2, 308.4), (353.2, 308.4), (353.2, 308.4), (353.2, 308.4), (353.2, 308.4), (353.2, 308.4), (353.2, 308.4), (353.2, 308.4), (353.2, 308.4), (353.2, 308.4), (353.2, 308.4), (353.2, 308.4), (353.2, 308.4), (353.2, 308.4), (353.2, 308.4), (364.4, 311.2), (372.8, 333.6), (372.8, 356.0), (372.8, 372.8), (372.8, 372.8), (372.8, 372.8), (372.8, 372.8), (372.8, 372.8), (372.8, 372.8), (372.8, 372.8), (372.8, 372.8), (372.8, 372.8), (372.8, 372.8), (372.8, 372.8), (372.8, 372.8), (372.8, 372.8), (372.8, 372.8), (372.8, 372.8), (372.8, 372.8), (372.8, 372.8), (372.8, 372.8), (372.8, 372.8), (372.8, 372.8), (372.8, 372.8), (372.8, 372.8), (372.8, 372.8), (372.8, 372.8), (372.8, 372.8), (372.8, 372.8), (372.8, 372.8), (372.8, 372.8), (372.8, 372.8), (372.8, 372.8), (372.8, 372.8), (372.8, 372.8), (372.8, 372.8), (372.8, 372.8), (372.8, 372.8)]",0,10.0
speedrunner,bomberman,2,Bomb,1,0,39.2,0.926,"[(48.0, 48.0), (70.4, 50.8), (101.2, 50.8), (115.2, 67.6), (115.2, 90.0), (118.0, 112.4), (140.4, 115.2), (168.4, 115.2), (179.6, 134.8), (179.6, 157.2), (185.2, 179.6), (207.6, 179.6), (235.6, 179.6), (244.0, 202.0), (244.0, 224.4), (252.4, 244.0), (274.8, 244.0), (302.8, 249.6), (308.4, 272.0), (308.4, 300.0), (330.8, 308.4), (358.8, 308.4), (372.8, 328.0), (372.8, 350.4), (372.8, 372.8), (372.8, 372.8), (372.8, 372.8), (372.8, 372.8), (372.8, 372.8), (372.8, 372.8), (372.8, 372.8), (372.8, 372.8), (372.8, 372.8), (372.8, 372.8), (372.8, 372.8), (372.8, 372.8), (372.8, 372.8), (372.8, 372.8), (372.8, 372.8), (372.8, 372.8), (372.8, 372.8), (372.8, 372.8), (372.8, 372.8), (372.8, 372.8), (372.8, 372.8), (372.8, 372.8), (372.8, 372.8), (372.8, 372.8), (372.8, 372.8), (372.8, 372.8), (372.8, 372.8), (372.8, 372.8), (372.8, 372.8), (372.8, 372.8), (372.8, 372.8), (372.8, 372.8), (372.8, 372.8)]",0,7.5
speedrunner,bomberman,2,Bomb,1,0,39.95,0.926,"[(48.0, 48.0), (50.8, 70.4), (50.8, 92.8), (56.4, 115.2), (78.8, 115.2), (109.6, 118.0), (115.2, 140.4), (115.2, 162.8), (126.4, 179.6), (151.6, 179.6), (176.8, 185.2), (179.6, 207.6), (179.6, 230.0), (193.6, 244.0), (221.6, 244.0), (244.0, 252.4), (244.0, 274.8), (244.0, 297.2), (263.6, 308.4), (291.6, 308.4), (308.4, 325.2), (308.4, 353.2), (319.6, 372.8), (342.0, 372.8), (364.4, 372.8), (372.8, 372.8), (372.8, 372.8), (372.8, 372.8), (372.8, 372.8), (372.8, 372.8), (372.8, 372.8), (372.8, 372.8), (372.8, 372.8), (372.8, 372.8), (372.8, 372.8), (372.8, 372.8), (372.8, 372.8), (372.8, 372.8), (372.8, 372.8), (372.8, 372.8), (372.8, 372.8), (372.8, 372.8), (372.8, 372.8), (372.8, 372.8), (372.8, 372.8), (372.8, 372.8), (372.8, 372.8), (372.8, 372.8), (372.8, 372.8), (372.8, 372.8), (372.8, 372.8), (372.8, 372.8), (372.8, 372.8), (372.8, 372.8), (372.8, 372.8), (372.8, 372.8), (372.8, 372.8)]",0,7.5
speedrunner,bomberman,2,Bomb,1,0,40.32,0.926,"[(48.0, 48.0), (70.4, 45.2), (92.8, 45.2), (115.2, 59.2), (115.2, 81.6), (115.2, 104.0), (132.0, 115.2), (160.0, 115.2), (179.6, 126.4), (179.6, 148.8), (179.6, 171.2), (199.2, 179.6), (227.2, 179.6), (244.0, 193.6), (244.0, 216.0), (244.0, 238.4), (266.4, 244.0), (294.4, 244.0), (308.4, 263.6), (308.4, 286.0), (316.8, 308.4), (339.2, 308.4), (367.2, 314.0), (372.8, 336.4), (372.8, 358.8), (372.8, 372.8), (372.8, 372.8), (372.8, 372.8), (372.8, 372.8), (372.8, 372.8), (372.8, 372.8), (372.8, 372.8), (372.8, 372.8), (372.8, 372.8), (372.8, 372.8), (372.8, 372.8), (372.8, 372.8), (372.8, 372.8), (372.8, 372.8), (372.8, 372.8), (372.8, 372.8), (372.8, 372.8), (372.8, 372.8), (372.8, 372.8), (372.8, 372.8), (372.8, 372.8), (372.8, 372.8), (372.8, 372.8), (372.8, 372.8), (372.8, 372.8), (372.8, 372.8), (372.8, 372.8), (372.8, 372.8), (372.8, 372.8), (372.8, 372.8), (372.8, 372.8), (372.8, 372.8)]",0,7.5
speedrunner,bomberman,2,Bomb,1,0,39.95,0.926,"[(48.0, 48.0), (50.8, 70.4), (50.8, 92.8), (56.4, 115.2), (78.8, 115.2), (109.6, 118.0), (115.2, 140.4), (115.2, 162.8), (126.4, 179.6), (151.6, 179.6), (176.8, 185.2), (179.6, 207.6), (179.6, 230.0), (193.6, 244.0), (221.6, 244.0), (244.0, 252.4), (244.0, 274.8), (244.0, 297.2), (263.6, 308.4), (291.6, 308.4), (308.4, 325.2), (308.4, 353.2), (319.6, 372.8), (342.0, 372.8), (364.4, 372.8), (372.8, 372.8), (372.8, 372.8), (372.8, 372.8), (372.8, 372.8), (372.8, 372.8), (372.8, 372.8), (372.8, 372.8), (372.8, 372.8), (372.8, 372.8), (372.8, 372.8), (372.8, 372.8), (372.8, 372.8), (372.8, 372.8), (372.8, 372.8), (372.8, 372.8), (372.8, 372.8), (372.8, 372.8), (372.8, 372.8), (372.8, 372.8), (372.8, 372.8), (372.8, 372.8), (372.8, 372.8), (372.8, 372.8), (372.8, 372.8), (372.8, 372.8), (372.8, 372.8), (372.8, 372.8), (372.8, 372.8), (372.8, 372.8), (372.8, 372.8), (372.8, 372.8), (372.8, 372.8)]",0,7.5
speedrunner,bomberman,2,Bomb,1,0,39.95,0.926,"[(48.0, 48.0), (50.8, 70.4), (50.8, 92.8), (56.4, 115.2), (78.8, 115.2), (109.6, 118.0), (115.2, 140.4), (115.2, 162.8), (126.4, 179.6), (151.6, 179.6), (176.8, 185.2), (179.6, 207.6), (179.6, 230.0), (193.6, 244.0), (221.6, 244.0), (244.0, 252.4), (244.0, 274.8), (244.0, 297.2), (263.6, 308.4), (291.6, 308.4), (308.4, 325.2), (308.4, 353.2), (319.6, 372.8), (342.0, 372.8), (364.4, 372.8), (372.8, 372.8), (372.8, 372.8), (372.8, 372.8), (372.8, 372.8), (372.8, 372.8), (372.8, 372.8), (372.8, 372.8), (372.8, 372.8), (372.8, 372.8), (372.8, 372.8), (372.8, 372.8), (372.8, 372.8), (372.8, 372.8), (372.8, 372.8), (372.8, 372.8), (372.8, 372.8), (372.8, 372.8), (372.8, 372.8), (372.8, 372.8), (372.8, 372.8), (372.8, 372.8), (372.8, 372.8), (372.8, 372.8), (372.8, 372.8), (372.8, 372.8), (372.8, 372.8), (372.8, 372.8), (372.8, 372.8), (372.8, 372.8), (372.8, 372.8), (372.8, 372.8), (372.8, 372.8)]",0,7.5
speedrunner,bomberman,2,Bomb,1,0,40.32,0.926,"[(48.0, 48.0), (70.4, 45.2), (92.8, 45.2), (115.2, 59.2), (115.2, 81.6), (115.2, 104.0), (132.0, 115.2), (160.0, 115.2), (179.6, 126.4), (179.6, 148.8), (179.6, 171.2), (199.2, 179.6), (227.2, 179.6), (244.0, 193.6), (244.0, 216.0), (244.0, 238.4), (266.4, 244.0), (294.4, 244.0), (308.4, 263.6), (308.4, 286.0), (316.8, 308.4), (339.2, 308.4), (367.2, 314.0), (372.8, 336.4), (372.8, 358.8), (372.8, 372.8), (372.8, 372.8), (372.8, 372.8), (372.8, 372.8), (372.8, 372.8), (372.8, 372.8), (372.8, 372.8), (372.8, 372.8), (372.8, 372.8), (372.8, 372.8), (372.8, 372.8), (372.8, 372.8), (372.8, 372.8), (372.8, 372.8), (372.8, 372.8), (372.8, 372.8), (372.8, 372.8), (372.8, 372.8), (372.8, 372.8), (372.8, 372.8), (372.8, 372.8), (372.8, 372.8), (372.8, 372.8), (372.8, 372.8), (372.8, 372.8), (372.8, 372.8), (372.8, 372.8), (372.8, 372.8), (372.8, 372.8), (372.8, 372.8), (372.8, 372.8), (372.8, 372.8)]",0,7.5
speedrunner,bomberman,2,Bomb,1,0,39.95,0.926,"[(48.0, 48.0), (50.8, 70.4), (50.8, 92.8), (56.4, 115.2), (78.8, 115.2), (109.6, 118.0), (115.2, 140.4), (115.2, 162.8), (126.4, 179.6), (151.6, 179.6), (176.8, 185.2), (179.6, 207.6), (179.6, 230.0), (193.6, 244.0), (221.6, 244.0), (244.0, 252.4), (244.0, 274.8), (244.0, 297.2), (263.6, 308.4), (291.6, 308.4), (308.4, 325.2), (308.4, 353.2), (319.6, 372.8), (342.0, 372.8), (364.4, 372.8), (372.8, 372.8), (372.8, 372.8), (372.8, 372.8), (372.8, 372.8), (372.8, 372.8), (372.8, 372.8), (372.8, 372.8), (372.8, 372.8), (372.8, 372.8), (372.8, 372.8), (372.8, 372.8), (372.8, 372.8), (372.8, 372.8), (372.8, 372.8), (372.8, 372.8), (372.8, 372.8), (372.8, 372.8), (372.8, 372.8), (372.8, 372.8), (372.8, 372.8), (372.8, 372.8), (372.8, 372.8), (372.8, 372.8), (372.8, 372.8), (372.8, 372.8), (372.8, 372.8), (372.8, 372.8), (372.8, 372.8), (372.8, 372.8), (372.8, 372.8), (372.8, 372.8), (372.8, 372.8)]",0,7.5
speedrunner,bomberman,2,Bomb,1,0,39.2,0.926,"[(48.0, 48.0), (70.4, 50.8), (101.2, 50.8), (115.2, 67.6), (115.2, 90.0), (118.0, 112.4), (140.4, 115.2), (168.4, 115.2), (179.6, 134.8), (179.6, 157.2), (185.2, 179.6), (207.6, 179.6), (235.6, 179.6), (244.0, 202.0), (244.0, 224.4), (252.4, 244.0), (274.8, 244.0), (302.8, 249.6), (308.4, 272.0), (308.4, 300.0), (330.8, 308.4), (358.8, 308.4), (372.8, 328.0), (372.8, 350.4), (372.8, 372.8), (372.8, 372.8), (372.8, 372.8), (372.8, 372.8), (372.8, 372.8), (372.8, 372.8), (372.8, 372.8), (372.8, 372.8), (372.8, 372.8), (372.8, 372.8), (372.8, 372.8), (372.8, 372.8), (372.8, 372.8), (372.8, 372.8), (372.8, 372.8), (372.8, 372.8), (372.8, 372.8), (372.8, 372.8), (372.8, 372.8), (372.8, 372.8), (372.8, 372.8), (372.8, 372.8), (372.8, 372.8), (372.8, 372.8), (372.8, 372.8), (372.8, 372.8), (372.8, 372.8), (372.8, 372.8), (372.8, 372.8), (372.8, 372.8), (372.8, 372.8), (372.8, 372.8), (372.8, 372.8)]",0,7.5
speedrunner,bomberman,2,Bomb,1,0,47.41,0.667,"[(48.0, 48.0), (70.4, 50.8), (101.2, 48.0), (123.6, 45.2), (146.0, 50.8), (174.0, 53.6), (179.6, 76.0), (179.6, 98.4), (190.8, 115.2), (216.0, 115.2), (241.2, 120.8), (244.0, 143.2), (244.0, 165.6), (258.0, 179.6), (286.0, 179.6), (308.4, 190.8), (308.4, 213.2), (308.4, 235.6), (328.0, 244.0), (356.0, 244.0), (372.8, 260.8), (372.8, 288.8), (384.0, 308.4), (406.4, 308.4), (428.8, 308.4), (434.4, 308.4), (434.4, 308.4), (434.4, 308.4), (434.4, 308.4), (434.4, 308.4), (434.4, 308.4), (434.4, 308.4), (434.4, 308.4), (434.4, 308.4), (434.4, 308.4), (434.4, 308.4), (434.4, 308.4), (434.4, 308.4), (434.4, 308.4), (434.4, 308.4), (434.4, 308.4), (434.4, 308.4), (434.4, 308.4), (434.4, 308.4), (434.4, 308.4), (434.4, 308.4), (434.4, 308.4), (434.4, 308.4), (434.4, 308.4), (434.4, 308.4), (434.4, 308.4), (434.4, 308.4), (434.4, 308.4), (434.4, 308.4), (434.4, 308.4), (434.4, 308.4), (434.4, 308.4)]",0,7.5
speedrunner,bomberman,2,Bomb,1,0,39.2,0.926,"[(48.0, 48.0), (70.4, 50.8), (101.2, 50.8), (115.2, 67.6), (115.2, 90.0), (118.0, 112.4), (140.4, 115.2), (168.4, 115.2), (179.6, 134.8), (179.6, 157.2), (185.2, 179.6), (207.6, 179.6), (235.6, 179.6), (244.0, 202.0), (244.0, 224.4), (252.4, 244.0), (274.8, 244.0), (302.8, 249.6), (308.4, 272.0), (308.4, 294.4), (325.2, 308.4), (353.2, 308.4), (372.8, 322.4), (372.8, 344.8), (372.8, 367.2), (372.8, 372.8), (372.8, 372.8), (372.8, 372.8), (372.8, 372.8), (372.8, 372.8), (372.8, 372.8), (372.8, 372.8), (372.8, 372.8), (372.8, 372.8), (372.8, 372.8), (372.8, 372.8), (372.8, 372.8), (372.8, 372.8), (372.8, 372.8), (372.8, 372.8), (372.8, 372.8), (372.8, 372.8), (372.8, 372.8), (372.8, 372.8), (372.8, 372.8), (372.8, 372.8), (372.8, 372.8), (372.8, 372.8), (372.8, 372.8), (372.8, 372.8), (372.8, 372.8), (372.8, 372.8), (372.8, 372.8), (372.8, 372.8), (372.8, 372.8), (372.8, 372.8), (372.8, 372.8)]",0,7.5
speedrunner,bomberman,2,Bomb,1,0,39.2,0.926,"[(48.0, 48.0), (70.4, 50.8), (101.2, 50.8), (115.2, 67.6), (115.2, 90.0), (118.0, 112.4), (140.4, 115.2), (168.4, 115.2), (179.6, 134.8), (179.6, 157.2), (185.2, 179.6), (207.6, 179.6), (235.6, 179.6), (244.0, 202.0), (244.0, 224.4), (252.4, 244.0), (274.8, 244.0), (302.8, 249.6), (308.4, 272.0), (308.4, 300.0), (330.8, 308.4), (358.8, 308.4), (372.8, 328.0), (372.8, 350.4), (372.8, 372.8), (372.8, 372.8), (372.8, 372.8), (372.8, 372.8), (372.8, 372.8), (372.8, 372.8), (372.8, 372.8), (372.8, 372.8), (372.8, 372.8), (372.8, 372.8), (372.8, 372.8), (372.8, 372.8), (372.8, 372.8), (372.8, 372.8), (372.8, 372.8), (372.8, 372.8), (372.8, 372.8), (372.8, 372.8), (372.8, 372.8), (372.8, 372.8), (372.8, 372.8), (372.8, 372.8), (372.8, 372.8), (372.8, 372.8), (372.8, 372.8), (372.8, 372.8), (372.8, 372.8), (372.8, 372.8), (372.8, 372.8), (372.8, 372.8), (372.8, 372.8), (372.8, 372.8), (372.8, 372.8)]",0,7.5
speedrunner,bomberman,2,Bomb,1,0,25.2,0.519,"[(48.0, 48.0), (48.0, 70.4), (48.0, 92.8), (48.0, 115.2), (48.0, 137.6), (48.0, 160.0), (48.0, 182.4), (48.0, 204.8), (48.0, 227.2), (48.0, 249.6), (48.0, 272.0), (48.0, 294.4), (48.0, 316.8), (48.0, 339.2), (50.8, 361.6), (70.4, 372.8), (92.8, 372.8), (115.2, 372.8), (137.6, 372.8), (157.2, 372.8), (174.0, 372.8), (174.0, 372.8), (174.0, 372.8), (174.0, 372.8), (174.0, 372.8), (174.0, 372.8), (174.0, 372.8), (174.0, 372.8), (174.0, 372.8), (174.0, 372.8), (174.0, 372.8), (174.0, 372.8), (174.0, 372.8), (174.0, 372.8), (174.0, 372.8), (174.0, 372.8), (174.0, 372.8), (174.0, 372.8)]",0,5.0
speedrunner,bomberman,2,Bomb,1,0,36.59,0.667,"[(48.0, 48.0), (70.4, 50.8), (101.2, 50.8), (115.2, 67.6), (115.2, 90.0), (118.0, 112.4), (140.4, 115.2), (168.4, 115.2), (179.6, 134.8), (179.6, 157.2), (185.2, 179.6), (207.6, 179.6), (235.6, 179.6), (244.0, 202.0), (244.0, 224.4), (252.4, 244.0), (274.8, 244.0), (302.8, 249.6), (308.4, 272.0), (308.4, 294.4), (325.2, 308.4), (353.2, 308.4), (353.2, 308.4), (353.2, 308.4), (353.2, 308.4), (353.2, 308.4), (353.2, 308.4), (353.2, 308.4), (353.2, 308.4), (353.2, 308.4), (353.2, 308.4), (353.2, 308.4), (353.2, 308.4), (353.2, 308.4), (353.2, 308.4), (353.2, 308.4), (353.2, 308.4), (353.2, 308.4), (353.2, 308.4), (353.2, 308.4), (353.2, 308.4), (353.2, 308.4), (353.2, 308.4), (353.2, 308.4), (353.2, 308.4), (353.2, 308.4), (353.2, 308.4), (353.2, 308.4), (353.2, 308.4), (353.2, 308.4), (353.2, 308.4), (353.2, 308.4), (353.2, 308.4), (353.2, 308.4), (353.2, 308.4), (353.2, 308.4), (353.2, 308.4)]",0,7.5
speedrunner,bomberman,2,Bomb,1,0,39.95,0.926,"[(48.0, 48.0), (50.8, 70.4), (50.8, 92.8), (56.4, 115.2), (78.8, 115.2), (109.6, 118.0), (115.2, 140.4), (115.2, 162.8), (126.4, 179.6), (151.6, 179.6), (176.8, 185.2), (179.6, 207.6), (179.6, 230.0), (193.6, 244.0), (221.6, 244.0), (244.0, 252.4), (244.0, 274.8), (244.0, 297.2), (263.6, 308.4), (291.6, 308.4), (308.4, 325.2), (308.4, 353.2), (319.6, 372.8), (342.0, 372.8), (364.4, 372.8), (372.8, 372.8), (372.8, 372.8), (372.8, 372.8), (372.8, 372.8), (372.8, 372.8), (372.8, 372.8), (372.8, 372.8), (372.8, 372.8), (372.8, 372.8), (372.8, 372.8), (372.8, 372.8), (372.8, 372.8), (372.8, 372.8), (372.8, 372.8), (372.8, 372.8), (372.8, 372.8), (372.8, 372.8), (372.8, 372.8), (372.8, 372.8), (372.8, 372.8), (372.8, 372.8), (372.8, 372.8), (372.8, 372.8), (372.8, 372.8), (372.8, 372.8), (372.8, 372.8), (372.8, 372.8), (372.8, 372.8), (372.8, 372.8), (372.8, 372.8), (372.8, 372.8), (372.8, 372.8)]",0,7.5
speedrunner,bomberman,2,Bomb,1,0,39.95,0.926,"[(48.0, 48.0), (50.8, 70.4), (50.8, 92.8), (56.4, 115.2), (78.8, 115.2), (109.6, 118.0), (115.2, 140.4), (115.2, 162.8), (126.4, 179.6), (151.6, 179.6), (176.8, 185.2), (179.6, 207.6), (179.6, 230.0), (193.6, 244.0), (221.6, 244.0), (244.0, 252.4), (244.0, 274.8), (244.0, 297.2), (263.6, 308.4), (291.6, 308.4), (308.4, 325.2), (308.4, 353.2), (319.6, 372.8), (342.0, 372.8), (364.4, 372.8), (372.8, 372.8), (372.8, 372.8), (372.8, 372.8), (372.8, 372.8), (372.8, 372.8), (372.8, 372.8), (372.8, 372.8), (372.8, 372.8), (372.8, 372.8), (372.8, 372.8), (372.8, 372.8), (372.8, 372.8), (372.8, 372.8), (372.8, 372.8), (372.8, 372.8), (372.8, 372.8), (372.8, 372.8), (372.8, 372.8), (372.8, 372.8), (372.8, 372.8), (372.8, 372.8), (372.8, 372.8), (372.8, 372.8), (372.8, 372.8), (372.8, 372.8), (372.8, 372.8), (372.8, 372.8), (372.8, 372.8), (372.8, 372.8), (372.8, 372.8), (372.8, 372.8), (372.8, 372.8)]",0,7.5
speedrunner,bomberman,2,Bomb,1,0,39.2,0.926,"[(48.0, 48.0), (70.4, 50.8), (101.2, 50.8), (115.2, 67.6), (115.2, 90.0), (118.0, 112.4), (140.4, 115.2), (168.4, 115.2), (179.6, 134.8), (179.6, 157.2), (185.2, 179.6), (207.6, 179.6), (235.6, 179.6), (244.0, 202.0), (244.0, 224.4), (252.4, 244.0), (274.8, 244.0), (302.8, 249.6), (308.4, 272.0), (308.4, 300.0), (330.8, 308.4), (358.8, 308.4), (372.8, 328.0), (372.8, 350.4), (372.8, 372.8), (372.8, 372.8), (372.8, 372.8), (372.8, 372.8), (372.8, 372.8), (372.8, 372.8), (372.8, 372.8), (372.8, 372.8), (372.8, 372.8), (372.8, 372.8), (372.8, 372.8), (372.8, 372.8), (372.8, 372.8), (372.8, 372.8), (372.8, 372.8), (372.8, 372.8), (372.8, 372.8), (372.8, 372.8), (372.8, 372.8), (372.8, 372.8), (372.8, 372.8), (372.8, 372.8), (372.8, 372.8), (372.8, 372.8), (372.8, 372.8), (372.8, 372.8), (372.8, 372.8), (372.8, 372.8), (372.8, 372.8), (372.8, 372.8), (372.8, 372.8), (372.8, 372.8), (372.8, 372.8)]",0,7.5
speedrunner,bomberman,2,Bomb,1,0,40.32,0.926,"[(48.0, 48.0), (70.4, 45.2), (92.8, 45.2), (115.2, 59.2), (115.2, 81.6), (115.2, 104.0), (132.0, 115.2), (160.0, 115.2), (179.6, 126.4), (179.6, 148.8), (179.6, 171.2), (199.2, 179.6), (227.2, 179.6), (244.0, 193.6), (244.0, 216.0), (244.0, 238.4), (266.4, 244.0), (294.4, 244.0), (308.4, 263.6), (308.4, 286.0), (316.8, 308.4), (339.2, 308.4), (367.2, 314.0), (372.8, 336.4), (372.8, 358.8), (372.8, 372.8), (372.8, 372.8), (372.8, 372.8), (372.8, 372.8), (372.8, 372.8), (372.8, 372.8), (372.8, 372.8), (372.8, 372.8), (372.8, 372.8), (372.8, 372.8), (372.8, 372.8), (372.8, 372.8), (372.8, 372.8), (372.8, 372.8), (372.8, 372.8), (372.8, 372.8), (372.8, 372.8), (372.8, 372.8), (372.8, 372.8), (372.8, 372.8), (372.8, 372.8), (372.8, 372.8), (372.8, 372.8), (372.8, 372.8), (372.8, 372.8), (372.8, 372.8), (372.8, 372.8), (372.8, 372.8), (372.8, 372.8), (372.8, 372.8), (372.8, 372.8), (372.8, 372.8)]",0,7.5
speedrunner,bomberman,2,Bomb,1,0,39.2,0.926,"[(48.0, 48.0), (70.4, 50.8), (101.2, 50.8), (115.2, 67.6), (115.2, 90.0), (118.0, 112.4), (140.4, 115.2), (168.4, 115.2), (179.6, 134.8), (179.6, 157.2), (185.2, 179.6), (207.6, 179.6), (235.6, 179.6), (244.0, 202.0), (244.0, 224.4), (252.4, 244.0), (274.8, 244.0), (302.8, 249.6), (308.4, 272.0), (308.4, 294.4), (325.2, 308.4), (353.2, 308.4), (372.8, 322.4), (372.8, 344.8), (372.8, 367.2), (372.8, 372.8), (372.8, 372.8), (372.8, 372.8), (372.8, 372.8), (372.8, 372.8), (372.8, 372.8), (372.8, 372.8), (372.8, 372.8), (372.8, 372.8), (372.8, 372.8), (372.8, 372.8), (372.8, 372.8), (372.8, 372.8), (372.8, 372.8), (372.8, 372.8), (372.8, 372.8), (372.8, 372.8), (372.8, 372.8), (372.8, 372.8), (372.8, 372.8), (372.8, 372.8), (372.8, 372.8), (372.8, 372.8), (372.8, 372.8), (372.8, 372.8), (372.8, 372.8), (372.8, 372.8), (372.8, 372.8), (372.8, 372.8), (372.8, 372.8), (372.8, 372.8), (372.8, 372.8)]",0,7.5
speedrunner,bomberman,2,Bomb,1,0,40.32,0.926,"[(48.0, 48.0), (70.4, 50.8), (92.8, 45.2), (115.2, 59.2), (115.2, 81.6), (115.2, 104.0), (132.0, 115.2), (160.0, 115.2), (179.6, 126.4), (179.6, 148.8), (179.6, 171.2), (199.2, 179.6), (227.2, 179.6), (244.0, 193.6), (244.0, 216.0), (244.0, 238.4), (266.4, 244.0), (294.4, 244.0), (308.4, 263.6), (308.4, 286.0), (316.8, 308.4), (339.2, 308.4), (367.2, 314.0), (372.8, 336.4), (372.8, 358.8), (372.8, 372.8), (372.8, 372.8), (372.8, 372.8), (372.8, 372.8), (372.8, 372.8), (372.8, 372.8), (372.8, 372.8), (372.8, 372.8), (372.8, 372.8), (372.8, 372.8), (372.8, 372.8), (372.8, 372.8), (372.8, 372.8), (372.8, 372.8), (372.8, 372.8), (372.8, 372.8), (372.8, 372.8), (372.8, 372.8), (372.8, 372.8), (372.8, 372.8), (372.8, 372.8), (372.8, 372.8), (372.8, 372.8), (372.8, 372.8), (372.8, 372.8), (372.8, 372.8), (372.8, 372.8), (372.8, 372.8), (372.8, 372.8), (372.8, 372.8), (372.8, 372.8), (372.8, 372.8)]",0,7.5
speedrunner,bomberman,2,Bomb,1,0,49.28,0.667,"[(48.0, 48.0), (67.6, 45.2), (90.0, 45.2), (112.4, 45.2), (134.8, 45.2), (157.2, 45.2), (179.6, 59.2), (179.6, 81.6), (179.6, 104.0), (196.4, 112.4), (224.4, 109.6), (244.0, 126.4), (244.0, 148.8), (244.0, 171.2), (263.6, 179.6), (291.6, 179.6), (308.4, 196.4), (308.4, 218.8), (311.2, 241.2), (333.6, 244.0), (361.6, 244.0), (364.4, 266.4), (364.4, 288.8), (384.0, 308.4), (406.4, 308.4), (428.8, 308.4), (434.4, 308.4), (434.4, 308.4), (434.4, 308.4), (434.4, 308.4), (434.4, 308.4), (434.4, 308.4), (434.4, 308.4), (434.4, 308.4), (434.4, 308.4), (434.4, 308.4), (434.4, 308.4), (434.4, 308.4), (434.4, 308.4), (434.4, 308.4), (434.4, 308.4), (434.4, 308.4), (434.4, 308.4), (434.4, 308.4), (434.4, 308.4), (434.4, 308.4), (434.4, 308.4), (434.4, 308.4), (434.4, 308.4), (434.4, 308.4), (434.4, 308.4), (434.4, 308.4), (434.4, 308.4), (434.4, 308.4), (434.4, 308.4), (434.4, 308.4), (434.4, 308.4)]",0,7.5
speedrunner,bomberman,2,Bomb,1,0,39.2,0.926,"[(48.0, 48.0), (70.4, 50.8), (101.2, 50.8), (115.2, 67.6), (115.2, 90.0), (118.0, 112.4), (140.4, 115.2), (168.4, 115.2), (179.6, 134.8), (179.6, 157.2), (185.2, 179.6), (207.6, 179.6), (235.6, 179.6), (244.0, 202.0), (244.0, 224.4), (252.4, 244.0), (274.8, 244.0), (302.8, 249.6), (308.4, 272.0), (308.4, 300.0), (330.8, 308.4), (358.8, 308.4), (372.8, 328.0), (372.8, 350.4), (372.8, 372.8), (372.8, 372.8), (372.8, 372.8), (372.8, 372.8), (372.8, 372.8), (372.8, 372.8), (372.8, 372.8), (372.8, 372.8), (372.8, 372.8), (372.8, 372.8), (372.8, 372.8), (372.8, 372.8), (372.8, 372.8), (372.8, 372.8), (372.8, 372.8), (372.8, 372.8), (372.8, 372.8), (372.8, 372.8), (372.8, 372.8), (372.8, 372.8), (372.8, 372.8), (372.8, 372.8), (372.8, 372.8), (372.8, 372.8), (372.8, 372.8), (372.8, 372.8), (372.8, 372.8), (372.8, 372.8), (372.8, 372.8), (372.8, 372.8), (372.8, 372.8), (372.8, 372.8), (372.8, 372.8)]",0,7.5
speedrunner,bomberman,2,Bomb,1,0,40.32,0.926,"[(48.0, 48.0), (70.4, 45.2), (92.8, 45.2), (115.2, 59.2), (115.2, 81.6), (115.2, 106.8), (134.8, 109.6), (162.8, 112.4), (179.6, 129.2), (179.6, 151.6), (179.6, 174.0), (202.0, 179.6), (230.0, 179.6), (244.0, 196.4), (244.0, 218.8), (246.8, 241.2), (269.2, 244.0), (297.2, 244.0), (308.4, 266.4), (308.4, 294.4), (325.2, 308.4), (353.2, 308.4), (372.8, 322.4), (372.8, 344.8), (372.8, 367.2), (372.8, 372.8), (372.8, 372.8), (372.8, 372.8), (372.8, 372.8), (372.8, 372.8), (372.8, 372.8), (372.8, 372.8), (372.8, 372.8), (372.8, 372.8), (372.8, 372.8), (372.8, 372.8), (372.8, 372.8), (372.8, 372.8), (372.8, 372.8), (372.8, 372.8), (372.8, 372.8), (372.8, 372.8), (372.8, 372.8), (372.8, 372.8), (372.8, 372.8), (372.8, 372.8), (372.8, 372.8), (372.8, 372.8), (372.8, 372.8), (372.8, 372.8), (372.8, 372.8), (372.8, 372.8), (372.8, 372.8), (372.8, 372.8), (372.8, 372.8), (372.8, 372.8), (372.8, 372.8)]",0,7.5
speedrunner,bomberman,2,Bomb,1,0,39.95,0.926,"[(48.0, 48.0), (50.8, 70.4), (50.8, 92.8), (56.4, 115.2), (78.8, 115.2), (109.6, 118.0), (115.2, 140.4), (115.2, 162.8), (126.4, 179.6), (151.6, 179.6), (176.8, 185.2), (179.6, 207.6), (179.6, 230.0), (193.6, 244.0), (221.6, 244.0), (244.0, 252.4), (244.0, 274.8), (246.8, 302.8), (269.2, 308.4), (297.2, 308.4), (308.4, 330.8), (308.4, 358.8), (325.2, 372.8), (347.6, 372.8), (370.0, 372.8), (372.8, 372.8), (372.8, 372.8), (372.8, 372.8), (372.8, 372.8), (372.8, 372.8), (372.8, 372.8), (372.8, 372.8), (372.8, 372.8), (372.8, 372.8), (372.8, 372.8), (372.8, 372.8), (372.8, 372.8), (372.8, 372.8), (372.8, 372.8), (372.8, 372.8), (372.8, 372.8), (372.8, 372.8), (372.8, 372.8), (372.8, 372.8), (372.8, 372.8), (372.8, 372.8), (372.8, 372.8), (372.8, 372.8), (372.8, 372.8), (372.8, 372.8), (372.8, 372.8), (372.8, 372.8), (372.8, 372.8), (372.8, 372.8), (372.8, 372.8), (372.8, 372.8), (372.8, 372.8)]",0,7.5
speedrunner,bomberman,2,Bomb,1,0,39.95,0.926,"[(48.0, 48.0), (48.0, 70.4), (48.0, 92.8), (56.4, 115.2), (78.8, 115.2), (109.6, 118.0), (115.2, 140.4), (115.2, 162.8), (126.4, 179.6), (151.6, 179.6), (176.8, 185.2), (179.6, 207.6), (179.6, 230.0), (193.6, 244.0), (221.6, 244.0), (244.0, 252.4), (244.0, 274.8), (244.0, 297.2), (263.6, 308.4), (291.6, 308.4), (308.4, 325.2), (308.4, 353.2), (319.6, 372.8), (342.0, 372.8), (364.4, 372.8), (372.8, 372.8), (372.8, 372.8), (372.8, 372.8), (372.8, 372.8), (372.8, 372.8), (372.8, 372.8), (372.8, 372.8), (372.8, 372.8), (372.8, 372.8), (372.8, 372.8), (372.8, 372.8), (372.8, 372.8), (372.8, 372.8), (372.8, 372.8), (372.8, 372.8), (372.8, 372.8), (372.8, 372.8), (372.8, 372.8), (372.8, 372.8), (372.8, 372.8), (372.8, 372.8), (372.8, 372.8), (372.8, 372.8), (372.8, 372.8), (372.8, 372.8), (372.8, 372.8), (372.8, 372.8), (372.8, 372.8), (372.8, 372.8), (372.8, 372.8), (372.8, 372.8), (372.8, 372.8)]",0,7.5
speedrunner,bomberman,2,Bomb,1,0,39.95,0.926,"[(48.0, 48.0), (48.0, 70.4), (48.0, 92.8), (56.4, 115.2), (78.8, 115.2), (109.6, 118.0), (115.2, 140.4), (115.2, 162.8), (126.4, 179.6), (151.6, 179.6), (176.8, 185.2), (179.6, 207.6), (179.6, 230.0), (193.6, 244.0), (221.6, 244.0), (244.0, 252.4), (244.0, 274.8), (244.0, 297.2), (263.6, 308.4), (291.6, 308.4), (308.4, 325.2), (308.4, 353.2), (319.6, 372.8), (342.0, 372.8), (364.4, 372.8), (372.8, 372.8), (372.8, 372.8), (372.8, 372.8), (372.8, 372.8), (372.8, 372.8), (372.8, 372.8), (372.8, 372.8), (372.8, 372.8), (372.8, 372.8), (372.8, 372.8), (372.8, 372.8), (372.8, 372.8), (372.8, 372.8), (372.8, 372.8), (372.8, 372.8), (372.8, 372.8), (372.8, 372.8), (372.8, 372.8), (372.8, 372.8), (372.8, 372.8), (372.8, 372.8), (372.8, 372.8), (372.8, 372.8), (372.8, 372.8), (372.8, 372.8), (372.8, 372.8), (372.8, 372.8), (372.8, 372.8), (372.8, 372.8), (372.8, 372.8), (372.8, 372.8), (372.8, 372.8)]",0,7.5
speedrunner,bomberman,2,Bomb,1,0,39.95,0.926,"[(48.0, 48.0), (50.8, 70.4), (50.8, 92.8), (56.4, 115.2), (78.8, 115.2), (109.6, 118.0), (115.2, 140.4), (115.2, 162.8), (126.4, 179.6), (151.6, 179.6), (176.8, 185.2), (179.6, 207.6), (179.6, 230.0), (193.6, 244.0), (221.6, 244.0), (244.0, 252.4), (244.0, 274.8), (246.8, 302.8), (269.2, 308.4), (297.2, 308.4), (308.4, 330.8), (308.4, 358.8), (325.2, 372.8), (347.6, 372.8), (370.0, 372.8), (372.8, 372.8), (372.8, 372.8), (372.8, 372.8), (372.8, 372.8), (372.8, 372.8), (372.8, 372.8), (372.8, 372.8), (372.8, 372.8), (372.8, 372.8), (372.8, 372.8), (372.8, 372.8), (372.8, 372.8), (372.8, 372.8), (372.8, 372.8), (372.8, 372.8), (372.8, 372.8), (372.8, 372.8), (372.8, 372.8), (372.8, 372.8), (372.8, 372.8), (372.8, 372.8), (372.8, 372.8), (372.8, 372.8), (372.8, 372.8), (372.8, 372.8), (372.8, 372.8), (372.8, 372.8), (372.8, 372.8), (372.8, 372.8), (372.8, 372.8), (372.8, 372.8), (372.8, 372.8)]",0,7.5
speedrunner,bomberman,2,Bomb,1,0,40.32,0.926,"[(48.0, 48.0), (70.4, 45.2), (92.8, 45.2), (115.2, 59.2), (115.2, 81.6), (115.2, 106.8), (134.8, 109.6), (162.8, 112.4), (179.6, 129.2), (179.6, 151.6), (179.6, 174.0), (202.0, 179.6), (230.0, 179.6), (244.0, 196.4), (244.0, 218.8), (246.8, 241.2), (269.2, 244.0), (297.2, 244.0), (308.4, 266.4), (308.4, 294.4), (325.2, 308.4), (353.2, 308.4), (372.8, 322.4), (372.8, 344.8), (372.8, 367.2), (372.8, 372.8), (372.8, 372.8), (372.8, 372.8), (372.8, 372.8), (372.8, 372.8), (372.8, 372.8), (372.8, 372.8), (372.8, 372.8), (372.8, 372.8), (372.8, 372.8), (372.8, 372.8), (372.8, 372.8), (372.8, 372.8), (372.8, 372.8), (372.8, 372.8), (372.8, 372.8), (372.8, 372.8), (372.8, 372.8), (372.8, 372.8), (372.8, 372.8), (372.8, 372.8), (372.8, 372.8), (372.8, 372.8), (372.8, 372.8), (372.8, 372.8), (372.8, 372.8), (372.8, 372.8), (372.8, 372.8), (372.8, 372.8), (372.8, 372.8), (372.8, 372.8), (372.8, 372.8)]",0,7.5
speedrunner,bomberman,2,Bomb,1,0,39.2,0.926,"[(48.0, 48.0), (70.4, 50.8), (101.2, 50.8), (115.2, 67.6), (115.2, 90.0), (118.0, 112.4), (140.4, 115.2), (168.4, 115.2), (179.6, 134.8), (179.6, 157.2), (185.2, 179.6), (207.6, 179.6), (235.6, 179.6), (244.0, 202.0), (244.0, 224.4), (252.4, 244.0), (274.8, 244.0), (302.8, 249.6), (308.4, 272.0), (308.4, 300.0), (330.8, 308.4), (358.8, 308.4), (372.8, 328.0), (372.8, 350.4), (372.8, 372.8), (372.8, 372.8), (372.8, 372.8), (372.8, 372.8), (372.8, 372.8), (372.8, 372.8), (372.8, 372.8), (372.8, 372.8), (372.8, 372.8), (372.8, 372.8), (372.8, 372.8), (372.8, 372.8), (372.8, 372.8), (372.8, 372.8), (372.8, 372.8), (372.8, 372.8), (372.8, 372.8), (372.8, 372.8), (372.8, 372.8), (372.8, 372.8), (372.8, 372.8), (372.8, 372.8), (372.8, 372.8), (372.8, 372.8), (372.8, 372.8), (372.8, 372.8), (372.8, 372.8), (372.8, 372.8), (372.8, 372.8), (372.8, 372.8), (372.8, 372.8), (372.8, 372.8), (372.8, 372.8)]",0,7.5
speedrunner,bomberman,2,Bomb,1,0,39.95,0.926,"[(48.0, 48.0), (50.8, 70.4), (50.8, 101.2), (64.8, 115.2), (92.8, 115.2), (115.2, 126.4), (115.2, 148.8), (115.2, 174.0), (137.6, 179.6), (165.6, 179.6), (179.6, 196.4), (179.6, 224.4), (188.0, 244.0), (210.4, 244.0), (238.4, 246.8), (244.0, 269.2), (244.0, 297.2), (263.6, 308.4), (291.6, 308.4), (308.4, 325.2), (308.4, 353.2), (319.6, 372.8), (342.0, 372.8), (364.4, 372.8), (372.8, 372.8), (372.8, 372.8), (372.8, 372.8), (372.8, 372.8), (372.8, 372.8), (372.8, 372.8), (372.8, 372.8), (372.8, 372.8), (372.8, 372.8), (372.8, 372.8), (372.8, 372.8), (372.8, 372.8), (372.8, 372.8), (372.8, 372.8), (372.8, 372.8), (372.8, 372.8), (372.8, 372.8), (372.8, 372.8), (372.8, 372.8), (372.8, 372.8), (372.8, 372.8), (372.8, 372.8), (372.8, 372.8), (372.8, 372.8), (372.8, 372.8), (372.8, 372.8), (372.8, 372.8), (372.8, 372.8), (372.8, 372.8), (372.8, 372.8), (372.8, 372.8), (372.8, 372.8), (372.8, 372.8)]",0,7.5
speedrunner,bomberman,2,Stuck,1,0,28.09,0.741,"[(48.0, 48.0), (70.4, 50.8), (101.2, 50.8), (115.2, 67.6), (115.2, 90.0), (118.0, 112.4), (140.4, 115.2), (168.4, 115.2), (179.6, 134.8), (179.6, 157.2), (185.2, 179.6), (207.6, 179.6), (235.6, 179.6), (244.0, 202.0), (244.0, 224.4), (252.4, 244.0), (274.8, 244.0), (302.8, 249.6), (308.4, 272.0), (308.4, 294.4), (325.2, 308.4), (353.2, 308.4), (372.8, 322.4), (372.8, 344.8), (372.8, 367.2), (372.8, 372.8), (372.8, 372.8), (372.8, 372.8), (372.8, 372.8), (372.8, 372.8), (372.8, 372.8), (372.8, 372.8), (372.8, 372.8), (372.8, 372.8), (372.8, 372.8), (372.8, 372.8), (372.8, 372.8), (372.8, 372.8), (372.8, 372.8), (372.8, 372.8), (372.8, 372.8), (372.8, 372.8), (372.8, 372.8), (372.8, 372.8), (372.8, 372.8), (372.8, 372.8), (372.8, 372.8), (372.8, 372.8), (372.8, 372.8), (372.8, 372.8), (372.8, 372.8), (372.8, 372.8), (372.8, 372.8), (372.8, 372.8), (372.8, 372.8), (372.8, 372.8), (372.8, 372.8), (372.8, 372.8), (372.8, 372.8), (372.8, 372.8), (372.8, 372.8), (372.8, 372.8), (372.8, 372.8), (372.8, 372.8), (372.8, 372.8), (372.8, 372.8), (372.8, 372.8), (372.8, 372.8), (372.8, 372.8), (372.8, 372.8), (372.8, 372.8), (372.8, 372.8), (372.8, 372.8), (372.8, 372.8), (372.8, 372.8), (372.8, 372.8), (372.8, 372.8), (372.8, 372.8), (372.8, 372.8)]",0,10.47
speedrunner,bomberman,2,Bomb,1,0,39.2,0.926,"[(48.0, 48.0), (70.4, 50.8), (101.2, 50.8), (115.2, 67.6), (115.2, 90.0), (118.0, 112.4), (140.4, 115.2), (168.4, 115.2), (179.6, 134.8), (179.6, 157.2), (185.2, 179.6), (207.6, 179.6), (235.6, 179.6), (244.0, 202.0), (244.0, 224.4), (252.4, 244.0), (274.8, 244.0), (302.8, 249.6), (308.4, 272.0), (308.4, 300.0), (330.8, 308.4), (358.8, 308.4), (372.8, 328.0), (372.8, 350.4), (372.8, 372.8), (372.8, 372.8), (372.8, 372.8), (372.8, 372.8), (372.8, 372.8), (372.8, 372.8), (372.8, 372.8), (372.8, 372.8), (372.8, 372.8), (372.8, 372.8), (372.8, 372.8), (372.8, 372.8), (372.8, 372.8), (372.8, 372.8), (372.8, 372.8), (372.8, 372.8), (372.8, 372.8), (372.8, 372.8), (372.8, 372.8), (372.8, 372.8), (372.8, 372.8), (372.8, 372.8), (372.8, 372.8), (372.8, 372.8), (372.8, 372.8), (372.8, 372.8), (372.8, 372.8), (372.8, 372.8), (372.8, 372.8), (372.8, 372.8), (372.8, 372.8), (372.8, 372.8), (372.8, 372.8)]",0,7.5
speedrunner,bomberman,2,Stuck,1,0,28.89,0.741,"[(48.0, 48.0), (70.4, 45.2), (92.8, 45.2), (115.2, 59.2), (115.2, 81.6), (115.2, 104.0), (132.0, 112.4), (160.0, 109.6), (179.6, 126.4), (179.6, 148.8), (179.6, 171.2), (199.2, 174.0), (227.2, 176.8), (244.0, 193.6), (244.0, 216.0), (244.0, 238.4), (266.4, 244.0), (294.4, 244.0), (308.4, 263.6), (308.4, 286.0), (316.8, 308.4), (339.2, 308.4), (367.2, 314.0), (372.8, 336.4), (372.8, 358.8), (372.8, 372.8), (372.8, 372.8), (372.8, 372.8), (372.8, 372.8), (372.8, 372.8), (372.8, 372.8), (372.8, 372.8), (372.8, 372.8), (372.8, 372.8), (372.8, 372.8), (372.8, 372.8), (372.8, 372.8), (372.8, 372.8), (372.8, 372.8), (372.8, 372.8), (372.8, 372.8), (372.8, 372.8), (372.8, 372.8), (372.8, 372.8), (372.8, 372.8), (372.8, 372.8), (372.8, 372.8), (372.8, 372.8), (372.8, 372.8), (372.8, 372.8), (372.8, 372.8), (372.8, 372.8), (372.8, 372.8), (372.8, 372.8), (372.8, 372.8), (372.8, 372.8), (372.8, 372.8), (372.8, 372.8), (372.8, 372.8), (372.8, 372.8), (372.8, 372.8), (372.8, 372.8), (372.8, 372.8), (372.8, 372.8), (372.8, 372.8), (372.8, 372.8), (372.8, 372.8), (372.8, 372.8), (372.8, 372.8), (372.8, 372.8), (372.8, 372.8), (372.8, 372.8), (372.8, 372.8), (372.8, 372.8), (372.8, 372.8), (372.8, 372.8), (372.8, 372.8), (372.8, 372.8), (372.8, 372.8)]",0,10.47
speedrunner,bomberman,2,Bomb,1,0,39.2,0.926,"[(48.0, 48.0), (70.4, 50.8), (101.2, 50.8), (115.2, 67.6), (115.2, 90.0), (118.0, 112.4), (140.4, 115.2), (168.4, 115.2), (179.6, 134.8), (179.6, 157.2), (185.2, 179.6), (207.6, 179.6), (235.6, 179.6), (244.0, 202.0), (244.0, 224.4), (252.4, 244.0), (274.8, 244.0), (302.8, 249.6), (308.4, 272.0), (308.4, 294.4), (325.2, 308.4), (353.2, 308.4), (372.8, 322.4), (372.8, 344.8), (372.8, 367.2), (372.8, 372.8), (372.8, 372.8), (372.8, 372.8), (372.8, 372.8), (372.8, 372.8), (372.8, 372.8), (372.8, 372.8), (372.8, 372.8), (372.8, 372.8), (372.8, 372.8), (372.8, 372.8), (372.8, 372.8), (372.8, 372.8), (372.8, 372.8), (372.8, 372.8), (372.8, 372.8), (372.8, 372.8), (372.8, 372.8), (372.8, 372.8), (372.8, 372.8), (372.8, 372.8), (372.8, 372.8), (372.8, 372.8), (372.8, 372.8), (372.8, 372.8), (372.8, 372.8), (372.8, 372.8), (372.8, 372.8), (372.8, 372.8), (372.8, 372.8), (372.8, 372.8), (372.8, 372.8)]",0,7.5
speedrunner,bomberman,2,Bomb,1,0,39.2,0.926,"[(48.0, 48.0), (70.4, 50.8), (101.2, 50.8), (115.2, 67.6), (115.2, 90.0), (118.0, 112.4), (140.4, 115.2), (168.4, 115.2), (179.6, 134.8), (179.6, 157.2), (185.2, 179.6), (207.6, 179.6), (235.6, 179.6), (244.0, 202.0), (244.0, 230.0), (258.0, 244.0), (286.0, 244.0), (308.4, 255.2), (308.4, 277.6), (314.0, 305.6), (336.4, 308.4), (364.4, 311.2), (372.8, 333.6), (372.8, 356.0), (372.8, 372.8), (372.8, 372.8), (372.8, 372.8), (372.8, 372.8), (372.8, 372.8), (372.8, 372.8), (372.8, 372.8), (372.8, 372.8), (372.8, 372.8), (372.8, 372.8), (372.8, 372.8), (372.8, 372.8), (372.8, 372.8), (372.8, 372.8), (372.8, 372.8), (372.8, 372.8), (372.8, 372.8), (372.8, 372.8), (372.8, 372.8), (372.8, 372.8), (372.8, 372.8), (372.8, 372.8), (372.8, 372.8), (372.8, 372.8), (372.8, 372.8), (372.8, 372.8), (372.8, 372.8), (372.8, 372.8), (372.8, 372.8), (372.8, 372.8), (372.8, 372.8), (372.8, 372.8), (372.8, 372.8)]",0,7.5
speedrunner,bomberman,2,Bomb,1,0,39.2,0.926,"[(48.0, 48.0), (70.4, 50.8), (101.2, 50.8), (115.2, 67.6), (115.2, 90.0), (118.0, 112.4), (140.4, 115.2), (168.4, 115.2), (179.6, 134.8), (179.6, 157.2), (185.2, 179.6), (207.6, 179.6), (235.6, 179.6), (244.0, 202.0), (244.0, 230.0), (258.0, 244.0), (286.0, 244.0), (308.4, 255.2), (308.4, 277.6), (314.0, 305.6), (336.4, 308.4), (364.4, 311.2), (372.8, 333.6), (372.8, 356.0), (372.8, 372.8), (372.8, 372.8), (372.8, 372.8), (372.8, 372.8), (372.8, 372.8), (372.8, 372.8), (372.8, 372.8), (372.8, 372.8), (372.8, 372.8), (372.8, 372.8), (372.8, 372.8), (372.8, 372.8), (372.8, 372.8), (372.8, 372.8), (372.8, 372.8), (372.8, 372.8), (372.8, 372.8), (372.8, 372.8), (372.8, 372.8), (372.8, 372.8), (372.8, 372.8), (372.8, 372.8), (372.8, 372.8), (372.8, 372.8), (372.8, 372.8), (372.8, 372.8), (372.8, 372.8), (372.8, 372.8), (372.8, 372.8), (372.8, 372.8), (372.8, 372.8), (372.8, 372.8), (372.8, 372.8)]",0,7.5
speedrunner,bomberman,2,Bomb,1,0,39.2,0.926,"[(48.0, 48.0), (70.4, 50.8), (101.2, 50.8), (115.2, 67.6), (115.2, 90.0), (118.0, 112.4), (140.4, 115.2), (168.4, 115.2), (179.6, 134.8), (179.6, 157.2), (185.2, 179.6), (207.6, 179.6), (235.6, 179.6), (244.0, 202.0), (244.0, 224.4), (252.4, 244.0), (274.8, 244.0), (302.8, 249.6), (308.4, 272.0), (308.4, 294.4), (325.2, 308.4), (353.2, 308.4), (372.8, 322.4), (372.8, 344.8), (372.8, 367.2), (372.8, 372.8), (372.8, 372.8), (372.8, 372.8), (372.8, 372.8), (372.8, 372.8), (372.8, 372.8), (372.8, 372.8), (372.8, 372.8), (372.8, 372.8), (372.8, 372.8), (372.8, 372.8), (372.8, 372.8), (372.8, 372.8), (372.8, 372.8), (372.8, 372.8), (372.8, 372.8), (372.8, 372.8), (372.8, 372.8), (372.8, 372.8), (372.8, 372.8), (372.8, 372.8), (372.8, 372.8), (372.8, 372.8), (372.8, 372.8), (372.8, 372.8), (372.8, 372.8), (372.8, 372.8), (372.8, 372.8), (372.8, 372.8), (372.8, 372.8), (372.8, 372.8), (372.8, 372.8)]",0,7.5
speedrunner,bomberman,2,Bomb,1,0,39.2,0.926,"[(48.0, 48.0), (70.4, 50.8), (101.2, 50.8), (115.2, 67.6), (115.2, 90.0), (118.0, 112.4), (140.4, 115.2), (168.4, 115.2), (179.6, 134.8), (179.6, 157.2), (185.2, 179.6), (207.6, 179.6), (235.6, 179.6), (244.0, 202.0), (244.0, 224.4), (252.4, 244.0), (274.8, 244.0), (302.8, 249.6), (308.4, 272.0), (308.4, 300.0), (330.8, 308.4), (358.8, 308.4), (372.8, 328.0), (372.8, 350.4), (372.8, 372.8), (372.8, 372.8), (372.8, 372.8), (372.8, 372.8), (372.8, 372.8), (372.8, 372.8), (372.8, 372.8), (372.8, 372.8), (372.8, 372.8), (372.8, 372.8), (372.8, 372.8), (372.8, 372.8), (372.8, 372.8), (372.8, 372.8), (372.8, 372.8), (372.8, 372.8), (372.8, 372.8), (372.8, 372.8), (372.8, 372.8), (372.8, 372.8), (372.8, 372.8), (372.8, 372.8), (372.8, 372.8), (372.8, 372.8), (372.8, 372.8), (372.8, 372.8), (372.8, 372.8), (372.8, 372.8), (372.8, 372.8), (372.8, 372.8), (372.8, 372.8), (372.8, 372.8), (372.8, 372.8)]",0,7.5
speedrunner,bomberman,2,Bomb,1,0,39.95,0.926,"[(48.0, 48.0), (50.8, 70.4), (50.8, 101.2), (64.8, 115.2), (92.8, 115.2), (115.2, 126.4), (115.2, 148.8), (115.2, 174.0), (137.6, 179.6), (165.6, 179.6), (179.6, 196.4), (179.6, 224.4), (188.0, 244.0), (210.4, 244.0), (238.4, 246.8), (244.0, 269.2), (244.0, 297.2), (263.6, 308.4), (291.6, 308.4), (308.4, 325.2), (308.4, 353.2), (319.6, 372.8), (342.0, 372.8), (364.4, 372.8), (372.8, 372.8), (372.8, 372.8), (372.8, 372.8), (372.8, 372.8), (372.8, 372.8), (372.8, 372.8), (372.8, 372.8), (372.8, 372.8), (372.8, 372.8), (372.8, 372.8), (372.8, 372.8), (372.8, 372.8), (372.8, 372.8), (372.8, 372.8), (372.8, 372.8), (372.8, 372.8), (372.8, 372.8), (372.8, 372.8), (372.8, 372.8), (372.8, 372.8), (372.8, 372.8), (372.8, 372.8), (372.8, 372.8), (372.8, 372.8), (372.8, 372.8), (372.8, 372.8), (372.8, 372.8), (372.8, 372.8), (372.8, 372.8), (372.8, 372.8), (372.8, 372.8), (372.8, 372.8), (372.8, 372.8)]",0,7.5
speedrunner,bomberman,2,Bomb,1,0,39.2,0.926,"[(48.0, 48.0), (70.4, 50.8), (101.2, 50.8), (115.2, 67.6), (115.2, 95.6), (126.4, 115.2), (151.6, 115.2), (176.8, 120.8), (179.6, 143.2), (179.6, 171.2), (199.2, 179.6), (227.2, 179.6), (244.0, 193.6), (244.0, 218.8), (249.6, 244.0), (272.0, 244.0), (300.0, 246.8), (308.4, 269.2), (308.4, 297.2), (328.0, 308.4), (356.0, 308.4), (372.8, 325.2), (372.8, 347.6), (372.8, 370.0), (372.8, 372.8), (372.8, 372.8), (372.8, 372.8), (372.8, 372.8), (372.8, 372.8), (372.8, 372.8), (372.8, 372.8), (372.8, 372.8), (372.8, 372.8), (372.8, 372.8), (372.8, 372.8), (372.8, 372.8), (372.8, 372.8), (372.8, 372.8), (372.8, 372.8), (372.8, 372.8), (372.8, 372.8), (372.8, 372.8), (372.8, 372.8), (372.8, 372.8), (372.8, 372.8), (372.8, 372.8), (372.8, 372.8), (372.8, 372.8), (372.8, 372.8), (372.8, 372.8), (372.8, 372.8), (372.8, 372.8), (372.8, 372.8), (372.8, 372.8), (372.8, 372.8), (372.8, 372.8), (372.8, 372.8)]",0,7.5
speedrunner,bomberman,2,Bomb,1,0,39.95,0.926,"[(48.0, 48.0), (50.8, 70.4), (50.8, 92.8), (56.4, 115.2), (78.8, 115.2), (109.6, 118.0), (115.2, 140.4), (115.2, 162.8), (126.4, 179.6), (151.6, 179.6), (176.8, 185.2), (179.6, 207.6), (179.6, 235.6), (199.2, 244.0), (227.2, 244.0), (244.0, 258.0), (244.0, 283.2), (252.4, 308.4), (274.8, 308.4), (302.8, 314.0), (308.4, 336.4), (308.4, 364.4), (330.8, 372.8), (353.2, 372.8), (372.8, 372.8), (372.8, 372.8), (372.8, 372.8), (372.8, 372.8), (372.8, 372.8), (372.8, 372.8), (372.8, 372.8), (372.8, 372.8), (372.8, 372.8), (372.8, 372.8), (372.8, 372.8), (372.8, 372.8), (372.8, 372.8), (372.8, 372.8), (372.8, 372.8), (372.8, 372.8), (372.8, 372.8), (372.8, 372.8), (372.8, 372.8), (372.8, 372.8), (372.8, 372.8), (372.8, 372.8), (372.8, 372.8), (372.8, 372.8), (372.8, 372.8), (372.8, 372.8), (372.8, 372.8), (372.8, 372.8), (372.8, 372.8), (372.8, 372.8), (372.8, 372.8), (372.8, 372.8), (372.8, 372.8)]",0,7.5
speedrunner,bomberman,2,Bomb,1,0,39.95,0.926,"[(48.0, 48.0), (50.8, 70.4), (50.8, 92.8), (56.4, 115.2), (78.8, 115.2), (109.6, 118.0), (115.2, 140.4), (115.2, 162.8), (126.4, 179.6), (151.6, 179.6), (176.8, 185.2), (179.6, 207.6), (179.6, 230.0), (193.6, 244.0), (221.6, 244.0), (244.0, 252.4), (244.0, 274.8), (246.8, 302.8), (269.2, 308.4), (297.2, 308.4), (308.4, 330.8), (308.4, 358.8), (325.2, 372.8), (347.6, 372.8), (370.0, 372.8), (372.8, 372.8), (372.8, 372.8), (372.8, 372.8), (372.8, 372.8), (372.8, 372.8), (372.8, 372.8), (372.8, 372.8), (372.8, 372.8), (372.8, 372.8), (372.8, 372.8), (372.8, 372.8), (372.8, 372.8), (372.8, 372.8), (372.8, 372.8), (372.8, 372.8), (372.8, 372.8), (372.8, 372.8), (372.8, 372.8), (372.8, 372.8), (372.8, 372.8), (372.8, 372.8), (372.8, 372.8), (372.8, 372.8), (372.8, 372.8), (372.8, 372.8), (372.8, 372.8), (372.8, 372.8), (372.8, 372.8), (372.8, 372.8), (372.8, 372.8), (372.8, 372.8), (372.8, 372.8)]",0,7.5
speedrunner,bomberman,2,Bomb,1,0,39.2,0.926,"[(48.0, 48.0), (70.4, 50.8), (101.2, 50.8), (115.2, 67.6), (115.2, 90.0), (118.0, 112.4), (140.4, 115.2), (168.4, 115.2), (179.6, 134.8), (179.6, 157.2), (185.2, 179.6), (207.6, 179.6), (235.6, 179.6), (244.0, 202.0), (244.0, 224.4), (252.4, 244.0), (274.8, 244.0), (302.8, 249.6), (308.4, 272.0), (308.4, 300.0), (330.8, 308.4), (358.8, 308.4), (372.8, 328.0), (372.8, 350.4), (372.8, 372.8), (372.8, 372.8), (372.8, 372.8), (372.8, 372.8), (372.8, 372.8), (372.8, 372.8), (372.8, 372.8), (372.8, 372.8), (372.8, 372.8), (372.8, 372.8), (372.8, 372.8), (372.8, 372.8), (372.8, 372.8), (372.8, 372.8), (372.8, 372.8), (372.8, 372.8), (372.8, 372.8), (372.8, 372.8), (372.8, 372.8), (372.8, 372.8), (372.8, 372.8), (372.8, 372.8), (372.8, 372.8), (372.8, 372.8), (372.8, 372.8), (372.8, 372.8), (372.8, 372.8), (372.8, 372.8), (372.8, 372.8), (372.8, 372.8), (372.8, 372.8), (372.8, 372.8), (372.8, 372.8)]",0,7.5
speedrunner,bomberman,2,Bomb,1,0,39.95,0.926,"[(48.0, 48.0), (50.8, 70.4), (50.8, 101.2), (64.8, 115.2), (92.8, 115.2), (115.2, 126.4), (115.2, 148.8), (115.2, 171.2), (134.8, 179.6), (162.8, 179.6), (179.6, 193.6), (179.6, 218.8), (185.2, 244.0), (207.6, 244.0), (235.6, 244.0), (244.0, 266.4), (244.0, 294.4), (260.8, 308.4), (288.8, 308.4), (308.4, 322.4), (308.4, 347.6), (316.8, 372.8), (339.2, 372.8), (361.6, 372.8), (372.8, 372.8), (372.8, 372.8), (372.8, 372.8), (372.8, 372.8), (372.8, 372.8), (372.8, 372.8), (372.8, 372.8), (372.8, 372.8), (372.8, 372.8), (372.8, 372.8), (372.8, 372.8), (372.8, 372.8), (372.8, 372.8), (372.8, 372.8), (372.8, 372.8), (372.8, 372.8), (372.8, 372.8), (372.8, 372.8), (372.8, 372.8), (372.8, 372.8), (372.8, 372.8), (372.8, 372.8), (372.8, 372.8), (372.8, 372.8), (372.8, 372.8), (372.8, 372.8), (372.8, 372.8), (372.8, 372.8), (372.8, 372.8), (372.8, 372.8), (372.8, 372.8), (372.8, 372.8), (372.8, 372.8)]",0,7.5
speedrunner,bomberman,2,Bomb,1,0,39.95,0.926,"[(48.0, 48.0), (50.8, 70.4), (50.8, 101.2), (64.8, 115.2), (92.8, 115.2), (115.2, 126.4), (115.2, 148.8), (115.2, 171.2), (134.8, 179.6), (162.8, 179.6), (179.6, 193.6), (179.6, 218.8), (185.2, 244.0), (207.6, 244.0), (235.6, 244.0), (244.0, 266.4), (244.0, 294.4), (260.8, 308.4), (288.8, 308.4), (308.4, 322.4), (308.4, 347.6), (316.8, 372.8), (339.2, 372.8), (361.6, 372.8), (372.8, 372.8), (372.8, 372.8), (372.8, 372.8), (372.8, 372.8), (372.8, 372.8), (372.8, 372.8), (372.8, 372.8), (372.8, 372.8), (372.8, 372.8), (372.8, 372.8), (372.8, 372.8), (372.8, 372.8), (372.8, 372.8), (372.8, 372.8), (372.8, 372.8), (372.8, 372.8), (372.8, 372.8), (372.8, 372.8), (372.8, 372.8), (372.8, 372.8), (372.8, 372.8), (372.8, 372.8), (372.8, 372.8), (372.8, 372.8), (372.8, 372.8), (372.8, 372.8), (372.8, 372.8), (372.8, 372.8), (372.8, 372.8), (372.8, 372.8), (372.8, 372.8), (372.8, 372.8), (372.8, 372.8)]",0,7.5
speedrunner,bomberman,2,Bomb,1,0,39.95,0.926,"[(48.0, 48.0), (50.8, 70.4), (50.8, 101.2), (64.8, 115.2), (92.8, 115.2), (115.2, 126.4), (115.2, 148.8), (115.2, 171.2), (134.8, 179.6), (162.8, 179.6), (179.6, 193.6), (179.6, 218.8), (185.2, 244.0), (207.6, 244.0), (235.6, 244.0), (244.0, 266.4), (244.0, 294.4), (260.8, 308.4), (288.8, 308.4), (308.4, 322.4), (308.4, 347.6), (316.8, 372.8), (339.2, 372.8), (361.6, 372.8), (372.8, 372.8), (372.8, 372.8), (372.8, 372.8), (372.8, 372.8), (372.8, 372.8), (372.8, 372.8), (372.8, 372.8), (372.8, 372.8), (372.8, 372.8), (372.8, 372.8), (372.8, 372.8), (372.8, 372.8), (372.8, 372.8), (372.8, 372.8), (372.8, 372.8), (372.8, 372.8), (372.8, 372.8), (372.8, 372.8), (372.8, 372.8), (372.8, 372.8), (372.8, 372.8), (372.8, 372.8), (372.8, 372.8), (372.8, 372.8), (372.8, 372.8), (372.8, 372.8), (372.8, 372.8), (372.8, 372.8), (372.8, 372.8), (372.8, 372.8), (372.8, 372.8), (372.8, 372.8), (372.8, 372.8)]",0,7.5
speedrunner,bomberman,2,Bomb,1,0,39.95,0.926,"[(48.0, 48.0), (50.8, 70.4), (50.8, 101.2), (64.8, 115.2), (92.8, 115.2), (115.2, 126.4), (115.2, 148.8), (115.2, 171.2), (134.8, 179.6), (162.8, 179.6), (179.6, 193.6), (179.6, 218.8), (185.2, 244.0), (207.6, 244.0), (235.6, 244.0), (244.0, 266.4), (244.0, 294.4), (260.8, 308.4), (288.8, 308.4), (308.4, 322.4), (308.4, 347.6), (316.8, 372.8), (339.2, 372.8), (361.6, 372.8), (372.8, 372.8), (372.8, 372.8), (372.8, 372.8), (372.8, 372.8), (372.8, 372.8), (372.8, 372.8), (372.8, 372.8), (372.8, 372.8), (372.8, 372.8), (372.8, 372.8), (372.8, 372.8), (372.8, 372.8), (372.8, 372.8), (372.8, 372.8), (372.8, 372.8), (372.8, 372.8), (372.8, 372.8), (372.8, 372.8), (372.8, 372.8), (372.8, 372.8), (372.8, 372.8), (372.8, 372.8), (372.8, 372.8), (372.8, 372.8), (372.8, 372.8), (372.8, 372.8), (372.8, 372.8), (372.8, 372.8), (372.8, 372.8), (372.8, 372.8), (372.8, 372.8), (372.8, 372.8), (372.8, 372.8)]",0,7.5
speedrunner,bomberman,2,Bomb,1,0,39.2,0.926,"[(48.0, 48.0), (70.4, 50.8), (101.2, 50.8), (115.2, 67.6), (115.2, 90.0), (118.0, 112.4), (140.4, 115.2), (168.4, 115.2), (179.6, 134.8), (179.6, 157.2), (185.2, 179.6), (207.6, 179.6), (235.6, 179.6), (244.0, 202.0), (244.0, 224.4), (252.4, 244.0), (274.8, 244.0), (302.8, 249.6), (308.4, 272.0), (308.4, 300.0), (330.8, 308.4), (358.8, 308.4), (372.8, 328.0), (372.8, 350.4), (372.8, 372.8), (372.8, 372.8), (372.8, 372.8), (372.8, 372.8), (372.8, 372.8), (372.8, 372.8), (372.8, 372.8), (372.8, 372.8), (372.8, 372.8), (372.8, 372.8), (372.8, 372.8), (372.8, 372.8), (372.8, 372.8), (372.8, 372.8), (372.8, 372.8), (372.8, 372.8), (372.8, 372.8), (372.8, 372.8), (372.8, 372.8), (372.8, 372.8), (372.8, 372.8), (372.8, 372.8), (372.8, 372.8), (372.8, 372.8), (372.8, 372.8), (372.8, 372.8), (372.8, 372.8), (372.8, 372.8), (372.8, 372.8), (372.8, 372.8), (372.8, 372.8), (372.8, 372.8), (372.8, 372.8)]",0,7.5
speedrunner,bomberman,2,Bomb,1,0,39.95,0.926,"[(48.0, 48.0), (50.8, 70.4), (50.8, 92.8), (56.4, 115.2), (78.8, 115.2), (109.6, 118.0), (115.2, 140.4), (115.2, 162.8), (126.4, 179.6), (151.6, 179.6), (176.8, 185.2), (179.6, 207.6), (179.6, 230.0), (193.6, 244.0), (221.6, 244.0), (244.0, 252.4), (244.0, 274.8), (246.8, 302.8), (269.2, 308.4), (297.2, 308.4), (308.4, 330.8), (308.4, 358.8), (325.2, 372.8), (347.6, 372.8), (370.0, 372.8), (372.8, 372.8), (372.8, 372.8), (372.8, 372.8), (372.8, 372.8), (372.8, 372.8), (372.8, 372.8), (372.8, 372.8), (372.8, 372.8), (372.8, 372.8), (372.8, 372.8), (372.8, 372.8), (372.8, 372.8), (372.8, 372.8), (372.8, 372.8), (372.8, 372.8), (372.8, 372.8), (372.8, 372.8), (372.8, 372.8), (372.8, 372.8), (372.8, 372.8), (372.8, 372.8), (372.8, 372.8), (372.8, 372.8), (372.8, 372.8), (372.8, 372.8), (372.8, 372.8), (372.8, 372.8), (372.8, 372.8), (372.8, 372.8), (372.8, 372.8), (372.8, 372.8), (372.8, 372.8)]",0,7.5
speedrunner,bomberman,2,Bomb,1,0,39.95,0.926,"[(48.0, 48.0), (50.8, 70.4), (50.8, 92.8), (56.4, 115.2), (78.8, 115.2), (109.6, 118.0), (115.2, 140.4), (115.2, 162.8), (126.4, 179.6), (151.6, 179.6), (176.8, 185.2), (179.6, 207.6), (179.6, 232.8), (196.4, 244.0), (224.4, 244.0), (244.0, 255.2), (244.0, 277.6), (249.6, 305.6), (272.0, 308.4), (300.0, 311.2), (308.4, 333.6), (308.4, 361.6), (328.0, 372.8), (350.4, 372.8), (372.8, 372.8), (372.8, 372.8), (372.8, 372.8), (372.8, 372.8), (372.8, 372.8), (372.8, 372.8), (372.8, 372.8), (372.8, 372.8), (372.8, 372.8), (372.8, 372.8), (372.8, 372.8), (372.8, 372.8), (372.8, 372.8), (372.8, 372.8), (372.8, 372.8), (372.8, 372.8), (372.8, 372.8), (372.8, 372.8), (372.8, 372.8), (372.8, 372.8), (372.8, 372.8), (372.8, 372.8), (372.8, 372.8), (372.8, 372.8), (372.8, 372.8), (372.8, 372.8), (372.8, 372.8), (372.8, 372.8), (372.8, 372.8), (372.8, 372.8), (372.8, 372.8), (372.8, 372.8), (372.8, 372.8)]",0,7.5
speedrunner,bomberman,2,Bomb,1,0,47.04,0.63,"[(48.0, 48.0), (50.8, 70.4), (50.8, 92.8), (56.4, 115.2), (78.8, 115.2), (109.6, 118.0), (115.2, 140.4), (115.2, 162.8), (126.4, 179.6), (151.6, 179.6), (176.8, 185.2), (179.6, 207.6), (179.6, 230.0), (193.6, 244.0), (221.6, 244.0), (244.0, 252.4), (244.0, 274.8), (246.8, 302.8), (269.2, 308.4), (297.2, 308.4), (308.4, 330.8), (308.4, 333.6), (308.4, 333.6), (308.4, 333.6), (308.4, 333.6), (308.4, 333.6), (308.4, 333.6), (308.4, 333.6), (308.4, 333.6), (308.4, 333.6), (308.4, 333.6), (308.4, 333.6), (308.4, 333.6), (308.4, 333.6), (308.4, 333.6), (308.4, 333.6), (308.4, 333.6), (308.4, 333.6)]",0,5.0
speedrunner,bomberman,2,Bomb,1,0,39.95,0.926,"[(48.0, 48.0), (50.8, 70.4), (50.8, 92.8), (56.4, 115.2), (78.8, 115.2), (109.6, 118.0), (115.2, 140.4), (115.2, 162.8), (126.4, 179.6), (151.6, 179.6), (176.8, 185.2), (179.6, 207.6), (179.6, 230.0), (193.6, 244.0), (221.6, 244.0), (244.0, 252.4), (244.0, 274.8), (244.0, 297.2), (263.6, 308.4), (291.6, 308.4), (308.4, 325.2), (308.4, 347.6), (314.0, 370.0), (336.4, 372.8), (358.8, 372.8), (372.8, 372.8), (372.8, 372.8), (372.8, 372.8), (372.8, 372.8), (372.8, 372.8), (372.8, 372.8), (372.8, 372.8), (372.8, 372.8), (372.8, 372.8), (372.8, 372.8), (372.8, 372.8), (372.8, 372.8), (372.8, 372.8), (372.8, 372.8), (372.8, 372.8), (372.8, 372.8), (372.8, 372.8), (372.8, 372.8), (372.8, 372.8), (372.8, 372.8), (372.8, 372.8), (372.8, 372.8), (372.8, 372.8), (372.8, 372.8), (372.8, 372.8), (372.8, 372.8), (372.8, 372.8), (372.8, 372.8), (372.8, 372.8), (372.8, 372.8), (372.8, 372.8), (372.8, 372.8)]",0,7.5
speedrunner,bomberman,2,Bomb,1,0,39.2,0.926,"[(48.0, 48.0), (70.4, 50.8), (101.2, 50.8), (115.2, 67.6), (115.2, 95.6), (126.4, 115.2), (151.6, 115.2), (176.8, 120.8), (179.6, 143.2), (179.6, 171.2), (199.2, 179.6), (227.2, 179.6), (244.0, 193.6), (244.0, 218.8), (249.6, 244.0), (272.0, 244.0), (300.0, 246.8), (308.4, 269.2), (308.4, 297.2), (328.0, 308.4), (356.0, 308.4), (372.8, 325.2), (372.8, 347.6), (372.8, 370.0), (372.8, 372.8), (372.8, 372.8), (372.8, 372.8), (372.8, 372.8), (372.8, 372.8), (372.8, 372.8), (372.8, 372.8), (372.8, 372.8), (372.8, 372.8), (372.8, 372.8), (372.8, 372.8), (372.8, 372.8), (372.8, 372.8), (372.8, 372.8), (372.8, 372.8), (372.8, 372.8), (372.8, 372.8), (372.8, 372.8), (372.8, 372.8), (372.8, 372.8), (372.8, 372.8), (372.8, 372.8), (372.8, 372.8), (372.8, 372.8), (372.8, 372.8), (372.8, 372.8), (372.8, 372.8), (372.8, 372.8), (372.8, 372.8), (372.8, 372.8), (372.8, 372.8), (372.8, 372.8), (372.8, 372.8)]",0,7.5
speedrunner,bomberman,2,Bomb,1,0,39.2,0.926,"[(48.0, 48.0), (70.4, 50.8), (101.2, 50.8), (115.2, 67.6), (115.2, 90.0), (118.0, 112.4), (140.4, 115.2), (168.4, 115.2), (179.6, 134.8), (179.6, 157.2), (185.2, 179.6), (207.6, 179.6), (235.6, 179.6), (244.0, 202.0), (244.0, 224.4), (252.4, 244.0), (274.8, 244.0), (302.8, 249.6), (308.4, 272.0), (308.4, 294.4), (325.2, 308.4), (353.2, 308.4), (372.8, 322.4), (372.8, 344.8), (372.8, 367.2), (372.8, 372.8), (372.8, 372.8), (372.8, 372.8), (372.8, 372.8), (372.8, 372.8), (372.8, 372.8), (372.8, 372.8), (372.8, 372.8), (372.8, 372.8), (372.8, 372.8), (372.8, 372.8), (372.8, 372.8), (372.8, 372.8), (372.8, 372.8), (372.8, 372.8), (372.8, 372.8), (372.8, 372.8), (372.8, 372.8), (372.8, 372.8), (372.8, 372.8), (372.8, 372.8), (372.8, 372.8), (372.8, 372.8), (372.8, 372.8), (372.8, 372.8), (372.8, 372.8), (372.8, 372.8), (372.8, 372.8), (372.8, 372.8), (372.8, 372.8), (372.8, 372.8), (372.8, 372.8)]",0,7.5
speedrunner,bomberman,2,Bomb,1,0,39.2,0.926,"[(48.0, 48.0), (70.4, 50.8), (101.2, 50.8), (115.2, 67.6), (115.2, 95.6), (126.4, 115.2), (151.6, 115.2), (176.8, 120.8), (179.6, 143.2), (179.6, 171.2), (199.2, 179.6), (227.2, 179.6), (244.0, 193.6), (244.0, 218.8), (249.6, 244.0), (272.0, 244.0), (300.0, 246.8), (308.4, 269.2), (308.4, 297.2), (328.0, 308.4), (356.0, 308.4), (372.8, 325.2), (372.8, 347.6), (372.8, 370.0), (372.8, 372.8), (372.8, 372.8), (372.8, 372.8), (372.8, 372.8), (372.8, 372.8), (372.8, 372.8), (372.8, 372.8), (372.8, 372.8), (372.8, 372.8), (372.8, 372.8), (372.8, 372.8), (372.8, 372.8), (372.8, 372.8), (372.8, 372.8), (372.8, 372.8), (372.8, 372.8), (372.8, 372.8), (372.8, 372.8), (372.8, 372.8), (372.8, 372.8), (372.8, 372.8), (372.8, 372.8), (372.8, 372.8), (372.8, 372.8), (372.8, 372.8), (372.8, 372.8), (372.8, 372.8), (372.8, 372.8), (372.8, 372.8), (372.8, 372.8), (372.8, 372.8), (372.8, 372.8), (372.8, 372.8)]",0,7.5
speedrunner,bomberman,2,Bomb,1,0,39.2,0.926,"[(48.0, 48.0), (70.4, 50.8), (101.2, 50.8), (115.2, 67.6), (115.2, 95.6), (126.4, 115.2), (151.6, 115.2), (176.8, 120.8), (179.6, 143.2), (179.6, 171.2), (199.2, 179.6), (227.2, 179.6), (244.0, 193.6), (244.0, 218.8), (249.6, 244.0), (272.0, 244.0), (300.0, 246.8), (308.4, 269.2), (308.4, 297.2), (328.0, 308.4), (356.0, 308.4), (372.8, 325.2), (372.8, 347.6), (372.8, 370.0), (372.8, 372.8), (372.8, 372.8), (372.8, 372.8), (372.8, 372.8), (372.8, 372.8), (372.8, 372.8), (372.8, 372.8), (372.8, 372.8), (372.8, 372.8), (372.8, 372.8), (372.8, 372.8), (372.8, 372.8), (372.8, 372.8), (372.8, 372.8), (372.8, 372.8), (372.8, 372.8), (372.8, 372.8), (372.8, 372.8), (372.8, 372.8), (372.8, 372.8), (372.8, 372.8), (372.8, 372.8), (372.8, 372.8), (372.8, 372.8), (372.8, 372.8), (372.8, 372.8), (372.8, 372.8), (372.8, 372.8), (372.8, 372.8), (372.8, 372.8), (372.8, 372.8), (372.8, 372.8), (372.8, 372.8)]",0,7.5
speedrunner,bomberman,2,Bomb,1,0,39.2,0.926,"[(48.0, 48.0), (70.4, 50.8), (101.2, 50.8), (115.2, 67.6), (115.2, 90.0), (118.0, 112.4), (140.4, 115.2), (168.4, 115.2), (179.6, 134.8), (179.6, 157.2), (185.2, 179.6), (207.6, 179.6), (235.6, 179.6), (244.0, 202.0), (244.0, 224.4), (252.4, 244.0), (274.8, 244.0), (302.8, 249.6), (308.4, 272.0), (308.4, 294.4), (325.2, 308.4), (353.2, 308.4), (372.8, 322.4), (372.8, 344.8), (372.8, 367.2), (372.8, 372.8), (372.8, 372.8), (372.8, 372.8), (372.8, 372.8), (372.8, 372.8), (372.8, 372.8), (372.8, 372.8), (372.8, 372.8), (372.8, 372.8), (372.8, 372.8), (372.8, 372.8), (372.8, 372.8), (372.8, 372.8), (372.8, 372.8), (372.8, 372.8), (372.8, 372.8), (372.8, 372.8), (372.8, 372.8), (372.8, 372.8), (372.8, 372.8), (372.8, 372.8), (372.8, 372.8), (372.8, 372.8), (372.8, 372.8), (372.8, 372.8), (372.8, 372.8), (372.8, 372.8), (372.8, 372.8), (372.8, 372.8), (372.8, 372.8), (372.8, 372.8), (372.8, 372.8)]",0,7.5
speedrunner,bomberman,2,Bomb,1,0,39.2,0.926,"[(48.0, 48.0), (70.4, 50.8), (101.2, 50.8), (115.2, 67.6), (115.2, 95.6), (126.4, 115.2), (151.6, 115.2), (176.8, 120.8), (179.6, 143.2), (179.6, 171.2), (199.2, 179.6), (227.2, 179.6), (244.0, 193.6), (244.0, 218.8), (249.6, 244.0), (272.0, 244.0), (300.0, 246.8), (308.4, 269.2), (308.4, 297.2), (328.0, 308.4), (356.0, 308.4), (372.8, 325.2), (372.8, 347.6), (372.8, 370.0), (372.8, 372.8), (372.8, 372.8), (372.8, 372.8), (372.8, 372.8), (372.8, 372.8), (372.8, 372.8), (372.8, 372.8), (372.8, 372.8), (372.8, 372.8), (372.8, 372.8), (372.8, 372.8), (372.8, 372.8), (372.8, 372.8), (372.8, 372.8), (372.8, 372.8), (372.8, 372.8), (372.8, 372.8), (372.8, 372.8), (372.8, 372.8), (372.8, 372.8), (372.8, 372.8), (372.8, 372.8), (372.8, 372.8), (372.8, 372.8), (372.8, 372.8), (372.8, 372.8), (372.8, 372.8), (372.8, 372.8), (372.8, 372.8), (372.8, 372.8), (372.8, 372.8), (372.8, 372.8), (372.8, 372.8)]",0,7.5
speedrunner,bomberman,2,Bomb,1,0,39.95,0.926,"[(48.0, 48.0), (50.8, 70.4), (50.8, 92.8), (56.4, 115.2), (78.8, 115.2), (109.6, 118.0), (115.2, 140.4), (115.2, 162.8), (126.4, 179.6), (151.6, 179.6), (176.8, 185.2), (179.6, 207.6), (179.6, 230.0), (193.6, 244.0), (221.6, 244.0), (244.0, 252.4), (244.0, 274.8), (244.0, 297.2), (263.6, 308.4), (291.6, 308.4), (308.4, 325.2), (308.4, 347.6), (314.0, 370.0), (336.4, 372.8), (358.8, 372.8), (372.8, 372.8), (372.8, 372.8), (372.8, 372.8), (372.8, 372.8), (372.8, 372.8), (372.8, 372.8), (372.8, 372.8), (372.8, 372.8), (372.8, 372.8), (372.8, 372.8), (372.8, 372.8), (372.8, 372.8), (372.8, 372.8), (372.8, 372.8), (372.8, 372.8), (372.8, 372.8), (372.8, 372.8), (372.8, 372.8), (372.8, 372.8), (372.8, 372.8), (372.8, 372.8), (372.8, 372.8), (372.8, 372.8), (372.8, 372.8), (372.8, 372.8), (372.8, 372.8), (372.8, 372.8), (372.8, 372.8), (372.8, 372.8), (372.8, 372.8), (372.8, 372.8), (372.8, 372.8)]",0,7.5
speedrunner,bomberman,2,Bomb,1,0,39.2,0.926,"[(48.0, 48.0), (70.4, 50.8), (101.2, 50.8), (115.2, 67.6), (115.2, 95.6), (126.4, 115.2), (151.6, 115.2), (176.8, 120.8), (179.6, 143.2), (179.6, 171.2), (199.2, 179.6), (227.2, 179.6), (244.0, 193.6), (244.0, 218.8), (249.6, 244.0), (272.0, 244.0), (300.0, 246.8), (308.4, 269.2), (308.4, 297.2), (328.0, 308.4), (356.0, 308.4), (372.8, 325.2), (372.8, 347.6), (372.8, 370.0), (372.8, 372.8), (372.8, 372.8), (372.8, 372.8), (372.8, 372.8), (372.8, 372.8), (372.8, 372.8), (372.8, 372.8), (372.8, 372.8), (372.8, 372.8), (372.8, 372.8), (372.8, 372.8), (372.8, 372.8), (372.8, 372.8), (372.8, 372.8), (372.8, 372.8), (372.8, 372.8), (372.8, 372.8), (372.8, 372.8), (372.8, 372.8), (372.8, 372.8), (372.8, 372.8), (372.8, 372.8), (372.8, 372.8), (372.8, 372.8), (372.8, 372.8), (372.8, 372.8), (372.8, 372.8), (372.8, 372.8), (372.8, 372.8), (372.8, 372.8), (372.8, 372.8), (372.8, 372.8), (372.8, 372.8)]",0,7.5
speedrunner,bomberman,2,Bomb,1,0,39.95,0.926,"[(48.0, 48.0), (50.8, 70.4), (50.8, 101.2), (64.8, 115.2), (92.8, 115.2), (115.2, 126.4), (115.2, 148.8), (118.0, 176.8), (140.4, 179.6), (168.4, 179.6), (179.6, 199.2), (179.6, 227.2), (190.8, 244.0), (216.0, 244.0), (241.2, 249.6), (244.0, 272.0), (244.0, 300.0), (266.4, 308.4), (294.4, 308.4), (308.4, 328.0), (308.4, 356.0), (322.4, 372.8), (344.8, 372.8), (367.2, 372.8), (372.8, 372.8), (372.8, 372.8), (372.8, 372.8), (372.8, 372.8), (372.8, 372.8), (372.8, 372.8), (372.8, 372.8), (372.8, 372.8), (372.8, 372.8), (372.8, 372.8), (372.8, 372.8), (372.8, 372.8), (372.8, 372.8), (372.8, 372.8), (372.8, 372.8), (372.8, 372.8), (372.8, 372.8), (372.8, 372.8), (372.8, 372.8), (372.8, 372.8), (372.8, 372.8), (372.8, 372.8), (372.8, 372.8), (372.8, 372.8), (372.8, 372.8), (372.8, 372.8), (372.8, 372.8), (372.8, 372.8), (372.8, 372.8), (372.8, 372.8), (372.8, 372.8), (372.8, 372.8), (372.8, 372.8)]",0,7.5
speedrunner,bomberman,2,Bomb,1,0,39.2,0.926,"[(48.0, 48.0), (70.4, 50.8), (101.2, 50.8), (115.2, 67.6), (115.2, 95.6), (126.4, 115.2), (151.6, 115.2), (176.8, 120.8), (179.6, 143.2), (179.6, 171.2), (199.2, 179.6), (227.2, 179.6), (244.0, 193.6), (244.0, 218.8), (249.6, 244.0), (272.0, 244.0), (300.0, 246.8), (308.4, 269.2), (308.4, 297.2), (328.0, 308.4), (356.0, 308.4), (372.8, 325.2), (372.8, 347.6), (372.8, 370.0), (372.8, 372.8), (372.8, 372.8), (372.8, 372.8), (372.8, 372.8), (372.8, 372.8), (372.8, 372.8), (372.8, 372.8), (372.8, 372.8), (372.8, 372.8), (372.8, 372.8), (372.8, 372.8), (372.8, 372.8), (372.8, 372.8), (372.8, 372.8), (372.8, 372.8), (372.8, 372.8), (372.8, 372.8), (372.8, 372.8), (372.8, 372.8), (372.8, 372.8), (372.8, 372.8), (372.8, 372.8), (372.8, 372.8), (372.8, 372.8), (372.8, 372.8), (372.8, 372.8), (372.8, 372.8), (372.8, 372.8), (372.8, 372.8), (372.8, 372.8), (372.8, 372.8), (372.8, 372.8), (372.8, 372.8)]",0,7.5
speedrunner,bomberman,2,Bomb,1,0,39.2,0.926,"[(48.0, 48.0), (70.4, 50.8), (101.2, 50.8), (115.2, 67.6), (115.2, 95.6), (126.4, 115.2), (151.6, 115.2), (176.8, 120.8), (179.6, 143.2), (179.6, 171.2), (199.2, 179.6), (227.2, 179.6), (244.0, 193.6), (244.0, 218.8), (249.6, 244.0), (272.0, 244.0), (300.0, 246.8), (308.4, 269.2), (308.4, 297.2), (328.0, 308.4), (356.0, 308.4), (372.8, 325.2), (372.8, 347.6), (372.8, 370.0), (372.8, 372.8), (372.8, 372.8), (372.8, 372.8), (372.8, 372.8), (372.8, 372.8), (372.8, 372.8), (372.8, 372.8), (372.8, 372.8), (372.8, 372.8), (372.8, 372.8), (372.8, 372.8), (372.8, 372.8), (372.8, 372.8), (372.8, 372.8), (372.8, 372.8), (372.8, 372.8), (372.8, 372.8), (372.8, 372.8), (372.8, 372.8), (372.8, 372.8), (372.8, 372.8), (372.8, 372.8), (372.8, 372.8), (372.8, 372.8), (372.8, 372.8), (372.8, 372.8), (372.8, 372.8), (372.8, 372.8), (372.8, 372.8), (372.8, 372.8), (372.8, 372.8), (372.8, 372.8), (372.8, 372.8)]",0,7.5
speedrunner,bomberman,2,Bomb,1,0,39.95,0.926,"[(48.0, 48.0), (50.8, 70.4), (50.8, 92.8), (56.4, 115.2), (78.8, 115.2), (109.6, 118.0), (115.2, 140.4), (115.2, 162.8), (126.4, 179.6), (151.6, 179.6), (176.8, 185.2), (179.6, 207.6), (179.6, 230.0), (193.6, 244.0), (221.6, 244.0), (244.0, 252.4), (244.0, 274.8), (244.0, 297.2), (263.6, 308.4), (291.6, 308.4), (308.4, 325.2), (308.4, 353.2), (319.6, 372.8), (342.0, 372.8), (364.4, 372.8), (372.8, 372.8), (372.8, 372.8), (372.8, 372.8), (372.8, 372.8), (372.8, 372.8), (372.8, 372.8), (372.8, 372.8), (372.8, 372.8), (372.8, 372.8), (372.8, 372.8), (372.8, 372.8), (372.8, 372.8), (372.8, 372.8), (372.8, 372.8), (372.8, 372.8), (372.8, 372.8), (372.8, 372.8), (372.8, 372.8), (372.8, 372.8), (372.8, 372.8), (372.8, 372.8), (372.8, 372.8), (372.8, 372.8), (372.8, 372.8), (372.8, 372.8), (372.8, 372.8), (372.8, 372.8), (372.8, 372.8), (372.8, 372.8), (372.8, 372.8), (372.8, 372.8), (372.8, 372.8)]",0,7.5
speedrunner,bomberman,2,Bomb,1,0,39.2,0.926,"[(48.0, 48.0), (70.4, 50.8), (101.2, 50.8), (115.2, 67.6), (115.2, 90.0), (118.0, 112.4), (140.4, 115.2), (168.4, 115.2), (179.6, 134.8), (179.6, 157.2), (185.2, 179.6), (207.6, 179.6), (235.6, 179.6), (244.0, 202.0), (244.0, 224.4), (252.4, 244.0), (274.8, 244.0), (302.8, 249.6), (308.4, 272.0), (308.4, 294.4), (325.2, 308.4), (353.2, 308.4), (372.8, 322.4), (372.8, 344.8), (372.8, 367.2), (372.8, 372.8), (372.8, 372.8), (372.8, 372.8), (372.8, 372.8), (372.8, 372.8), (372.8, 372.8), (372.8, 372.8), (372.8, 372.8), (372.8, 372.8), (372.8, 372.8), (372.8, 372.8), (372.8, 372.8), (372.8, 372.8), (372.8, 372.8), (372.8, 372.8), (372.8, 372.8), (372.8, 372.8), (372.8, 372.8), (372.8, 372.8), (372.8, 372.8), (372.8, 372.8), (372.8, 372.8), (372.8, 372.8), (372.8, 372.8), (372.8, 372.8), (372.8, 372.8), (372.8, 372.8), (372.8, 372.8), (372.8, 372.8), (372.8, 372.8), (372.8, 372.8), (372.8, 372.8)]",0,7.5
speedrunner,bomberman,2,Bomb,1,0,39.2,0.926,"[(48.0, 48.0), (70.4, 50.8), (101.2, 50.8), (115.2, 67.6), (115.2, 90.0), (118.0, 112.4), (140.4, 115.2), (168.4, 115.2), (179.6, 134.8), (179.6, 157.2), (185.2, 179.6), (207.6, 179.6), (235.6, 179.6), (244.0, 202.0), (244.0, 224.4), (252.4, 244.0), (274.8, 244.0), (302.8, 249.6), (308.4, 272.0), (308.4, 294.4), (325.2, 308.4), (353.2, 308.4), (372.8, 322.4), (372.8, 344.8), (372.8, 367.2), (372.8, 372.8), (372.8, 372.8), (372.8, 372.8), (372.8, 372.8), (372.8, 372.8), (372.8, 372.8), (372.8, 372.8), (372.8, 372.8), (372.8, 372.8), (372.8, 372.8), (372.8, 372.8), (372.8, 372.8), (372.8, 372.8), (372.8, 372.8), (372.8, 372.8), (372.8, 372.8), (372.8, 372.8), (372.8, 372.8), (372.8, 372.8), (372.8, 372.8), (372.8, 372.8), (372.8, 372.8), (372.8, 372.8), (372.8, 372.8), (372.8, 372.8), (372.8, 372.8), (372.8, 372.8), (372.8, 372.8), (372.8, 372.8), (372.8, 372.8), (372.8, 372.8), (372.8, 372.8)]",0,7.5
speedrunner,bomberman,2,Bomb,1,0,39.95,0.926,"[(48.0, 48.0), (50.8, 70.4), (50.8, 92.8), (56.4, 115.2), (78.8, 115.2), (109.6, 118.0), (115.2, 140.4), (115.2, 162.8), (126.4, 179.6), (151.6, 179.6), (176.8, 185.2), (179.6, 207.6), (179.6, 230.0), (193.6, 244.0), (221.6, 244.0), (244.0, 252.4), (244.0, 274.8), (244.0, 297.2), (263.6, 308.4), (291.6, 308.4), (308.4, 325.2), (308.4, 353.2), (319.6, 372.8), (342.0, 372.8), (364.4, 372.8), (372.8, 372.8), (372.8, 372.8), (372.8, 372.8), (372.8, 372.8), (372.8, 372.8), (372.8, 372.8), (372.8, 372.8), (372.8, 372.8), (372.8, 372.8), (372.8, 372.8), (372.8, 372.8), (372.8, 372.8), (372.8, 372.8), (372.8, 372.8), (372.8, 372.8), (372.8, 372.8), (372.8, 372.8), (372.8, 372.8), (372.8, 372.8), (372.8, 372.8), (372.8, 372.8), (372.8, 372.8), (372.8, 372.8), (372.8, 372.8), (372.8, 372.8), (372.8, 372.8), (372.8, 372.8), (372.8, 372.8), (372.8, 372.8), (372.8, 372.8), (372.8, 372.8), (372.8, 372.8)]",0,7.5
speedrunner,bomberman,2,Bomb,1,0,39.2,0.926,"[(48.0, 48.0), (70.4, 50.8), (101.2, 50.8), (115.2, 67.6), (115.2, 95.6), (126.4, 115.2), (151.6, 115.2), (176.8, 120.8), (179.6, 143.2), (179.6, 171.2), (199.2, 179.6), (227.2, 179.6), (244.0, 193.6), (244.0, 218.8), (249.6, 244.0), (272.0, 244.0), (300.0, 246.8), (308.4, 269.2), (308.4, 297.2), (328.0, 308.4), (356.0, 308.4), (372.8, 325.2), (372.8, 347.6), (372.8, 370.0), (372.8, 372.8), (372.8, 372.8), (372.8, 372.8), (372.8, 372.8), (372.8, 372.8), (372.8, 372.8), (372.8, 372.8), (372.8, 372.8), (372.8, 372.8), (372.8, 372.8), (372.8, 372.8), (372.8, 372.8), (372.8, 372.8), (372.8, 372.8), (372.8, 372.8), (372.8, 372.8), (372.8, 372.8), (372.8, 372.8), (372.8, 372.8), (372.8, 372.8), (372.8, 372.8), (372.8, 372.8), (372.8, 372.8), (372.8, 372.8), (372.8, 372.8), (372.8, 372.8), (372.8, 372.8), (372.8, 372.8), (372.8, 372.8), (372.8, 372.8), (372.8, 372.8), (372.8, 372.8), (372.8, 372.8)]",0,7.5
speedrunner,bomberman,2,Bomb,1,0,39.2,0.926,"[(48.0, 48.0), (70.4, 50.8), (101.2, 50.8), (115.2, 67.6), (115.2, 95.6), (126.4, 115.2), (151.6, 115.2), (176.8, 120.8), (179.6, 143.2), (179.6, 171.2), (199.2, 179.6), (227.2, 179.6), (244.0, 193.6), (244.0, 218.8), (249.6, 244.0), (272.0, 244.0), (300.0, 246.8), (308.4, 269.2), (308.4, 297.2), (328.0, 308.4), (356.0, 308.4), (372.8, 325.2), (372.8, 347.6), (372.8, 370.0), (372.8, 372.8), (372.8, 372.8), (372.8, 372.8), (372.8, 372.8), (372.8, 372.8), (372.8, 372.8), (372.8, 372.8), (372.8, 372.8), (372.8, 372.8), (372.8, 372.8), (372.8, 372.8), (372.8, 372.8), (372.8, 372.8), (372.8, 372.8), (372.8, 372.8), (372.8, 372.8), (372.8, 372.8), (372.8, 372.8), (372.8, 372.8), (372.8, 372.8), (372.8, 372.8), (372.8, 372.8), (372.8, 372.8), (372.8, 372.8), (372.8, 372.8), (372.8, 372.8), (372.8, 372.8), (372.8, 372.8), (372.8, 372.8), (372.8, 372.8), (372.8, 372.8), (372.8, 372.8), (372.8, 372.8)]",0,7.5
speedrunner,bomberman,2,Bomb,1,0,40.69,0.926,"[(48.0, 48.0), (50.8, 70.4), (50.8, 92.8), (50.8, 115.2), (50.8, 137.6), (50.8, 160.0), (59.2, 179.6), (81.6, 179.6), (112.4, 185.2), (115.2, 207.6), (115.2, 230.0), (129.2, 244.0), (157.2, 244.0), (179.6, 252.4), (179.6, 274.8), (179.6, 297.2), (199.2, 308.4), (227.2, 308.4), (244.0, 322.4), (244.0, 347.6), (252.4, 372.8), (274.8, 372.8), (297.2, 372.8), (319.6, 372.8), (342.0, 372.8), (364.4, 372.8), (372.8, 372.8), (372.8, 372.8), (372.8, 372.8), (372.8, 372.8), (372.8, 372.8), (372.8, 372.8), (372.8, 372.8), (372.8, 372.8), (372.8, 372.8), (372.8, 372.8), (372.8, 372.8), (372.8, 372.8), (372.8, 372.8), (372.8, 372.8), (372.8, 372.8), (372.8, 372.8), (372.8, 372.8), (372.8, 372.8), (372.8, 372.8), (372.8, 372.8), (372.8, 372.8), (372.8, 372.8), (372.8, 372.8), (372.8, 372.8), (372.8, 372.8), (372.8, 372.8), (372.8, 372.8), (372.8, 372.8), (372.8, 372.8), (372.8, 372.8), (372.8, 372.8)]",0,7.5
speedrunner,bomberman,2,Bomb,1,0,39.2,0.926,"[(48.0, 48.0), (70.4, 50.8), (101.2, 50.8), (115.2, 67.6), (115.2, 90.0), (118.0, 112.4), (140.4, 115.2), (168.4, 115.2), (179.6, 134.8), (179.6, 157.2), (185.2, 179.6), (207.6, 179.6), (235.6, 179.6), (244.0, 202.0), (244.0, 224.4), (252.4, 244.0), (274.8, 244.0), (302.8, 249.6), (308.4, 272.0), (308.4, 294.4), (325.2, 308.4), (353.2, 308.4), (372.8, 322.4), (372.8, 344.8), (372.8, 367.2), (372.8, 372.8), (372.8, 372.8), (372.8, 372.8), (372.8, 372.8), (372.8, 372.8), (372.8, 372.8), (372.8, 372.8), (372.8, 372.8), (372.8, 372.8), (372.8, 372.8), (372.8, 372.8), (372.8, 372.8), (372.8, 372.8), (372.8, 372.8), (372.8, 372.8), (372.8, 372.8), (372.8, 372.8), (372.8, 372.8), (372.8, 372.8), (372.8, 372.8), (372.8, 372.8), (372.8, 372.8), (372.8, 372.8), (372.8, 372.8), (372.8, 372.8), (372.8, 372.8), (372.8, 372.8), (372.8, 372.8), (372.8, 372.8), (372.8, 372.8), (372.8, 372.8), (372.8, 372.8)]",0,7.5
speedrunner,bomberman,2,Bomb,1,0,35.28,0.593,"[(48.0, 48.0), (48.0, 70.4), (48.0, 92.8), (48.0, 115.2), (48.0, 137.6), (48.0, 160.0), (48.0, 182.4), (48.0, 204.8), (48.0, 227.2), (56.4, 244.0), (78.8, 244.0), (109.6, 246.8), (115.2, 269.2), (115.2, 291.6), (129.2, 308.4), (157.2, 308.4), (179.6, 316.8), (179.6, 339.2), (179.6, 361.6), (199.2, 372.8), (221.6, 372.8), (238.4, 372.8), (238.4, 372.8), (238.4, 372.8), (238.4, 372.8), (238.4, 372.8), (238.4, 372.8), (238.4, 372.8), (238.4, 372.8), (238.4, 372.8), (238.4, 372.8), (238.4, 372.8), (238.4, 372.8), (238.4, 372.8), (238.4, 372.8), (238.4, 372.8), (238.4, 372.8), (238.4, 372.8)]",0,5.0
speedrunner,bomberman,2,Bomb,1,0,39.2,0.926,"[(48.0, 48.0), (70.4, 50.8), (101.2, 50.8), (115.2, 67.6), (115.2, 90.0), (118.0, 112.4), (140.4, 115.2), (168.4, 115.2), (179.6, 134.8), (179.6, 157.2), (185.2, 179.6), (207.6, 179.6), (235.6, 179.6), (244.0, 202.0), (244.0, 224.4), (252.4, 244.0), (274.8, 244.0), (302.8, 249.6), (308.4, 272.0), (308.4, 300.0), (330.8, 308.4), (358.8, 308.4), (372.8, 328.0), (372.8, 350.4), (372.8, 372.8), (372.8, 372.8), (372.8, 372.8), (372.8, 372.8), (372.8, 372.8), (372.8, 372.8), (372.8, 372.8), (372.8, 372.8), (372.8, 372.8), (372.8, 372.8), (372.8, 372.8), (372.8, 372.8), (372.8, 372.8), (372.8, 372.8), (372.8, 372.8), (372.8, 372.8), (372.8, 372.8), (372.8, 372.8), (372.8, 372.8), (372.8, 372.8), (372.8, 372.8), (372.8, 372.8), (372.8, 372.8), (372.8, 372.8), (372.8, 372.8), (372.8, 372.8), (372.8, 372.8), (372.8, 372.8), (372.8, 372.8), (372.8, 372.8), (372.8, 372.8), (372.8, 372.8), (372.8, 372.8)]",0,7.5
speedrunner,bomberman,2,Bomb,1,0,39.95,0.926,"[(48.0, 48.0), (50.8, 70.4), (50.8, 92.8), (56.4, 115.2), (78.8, 115.2), (109.6, 118.0), (115.2, 140.4), (115.2, 162.8), (126.4, 179.6), (151.6, 179.6), (176.8, 185.2), (179.6, 207.6), (179.6, 230.0), (193.6, 244.0), (221.6, 244.0), (244.0, 252.4), (244.0, 274.8), (246.8, 302.8), (269.2, 308.4), (297.2, 308.4), (308.4, 330.8), (308.4, 358.8), (325.2, 372.8), (347.6, 372.8), (370.0, 372.8), (372.8, 372.8), (372.8, 372.8), (372.8, 372.8), (372.8, 372.8), (372.8, 372.8), (372.8, 372.8), (372.8, 372.8), (372.8, 372.8), (372.8, 372.8), (372.8, 372.8), (372.8, 372.8), (372.8, 372.8), (372.8, 372.8), (372.8, 372.8), (372.8, 372.8), (372.8, 372.8), (372.8, 372.8), (372.8, 372.8), (372.8, 372.8), (372.8, 372.8), (372.8, 372.8), (372.8, 372.8), (372.8, 372.8), (372.8, 372.8), (372.8, 372.8), (372.8, 372.8), (372.8, 372.8), (372.8, 372.8), (372.8, 372.8), (372.8, 372.8), (372.8, 372.8), (372.8, 372.8)]",0,7.5
speedrunner,bomberman,2,Bomb,1,0,39.2,0.926,"[(48.0, 48.0), (70.4, 50.8), (101.2, 50.8), (115.2, 67.6), (115.2, 95.6), (126.4, 115.2), (151.6, 115.2), (176.8, 120.8), (179.6, 143.2), (179.6, 168.4), (196.4, 179.6), (224.4, 179.6), (244.0, 190.8), (244.0, 213.2), (246.8, 241.2), (269.2, 244.0), (297.2, 244.0), (308.4, 266.4), (308.4, 294.4), (325.2, 308.4), (353.2, 308.4), (372.8, 322.4), (372.8, 344.8), (372.8, 367.2), (372.8, 372.8), (372.8, 372.8), (372.8, 372.8), (372.8, 372.8), (372.8, 372.8), (372.8, 372.8), (372.8, 372.8), (372.8, 372.8), (372.8, 372.8), (372.8, 372.8), (372.8, 372.8), (372.8, 372.8), (372.8, 372.8), (372.8, 372.8), (372.8, 372.8), (372.8, 372.8), (372.8, 372.8), (372.8, 372.8), (372.8, 372.8), (372.8, 372.8), (372.8, 372.8), (372.8, 372.8), (372.8, 372.8), (372.8, 372.8), (372.8, 372.8), (372.8, 372.8), (372.8, 372.8), (372.8, 372.8), (372.8, 372.8), (372.8, 372.8), (372.8, 372.8), (372.8, 372.8), (372.8, 372.8)]",0,7.5
speedrunner,bomberman,2,Bomb,1,0,39.2,0.926,"[(48.0, 48.0), (70.4, 50.8), (101.2, 50.8), (115.2, 67.6), (115.2, 95.6), (126.4, 115.2), (151.6, 115.2), (176.8, 120.8), (179.6, 143.2), (179.6, 168.4), (196.4, 179.6), (224.4, 179.6), (244.0, 190.8), (244.0, 213.2), (246.8, 241.2), (269.2, 244.0), (297.2, 244.0), (308.4, 266.4), (308.4, 294.4), (325.2, 308.4), (353.2, 308.4), (372.8, 322.4), (372.8, 344.8), (372.8, 367.2), (372.8, 372.8), (372.8, 372.8), (372.8, 372.8), (372.8, 372.8), (372.8, 372.8), (372.8, 372.8), (372.8, 372.8), (372.8, 372.8), (372.8, 372.8), (372.8, 372.8), (372.8, 372.8), (372.8, 372.8), (372.8, 372.8), (372.8, 372.8), (372.8, 372.8), (372.8, 372.8), (372.8, 372.8), (372.8, 372.8), (372.8, 372.8), (372.8, 372.8), (372.8, 372.8), (372.8, 372.8), (372.8, 372.8), (372.8, 372.8), (372.8, 372.8), (372.8, 372.8), (372.8, 372.8), (372.8, 372.8), (372.8, 372.8), (372.8, 372.8), (372.8, 372.8), (372.8, 372.8), (372.8, 372.8)]",0,7.5
speedrunner,bomberman,2,Bomb,1,0,39.95,0.926,"[(48.0, 48.0), (50.8, 70.4), (50.8, 92.8), (56.4, 115.2), (78.8, 115.2), (109.6, 118.0), (115.2, 140.4), (115.2, 162.8), (126.4, 179.6), (151.6, 179.6), (176.8, 185.2), (179.6, 207.6), (179.6, 230.0), (193.6, 244.0), (221.6, 244.0), (244.0, 252.4), (244.0, 274.8), (246.8, 302.8), (269.2, 308.4), (297.2, 308.4), (308.4, 330.8), (308.4, 358.8), (325.2, 372.8), (347.6, 372.8), (370.0, 372.8), (372.8, 372.8), (372.8, 372.8), (372.8, 372.8), (372.8, 372.8), (372.8, 372.8), (372.8, 372.8), (372.8, 372.8), (372.8, 372.8), (372.8, 372.8), (372.8, 372.8), (372.8, 372.8), (372.8, 372.8), (372.8, 372.8), (372.8, 372.8), (372.8, 372.8), (372.8, 372.8), (372.8, 372.8), (372.8, 372.8), (372.8, 372.8), (372.8, 372.8), (372.8, 372.8), (372.8, 372.8), (372.8, 372.8), (372.8, 372.8), (372.8, 372.8), (372.8, 372.8), (372.8, 372.8), (372.8, 372.8), (372.8, 372.8), (372.8, 372.8), (372.8, 372.8), (372.8, 372.8)]",0,7.5
speedrunner,bomberman,2,Bomb,1,0,39.2,0.926,"[(48.0, 48.0), (70.4, 50.8), (101.2, 50.8), (115.2, 67.6), (115.2, 90.0), (118.0, 112.4), (140.4, 115.2), (168.4, 115.2), (179.6, 134.8), (179.6, 157.2), (185.2, 179.6), (207.6, 179.6), (235.6, 179.6), (244.0, 202.0), (244.0, 224.4), (252.4, 244.0), (274.8, 244.0), (302.8, 249.6), (308.4, 272.0), (308.4, 300.0), (330.8, 308.4), (358.8, 308.4), (372.8, 328.0), (372.8, 350.4), (372.8, 372.8), (372.8, 372.8), (372.8, 372.8), (372.8, 372.8), (372.8, 372.8), (372.8, 372.8), (372.8, 372.8), (372.8, 372.8), (372.8, 372.8), (372.8, 372.8), (372.8, 372.8), (372.8, 372.8), (372.8, 372.8), (372.8, 372.8), (372.8, 372.8), (372.8, 372.8), (372.8, 372.8), (372.8, 372.8), (372.8, 372.8), (372.8, 372.8), (372.8, 372.8), (372.8, 372.8), (372.8, 372.8), (372.8, 372.8), (372.8, 372.8), (372.8, 372.8), (372.8, 372.8), (372.8, 372.8), (372.8, 372.8), (372.8, 372.8), (372.8, 372.8), (372.8, 372.8), (372.8, 372.8)]",0,7.5
speedrunner,bomberman,2,Bomb,1,0,39.2,0.926,"[(48.0, 48.0), (70.4, 50.8), (101.2, 50.8), (115.2, 67.6), (115.2, 90.0), (118.0, 112.4), (140.4, 115.2), (168.4, 115.2), (179.6, 134.8), (179.6, 157.2), (185.2, 179.6), (207.6, 179.6), (235.6, 179.6), (244.0, 202.0), (244.0, 224.4), (252.4, 244.0), (274.8, 244.0), (302.8, 249.6), (308.4, 272.0), (308.4, 294.4), (325.2, 308.4), (353.2, 308.4), (372.8, 322.4), (372.8, 344.8), (372.8, 367.2), (372.8, 372.8), (372.8, 372.8), (372.8, 372.8), (372.8, 372.8), (372.8, 372.8), (372.8, 372.8), (372.8, 372.8), (372.8, 372.8), (372.8, 372.8), (372.8, 372.8), (372.8, 372.8), (372.8, 372.8), (372.8, 372.8), (372.8, 372.8), (372.8, 372.8), (372.8, 372.8), (372.8, 372.8), (372.8, 372.8), (372.8, 372.8), (372.8, 372.8), (372.8, 372.8), (372.8, 372.8), (372.8, 372.8), (372.8, 372.8), (372.8, 372.8), (372.8, 372.8), (372.8, 372.8), (372.8, 372.8), (372.8, 372.8), (372.8, 372.8), (372.8, 372.8), (372.8, 372.8)]",0,7.5
speedrunner,bomberman,2,Bomb,1,0,39.2,0.926,"[(48.0, 48.0), (70.4, 50.8), (101.2, 50.8), (115.2, 67.6), (115.2, 90.0), (118.0, 112.4), (140.4, 115.2), (168.4, 115.2), (179.6, 134.8), (179.6, 157.2), (185.2, 179.6), (207.6, 179.6), (235.6, 179.6), (244.0, 202.0), (244.0, 224.4), (252.4, 244.0), (274.8, 244.0), (302.8, 249.6), (308.4, 272.0), (308.4, 294.4), (325.2, 308.4), (353.2, 308.4), (372.8, 322.4), (372.8, 344.8), (372.8, 367.2), (372.8, 372.8), (372.8, 372.8), (372.8, 372.8), (372.8, 372.8), (372.8, 372.8), (372.8, 372.8), (372.8, 372.8), (372.8, 372.8), (372.8, 372.8), (372.8, 372.8), (372.8, 372.8), (372.8, 372.8), (372.8, 372.8), (372.8, 372.8), (372.8, 372.8), (372.8, 372.8), (372.8, 372.8), (372.8, 372.8), (372.8, 372.8), (372.8, 372.8), (372.8, 372.8), (372.8, 372.8), (372.8, 372.8), (372.8, 372.8), (372.8, 372.8), (372.8, 372.8), (372.8, 372.8), (372.8, 372.8), (372.8, 372.8), (372.8, 372.8), (372.8, 372.8), (372.8, 372.8)]",0,7.5
speedrunner,bomberman,2,Bomb,1,0,39.95,0.926,"[(48.0, 48.0), (50.8, 70.4), (50.8, 92.8), (56.4, 115.2), (78.8, 115.2), (109.6, 118.0), (115.2, 140.4), (115.2, 162.8), (126.4, 179.6), (151.6, 179.6), (176.8, 185.2), (179.6, 207.6), (179.6, 230.0), (193.6, 244.0), (221.6, 244.0), (244.0, 252.4), (244.0, 274.8), (244.0, 297.2), (263.6, 308.4), (291.6, 308.4), (308.4, 325.2), (308.4, 353.2), (319.6, 372.8), (342.0, 372.8), (364.4, 372.8), (372.8, 372.8), (372.8, 372.8), (372.8, 372.8), (372.8, 372.8), (372.8, 372.8), (372.8, 372.8), (372.8, 372.8), (372.8, 372.8), (372.8, 372.8), (372.8, 372.8), (372.8, 372.8), (372.8, 372.8), (372.8, 372.8), (372.8, 372.8), (372.8, 372.8), (372.8, 372.8), (372.8, 372.8), (372.8, 372.8), (372.8, 372.8), (372.8, 372.8), (372.8, 372.8), (372.8, 372.8), (372.8, 372.8), (372.8, 372.8), (372.8, 372.8), (372.8, 372.8), (372.8, 372.8), (372.8, 372.8), (372.8, 372.8), (372.8, 372.8), (372.8, 372.8), (372.8, 372.8)]",0,7.5
speedrunner,bomberman,2,Bomb,1,0,39.2,0.926,"[(48.0, 48.0), (70.4, 50.8), (101.2, 50.8), (115.2, 67.6), (115.2, 90.0), (118.0, 112.4), (140.4, 115.2), (168.4, 115.2), (179.6, 134.8), (179.6, 157.2), (185.2, 179.6), (207.6, 179.6), (235.6, 179.6), (244.0, 202.0), (244.0, 224.4), (252.4, 244.0), (274.8, 244.0), (302.8, 249.6), (308.4, 272.0), (308.4, 294.4), (325.2, 308.4), (353.2, 308.4), (372.8, 322.4), (372.8, 344.8), (372.8, 367.2), (372.8, 372.8), (372.8, 372.8), (372.8, 372.8), (372.8, 372.8), (372.8, 372.8), (372.8, 372.8), (372.8, 372.8), (372.8, 372.8), (372.8, 372.8), (372.8, 372.8), (372.8, 372.8), (372.8, 372.8), (372.8, 372.8), (372.8, 372.8), (372.8, 372.8), (372.8, 372.8), (372.8, 372.8), (372.8, 372.8), (372.8, 372.8), (372.8, 372.8), (372.8, 372.8), (372.8, 372.8), (372.8, 372.8), (372.8, 372.8), (372.8, 372.8), (372.8, 372.8), (372.8, 372.8), (372.8, 372.8), (372.8, 372.8), (372.8, 372.8), (372.8, 372.8), (372.8, 372.8)]",0,7.5
speedrunner,bomberman,2,Bomb,1,0,39.2,0.926,"[(48.0, 48.0), (70.4, 50.8), (101.2, 50.8), (115.2, 67.6), (115.2, 90.0), (118.0, 112.4), (140.4, 115.2), (168.4, 115.2), (179.6, 134.8), (179.6, 157.2), (185.2, 179.6), (207.6, 179.6), (235.6, 179.6), (244.0, 202.0), (244.0, 224.4), (252.4, 244.0), (274.8, 244.0), (302.8, 249.6), (308.4, 272.0), (308.4, 300.0), (330.8, 308.4), (358.8, 308.4), (372.8, 328.0), (372.8, 350.4), (372.8, 372.8), (372.8, 372.8), (372.8, 372.8), (372.8, 372.8), (372.8, 372.8), (372.8, 372.8), (372.8, 372.8), (372.8, 372.8), (372.8, 372.8), (372.8, 372.8), (372.8, 372.8), (372.8, 372.8), (372.8, 372.8), (372.8, 372.8), (372.8, 372.8), (372.8, 372.8), (372.8, 372.8), (372.8, 372.8), (372.8, 372.8), (372.8, 372.8), (372.8, 372.8), (372.8, 372.8), (372.8, 372.8), (372.8, 372.8), (372.8, 372.8), (372.8, 372.8), (372.8, 372.8), (372.8, 372.8), (372.8, 372.8), (372.8, 372.8), (372.8, 372.8), (372.8, 372.8), (372.8, 372.8)]",0,7.5
speedrunner,bomberman,2,Bomb,1,0,39.2,0.926,"[(48.0, 48.0), (70.4, 50.8), (101.2, 50.8), (115.2, 67.6), (115.2, 90.0), (118.0, 112.4), (140.4, 115.2), (168.4, 115.2), (179.6, 134.8), (179.6, 157.2), (185.2, 179.6), (207.6, 179.6), (235.6, 179.6), (244.0, 202.0), (244.0, 224.4), (252.4, 244.0), (274.8, 244.0), (302.8, 249.6), (308.4, 272.0), (308.4, 294.4), (325.2, 308.4), (353.2, 308.4), (372.8, 322.4), (372.8, 344.8), (372.8, 367.2), (372.8, 372.8), (372.8, 372.8), (372.8, 372.8), (372.8, 372.8), (372.8, 372.8), (372.8, 372.8), (372.8, 372.8), (372.8, 372.8), (372.8, 372.8), (372.8, 372.8), (372.8, 372.8), (372.8, 372.8), (372.8, 372.8), (372.8, 372.8), (372.8, 372.8), (372.8, 372.8), (372.8, 372.8), (372.8, 372.8), (372.8, 372.8), (372.8, 372.8), (372.8, 372.8), (372.8, 372.8), (372.8, 372.8), (372.8, 372.8), (372.8, 372.8), (372.8, 372.8), (372.8, 372.8), (372.8, 372.8), (372.8, 372.8), (372.8, 372.8), (372.8, 372.8), (372.8, 372.8)]",0,7.5
speedrunner,bomberman,2,Bomb,1,0,40.69,0.926,"[(48.0, 48.0), (48.0, 70.4), (48.0, 92.8), (48.0, 115.2), (48.0, 137.6), (48.0, 160.0), (59.2, 179.6), (81.6, 179.6), (112.4, 185.2), (115.2, 207.6), (115.2, 230.0), (129.2, 244.0), (157.2, 244.0), (179.6, 252.4), (179.6, 274.8), (182.4, 302.8), (204.8, 308.4), (232.8, 308.4), (244.0, 328.0), (244.0, 356.0), (258.0, 372.8), (280.4, 372.8), (302.8, 372.8), (325.2, 372.8), (347.6, 372.8), (370.0, 372.8), (372.8, 372.8), (372.8, 372.8), (372.8, 372.8), (372.8, 372.8), (372.8, 372.8), (372.8, 372.8), (372.8, 372.8), (372.8, 372.8), (372.8, 372.8), (372.8, 372.8), (372.8, 372.8), (372.8, 372.8), (372.8, 372.8), (372.8, 372.8), (372.8, 372.8), (372.8, 372.8), (372.8, 372.8), (372.8, 372.8), (372.8, 372.8), (372.8, 372.8), (372.8, 372.8), (372.8, 372.8), (372.8, 372.8), (372.8, 372.8), (372.8, 372.8), (372.8, 372.8), (372.8, 372.8), (372.8, 372.8), (372.8, 372.8), (372.8, 372.8), (372.8, 372.8)]",0,7.5
speedrunner,bomberman,2,Bomb,1,0,40.69,0.926,"[(48.0, 48.0), (48.0, 70.4), (48.0, 92.8), (48.0, 115.2), (48.0, 137.6), (48.0, 160.0), (59.2, 179.6), (81.6, 179.6), (112.4, 185.2), (115.2, 207.6), (115.2, 230.0), (129.2, 244.0), (157.2, 244.0), (179.6, 252.4), (179.6, 274.8), (182.4, 302.8), (204.8, 308.4), (232.8, 308.4), (244.0, 328.0), (244.0, 356.0), (258.0, 372.8), (280.4, 372.8), (302.8, 372.8), (325.2, 372.8), (347.6, 372.8), (370.0, 372.8), (372.8, 372.8), (372.8, 372.8), (372.8, 372.8), (372.8, 372.8), (372.8, 372.8), (372.8, 372.8), (372.8, 372.8), (372.8, 372.8), (372.8, 372.8), (372.8, 372.8), (372.8, 372.8), (372.8, 372.8), (372.8, 372.8), (372.8, 372.8), (372.8, 372.8), (372.8, 372.8), (372.8, 372.8), (372.8, 372.8), (372.8, 372.8), (372.8, 372.8), (372.8, 372.8), (372.8, 372.8), (372.8, 372.8), (372.8, 372.8), (372.8, 372.8), (372.8, 372.8), (372.8, 372.8), (372.8, 372.8), (372.8, 372.8), (372.8, 372.8), (372.8, 372.8)]",0,7.5
speedrunner,bomberman,2,Bomb,1,0,39.2,0.926,"[(48.0, 48.0), (70.4, 50.8), (101.2, 50.8), (115.2, 67.6), (115.2, 90.0), (118.0, 112.4), (140.4, 115.2), (168.4, 115.2), (179.6, 134.8), (179.6, 157.2), (185.2, 179.6), (207.6, 179.6), (235.6, 179.6), (244.0, 202.0), (244.0, 224.4), (252.4, 244.0), (274.8, 244.0), (302.8, 249.6), (308.4, 272.0), (308.4, 294.4), (325.2, 308.4), (353.2, 308.4), (372.8, 322.4), (372.8, 344.8), (372.8, 367.2), (372.8, 372.8), (372.8, 372.8), (372.8, 372.8), (372.8, 372.8), (372.8, 372.8), (372.8, 372.8), (372.8, 372.8), (372.8, 372.8), (372.8, 372.8), (372.8, 372.8), (372.8, 372.8), (372.8, 372.8), (372.8, 372.8), (372.8, 372.8), (372.8, 372.8), (372.8, 372.8), (372.8, 372.8), (372.8, 372.8), (372.8, 372.8), (372.8, 372.8), (372.8, 372.8), (372.8, 372.8), (372.8, 372.8), (372.8, 372.8), (372.8, 372.8), (372.8, 372.8), (372.8, 372.8), (372.8, 372.8), (372.8, 372.8), (372.8, 372.8), (372.8, 372.8), (372.8, 372.8)]",0,7.5
speedrunner,bomberman,2,Bomb,1,0,39.2,0.926,"[(48.0, 48.0), (70.4, 50.8), (101.2, 50.8), (115.2, 67.6), (115.2, 90.0), (118.0, 112.4), (140.4, 115.2), (168.4, 115.2), (179.6, 134.8), (179.6, 157.2), (185.2, 179.6), (207.6, 179.6), (235.6, 179.6), (244.0, 202.0), (244.0, 224.4), (252.4, 244.0), (274.8, 244.0), (302.8, 249.6), (308.4, 272.0), (308.4, 300.0), (330.8, 308.4), (358.8, 308.4), (372.8, 328.0), (372.8, 350.4), (372.8, 372.8), (372.8, 372.8), (372.8, 372.8), (372.8, 372.8), (372.8, 372.8), (372.8, 372.8), (372.8, 372.8), (372.8, 372.8), (372.8, 372.8), (372.8, 372.8), (372.8, 372.8), (372.8, 372.8), (372.8, 372.8), (372.8, 372.8), (372.8, 372.8), (372.8, 372.8), (372.8, 372.8), (372.8, 372.8), (372.8, 372.8), (372.8, 372.8), (372.8, 372.8), (372.8, 372.8), (372.8, 372.8), (372.8, 372.8), (372.8, 372.8), (372.8, 372.8), (372.8, 372.8), (372.8, 372.8), (372.8, 372.8), (372.8, 372.8), (372.8, 372.8), (372.8, 372.8), (372.8, 372.8)]",0,7.5
speedrunner,bomberman,2,Bomb,1,0,39.2,0.926,"[(48.0, 48.0), (70.4, 50.8), (101.2, 50.8), (115.2, 67.6), (115.2, 90.0), (118.0, 112.4), (140.4, 115.2), (168.4, 115.2), (179.6, 134.8), (179.6, 157.2), (185.2, 179.6), (207.6, 179.6), (235.6, 179.6), (244.0, 202.0), (244.0, 224.4), (252.4, 244.0), (274.8, 244.0), (302.8, 249.6), (308.4, 272.0), (308.4, 294.4), (325.2, 308.4), (353.2, 308.4), (372.8, 322.4), (372.8, 344.8), (372.8, 367.2), (372.8, 372.8), (372.8, 372.8), (372.8, 372.8), (372.8, 372.8), (372.8, 372.8), (372.8, 372.8), (372.8, 372.8), (372.8, 372.8), (372.8, 372.8), (372.8, 372.8), (372.8, 372.8), (372.8, 372.8), (372.8, 372.8), (372.8, 372.8), (372.8, 372.8), (372.8, 372.8), (372.8, 372.8), (372.8, 372.8), (372.8, 372.8), (372.8, 372.8), (372.8, 372.8), (372.8, 372.8), (372.8, 372.8), (372.8, 372.8), (372.8, 372.8), (372.8, 372.8), (372.8, 372.8), (372.8, 372.8), (372.8, 372.8), (372.8, 372.8), (372.8, 372.8), (372.8, 372.8)]",0,7.5
speedrunner,bomberman,2,Bomb,1,0,39.95,0.926,"[(48.0, 48.0), (50.8, 70.4), (50.8, 92.8), (56.4, 115.2), (78.8, 115.2), (109.6, 118.0), (115.2, 140.4), (115.2, 162.8), (126.4, 179.6), (151.6, 179.6), (176.8, 185.2), (179.6, 207.6), (179.6, 230.0), (193.6, 244.0), (221.6, 244.0), (244.0, 252.4), (244.0, 274.8), (244.0, 297.2), (263.6, 308.4), (291.6, 308.4), (308.4, 325.2), (308.4, 353.2), (319.6, 372.8), (342.0, 372.8), (364.4, 372.8), (372.8, 372.8), (372.8, 372.8), (372.8, 372.8), (372.8, 372.8), (372.8, 372.8), (372.8, 372.8), (372.8, 372.8), (372.8, 372.8), (372.8, 372.8), (372.8, 372.8), (372.8, 372.8), (372.8, 372.8), (372.8, 372.8), (372.8, 372.8), (372.8, 372.8), (372.8, 372.8), (372.8, 372.8), (372.8, 372.8), (372.8, 372.8), (372.8, 372.8), (372.8, 372.8), (372.8, 372.8), (372.8, 372.8), (372.8, 372.8), (372.8, 372.8), (372.8, 372.8), (372.8, 372.8), (372.8, 372.8), (372.8, 372.8), (372.8, 372.8), (372.8, 372.8), (372.8, 372.8)]",0,7.5
speedrunner,bomberman,2,Bomb,1,0,39.95,0.926,"[(48.0, 48.0), (50.8, 70.4), (50.8, 92.8), (56.4, 115.2), (78.8, 115.2), (109.6, 118.0), (115.2, 140.4), (115.2, 162.8), (126.4, 179.6), (151.6, 179.6), (176.8, 185.2), (179.6, 207.6), (179.6, 230.0), (193.6, 244.0), (221.6, 244.0), (244.0, 252.4), (244.0, 274.8), (246.8, 302.8), (269.2, 308.4), (297.2, 308.4), (308.4, 330.8), (308.4, 358.8), (325.2, 372.8), (347.6, 372.8), (370.0, 372.8), (372.8, 372.8), (372.8, 372.8), (372.8, 372.8), (372.8, 372.8), (372.8, 372.8), (372.8, 372.8), (372.8, 372.8), (372.8, 372.8), (372.8, 372.8), (372.8, 372.8), (372.8, 372.8), (372.8, 372.8), (372.8, 372.8), (372.8, 372.8), (372.8, 372.8), (372.8, 372.8), (372.8, 372.8), (372.8, 372.8), (372.8, 372.8), (372.8, 372.8), (372.8, 372.8), (372.8, 372.8), (372.8, 372.8), (372.8, 372.8), (372.8, 372.8), (372.8, 372.8), (372.8, 372.8), (372.8, 372.8), (372.8, 372.8), (372.8, 372.8), (372.8, 372.8), (372.8, 372.8)]",0,7.5
speedrunner,bomberman,2,Stuck,1,0,28.09,0.741,"[(48.0, 48.0), (70.4, 50.8), (101.2, 50.8), (115.2, 67.6), (115.2, 90.0), (118.0, 112.4), (140.4, 115.2), (168.4, 115.2), (179.6, 134.8), (179.6, 157.2), (185.2, 179.6), (207.6, 179.6), (235.6, 179.6), (244.0, 202.0), (244.0, 224.4), (252.4, 244.0), (274.8, 244.0), (302.8, 249.6), (308.4, 272.0), (308.4, 294.4), (325.2, 308.4), (353.2, 308.4), (372.8, 322.4), (372.8, 344.8), (372.8, 367.2), (372.8, 372.8), (372.8, 372.8), (372.8, 372.8), (372.8, 372.8), (372.8, 372.8), (372.8, 372.8), (372.8, 372.8), (372.8, 372.8), (372.8, 372.8), (372.8, 372.8), (372.8, 372.8), (372.8, 372.8), (372.8, 372.8), (372.8, 372.8), (372.8, 372.8), (372.8, 372.8), (372.8, 372.8), (372.8, 372.8), (372.8, 372.8), (372.8, 372.8), (372.8, 372.8), (372.8, 372.8), (372.8, 372.8), (372.8, 372.8), (372.8, 372.8), (372.8, 372.8), (372.8, 372.8), (372.8, 372.8), (372.8, 372.8), (372.8, 372.8), (372.8, 372.8), (372.8, 372.8), (372.8, 372.8), (372.8, 372.8), (372.8, 372.8), (372.8, 372.8), (372.8, 372.8), (372.8, 372.8), (372.8, 372.8), (372.8, 372.8), (372.8, 372.8), (372.8, 372.8), (372.8, 372.8), (372.8, 372.8), (372.8, 372.8), (372.8, 372.8), (372.8, 372.8), (372.8, 372.8), (372.8, 372.8), (372.8, 372.8), (372.8, 372.8), (372.8, 372.8), (372.8, 372.8), (372.8, 372.8)]",0,10.47
speedrunner,bomberman,2,Bomb,1,0,39.95,0.926,"[(48.0, 48.0), (50.8, 70.4), (50.8, 92.8), (56.4, 115.2), (78.8, 115.2), (109.6, 118.0), (115.2, 140.4), (115.2, 162.8), (126.4, 179.6), (151.6, 179.6), (176.8, 185.2), (179.6, 207.6), (179.6, 230.0), (193.6, 244.0), (221.6, 244.0), (244.0, 252.4), (244.0, 274.8), (244.0, 297.2), (263.6, 308.4), (291.6, 308.4), (308.4, 325.2), (308.4, 347.6), (314.0, 370.0), (336.4, 372.8), (358.8, 372.8), (372.8, 372.8), (372.8, 372.8), (372.8, 372.8), (372.8, 372.8), (372.8, 372.8), (372.8, 372.8), (372.8, 372.8), (372.8, 372.8), (372.8, 372.8), (372.8, 372.8), (372.8, 372.8), (372.8, 372.8), (372.8, 372.8), (372.8, 372.8), (372.8, 372.8), (372.8, 372.8), (372.8, 372.8), (372.8, 372.8), (372.8, 372.8), (372.8, 372.8), (372.8, 372.8), (372.8, 372.8), (372.8, 372.8), (372.8, 372.8), (372.8, 372.8), (372.8, 372.8), (372.8, 372.8), (372.8, 372.8), (372.8, 372.8), (372.8, 372.8), (372.8, 372.8), (372.8, 372.8)]",0,7.5
speedrunner,bomberman,2,Stuck,1,0,28.09,0.741,"[(48.0, 48.0), (70.4, 50.8), (101.2, 50.8), (115.2, 67.6), (115.2, 90.0), (118.0, 112.4), (140.4, 115.2), (168.4, 115.2), (179.6, 134.8), (179.6, 157.2), (185.2, 179.6), (207.6, 179.6), (235.6, 179.6), (244.0, 202.0), (244.0, 224.4), (252.4, 244.0), (274.8, 244.0), (302.8, 249.6), (308.4, 272.0), (308.4, 300.0), (330.8, 308.4), (358.8, 308.4), (372.8, 328.0), (372.8, 350.4), (372.8, 372.8), (372.8, 372.8), (372.8, 372.8), (372.8, 372.8), (372.8, 372.8), (372.8, 372.8), (372.8, 372.8), (372.8, 372.8), (372.8, 372.8), (372.8, 372.8), (372.8, 372.8), (372.8, 372.8), (372.8, 372.8), (372.8, 372.8), (372.8, 372.8), (372.8, 372.8), (372.8, 372.8), (372.8, 372.8), (372.8, 372.8), (372.8, 372.8), (372.8, 372.8), (372.8, 372.8), (372.8, 372.8), (372.8, 372.8), (372.8, 372.8), (372.8, 372.8), (372.8, 372.8), (372.8, 372.8), (372.8, 372.8), (372.8, 372.8), (372.8, 372.8), (372.8, 372.8), (372.8, 372.8), (372.8, 372.8), (372.8, 372.8), (372.8, 372.8), (372.8, 372.8), (372.8, 372.8), (372.8, 372.8), (372.8, 372.8), (372.8, 372.8), (372.8, 372.8), (372.8, 372.8), (372.8, 372.8), (372.8, 372.8), (372.8, 372.8), (372.8, 372.8), (372.8, 372.8), (372.8, 372.8), (372.8, 372.8), (372.8, 372.8), (372.8, 372.8), (372.8, 372.8), (372.8, 372.8), (372.8, 372.8)]",0,10.47
speedrunner,bomberman,2,Bomb,1,0,40.69,0.926,"[(48.0, 48.0), (48.0, 70.4), (48.0, 92.8), (48.0, 115.2), (48.0, 137.6), (48.0, 160.0), (59.2, 179.6), (81.6, 179.6), (112.4, 185.2), (115.2, 207.6), (115.2, 230.0), (129.2, 244.0), (157.2, 244.0), (179.6, 252.4), (179.6, 274.8), (182.4, 302.8), (204.8, 308.4), (232.8, 308.4), (244.0, 328.0), (244.0, 356.0), (258.0, 372.8), (280.4, 372.8), (302.8, 372.8), (325.2, 372.8), (347.6, 372.8), (370.0, 372.8), (372.8, 372.8), (372.8, 372.8), (372.8, 372.8), (372.8, 372.8), (372.8, 372.8), (372.8, 372.8), (372.8, 372.8), (372.8, 372.8), (372.8, 372.8), (372.8, 372.8), (372.8, 372.8), (372.8, 372.8), (372.8, 372.8), (372.8, 372.8), (372.8, 372.8), (372.8, 372.8), (372.8, 372.8), (372.8, 372.8), (372.8, 372.8), (372.8, 372.8), (372.8, 372.8), (372.8, 372.8), (372.8, 372.8), (372.8, 372.8), (372.8, 372.8), (372.8, 372.8), (372.8, 372.8), (372.8, 372.8), (372.8, 372.8), (372.8, 372.8), (372.8, 372.8)]",0,7.5
speedrunner,bomberman,2,Bomb,1,0,40.69,0.926,"[(48.0, 48.0), (48.0, 70.4), (48.0, 92.8), (48.0, 115.2), (48.0, 137.6), (48.0, 160.0), (59.2, 179.6), (81.6, 179.6), (112.4, 185.2), (115.2, 207.6), (115.2, 230.0), (129.2, 244.0), (157.2, 244.0), (179.6, 252.4), (179.6, 274.8), (182.4, 302.8), (204.8, 308.4), (232.8, 308.4), (244.0, 328.0), (244.0, 356.0), (258.0, 372.8), (280.4, 372.8), (302.8, 372.8), (325.2, 372.8), (347.6, 372.8), (370.0, 372.8), (372.8, 372.8), (372.8, 372.8), (372.8, 372.8), (372.8, 372.8), (372.8, 372.8), (372.8, 372.8), (372.8, 372.8), (372.8, 372.8), (372.8, 372.8), (372.8, 372.8), (372.8, 372.8), (372.8, 372.8), (372.8, 372.8), (372.8, 372.8), (372.8, 372.8), (372.8, 372.8), (372.8, 372.8), (372.8, 372.8), (372.8, 372.8), (372.8, 372.8), (372.8, 372.8), (372.8, 372.8), (372.8, 372.8), (372.8, 372.8), (372.8, 372.8), (372.8, 372.8), (372.8, 372.8), (372.8, 372.8), (372.8, 372.8), (372.8, 372.8), (372.8, 372.8)]",0,7.5
speedrunner,bomberman,2,Bomb,1,0,39.95,0.926,"[(48.0, 48.0), (50.8, 70.4), (50.8, 92.8), (56.4, 115.2), (78.8, 115.2), (109.6, 118.0), (115.2, 140.4), (115.2, 162.8), (126.4, 179.6), (151.6, 179.6), (176.8, 185.2), (179.6, 207.6), (179.6, 230.0), (193.6, 244.0), (221.6, 244.0), (244.0, 252.4), (244.0, 274.8), (244.0, 297.2), (263.6, 308.4), (291.6, 308.4), (308.4, 325.2), (308.4, 347.6), (314.0, 370.0), (336.4, 372.8), (358.8, 372.8), (372.8, 372.8), (372.8, 372.8), (372.8, 372.8), (372.8, 372.8), (372.8, 372.8), (372.8, 372.8), (372.8, 372.8), (372.8, 372.8), (372.8, 372.8), (372.8, 372.8), (372.8, 372.8), (372.8, 372.8), (372.8, 372.8), (372.8, 372.8), (372.8, 372.8), (372.8, 372.8), (372.8, 372.8), (372.8, 372.8), (372.8, 372.8), (372.8, 372.8), (372.8, 372.8), (372.8, 372.8), (372.8, 372.8), (372.8, 372.8), (372.8, 372.8), (372.8, 372.8), (372.8, 372.8), (372.8, 372.8), (372.8, 372.8), (372.8, 372.8), (372.8, 372.8), (372.8, 372.8)]",0,7.5
speedrunner,bomberman,2,Bomb,1,0,39.2,0.926,"[(48.0, 48.0), (70.4, 50.8), (101.2, 50.8), (115.2, 67.6), (115.2, 90.0), (118.0, 112.4), (140.4, 115.2), (168.4, 115.2), (179.6, 134.8), (179.6, 157.2), (185.2, 179.6), (207.6, 179.6), (235.6, 179.6), (244.0, 202.0), (244.0, 224.4), (252.4, 244.0), (274.8, 244.0), (302.8, 249.6), (308.4, 272.0), (308.4, 294.4), (325.2, 308.4), (353.2, 308.4), (372.8, 322.4), (372.8, 344.8), (372.8, 367.2), (372.8, 372.8), (372.8, 372.8), (372.8, 372.8), (372.8, 372.8), (372.8, 372.8), (372.8, 372.8), (372.8, 372.8), (372.8, 372.8), (372.8, 372.8), (372.8, 372.8), (372.8, 372.8), (372.8, 372.8), (372.8, 372.8), (372.8, 372.8), (372.8, 372.8), (372.8, 372.8), (372.8, 372.8), (372.8, 372.8), (372.8, 372.8), (372.8, 372.8), (372.8, 372.8), (372.8, 372.8), (372.8, 372.8), (372.8, 372.8), (372.8, 372.8), (372.8, 372.8), (372.8, 372.8), (372.8, 372.8), (372.8, 372.8), (372.8, 372.8), (372.8, 372.8), (372.8, 372.8)]",0,7.5
speedrunner,bomberman,2,Bomb,1,0,39.95,0.926,"[(48.0, 48.0), (50.8, 70.4), (50.8, 92.8), (56.4, 115.2), (78.8, 115.2), (109.6, 118.0), (115.2, 140.4), (115.2, 162.8), (126.4, 179.6), (151.6, 179.6), (176.8, 185.2), (179.6, 207.6), (179.6, 230.0), (193.6, 244.0), (221.6, 244.0), (244.0, 252.4), (244.0, 274.8), (246.8, 302.8), (269.2, 308.4), (297.2, 308.4), (308.4, 330.8), (308.4, 358.8), (325.2, 372.8), (347.6, 372.8), (370.0, 372.8), (372.8, 372.8), (372.8, 372.8), (372.8, 372.8), (372.8, 372.8), (372.8, 372.8), (372.8, 372.8), (372.8, 372.8), (372.8, 372.8), (372.8, 372.8), (372.8, 372.8), (372.8, 372.8), (372.8, 372.8), (372.8, 372.8), (372.8, 372.8), (372.8, 372.8), (372.8, 372.8), (372.8, 372.8), (372.8, 372.8), (372.8, 372.8), (372.8, 372.8), (372.8, 372.8), (372.8, 372.8), (372.8, 372.8), (372.8, 372.8), (372.8, 372.8), (372.8, 372.8), (372.8, 372.8), (372.8, 372.8), (372.8, 372.8), (372.8, 372.8), (372.8, 372.8), (372.8, 372.8)]",0,7.5
speedrunner,bomberman,2,Bomb,1,0,39.95,0.926,"[(48.0, 48.0), (50.8, 70.4), (50.8, 92.8), (56.4, 115.2), (78.8, 115.2), (109.6, 118.0), (115.2, 140.4), (115.2, 162.8), (126.4, 179.6), (151.6, 179.6), (176.8, 185.2), (179.6, 207.6), (179.6, 230.0), (193.6, 244.0), (221.6, 244.0), (244.0, 252.4), (244.0, 274.8), (244.0, 297.2), (263.6, 308.4), (291.6, 308.4), (308.4, 325.2), (308.4, 347.6), (314.0, 370.0), (336.4, 372.8), (358.8, 372.8), (372.8, 372.8), (372.8, 372.8), (372.8, 372.8), (372.8, 372.8), (372.8, 372.8), (372.8, 372.8), (372.8, 372.8), (372.8, 372.8), (372.8, 372.8), (372.8, 372.8), (372.8, 372.8), (372.8, 372.8), (372.8, 372.8), (372.8, 372.8), (372.8, 372.8), (372.8, 372.8), (372.8, 372.8), (372.8, 372.8), (372.8, 372.8), (372.8, 372.8), (372.8, 372.8), (372.8, 372.8), (372.8, 372.8), (372.8, 372.8), (372.8, 372.8), (372.8, 372.8), (372.8, 372.8), (372.8, 372.8), (372.8, 372.8), (372.8, 372.8), (372.8, 372.8), (372.8, 372.8)]",0,7.5
speedrunner,bomberman,2,Bomb,1,0,39.2,0.926,"[(48.0, 48.0), (70.4, 50.8), (101.2, 50.8), (115.2, 67.6), (115.2, 95.6), (126.4, 115.2), (151.6, 115.2), (176.8, 120.8), (179.6, 143.2), (179.6, 165.6), (193.6, 179.6), (221.6, 179.6), (244.0, 188.0), (244.0, 210.4), (244.0, 238.4), (266.4, 244.0), (294.4, 244.0), (308.4, 263.6), (308.4, 291.6), (322.4, 308.4), (350.4, 308.4), (372.8, 319.6), (372.8, 342.0), (372.8, 364.4), (372.8, 372.8), (372.8, 372.8), (372.8, 372.8), (372.8, 372.8), (372.8, 372.8), (372.8, 372.8), (372.8, 372.8), (372.8, 372.8), (372.8, 372.8), (372.8, 372.8), (372.8, 372.8), (372.8, 372.8), (372.8, 372.8), (372.8, 372.8), (372.8, 372.8), (372.8, 372.8), (372.8, 372.8), (372.8, 372.8), (372.8, 372.8), (372.8, 372.8), (372.8, 372.8), (372.8, 372.8), (372.8, 372.8), (372.8, 372.8), (372.8, 372.8), (372.8, 372.8), (372.8, 372.8), (372.8, 372.8), (372.8, 372.8), (372.8, 372.8), (372.8, 372.8), (372.8, 372.8), (372.8, 372.8)]",0,7.5
speedrunner,bomberman,2,Bomb,1,0,41.44,0.926,"[(48.0, 48.0), (48.0, 70.4), (48.0, 92.8), (48.0, 115.2), (48.0, 137.6), (48.0, 160.0), (48.0, 182.4), (48.0, 204.8), (48.0, 227.2), (56.4, 244.0), (78.8, 244.0), (109.6, 246.8), (115.2, 269.2), (115.2, 291.6), (129.2, 308.4), (157.2, 308.4), (179.6, 316.8), (179.6, 339.2), (182.4, 367.2), (204.8, 372.8), (227.2, 372.8), (249.6, 372.8), (272.0, 372.8), (294.4, 372.8), (316.8, 372.8), (339.2, 372.8), (361.6, 372.8), (372.8, 372.8), (372.8, 372.8), (372.8, 372.8), (372.8, 372.8), (372.8, 372.8), (372.8, 372.8), (372.8, 372.8), (372.8, 372.8), (372.8, 372.8), (372.8, 372.8), (372.8, 372.8), (372.8, 372.8), (372.8, 372.8), (372.8, 372.8), (372.8, 372.8), (372.8, 372.8), (372.8, 372.8), (372.8, 372.8), (372.8, 372.8), (372.8, 372.8), (372.8, 372.8), (372.8, 372.8), (372.8, 372.8), (372.8, 372.8), (372.8, 372.8), (372.8, 372.8), (372.8, 372.8), (372.8, 372.8), (372.8, 372.8), (372.8, 372.8)]",0,7.5
speedrunner,bomberman,2,Bomb,1,0,39.95,0.926,"[(48.0, 48.0), (50.8, 70.4), (50.8, 92.8), (56.4, 115.2), (78.8, 115.2), (109.6, 118.0), (115.2, 140.4), (115.2, 162.8), (126.4, 179.6), (151.6, 179.6), (176.8, 185.2), (179.6, 207.6), (179.6, 230.0), (193.6, 244.0), (221.6, 244.0), (244.0, 252.4), (244.0, 274.8), (246.8, 302.8), (269.2, 308.4), (297.2, 308.4), (308.4, 330.8), (308.4, 358.8), (325.2, 372.8), (347.6, 372.8), (370.0, 372.8), (372.8, 372.8), (372.8, 372.8), (372.8, 372.8), (372.8, 372.8), (372.8, 372.8), (372.8, 372.8), (372.8, 372.8), (372.8, 372.8), (372.8, 372.8), (372.8, 372.8), (372.8, 372.8), (372.8, 372.8), (372.8, 372.8), (372.8, 372.8), (372.8, 372.8), (372.8, 372.8), (372.8, 372.8), (372.8, 372.8), (372.8, 372.8), (372.8, 372.8), (372.8, 372.8), (372.8, 372.8), (372.8, 372.8), (372.8, 372.8), (372.8, 372.8), (372.8, 372.8), (372.8, 372.8), (372.8, 372.8), (372.8, 372.8), (372.8, 372.8), (372.8, 372.8), (372.8, 372.8)]",0,7.5
speedrunner,bomberman,2,Bomb,1,0,39.95,0.926,"[(48.0, 48.0), (50.8, 70.4), (50.8, 92.8), (56.4, 115.2), (78.8, 115.2), (109.6, 118.0), (115.2, 140.4), (115.2, 162.8), (126.4, 179.6), (151.6, 179.6), (176.8, 185.2), (179.6, 207.6), (179.6, 230.0), (193.6, 244.0), (221.6, 244.0), (244.0, 252.4), (244.0, 274.8), (244.0, 297.2), (263.6, 308.4), (291.6, 308.4), (308.4, 325.2), (308.4, 347.6), (314.0, 370.0), (336.4, 372.8), (358.8, 372.8), (372.8, 372.8), (372.8, 372.8), (372.8, 372.8), (372.8, 372.8), (372.8, 372.8), (372.8, 372.8), (372.8, 372.8), (372.8, 372.8), (372.8, 372.8), (372.8, 372.8), (372.8, 372.8), (372.8, 372.8), (372.8, 372.8), (372.8, 372.8), (372.8, 372.8), (372.8, 372.8), (372.8, 372.8), (372.8, 372.8), (372.8, 372.8), (372.8, 372.8), (372.8, 372.8), (372.8, 372.8), (372.8, 372.8), (372.8, 372.8), (372.8, 372.8), (372.8, 372.8), (372.8, 372.8), (372.8, 372.8), (372.8, 372.8), (372.8, 372.8), (372.8, 372.8), (372.8, 372.8)]",0,7.5
speedrunner,bomberman,2,Bomb,1,0,39.2,0.926,"[(48.0, 48.0), (70.4, 50.8), (101.2, 50.8), (115.2, 67.6), (115.2, 90.0), (118.0, 112.4), (140.4, 115.2), (168.4, 115.2), (179.6, 134.8), (179.6, 157.2), (185.2, 179.6), (207.6, 179.6), (235.6, 179.6), (244.0, 202.0), (244.0, 224.4), (252.4, 244.0), (274.8, 244.0), (302.8, 249.6), (308.4, 272.0), (308.4, 300.0), (330.8, 308.4), (358.8, 308.4), (372.8, 328.0), (372.8, 350.4), (372.8, 372.8), (372.8, 372.8), (372.8, 372.8), (372.8, 372.8), (372.8, 372.8), (372.8, 372.8), (372.8, 372.8), (372.8, 372.8), (372.8, 372.8), (372.8, 372.8), (372.8, 372.8), (372.8, 372.8), (372.8, 372.8), (372.8, 372.8), (372.8, 372.8), (372.8, 372.8), (372.8, 372.8), (372.8, 372.8), (372.8, 372.8), (372.8, 372.8), (372.8, 372.8), (372.8, 372.8), (372.8, 372.8), (372.8, 372.8), (372.8, 372.8), (372.8, 372.8), (372.8, 372.8), (372.8, 372.8), (372.8, 372.8), (372.8, 372.8), (372.8, 372.8), (372.8, 372.8), (372.8, 372.8)]",0,7.5
speedrunner,bomberman,2,Bomb,1,0,39.2,0.926,"[(48.0, 48.0), (70.4, 50.8), (101.2, 50.8), (115.2, 67.6), (115.2, 90.0), (118.0, 112.4), (140.4, 115.2), (168.4, 115.2), (179.6, 134.8), (179.6, 157.2), (185.2, 179.6), (207.6, 179.6), (235.6, 179.6), (244.0, 202.0), (244.0, 224.4), (252.4, 244.0), (274.8, 244.0), (302.8, 249.6), (308.4, 272.0), (308.4, 300.0), (330.8, 308.4), (358.8, 308.4), (372.8, 328.0), (372.8, 350.4), (372.8, 372.8), (372.8, 372.8), (372.8, 372.8), (372.8, 372.8), (372.8, 372.8), (372.8, 372.8), (372.8, 372.8), (372.8, 372.8), (372.8, 372.8), (372.8, 372.8), (372.8, 372.8), (372.8, 372.8), (372.8, 372.8), (372.8, 372.8), (372.8, 372.8), (372.8, 372.8), (372.8, 372.8), (372.8, 372.8), (372.8, 372.8), (372.8, 372.8), (372.8, 372.8), (372.8, 372.8), (372.8, 372.8), (372.8, 372.8), (372.8, 372.8), (372.8, 372.8), (372.8, 372.8), (372.8, 372.8), (372.8, 372.8), (372.8, 372.8), (372.8, 372.8), (372.8, 372.8), (372.8, 372.8)]",0,7.5
speedrunner,bomberman,2,Bomb,1,0,39.95,0.926,"[(48.0, 48.0), (50.8, 70.4), (50.8, 92.8), (56.4, 115.2), (78.8, 115.2), (109.6, 118.0), (115.2, 140.4), (115.2, 162.8), (126.4, 179.6), (151.6, 179.6), (176.8, 185.2), (179.6, 207.6), (179.6, 230.0), (193.6, 244.0), (221.6, 244.0), (244.0, 252.4), (244.0, 274.8), (244.0, 297.2), (263.6, 308.4), (291.6, 308.4), (308.4, 325.2), (308.4, 347.6), (314.0, 370.0), (336.4, 372.8), (358.8, 372.8), (372.8, 372.8), (372.8, 372.8), (372.8, 372.8), (372.8, 372.8), (372.8, 372.8), (372.8, 372.8), (372.8, 372.8), (372.8, 372.8), (372.8, 372.8), (372.8, 372.8), (372.8, 372.8), (372.8, 372.8), (372.8, 372.8), (372.8, 372.8), (372.8, 372.8), (372.8, 372.8), (372.8, 372.8), (372.8, 372.8), (372.8, 372.8), (372.8, 372.8), (372.8, 372.8), (372.8, 372.8), (372.8, 372.8), (372.8, 372.8), (372.8, 372.8), (372.8, 372.8), (372.8, 372.8), (372.8, 372.8), (372.8, 372.8), (372.8, 372.8), (372.8, 372.8), (372.8, 372.8)]",0,7.5
speedrunner,bomberman,2,Bomb,1,0,39.95,0.926,"[(48.0, 48.0), (50.8, 70.4), (50.8, 92.8), (56.4, 115.2), (78.8, 115.2), (109.6, 118.0), (115.2, 140.4), (115.2, 162.8), (126.4, 179.6), (151.6, 179.6), (176.8, 185.2), (179.6, 207.6), (179.6, 230.0), (193.6, 244.0), (221.6, 244.0), (244.0, 252.4), (244.0, 274.8), (246.8, 302.8), (269.2, 308.4), (297.2, 308.4), (308.4, 330.8), (308.4, 358.8), (325.2, 372.8), (347.6, 372.8), (370.0, 372.8), (372.8, 372.8), (372.8, 372.8), (372.8, 372.8), (372.8, 372.8), (372.8, 372.8), (372.8, 372.8), (372.8, 372.8), (372.8, 372.8), (372.8, 372.8), (372.8, 372.8), (372.8, 372.8), (372.8, 372.8), (372.8, 372.8), (372.8, 372.8), (372.8, 372.8), (372.8, 372.8), (372.8, 372.8), (372.8, 372.8), (372.8, 372.8), (372.8, 372.8), (372.8, 372.8), (372.8, 372.8), (372.8, 372.8), (372.8, 372.8), (372.8, 372.8), (372.8, 372.8), (372.8, 372.8), (372.8, 372.8), (372.8, 372.8), (372.8, 372.8), (372.8, 372.8), (372.8, 372.8)]",0,7.5
speedrunner,bomberman,2,Bomb,1,0,41.44,0.926,"[(48.0, 48.0), (48.0, 70.4), (48.0, 92.8), (48.0, 115.2), (48.0, 137.6), (48.0, 160.0), (48.0, 182.4), (48.0, 204.8), (48.0, 227.2), (56.4, 244.0), (78.8, 244.0), (109.6, 246.8), (115.2, 269.2), (115.2, 291.6), (129.2, 308.4), (157.2, 308.4), (179.6, 316.8), (179.6, 339.2), (182.4, 367.2), (204.8, 372.8), (227.2, 372.8), (249.6, 372.8), (272.0, 372.8), (294.4, 372.8), (316.8, 372.8), (339.2, 372.8), (361.6, 372.8), (372.8, 372.8), (372.8, 372.8), (372.8, 372.8), (372.8, 372.8), (372.8, 372.8), (372.8, 372.8), (372.8, 372.8), (372.8, 372.8), (372.8, 372.8), (372.8, 372.8), (372.8, 372.8), (372.8, 372.8), (372.8, 372.8), (372.8, 372.8), (372.8, 372.8), (372.8, 372.8), (372.8, 372.8), (372.8, 372.8), (372.8, 372.8), (372.8, 372.8), (372.8, 372.8), (372.8, 372.8), (372.8, 372.8), (372.8, 372.8), (372.8, 372.8), (372.8, 372.8), (372.8, 372.8), (372.8, 372.8), (372.8, 372.8), (372.8, 372.8)]",0,7.5
speedrunner,bomberman,2,Bomb,1,0,39.2,0.926,"[(48.0, 48.0), (70.4, 50.8), (101.2, 50.8), (115.2, 67.6), (115.2, 90.0), (118.0, 112.4), (140.4, 115.2), (168.4, 115.2), (179.6, 134.8), (179.6, 157.2), (185.2, 179.6), (207.6, 179.6), (235.6, 179.6), (244.0, 202.0), (244.0, 230.0), (258.0, 244.0), (286.0, 244.0), (308.4, 255.2), (308.4, 277.6), (314.0, 305.6), (336.4, 308.4), (364.4, 311.2), (372.8, 333.6), (372.8, 356.0), (372.8, 372.8), (372.8, 372.8), (372.8, 372.8), (372.8, 372.8), (372.8, 372.8), (372.8, 372.8), (372.8, 372.8), (372.8, 372.8), (372.8, 372.8), (372.8, 372.8), (372.8, 372.8), (372.8, 372.8), (372.8, 372.8), (372.8, 372.8), (372.8, 372.8), (372.8, 372.8), (372.8, 372.8), (372.8, 372.8), (372.8, 372.8), (372.8, 372.8), (372.8, 372.8), (372.8, 372.8), (372.8, 372.8), (372.8, 372.8), (372.8, 372.8), (372.8, 372.8), (372.8, 372.8), (372.8, 372.8), (372.8, 372.8), (372.8, 372.8), (372.8, 372.8), (372.8, 372.8), (372.8, 372.8)]",0,7.5
speedrunner,bomberman,2,Bomb,1,0,39.2,0.926,"[(48.0, 48.0), (70.4, 50.8), (101.2, 50.8), (115.2, 67.6), (115.2, 95.6), (126.4, 115.2), (151.6, 115.2), (176.8, 120.8), (179.6, 143.2), (179.6, 171.2), (199.2, 179.6), (227.2, 179.6), (244.0, 193.6), (244.0, 218.8), (249.6, 244.0), (272.0, 244.0), (300.0, 246.8), (308.4, 269.2), (308.4, 297.2), (328.0, 308.4), (356.0, 308.4), (372.8, 325.2), (372.8, 347.6), (372.8, 370.0), (372.8, 372.8), (372.8, 372.8), (372.8, 372.8), (372.8, 372.8), (372.8, 372.8), (372.8, 372.8), (372.8, 372.8), (372.8, 372.8), (372.8, 372.8), (372.8, 372.8), (372.8, 372.8), (372.8, 372.8), (372.8, 372.8), (372.8, 372.8), (372.8, 372.8), (372.8, 372.8), (372.8, 372.8), (372.8, 372.8), (372.8, 372.8), (372.8, 372.8), (372.8, 372.8), (372.8, 372.8), (372.8, 372.8), (372.8, 372.8), (372.8, 372.8), (372.8, 372.8), (372.8, 372.8), (372.8, 372.8), (372.8, 372.8), (372.8, 372.8), (372.8, 372.8), (372.8, 372.8), (372.8, 372.8)]",0,7.5
speedrunner,bomberman,2,Bomb,1,0,39.95,0.926,"[(48.0, 48.0), (50.8, 70.4), (50.8, 92.8), (56.4, 115.2), (78.8, 115.2), (109.6, 118.0), (115.2, 140.4), (115.2, 162.8), (126.4, 179.6), (151.6, 179.6), (176.8, 185.2), (179.6, 207.6), (179.6, 230.0), (193.6, 244.0), (221.6, 244.0), (244.0, 252.4), (244.0, 274.8), (246.8, 302.8), (269.2, 308.4), (297.2, 308.4), (308.4, 330.8), (308.4, 358.8), (325.2, 372.8), (347.6, 372.8), (370.0, 372.8), (372.8, 372.8), (372.8, 372.8), (372.8, 372.8), (372.8, 372.8), (372.8, 372.8), (372.8, 372.8), (372.8, 372.8), (372.8, 372.8), (372.8, 372.8), (372.8, 372.8), (372.8, 372.8), (372.8, 372.8), (372.8, 372.8), (372.8, 372.8), (372.8, 372.8), (372.8, 372.8), (372.8, 372.8), (372.8, 372.8), (372.8, 372.8), (372.8, 372.8), (372.8, 372.8), (372.8, 372.8), (372.8, 372.8), (372.8, 372.8), (372.8, 372.8), (372.8, 372.8), (372.8, 372.8), (372.8, 372.8), (372.8, 372.8), (372.8, 372.8), (372.8, 372.8), (372.8, 372.8)]",0,7.5
speedrunner,bomberman,2,Bomb,1,0,41.44,0.926,"[(48.0, 48.0), (48.0, 70.4), (48.0, 92.8), (48.0, 115.2), (48.0, 137.6), (48.0, 160.0), (48.0, 182.4), (50.8, 204.8), (50.8, 227.2), (62.0, 244.0), (87.2, 244.0), (115.2, 252.4), (115.2, 274.8), (118.0, 302.8), (140.4, 308.4), (168.4, 308.4), (179.6, 328.0), (179.6, 356.0), (193.6, 372.8), (216.0, 372.8), (238.4, 372.8), (260.8, 372.8), (283.2, 372.8), (305.6, 372.8), (328.0, 372.8), (350.4, 372.8), (372.8, 372.8), (372.8, 372.8), (372.8, 372.8), (372.8, 372.8), (372.8, 372.8), (372.8, 372.8), (372.8, 372.8), (372.8, 372.8), (372.8, 372.8), (372.8, 372.8), (372.8, 372.8), (372.8, 372.8), (372.8, 372.8), (372.8, 372.8), (372.8, 372.8), (372.8, 372.8), (372.8, 372.8), (372.8, 372.8), (372.8, 372.8), (372.8, 372.8), (372.8, 372.8), (372.8, 372.8), (372.8, 372.8), (372.8, 372.8), (372.8, 372.8), (372.8, 372.8), (372.8, 372.8), (372.8, 372.8), (372.8, 372.8), (372.8, 372.8), (372.8, 372.8)]",0,7.5
speedrunner,bomberman,2,Bomb,1,0,39.95,0.926,"[(48.0, 48.0), (50.8, 70.4), (50.8, 92.8), (56.4, 115.2), (78.8, 115.2), (109.6, 118.0), (115.2, 140.4), (115.2, 162.8), (126.4, 179.6), (151.6, 179.6), (176.8, 185.2), (179.6, 207.6), (179.6, 230.0), (193.6, 244.0), (221.6, 244.0), (244.0, 252.4), (244.0, 274.8), (244.0, 297.2), (263.6, 308.4), (291.6, 308.4), (308.4, 325.2), (308.4, 347.6), (314.0, 370.0), (336.4, 372.8), (358.8, 372.8), (372.8, 372.8), (372.8, 372.8), (372.8, 372.8), (372.8, 372.8), (372.8, 372.8), (372.8, 372.8), (372.8, 372.8), (372.8, 372.8), (372.8, 372.8), (372.8, 372.8), (372.8, 372.8), (372.8, 372.8), (372.8, 372.8), (372.8, 372.8), (372.8, 372.8), (372.8, 372.8), (372.8, 372.8), (372.8, 372.8), (372.8, 372.8), (372.8, 372.8), (372.8, 372.8), (372.8, 372.8), (372.8, 372.8), (372.8, 372.8), (372.8, 372.8), (372.8, 372.8), (372.8, 372.8), (372.8, 372.8), (372.8, 372.8), (372.8, 372.8), (372.8, 372.8), (372.8, 372.8)]",0,7.5
speedrunner,bomberman,2,Bomb,1,0,39.95,0.926,"[(48.0, 48.0), (50.8, 70.4), (50.8, 92.8), (56.4, 115.2), (78.8, 115.2), (109.6, 118.0), (115.2, 140.4), (115.2, 162.8), (126.4, 179.6), (151.6, 179.6), (176.8, 185.2), (179.6, 207.6), (179.6, 230.0), (193.6, 244.0), (221.6, 244.0), (244.0, 252.4), (244.0, 274.8), (244.0, 297.2), (263.6, 308.4), (291.6, 308.4), (308.4, 325.2), (308.4, 347.6), (314.0, 370.0), (336.4, 372.8), (358.8, 372.8), (372.8, 372.8), (372.8, 372.8), (372.8, 372.8), (372.8, 372.8), (372.8, 372.8), (372.8, 372.8), (372.8, 372.8), (372.8, 372.8), (372.8, 372.8), (372.8, 372.8), (372.8, 372.8), (372.8, 372.8), (372.8, 372.8), (372.8, 372.8), (372.8, 372.8), (372.8, 372.8), (372.8, 372.8), (372.8, 372.8), (372.8, 372.8), (372.8, 372.8), (372.8, 372.8), (372.8, 372.8), (372.8, 372.8), (372.8, 372.8), (372.8, 372.8), (372.8, 372.8), (372.8, 372.8), (372.8, 372.8), (372.8, 372.8), (372.8, 372.8), (372.8, 372.8), (372.8, 372.8)]",0,7.5
speedrunner,bomberman,2,Bomb,1,0,39.95,0.926,"[(48.0, 48.0), (50.8, 70.4), (50.8, 92.8), (56.4, 115.2), (78.8, 115.2), (109.6, 118.0), (115.2, 140.4), (115.2, 162.8), (126.4, 179.6), (151.6, 179.6), (176.8, 185.2), (179.6, 207.6), (179.6, 230.0), (193.6, 244.0), (221.6, 244.0), (244.0, 252.4), (244.0, 274.8), (244.0, 297.2), (263.6, 308.4), (291.6, 308.4), (308.4, 325.2), (308.4, 347.6), (314.0, 370.0), (336.4, 372.8), (358.8, 372.8), (372.8, 372.8), (372.8, 372.8), (372.8, 372.8), (372.8, 372.8), (372.8, 372.8), (372.8, 372.8), (372.8, 372.8), (372.8, 372.8), (372.8, 372.8), (372.8, 372.8), (372.8, 372.8), (372.8, 372.8), (372.8, 372.8), (372.8, 372.8), (372.8, 372.8), (372.8, 372.8), (372.8, 372.8), (372.8, 372.8), (372.8, 372.8), (372.8, 372.8), (372.8, 372.8), (372.8, 372.8), (372.8, 372.8), (372.8, 372.8), (372.8, 372.8), (372.8, 372.8), (372.8, 372.8), (372.8, 372.8), (372.8, 372.8), (372.8, 372.8), (372.8, 372.8), (372.8, 372.8)]",0,7.5
speedrunner,bomberman,2,Bomb,1,0,39.95,0.926,"[(48.0, 48.0), (50.8, 70.4), (50.8, 92.8), (56.4, 115.2), (78.8, 115.2), (109.6, 118.0), (115.2, 140.4), (115.2, 162.8), (126.4, 179.6), (151.6, 179.6), (176.8, 185.2), (179.6, 207.6), (179.6, 230.0), (193.6, 244.0), (221.6, 244.0), (244.0, 252.4), (244.0, 274.8), (244.0, 297.2), (263.6, 308.4), (291.6, 308.4), (308.4, 325.2), (308.4, 347.6), (314.0, 370.0), (336.4, 372.8), (358.8, 372.8), (372.8, 372.8), (372.8, 372.8), (372.8, 372.8), (372.8, 372.8), (372.8, 372.8), (372.8, 372.8), (372.8, 372.8), (372.8, 372.8), (372.8, 372.8), (372.8, 372.8), (372.8, 372.8), (372.8, 372.8), (372.8, 372.8), (372.8, 372.8), (372.8, 372.8), (372.8, 372.8), (372.8, 372.8), (372.8, 372.8), (372.8, 372.8), (372.8, 372.8), (372.8, 372.8), (372.8, 372.8), (372.8, 372.8), (372.8, 372.8), (372.8, 372.8), (372.8, 372.8), (372.8, 372.8), (372.8, 372.8), (372.8, 372.8), (372.8, 372.8), (372.8, 372.8), (372.8, 372.8)]",0,7.5
speedrunner,bomberman,2,Bomb,1,0,41.44,0.926,"[(48.0, 48.0), (48.0, 70.4), (48.0, 92.8), (48.0, 115.2), (48.0, 137.6), (48.0, 160.0), (48.0, 182.4), (50.8, 204.8), (50.8, 227.2), (62.0, 244.0), (87.2, 244.0), (115.2, 252.4), (115.2, 274.8), (118.0, 302.8), (140.4, 308.4), (168.4, 308.4), (179.6, 328.0), (179.6, 356.0), (193.6, 372.8), (216.0, 372.8), (238.4, 372.8), (260.8, 372.8), (283.2, 372.8), (305.6, 372.8), (328.0, 372.8), (350.4, 372.8), (372.8, 372.8), (372.8, 372.8), (372.8, 372.8), (372.8, 372.8), (372.8, 372.8), (372.8, 372.8), (372.8, 372.8), (372.8, 372.8), (372.8, 372.8), (372.8, 372.8), (372.8, 372.8), (372.8, 372.8), (372.8, 372.8), (372.8, 372.8), (372.8, 372.8), (372.8, 372.8), (372.8, 372.8), (372.8, 372.8), (372.8, 372.8), (372.8, 372.8), (372.8, 372.8), (372.8, 372.8), (372.8, 372.8), (372.8, 372.8), (372.8, 372.8), (372.8, 372.8), (372.8, 372.8), (372.8, 372.8), (372.8, 372.8), (372.8, 372.8), (372.8, 372.8)]",0,7.5
speedrunner,bomberman,2,Bomb,1,0,39.95,0.926,"[(48.0, 48.0), (50.8, 70.4), (50.8, 92.8), (56.4, 115.2), (78.8, 115.2), (109.6, 118.0), (115.2, 140.4), (115.2, 162.8), (126.4, 179.6), (151.6, 179.6), (176.8, 185.2), (179.6, 207.6), (179.6, 230.0), (193.6, 244.0), (221.6, 244.0), (244.0, 252.4), (244.0, 274.8), (246.8, 302.8), (269.2, 308.4), (297.2, 308.4), (308.4, 330.8), (308.4, 358.8), (325.2, 372.8), (347.6, 372.8), (370.0, 372.8), (372.8, 372.8), (372.8, 372.8), (372.8, 372.8), (372.8, 372.8), (372.8, 372.8), (372.8, 372.8), (372.8, 372.8), (372.8, 372.8), (372.8, 372.8), (372.8, 372.8), (372.8, 372.8), (372.8, 372.8), (372.8, 372.8), (372.8, 372.8), (372.8, 372.8), (372.8, 372.8), (372.8, 372.8), (372.8, 372.8), (372.8, 372.8), (372.8, 372.8), (372.8, 372.8), (372.8, 372.8), (372.8, 372.8), (372.8, 372.8), (372.8, 372.8), (372.8, 372.8), (372.8, 372.8), (372.8, 372.8), (372.8, 372.8), (372.8, 372.8), (372.8, 372.8), (372.8, 372.8)]",0,7.5
speedrunner,bomberman,2,Bomb,1,0,39.2,0.926,"[(48.0, 48.0), (70.4, 50.8), (101.2, 50.8), (115.2, 67.6), (115.2, 90.0), (118.0, 112.4), (140.4, 115.2), (168.4, 115.2), (179.6, 134.8), (179.6, 157.2), (185.2, 179.6), (207.6, 179.6), (235.6, 179.6), (244.0, 202.0), (244.0, 224.4), (252.4, 244.0), (274.8, 244.0), (302.8, 249.6), (308.4, 272.0), (308.4, 300.0), (330.8, 308.4), (358.8, 308.4), (372.8, 328.0), (372.8, 350.4), (372.8, 372.8), (372.8, 372.8), (372.8, 372.8), (372.8, 372.8), (372.8, 372.8), (372.8, 372.8), (372.8, 372.8), (372.8, 372.8), (372.8, 372.8), (372.8, 372.8), (372.8, 372.8), (372.8, 372.8), (372.8, 372.8), (372.8, 372.8), (372.8, 372.8), (372.8, 372.8), (372.8, 372.8), (372.8, 372.8), (372.8, 372.8), (372.8, 372.8), (372.8, 372.8), (372.8, 372.8), (372.8, 372.8), (372.8, 372.8), (372.8, 372.8), (372.8, 372.8), (372.8, 372.8), (372.8, 372.8), (372.8, 372.8), (372.8, 372.8), (372.8, 372.8), (372.8, 372.8), (372.8, 372.8)]",0,7.5
speedrunner,bomberman,2,Bomb,1,0,39.95,0.926,"[(48.0, 48.0), (48.0, 70.4), (48.0, 92.8), (56.4, 115.2), (78.8, 115.2), (109.6, 118.0), (115.2, 140.4), (115.2, 162.8), (126.4, 179.6), (151.6, 179.6), (176.8, 185.2), (179.6, 207.6), (179.6, 230.0), (193.6, 244.0), (221.6, 244.0), (244.0, 252.4), (244.0, 274.8), (244.0, 297.2), (263.6, 308.4), (291.6, 308.4), (308.4, 325.2), (308.4, 347.6), (314.0, 370.0), (336.4, 372.8), (358.8, 372.8), (372.8, 372.8), (372.8, 372.8), (372.8, 372.8), (372.8, 372.8), (372.8, 372.8), (372.8, 372.8), (372.8, 372.8), (372.8, 372.8), (372.8, 372.8), (372.8, 372.8), (372.8, 372.8), (372.8, 372.8), (372.8, 372.8), (372.8, 372.8), (372.8, 372.8), (372.8, 372.8), (372.8, 372.8), (372.8, 372.8), (372.8, 372.8), (372.8, 372.8), (372.8, 372.8), (372.8, 372.8), (372.8, 372.8), (372.8, 372.8), (372.8, 372.8), (372.8, 372.8), (372.8, 372.8), (372.8, 372.8), (372.8, 372.8), (372.8, 372.8), (372.8, 372.8), (372.8, 372.8)]",0,7.5
speedrunner,bomberman,2,Bomb,1,0,40.69,0.926,"[(48.0, 48.0), (48.0, 70.4), (48.0, 92.8), (48.0, 115.2), (48.0, 137.6), (48.0, 160.0), (59.2, 179.6), (81.6, 179.6), (112.4, 185.2), (115.2, 207.6), (115.2, 230.0), (129.2, 244.0), (157.2, 244.0), (179.6, 252.4), (179.6, 274.8), (179.6, 297.2), (199.2, 308.4), (227.2, 308.4), (244.0, 322.4), (244.0, 347.6), (252.4, 372.8), (274.8, 372.8), (297.2, 372.8), (319.6, 372.8), (342.0, 372.8), (364.4, 372.8), (372.8, 372.8), (372.8, 372.8), (372.8, 372.8), (372.8, 372.8), (372.8, 372.8), (372.8, 372.8), (372.8, 372.8), (372.8, 372.8), (372.8, 372.8), (372.8, 372.8), (372.8, 372.8), (372.8, 372.8), (372.8, 372.8), (372.8, 372.8), (372.8, 372.8), (372.8, 372.8), (372.8, 372.8), (372.8, 372.8), (372.8, 372.8), (372.8, 372.8), (372.8, 372.8), (372.8, 372.8), (372.8, 372.8), (372.8, 372.8), (372.8, 372.8), (372.8, 372.8), (372.8, 372.8), (372.8, 372.8), (372.8, 372.8), (372.8, 372.8), (372.8, 372.8)]",0,7.5
speedrunner,bomberman,2,Bomb,1,0,25.39,0.593,"[(48.0, 48.0), (48.0, 70.4), (48.0, 92.8), (48.0, 115.2), (48.0, 137.6), (48.0, 160.0), (48.0, 182.4), (48.0, 204.8), (48.0, 227.2), (48.0, 249.6), (48.0, 272.0), (48.0, 294.4), (50.8, 316.8), (50.8, 339.2), (50.8, 361.6), (70.4, 372.8), (92.8, 372.8), (115.2, 372.8), (137.6, 372.8), (160.0, 372.8), (182.4, 372.8), (193.6, 372.8), (193.6, 372.8), (193.6, 372.8), (193.6, 372.8), (193.6, 372.8), (193.6, 372.8), (193.6, 372.8), (193.6, 372.8), (193.6, 372.8), (193.6, 372.8), (193.6, 372.8), (193.6, 372.8), (193.6, 372.8), (193.6, 372.8), (193.6, 372.8), (193.6, 372.8), (193.6, 372.8), (193.6, 372.8), (193.6, 372.8), (193.6, 372.8), (193.6, 372.8), (213.2, 372.8), (235.6, 372.8), (238.4, 372.8), (238.4, 372.8), (238.4, 372.8), (238.4, 372.8), (238.4, 372.8), (238.4, 372.8), (238.4, 372.8), (238.4, 372.8), (238.4, 372.8), (238.4, 372.8), (238.4, 372.8), (238.4, 372.8), (238.4, 372.8)]",0,7.5
speedrunner,bomberman,2,Bomb,1,0,39.95,0.926,"[(48.0, 48.0), (50.8, 70.4), (50.8, 92.8), (56.4, 115.2), (78.8, 115.2), (109.6, 118.0), (115.2, 140.4), (115.2, 162.8), (126.4, 179.6), (151.6, 179.6), (176.8, 185.2), (179.6, 207.6), (179.6, 230.0), (193.6, 244.0), (221.6, 244.0), (244.0, 252.4), (244.0, 274.8), (244.0, 297.2), (263.6, 308.4), (291.6, 308.4), (308.4, 325.2), (308.4, 353.2), (319.6, 372.8), (342.0, 372.8), (364.4, 372.8), (372.8, 372.8), (372.8, 372.8), (372.8, 372.8), (372.8, 372.8), (372.8, 372.8), (372.8, 372.8), (372.8, 372.8), (372.8, 372.8), (372.8, 372.8), (372.8, 372.8), (372.8, 372.8), (372.8, 372.8), (372.8, 372.8), (372.8, 372.8), (372.8, 372.8), (372.8, 372.8), (372.8, 372.8), (372.8, 372.8), (372.8, 372.8), (372.8, 372.8), (372.8, 372.8), (372.8, 372.8), (372.8, 372.8), (372.8, 372.8), (372.8, 372.8), (372.8, 372.8), (372.8, 372.8), (372.8, 372.8), (372.8, 372.8), (372.8, 372.8), (372.8, 372.8), (372.8, 372.8)]",0,7.5
speedrunner,bomberman,2,Bomb,1,0,39.95,0.926,"[(48.0, 48.0), (50.8, 70.4), (50.8, 92.8), (56.4, 115.2), (78.8, 115.2), (109.6, 118.0), (115.2, 140.4), (115.2, 162.8), (126.4, 179.6), (151.6, 179.6), (176.8, 185.2), (179.6, 207.6), (179.6, 230.0), (193.6, 244.0), (221.6, 244.0), (244.0, 252.4), (244.0, 274.8), (244.0, 297.2), (263.6, 308.4), (291.6, 308.4), (308.4, 325.2), (308.4, 353.2), (319.6, 372.8), (342.0, 372.8), (364.4, 372.8), (372.8, 372.8), (372.8, 372.8), (372.8, 372.8), (372.8, 372.8), (372.8, 372.8), (372.8, 372.8), (372.8, 372.8), (372.8, 372.8), (372.8, 372.8), (372.8, 372.8), (372.8, 372.8), (372.8, 372.8), (372.8, 372.8), (372.8, 372.8), (372.8, 372.8), (372.8, 372.8), (372.8, 372.8), (372.8, 372.8), (372.8, 372.8), (372.8, 372.8), (372.8, 372.8), (372.8, 372.8), (372.8, 372.8), (372.8, 372.8), (372.8, 372.8), (372.8, 372.8), (372.8, 372.8), (372.8, 372.8), (372.8, 372.8), (372.8, 372.8), (372.8, 372.8), (372.8, 372.8)]",0,7.5
speedrunner,bomberman,2,Bomb,1,0,39.95,0.926,"[(48.0, 48.0), (50.8, 70.4), (50.8, 92.8), (56.4, 115.2), (78.8, 115.2), (109.6, 118.0), (115.2, 140.4), (115.2, 162.8), (126.4, 179.6), (151.6, 179.6), (176.8, 185.2), (179.6, 207.6), (179.6, 230.0), (193.6, 244.0), (221.6, 244.0), (244.0, 252.4), (244.0, 274.8), (244.0, 297.2), (263.6, 308.4), (291.6, 308.4), (308.4, 325.2), (308.4, 353.2), (319.6, 372.8), (342.0, 372.8), (364.4, 372.8), (372.8, 372.8), (372.8, 372.8), (372.8, 372.8), (372.8, 372.8), (372.8, 372.8), (372.8, 372.8), (372.8, 372.8), (372.8, 372.8), (372.8, 372.8), (372.8, 372.8), (372.8, 372.8), (372.8, 372.8), (372.8, 372.8), (372.8, 372.8), (372.8, 372.8), (372.8, 372.8), (372.8, 372.8), (372.8, 372.8), (372.8, 372.8), (372.8, 372.8), (372.8, 372.8), (372.8, 372.8), (372.8, 372.8), (372.8, 372.8), (372.8, 372.8), (372.8, 372.8), (372.8, 372.8), (372.8, 372.8), (372.8, 372.8), (372.8, 372.8), (372.8, 372.8), (372.8, 372.8)]",0,7.5
speedrunner,bomberman,2,Bomb,1,0,39.95,0.926,"[(48.0, 48.0), (50.8, 70.4), (50.8, 92.8), (56.4, 115.2), (78.8, 115.2), (109.6, 118.0), (115.2, 140.4), (115.2, 162.8), (126.4, 179.6), (151.6, 179.6), (176.8, 185.2), (179.6, 207.6), (179.6, 230.0), (193.6, 244.0), (221.6, 244.0), (244.0, 252.4), (244.0, 274.8), (244.0, 297.2), (263.6, 308.4), (291.6, 308.4), (308.4, 325.2), (308.4, 353.2), (319.6, 372.8), (342.0, 372.8), (364.4, 372.8), (372.8, 372.8), (372.8, 372.8), (372.8, 372.8), (372.8, 372.8), (372.8, 372.8), (372.8, 372.8), (372.8, 372.8), (372.8, 372.8), (372.8, 372.8), (372.8, 372.8), (372.8, 372.8), (372.8, 372.8), (372.8, 372.8), (372.8, 372.8), (372.8, 372.8), (372.8, 372.8), (372.8, 372.8), (372.8, 372.8), (372.8, 372.8), (372.8, 372.8), (372.8, 372.8), (372.8, 372.8), (372.8, 372.8), (372.8, 372.8), (372.8, 372.8), (372.8, 372.8), (372.8, 372.8), (372.8, 372.8), (372.8, 372.8), (372.8, 372.8), (372.8, 372.8), (372.8, 372.8)]",0,7.5
speedrunner,bomberman,2,Bomb,1,0,40.69,0.926,"[(48.0, 48.0), (48.0, 70.4), (48.0, 92.8), (48.0, 115.2), (48.0, 137.6), (48.0, 160.0), (59.2, 179.6), (81.6, 179.6), (112.4, 185.2), (115.2, 207.6), (115.2, 230.0), (129.2, 244.0), (157.2, 244.0), (179.6, 252.4), (179.6, 274.8), (179.6, 297.2), (199.2, 308.4), (227.2, 308.4), (244.0, 322.4), (244.0, 347.6), (252.4, 372.8), (274.8, 372.8), (297.2, 372.8), (319.6, 372.8), (342.0, 372.8), (364.4, 372.8), (372.8, 372.8), (372.8, 372.8), (372.8, 372.8), (372.8, 372.8), (372.8, 372.8), (372.8, 372.8), (372.8, 372.8), (372.8, 372.8), (372.8, 372.8), (372.8, 372.8), (372.8, 372.8), (372.8, 372.8), (372.8, 372.8), (372.8, 372.8), (372.8, 372.8), (372.8, 372.8), (372.8, 372.8), (372.8, 372.8), (372.8, 372.8), (372.8, 372.8), (372.8, 372.8), (372.8, 372.8), (372.8, 372.8), (372.8, 372.8), (372.8, 372.8), (372.8, 372.8), (372.8, 372.8), (372.8, 372.8), (372.8, 372.8), (372.8, 372.8), (372.8, 372.8)]",0,7.5
speedrunner,bomberman,2,Bomb,1,0,39.95,0.926,"[(48.0, 48.0), (48.0, 70.4), (48.0, 92.8), (56.4, 115.2), (78.8, 115.2), (109.6, 118.0), (115.2, 140.4), (115.2, 162.8), (126.4, 179.6), (151.6, 179.6), (176.8, 185.2), (179.6, 207.6), (179.6, 230.0), (193.6, 244.0), (221.6, 244.0), (244.0, 252.4), (244.0, 274.8), (244.0, 297.2), (263.6, 308.4), (291.6, 308.4), (308.4, 325.2), (308.4, 347.6), (314.0, 370.0), (336.4, 372.8), (358.8, 372.8), (372.8, 372.8), (372.8, 372.8), (372.8, 372.8), (372.8, 372.8), (372.8, 372.8), (372.8, 372.8), (372.8, 372.8), (372.8, 372.8), (372.8, 372.8), (372.8, 372.8), (372.8, 372.8), (372.8, 372.8), (372.8, 372.8), (372.8, 372.8), (372.8, 372.8), (372.8, 372.8), (372.8, 372.8), (372.8, 372.8), (372.8, 372.8), (372.8, 372.8), (372.8, 372.8), (372.8, 372.8), (372.8, 372.8), (372.8, 372.8), (372.8, 372.8), (372.8, 372.8), (372.8, 372.8), (372.8, 372.8), (372.8, 372.8), (372.8, 372.8), (372.8, 372.8), (372.8, 372.8)]",0,7.5
speedrunner,bomberman,2,Bomb,1,0,39.95,0.926,"[(48.0, 48.0), (50.8, 70.4), (50.8, 92.8), (56.4, 115.2), (78.8, 115.2), (109.6, 118.0), (115.2, 140.4), (115.2, 162.8), (126.4, 179.6), (151.6, 179.6), (176.8, 185.2), (179.6, 207.6), (179.6, 230.0), (193.6, 244.0), (221.6, 244.0), (244.0, 252.4), (244.0, 274.8), (244.0, 297.2), (263.6, 308.4), (291.6, 308.4), (308.4, 325.2), (308.4, 347.6), (314.0, 370.0), (336.4, 372.8), (358.8, 372.8), (372.8, 372.8), (372.8, 372.8), (372.8, 372.8), (372.8, 372.8), (372.8, 372.8), (372.8, 372.8), (372.8, 372.8), (372.8, 372.8), (372.8, 372.8), (372.8, 372.8), (372.8, 372.8), (372.8, 372.8), (372.8, 372.8), (372.8, 372.8), (372.8, 372.8), (372.8, 372.8), (372.8, 372.8), (372.8, 372.8), (372.8, 372.8), (372.8, 372.8), (372.8, 372.8), (372.8, 372.8), (372.8, 372.8), (372.8, 372.8), (372.8, 372.8), (372.8, 372.8), (372.8, 372.8), (372.8, 372.8), (372.8, 372.8), (372.8, 372.8), (372.8, 372.8), (372.8, 372.8)]",0,7.5
speedrunner,bomberman,2,Bomb,1,0,39.95,0.926,"[(48.0, 48.0), (50.8, 70.4), (50.8, 92.8), (56.4, 115.2), (78.8, 115.2), (109.6, 118.0), (115.2, 140.4), (115.2, 162.8), (126.4, 179.6), (151.6, 179.6), (176.8, 185.2), (179.6, 207.6), (179.6, 230.0), (193.6, 244.0), (221.6, 244.0), (244.0, 252.4), (244.0, 274.8), (244.0, 297.2), (263.6, 308.4), (291.6, 308.4), (308.4, 325.2), (308.4, 347.6), (314.0, 370.0), (336.4, 372.8), (358.8, 372.8), (372.8, 372.8), (372.8, 372.8), (372.8, 372.8), (372.8, 372.8), (372.8, 372.8), (372.8, 372.8), (372.8, 372.8), (372.8, 372.8), (372.8, 372.8), (372.8, 372.8), (372.8, 372.8), (372.8, 372.8), (372.8, 372.8), (372.8, 372.8), (372.8, 372.8), (372.8, 372.8), (372.8, 372.8), (372.8, 372.8), (372.8, 372.8), (372.8, 372.8), (372.8, 372.8), (372.8, 372.8), (372.8, 372.8), (372.8, 372.8), (372.8, 372.8), (372.8, 372.8), (372.8, 372.8), (372.8, 372.8), (372.8, 372.8), (372.8, 372.8), (372.8, 372.8), (372.8, 372.8)]",0,7.5
speedrunner,bomberman,2,Bomb,1,0,39.2,0.926,"[(48.0, 48.0), (70.4, 50.8), (101.2, 50.8), (115.2, 67.6), (115.2, 95.6), (126.4, 115.2), (151.6, 115.2), (176.8, 120.8), (179.6, 143.2), (179.6, 168.4), (196.4, 179.6), (224.4, 179.6), (244.0, 190.8), (244.0, 213.2), (246.8, 241.2), (269.2, 244.0), (297.2, 244.0), (308.4, 266.4), (308.4, 294.4), (325.2, 308.4), (353.2, 308.4), (372.8, 322.4), (372.8, 344.8), (372.8, 367.2), (372.8, 372.8), (372.8, 372.8), (372.8, 372.8), (372.8, 372.8), (372.8, 372.8), (372.8, 372.8), (372.8, 372.8), (372.8, 372.8), (372.8, 372.8), (372.8, 372.8), (372.8, 372.8), (372.8, 372.8), (372.8, 372.8), (372.8, 372.8), (372.8, 372.8), (372.8, 372.8), (372.8, 372.8), (372.8, 372.8), (372.8, 372.8), (372.8, 372.8), (372.8, 372.8), (372.8, 372.8), (372.8, 372.8), (372.8, 372.8), (372.8, 372.8), (372.8, 372.8), (372.8, 372.8), (372.8, 372.8), (372.8, 372.8), (372.8, 372.8), (372.8, 372.8), (372.8, 372.8), (372.8, 372.8)]",0,7.5
speedrunner,bomberman,2,Bomb,1,0,39.95,0.926,"[(48.0, 48.0), (50.8, 70.4), (50.8, 92.8), (56.4, 115.2), (78.8, 115.2), (109.6, 118.0), (115.2, 140.4), (115.2, 162.8), (126.4, 179.6), (151.6, 179.6), (176.8, 185.2), (179.6, 207.6), (179.6, 230.0), (193.6, 244.0), (221.6, 244.0), (244.0, 252.4), (244.0, 274.8), (244.0, 297.2), (263.6, 308.4), (291.6, 308.4), (308.4, 325.2), (308.4, 353.2), (319.6, 372.8), (342.0, 372.8), (364.4, 372.8), (372.8, 372.8), (372.8, 372.8), (372.8, 372.8), (372.8, 372.8), (372.8, 372.8), (372.8, 372.8), (372.8, 372.8), (372.8, 372.8), (372.8, 372.8), (372.8, 372.8), (372.8, 372.8), (372.8, 372.8), (372.8, 372.8), (372.8, 372.8), (372.8, 372.8), (372.8, 372.8), (372.8, 372.8), (372.8, 372.8), (372.8, 372.8), (372.8, 372.8), (372.8, 372.8), (372.8, 372.8), (372.8, 372.8), (372.8, 372.8), (372.8, 372.8), (372.8, 372.8), (372.8, 372.8), (372.8, 372.8), (372.8, 372.8), (372.8, 372.8), (372.8, 372.8), (372.8, 372.8)]",0,7.5
speedrunner,bomberman,2,Bomb,1,0,39.95,0.926,"[(48.0, 48.0), (50.8, 70.4), (50.8, 92.8), (56.4, 115.2), (78.8, 115.2), (109.6, 118.0), (115.2, 140.4), (115.2, 162.8), (126.4, 179.6), (151.6, 179.6), (176.8, 185.2), (179.6, 207.6), (179.6, 230.0), (193.6, 244.0), (221.6, 244.0), (244.0, 252.4), (244.0, 274.8), (246.8, 302.8), (269.2, 308.4), (297.2, 308.4), (308.4, 330.8), (308.4, 358.8), (325.2, 372.8), (347.6, 372.8), (370.0, 372.8), (372.8, 372.8), (372.8, 372.8), (372.8, 372.8), (372.8, 372.8), (372.8, 372.8), (372.8, 372.8), (372.8, 372.8), (372.8, 372.8), (372.8, 372.8), (372.8, 372.8), (372.8, 372.8), (372.8, 372.8), (372.8, 372.8), (372.8, 372.8), (372.8, 372.8), (372.8, 372.8), (372.8, 372.8), (372.8, 372.8), (372.8, 372.8), (372.8, 372.8), (372.8, 372.8), (372.8, 372.8), (372.8, 372.8), (372.8, 372.8), (372.8, 372.8), (372.8, 372.8), (372.8, 372.8), (372.8, 372.8), (372.8, 372.8), (372.8, 372.8), (372.8, 372.8), (372.8, 372.8)]",0,7.5
speedrunner,bomberman,2,Bomb,1,0,26.88,0.519,"[(48.0, 48.0), (48.0, 70.4), (48.0, 92.8), (48.0, 115.2), (48.0, 137.6), (48.0, 160.0), (48.0, 182.4), (48.0, 204.8), (48.0, 227.2), (48.0, 249.6), (48.0, 272.0), (48.0, 294.4), (48.0, 316.8), (48.0, 339.2), (50.8, 361.6), (70.4, 372.8), (92.8, 372.8), (115.2, 372.8), (137.6, 372.8), (157.2, 372.8), (179.6, 372.8), (182.4, 372.8), (182.4, 372.8), (182.4, 372.8), (182.4, 372.8), (182.4, 372.8), (182.4, 372.8), (182.4, 372.8), (182.4, 372.8), (182.4, 372.8), (182.4, 372.8), (182.4, 372.8), (182.4, 372.8), (182.4, 372.8), (182.4, 372.8), (182.4, 372.8), (182.4, 372.8), (182.4, 372.8)]",0,5.0
speedrunner,bomberman,2,Bomb,1,0,39.95,0.926,"[(48.0, 48.0), (50.8, 70.4), (50.8, 92.8), (56.4, 115.2), (78.8, 115.2), (109.6, 118.0), (115.2, 140.4), (115.2, 162.8), (126.4, 179.6), (151.6, 179.6), (176.8, 185.2), (179.6, 207.6), (179.6, 230.0), (193.6, 244.0), (221.6, 244.0), (244.0, 252.4), (244.0, 274.8), (246.8, 302.8), (269.2, 308.4), (297.2, 308.4), (308.4, 330.8), (308.4, 358.8), (325.2, 372.8), (347.6, 372.8), (370.0, 372.8), (372.8, 372.8), (372.8, 372.8), (372.8, 372.8), (372.8, 372.8), (372.8, 372.8), (372.8, 372.8), (372.8, 372.8), (372.8, 372.8), (372.8, 372.8), (372.8, 372.8), (372.8, 372.8), (372.8, 372.8), (372.8, 372.8), (372.8, 372.8), (372.8, 372.8), (372.8, 372.8), (372.8, 372.8), (372.8, 372.8), (372.8, 372.8), (372.8, 372.8), (372.8, 372.8), (372.8, 372.8), (372.8, 372.8), (372.8, 372.8), (372.8, 372.8), (372.8, 372.8), (372.8, 372.8), (372.8, 372.8), (372.8, 372.8), (372.8, 372.8), (372.8, 372.8), (372.8, 372.8)]",0,7.5
speedrunner,bomberman,2,Bomb,1,0,39.95,0.926,"[(48.0, 48.0), (50.8, 70.4), (50.8, 92.8), (56.4, 115.2), (78.8, 115.2), (109.6, 118.0), (115.2, 140.4), (115.2, 162.8), (126.4, 179.6), (151.6, 179.6), (176.8, 185.2), (179.6, 207.6), (179.6, 230.0), (193.6, 244.0), (221.6, 244.0), (244.0, 252.4), (244.0, 274.8), (244.0, 297.2), (263.6, 308.4), (291.6, 308.4), (308.4, 325.2), (308.4, 353.2), (319.6, 372.8), (342.0, 372.8), (364.4, 372.8), (372.8, 372.8), (372.8, 372.8), (372.8, 372.8), (372.8, 372.8), (372.8, 372.8), (372.8, 372.8), (372.8, 372.8), (372.8, 372.8), (372.8, 372.8), (372.8, 372.8), (372.8, 372.8), (372.8, 372.8), (372.8, 372.8), (372.8, 372.8), (372.8, 372.8), (372.8, 372.8), (372.8, 372.8), (372.8, 372.8), (372.8, 372.8), (372.8, 372.8), (372.8, 372.8), (372.8, 372.8), (372.8, 372.8), (372.8, 372.8), (372.8, 372.8), (372.8, 372.8), (372.8, 372.8), (372.8, 372.8), (372.8, 372.8), (372.8, 372.8), (372.8, 372.8), (372.8, 372.8)]",0,7.5
speedrunner,bomberman,2,Bomb,1,0,39.95,0.926,"[(48.0, 48.0), (48.0, 70.4), (48.0, 92.8), (56.4, 115.2), (78.8, 115.2), (109.6, 118.0), (115.2, 140.4), (115.2, 162.8), (126.4, 179.6), (151.6, 179.6), (176.8, 185.2), (179.6, 207.6), (179.6, 230.0), (193.6, 244.0), (221.6, 244.0), (244.0, 252.4), (244.0, 274.8), (244.0, 297.2), (263.6, 308.4), (291.6, 308.4), (308.4, 325.2), (308.4, 347.6), (314.0, 370.0), (336.4, 372.8), (358.8, 372.8), (372.8, 372.8), (372.8, 372.8), (372.8, 372.8), (372.8, 372.8), (372.8, 372.8), (372.8, 372.8), (372.8, 372.8), (372.8, 372.8), (372.8, 372.8), (372.8, 372.8), (372.8, 372.8), (372.8, 372.8), (372.8, 372.8), (372.8, 372.8), (372.8, 372.8), (372.8, 372.8), (372.8, 372.8), (372.8, 372.8), (372.8, 372.8), (372.8, 372.8), (372.8, 372.8), (372.8, 372.8), (372.8, 372.8), (372.8, 372.8), (372.8, 372.8), (372.8, 372.8), (372.8, 372.8), (372.8, 372.8), (372.8, 372.8), (372.8, 372.8), (372.8, 372.8), (372.8, 372.8)]",0,7.5
speedrunner,bomberman,2,Bomb,1,0,39.2,0.926,"[(48.0, 48.0), (70.4, 50.8), (101.2, 50.8), (115.2, 67.6), (115.2, 95.6), (126.4, 115.2), (151.6, 115.2), (176.8, 120.8), (179.6, 143.2), (179.6, 168.4), (196.4, 179.6), (224.4, 179.6), (244.0, 190.8), (244.0, 213.2), (246.8, 241.2), (269.2, 244.0), (297.2, 244.0), (308.4, 266.4), (308.4, 294.4), (325.2, 308.4), (353.2, 308.4), (372.8, 322.4), (372.8, 344.8), (372.8, 367.2), (372.8, 372.8), (372.8, 372.8), (372.8, 372.8), (372.8, 372.8), (372.8, 372.8), (372.8, 372.8), (372.8, 372.8), (372.8, 372.8), (372.8, 372.8), (372.8, 372.8), (372.8, 372.8), (372.8, 372.8), (372.8, 372.8), (372.8, 372.8), (372.8, 372.8), (372.8, 372.8), (372.8, 372.8), (372.8, 372.8), (372.8, 372.8), (372.8, 372.8), (372.8, 372.8), (372.8, 372.8), (372.8, 372.8), (372.8, 372.8), (372.8, 372.8), (372.8, 372.8), (372.8, 372.8), (372.8, 372.8), (372.8, 372.8), (372.8, 372.8), (372.8, 372.8), (372.8, 372.8), (372.8, 372.8)]",0,7.5
speedrunner,bomberman,2,Bomb,1,0,39.2,0.926,"[(48.0, 48.0), (70.4, 50.8), (101.2, 50.8), (115.2, 67.6), (115.2, 90.0), (118.0, 112.4), (140.4, 115.2), (168.4, 115.2), (179.6, 134.8), (179.6, 157.2), (185.2, 179.6), (207.6, 179.6), (235.6, 179.6), (244.0, 202.0), (244.0, 224.4), (252.4, 244.0), (274.8, 244.0), (302.8, 249.6), (308.4, 272.0), (308.4, 294.4), (325.2, 308.4), (353.2, 308.4), (372.8, 322.4), (372.8, 344.8), (372.8, 367.2), (372.8, 372.8), (372.8, 372.8), (372.8, 372.8), (372.8, 372.8), (372.8, 372.8), (372.8, 372.8), (372.8, 372.8), (372.8, 372.8), (372.8, 372.8), (372.8, 372.8), (372.8, 372.8), (372.8, 372.8), (372.8, 372.8), (372.8, 372.8), (372.8, 372.8), (372.8, 372.8), (372.8, 372.8), (372.8, 372.8), (372.8, 372.8), (372.8, 372.8), (372.8, 372.8), (372.8, 372.8), (372.8, 372.8), (372.8, 372.8), (372.8, 372.8), (372.8, 372.8), (372.8, 372.8), (372.8, 372.8), (372.8, 372.8), (372.8, 372.8), (372.8, 372.8), (372.8, 372.8)]",0,7.5
speedrunner,bomberman,2,Bomb,1,0,39.2,0.926,"[(48.0, 48.0), (70.4, 50.8), (101.2, 50.8), (115.2, 67.6), (115.2, 90.0), (118.0, 112.4), (140.4, 115.2), (168.4, 115.2), (179.6, 134.8), (179.6, 157.2), (185.2, 179.6), (207.6, 179.6), (235.6, 179.6), (244.0, 202.0), (244.0, 224.4), (252.4, 244.0), (274.8, 244.0), (302.8, 249.6), (308.4, 272.0), (308.4, 294.4), (325.2, 308.4), (353.2, 308.4), (372.8, 322.4), (372.8, 344.8), (372.8, 367.2), (372.8, 372.8), (372.8, 372.8), (372.8, 372.8), (372.8, 372.8), (372.8, 372.8), (372.8, 372.8), (372.8, 372.8), (372.8, 372.8), (372.8, 372.8), (372.8, 372.8), (372.8, 372.8), (372.8, 372.8), (372.8, 372.8), (372.8, 372.8), (372.8, 372.8), (372.8, 372.8), (372.8, 372.8), (372.8, 372.8), (372.8, 372.8), (372.8, 372.8), (372.8, 372.8), (372.8, 372.8), (372.8, 372.8), (372.8, 372.8), (372.8, 372.8), (372.8, 372.8), (372.8, 372.8), (372.8, 372.8), (372.8, 372.8), (372.8, 372.8), (372.8, 372.8), (372.8, 372.8)]",0,7.5
speedrunner,bomberman,2,Bomb,1,0,39.95,0.926,"[(48.0, 48.0), (50.8, 70.4), (50.8, 92.8), (56.4, 115.2), (78.8, 115.2), (109.6, 118.0), (115.2, 140.4), (115.2, 162.8), (126.4, 179.6), (151.6, 179.6), (176.8, 185.2), (179.6, 207.6), (179.6, 230.0), (193.6, 244.0), (221.6, 244.0), (244.0, 252.4), (244.0, 274.8), (244.0, 297.2), (263.6, 308.4), (291.6, 308.4), (308.4, 325.2), (308.4, 347.6), (314.0, 370.0), (336.4, 372.8), (358.8, 372.8), (372.8, 372.8), (372.8, 372.8), (372.8, 372.8), (372.8, 372.8), (372.8, 372.8), (372.8, 372.8), (372.8, 372.8), (372.8, 372.8), (372.8, 372.8), (372.8, 372.8), (372.8, 372.8), (372.8, 372.8), (372.8, 372.8), (372.8, 372.8), (372.8, 372.8), (372.8, 372.8), (372.8, 372.8), (372.8, 372.8), (372.8, 372.8), (372.8, 372.8), (372.8, 372.8), (372.8, 372.8), (372.8, 372.8), (372.8, 372.8), (372.8, 372.8), (372.8, 372.8), (372.8, 372.8), (372.8, 372.8), (372.8, 372.8), (372.8, 372.8), (372.8, 372.8), (372.8, 372.8)]",0,7.5
speedrunner,bomberman,2,Bomb,1,0,39.2,0.926,"[(48.0, 48.0), (70.4, 50.8), (101.2, 50.8), (115.2, 67.6), (115.2, 95.6), (126.4, 115.2), (151.6, 115.2), (176.8, 120.8), (179.6, 143.2), (179.6, 171.2), (199.2, 179.6), (227.2, 179.6), (244.0, 193.6), (244.0, 218.8), (249.6, 244.0), (272.0, 244.0), (300.0, 246.8), (308.4, 269.2), (308.4, 297.2), (328.0, 308.4), (356.0, 308.4), (372.8, 325.2), (372.8, 347.6), (372.8, 370.0), (372.8, 372.8), (372.8, 372.8), (372.8, 372.8), (372.8, 372.8), (372.8, 372.8), (372.8, 372.8), (372.8, 372.8), (372.8, 372.8), (372.8, 372.8), (372.8, 372.8), (372.8, 372.8), (372.8, 372.8), (372.8, 372.8), (372.8, 372.8), (372.8, 372.8), (372.8, 372.8), (372.8, 372.8), (372.8, 372.8), (372.8, 372.8), (372.8, 372.8), (372.8, 372.8), (372.8, 372.8), (372.8, 372.8), (372.8, 372.8), (372.8, 372.8), (372.8, 372.8), (372.8, 372.8), (372.8, 372.8), (372.8, 372.8), (372.8, 372.8), (372.8, 372.8), (372.8, 372.8), (372.8, 372.8)]",0,7.5
speedrunner,bomberman,2,Bomb,1,0,39.2,0.926,"[(48.0, 48.0), (70.4, 50.8), (101.2, 50.8), (115.2, 67.6), (115.2, 95.6), (126.4, 115.2), (151.6, 115.2), (176.8, 120.8), (179.6, 143.2), (179.6, 171.2), (199.2, 179.6), (227.2, 179.6), (244.0, 193.6), (244.0, 218.8), (249.6, 244.0), (272.0, 244.0), (300.0, 246.8), (308.4, 269.2), (308.4, 297.2), (328.0, 308.4), (356.0, 308.4), (372.8, 325.2), (372.8, 347.6), (372.8, 370.0), (372.8, 372.8), (372.8, 372.8), (372.8, 372.8), (372.8, 372.8), (372.8, 372.8), (372.8, 372.8), (372.8, 372.8), (372.8, 372.8), (372.8, 372.8), (372.8, 372.8), (372.8, 372.8), (372.8, 372.8), (372.8, 372.8), (372.8, 372.8), (372.8, 372.8), (372.8, 372.8), (372.8, 372.8), (372.8, 372.8), (372.8, 372.8), (372.8, 372.8), (372.8, 372.8), (372.8, 372.8), (372.8, 372.8), (372.8, 372.8), (372.8, 372.8), (372.8, 372.8), (372.8, 372.8), (372.8, 372.8), (372.8, 372.8), (372.8, 372.8), (372.8, 372.8), (372.8, 372.8), (372.8, 372.8)]",0,7.5
speedrunner,bomberman,2,Bomb,1,0,39.95,0.926,"[(48.0, 48.0), (50.8, 70.4), (50.8, 92.8), (56.4, 115.2), (78.8, 115.2), (109.6, 118.0), (115.2, 140.4), (115.2, 162.8), (126.4, 179.6), (151.6, 179.6), (176.8, 185.2), (179.6, 207.6), (179.6, 230.0), (193.6, 244.0), (221.6, 244.0), (244.0, 252.4), (244.0, 274.8), (244.0, 297.2), (263.6, 308.4), (291.6, 308.4), (308.4, 325.2), (308.4, 353.2), (319.6, 372.8), (342.0, 372.8), (364.4, 372.8), (372.8, 372.8), (372.8, 372.8), (372.8, 372.8), (372.8, 372.8), (372.8, 372.8), (372.8, 372.8), (372.8, 372.8), (372.8, 372.8), (372.8, 372.8), (372.8, 372.8), (372.8, 372.8), (372.8, 372.8), (372.8, 372.8), (372.8, 372.8), (372.8, 372.8), (372.8, 372.8), (372.8, 372.8), (372.8, 372.8), (372.8, 372.8), (372.8, 372.8), (372.8, 372.8), (372.8, 372.8), (372.8, 372.8), (372.8, 372.8), (372.8, 372.8), (372.8, 372.8), (372.8, 372.8), (372.8, 372.8), (372.8, 372.8), (372.8, 372.8), (372.8, 372.8), (372.8, 372.8)]",0,7.5
speedrunner,bomberman,2,Bomb,1,0,39.95,0.926,"[(48.0, 48.0), (50.8, 70.4), (50.8, 92.8), (56.4, 115.2), (78.8, 115.2), (109.6, 118.0), (115.2, 140.4), (115.2, 162.8), (126.4, 179.6), (151.6, 179.6), (176.8, 185.2), (179.6, 207.6), (179.6, 230.0), (193.6, 244.0), (221.6, 244.0), (244.0, 252.4), (244.0, 274.8), (244.0, 297.2), (263.6, 308.4), (291.6, 308.4), (308.4, 325.2), (308.4, 353.2), (319.6, 372.8), (342.0, 372.8), (364.4, 372.8), (372.8, 372.8), (372.8, 372.8), (372.8, 372.8), (372.8, 372.8), (372.8, 372.8), (372.8, 372.8), (372.8, 372.8), (372.8, 372.8), (372.8, 372.8), (372.8, 372.8), (372.8, 372.8), (372.8, 372.8), (372.8, 372.8), (372.8, 372.8), (372.8, 372.8), (372.8, 372.8), (372.8, 372.8), (372.8, 372.8), (372.8, 372.8), (372.8, 372.8), (372.8, 372.8), (372.8, 372.8), (372.8, 372.8), (372.8, 372.8), (372.8, 372.8), (372.8, 372.8), (372.8, 372.8), (372.8, 372.8), (372.8, 372.8), (372.8, 372.8), (372.8, 372.8), (372.8, 372.8)]",0,7.5
speedrunner,bomberman,2,Bomb,1,0,39.2,0.926,"[(48.0, 48.0), (70.4, 50.8), (101.2, 50.8), (115.2, 67.6), (115.2, 95.6), (126.4, 115.2), (151.6, 115.2), (176.8, 120.8), (179.6, 143.2), (179.6, 171.2), (199.2, 179.6), (227.2, 179.6), (244.0, 193.6), (244.0, 218.8), (249.6, 244.0), (272.0, 244.0), (300.0, 246.8), (308.4, 269.2), (308.4, 297.2), (328.0, 308.4), (356.0, 308.4), (372.8, 325.2), (372.8, 347.6), (372.8, 370.0), (372.8, 372.8), (372.8, 372.8), (372.8, 372.8), (372.8, 372.8), (372.8, 372.8), (372.8, 372.8), (372.8, 372.8), (372.8, 372.8), (372.8, 372.8), (372.8, 372.8), (372.8, 372.8), (372.8, 372.8), (372.8, 372.8), (372.8, 372.8), (372.8, 372.8), (372.8, 372.8), (372.8, 372.8), (372.8, 372.8), (372.8, 372.8), (372.8, 372.8), (372.8, 372.8), (372.8, 372.8), (372.8, 372.8), (372.8, 372.8), (372.8, 372.8), (372.8, 372.8), (372.8, 372.8), (372.8, 372.8), (372.8, 372.8), (372.8, 372.8), (372.8, 372.8), (372.8, 372.8), (372.8, 372.8)]",0,7.5
speedrunner,bomberman,2,Bomb,1,0,39.2,0.926,"[(48.0, 48.0), (70.4, 50.8), (101.2, 50.8), (115.2, 67.6), (115.2, 95.6), (126.4, 115.2), (151.6, 115.2), (176.8, 120.8), (179.6, 143.2), (179.6, 171.2), (199.2, 179.6), (227.2, 179.6), (244.0, 193.6), (244.0, 218.8), (249.6, 244.0), (272.0, 244.0), (300.0, 246.8), (308.4, 269.2), (308.4, 297.2), (328.0, 308.4), (356.0, 308.4), (372.8, 325.2), (372.8, 347.6), (372.8, 370.0), (372.8, 372.8), (372.8, 372.8), (372.8, 372.8), (372.8, 372.8), (372.8, 372.8), (372.8, 372.8), (372.8, 372.8), (372.8, 372.8), (372.8, 372.8), (372.8, 372.8), (372.8, 372.8), (372.8, 372.8), (372.8, 372.8), (372.8, 372.8), (372.8, 372.8), (372.8, 372.8), (372.8, 372.8), (372.8, 372.8), (372.8, 372.8), (372.8, 372.8), (372.8, 372.8), (372.8, 372.8), (372.8, 372.8), (372.8, 372.8), (372.8, 372.8), (372.8, 372.8), (372.8, 372.8), (372.8, 372.8), (372.8, 372.8), (372.8, 372.8), (372.8, 372.8), (372.8, 372.8), (372.8, 372.8)]",0,7.5
speedrunner,bomberman,2,Bomb,1,0,39.95,0.926,"[(48.0, 48.0), (50.8, 70.4), (50.8, 92.8), (56.4, 115.2), (78.8, 115.2), (109.6, 118.0), (115.2, 140.4), (115.2, 162.8), (126.4, 179.6), (151.6, 179.6), (176.8, 185.2), (179.6, 207.6), (179.6, 230.0), (193.6, 244.0), (221.6, 244.0), (244.0, 252.4), (244.0, 274.8), (244.0, 297.2), (263.6, 308.4), (291.6, 308.4), (308.4, 325.2), (308.4, 347.6), (314.0, 370.0), (336.4, 372.8), (358.8, 372.8), (372.8, 372.8), (372.8, 372.8), (372.8, 372.8), (372.8, 372.8), (372.8, 372.8), (372.8, 372.8), (372.8, 372.8), (372.8, 372.8), (372.8, 372.8), (372.8, 372.8), (372.8, 372.8), (372.8, 372.8), (372.8, 372.8), (372.8, 372.8), (372.8, 372.8), (372.8, 372.8), (372.8, 372.8), (372.8, 372.8), (372.8, 372.8), (372.8, 372.8), (372.8, 372.8), (372.8, 372.8), (372.8, 372.8), (372.8, 372.8), (372.8, 372.8), (372.8, 372.8), (372.8, 372.8), (372.8, 372.8), (372.8, 372.8), (372.8, 372.8), (372.8, 372.8), (372.8, 372.8)]",0,7.5
speedrunner,bomberman,2,Bomb,1,0,39.2,0.926,"[(48.0, 48.0), (70.4, 50.8), (101.2, 50.8), (115.2, 67.6), (115.2, 95.6), (126.4, 115.2), (151.6, 115.2), (176.8, 120.8), (179.6, 143.2), (179.6, 171.2), (199.2, 179.6), (227.2, 179.6), (244.0, 193.6), (244.0, 218.8), (249.6, 244.0), (272.0, 244.0), (300.0, 246.8), (308.4, 269.2), (308.4, 297.2), (328.0, 308.4), (356.0, 308.4), (372.8, 325.2), (372.8, 347.6), (372.8, 370.0), (372.8, 372.8), (372.8, 372.8), (372.8, 372.8), (372.8, 372.8), (372.8, 372.8), (372.8, 372.8), (372.8, 372.8), (372.8, 372.8), (372.8, 372.8), (372.8, 372.8), (372.8, 372.8), (372.8, 372.8), (372.8, 372.8), (372.8, 372.8), (372.8, 372.8), (372.8, 372.8), (372.8, 372.8), (372.8, 372.8), (372.8, 372.8), (372.8, 372.8), (372.8, 372.8), (372.8, 372.8), (372.8, 372.8), (372.8, 372.8), (372.8, 372.8), (372.8, 372.8), (372.8, 372.8), (372.8, 372.8), (372.8, 372.8), (372.8, 372.8), (372.8, 372.8), (372.8, 372.8), (372.8, 372.8)]",0,7.5
speedrunner,bomberman,2,Bomb,1,0,39.2,0.926,"[(48.0, 48.0), (70.4, 50.8), (101.2, 50.8), (115.2, 67.6), (115.2, 95.6), (126.4, 115.2), (151.6, 115.2), (176.8, 120.8), (179.6, 143.2), (179.6, 171.2), (199.2, 179.6), (227.2, 179.6), (244.0, 193.6), (244.0, 218.8), (249.6, 244.0), (272.0, 244.0), (300.0, 246.8), (308.4, 269.2), (308.4, 297.2), (328.0, 308.4), (356.0, 308.4), (372.8, 325.2), (372.8, 347.6), (372.8, 370.0), (372.8, 372.8), (372.8, 372.8), (372.8, 372.8), (372.8, 372.8), (372.8, 372.8), (372.8, 372.8), (372.8, 372.8), (372.8, 372.8), (372.8, 372.8), (372.8, 372.8), (372.8, 372.8), (372.8, 372.8), (372.8, 372.8), (372.8, 372.8), (372.8, 372.8), (372.8, 372.8), (372.8, 372.8), (372.8, 372.8), (372.8, 372.8), (372.8, 372.8), (372.8, 372.8), (372.8, 372.8), (372.8, 372.8), (372.8, 372.8), (372.8, 372.8), (372.8, 372.8), (372.8, 372.8), (372.8, 372.8), (372.8, 372.8), (372.8, 372.8), (372.8, 372.8), (372.8, 372.8), (372.8, 372.8)]",0,7.5
speedrunner,bomberman,2,Bomb,1,0,39.2,0.926,"[(48.0, 48.0), (70.4, 50.8), (101.2, 50.8), (115.2, 67.6), (115.2, 95.6), (126.4, 115.2), (151.6, 115.2), (176.8, 120.8), (179.6, 143.2), (179.6, 171.2), (199.2, 179.6), (227.2, 179.6), (244.0, 193.6), (244.0, 218.8), (249.6, 244.0), (272.0, 244.0), (300.0, 246.8), (308.4, 269.2), (308.4, 297.2), (328.0, 308.4), (356.0, 308.4), (372.8, 325.2), (372.8, 347.6), (372.8, 370.0), (372.8, 372.8), (372.8, 372.8), (372.8, 372.8), (372.8, 372.8), (372.8, 372.8), (372.8, 372.8), (372.8, 372.8), (372.8, 372.8), (372.8, 372.8), (372.8, 372.8), (372.8, 372.8), (372.8, 372.8), (372.8, 372.8), (372.8, 372.8), (372.8, 372.8), (372.8, 372.8), (372.8, 372.8), (372.8, 372.8), (372.8, 372.8), (372.8, 372.8), (372.8, 372.8), (372.8, 372.8), (372.8, 372.8), (372.8, 372.8), (372.8, 372.8), (372.8, 372.8), (372.8, 372.8), (372.8, 372.8), (372.8, 372.8), (372.8, 372.8), (372.8, 372.8), (372.8, 372.8), (372.8, 372.8)]",0,7.5
speedrunner,bomberman,2,Bomb,1,0,39.2,0.926,"[(48.0, 48.0), (70.4, 50.8), (101.2, 50.8), (115.2, 67.6), (115.2, 90.0), (118.0, 112.4), (140.4, 115.2), (168.4, 115.2), (179.6, 134.8), (179.6, 157.2), (185.2, 179.6), (207.6, 179.6), (235.6, 179.6), (244.0, 202.0), (244.0, 224.4), (252.4, 244.0), (274.8, 244.0), (302.8, 249.6), (308.4, 272.0), (308.4, 294.4), (325.2, 308.4), (353.2, 308.4), (372.8, 322.4), (372.8, 344.8), (372.8, 367.2), (372.8, 372.8), (372.8, 372.8), (372.8, 372.8), (372.8, 372.8), (372.8, 372.8), (372.8, 372.8), (372.8, 372.8), (372.8, 372.8), (372.8, 372.8), (372.8, 372.8), (372.8, 372.8), (372.8, 372.8), (372.8, 372.8), (372.8, 372.8), (372.8, 372.8), (372.8, 372.8), (372.8, 372.8), (372.8, 372.8), (372.8, 372.8), (372.8, 372.8), (372.8, 372.8), (372.8, 372.8), (372.8, 372.8), (372.8, 372.8), (372.8, 372.8), (372.8, 372.8), (372.8, 372.8), (372.8, 372.8), (372.8, 372.8), (372.8, 372.8), (372.8, 372.8), (372.8, 372.8)]",0,7.5
speedrunner,bomberman,2,Bomb,1,0,39.95,0.926,"[(48.0, 48.0), (50.8, 70.4), (50.8, 92.8), (56.4, 115.2), (78.8, 115.2), (109.6, 118.0), (115.2, 140.4), (115.2, 162.8), (126.4, 179.6), (151.6, 179.6), (176.8, 185.2), (179.6, 207.6), (179.6, 230.0), (193.6, 244.0), (221.6, 244.0), (244.0, 252.4), (244.0, 274.8), (244.0, 297.2), (263.6, 308.4), (291.6, 308.4), (308.4, 325.2), (308.4, 347.6), (314.0, 370.0), (336.4, 372.8), (358.8, 372.8), (372.8, 372.8), (372.8, 372.8), (372.8, 372.8), (372.8, 372.8), (372.8, 372.8), (372.8, 372.8), (372.8, 372.8), (372.8, 372.8), (372.8, 372.8), (372.8, 372.8), (372.8, 372.8), (372.8, 372.8), (372.8, 372.8), (372.8, 372.8), (372.8, 372.8), (372.8, 372.8), (372.8, 372.8), (372.8, 372.8), (372.8, 372.8), (372.8, 372.8), (372.8, 372.8), (372.8, 372.8), (372.8, 372.8), (372.8, 372.8), (372.8, 372.8), (372.8, 372.8), (372.8, 372.8), (372.8, 372.8), (372.8, 372.8), (372.8, 372.8), (372.8, 372.8), (372.8, 372.8)]",0,7.5
speedrunner,bomberman,2,Bomb,1,0,29.4,0.926,"[(48.0, 48.0), (70.4, 50.8), (101.2, 50.8), (115.2, 67.6), (115.2, 90.0), (118.0, 112.4), (140.4, 115.2), (168.4, 115.2), (179.6, 134.8), (179.6, 157.2), (185.2, 179.6), (207.6, 179.6), (235.6, 179.6), (244.0, 202.0), (244.0, 224.4), (252.4, 244.0), (274.8, 244.0), (302.8, 249.6), (308.4, 272.0), (308.4, 294.4), (325.2, 308.4), (353.2, 308.4), (353.2, 308.4), (353.2, 308.4), (353.2, 308.4), (353.2, 308.4), (353.2, 308.4), (353.2, 308.4), (353.2, 308.4), (353.2, 308.4), (353.2, 308.4), (353.2, 308.4), (353.2, 308.4), (353.2, 308.4), (353.2, 308.4), (353.2, 308.4), (353.2, 308.4), (353.2, 308.4), (361.6, 308.4), (372.8, 330.8), (372.8, 353.2), (372.8, 372.8), (372.8, 372.8), (372.8, 372.8), (372.8, 372.8), (372.8, 372.8), (372.8, 372.8), (372.8, 372.8), (372.8, 372.8), (372.8, 372.8), (372.8, 372.8), (372.8, 372.8), (372.8, 372.8), (372.8, 372.8), (372.8, 372.8), (372.8, 372.8), (372.8, 372.8), (372.8, 372.8), (372.8, 372.8), (372.8, 372.8), (372.8, 372.8), (372.8, 372.8), (372.8, 372.8), (372.8, 372.8), (372.8, 372.8), (372.8, 372.8), (372.8, 372.8), (372.8, 372.8), (372.8, 372.8), (372.8, 372.8), (372.8, 372.8), (372.8, 372.8), (372.8, 372.8), (372.8, 372.8), (372.8, 372.8), (372.8, 372.8)]",0,10.0
speedrunner,bomberman,2,Bomb,1,0,29.4,0.926,"[(48.0, 48.0), (70.4, 50.8), (101.2, 50.8), (115.2, 67.6), (115.2, 90.0), (118.0, 112.4), (140.4, 115.2), (168.4, 115.2), (179.6, 134.8), (179.6, 157.2), (185.2, 179.6), (207.6, 179.6), (235.6, 179.6), (244.0, 202.0), (244.0, 224.4), (252.4, 244.0), (274.8, 244.0), (302.8, 249.6), (308.4, 272.0), (308.4, 294.4), (325.2, 308.4), (353.2, 308.4), (353.2, 308.4), (353.2, 308.4), (353.2, 308.4), (353.2, 308.4), (353.2, 308.4), (353.2, 308.4), (353.2, 308.4), (353.2, 308.4), (353.2, 308.4), (353.2, 308.4), (353.2, 308.4), (353.2, 308.4), (353.2, 308.4), (353.2, 308.4), (353.2, 308.4), (353.2, 308.4), (361.6, 308.4), (372.8, 330.8), (372.8, 353.2), (372.8, 372.8), (372.8, 372.8), (372.8, 372.8), (372.8, 372.8), (372.8, 372.8), (372.8, 372.8), (372.8, 372.8), (372.8, 372.8), (372.8, 372.8), (372.8, 372.8), (372.8, 372.8), (372.8, 372.8), (372.8, 372.8), (372.8, 372.8), (372.8, 372.8), (372.8, 372.8), (372.8, 372.8), (372.8, 372.8), (372.8, 372.8), (372.8, 372.8), (372.8, 372.8), (372.8, 372.8), (372.8, 372.8), (372.8, 372.8), (372.8, 372.8), (372.8, 372.8), (372.8, 372.8), (372.8, 372.8), (372.8, 372.8), (372.8, 372.8), (372.8, 372.8), (372.8, 372.8), (372.8, 372.8), (372.8, 372.8), (372.8, 372.8)]",0,10.0
speedrunner,bomberman,2,Bomb,1,0,39.95,0.926,"[(48.0, 48.0), (50.8, 70.4), (50.8, 92.8), (56.4, 115.2), (78.8, 115.2), (109.6, 118.0), (115.2, 140.4), (115.2, 162.8), (126.4, 179.6), (151.6, 179.6), (176.8, 185.2), (179.6, 207.6), (179.6, 230.0), (193.6, 244.0), (221.6, 244.0), (244.0, 252.4), (244.0, 274.8), (244.0, 297.2), (263.6, 308.4), (291.6, 308.4), (308.4, 325.2), (308.4, 347.6), (314.0, 370.0), (336.4, 372.8), (358.8, 372.8), (372.8, 372.8), (372.8, 372.8), (372.8, 372.8), (372.8, 372.8), (372.8, 372.8), (372.8, 372.8), (372.8, 372.8), (372.8, 372.8), (372.8, 372.8), (372.8, 372.8), (372.8, 372.8), (372.8, 372.8), (372.8, 372.8), (372.8, 372.8), (372.8, 372.8), (372.8, 372.8), (372.8, 372.8), (372.8, 372.8), (372.8, 372.8), (372.8, 372.8), (372.8, 372.8), (372.8, 372.8), (372.8, 372.8), (372.8, 372.8), (372.8, 372.8), (372.8, 372.8), (372.8, 372.8), (372.8, 372.8), (372.8, 372.8), (372.8, 372.8), (372.8, 372.8), (372.8, 372.8)]",0,7.5
speedrunner,bomberman,2,Bomb,1,0,39.2,0.926,"[(48.0, 48.0), (70.4, 50.8), (101.2, 50.8), (115.2, 67.6), (115.2, 90.0), (118.0, 112.4), (140.4, 115.2), (168.4, 115.2), (179.6, 134.8), (179.6, 157.2), (185.2, 179.6), (207.6, 179.6), (235.6, 179.6), (244.0, 202.0), (244.0, 224.4), (252.4, 244.0), (274.8, 244.0), (302.8, 249.6), (308.4, 272.0), (308.4, 294.4), (325.2, 308.4), (353.2, 308.4), (372.8, 322.4), (372.8, 344.8), (372.8, 367.2), (372.8, 372.8), (372.8, 372.8), (372.8, 372.8), (372.8, 372.8), (372.8, 372.8), (372.8, 372.8), (372.8, 372.8), (372.8, 372.8), (372.8, 372.8), (372.8, 372.8), (372.8, 372.8), (372.8, 372.8), (372.8, 372.8), (372.8, 372.8), (372.8, 372.8), (372.8, 372.8), (372.8, 372.8), (372.8, 372.8), (372.8, 372.8), (372.8, 372.8), (372.8, 372.8), (372.8, 372.8), (372.8, 372.8), (372.8, 372.8), (372.8, 372.8), (372.8, 372.8), (372.8, 372.8), (372.8, 372.8), (372.8, 372.8), (372.8, 372.8), (372.8, 372.8), (372.8, 372.8)]",0,7.5
speedrunner,bomberman,2,Bomb,1,0,39.2,0.926,"[(48.0, 48.0), (70.4, 50.8), (101.2, 50.8), (115.2, 67.6), (115.2, 95.6), (126.4, 115.2), (151.6, 115.2), (176.8, 120.8), (179.6, 143.2), (179.6, 171.2), (199.2, 179.6), (227.2, 179.6), (244.0, 193.6), (244.0, 218.8), (249.6, 244.0), (272.0, 244.0), (300.0, 246.8), (308.4, 269.2), (308.4, 297.2), (328.0, 308.4), (356.0, 308.4), (372.8, 325.2), (372.8, 347.6), (372.8, 370.0), (372.8, 372.8), (372.8, 372.8), (372.8, 372.8), (372.8, 372.8), (372.8, 372.8), (372.8, 372.8), (372.8, 372.8), (372.8, 372.8), (372.8, 372.8), (372.8, 372.8), (372.8, 372.8), (372.8, 372.8), (372.8, 372.8), (372.8, 372.8), (372.8, 372.8), (372.8, 372.8), (372.8, 372.8), (372.8, 372.8), (372.8, 372.8), (372.8, 372.8), (372.8, 372.8), (372.8, 372.8), (372.8, 372.8), (372.8, 372.8), (372.8, 372.8), (372.8, 372.8), (372.8, 372.8), (372.8, 372.8), (372.8, 372.8), (372.8, 372.8), (372.8, 372.8), (372.8, 372.8), (372.8, 372.8)]",0,7.5
speedrunner,bomberman,2,Bomb,1,0,39.2,0.926,"[(48.0, 48.0), (70.4, 50.8), (101.2, 50.8), (115.2, 67.6), (115.2, 95.6), (126.4, 115.2), (151.6, 115.2), (176.8, 120.8), (179.6, 143.2), (179.6, 171.2), (199.2, 179.6), (227.2, 179.6), (244.0, 193.6), (244.0, 218.8), (249.6, 244.0), (272.0, 244.0), (300.0, 246.8), (308.4, 269.2), (308.4, 297.2), (328.0, 308.4), (356.0, 308.4), (372.8, 325.2), (372.8, 347.6), (372.8, 370.0), (372.8, 372.8), (372.8, 372.8), (372.8, 372.8), (372.8, 372.8), (372.8, 372.8), (372.8, 372.8), (372.8, 372.8), (372.8, 372.8), (372.8, 372.8), (372.8, 372.8), (372.8, 372.8), (372.8, 372.8), (372.8, 372.8), (372.8, 372.8), (372.8, 372.8), (372.8, 372.8), (372.8, 372.8), (372.8, 372.8), (372.8, 372.8), (372.8, 372.8), (372.8, 372.8), (372.8, 372.8), (372.8, 372.8), (372.8, 372.8), (372.8, 372.8), (372.8, 372.8), (372.8, 372.8), (372.8, 372.8), (372.8, 372.8), (372.8, 372.8), (372.8, 372.8), (372.8, 372.8), (372.8, 372.8)]",0,7.5
speedrunner,bomberman,2,Bomb,1,0,39.2,0.926,"[(48.0, 48.0), (70.4, 50.8), (101.2, 50.8), (115.2, 67.6), (115.2, 90.0), (118.0, 112.4), (140.4, 115.2), (168.4, 115.2), (179.6, 134.8), (179.6, 157.2), (185.2, 179.6), (207.6, 179.6), (235.6, 179.6), (244.0, 202.0), (244.0, 224.4), (252.4, 244.0), (274.8, 244.0), (302.8, 249.6), (308.4, 272.0), (308.4, 294.4), (325.2, 308.4), (353.2, 308.4), (372.8, 322.4), (372.8, 344.8), (372.8, 367.2), (372.8, 372.8), (372.8, 372.8), (372.8, 372.8), (372.8, 372.8), (372.8, 372.8), (372.8, 372.8), (372.8, 372.8), (372.8, 372.8), (372.8, 372.8), (372.8, 372.8), (372.8, 372.8), (372.8, 372.8), (372.8, 372.8), (372.8, 372.8), (372.8, 372.8), (372.8, 372.8), (372.8, 372.8), (372.8, 372.8), (372.8, 372.8), (372.8, 372.8), (372.8, 372.8), (372.8, 372.8), (372.8, 372.8), (372.8, 372.8), (372.8, 372.8), (372.8, 372.8), (372.8, 372.8), (372.8, 372.8), (372.8, 372.8), (372.8, 372.8), (372.8, 372.8), (372.8, 372.8)]",0,7.5
speedrunner,bomberman,2,Bomb,1,0,39.2,0.926,"[(48.0, 48.0), (70.4, 50.8), (101.2, 50.8), (115.2, 67.6), (115.2, 90.0), (118.0, 112.4), (140.4, 115.2), (168.4, 115.2), (179.6, 134.8), (179.6, 157.2), (185.2, 179.6), (207.6, 179.6), (235.6, 179.6), (244.0, 202.0), (244.0, 224.4), (252.4, 244.0), (274.8, 244.0), (302.8, 249.6), (308.4, 272.0), (308.4, 294.4), (325.2, 308.4), (353.2, 308.4), (372.8, 322.4), (372.8, 344.8), (372.8, 367.2), (372.8, 372.8), (372.8, 372.8), (372.8, 372.8), (372.8, 372.8), (372.8, 372.8), (372.8, 372.8), (372.8, 372.8), (372.8, 372.8), (372.8, 372.8), (372.8, 372.8), (372.8, 372.8), (372.8, 372.8), (372.8, 372.8), (372.8, 372.8), (372.8, 372.8), (372.8, 372.8), (372.8, 372.8), (372.8, 372.8), (372.8, 372.8), (372.8, 372.8), (372.8, 372.8), (372.8, 372.8), (372.8, 372.8), (372.8, 372.8), (372.8, 372.8), (372.8, 372.8), (372.8, 372.8), (372.8, 372.8), (372.8, 372.8), (372.8, 372.8), (372.8, 372.8), (372.8, 372.8)]",0,7.5
speedrunner,bomberman,2,Bomb,1,0,33.04,0.556,"[(48.0, 48.0), (48.0, 70.4), (48.0, 92.8), (48.0, 115.2), (48.0, 137.6), (48.0, 160.0), (48.0, 182.4), (48.0, 204.8), (48.0, 227.2), (48.0, 249.6), (48.0, 272.0), (48.0, 294.4), (59.2, 308.4), (81.6, 308.4), (112.4, 314.0), (115.2, 336.4), (115.2, 358.8), (132.0, 372.8), (154.4, 372.8), (174.0, 372.8), (196.4, 372.8), (204.8, 372.8), (204.8, 372.8), (204.8, 372.8), (204.8, 372.8), (204.8, 372.8), (204.8, 372.8), (204.8, 372.8), (204.8, 372.8), (204.8, 372.8), (204.8, 372.8), (204.8, 372.8), (204.8, 372.8), (204.8, 372.8), (204.8, 372.8), (204.8, 372.8), (204.8, 372.8), (210.4, 372.8)]",0,5.0
speedrunner,bomberman,2,Bomb,1,0,39.2,0.926,"[(48.0, 48.0), (70.4, 50.8), (101.2, 50.8), (115.2, 67.6), (115.2, 95.6), (126.4, 115.2), (151.6, 115.2), (176.8, 120.8), (179.6, 143.2), (179.6, 171.2), (199.2, 179.6), (227.2, 179.6), (244.0, 193.6), (244.0, 218.8), (249.6, 244.0), (272.0, 244.0), (300.0, 246.8), (308.4, 269.2), (308.4, 297.2), (328.0, 308.4), (356.0, 308.4), (372.8, 325.2), (372.8, 347.6), (372.8, 370.0), (372.8, 372.8), (372.8, 372.8), (372.8, 372.8), (372.8, 372.8), (372.8, 372.8), (372.8, 372.8), (372.8, 372.8), (372.8, 372.8), (372.8, 372.8), (372.8, 372.8), (372.8, 372.8), (372.8, 372.8), (372.8, 372.8), (372.8, 372.8), (372.8, 372.8), (372.8, 372.8), (372.8, 372.8), (372.8, 372.8), (372.8, 372.8), (372.8, 372.8), (372.8, 372.8), (372.8, 372.8), (372.8, 372.8), (372.8, 372.8), (372.8, 372.8), (372.8, 372.8), (372.8, 372.8), (372.8, 372.8), (372.8, 372.8), (372.8, 372.8), (372.8, 372.8), (372.8, 372.8), (372.8, 372.8)]",0,7.5
speedrunner,bomberman,2,Bomb,1,0,39.2,0.926,"[(48.0, 48.0), (70.4, 50.8), (101.2, 50.8), (115.2, 67.6), (115.2, 95.6), (126.4, 115.2), (151.6, 115.2), (176.8, 120.8), (179.6, 143.2), (179.6, 171.2), (199.2, 179.6), (227.2, 179.6), (244.0, 193.6), (244.0, 218.8), (249.6, 244.0), (272.0, 244.0), (300.0, 246.8), (308.4, 269.2), (308.4, 297.2), (328.0, 308.4), (356.0, 308.4), (372.8, 325.2), (372.8, 347.6), (372.8, 370.0), (372.8, 372.8), (372.8, 372.8), (372.8, 372.8), (372.8, 372.8), (372.8, 372.8), (372.8, 372.8), (372.8, 372.8), (372.8, 372.8), (372.8, 372.8), (372.8, 372.8), (372.8, 372.8), (372.8, 372.8), (372.8, 372.8), (372.8, 372.8), (372.8, 372.8), (372.8, 372.8), (372.8, 372.8), (372.8, 372.8), (372.8, 372.8), (372.8, 372.8), (372.8, 372.8), (372.8, 372.8), (372.8, 372.8), (372.8, 372.8), (372.8, 372.8), (372.8, 372.8), (372.8, 372.8), (372.8, 372.8), (372.8, 372.8), (372.8, 372.8), (372.8, 372.8), (372.8, 372.8), (372.8, 372.8)]",0,7.5
speedrunner,bomberman,2,Bomb,1,0,39.2,0.926,"[(48.0, 48.0), (70.4, 50.8), (101.2, 50.8), (115.2, 67.6), (115.2, 95.6), (126.4, 115.2), (151.6, 115.2), (176.8, 120.8), (179.6, 143.2), (179.6, 171.2), (199.2, 179.6), (227.2, 179.6), (244.0, 193.6), (244.0, 218.8), (249.6, 244.0), (272.0, 244.0), (300.0, 246.8), (308.4, 269.2), (308.4, 297.2), (328.0, 308.4), (356.0, 308.4), (372.8, 325.2), (372.8, 347.6), (372.8, 370.0), (372.8, 372.8), (372.8, 372.8), (372.8, 372.8), (372.8, 372.8), (372.8, 372.8), (372.8, 372.8), (372.8, 372.8), (372.8, 372.8), (372.8, 372.8), (372.8, 372.8), (372.8, 372.8), (372.8, 372.8), (372.8, 372.8), (372.8, 372.8), (372.8, 372.8), (372.8, 372.8), (372.8, 372.8), (372.8, 372.8), (372.8, 372.8), (372.8, 372.8), (372.8, 372.8), (372.8, 372.8), (372.8, 372.8), (372.8, 372.8), (372.8, 372.8), (372.8, 372.8), (372.8, 372.8), (372.8, 372.8), (372.8, 372.8), (372.8, 372.8), (372.8, 372.8), (372.8, 372.8), (372.8, 372.8)]",0,7.5
speedrunner,bomberman,2,Bomb,1,0,39.2,0.926,"[(48.0, 48.0), (70.4, 50.8), (101.2, 50.8), (115.2, 67.6), (115.2, 95.6), (126.4, 115.2), (151.6, 115.2), (176.8, 120.8), (179.6, 143.2), (179.6, 171.2), (199.2, 179.6), (227.2, 179.6), (244.0, 193.6), (244.0, 218.8), (249.6, 244.0), (272.0, 244.0), (300.0, 246.8), (308.4, 269.2), (308.4, 297.2), (328.0, 308.4), (356.0, 308.4), (372.8, 325.2), (372.8, 347.6), (372.8, 370.0), (372.8, 372.8), (372.8, 372.8), (372.8, 372.8), (372.8, 372.8), (372.8, 372.8), (372.8, 372.8), (372.8, 372.8), (372.8, 372.8), (372.8, 372.8), (372.8, 372.8), (372.8, 372.8), (372.8, 372.8), (372.8, 372.8), (372.8, 372.8), (372.8, 372.8), (372.8, 372.8), (372.8, 372.8), (372.8, 372.8), (372.8, 372.8), (372.8, 372.8), (372.8, 372.8), (372.8, 372.8), (372.8, 372.8), (372.8, 372.8), (372.8, 372.8), (372.8, 372.8), (372.8, 372.8), (372.8, 372.8), (372.8, 372.8), (372.8, 372.8), (372.8, 372.8), (372.8, 372.8), (372.8, 372.8)]",0,7.5
speedrunner,bomberman,2,Bomb,1,0,39.2,0.926,"[(48.0, 48.0), (70.4, 50.8), (101.2, 50.8), (115.2, 67.6), (115.2, 90.0), (118.0, 112.4), (140.4, 115.2), (168.4, 115.2), (179.6, 134.8), (179.6, 157.2), (185.2, 179.6), (207.6, 179.6), (235.6, 179.6), (244.0, 202.0), (244.0, 224.4), (252.4, 244.0), (274.8, 244.0), (302.8, 249.6), (308.4, 272.0), (308.4, 294.4), (325.2, 308.4), (353.2, 308.4), (372.8, 322.4), (372.8, 344.8), (372.8, 367.2), (372.8, 372.8), (372.8, 372.8), (372.8, 372.8), (372.8, 372.8), (372.8, 372.8), (372.8, 372.8), (372.8, 372.8), (372.8, 372.8), (372.8, 372.8), (372.8, 372.8), (372.8, 372.8), (372.8, 372.8), (372.8, 372.8), (372.8, 372.8), (372.8, 372.8), (372.8, 372.8), (372.8, 372.8), (372.8, 372.8), (372.8, 372.8), (372.8, 372.8), (372.8, 372.8), (372.8, 372.8), (372.8, 372.8), (372.8, 372.8), (372.8, 372.8), (372.8, 372.8), (372.8, 372.8), (372.8, 372.8), (372.8, 372.8), (372.8, 372.8), (372.8, 372.8), (372.8, 372.8)]",0,7.5
speedrunner,bomberman,2,Bomb,1,0,39.2,0.926,"[(48.0, 48.0), (70.4, 50.8), (101.2, 50.8), (115.2, 67.6), (115.2, 90.0), (118.0, 112.4), (140.4, 115.2), (168.4, 115.2), (179.6, 134.8), (179.6, 157.2), (185.2, 179.6), (207.6, 179.6), (235.6, 179.6), (244.0, 202.0), (244.0, 224.4), (252.4, 244.0), (274.8, 244.0), (302.8, 249.6), (308.4, 272.0), (308.4, 294.4), (325.2, 308.4), (353.2, 308.4), (372.8, 322.4), (372.8, 344.8), (372.8, 367.2), (372.8, 372.8), (372.8, 372.8), (372.8, 372.8), (372.8, 372.8), (372.8, 372.8), (372.8, 372.8), (372.8, 372.8), (372.8, 372.8), (372.8, 372.8), (372.8, 372.8), (372.8, 372.8), (372.8, 372.8), (372.8, 372.8), (372.8, 372.8), (372.8, 372.8), (372.8, 372.8), (372.8, 372.8), (372.8, 372.8), (372.8, 372.8), (372.8, 372.8), (372.8, 372.8), (372.8, 372.8), (372.8, 372.8), (372.8, 372.8), (372.8, 372.8), (372.8, 372.8), (372.8, 372.8), (372.8, 372.8), (372.8, 372.8), (372.8, 372.8), (372.8, 372.8), (372.8, 372.8)]",0,7.5
speedrunner,bomberman,2,Bomb,1,0,39.95,0.926,"[(48.0, 48.0), (50.8, 70.4), (50.8, 92.8), (56.4, 115.2), (78.8, 115.2), (109.6, 118.0), (115.2, 140.4), (115.2, 162.8), (126.4, 179.6), (151.6, 179.6), (176.8, 185.2), (179.6, 207.6), (179.6, 230.0), (193.6, 244.0), (221.6, 244.0), (244.0, 252.4), (244.0, 274.8), (244.0, 297.2), (263.6, 308.4), (291.6, 308.4), (308.4, 325.2), (308.4, 347.6), (314.0, 370.0), (336.4, 372.8), (358.8, 372.8), (372.8, 372.8), (372.8, 372.8), (372.8, 372.8), (372.8, 372.8), (372.8, 372.8), (372.8, 372.8), (372.8, 372.8), (372.8, 372.8), (372.8, 372.8), (372.8, 372.8), (372.8, 372.8), (372.8, 372.8), (372.8, 372.8), (372.8, 372.8), (372.8, 372.8), (372.8, 372.8), (372.8, 372.8), (372.8, 372.8), (372.8, 372.8), (372.8, 372.8), (372.8, 372.8), (372.8, 372.8), (372.8, 372.8), (372.8, 372.8), (372.8, 372.8), (372.8, 372.8), (372.8, 372.8), (372.8, 372.8), (372.8, 372.8), (372.8, 372.8), (372.8, 372.8), (372.8, 372.8)]",0,7.5
speedrunner,bomberman,2,Bomb,1,0,29.4,0.926,"[(48.0, 48.0), (70.4, 50.8), (101.2, 50.8), (115.2, 67.6), (115.2, 90.0), (118.0, 112.4), (140.4, 115.2), (168.4, 115.2), (179.6, 134.8), (179.6, 157.2), (185.2, 179.6), (207.6, 179.6), (235.6, 179.6), (244.0, 202.0), (244.0, 224.4), (252.4, 244.0), (274.8, 244.0), (302.8, 249.6), (308.4, 272.0), (308.4, 294.4), (325.2, 308.4), (353.2, 308.4), (353.2, 308.4), (353.2, 308.4), (353.2, 308.4), (353.2, 308.4), (353.2, 308.4), (353.2, 308.4), (353.2, 308.4), (353.2, 308.4), (353.2, 308.4), (353.2, 308.4), (353.2, 308.4), (353.2, 308.4), (353.2, 308.4), (353.2, 308.4), (353.2, 308.4), (353.2, 308.4), (361.6, 308.4), (372.8, 330.8), (372.8, 353.2), (372.8, 372.8), (372.8, 372.8), (372.8, 372.8), (372.8, 372.8), (372.8, 372.8), (372.8, 372.8), (372.8, 372.8), (372.8, 372.8), (372.8, 372.8), (372.8, 372.8), (372.8, 372.8), (372.8, 372.8), (372.8, 372.8), (372.8, 372.8), (372.8, 372.8), (372.8, 372.8), (372.8, 372.8), (372.8, 372.8), (372.8, 372.8), (372.8, 372.8), (372.8, 372.8), (372.8, 372.8), (372.8, 372.8), (372.8, 372.8), (372.8, 372.8), (372.8, 372.8), (372.8, 372.8), (372.8, 372.8), (372.8, 372.8), (372.8, 372.8), (372.8, 372.8), (372.8, 372.8), (372.8, 372.8), (372.8, 372.8), (372.8, 372.8)]",0,10.0
speedrunner,bomberman,2,Bomb,1,0,39.95,0.926,"[(48.0, 48.0), (50.8, 70.4), (50.8, 92.8), (56.4, 115.2), (78.8, 115.2), (109.6, 118.0), (115.2, 140.4), (115.2, 162.8), (126.4, 179.6), (151.6, 179.6), (176.8, 185.2), (179.6, 207.6), (179.6, 230.0), (193.6, 244.0), (221.6, 244.0), (244.0, 252.4), (244.0, 274.8), (244.0, 297.2), (263.6, 308.4), (291.6, 308.4), (308.4, 325.2), (308.4, 347.6), (314.0, 370.0), (336.4, 372.8), (358.8, 372.8), (372.8, 372.8), (372.8, 372.8), (372.8, 372.8), (372.8, 372.8), (372.8, 372.8), (372.8, 372.8), (372.8, 372.8), (372.8, 372.8), (372.8, 372.8), (372.8, 372.8), (372.8, 372.8), (372.8, 372.8), (372.8, 372.8), (372.8, 372.8), (372.8, 372.8), (372.8, 372.8), (372.8, 372.8), (372.8, 372.8), (372.8, 372.8), (372.8, 372.8), (372.8, 372.8), (372.8, 372.8), (372.8, 372.8), (372.8, 372.8), (372.8, 372.8), (372.8, 372.8), (372.8, 372.8), (372.8, 372.8), (372.8, 372.8), (372.8, 372.8), (372.8, 372.8), (372.8, 372.8)]",0,7.5
speedrunner,bomberman,2,Bomb,1,0,39.2,0.926,"[(48.0, 48.0), (70.4, 50.8), (101.2, 50.8), (115.2, 67.6), (115.2, 90.0), (118.0, 112.4), (140.4, 115.2), (168.4, 115.2), (179.6, 134.8), (179.6, 157.2), (185.2, 179.6), (207.6, 179.6), (235.6, 179.6), (244.0, 202.0), (244.0, 224.4), (252.4, 244.0), (274.8, 244.0), (302.8, 249.6), (308.4, 272.0), (308.4, 294.4), (325.2, 308.4), (353.2, 308.4), (372.8, 322.4), (372.8, 344.8), (372.8, 367.2), (372.8, 372.8), (372.8, 372.8), (372.8, 372.8), (372.8, 372.8), (372.8, 372.8), (372.8, 372.8), (372.8, 372.8), (372.8, 372.8), (372.8, 372.8), (372.8, 372.8), (372.8, 372.8), (372.8, 372.8), (372.8, 372.8), (372.8, 372.8), (372.8, 372.8), (372.8, 372.8), (372.8, 372.8), (372.8, 372.8), (372.8, 372.8), (372.8, 372.8), (372.8, 372.8), (372.8, 372.8), (372.8, 372.8), (372.8, 372.8), (372.8, 372.8), (372.8, 372.8), (372.8, 372.8), (372.8, 372.8), (372.8, 372.8), (372.8, 372.8), (372.8, 372.8), (372.8, 372.8)]",0,7.5
speedrunner,bomberman,2,Bomb,1,0,39.2,0.926,"[(48.0, 48.0), (70.4, 50.8), (101.2, 50.8), (115.2, 67.6), (115.2, 95.6), (126.4, 115.2), (151.6, 115.2), (176.8, 120.8), (179.6, 143.2), (179.6, 171.2), (199.2, 179.6), (227.2, 179.6), (244.0, 193.6), (244.0, 218.8), (249.6, 244.0), (272.0, 244.0), (300.0, 246.8), (308.4, 269.2), (308.4, 297.2), (328.0, 308.4), (356.0, 308.4), (372.8, 325.2), (372.8, 347.6), (372.8, 370.0), (372.8, 372.8), (372.8, 372.8), (372.8, 372.8), (372.8, 372.8), (372.8, 372.8), (372.8, 372.8), (372.8, 372.8), (372.8, 372.8), (372.8, 372.8), (372.8, 372.8), (372.8, 372.8), (372.8, 372.8), (372.8, 372.8), (372.8, 372.8), (372.8, 372.8), (372.8, 372.8), (372.8, 372.8), (372.8, 372.8), (372.8, 372.8), (372.8, 372.8), (372.8, 372.8), (372.8, 372.8), (372.8, 372.8), (372.8, 372.8), (372.8, 372.8), (372.8, 372.8), (372.8, 372.8), (372.8, 372.8), (372.8, 372.8), (372.8, 372.8), (372.8, 372.8), (372.8, 372.8), (372.8, 372.8)]",0,7.5
speedrunner,bomberman,2,Bomb,1,0,39.2,0.926,"[(48.0, 48.0), (70.4, 50.8), (101.2, 50.8), (115.2, 67.6), (115.2, 95.6), (126.4, 115.2), (151.6, 115.2), (176.8, 120.8), (179.6, 143.2), (179.6, 171.2), (199.2, 179.6), (227.2, 179.6), (244.0, 193.6), (244.0, 218.8), (249.6, 244.0), (272.0, 244.0), (300.0, 246.8), (308.4, 269.2), (308.4, 297.2), (328.0, 308.4), (356.0, 308.4), (372.8, 325.2), (372.8, 347.6), (372.8, 370.0), (372.8, 372.8), (372.8, 372.8), (372.8, 372.8), (372.8, 372.8), (372.8, 372.8), (372.8, 372.8), (372.8, 372.8), (372.8, 372.8), (372.8, 372.8), (372.8, 372.8), (372.8, 372.8), (372.8, 372.8), (372.8, 372.8), (372.8, 372.8), (372.8, 372.8), (372.8, 372.8), (372.8, 372.8), (372.8, 372.8), (372.8, 372.8), (372.8, 372.8), (372.8, 372.8), (372.8, 372.8), (372.8, 372.8), (372.8, 372.8), (372.8, 372.8), (372.8, 372.8), (372.8, 372.8), (372.8, 372.8), (372.8, 372.8), (372.8, 372.8), (372.8, 372.8), (372.8, 372.8), (372.8, 372.8)]",0,7.5
speedrunner,bomberman,2,Bomb,1,0,39.2,0.926,"[(48.0, 48.0), (70.4, 50.8), (101.2, 50.8), (115.2, 67.6), (115.2, 95.6), (126.4, 115.2), (151.6, 115.2), (176.8, 120.8), (179.6, 143.2), (179.6, 171.2), (199.2, 179.6), (227.2, 179.6), (244.0, 193.6), (244.0, 218.8), (249.6, 244.0), (272.0, 244.0), (300.0, 246.8), (308.4, 269.2), (308.4, 297.2), (328.0, 308.4), (356.0, 308.4), (372.8, 325.2), (372.8, 347.6), (372.8, 370.0), (372.8, 372.8), (372.8, 372.8), (372.8, 372.8), (372.8, 372.8), (372.8, 372.8), (372.8, 372.8), (372.8, 372.8), (372.8, 372.8), (372.8, 372.8), (372.8, 372.8), (372.8, 372.8), (372.8, 372.8), (372.8, 372.8), (372.8, 372.8), (372.8, 372.8), (372.8, 372.8), (372.8, 372.8), (372.8, 372.8), (372.8, 372.8), (372.8, 372.8), (372.8, 372.8), (372.8, 372.8), (372.8, 372.8), (372.8, 372.8), (372.8, 372.8), (372.8, 372.8), (372.8, 372.8), (372.8, 372.8), (372.8, 372.8), (372.8, 372.8), (372.8, 372.8), (372.8, 372.8), (372.8, 372.8)]",0,7.5
speedrunner,bomberman,2,Bomb,1,0,39.2,0.926,"[(48.0, 48.0), (70.4, 50.8), (101.2, 50.8), (115.2, 67.6), (115.2, 95.6), (126.4, 115.2), (151.6, 115.2), (176.8, 120.8), (179.6, 143.2), (179.6, 171.2), (199.2, 179.6), (227.2, 179.6), (244.0, 193.6), (244.0, 218.8), (249.6, 244.0), (272.0, 244.0), (300.0, 246.8), (308.4, 269.2), (308.4, 297.2), (328.0, 308.4), (356.0, 308.4), (372.8, 325.2), (372.8, 347.6), (372.8, 370.0), (372.8, 372.8), (372.8, 372.8), (372.8, 372.8), (372.8, 372.8), (372.8, 372.8), (372.8, 372.8), (372.8, 372.8), (372.8, 372.8), (372.8, 372.8), (372.8, 372.8), (372.8, 372.8), (372.8, 372.8), (372.8, 372.8), (372.8, 372.8), (372.8, 372.8), (372.8, 372.8), (372.8, 372.8), (372.8, 372.8), (372.8, 372.8), (372.8, 372.8), (372.8, 372.8), (372.8, 372.8), (372.8, 372.8), (372.8, 372.8), (372.8, 372.8), (372.8, 372.8), (372.8, 372.8), (372.8, 372.8), (372.8, 372.8), (372.8, 372.8), (372.8, 372.8), (372.8, 372.8), (372.8, 372.8)]",0,7.5
speedrunner,bomberman,2,Bomb,1,0,39.2,0.926,"[(48.0, 48.0), (70.4, 50.8), (101.2, 50.8), (115.2, 67.6), (115.2, 90.0), (118.0, 112.4), (140.4, 115.2), (168.4, 115.2), (179.6, 134.8), (179.6, 157.2), (185.2, 179.6), (207.6, 179.6), (235.6, 179.6), (244.0, 202.0), (244.0, 224.4), (252.4, 244.0), (274.8, 244.0), (302.8, 249.6), (308.4, 272.0), (308.4, 294.4), (325.2, 308.4), (353.2, 308.4), (372.8, 322.4), (372.8, 344.8), (372.8, 367.2), (372.8, 372.8), (372.8, 372.8), (372.8, 372.8), (372.8, 372.8), (372.8, 372.8), (372.8, 372.8), (372.8, 372.8), (372.8, 372.8), (372.8, 372.8), (372.8, 372.8), (372.8, 372.8), (372.8, 372.8), (372.8, 372.8), (372.8, 372.8), (372.8, 372.8), (372.8, 372.8), (372.8, 372.8), (372.8, 372.8), (372.8, 372.8), (372.8, 372.8), (372.8, 372.8), (372.8, 372.8), (372.8, 372.8), (372.8, 372.8), (372.8, 372.8), (372.8, 372.8), (372.8, 372.8), (372.8, 372.8), (372.8, 372.8), (372.8, 372.8), (372.8, 372.8), (372.8, 372.8)]",0,7.5
speedrunner,bomberman,2,Bomb,1,0,39.95,0.926,"[(48.0, 48.0), (50.8, 70.4), (50.8, 92.8), (56.4, 115.2), (78.8, 115.2), (109.6, 118.0), (115.2, 140.4), (115.2, 162.8), (126.4, 179.6), (151.6, 179.6), (176.8, 185.2), (179.6, 207.6), (179.6, 230.0), (193.6, 244.0), (221.6, 244.0), (244.0, 252.4), (244.0, 274.8), (244.0, 297.2), (263.6, 308.4), (291.6, 308.4), (308.4, 325.2), (308.4, 347.6), (314.0, 370.0), (336.4, 372.8), (358.8, 372.8), (372.8, 372.8), (372.8, 372.8), (372.8, 372.8), (372.8, 372.8), (372.8, 372.8), (372.8, 372.8), (372.8, 372.8), (372.8, 372.8), (372.8, 372.8), (372.8, 372.8), (372.8, 372.8), (372.8, 372.8), (372.8, 372.8), (372.8, 372.8), (372.8, 372.8), (372.8, 372.8), (372.8, 372.8), (372.8, 372.8), (372.8, 372.8), (372.8, 372.8), (372.8, 372.8), (372.8, 372.8), (372.8, 372.8), (372.8, 372.8), (372.8, 372.8), (372.8, 372.8), (372.8, 372.8), (372.8, 372.8), (372.8, 372.8), (372.8, 372.8), (372.8, 372.8), (372.8, 372.8)]",0,7.5
speedrunner,bomberman,2,Bomb,1,0,29.4,0.926,"[(48.0, 48.0), (70.4, 50.8), (101.2, 50.8), (115.2, 67.6), (115.2, 90.0), (118.0, 112.4), (140.4, 115.2), (168.4, 115.2), (179.6, 134.8), (179.6, 157.2), (185.2, 179.6), (207.6, 179.6), (235.6, 179.6), (244.0, 202.0), (244.0, 224.4), (252.4, 244.0), (274.8, 244.0), (302.8, 249.6), (308.4, 272.0), (308.4, 294.4), (325.2, 308.4), (353.2, 308.4), (353.2, 308.4), (353.2, 308.4), (353.2, 308.4), (353.2, 308.4), (353.2, 308.4), (353.2, 308.4), (353.2, 308.4), (353.2, 308.4), (353.2, 308.4), (353.2, 308.4), (353.2, 308.4), (353.2, 308.4), (353.2, 308.4), (353.2, 308.4), (353.2, 308.4), (353.2, 308.4), (361.6, 308.4), (372.8, 330.8), (372.8, 353.2), (372.8, 372.8), (372.8, 372.8), (372.8, 372.8), (372.8, 372.8), (372.8, 372.8), (372.8, 372.8), (372.8, 372.8), (372.8, 372.8), (372.8, 372.8), (372.8, 372.8), (372.8, 372.8), (372.8, 372.8), (372.8, 372.8), (372.8, 372.8), (372.8, 372.8), (372.8, 372.8), (372.8, 372.8), (372.8, 372.8), (372.8, 372.8), (372.8, 372.8), (372.8, 372.8), (372.8, 372.8), (372.8, 372.8), (372.8, 372.8), (372.8, 372.8), (372.8, 372.8), (372.8, 372.8), (372.8, 372.8), (372.8, 372.8), (372.8, 372.8), (372.8, 372.8), (372.8, 372.8), (372.8, 372.8), (372.8, 372.8), (372.8, 372.8)]",0,10.0
speedrunner,bomberman,2,Bomb,1,0,39.2,0.926,"[(48.0, 48.0), (70.4, 50.8), (101.2, 50.8), (115.2, 67.6), (115.2, 95.6), (126.4, 115.2), (151.6, 115.2), (176.8, 120.8), (179.6, 143.2), (179.6, 171.2), (199.2, 179.6), (227.2, 179.6), (244.0, 193.6), (244.0, 218.8), (249.6, 244.0), (272.0, 244.0), (300.0, 246.8), (308.4, 269.2), (308.4, 297.2), (328.0, 308.4), (356.0, 308.4), (372.8, 325.2), (372.8, 347.6), (372.8, 370.0), (372.8, 372.8), (372.8, 372.8), (372.8, 372.8), (372.8, 372.8), (372.8, 372.8), (372.8, 372.8), (372.8, 372.8), (372.8, 372.8), (372.8, 372.8), (372.8, 372.8), (372.8, 372.8), (372.8, 372.8), (372.8, 372.8), (372.8, 372.8), (372.8, 372.8), (372.8, 372.8), (372.8, 372.8), (372.8, 372.8), (372.8, 372.8), (372.8, 372.8), (372.8, 372.8), (372.8, 372.8), (372.8, 372.8), (372.8, 372.8), (372.8, 372.8), (372.8, 372.8), (372.8, 372.8), (372.8, 372.8), (372.8, 372.8), (372.8, 372.8), (372.8, 372.8), (372.8, 372.8), (372.8, 372.8)]",0,7.5
speedrunner,bomberman,2,Bomb,1,0,39.95,0.926,"[(48.0, 48.0), (50.8, 70.4), (50.8, 92.8), (56.4, 115.2), (78.8, 115.2), (109.6, 118.0), (115.2, 140.4), (115.2, 162.8), (126.4, 179.6), (151.6, 179.6), (176.8, 185.2), (179.6, 207.6), (179.6, 230.0), (193.6, 244.0), (221.6, 244.0), (244.0, 252.4), (244.0, 274.8), (244.0, 297.2), (263.6, 308.4), (291.6, 308.4), (308.4, 325.2), (308.4, 347.6), (314.0, 370.0), (336.4, 372.8), (358.8, 372.8), (372.8, 372.8), (372.8, 372.8), (372.8, 372.8), (372.8, 372.8), (372.8, 372.8), (372.8, 372.8), (372.8, 372.8), (372.8, 372.8), (372.8, 372.8), (372.8, 372.8), (372.8, 372.8), (372.8, 372.8), (372.8, 372.8), (372.8, 372.8), (372.8, 372.8), (372.8, 372.8), (372.8, 372.8), (372.8, 372.8), (372.8, 372.8), (372.8, 372.8), (372.8, 372.8), (372.8, 372.8), (372.8, 372.8), (372.8, 372.8), (372.8, 372.8), (372.8, 372.8), (372.8, 372.8), (372.8, 372.8), (372.8, 372.8), (372.8, 372.8), (372.8, 372.8), (372.8, 372.8)]",0,7.5
speedrunner,bomberman,2,Bomb,1,0,29.4,0.926,"[(48.0, 48.0), (70.4, 50.8), (101.2, 50.8), (115.2, 67.6), (115.2, 90.0), (118.0, 112.4), (140.4, 115.2), (168.4, 115.2), (179.6, 134.8), (179.6, 157.2), (185.2, 179.6), (207.6, 179.6), (235.6, 179.6), (244.0, 202.0), (244.0, 224.4), (252.4, 244.0), (274.8, 244.0), (302.8, 249.6), (308.4, 272.0), (308.4, 294.4), (325.2, 308.4), (353.2, 308.4), (353.2, 308.4), (353.2, 308.4), (353.2, 308.4), (353.2, 308.4), (353.2, 308.4), (353.2, 308.4), (353.2, 308.4), (353.2, 308.4), (353.2, 308.4), (353.2, 308.4), (353.2, 308.4), (353.2, 308.4), (353.2, 308.4), (353.2, 308.4), (353.2, 308.4), (353.2, 308.4), (364.4, 311.2), (372.8, 333.6), (372.8, 356.0), (372.8, 372.8), (372.8, 372.8), (372.8, 372.8), (372.8, 372.8), (372.8, 372.8), (372.8, 372.8), (372.8, 372.8), (372.8, 372.8), (372.8, 372.8), (372.8, 372.8), (372.8, 372.8), (372.8, 372.8), (372.8, 372.8), (372.8, 372.8), (372.8, 372.8), (372.8, 372.8), (372.8, 372.8), (372.8, 372.8), (372.8, 372.8), (372.8, 372.8), (372.8, 372.8), (372.8, 372.8), (372.8, 372.8), (372.8, 372.8), (372.8, 372.8), (372.8, 372.8), (372.8, 372.8), (372.8, 372.8), (372.8, 372.8), (372.8, 372.8), (372.8, 372.8), (372.8, 372.8), (372.8, 372.8), (372.8, 372.8), (372.8, 372.8)]",0,10.0
speedrunner,bomberman,2,Bomb,1,0,39.2,0.926,"[(48.0, 48.0), (70.4, 50.8), (101.2, 50.8), (115.2, 67.6), (115.2, 90.0), (118.0, 112.4), (140.4, 115.2), (168.4, 115.2), (179.6, 134.8), (179.6, 157.2), (185.2, 179.6), (207.6, 179.6), (235.6, 179.6), (244.0, 202.0), (244.0, 224.4), (252.4, 244.0), (274.8, 244.0), (302.8, 249.6), (308.4, 272.0), (308.4, 294.4), (325.2, 308.4), (353.2, 308.4), (372.8, 322.4), (372.8, 344.8), (372.8, 367.2), (372.8, 372.8), (372.8, 372.8), (372.8, 372.8), (372.8, 372.8), (372.8, 372.8), (372.8, 372.8), (372.8, 372.8), (372.8, 372.8), (372.8, 372.8), (372.8, 372.8), (372.8, 372.8), (372.8, 372.8), (372.8, 372.8), (372.8, 372.8), (372.8, 372.8), (372.8, 372.8), (372.8, 372.8), (372.8, 372.8), (372.8, 372.8), (372.8, 372.8), (372.8, 372.8), (372.8, 372.8), (372.8, 372.8), (372.8, 372.8), (372.8, 372.8), (372.8, 372.8), (372.8, 372.8), (372.8, 372.8), (372.8, 372.8), (372.8, 372.8), (372.8, 372.8), (372.8, 372.8)]",0,7.5
speedrunner,bomberman,2,Bomb,1,0,29.4,0.926,"[(48.0, 48.0), (70.4, 50.8), (101.2, 50.8), (115.2, 67.6), (115.2, 90.0), (118.0, 112.4), (140.4, 115.2), (168.4, 115.2), (179.6, 134.8), (179.6, 157.2), (185.2, 179.6), (207.6, 179.6), (235.6, 179.6), (244.0, 202.0), (244.0, 224.4), (252.4, 244.0), (274.8, 244.0), (302.8, 249.6), (308.4, 272.0), (308.4, 294.4), (325.2, 308.4), (353.2, 308.4), (353.2, 308.4), (353.2, 308.4), (353.2, 308.4), (353.2, 308.4), (353.2, 308.4), (353.2, 308.4), (353.2, 308.4), (353.2, 308.4), (353.2, 308.4), (353.2, 308.4), (353.2, 308.4), (353.2, 308.4), (353.2, 308.4), (353.2, 308.4), (353.2, 308.4), (353.2, 308.4), (364.4, 311.2), (372.8, 333.6), (372.8, 356.0), (372.8, 372.8), (372.8, 372.8), (372.8, 372.8), (372.8, 372.8), (372.8, 372.8), (372.8, 372.8), (372.8, 372.8), (372.8, 372.8), (372.8, 372.8), (372.8, 372.8), (372.8, 372.8), (372.8, 372.8), (372.8, 372.8), (372.8, 372.8), (372.8, 372.8), (372.8, 372.8), (372.8, 372.8), (372.8, 372.8), (372.8, 372.8), (372.8, 372.8), (372.8, 372.8), (372.8, 372.8), (372.8, 372.8), (372.8, 372.8), (372.8, 372.8), (372.8, 372.8), (372.8, 372.8), (372.8, 372.8), (372.8, 372.8), (372.8, 372.8), (372.8, 372.8), (372.8, 372.8), (372.8, 372.8), (372.8, 372.8), (372.8, 372.8)]",0,10.0
speedrunner,bomberman,2,Bomb,1,0,29.4,0.926,"[(48.0, 48.0), (70.4, 50.8), (101.2, 50.8), (115.2, 67.6), (115.2, 90.0), (118.0, 112.4), (140.4, 115.2), (168.4, 115.2), (179.6, 134.8), (179.6, 157.2), (185.2, 179.6), (207.6, 179.6), (235.6, 179.6), (244.0, 202.0), (244.0, 224.4), (252.4, 244.0), (274.8, 244.0), (302.8, 249.6), (308.4, 272.0), (308.4, 294.4), (325.2, 308.4), (353.2, 308.4), (353.2, 308.4), (353.2, 308.4), (353.2, 308.4), (353.2, 308.4), (353.2, 308.4), (353.2, 308.4), (353.2, 308.4), (353.2, 308.4), (353.2, 308.4), (353.2, 308.4), (353.2, 308.4), (353.2, 308.4), (353.2, 308.4), (353.2, 308.4), (353.2, 308.4), (353.2, 308.4), (364.4, 311.2), (372.8, 333.6), (372.8, 356.0), (372.8, 372.8), (372.8, 372.8), (372.8, 372.8), (372.8, 372.8), (372.8, 372.8), (372.8, 372.8), (372.8, 372.8), (372.8, 372.8), (372.8, 372.8), (372.8, 372.8), (372.8, 372.8), (372.8, 372.8), (372.8, 372.8), (372.8, 372.8), (372.8, 372.8), (372.8, 372.8), (372.8, 372.8), (372.8, 372.8), (372.8, 372.8), (372.8, 372.8), (372.8, 372.8), (372.8, 372.8), (372.8, 372.8), (372.8, 372.8), (372.8, 372.8), (372.8, 372.8), (372.8, 372.8), (372.8, 372.8), (372.8, 372.8), (372.8, 372.8), (372.8, 372.8), (372.8, 372.8), (372.8, 372.8), (372.8, 372.8), (372.8, 372.8)]",0,10.0
speedrunner,bomberman,2,Bomb,1,0,39.2,0.926,"[(48.0, 48.0), (70.4, 50.8), (101.2, 50.8), (115.2, 67.6), (115.2, 90.0), (118.0, 112.4), (140.4, 115.2), (168.4, 115.2), (179.6, 134.8), (179.6, 157.2), (185.2, 179.6), (207.6, 179.6), (235.6, 179.6), (244.0, 202.0), (244.0, 224.4), (252.4, 244.0), (274.8, 244.0), (302.8, 249.6), (308.4, 272.0), (308.4, 294.4), (325.2, 308.4), (353.2, 308.4), (372.8, 322.4), (372.8, 344.8), (372.8, 367.2), (372.8, 372.8), (372.8, 372.8), (372.8, 372.8), (372.8, 372.8), (372.8, 372.8), (372.8, 372.8), (372.8, 372.8), (372.8, 372.8), (372.8, 372.8), (372.8, 372.8), (372.8, 372.8), (372.8, 372.8), (372.8, 372.8), (372.8, 372.8), (372.8, 372.8), (372.8, 372.8), (372.8, 372.8), (372.8, 372.8), (372.8, 372.8), (372.8, 372.8), (372.8, 372.8), (372.8, 372.8), (372.8, 372.8), (372.8, 372.8), (372.8, 372.8), (372.8, 372.8), (372.8, 372.8), (372.8, 372.8), (372.8, 372.8), (372.8, 372.8), (372.8, 372.8), (372.8, 372.8)]",0,7.5
speedrunner,bomberman,2,Bomb,1,0,29.4,0.926,"[(48.0, 48.0), (70.4, 50.8), (101.2, 50.8), (115.2, 67.6), (115.2, 90.0), (118.0, 112.4), (140.4, 115.2), (168.4, 115.2), (179.6, 134.8), (179.6, 157.2), (185.2, 179.6), (207.6, 179.6), (235.6, 179.6), (244.0, 202.0), (244.0, 224.4), (252.4, 244.0), (274.8, 244.0), (302.8, 249.6), (308.4, 272.0), (308.4, 294.4), (325.2, 308.4), (353.2, 308.4), (353.2, 308.4), (353.2, 308.4), (353.2, 308.4), (353.2, 308.4), (353.2, 308.4), (353.2, 308.4), (353.2, 308.4), (353.2, 308.4), (353.2, 308.4), (353.2, 308.4), (353.2, 308.4), (353.2, 308.4), (353.2, 308.4), (353.2, 308.4), (353.2, 308.4), (353.2, 308.4), (364.4, 311.2), (372.8, 333.6), (372.8, 356.0), (372.8, 372.8), (372.8, 372.8), (372.8, 372.8), (372.8, 372.8), (372.8, 372.8), (372.8, 372.8), (372.8, 372.8), (372.8, 372.8), (372.8, 372.8), (372.8, 372.8), (372.8, 372.8), (372.8, 372.8), (372.8, 372.8), (372.8, 372.8), (372.8, 372.8), (372.8, 372.8), (372.8, 372.8), (372.8, 372.8), (372.8, 372.8), (372.8, 372.8), (372.8, 372.8), (372.8, 372.8), (372.8, 372.8), (372.8, 372.8), (372.8, 372.8), (372.8, 372.8), (372.8, 372.8), (372.8, 372.8), (372.8, 372.8), (372.8, 372.8), (372.8, 372.8), (372.8, 372.8), (372.8, 372.8), (372.8, 372.8), (372.8, 372.8)]",0,10.0
speedrunner,bomberman,2,Bomb,1,0,39.95,0.926,"[(48.0, 48.0), (50.8, 70.4), (50.8, 92.8), (56.4, 115.2), (78.8, 115.2), (109.6, 118.0), (115.2, 140.4), (115.2, 162.8), (126.4, 179.6), (151.6, 179.6), (176.8, 185.2), (179.6, 207.6), (179.6, 230.0), (193.6, 244.0), (221.6, 244.0), (244.0, 252.4), (244.0, 274.8), (244.0, 297.2), (263.6, 308.4), (291.6, 308.4), (308.4, 325.2), (308.4, 347.6), (314.0, 370.0), (336.4, 372.8), (358.8, 372.8), (372.8, 372.8), (372.8, 372.8), (372.8, 372.8), (372.8, 372.8), (372.8, 372.8), (372.8, 372.8), (372.8, 372.8), (372.8, 372.8), (372.8, 372.8), (372.8, 372.8), (372.8, 372.8), (372.8, 372.8), (372.8, 372.8), (372.8, 372.8), (372.8, 372.8), (372.8, 372.8), (372.8, 372.8), (372.8, 372.8), (372.8, 372.8), (372.8, 372.8), (372.8, 372.8), (372.8, 372.8), (372.8, 372.8), (372.8, 372.8), (372.8, 372.8), (372.8, 372.8), (372.8, 372.8), (372.8, 372.8), (372.8, 372.8), (372.8, 372.8), (372.8, 372.8), (372.8, 372.8)]",0,7.5
speedrunner,bomberman,2,Bomb,1,0,39.2,0.926,"[(48.0, 48.0), (70.4, 50.8), (101.2, 50.8), (115.2, 67.6), (115.2, 95.6), (126.4, 115.2), (151.6, 115.2), (176.8, 120.8), (179.6, 143.2), (179.6, 171.2), (199.2, 179.6), (227.2, 179.6), (244.0, 193.6), (244.0, 218.8), (246.8, 241.2), (269.2, 244.0), (297.2, 244.0), (308.4, 266.4), (308.4, 288.8), (316.8, 308.4), (339.2, 308.4), (367.2, 314.0), (372.8, 336.4), (372.8, 358.8), (372.8, 372.8), (372.8, 372.8), (372.8, 372.8), (372.8, 372.8), (372.8, 372.8), (372.8, 372.8), (372.8, 372.8), (372.8, 372.8), (372.8, 372.8), (372.8, 372.8), (372.8, 372.8), (372.8, 372.8), (372.8, 372.8), (372.8, 372.8), (372.8, 372.8), (372.8, 372.8), (372.8, 372.8), (372.8, 372.8), (372.8, 372.8), (372.8, 372.8), (372.8, 372.8), (372.8, 372.8), (372.8, 372.8), (372.8, 372.8), (372.8, 372.8), (372.8, 372.8), (372.8, 372.8), (372.8, 372.8), (372.8, 372.8), (372.8, 372.8), (372.8, 372.8), (372.8, 372.8), (372.8, 372.8)]",0,7.5
speedrunner,bomberman,2,Bomb,1,0,39.2,0.926,"[(48.0, 48.0), (70.4, 50.8), (101.2, 50.8), (115.2, 67.6), (115.2, 95.6), (126.4, 115.2), (151.6, 115.2), (176.8, 120.8), (179.6, 143.2), (179.6, 171.2), (199.2, 179.6), (227.2, 179.6), (244.0, 193.6), (244.0, 216.0), (244.0, 238.4), (266.4, 244.0), (294.4, 244.0), (308.4, 263.6), (308.4, 286.0), (316.8, 308.4), (339.2, 308.4), (367.2, 314.0), (372.8, 336.4), (372.8, 358.8), (372.8, 372.8), (372.8, 372.8), (372.8, 372.8), (372.8, 372.8), (372.8, 372.8), (372.8, 372.8), (372.8, 372.8), (372.8, 372.8), (372.8, 372.8), (372.8, 372.8), (372.8, 372.8), (372.8, 372.8), (372.8, 372.8), (372.8, 372.8), (372.8, 372.8), (372.8, 372.8), (372.8, 372.8), (372.8, 372.8), (372.8, 372.8), (372.8, 372.8), (372.8, 372.8), (372.8, 372.8), (372.8, 372.8), (372.8, 372.8), (372.8, 372.8), (372.8, 372.8), (372.8, 372.8), (372.8, 372.8), (372.8, 372.8), (372.8, 372.8), (372.8, 372.8), (372.8, 372.8), (372.8, 372.8)]",0,7.5
speedrunner,bomberman,2,Bomb,1,0,39.2,0.926,"[(48.0, 48.0), (70.4, 50.8), (101.2, 50.8), (115.2, 67.6), (115.2, 95.6), (126.4, 115.2), (151.6, 115.2), (176.8, 120.8), (179.6, 143.2), (179.6, 165.6), (193.6, 179.6), (221.6, 179.6), (244.0, 188.0), (244.0, 210.4), (244.0, 238.4), (266.4, 244.0), (294.4, 244.0), (308.4, 263.6), (308.4, 291.6), (322.4, 308.4), (350.4, 308.4), (372.8, 319.6), (372.8, 342.0), (372.8, 364.4), (372.8, 372.8), (372.8, 372.8), (372.8, 372.8), (372.8, 372.8), (372.8, 372.8), (372.8, 372.8), (372.8, 372.8), (372.8, 372.8), (372.8, 372.8), (372.8, 372.8), (372.8, 372.8), (372.8, 372.8), (372.8, 372.8), (372.8, 372.8), (372.8, 372.8), (372.8, 372.8), (372.8, 372.8), (372.8, 372.8), (372.8, 372.8), (372.8, 372.8), (372.8, 372.8), (372.8, 372.8), (372.8, 372.8), (372.8, 372.8), (372.8, 372.8), (372.8, 372.8), (372.8, 372.8), (372.8, 372.8), (372.8, 372.8), (372.8, 372.8), (372.8, 372.8), (372.8, 372.8), (372.8, 372.8)]",0,7.5
speedrunner,bomberman,2,Bomb,1,0,39.2,0.926,"[(48.0, 48.0), (70.4, 50.8), (101.2, 50.8), (115.2, 67.6), (115.2, 95.6), (126.4, 115.2), (151.6, 115.2), (176.8, 120.8), (179.6, 143.2), (179.6, 171.2), (199.2, 179.6), (227.2, 179.6), (244.0, 193.6), (244.0, 218.8), (249.6, 244.0), (272.0, 244.0), (300.0, 246.8), (308.4, 269.2), (308.4, 297.2), (328.0, 308.4), (356.0, 308.4), (372.8, 325.2), (372.8, 347.6), (372.8, 370.0), (372.8, 372.8), (372.8, 372.8), (372.8, 372.8), (372.8, 372.8), (372.8, 372.8), (372.8, 372.8), (372.8, 372.8), (372.8, 372.8), (372.8, 372.8), (372.8, 372.8), (372.8, 372.8), (372.8, 372.8), (372.8, 372.8), (372.8, 372.8), (372.8, 372.8), (372.8, 372.8), (372.8, 372.8), (372.8, 372.8), (372.8, 372.8), (372.8, 372.8), (372.8, 372.8), (372.8, 372.8), (372.8, 372.8), (372.8, 372.8), (372.8, 372.8), (372.8, 372.8), (372.8, 372.8), (372.8, 372.8), (372.8, 372.8), (372.8, 372.8), (372.8, 372.8), (372.8, 372.8), (372.8, 372.8)]",0,7.5
speedrunner,bomberman,2,Bomb,1,0,39.2,0.926,"[(48.0, 48.0), (70.4, 50.8), (101.2, 50.8), (115.2, 67.6), (115.2, 90.0), (118.0, 112.4), (140.4, 115.2), (168.4, 115.2), (179.6, 134.8), (179.6, 157.2), (185.2, 179.6), (207.6, 179.6), (235.6, 179.6), (244.0, 202.0), (244.0, 224.4), (252.4, 244.0), (274.8, 244.0), (302.8, 249.6), (308.4, 272.0), (308.4, 294.4), (325.2, 308.4), (353.2, 308.4), (372.8, 322.4), (372.8, 344.8), (372.8, 367.2), (372.8, 372.8), (372.8, 372.8), (372.8, 372.8), (372.8, 372.8), (372.8, 372.8), (372.8, 372.8), (372.8, 372.8), (372.8, 372.8), (372.8, 372.8), (372.8, 372.8), (372.8, 372.8), (372.8, 372.8), (372.8, 372.8), (372.8, 372.8), (372.8, 372.8), (372.8, 372.8), (372.8, 372.8), (372.8, 372.8), (372.8, 372.8), (372.8, 372.8), (372.8, 372.8), (372.8, 372.8), (372.8, 372.8), (372.8, 372.8), (372.8, 372.8), (372.8, 372.8), (372.8, 372.8), (372.8, 372.8), (372.8, 372.8), (372.8, 372.8), (372.8, 372.8), (372.8, 372.8)]",0,7.5
speedrunner,bomberman,2,Bomb,1,0,39.95,0.926,"[(48.0, 48.0), (50.8, 70.4), (50.8, 92.8), (56.4, 115.2), (78.8, 115.2), (109.6, 118.0), (115.2, 140.4), (115.2, 162.8), (126.4, 179.6), (151.6, 179.6), (176.8, 185.2), (179.6, 207.6), (179.6, 230.0), (193.6, 244.0), (221.6, 244.0), (244.0, 252.4), (244.0, 274.8), (244.0, 297.2), (263.6, 308.4), (291.6, 308.4), (308.4, 325.2), (308.4, 347.6), (314.0, 370.0), (336.4, 372.8), (358.8, 372.8), (372.8, 372.8), (372.8, 372.8), (372.8, 372.8), (372.8, 372.8), (372.8, 372.8), (372.8, 372.8), (372.8, 372.8), (372.8, 372.8), (372.8, 372.8), (372.8, 372.8), (372.8, 372.8), (372.8, 372.8), (372.8, 372.8), (372.8, 372.8), (372.8, 372.8), (372.8, 372.8), (372.8, 372.8), (372.8, 372.8), (372.8, 372.8), (372.8, 372.8), (372.8, 372.8), (372.8, 372.8), (372.8, 372.8), (372.8, 372.8), (372.8, 372.8), (372.8, 372.8), (372.8, 372.8), (372.8, 372.8), (372.8, 372.8), (372.8, 372.8), (372.8, 372.8), (372.8, 372.8)]",0,7.5
speedrunner,bomberman,2,Bomb,1,0,39.95,0.926,"[(48.0, 48.0), (50.8, 70.4), (50.8, 92.8), (56.4, 115.2), (78.8, 115.2), (109.6, 118.0), (115.2, 140.4), (115.2, 162.8), (126.4, 179.6), (151.6, 179.6), (176.8, 185.2), (179.6, 207.6), (179.6, 230.0), (193.6, 244.0), (221.6, 244.0), (244.0, 252.4), (244.0, 274.8), (244.0, 297.2), (263.6, 308.4), (291.6, 308.4), (308.4, 325.2), (308.4, 347.6), (314.0, 370.0), (336.4, 372.8), (358.8, 372.8), (372.8, 372.8), (372.8, 372.8), (372.8, 372.8), (372.8, 372.8), (372.8, 372.8), (372.8, 372.8), (372.8, 372.8), (372.8, 372.8), (372.8, 372.8), (372.8, 372.8), (372.8, 372.8), (372.8, 372.8), (372.8, 372.8), (372.8, 372.8), (372.8, 372.8), (372.8, 372.8), (372.8, 372.8), (372.8, 372.8), (372.8, 372.8), (372.8, 372.8), (372.8, 372.8), (372.8, 372.8), (372.8, 372.8), (372.8, 372.8), (372.8, 372.8), (372.8, 372.8), (372.8, 372.8), (372.8, 372.8), (372.8, 372.8), (372.8, 372.8), (372.8, 372.8), (372.8, 372.8)]",0,7.5
speedrunner,bomberman,2,Bomb,1,0,39.2,0.926,"[(48.0, 48.0), (70.4, 50.8), (101.2, 50.8), (115.2, 67.6), (115.2, 90.0), (118.0, 112.4), (140.4, 115.2), (168.4, 115.2), (179.6, 134.8), (179.6, 157.2), (185.2, 179.6), (207.6, 179.6), (235.6, 179.6), (244.0, 202.0), (244.0, 224.4), (252.4, 244.0), (274.8, 244.0), (302.8, 249.6), (308.4, 272.0), (308.4, 294.4), (325.2, 308.4), (353.2, 308.4), (372.8, 322.4), (372.8, 344.8), (372.8, 367.2), (372.8, 372.8), (372.8, 372.8), (372.8, 372.8), (372.8, 372.8), (372.8, 372.8), (372.8, 372.8), (372.8, 372.8), (372.8, 372.8), (372.8, 372.8), (372.8, 372.8), (372.8, 372.8), (372.8, 372.8), (372.8, 372.8), (372.8, 372.8), (372.8, 372.8), (372.8, 372.8), (372.8, 372.8), (372.8, 372.8), (372.8, 372.8), (372.8, 372.8), (372.8, 372.8), (372.8, 372.8), (372.8, 372.8), (372.8, 372.8), (372.8, 372.8), (372.8, 372.8), (372.8, 372.8), (372.8, 372.8), (372.8, 372.8), (372.8, 372.8), (372.8, 372.8), (372.8, 372.8)]",0,7.5
speedrunner,bomberman,2,Bomb,1,0,39.2,0.926,"[(48.0, 48.0), (70.4, 50.8), (101.2, 50.8), (115.2, 67.6), (115.2, 95.6), (126.4, 115.2), (151.6, 115.2), (176.8, 120.8), (179.6, 143.2), (179.6, 171.2), (199.2, 179.6), (227.2, 179.6), (244.0, 193.6), (244.0, 218.8), (249.6, 244.0), (272.0, 244.0), (300.0, 246.8), (308.4, 269.2), (308.4, 297.2), (328.0, 308.4), (356.0, 308.4), (372.8, 325.2), (372.8, 347.6), (372.8, 370.0), (372.8, 372.8), (372.8, 372.8), (372.8, 372.8), (372.8, 372.8), (372.8, 372.8), (372.8, 372.8), (372.8, 372.8), (372.8, 372.8), (372.8, 372.8), (372.8, 372.8), (372.8, 372.8), (372.8, 372.8), (372.8, 372.8), (372.8, 372.8), (372.8, 372.8), (372.8, 372.8), (372.8, 372.8), (372.8, 372.8), (372.8, 372.8), (372.8, 372.8), (372.8, 372.8), (372.8, 372.8), (372.8, 372.8), (372.8, 372.8), (372.8, 372.8), (372.8, 372.8), (372.8, 372.8), (372.8, 372.8), (372.8, 372.8), (372.8, 372.8), (372.8, 372.8), (372.8, 372.8), (372.8, 372.8)]",0,7.5
speedrunner,bomberman,2,Bomb,1,0,39.2,0.926,"[(48.0, 48.0), (70.4, 50.8), (101.2, 50.8), (115.2, 67.6), (115.2, 95.6), (126.4, 115.2), (151.6, 115.2), (176.8, 120.8), (179.6, 143.2), (179.6, 165.6), (193.6, 179.6), (221.6, 179.6), (244.0, 188.0), (244.0, 210.4), (244.0, 238.4), (266.4, 244.0), (294.4, 244.0), (308.4, 263.6), (308.4, 291.6), (322.4, 308.4), (350.4, 308.4), (372.8, 319.6), (372.8, 342.0), (372.8, 364.4), (372.8, 372.8), (372.8, 372.8), (372.8, 372.8), (372.8, 372.8), (372.8, 372.8), (372.8, 372.8), (372.8, 372.8), (372.8, 372.8), (372.8, 372.8), (372.8, 372.8), (372.8, 372.8), (372.8, 372.8), (372.8, 372.8), (372.8, 372.8), (372.8, 372.8), (372.8, 372.8), (372.8, 372.8), (372.8, 372.8), (372.8, 372.8), (372.8, 372.8), (372.8, 372.8), (372.8, 372.8), (372.8, 372.8), (372.8, 372.8), (372.8, 372.8), (372.8, 372.8), (372.8, 372.8), (372.8, 372.8), (372.8, 372.8), (372.8, 372.8), (372.8, 372.8), (372.8, 372.8), (372.8, 372.8)]",0,7.5
speedrunner,bomberman,2,Bomb,1,0,39.95,0.926,"[(48.0, 48.0), (50.8, 70.4), (50.8, 92.8), (56.4, 115.2), (78.8, 115.2), (109.6, 118.0), (115.2, 140.4), (115.2, 162.8), (126.4, 179.6), (151.6, 179.6), (176.8, 185.2), (179.6, 207.6), (179.6, 230.0), (193.6, 244.0), (221.6, 244.0), (244.0, 252.4), (244.0, 274.8), (244.0, 297.2), (263.6, 308.4), (291.6, 308.4), (308.4, 325.2), (308.4, 353.2), (319.6, 372.8), (342.0, 372.8), (364.4, 372.8), (372.8, 372.8), (372.8, 372.8), (372.8, 372.8), (372.8, 372.8), (372.8, 372.8), (372.8, 372.8), (372.8, 372.8), (372.8, 372.8), (372.8, 372.8), (372.8, 372.8), (372.8, 372.8), (372.8, 372.8), (372.8, 372.8), (372.8, 372.8), (372.8, 372.8), (372.8, 372.8), (372.8, 372.8), (372.8, 372.8), (372.8, 372.8), (372.8, 372.8), (372.8, 372.8), (372.8, 372.8), (372.8, 372.8), (372.8, 372.8), (372.8, 372.8), (372.8, 372.8), (372.8, 372.8), (372.8, 372.8), (372.8, 372.8), (372.8, 372.8), (372.8, 372.8), (372.8, 372.8)]",0,7.5
speedrunner,bomberman,2,Bomb,1,0,39.2,0.926,"[(48.0, 48.0), (70.4, 50.8), (101.2, 50.8), (115.2, 67.6), (115.2, 95.6), (126.4, 115.2), (151.6, 115.2), (176.8, 120.8), (179.6, 143.2), (179.6, 171.2), (199.2, 179.6), (227.2, 179.6), (244.0, 193.6), (244.0, 218.8), (249.6, 244.0), (272.0, 244.0), (300.0, 246.8), (308.4, 269.2), (308.4, 297.2), (328.0, 308.4), (356.0, 308.4), (372.8, 325.2), (372.8, 347.6), (372.8, 370.0), (372.8, 372.8), (372.8, 372.8), (372.8, 372.8), (372.8, 372.8), (372.8, 372.8), (372.8, 372.8), (372.8, 372.8), (372.8, 372.8), (372.8, 372.8), (372.8, 372.8), (372.8, 372.8), (372.8, 372.8), (372.8, 372.8), (372.8, 372.8), (372.8, 372.8), (372.8, 372.8), (372.8, 372.8), (372.8, 372.8), (372.8, 372.8), (372.8, 372.8), (372.8, 372.8), (372.8, 372.8), (372.8, 372.8), (372.8, 372.8), (372.8, 372.8), (372.8, 372.8), (372.8, 372.8), (372.8, 372.8), (372.8, 372.8), (372.8, 372.8), (372.8, 372.8), (372.8, 372.8), (372.8, 372.8)]",0,7.5
speedrunner,bomberman,2,Bomb,1,0,39.2,0.926,"[(48.0, 48.0), (70.4, 50.8), (101.2, 50.8), (115.2, 67.6), (115.2, 90.0), (118.0, 112.4), (140.4, 115.2), (168.4, 115.2), (179.6, 134.8), (179.6, 157.2), (185.2, 179.6), (207.6, 179.6), (235.6, 179.6), (244.0, 202.0), (244.0, 224.4), (252.4, 244.0), (274.8, 244.0), (302.8, 249.6), (308.4, 272.0), (308.4, 294.4), (325.2, 308.4), (353.2, 308.4), (372.8, 322.4), (372.8, 344.8), (372.8, 367.2), (372.8, 372.8), (372.8, 372.8), (372.8, 372.8), (372.8, 372.8), (372.8, 372.8), (372.8, 372.8), (372.8, 372.8), (372.8, 372.8), (372.8, 372.8), (372.8, 372.8), (372.8, 372.8), (372.8, 372.8), (372.8, 372.8), (372.8, 372.8), (372.8, 372.8), (372.8, 372.8), (372.8, 372.8), (372.8, 372.8), (372.8, 372.8), (372.8, 372.8), (372.8, 372.8), (372.8, 372.8), (372.8, 372.8), (372.8, 372.8), (372.8, 372.8), (372.8, 372.8), (372.8, 372.8), (372.8, 372.8), (372.8, 372.8), (372.8, 372.8), (372.8, 372.8), (372.8, 372.8)]",0,7.5
speedrunner,bomberman,2,Bomb,1,0,39.2,0.926,"[(48.0, 48.0), (70.4, 50.8), (101.2, 50.8), (115.2, 67.6), (115.2, 95.6), (126.4, 115.2), (151.6, 115.2), (176.8, 120.8), (179.6, 143.2), (179.6, 171.2), (199.2, 179.6), (227.2, 179.6), (244.0, 193.6), (244.0, 218.8), (249.6, 244.0), (272.0, 244.0), (300.0, 246.8), (308.4, 269.2), (308.4, 297.2), (328.0, 308.4), (356.0, 308.4), (372.8, 325.2), (372.8, 347.6), (372.8, 370.0), (372.8, 372.8), (372.8, 372.8), (372.8, 372.8), (372.8, 372.8), (372.8, 372.8), (372.8, 372.8), (372.8, 372.8), (372.8, 372.8), (372.8, 372.8), (372.8, 372.8), (372.8, 372.8), (372.8, 372.8), (372.8, 372.8), (372.8, 372.8), (372.8, 372.8), (372.8, 372.8), (372.8, 372.8), (372.8, 372.8), (372.8, 372.8), (372.8, 372.8), (372.8, 372.8), (372.8, 372.8), (372.8, 372.8), (372.8, 372.8), (372.8, 372.8), (372.8, 372.8), (372.8, 372.8), (372.8, 372.8), (372.8, 372.8), (372.8, 372.8), (372.8, 372.8), (372.8, 372.8), (372.8, 372.8)]",0,7.5
speedrunner,bomberman,2,Bomb,1,0,39.2,0.926,"[(48.0, 48.0), (70.4, 50.8), (101.2, 50.8), (115.2, 67.6), (115.2, 95.6), (126.4, 115.2), (151.6, 115.2), (176.8, 120.8), (179.6, 143.2), (179.6, 168.4), (196.4, 179.6), (224.4, 179.6), (244.0, 190.8), (244.0, 213.2), (244.0, 235.6), (263.6, 244.0), (291.6, 244.0), (308.4, 260.8), (308.4, 283.2), (311.2, 305.6), (333.6, 308.4), (361.6, 308.4), (372.8, 330.8), (372.8, 353.2), (372.8, 372.8), (372.8, 372.8), (372.8, 372.8), (372.8, 372.8), (372.8, 372.8), (372.8, 372.8), (372.8, 372.8), (372.8, 372.8), (372.8, 372.8), (372.8, 372.8), (372.8, 372.8), (372.8, 372.8), (372.8, 372.8), (372.8, 372.8), (372.8, 372.8), (372.8, 372.8), (372.8, 372.8), (372.8, 372.8), (372.8, 372.8), (372.8, 372.8), (372.8, 372.8), (372.8, 372.8), (372.8, 372.8), (372.8, 372.8), (372.8, 372.8), (372.8, 372.8), (372.8, 372.8), (372.8, 372.8), (372.8, 372.8), (372.8, 372.8), (372.8, 372.8), (372.8, 372.8), (372.8, 372.8)]",0,7.5
speedrunner,bomberman,2,Bomb,1,0,39.95,0.926,"[(48.0, 48.0), (50.8, 70.4), (50.8, 92.8), (56.4, 115.2), (78.8, 115.2), (109.6, 118.0), (115.2, 140.4), (115.2, 162.8), (126.4, 179.6), (151.6, 179.6), (176.8, 185.2), (179.6, 207.6), (179.6, 230.0), (193.6, 244.0), (221.6, 244.0), (244.0, 252.4), (244.0, 274.8), (244.0, 297.2), (263.6, 308.4), (291.6, 308.4), (308.4, 325.2), (308.4, 353.2), (319.6, 372.8), (342.0, 372.8), (364.4, 372.8), (372.8, 372.8), (372.8, 372.8), (372.8, 372.8), (372.8, 372.8), (372.8, 372.8), (372.8, 372.8), (372.8, 372.8), (372.8, 372.8), (372.8, 372.8), (372.8, 372.8), (372.8, 372.8), (372.8, 372.8), (372.8, 372.8), (372.8, 372.8), (372.8, 372.8), (372.8, 372.8), (372.8, 372.8), (372.8, 372.8), (372.8, 372.8), (372.8, 372.8), (372.8, 372.8), (372.8, 372.8), (372.8, 372.8), (372.8, 372.8), (372.8, 372.8), (372.8, 372.8), (372.8, 372.8), (372.8, 372.8), (372.8, 372.8), (372.8, 372.8), (372.8, 372.8), (372.8, 372.8)]",0,7.5
speedrunner,bomberman,2,Bomb,1,0,39.95,0.926,"[(48.0, 48.0), (50.8, 70.4), (50.8, 92.8), (56.4, 115.2), (78.8, 115.2), (109.6, 118.0), (115.2, 140.4), (115.2, 162.8), (126.4, 179.6), (151.6, 179.6), (176.8, 185.2), (179.6, 207.6), (179.6, 230.0), (193.6, 244.0), (221.6, 244.0), (244.0, 252.4), (244.0, 274.8), (244.0, 297.2), (263.6, 308.4), (291.6, 308.4), (308.4, 325.2), (308.4, 353.2), (319.6, 372.8), (342.0, 372.8), (364.4, 372.8), (372.8, 372.8), (372.8, 372.8), (372.8, 372.8), (372.8, 372.8), (372.8, 372.8), (372.8, 372.8), (372.8, 372.8), (372.8, 372.8), (372.8, 372.8), (372.8, 372.8), (372.8, 372.8), (372.8, 372.8), (372.8, 372.8), (372.8, 372.8), (372.8, 372.8), (372.8, 372.8), (372.8, 372.8), (372.8, 372.8), (372.8, 372.8), (372.8, 372.8), (372.8, 372.8), (372.8, 372.8), (372.8, 372.8), (372.8, 372.8), (372.8, 372.8), (372.8, 372.8), (372.8, 372.8), (372.8, 372.8), (372.8, 372.8), (372.8, 372.8), (372.8, 372.8), (372.8, 372.8)]",0,7.5
speedrunner,bomberman,2,Bomb,1,0,39.2,0.926,"[(48.0, 48.0), (70.4, 50.8), (101.2, 50.8), (115.2, 67.6), (115.2, 95.6), (126.4, 115.2), (151.6, 115.2), (176.8, 120.8), (179.6, 143.2), (179.6, 168.4), (196.4, 179.6), (224.4, 179.6), (244.0, 190.8), (244.0, 213.2), (244.0, 235.6), (263.6, 244.0), (291.6, 244.0), (308.4, 260.8), (308.4, 283.2), (311.2, 305.6), (333.6, 308.4), (361.6, 308.4), (372.8, 330.8), (372.8, 353.2), (372.8, 372.8), (372.8, 372.8), (372.8, 372.8), (372.8, 372.8), (372.8, 372.8), (372.8, 372.8), (372.8, 372.8), (372.8, 372.8), (372.8, 372.8), (372.8, 372.8), (372.8, 372.8), (372.8, 372.8), (372.8, 372.8), (372.8, 372.8), (372.8, 372.8), (372.8, 372.8), (372.8, 372.8), (372.8, 372.8), (372.8, 372.8), (372.8, 372.8), (372.8, 372.8), (372.8, 372.8), (372.8, 372.8), (372.8, 372.8), (372.8, 372.8), (372.8, 372.8), (372.8, 372.8), (372.8, 372.8), (372.8, 372.8), (372.8, 372.8), (372.8, 372.8), (372.8, 372.8), (372.8, 372.8)]",0,7.5
speedrunner,bomberman,2,Bomb,1,0,39.2,0.926,"[(48.0, 48.0), (70.4, 50.8), (101.2, 50.8), (115.2, 67.6), (115.2, 95.6), (126.4, 115.2), (151.6, 115.2), (176.8, 120.8), (179.6, 143.2), (179.6, 171.2), (199.2, 179.6), (227.2, 179.6), (244.0, 193.6), (244.0, 218.8), (249.6, 244.0), (272.0, 244.0), (300.0, 246.8), (308.4, 269.2), (308.4, 297.2), (328.0, 308.4), (356.0, 308.4), (372.8, 325.2), (372.8, 347.6), (372.8, 370.0), (372.8, 372.8), (372.8, 372.8), (372.8, 372.8), (372.8, 372.8), (372.8, 372.8), (372.8, 372.8), (372.8, 372.8), (372.8, 372.8), (372.8, 372.8), (372.8, 372.8), (372.8, 372.8), (372.8, 372.8), (372.8, 372.8), (372.8, 372.8), (372.8, 372.8), (372.8, 372.8), (372.8, 372.8), (372.8, 372.8), (372.8, 372.8), (372.8, 372.8), (372.8, 372.8), (372.8, 372.8), (372.8, 372.8), (372.8, 372.8), (372.8, 372.8), (372.8, 372.8), (372.8, 372.8), (372.8, 372.8), (372.8, 372.8), (372.8, 372.8), (372.8, 372.8), (372.8, 372.8), (372.8, 372.8)]",0,7.5
speedrunner,bomberman,2,Bomb,1,0,39.2,0.926,"[(48.0, 48.0), (70.4, 50.8), (101.2, 50.8), (115.2, 67.6), (115.2, 90.0), (118.0, 112.4), (140.4, 115.2), (168.4, 115.2), (179.6, 134.8), (179.6, 157.2), (185.2, 179.6), (207.6, 179.6), (235.6, 179.6), (244.0, 202.0), (244.0, 224.4), (252.4, 244.0), (274.8, 244.0), (302.8, 249.6), (308.4, 272.0), (308.4, 294.4), (325.2, 308.4), (353.2, 308.4), (372.8, 322.4), (372.8, 344.8), (372.8, 367.2), (372.8, 372.8), (372.8, 372.8), (372.8, 372.8), (372.8, 372.8), (372.8, 372.8), (372.8, 372.8), (372.8, 372.8), (372.8, 372.8), (372.8, 372.8), (372.8, 372.8), (372.8, 372.8), (372.8, 372.8), (372.8, 372.8), (372.8, 372.8), (372.8, 372.8), (372.8, 372.8), (372.8, 372.8), (372.8, 372.8), (372.8, 372.8), (372.8, 372.8), (372.8, 372.8), (372.8, 372.8), (372.8, 372.8), (372.8, 372.8), (372.8, 372.8), (372.8, 372.8), (372.8, 372.8), (372.8, 372.8), (372.8, 372.8), (372.8, 372.8), (372.8, 372.8), (372.8, 372.8)]",0,7.5
speedrunner,bomberman,2,Bomb,1,0,39.2,0.926,"[(48.0, 48.0), (70.4, 50.8), (101.2, 50.8), (115.2, 67.6), (115.2, 95.6), (126.4, 115.2), (151.6, 115.2), (176.8, 120.8), (179.6, 143.2), (179.6, 171.2), (199.2, 179.6), (227.2, 179.6), (244.0, 193.6), (244.0, 218.8), (249.6, 244.0), (272.0, 244.0), (300.0, 246.8), (308.4, 269.2), (308.4, 297.2), (328.0, 308.4), (356.0, 308.4), (372.8, 325.2), (372.8, 347.6), (372.8, 370.0), (372.8, 372.8), (372.8, 372.8), (372.8, 372.8), (372.8, 372.8), (372.8, 372.8), (372.8, 372.8), (372.8, 372.8), (372.8, 372.8), (372.8, 372.8), (372.8, 372.8), (372.8, 372.8), (372.8, 372.8), (372.8, 372.8), (372.8, 372.8), (372.8, 372.8), (372.8, 372.8), (372.8, 372.8), (372.8, 372.8), (372.8, 372.8), (372.8, 372.8), (372.8, 372.8), (372.8, 372.8), (372.8, 372.8), (372.8, 372.8), (372.8, 372.8), (372.8, 372.8), (372.8, 372.8), (372.8, 372.8), (372.8, 372.8), (372.8, 372.8), (372.8, 372.8), (372.8, 372.8), (372.8, 372.8)]",0,7.5
speedrunner,bomberman,2,Bomb,1,0,39.2,0.926,"[(48.0, 48.0), (70.4, 50.8), (101.2, 50.8), (115.2, 67.6), (115.2, 95.6), (126.4, 115.2), (151.6, 115.2), (176.8, 120.8), (179.6, 143.2), (179.6, 171.2), (199.2, 179.6), (227.2, 179.6), (244.0, 193.6), (244.0, 218.8), (249.6, 244.0), (272.0, 244.0), (300.0, 246.8), (308.4, 269.2), (308.4, 297.2), (328.0, 308.4), (356.0, 308.4), (372.8, 325.2), (372.8, 347.6), (372.8, 370.0), (372.8, 372.8), (372.8, 372.8), (372.8, 372.8), (372.8, 372.8), (372.8, 372.8), (372.8, 372.8), (372.8, 372.8), (372.8, 372.8), (372.8, 372.8), (372.8, 372.8), (372.8, 372.8), (372.8, 372.8), (372.8, 372.8), (372.8, 372.8), (372.8, 372.8), (372.8, 372.8), (372.8, 372.8), (372.8, 372.8), (372.8, 372.8), (372.8, 372.8), (372.8, 372.8), (372.8, 372.8), (372.8, 372.8), (372.8, 372.8), (372.8, 372.8), (372.8, 372.8), (372.8, 372.8), (372.8, 372.8), (372.8, 372.8), (372.8, 372.8), (372.8, 372.8), (372.8, 372.8), (372.8, 372.8)]",0,7.5
speedrunner,bomberman,2,Bomb,1,0,39.2,0.926,"[(48.0, 48.0), (70.4, 50.8), (101.2, 50.8), (115.2, 67.6), (115.2, 95.6), (126.4, 115.2), (151.6, 115.2), (176.8, 120.8), (179.6, 143.2), (179.6, 165.6), (193.6, 179.6), (221.6, 179.6), (244.0, 188.0), (244.0, 210.4), (244.0, 232.8), (260.8, 244.0), (288.8, 244.0), (308.4, 258.0), (308.4, 280.4), (311.2, 302.8), (333.6, 308.4), (361.6, 308.4), (372.8, 330.8), (372.8, 353.2), (372.8, 372.8), (372.8, 372.8), (372.8, 372.8), (372.8, 372.8), (372.8, 372.8), (372.8, 372.8), (372.8, 372.8), (372.8, 372.8), (372.8, 372.8), (372.8, 372.8), (372.8, 372.8), (372.8, 372.8), (372.8, 372.8), (372.8, 372.8), (372.8, 372.8), (372.8, 372.8), (372.8, 372.8), (372.8, 372.8), (372.8, 372.8), (372.8, 372.8), (372.8, 372.8), (372.8, 372.8), (372.8, 372.8), (372.8, 372.8), (372.8, 372.8), (372.8, 372.8), (372.8, 372.8), (372.8, 372.8), (372.8, 372.8), (372.8, 372.8), (372.8, 372.8), (372.8, 372.8), (372.8, 372.8)]",0,7.5
speedrunner,bomberman,2,Bomb,1,0,39.95,0.926,"[(48.0, 48.0), (50.8, 70.4), (50.8, 101.2), (64.8, 115.2), (92.8, 115.2), (115.2, 126.4), (115.2, 148.8), (115.2, 171.2), (134.8, 179.6), (162.8, 179.6), (179.6, 193.6), (179.6, 216.0), (179.6, 238.4), (202.0, 244.0), (230.0, 244.0), (244.0, 260.8), (244.0, 283.2), (249.6, 305.6), (272.0, 308.4), (297.2, 308.4), (308.4, 330.8), (308.4, 358.8), (325.2, 372.8), (347.6, 372.8), (370.0, 372.8), (372.8, 372.8), (372.8, 372.8), (372.8, 372.8), (372.8, 372.8), (372.8, 372.8), (372.8, 372.8), (372.8, 372.8), (372.8, 372.8), (372.8, 372.8), (372.8, 372.8), (372.8, 372.8), (372.8, 372.8), (372.8, 372.8), (372.8, 372.8), (372.8, 372.8), (372.8, 372.8), (372.8, 372.8), (372.8, 372.8), (372.8, 372.8), (372.8, 372.8), (372.8, 372.8), (372.8, 372.8), (372.8, 372.8), (372.8, 372.8), (372.8, 372.8), (372.8, 372.8), (372.8, 372.8), (372.8, 372.8), (372.8, 372.8), (372.8, 372.8), (372.8, 372.8), (372.8, 372.8)]",0,7.5
speedrunner,bomberman,2,Bomb,1,0,39.95,0.926,"[(48.0, 48.0), (50.8, 70.4), (50.8, 92.8), (56.4, 115.2), (78.8, 115.2), (109.6, 118.0), (115.2, 140.4), (115.2, 162.8), (126.4, 179.6), (151.6, 179.6), (176.8, 185.2), (179.6, 207.6), (179.6, 230.0), (193.6, 244.0), (221.6, 244.0), (244.0, 252.4), (244.0, 274.8), (244.0, 297.2), (263.6, 308.4), (291.6, 308.4), (308.4, 325.2), (308.4, 353.2), (319.6, 372.8), (342.0, 372.8), (364.4, 372.8), (372.8, 372.8), (372.8, 372.8), (372.8, 372.8), (372.8, 372.8), (372.8, 372.8), (372.8, 372.8), (372.8, 372.8), (372.8, 372.8), (372.8, 372.8), (372.8, 372.8), (372.8, 372.8), (372.8, 372.8), (372.8, 372.8), (372.8, 372.8), (372.8, 372.8), (372.8, 372.8), (372.8, 372.8), (372.8, 372.8), (372.8, 372.8), (372.8, 372.8), (372.8, 372.8), (372.8, 372.8), (372.8, 372.8), (372.8, 372.8), (372.8, 372.8), (372.8, 372.8), (372.8, 372.8), (372.8, 372.8), (372.8, 372.8), (372.8, 372.8), (372.8, 372.8), (372.8, 372.8)]",0,7.5
speedrunner,bomberman,2,Bomb,1,0,39.2,0.926,"[(48.0, 48.0), (70.4, 50.8), (101.2, 50.8), (115.2, 67.6), (115.2, 90.0), (118.0, 112.4), (140.4, 115.2), (168.4, 115.2), (179.6, 134.8), (179.6, 157.2), (185.2, 179.6), (207.6, 179.6), (235.6, 179.6), (244.0, 202.0), (244.0, 224.4), (252.4, 244.0), (274.8, 244.0), (302.8, 249.6), (308.4, 272.0), (308.4, 294.4), (325.2, 308.4), (353.2, 308.4), (372.8, 322.4), (372.8, 344.8), (372.8, 367.2), (372.8, 372.8), (372.8, 372.8), (372.8, 372.8), (372.8, 372.8), (372.8, 372.8), (372.8, 372.8), (372.8, 372.8), (372.8, 372.8), (372.8, 372.8), (372.8, 372.8), (372.8, 372.8), (372.8, 372.8), (372.8, 372.8), (372.8, 372.8), (372.8, 372.8), (372.8, 372.8), (372.8, 372.8), (372.8, 372.8), (372.8, 372.8), (372.8, 372.8), (372.8, 372.8), (372.8, 372.8), (372.8, 372.8), (372.8, 372.8), (372.8, 372.8), (372.8, 372.8), (372.8, 372.8), (372.8, 372.8), (372.8, 372.8), (372.8, 372.8), (372.8, 372.8), (372.8, 372.8)]",0,7.5
speedrunner,bomberman,2,Bomb,1,0,39.2,0.926,"[(48.0, 48.0), (70.4, 50.8), (101.2, 50.8), (115.2, 67.6), (115.2, 90.0), (118.0, 112.4), (140.4, 115.2), (168.4, 115.2), (179.6, 134.8), (179.6, 157.2), (185.2, 179.6), (207.6, 179.6), (235.6, 179.6), (244.0, 202.0), (244.0, 224.4), (252.4, 244.0), (274.8, 244.0), (302.8, 249.6), (308.4, 272.0), (308.4, 294.4), (325.2, 308.4), (353.2, 308.4), (372.8, 322.4), (372.8, 344.8), (372.8, 367.2), (372.8, 372.8), (372.8, 372.8), (372.8, 372.8), (372.8, 372.8), (372.8, 372.8), (372.8, 372.8), (372.8, 372.8), (372.8, 372.8), (372.8, 372.8), (372.8, 372.8), (372.8, 372.8), (372.8, 372.8), (372.8, 372.8), (372.8, 372.8), (372.8, 372.8), (372.8, 372.8), (372.8, 372.8), (372.8, 372.8), (372.8, 372.8), (372.8, 372.8), (372.8, 372.8), (372.8, 372.8), (372.8, 372.8), (372.8, 372.8), (372.8, 372.8), (372.8, 372.8), (372.8, 372.8), (372.8, 372.8), (372.8, 372.8), (372.8, 372.8), (372.8, 372.8), (372.8, 372.8)]",0,7.5
speedrunner,bomberman,2,Bomb,1,0,39.95,0.926,"[(48.0, 48.0), (50.8, 70.4), (50.8, 92.8), (56.4, 115.2), (78.8, 115.2), (109.6, 118.0), (115.2, 140.4), (115.2, 162.8), (126.4, 179.6), (151.6, 179.6), (176.8, 185.2), (179.6, 207.6), (179.6, 230.0), (193.6, 244.0), (221.6, 244.0), (244.0, 252.4), (244.0, 274.8), (244.0, 297.2), (263.6, 308.4), (291.6, 308.4), (308.4, 325.2), (308.4, 353.2), (319.6, 372.8), (342.0, 372.8), (364.4, 372.8), (372.8, 372.8), (372.8, 372.8), (372.8, 372.8), (372.8, 372.8), (372.8, 372.8), (372.8, 372.8), (372.8, 372.8), (372.8, 372.8), (372.8, 372.8), (372.8, 372.8), (372.8, 372.8), (372.8, 372.8), (372.8, 372.8), (372.8, 372.8), (372.8, 372.8), (372.8, 372.8), (372.8, 372.8), (372.8, 372.8), (372.8, 372.8), (372.8, 372.8), (372.8, 372.8), (372.8, 372.8), (372.8, 372.8), (372.8, 372.8), (372.8, 372.8), (372.8, 372.8), (372.8, 372.8), (372.8, 372.8), (372.8, 372.8), (372.8, 372.8), (372.8, 372.8), (372.8, 372.8)]",0,7.5
speedrunner,bomberman,2,Bomb,1,0,39.95,0.926,"[(48.0, 48.0), (50.8, 70.4), (50.8, 101.2), (64.8, 115.2), (92.8, 115.2), (115.2, 126.4), (115.2, 148.8), (115.2, 171.2), (134.8, 179.6), (162.8, 179.6), (179.6, 193.6), (179.6, 216.0), (179.6, 238.4), (202.0, 244.0), (230.0, 244.0), (244.0, 260.8), (244.0, 283.2), (249.6, 305.6), (272.0, 308.4), (297.2, 308.4), (308.4, 330.8), (308.4, 358.8), (325.2, 372.8), (347.6, 372.8), (370.0, 372.8), (372.8, 372.8), (372.8, 372.8), (372.8, 372.8), (372.8, 372.8), (372.8, 372.8), (372.8, 372.8), (372.8, 372.8), (372.8, 372.8), (372.8, 372.8), (372.8, 372.8), (372.8, 372.8), (372.8, 372.8), (372.8, 372.8), (372.8, 372.8), (372.8, 372.8), (372.8, 372.8), (372.8, 372.8), (372.8, 372.8), (372.8, 372.8), (372.8, 372.8), (372.8, 372.8), (372.8, 372.8), (372.8, 372.8), (372.8, 372.8), (372.8, 372.8), (372.8, 372.8), (372.8, 372.8), (372.8, 372.8), (372.8, 372.8), (372.8, 372.8), (372.8, 372.8), (372.8, 372.8)]",0,7.5
speedrunner,bomberman,2,Bomb,1,0,39.2,0.926,"[(48.0, 48.0), (70.4, 50.8), (101.2, 50.8), (115.2, 67.6), (115.2, 95.6), (126.4, 115.2), (151.6, 115.2), (176.8, 120.8), (179.6, 143.2), (179.6, 165.6), (193.6, 179.6), (221.6, 179.6), (244.0, 188.0), (244.0, 210.4), (244.0, 232.8), (260.8, 244.0), (288.8, 244.0), (308.4, 258.0), (308.4, 280.4), (311.2, 302.8), (333.6, 308.4), (361.6, 308.4), (372.8, 330.8), (372.8, 353.2), (372.8, 372.8), (372.8, 372.8), (372.8, 372.8), (372.8, 372.8), (372.8, 372.8), (372.8, 372.8), (372.8, 372.8), (372.8, 372.8), (372.8, 372.8), (372.8, 372.8), (372.8, 372.8), (372.8, 372.8), (372.8, 372.8), (372.8, 372.8), (372.8, 372.8), (372.8, 372.8), (372.8, 372.8), (372.8, 372.8), (372.8, 372.8), (372.8, 372.8), (372.8, 372.8), (372.8, 372.8), (372.8, 372.8), (372.8, 372.8), (372.8, 372.8), (372.8, 372.8), (372.8, 372.8), (372.8, 372.8), (372.8, 372.8), (372.8, 372.8), (372.8, 372.8), (372.8, 372.8), (372.8, 372.8)]",0,7.5
speedrunner,bomberman,2,Bomb,1,0,39.95,0.926,"[(48.0, 48.0), (50.8, 70.4), (50.8, 101.2), (64.8, 115.2), (92.8, 115.2), (115.2, 126.4), (115.2, 148.8), (118.0, 176.8), (140.4, 179.6), (168.4, 179.6), (179.6, 199.2), (179.6, 227.2), (190.8, 244.0), (216.0, 244.0), (241.2, 249.6), (244.0, 272.0), (244.0, 300.0), (266.4, 308.4), (294.4, 308.4), (308.4, 328.0), (308.4, 356.0), (322.4, 372.8), (344.8, 372.8), (367.2, 372.8), (372.8, 372.8), (372.8, 372.8), (372.8, 372.8), (372.8, 372.8), (372.8, 372.8), (372.8, 372.8), (372.8, 372.8), (372.8, 372.8), (372.8, 372.8), (372.8, 372.8), (372.8, 372.8), (372.8, 372.8), (372.8, 372.8), (372.8, 372.8), (372.8, 372.8), (372.8, 372.8), (372.8, 372.8), (372.8, 372.8), (372.8, 372.8), (372.8, 372.8), (372.8, 372.8), (372.8, 372.8), (372.8, 372.8), (372.8, 372.8), (372.8, 372.8), (372.8, 372.8), (372.8, 372.8), (372.8, 372.8), (372.8, 372.8), (372.8, 372.8), (372.8, 372.8), (372.8, 372.8), (372.8, 372.8)]",0,7.5
speedrunner,bomberman,2,Bomb,1,0,39.95,0.926,"[(48.0, 48.0), (50.8, 70.4), (50.8, 92.8), (56.4, 115.2), (78.8, 115.2), (109.6, 118.0), (115.2, 140.4), (115.2, 162.8), (126.4, 179.6), (151.6, 179.6), (176.8, 185.2), (179.6, 207.6), (179.6, 230.0), (193.6, 244.0), (221.6, 244.0), (244.0, 252.4), (244.0, 274.8), (244.0, 297.2), (263.6, 308.4), (291.6, 308.4), (308.4, 325.2), (308.4, 347.6), (314.0, 370.0), (336.4, 372.8), (358.8, 372.8), (372.8, 372.8), (372.8, 372.8), (372.8, 372.8), (372.8, 372.8), (372.8, 372.8), (372.8, 372.8), (372.8, 372.8), (372.8, 372.8), (372.8, 372.8), (372.8, 372.8), (372.8, 372.8), (372.8, 372.8), (372.8, 372.8), (372.8, 372.8), (372.8, 372.8), (372.8, 372.8), (372.8, 372.8), (372.8, 372.8), (372.8, 372.8), (372.8, 372.8), (372.8, 372.8), (372.8, 372.8), (372.8, 372.8), (372.8, 372.8), (372.8, 372.8), (372.8, 372.8), (372.8, 372.8), (372.8, 372.8), (372.8, 372.8), (372.8, 372.8), (372.8, 372.8), (372.8, 372.8)]",0,7.5
speedrunner,bomberman,2,Bomb,1,0,39.95,0.926,"[(48.0, 48.0), (50.8, 70.4), (50.8, 101.2), (64.8, 115.2), (92.8, 115.2), (115.2, 126.4), (115.2, 148.8), (115.2, 171.2), (134.8, 179.6), (162.8, 179.6), (179.6, 193.6), (179.6, 216.0), (179.6, 238.4), (202.0, 244.0), (230.0, 244.0), (244.0, 260.8), (244.0, 283.2), (249.6, 305.6), (272.0, 308.4), (297.2, 308.4), (308.4, 330.8), (308.4, 358.8), (325.2, 372.8), (347.6, 372.8), (370.0, 372.8), (372.8, 372.8), (372.8, 372.8), (372.8, 372.8), (372.8, 372.8), (372.8, 372.8), (372.8, 372.8), (372.8, 372.8), (372.8, 372.8), (372.8, 372.8), (372.8, 372.8), (372.8, 372.8), (372.8, 372.8), (372.8, 372.8), (372.8, 372.8), (372.8, 372.8), (372.8, 372.8), (372.8, 372.8), (372.8, 372.8), (372.8, 372.8), (372.8, 372.8), (372.8, 372.8), (372.8, 372.8), (372.8, 372.8), (372.8, 372.8), (372.8, 372.8), (372.8, 372.8), (372.8, 372.8), (372.8, 372.8), (372.8, 372.8), (372.8, 372.8), (372.8, 372.8), (372.8, 372.8)]",0,7.5
speedrunner,bomberman,2,Bomb,1,0,39.2,0.926,"[(48.0, 48.0), (70.4, 50.8), (101.2, 50.8), (115.2, 67.6), (115.2, 95.6), (126.4, 115.2), (151.6, 115.2), (176.8, 120.8), (179.6, 143.2), (179.6, 165.6), (193.6, 179.6), (221.6, 179.6), (244.0, 188.0), (244.0, 210.4), (244.0, 238.4), (266.4, 244.0), (294.4, 244.0), (308.4, 263.6), (308.4, 291.6), (322.4, 308.4), (350.4, 308.4), (372.8, 319.6), (372.8, 342.0), (372.8, 364.4), (372.8, 372.8), (372.8, 372.8), (372.8, 372.8), (372.8, 372.8), (372.8, 372.8), (372.8, 372.8), (372.8, 372.8), (372.8, 372.8), (372.8, 372.8), (372.8, 372.8), (372.8, 372.8), (372.8, 372.8), (372.8, 372.8), (372.8, 372.8), (372.8, 372.8), (372.8, 372.8), (372.8, 372.8), (372.8, 372.8), (372.8, 372.8), (372.8, 372.8), (372.8, 372.8), (372.8, 372.8), (372.8, 372.8), (372.8, 372.8), (372.8, 372.8), (372.8, 372.8), (372.8, 372.8), (372.8, 372.8), (372.8, 372.8), (372.8, 372.8), (372.8, 372.8), (372.8, 372.8), (372.8, 372.8)]",0,7.5
speedrunner,bomberman,2,Bomb,1,0,39.2,0.926,"[(48.0, 48.0), (70.4, 50.8), (101.2, 50.8), (115.2, 67.6), (115.2, 95.6), (126.4, 115.2), (151.6, 115.2), (176.8, 120.8), (179.6, 143.2), (179.6, 171.2), (199.2, 179.6), (227.2, 179.6), (244.0, 193.6), (244.0, 218.8), (249.6, 244.0), (272.0, 244.0), (300.0, 246.8), (308.4, 269.2), (308.4, 297.2), (328.0, 308.4), (356.0, 308.4), (372.8, 325.2), (372.8, 347.6), (372.8, 370.0), (372.8, 372.8), (372.8, 372.8), (372.8, 372.8), (372.8, 372.8), (372.8, 372.8), (372.8, 372.8), (372.8, 372.8), (372.8, 372.8), (372.8, 372.8), (372.8, 372.8), (372.8, 372.8), (372.8, 372.8), (372.8, 372.8), (372.8, 372.8), (372.8, 372.8), (372.8, 372.8), (372.8, 372.8), (372.8, 372.8), (372.8, 372.8), (372.8, 372.8), (372.8, 372.8), (372.8, 372.8), (372.8, 372.8), (372.8, 372.8), (372.8, 372.8), (372.8, 372.8), (372.8, 372.8), (372.8, 372.8), (372.8, 372.8), (372.8, 372.8), (372.8, 372.8), (372.8, 372.8), (372.8, 372.8)]",0,7.5
speedrunner,bomberman,2,Bomb,1,0,39.95,0.926,"[(48.0, 48.0), (50.8, 70.4), (50.8, 92.8), (56.4, 115.2), (78.8, 115.2), (109.6, 118.0), (115.2, 140.4), (115.2, 162.8), (126.4, 179.6), (151.6, 179.6), (176.8, 185.2), (179.6, 207.6), (179.6, 230.0), (193.6, 244.0), (221.6, 244.0), (244.0, 252.4), (244.0, 274.8), (246.8, 302.8), (269.2, 308.4), (297.2, 308.4), (308.4, 330.8), (308.4, 358.8), (325.2, 372.8), (347.6, 372.8), (370.0, 372.8), (372.8, 372.8), (372.8, 372.8), (372.8, 372.8), (372.8, 372.8), (372.8, 372.8), (372.8, 372.8), (372.8, 372.8), (372.8, 372.8), (372.8, 372.8), (372.8, 372.8), (372.8, 372.8), (372.8, 372.8), (372.8, 372.8), (372.8, 372.8), (372.8, 372.8), (372.8, 372.8), (372.8, 372.8), (372.8, 372.8), (372.8, 372.8), (372.8, 372.8), (372.8, 372.8), (372.8, 372.8), (372.8, 372.8), (372.8, 372.8), (372.8, 372.8), (372.8, 372.8), (372.8, 372.8), (372.8, 372.8), (372.8, 372.8), (372.8, 372.8), (372.8, 372.8), (372.8, 372.8)]",0,7.5
speedrunner,bomberman,2,Stuck,0,0,56.68,0.37,"[(48.0, 48.0), (70.4, 45.2), (92.8, 45.2), (115.2, 45.2), (137.6, 45.2), (160.0, 45.2), (182.4, 45.2), (204.8, 45.2), (227.2, 45.2), (249.6, 45.2), (272.0, 45.2), (294.4, 45.2), (316.8, 45.2), (339.2, 45.2), (361.6, 45.2), (384.0, 45.2), (406.4, 45.2), (428.8, 45.2), (434.4, 45.2), (434.4, 45.2), (434.4, 45.2), (434.4, 45.2), (434.4, 45.2), (434.4, 45.2), (434.4, 45.2), (434.4, 45.2), (434.4, 45.2), (434.4, 45.2), (434.4, 45.2), (434.4, 45.2), (434.4, 45.2), (434.4, 45.2), (434.4, 45.2), (434.4, 45.2), (434.4, 45.2), (434.4, 45.2), (434.4, 45.2), (434.4, 45.2), (434.4, 45.2), (434.4, 45.2), (434.4, 45.2), (434.4, 45.2), (434.4, 45.2), (434.4, 45.2), (434.4, 45.2), (434.4, 45.2), (434.4, 45.2), (434.4, 45.2), (434.4, 45.2), (434.4, 45.2), (434.4, 45.2), (434.4, 45.2)]",0,6.82
speedrunner,bomberman,2,Stuck,0,0,1.12,0.0,"[(48.0, 48.0), (53.6, 48.0), (53.6, 48.0), (53.6, 48.0), (53.6, 48.0), (53.6, 48.0), (53.6, 48.0), (53.6, 48.0), (53.6, 48.0), (53.6, 48.0), (53.6, 48.0), (53.6, 48.0), (53.6, 48.0), (53.6, 48.0), (53.6, 48.0), (53.6, 48.0), (53.6, 48.0), (53.6, 48.0), (53.6, 48.0), (53.6, 48.0), (53.6, 48.0), (53.6, 48.0), (53.6, 48.0), (53.6, 48.0), (53.6, 48.0), (53.6, 48.0), (53.6, 48.0), (53.6, 48.0), (53.6, 48.0), (53.6, 48.0), (53.6, 48.0), (53.6, 48.0), (53.6, 48.0), (53.6, 48.0), (53.6, 48.0), (53.6, 48.0), (53.6, 48.0), (53.6, 48.0)]",0,5.0
speedrunner,bomberman,2,Bomb,1,0,18.67,0.074,"[(48.0, 48.0), (45.2, 45.2), (45.2, 45.2), (64.8, 45.2), (87.2, 45.2), (98.4, 45.2), (98.4, 45.2), (98.4, 45.2), (98.4, 45.2), (98.4, 45.2), (98.4, 45.2), (98.4, 45.2), (98.4, 45.2), (98.4, 45.2), (98.4, 45.2), (98.4, 45.2), (98.4, 45.2), (98.4, 45.2), (98.4, 45.2), (98.4, 45.2)]",0,2.55
speedrunner,bomberman,2,Stuck,0,0,0.0,0.0,"[(48.0, 48.0), (48.0, 48.0), (48.0, 48.0), (48.0, 48.0), (48.0, 48.0), (48.0, 48.0), (48.0, 48.0), (48.0, 48.0), (48.0, 48.0), (48.0, 48.0), (48.0, 48.0), (48.0, 48.0), (48.0, 48.0), (48.0, 48.0), (48.0, 48.0), (48.0, 48.0), (48.0, 48.0), (48.0, 48.0), (48.0, 48.0), (48.0, 48.0), (48.0, 48.0), (48.0, 48.0), (48.0, 48.0), (48.0, 48.0), (48.0, 48.0), (48.0, 48.0), (48.0, 48.0), (48.0, 48.0), (48.0, 48.0), (48.0, 48.0), (48.0, 48.0), (48.0, 48.0), (48.0, 48.0), (48.0, 48.0), (48.0, 48.0), (48.0, 48.0), (48.0, 48.0), (48.0, 48.0)]",0,5.0
speedrunner,bomberman,2,Bomb,1,0,0.0,0.0,"[(48.0, 48.0), (48.0, 48.0), (48.0, 48.0), (48.0, 48.0), (48.0, 48.0), (48.0, 48.0), (48.0, 48.0), (48.0, 48.0), (48.0, 48.0), (48.0, 48.0), (48.0, 48.0), (48.0, 48.0), (48.0, 48.0), (48.0, 48.0), (48.0, 48.0), (48.0, 48.0), (48.0, 48.0), (48.0, 48.0), (48.0, 48.0)]",0,2.5
speedrunner,bomberman,2,Bomb,1,0,49.65,0.37,"[(48.0, 48.0), (48.0, 45.2), (50.8, 45.2), (73.2, 50.8), (98.4, 45.2), (98.4, 45.2), (98.4, 45.2), (98.4, 45.2), (98.4, 45.2), (98.4, 45.2), (98.4, 45.2), (98.4, 45.2), (104.0, 45.2), (126.4, 45.2), (148.8, 45.2), (171.2, 45.2), (193.6, 45.2), (216.0, 45.2), (238.4, 45.2), (258.0, 45.2), (286.0, 50.8), (308.4, 45.2), (330.8, 45.2), (353.2, 45.2), (375.6, 45.2), (398.0, 45.2), (420.4, 45.2), (434.4, 45.2), (434.4, 45.2), (434.4, 45.2), (434.4, 45.2), (434.4, 45.2), (434.4, 45.2), (434.4, 45.2), (434.4, 45.2), (434.4, 45.2), (434.4, 45.2), (434.4, 45.2), (434.4, 45.2), (434.4, 45.2), (434.4, 45.2), (434.4, 45.2), (434.4, 45.2), (434.4, 45.2), (434.4, 45.2), (434.4, 45.2), (434.4, 45.2), (434.4, 45.2), (434.4, 45.2), (434.4, 45.2), (434.4, 45.2), (434.4, 45.2), (434.4, 45.2), (434.4, 45.2), (434.4, 45.2), (434.4, 45.2), (434.4, 45.2)]",0,7.5
speedrunner,bomberman,2,Stuck,0,0,0.0,0.37,"[(48.0, 48.0), (48.0, 70.4), (48.0, 92.8), (48.0, 115.2), (48.0, 137.6), (48.0, 160.0), (48.0, 182.4), (48.0, 204.8), (48.0, 227.2), (48.0, 249.6), (48.0, 272.0), (48.0, 294.4), (48.0, 316.8), (48.0, 339.2), (48.0, 361.6), (48.0, 372.8), (48.0, 372.8), (48.0, 372.8), (48.0, 372.8), (48.0, 372.8), (48.0, 372.8), (48.0, 372.8), (48.0, 372.8), (48.0, 372.8), (48.0, 372.8), (48.0, 372.8), (48.0, 372.8), (48.0, 372.8), (48.0, 372.8), (48.0, 372.8), (48.0, 372.8), (48.0, 372.8), (48.0, 372.8), (48.0, 372.8), (48.0, 372.8), (48.0, 372.8), (48.0, 372.8), (48.0, 372.8), (48.0, 372.8), (48.0, 372.8), (48.0, 372.8), (48.0, 372.8), (48.0, 372.8), (48.0, 372.8), (48.0, 372.8), (48.0, 372.8), (48.0, 372.8), (48.0, 372.8), (48.0, 372.8), (48.0, 372.8), (48.0, 372.8), (48.0, 372.8)]",0,6.82
speedrunner,bomberman,2,Stuck,0,0,56.68,0.37,"[(48.0, 48.0), (70.4, 45.2), (92.8, 45.2), (115.2, 45.2), (137.6, 45.2), (160.0, 45.2), (182.4, 45.2), (204.8, 45.2), (227.2, 45.2), (249.6, 45.2), (272.0, 45.2), (294.4, 45.2), (316.8, 45.2), (339.2, 45.2), (361.6, 45.2), (384.0, 45.2), (406.4, 45.2), (428.8, 45.2), (434.4, 45.2), (434.4, 45.2), (434.4, 45.2), (434.4, 45.2), (434.4, 45.2), (434.4, 45.2), (434.4, 45.2), (434.4, 45.2), (434.4, 45.2), (434.4, 45.2), (434.4, 45.2), (434.4, 45.2), (434.4, 45.2), (434.4, 45.2), (434.4, 45.2), (434.4, 45.2), (434.4, 45.2), (434.4, 45.2), (434.4, 45.2), (434.4, 45.2), (434.4, 45.2), (434.4, 45.2), (434.4, 45.2), (434.4, 45.2), (434.4, 45.2), (434.4, 45.2), (434.4, 45.2), (434.4, 45.2), (434.4, 45.2), (434.4, 45.2), (434.4, 45.2), (434.4, 45.2), (434.4, 45.2), (434.4, 45.2)]",0,6.82
speedrunner,bomberman,2,Stuck,0,0,0.0,0.0,"[(48.0, 48.0), (48.0, 45.2), (48.0, 45.2), (48.0, 45.2), (48.0, 45.2), (48.0, 45.2), (48.0, 45.2), (48.0, 45.2), (48.0, 45.2), (48.0, 45.2), (48.0, 45.2), (48.0, 45.2), (48.0, 45.2), (48.0, 45.2), (48.0, 45.2), (48.0, 45.2), (48.0, 45.2), (48.0, 45.2), (48.0, 45.2), (48.0, 45.2), (48.0, 45.2), (48.0, 45.2), (48.0, 45.2), (48.0, 45.2), (48.0, 45.2), (48.0, 45.2), (48.0, 45.2), (48.0, 45.2), (48.0, 45.2), (48.0, 45.2), (48.0, 45.2), (48.0, 45.2), (48.0, 45.2), (48.0, 45.2), (48.0, 45.2), (48.0, 45.2), (48.0, 45.2), (48.0, 45.2)]",0,5.0
speedrunner,bomberman,2,Stuck,0,0,0.0,0.037,"[(48.0, 48.0), (48.0, 64.8), (48.0, 64.8), (48.0, 64.8), (48.0, 64.8), (48.0, 64.8), (48.0, 64.8), (48.0, 64.8), (48.0, 64.8), (48.0, 64.8), (48.0, 64.8), (48.0, 64.8), (48.0, 64.8), (48.0, 64.8), (48.0, 64.8), (48.0, 64.8), (48.0, 64.8), (48.0, 64.8), (48.0, 64.8), (48.0, 64.8), (48.0, 64.8), (48.0, 64.8), (48.0, 64.8), (48.0, 64.8), (48.0, 64.8), (48.0, 64.8), (48.0, 64.8), (48.0, 64.8), (48.0, 64.8), (48.0, 64.8), (48.0, 64.8), (48.0, 64.8), (48.0, 64.8), (48.0, 64.8), (48.0, 64.8), (48.0, 64.8), (48.0, 64.8), (48.0, 64.8), (48.0, 64.8)]",0,5.1
speedrunner,bomberman,2,Bomb,1,0,49.65,0.37,"[(48.0, 48.0), (48.0, 45.2), (50.8, 45.2), (73.2, 50.8), (98.4, 45.2), (98.4, 45.2), (98.4, 45.2), (98.4, 45.2), (98.4, 45.2), (98.4, 45.2), (98.4, 45.2), (98.4, 45.2), (104.0, 45.2), (126.4, 45.2), (148.8, 45.2), (171.2, 45.2), (193.6, 45.2), (216.0, 45.2), (238.4, 45.2), (258.0, 45.2), (286.0, 50.8), (308.4, 45.2), (330.8, 45.2), (353.2, 45.2), (375.6, 45.2), (398.0, 45.2), (420.4, 45.2), (434.4, 45.2), (434.4, 45.2), (434.4, 45.2), (434.4, 45.2), (434.4, 45.2), (434.4, 45.2), (434.4, 45.2), (434.4, 45.2), (434.4, 45.2), (434.4, 45.2), (434.4, 45.2), (434.4, 45.2), (434.4, 45.2), (434.4, 45.2), (434.4, 45.2), (434.4, 45.2), (434.4, 45.2), (434.4, 45.2), (434.4, 45.2), (434.4, 45.2), (434.4, 45.2), (434.4, 45.2), (434.4, 45.2), (434.4, 45.2), (434.4, 45.2), (434.4, 45.2), (434.4, 45.2), (434.4, 45.2), (434.4, 45.2), (434.4, 45.2)]",0,7.5
speedrunner,bomberman,2,Stuck,0,0,56.68,0.37,"[(48.0, 48.0), (70.4, 45.2), (92.8, 45.2), (115.2, 45.2), (137.6, 45.2), (160.0, 45.2), (182.4, 45.2), (204.8, 45.2), (227.2, 45.2), (249.6, 45.2), (272.0, 45.2), (294.4, 45.2), (316.8, 45.2), (339.2, 45.2), (361.6, 45.2), (384.0, 45.2), (406.4, 45.2), (428.8, 45.2), (434.4, 45.2), (434.4, 45.2), (434.4, 45.2), (434.4, 45.2), (434.4, 45.2), (434.4, 45.2), (434.4, 45.2), (434.4, 45.2), (434.4, 45.2), (434.4, 45.2), (434.4, 45.2), (434.4, 45.2), (434.4, 45.2), (434.4, 45.2), (434.4, 45.2), (434.4, 45.2), (434.4, 45.2), (434.4, 45.2), (434.4, 45.2), (434.4, 45.2), (434.4, 45.2), (434.4, 45.2), (434.4, 45.2), (434.4, 45.2), (434.4, 45.2), (434.4, 45.2), (434.4, 45.2), (434.4, 45.2), (434.4, 45.2), (434.4, 45.2), (434.4, 45.2), (434.4, 45.2), (434.4, 45.2), (434.4, 45.2)]",0,6.82
speedrunner,bomberman,2,Stuck,0,0,0.0,0.37,"[(48.0, 48.0), (48.0, 70.4), (48.0, 92.8), (48.0, 115.2), (48.0, 137.6), (48.0, 160.0), (48.0, 182.4), (48.0, 204.8), (48.0, 227.2), (48.0, 249.6), (48.0, 272.0), (48.0, 294.4), (48.0, 316.8), (48.0, 339.2), (48.0, 361.6), (48.0, 372.8), (48.0, 372.8), (48.0, 372.8), (48.0, 372.8), (48.0, 372.8), (48.0, 372.8), (48.0, 372.8), (48.0, 372.8), (48.0, 372.8), (48.0, 372.8), (48.0, 372.8), (48.0, 372.8), (48.0, 372.8), (48.0, 372.8), (48.0, 372.8), (48.0, 372.8), (48.0, 372.8), (48.0, 372.8), (48.0, 372.8), (48.0, 372.8), (48.0, 372.8), (48.0, 372.8), (48.0, 372.8), (48.0, 372.8), (48.0, 372.8), (48.0, 372.8), (48.0, 372.8), (48.0, 372.8), (48.0, 372.8), (48.0, 372.8), (48.0, 372.8), (48.0, 372.8), (48.0, 372.8), (48.0, 372.8), (48.0, 372.8), (48.0, 372.8), (48.0, 372.8)]",0,6.82
speedrunner,bomberman,2,Stuck,0,0,56.68,0.37,"[(48.0, 48.0), (70.4, 45.2), (92.8, 45.2), (115.2, 45.2), (137.6, 45.2), (160.0, 45.2), (182.4, 45.2), (204.8, 45.2), (227.2, 45.2), (249.6, 45.2), (272.0, 45.2), (294.4, 45.2), (316.8, 45.2), (339.2, 45.2), (361.6, 45.2), (384.0, 45.2), (406.4, 45.2), (428.8, 45.2), (434.4, 45.2), (434.4, 45.2), (434.4, 45.2), (434.4, 45.2), (434.4, 45.2), (434.4, 45.2), (434.4, 45.2), (434.4, 45.2), (434.4, 45.2), (434.4, 45.2), (434.4, 45.2), (434.4, 45.2), (434.4, 45.2), (434.4, 45.2), (434.4, 45.2), (434.4, 45.2), (434.4, 45.2), (434.4, 45.2), (434.4, 45.2), (434.4, 45.2), (434.4, 45.2), (434.4, 45.2), (434.4, 45.2), (434.4, 45.2), (434.4, 45.2), (434.4, 45.2), (434.4, 45.2), (434.4, 45.2), (434.4, 45.2), (434.4, 45.2), (434.4, 45.2), (434.4, 45.2), (434.4, 45.2), (434.4, 45.2)]",0,6.82
speedrunner,bomberman,2,Stuck,0,0,10.92,0.111,"[(48.0, 48.0), (70.4, 50.8), (101.2, 50.8), (115.2, 59.2), (115.2, 64.8), (115.2, 62.0), (115.2, 59.2), (115.2, 64.8), (115.2, 62.0), (115.2, 59.2), (115.2, 64.8), (115.2, 62.0), (115.2, 59.2), (115.2, 64.8), (115.2, 62.0), (115.2, 59.2), (115.2, 64.8), (115.2, 62.0), (115.2, 59.2), (115.2, 64.8), (115.2, 62.0), (115.2, 59.2), (115.2, 64.8), (115.2, 62.0), (115.2, 59.2), (115.2, 64.8), (115.2, 62.0), (115.2, 59.2), (115.2, 64.8), (115.2, 62.0), (115.2, 59.2), (115.2, 64.8), (115.2, 62.0), (115.2, 59.2), (115.2, 64.8), (115.2, 62.0), (115.2, 59.2), (115.2, 64.8), (115.2, 62.0), (115.2, 59.2), (115.2, 64.8)]",0,5.38
speedrunner,bomberman,2,Bomb,1,0,59.36,0.519,"[(48.0, 48.0), (70.4, 45.2), (92.8, 45.2), (115.2, 45.2), (137.6, 45.2), (160.0, 45.2), (182.4, 45.2), (204.8, 50.8), (232.8, 50.8), (244.0, 70.4), (244.0, 92.8), (249.6, 115.2), (272.0, 115.2), (300.0, 118.0), (308.4, 140.4), (308.4, 162.8), (319.6, 179.6), (344.8, 179.6), (353.2, 179.6), (353.2, 179.6), (353.2, 179.6), (353.2, 179.6), (353.2, 179.6), (353.2, 179.6), (358.8, 179.6), (361.6, 179.6), (361.6, 179.6), (361.6, 179.6), (361.6, 179.6), (361.6, 179.6), (361.6, 179.6), (361.6, 179.6), (361.6, 179.6), (361.6, 179.6), (361.6, 179.6), (361.6, 179.6), (361.6, 179.6), (361.6, 179.6)]",0,5.0
speedrunner,bomberman,2,Stuck,0,0,0.0,0.0,"[(48.0, 48.0), (48.0, 45.2), (48.0, 45.2), (48.0, 45.2), (48.0, 45.2), (48.0, 45.2), (48.0, 45.2), (48.0, 45.2), (48.0, 45.2), (48.0, 45.2), (48.0, 45.2), (48.0, 45.2), (48.0, 45.2), (48.0, 45.2), (48.0, 45.2), (48.0, 45.2), (48.0, 45.2), (48.0, 45.2), (48.0, 45.2), (48.0, 45.2), (48.0, 45.2), (48.0, 45.2), (48.0, 45.2), (48.0, 45.2), (48.0, 45.2), (48.0, 45.2), (48.0, 45.2), (48.0, 45.2), (48.0, 45.2), (48.0, 45.2), (48.0, 45.2), (48.0, 45.2), (48.0, 45.2), (48.0, 45.2), (48.0, 45.2), (48.0, 45.2), (48.0, 45.2), (48.0, 45.2)]",0,5.0
speedrunner,bomberman,2,Bomb,3,0,48.16,0.37,"[(48.0, 48.0), (48.0, 45.2), (56.4, 45.2), (78.8, 50.8), (98.4, 45.2), (98.4, 45.2), (98.4, 45.2), (98.4, 45.2), (98.4, 45.2), (98.4, 45.2), (98.4, 45.2), (98.4, 45.2), (112.4, 45.2), (134.8, 50.8), (162.8, 48.0), (185.2, 45.2), (207.6, 45.2), (230.0, 45.2), (252.4, 45.2), (274.8, 45.2), (297.2, 45.2), (319.6, 45.2), (344.8, 50.8), (370.0, 45.2), (392.4, 45.2), (414.8, 45.2), (434.4, 45.2), (434.4, 45.2), (434.4, 45.2), (434.4, 45.2), (434.4, 45.2), (434.4, 45.2), (434.4, 45.2), (434.4, 45.2), (434.4, 45.2), (434.4, 45.2), (434.4, 45.2), (434.4, 45.2), (434.4, 56.4), (434.4, 56.4), (434.4, 45.2), (434.4, 45.2), (434.4, 45.2), (434.4, 45.2), (434.4, 45.2), (434.4, 45.2), (434.4, 45.2), (434.4, 45.2), (434.4, 45.2), (434.4, 45.2), (434.4, 45.2), (434.4, 45.2), (434.4, 45.2), (434.4, 45.2), (434.4, 45.2), (434.4, 45.2), (434.4, 45.2), (434.4, 45.2)]",0,7.62
speedrunner,bomberman,2,Bomb,1,0,3.36,0.259,"[(48.0, 48.0), (50.8, 70.4), (50.8, 101.2), (45.2, 123.6), (50.8, 146.0), (45.2, 174.0), (48.0, 196.4), (50.8, 224.4), (56.4, 244.0), (62.0, 241.2), (62.0, 241.2), (62.0, 241.2), (62.0, 241.2), (62.0, 241.2), (62.0, 241.2), (62.0, 241.2), (62.0, 241.2), (62.0, 241.2), (62.0, 241.2), (64.8, 244.0), (64.8, 244.0), (64.8, 244.0), (64.8, 244.0), (64.8, 244.0), (64.8, 244.0), (64.8, 244.0), (64.8, 244.0), (64.8, 244.0), (64.8, 244.0), (64.8, 244.0), (64.8, 244.0), (64.8, 244.0), (64.8, 244.0), (64.8, 244.0), (64.8, 244.0), (64.8, 244.0), (64.8, 244.0), (64.8, 244.0)]",0,5.0
speedrunner,bomberman,2,Stuck,0,0,0.0,0.185,"[(48.0, 48.0), (48.0, 70.4), (48.0, 92.8), (48.0, 115.2), (48.0, 137.6), (48.0, 160.0), (48.0, 182.4), (48.0, 193.6), (48.0, 193.6), (48.0, 193.6), (48.0, 193.6), (48.0, 193.6), (48.0, 193.6), (48.0, 193.6), (48.0, 193.6), (48.0, 193.6), (48.0, 193.6), (48.0, 193.6), (48.0, 193.6), (48.0, 193.6), (48.0, 193.6), (48.0, 193.6), (48.0, 193.6), (48.0, 193.6), (48.0, 193.6), (48.0, 193.6), (48.0, 193.6), (48.0, 193.6), (48.0, 193.6), (48.0, 193.6), (48.0, 193.6), (48.0, 193.6), (48.0, 193.6), (48.0, 193.6), (48.0, 193.6), (48.0, 193.6), (48.0, 193.6), (48.0, 193.6), (48.0, 193.6), (48.0, 193.6), (48.0, 193.6), (48.0, 193.6), (48.0, 193.6), (48.0, 193.6), (48.0, 193.6)]",0,5.87
speedrunner,bomberman,2,Bomb,1,0,59.36,0.519,"[(48.0, 48.0), (70.4, 45.2), (92.8, 45.2), (115.2, 45.2), (137.6, 45.2), (160.0, 45.2), (182.4, 45.2), (204.8, 50.8), (232.8, 50.8), (244.0, 70.4), (244.0, 92.8), (249.6, 115.2), (272.0, 115.2), (300.0, 118.0), (308.4, 140.4), (308.4, 162.8), (319.6, 179.6), (344.8, 179.6), (353.2, 179.6), (353.2, 179.6), (353.2, 179.6), (353.2, 179.6), (353.2, 179.6), (353.2, 179.6), (358.8, 179.6), (361.6, 179.6), (361.6, 179.6), (361.6, 179.6), (361.6, 179.6), (361.6, 179.6), (361.6, 179.6), (361.6, 179.6), (361.6, 179.6), (361.6, 179.6), (361.6, 179.6), (361.6, 179.6), (361.6, 179.6), (361.6, 179.6)]",0,5.0
speedrunner,bomberman,2,Bomb,3,0,48.16,0.37,"[(48.0, 48.0), (48.0, 45.2), (56.4, 45.2), (78.8, 50.8), (98.4, 45.2), (98.4, 45.2), (98.4, 45.2), (98.4, 45.2), (98.4, 45.2), (98.4, 45.2), (98.4, 45.2), (98.4, 45.2), (112.4, 45.2), (134.8, 50.8), (162.8, 48.0), (185.2, 45.2), (207.6, 45.2), (230.0, 45.2), (252.4, 45.2), (274.8, 45.2), (297.2, 45.2), (319.6, 45.2), (344.8, 50.8), (370.0, 45.2), (392.4, 45.2), (414.8, 45.2), (434.4, 45.2), (434.4, 45.2), (434.4, 45.2), (434.4, 45.2), (434.4, 45.2), (434.4, 45.2), (434.4, 45.2), (434.4, 45.2), (434.4, 45.2), (434.4, 45.2), (434.4, 45.2), (434.4, 45.2), (434.4, 56.4), (434.4, 56.4), (434.4, 45.2), (434.4, 45.2), (434.4, 45.2), (434.4, 45.2), (434.4, 45.2), (434.4, 45.2), (434.4, 45.2), (434.4, 45.2), (434.4, 45.2), (434.4, 45.2), (434.4, 45.2), (434.4, 45.2), (434.4, 45.2), (434.4, 45.2), (434.4, 45.2), (434.4, 45.2), (434.4, 45.2), (434.4, 45.2)]",0,7.62
speedrunner,bomberman,2,Bomb,1,0,49.65,0.37,"[(48.0, 48.0), (48.0, 45.2), (50.8, 45.2), (73.2, 50.8), (98.4, 45.2), (98.4, 45.2), (98.4, 45.2), (98.4, 45.2), (98.4, 45.2), (98.4, 45.2), (98.4, 45.2), (98.4, 45.2), (104.0, 45.2), (126.4, 45.2), (148.8, 45.2), (171.2, 45.2), (193.6, 45.2), (216.0, 45.2), (238.4, 45.2), (258.0, 45.2), (286.0, 50.8), (308.4, 45.2), (330.8, 45.2), (353.2, 45.2), (375.6, 45.2), (398.0, 45.2), (420.4, 45.2), (434.4, 45.2), (434.4, 45.2), (434.4, 45.2), (434.4, 45.2), (434.4, 45.2), (434.4, 45.2), (434.4, 45.2), (434.4, 45.2), (434.4, 45.2), (434.4, 45.2), (434.4, 45.2), (434.4, 45.2), (434.4, 45.2), (434.4, 45.2), (434.4, 45.2), (434.4, 45.2), (434.4, 45.2), (434.4, 45.2), (434.4, 45.2), (434.4, 45.2), (434.4, 45.2), (434.4, 45.2), (434.4, 45.2), (434.4, 45.2), (434.4, 45.2), (434.4, 45.2), (434.4, 45.2), (434.4, 45.2), (434.4, 45.2), (434.4, 45.2)]",0,7.5
speedrunner,bomberman,2,Stuck,0,0,56.68,0.37,"[(48.0, 48.0), (70.4, 45.2), (92.8, 45.2), (115.2, 45.2), (137.6, 45.2), (160.0, 45.2), (182.4, 45.2), (204.8, 45.2), (227.2, 45.2), (249.6, 45.2), (272.0, 45.2), (294.4, 45.2), (316.8, 45.2), (339.2, 45.2), (361.6, 45.2), (384.0, 45.2), (406.4, 45.2), (428.8, 45.2), (434.4, 45.2), (434.4, 45.2), (434.4, 45.2), (434.4, 45.2), (434.4, 45.2), (434.4, 45.2), (434.4, 45.2), (434.4, 45.2), (434.4, 45.2), (434.4, 45.2), (434.4, 45.2), (434.4, 45.2), (434.4, 45.2), (434.4, 45.2), (434.4, 45.2), (434.4, 45.2), (434.4, 45.2), (434.4, 45.2), (434.4, 45.2), (434.4, 45.2), (434.4, 45.2), (434.4, 45.2), (434.4, 45.2), (434.4, 45.2), (434.4, 45.2), (434.4, 45.2), (434.4, 45.2), (434.4, 45.2), (434.4, 45.2), (434.4, 45.2), (434.4, 45.2), (434.4, 45.2), (434.4, 45.2), (434.4, 45.2)]",0,6.82
speedrunner,bomberman,2,Bomb,1,0,28.56,0.519,"[(48.0, 48.0), (48.0, 64.8), (48.0, 87.2), (48.0, 109.6), (48.0, 132.0), (48.0, 154.4), (48.0, 176.8), (48.0, 199.2), (48.0, 221.6), (48.0, 244.0), (48.0, 266.4), (48.0, 288.8), (48.0, 311.2), (48.0, 333.6), (50.8, 356.0), (64.8, 372.8), (87.2, 372.8), (109.6, 372.8), (132.0, 372.8), (154.4, 372.8), (176.8, 372.8), (190.8, 372.8), (190.8, 372.8), (190.8, 372.8), (190.8, 372.8), (190.8, 372.8), (190.8, 372.8), (190.8, 372.8), (190.8, 372.8), (190.8, 372.8), (190.8, 372.8), (190.8, 372.8), (190.8, 372.8), (190.8, 372.8), (190.8, 372.8), (190.8, 372.8), (190.8, 372.8), (190.8, 372.8)]",0,5.0
speedrunner,bomberman,2,Bomb,4,0,28.74,0.37,"[(48.0, 48.0), (48.0, 64.8), (50.8, 64.8), (50.8, 64.8), (50.8, 64.8), (50.8, 64.8), (50.8, 64.8), (50.8, 64.8), (50.8, 62.0), (50.8, 59.2), (50.8, 64.8), (50.8, 90.0), (50.8, 112.4), (50.8, 118.0), (50.8, 118.0), (50.8, 129.2), (50.8, 129.2), (50.8, 129.2), (50.8, 129.2), (50.8, 129.2), (50.8, 129.2), (50.8, 129.2), (50.8, 129.2), (53.6, 115.2), (76.0, 115.2), (98.4, 109.6), (98.4, 109.6), (98.4, 109.6), (98.4, 109.6), (98.4, 109.6), (98.4, 109.6), (98.4, 109.6), (98.4, 109.6), (98.4, 109.6), (98.4, 109.6), (98.4, 109.6), (98.4, 109.6), (98.4, 109.6), (98.4, 109.6), (115.2, 98.4), (115.2, 76.0), (115.2, 64.8), (115.2, 62.0), (115.2, 59.2), (115.2, 64.8), (115.2, 62.0), (115.2, 59.2), (123.6, 45.2), (146.0, 50.8), (174.0, 45.2), (196.4, 48.0), (224.4, 50.8), (246.8, 45.2), (269.2, 45.2), (291.6, 45.2), (314.0, 45.2), (336.4, 45.2), (356.0, 45.2), (378.4, 45.2), (400.8, 48.0), (417.6, 45.2), (417.6, 45.2), (417.6, 45.2), (417.6, 45.2), (417.6, 45.2), (417.6, 45.2), (417.6, 45.2), (417.6, 45.2), (417.6, 45.2), (417.6, 45.2), (417.6, 45.2), (417.6, 45.2), (417.6, 50.8), (417.6, 50.8), (417.6, 50.8), (417.6, 50.8), (426.0, 45.2), (434.4, 45.2), (434.4, 45.2), (434.4, 45.2), (434.4, 45.2), (434.4, 45.2), (434.4, 45.2), (434.4, 45.2), (434.4, 45.2), (434.4, 45.2), (434.4, 45.2), (434.4, 45.2), (434.4, 45.2), (434.4, 45.2), (434.4, 45.2), (434.4, 45.2), (434.4, 45.2), (434.4, 45.2), (434.4, 45.2)]",0,12.57
speedrunner,bomberman,2,Bomb,1,0,23.52,0.926,"[(48.0, 48.0), (67.6, 50.8), (98.4, 50.8), (115.2, 64.8), (115.2, 62.0), (115.2, 59.2), (115.2, 64.8), (115.2, 62.0), (115.2, 59.2), (115.2, 64.8), (115.2, 62.0), (115.2, 59.2), (115.2, 64.8), (115.2, 62.0), (115.2, 59.2), (115.2, 64.8), (115.2, 62.0), (115.2, 59.2), (115.2, 64.8), (115.2, 64.8), (115.2, 62.0), (115.2, 59.2), (115.2, 64.8), (115.2, 62.0), (115.2, 59.2), (115.2, 81.6), (118.0, 112.4), (140.4, 115.2), (168.4, 115.2), (179.6, 126.4), (179.6, 123.6), (179.6, 129.2), (179.6, 126.4), (179.6, 123.6), (179.6, 129.2), (179.6, 126.4), (179.6, 123.6), (179.6, 129.2), (179.6, 134.8), (179.6, 140.4), (179.6, 140.4), (179.6, 140.4), (179.6, 140.4), (179.6, 140.4), (179.6, 140.4), (179.6, 165.6), (193.6, 179.6), (221.6, 179.6), (244.0, 188.0), (244.0, 210.4), (244.0, 238.4), (266.4, 244.0), (294.4, 244.0), (308.4, 263.6), (308.4, 291.6), (322.4, 308.4), (350.4, 308.4), (372.8, 319.6), (372.8, 342.0), (372.8, 364.4), (372.8, 372.8), (372.8, 372.8), (372.8, 372.8), (372.8, 372.8), (372.8, 372.8), (372.8, 372.8), (372.8, 372.8), (372.8, 372.8), (372.8, 372.8), (372.8, 372.8), (372.8, 372.8), (372.8, 372.8), (372.8, 372.8), (372.8, 372.8), (372.8, 372.8), (372.8, 372.8), (372.8, 372.8), (372.8, 372.8), (372.8, 372.8), (372.8, 372.8), (372.8, 372.8), (372.8, 372.8), (372.8, 372.8), (372.8, 372.8), (372.8, 372.8), (372.8, 372.8), (372.8, 372.8), (372.8, 372.8), (372.8, 372.8), (372.8, 372.8), (372.8, 372.8), (372.8, 372.8), (372.8, 372.8), (372.8, 372.8)]",0,12.5
speedrunner,bomberman,2,Bomb,2,0,33.92,0.37,"[(48.0, 48.0), (70.4, 50.8), (101.2, 50.8), (115.2, 59.2), (115.2, 64.8), (115.2, 62.0), (115.2, 59.2), (115.2, 64.8), (115.2, 62.0), (115.2, 59.2), (115.2, 64.8), (115.2, 62.0), (115.2, 59.2), (115.2, 64.8), (115.2, 62.0), (115.2, 59.2), (115.2, 64.8), (115.2, 45.2), (115.2, 45.2), (115.2, 45.2), (134.8, 50.8), (162.8, 50.8), (179.6, 64.8), (179.6, 62.0), (179.6, 59.2), (179.6, 64.8), (179.6, 62.0), (179.6, 59.2), (179.6, 64.8), (179.6, 62.0), (179.6, 59.2), (193.6, 45.2), (221.6, 50.8), (244.0, 45.2), (266.4, 50.8), (294.4, 45.2), (316.8, 45.2), (339.2, 50.8), (367.2, 45.2), (389.6, 50.8), (412.0, 45.2), (434.4, 45.2), (434.4, 45.2), (434.4, 45.2), (434.4, 45.2), (434.4, 45.2), (434.4, 45.2), (434.4, 45.2), (434.4, 45.2), (434.4, 45.2), (434.4, 45.2), (434.4, 45.2), (434.4, 45.2), (434.4, 45.2), (434.4, 45.2), (434.4, 45.2), (434.4, 45.2), (434.4, 45.2), (434.4, 45.2), (434.4, 45.2), (434.4, 45.2), (434.4, 45.2), (434.4, 45.2), (434.4, 45.2), (434.4, 45.2), (434.4, 45.2), (434.4, 45.2), (434.4, 45.2), (434.4, 45.2), (434.4, 45.2), (434.4, 45.2), (434.4, 45.2), (434.4, 45.2), (434.4, 45.2), (434.4, 45.2), (434.4, 45.2), (434.4, 45.2), (434.4, 45.2), (434.4, 45.2)]",0,10.48
speedrunner,bomberman,2,Bomb,1,0,1.12,0.074,"[(48.0, 48.0), (50.8, 70.4), (50.8, 101.2), (53.6, 115.2), (53.6, 115.2), (53.6, 115.2), (53.6, 115.2), (53.6, 115.2), (53.6, 115.2), (53.6, 115.2), (53.6, 115.2), (53.6, 115.2), (53.6, 115.2), (53.6, 115.2), (53.6, 115.2), (53.6, 115.2), (53.6, 115.2), (53.6, 115.2), (53.6, 115.2), (53.6, 115.2), (53.6, 115.2), (53.6, 115.2), (53.6, 115.2), (53.6, 115.2), (53.6, 115.2), (53.6, 115.2), (53.6, 115.2), (53.6, 115.2), (53.6, 115.2), (53.6, 115.2), (53.6, 115.2), (53.6, 115.2), (53.6, 115.2), (53.6, 115.2), (53.6, 115.2), (53.6, 115.2), (53.6, 115.2), (53.6, 115.2)]",0,5.0
speedrunner,bomberman,2,Bomb,1,0,25.76,0.37,"[(48.0, 48.0), (48.0, 45.2), (48.0, 45.2), (56.4, 45.2), (78.8, 45.2), (98.4, 45.2), (98.4, 45.2), (98.4, 45.2), (98.4, 45.2), (98.4, 45.2), (98.4, 45.2), (98.4, 45.2), (98.4, 45.2), (98.4, 45.2), (98.4, 45.2), (98.4, 45.2), (98.4, 45.2), (98.4, 45.2), (98.4, 45.2), (101.2, 45.2), (123.6, 45.2), (146.0, 45.2), (160.0, 45.2), (160.0, 45.2), (160.0, 45.2), (160.0, 45.2), (160.0, 45.2), (160.0, 45.2), (160.0, 45.2), (160.0, 45.2), (160.0, 45.2), (160.0, 45.2), (160.0, 45.2), (160.0, 45.2), (160.0, 45.2), (182.4, 45.2), (204.8, 45.2), (227.2, 45.2), (246.8, 45.2), (269.2, 45.2), (288.8, 45.2), (288.8, 45.2), (288.8, 45.2), (288.8, 45.2), (288.8, 45.2), (288.8, 45.2), (288.8, 45.2), (288.8, 45.2), (288.8, 45.2), (288.8, 45.2), (288.8, 45.2), (288.8, 45.2), (288.8, 45.2), (288.8, 45.2), (288.8, 45.2), (288.8, 45.2), (288.8, 45.2), (302.8, 45.2), (325.2, 45.2), (347.6, 45.2), (353.2, 45.2), (353.2, 45.2), (353.2, 45.2), (353.2, 45.2), (353.2, 45.2), (353.2, 45.2), (353.2, 45.2), (353.2, 45.2), (353.2, 45.2), (353.2, 45.2), (353.2, 45.2), (353.2, 45.2), (353.2, 45.2), (353.2, 45.2), (353.2, 45.2), (353.2, 45.2), (372.8, 45.2), (395.2, 45.2), (417.6, 45.2), (417.6, 45.2), (417.6, 45.2), (417.6, 45.2), (417.6, 45.2), (417.6, 45.2), (417.6, 45.2), (417.6, 45.2), (417.6, 45.2), (417.6, 45.2), (417.6, 45.2), (417.6, 45.2), (417.6, 45.2), (417.6, 45.2), (417.6, 45.2), (417.6, 45.2), (417.6, 45.2), (434.4, 45.2), (434.4, 45.2), (434.4, 45.2), (434.4, 45.2), (434.4, 45.2), (434.4, 45.2), (434.4, 45.2), (434.4, 45.2), (434.4, 45.2), (434.4, 45.2), (434.4, 45.2), (434.4, 45.2), (434.4, 45.2), (434.4, 45.2), (434.4, 45.2), (434.4, 45.2), (434.4, 45.2), (434.4, 45.2)]",0,15.0
speedrunner,bomberman,2,Bomb,1,0,23.52,0.926,"[(48.0, 48.0), (67.6, 50.8), (98.4, 50.8), (115.2, 64.8), (115.2, 62.0), (115.2, 59.2), (115.2, 64.8), (115.2, 62.0), (115.2, 59.2), (115.2, 64.8), (115.2, 62.0), (115.2, 59.2), (115.2, 64.8), (115.2, 62.0), (115.2, 59.2), (115.2, 64.8), (115.2, 62.0), (115.2, 59.2), (115.2, 64.8), (115.2, 64.8), (115.2, 62.0), (115.2, 59.2), (115.2, 64.8), (115.2, 62.0), (115.2, 59.2), (115.2, 81.6), (118.0, 112.4), (140.4, 115.2), (168.4, 115.2), (179.6, 126.4), (179.6, 123.6), (179.6, 129.2), (179.6, 126.4), (179.6, 123.6), (179.6, 129.2), (179.6, 126.4), (179.6, 123.6), (179.6, 129.2), (179.6, 134.8), (179.6, 140.4), (179.6, 140.4), (179.6, 140.4), (179.6, 140.4), (179.6, 140.4), (179.6, 140.4), (179.6, 165.6), (193.6, 179.6), (221.6, 179.6), (244.0, 188.0), (244.0, 210.4), (244.0, 238.4), (266.4, 244.0), (294.4, 244.0), (308.4, 263.6), (308.4, 291.6), (322.4, 308.4), (350.4, 308.4), (372.8, 319.6), (372.8, 342.0), (372.8, 364.4), (372.8, 372.8), (372.8, 372.8), (372.8, 372.8), (372.8, 372.8), (372.8, 372.8), (372.8, 372.8), (372.8, 372.8), (372.8, 372.8), (372.8, 372.8), (372.8, 372.8), (372.8, 372.8), (372.8, 372.8), (372.8, 372.8), (372.8, 372.8), (372.8, 372.8), (372.8, 372.8), (372.8, 372.8), (372.8, 372.8), (372.8, 372.8), (372.8, 372.8), (372.8, 372.8), (372.8, 372.8), (372.8, 372.8), (372.8, 372.8), (372.8, 372.8), (372.8, 372.8), (372.8, 372.8), (372.8, 372.8), (372.8, 372.8), (372.8, 372.8), (372.8, 372.8), (372.8, 372.8), (372.8, 372.8), (372.8, 372.8)]",0,12.5
speedrunner,bomberman,2,Bomb,1,0,28.56,0.519,"[(48.0, 48.0), (48.0, 64.8), (48.0, 87.2), (48.0, 109.6), (48.0, 132.0), (48.0, 154.4), (48.0, 176.8), (48.0, 199.2), (48.0, 221.6), (48.0, 244.0), (48.0, 266.4), (48.0, 288.8), (48.0, 311.2), (48.0, 333.6), (50.8, 356.0), (64.8, 372.8), (87.2, 372.8), (109.6, 372.8), (132.0, 372.8), (154.4, 372.8), (176.8, 372.8), (190.8, 372.8), (190.8, 372.8), (190.8, 372.8), (190.8, 372.8), (190.8, 372.8), (190.8, 372.8), (190.8, 372.8), (190.8, 372.8), (190.8, 372.8), (190.8, 372.8), (190.8, 372.8), (190.8, 372.8), (190.8, 372.8), (190.8, 372.8), (190.8, 372.8), (190.8, 372.8), (190.8, 372.8)]",0,5.0
speedrunner,bomberman,2,Bomb,1,0,59.36,0.519,"[(48.0, 48.0), (70.4, 45.2), (92.8, 45.2), (115.2, 45.2), (137.6, 45.2), (160.0, 45.2), (182.4, 45.2), (204.8, 50.8), (232.8, 50.8), (244.0, 70.4), (244.0, 92.8), (249.6, 115.2), (272.0, 115.2), (300.0, 118.0), (308.4, 140.4), (308.4, 162.8), (319.6, 179.6), (344.8, 179.6), (353.2, 179.6), (353.2, 179.6), (353.2, 179.6), (353.2, 179.6), (353.2, 179.6), (353.2, 179.6), (358.8, 179.6), (361.6, 179.6), (361.6, 179.6), (361.6, 179.6), (361.6, 179.6), (361.6, 179.6), (361.6, 179.6), (361.6, 179.6), (361.6, 179.6), (361.6, 179.6), (361.6, 179.6), (361.6, 179.6), (361.6, 179.6), (361.6, 179.6)]",0,5.0
speedrunner,bomberman,2,Bomb,1,0,25.76,0.37,"[(48.0, 48.0), (48.0, 45.2), (48.0, 45.2), (56.4, 45.2), (78.8, 45.2), (98.4, 45.2), (98.4, 45.2), (98.4, 45.2), (98.4, 45.2), (98.4, 45.2), (98.4, 45.2), (98.4, 45.2), (98.4, 45.2), (98.4, 45.2), (98.4, 45.2), (98.4, 45.2), (98.4, 45.2), (98.4, 45.2), (98.4, 45.2), (101.2, 45.2), (123.6, 45.2), (146.0, 45.2), (160.0, 45.2), (160.0, 45.2), (160.0, 45.2), (160.0, 45.2), (160.0, 45.2), (160.0, 45.2), (160.0, 45.2), (160.0, 45.2), (160.0, 45.2), (160.0, 45.2), (160.0, 45.2), (160.0, 45.2), (160.0, 45.2), (182.4, 45.2), (204.8, 45.2), (227.2, 45.2), (246.8, 45.2), (269.2, 45.2), (288.8, 45.2), (288.8, 45.2), (288.8, 45.2), (288.8, 45.2), (288.8, 45.2), (288.8, 45.2), (288.8, 45.2), (288.8, 45.2), (288.8, 45.2), (288.8, 45.2), (288.8, 45.2), (288.8, 45.2), (288.8, 45.2), (288.8, 45.2), (288.8, 45.2), (288.8, 45.2), (288.8, 45.2), (302.8, 45.2), (325.2, 45.2), (347.6, 45.2), (353.2, 45.2), (353.2, 45.2), (353.2, 45.2), (353.2, 45.2), (353.2, 45.2), (353.2, 45.2), (353.2, 45.2), (353.2, 45.2), (353.2, 45.2), (353.2, 45.2), (353.2, 45.2), (353.2, 45.2), (353.2, 45.2), (353.2, 45.2), (353.2, 45.2), (353.2, 45.2), (372.8, 45.2), (395.2, 45.2), (417.6, 45.2), (417.6, 45.2), (417.6, 45.2), (417.6, 45.2), (417.6, 45.2), (417.6, 45.2), (417.6, 45.2), (417.6, 45.2), (417.6, 45.2), (417.6, 45.2), (417.6, 45.2), (417.6, 45.2), (417.6, 45.2), (417.6, 45.2), (417.6, 45.2), (417.6, 45.2), (417.6, 45.2), (434.4, 45.2), (434.4, 45.2), (434.4, 45.2), (434.4, 45.2), (434.4, 45.2), (434.4, 45.2), (434.4, 45.2), (434.4, 45.2), (434.4, 45.2), (434.4, 45.2), (434.4, 45.2), (434.4, 45.2), (434.4, 45.2), (434.4, 45.2), (434.4, 45.2), (434.4, 45.2), (434.4, 45.2), (434.4, 45.2)]",0,15.0
speedrunner,bomberman,2,Bomb,1,0,36.12,0.37,"[(48.0, 48.0), (70.4, 50.8), (101.2, 50.8), (115.2, 59.2), (115.2, 64.8), (115.2, 62.0), (115.2, 59.2), (115.2, 64.8), (115.2, 62.0), (115.2, 59.2), (115.2, 64.8), (115.2, 62.0), (115.2, 59.2), (115.2, 64.8), (115.2, 62.0), (115.2, 59.2), (115.2, 64.8), (115.2, 62.0), (115.2, 59.2), (115.2, 64.8), (115.2, 56.4), (120.8, 45.2), (143.2, 50.8), (171.2, 50.8), (179.6, 64.8), (179.6, 62.0), (179.6, 59.2), (179.6, 64.8), (179.6, 62.0), (179.6, 59.2), (179.6, 64.8), (179.6, 62.0), (179.6, 50.8), (202.0, 50.8), (230.0, 45.2), (252.4, 45.2), (274.8, 50.8), (302.8, 45.2), (325.2, 48.0), (347.6, 45.2), (370.0, 45.2), (392.4, 45.2), (414.8, 45.2), (434.4, 45.2), (434.4, 45.2), (434.4, 45.2), (434.4, 45.2), (434.4, 45.2), (434.4, 45.2), (434.4, 45.2), (434.4, 45.2), (434.4, 45.2), (434.4, 45.2), (434.4, 45.2), (434.4, 45.2), (434.4, 45.2), (434.4, 45.2), (434.4, 45.2), (434.4, 45.2), (434.4, 45.2), (434.4, 45.2), (434.4, 45.2), (434.4, 45.2), (434.4, 45.2), (434.4, 45.2), (434.4, 45.2), (434.4, 45.2), (434.4, 45.2), (434.4, 45.2), (434.4, 45.2), (434.4, 45.2), (434.4, 45.2), (434.4, 45.2), (434.4, 45.2), (434.4, 45.2), (434.4, 45.2)]",0,10.0
speedrunner,bomberman,2,Bomb,1,0,0.0,0.0,"[(48.0, 48.0), (48.0, 45.2), (48.0, 45.2), (48.0, 45.2), (48.0, 45.2), (48.0, 45.2), (48.0, 45.2), (48.0, 45.2), (48.0, 45.2), (48.0, 45.2), (48.0, 45.2), (48.0, 45.2), (48.0, 45.2), (48.0, 45.2), (48.0, 45.2), (48.0, 45.2), (48.0, 45.2), (48.0, 45.2), (48.0, 45.2)]",0,2.5
speedrunner,bomberman,2,Bomb,1,0,39.2,0.926,"[(48.0, 48.0), (70.4, 50.8), (101.2, 50.8), (115.2, 67.6), (115.2, 95.6), (126.4, 115.2), (151.6, 115.2), (176.8, 120.8), (179.6, 143.2), (179.6, 171.2), (199.2, 179.6), (227.2, 179.6), (244.0, 193.6), (244.0, 218.8), (249.6, 244.0), (272.0, 244.0), (300.0, 246.8), (308.4, 269.2), (308.4, 297.2), (328.0, 308.4), (356.0, 308.4), (372.8, 325.2), (372.8, 347.6), (372.8, 370.0), (372.8, 372.8), (372.8, 372.8), (372.8, 372.8), (372.8, 372.8), (372.8, 372.8), (372.8, 372.8), (372.8, 372.8), (372.8, 372.8), (372.8, 372.8), (372.8, 372.8), (372.8, 372.8), (372.8, 372.8), (372.8, 372.8), (372.8, 372.8), (372.8, 372.8), (372.8, 372.8), (372.8, 372.8), (372.8, 372.8), (372.8, 372.8), (372.8, 372.8), (372.8, 372.8), (372.8, 372.8), (372.8, 372.8), (372.8, 372.8), (372.8, 372.8), (372.8, 372.8), (372.8, 372.8), (372.8, 372.8), (372.8, 372.8), (372.8, 372.8), (372.8, 372.8), (372.8, 372.8), (372.8, 372.8)]",0,7.5
speedrunner,bomberman,2,Stuck,2,0,30.62,0.741,"[(48.0, 48.0), (50.8, 45.2), (50.8, 45.2), (50.8, 45.2), (50.8, 45.2), (50.8, 45.2), (50.8, 45.2), (50.8, 45.2), (50.8, 45.2), (50.8, 56.4), (50.8, 78.8), (50.8, 101.2), (50.8, 123.6), (50.8, 146.0), (50.8, 168.4), (50.8, 190.8), (50.8, 213.2), (50.8, 235.6), (50.8, 258.0), (50.8, 283.2), (59.2, 308.4), (81.6, 305.6), (106.8, 308.4), (115.2, 330.8), (115.2, 358.8), (132.0, 372.8), (154.4, 372.8), (176.8, 372.8), (199.2, 372.8), (221.6, 372.8), (244.0, 372.8), (266.4, 372.8), (288.8, 372.8), (311.2, 372.8), (333.6, 372.8), (356.0, 372.8), (372.8, 372.8), (372.8, 372.8), (372.8, 372.8), (372.8, 372.8), (372.8, 372.8), (372.8, 372.8), (372.8, 372.8), (372.8, 372.8), (372.8, 372.8), (372.8, 372.8), (372.8, 372.8), (372.8, 372.8), (372.8, 372.8), (372.8, 372.8), (372.8, 372.8), (372.8, 372.8), (372.8, 372.8), (372.8, 372.8), (372.8, 372.8), (372.8, 372.8), (372.8, 372.8), (372.8, 372.8), (372.8, 372.8), (372.8, 372.8), (372.8, 372.8), (372.8, 372.8), (372.8, 372.8), (372.8, 372.8), (372.8, 372.8), (372.8, 372.8), (372.8, 372.8), (372.8, 372.8), (372.8, 372.8), (372.8, 372.8), (372.8, 372.8), (372.8, 372.8), (372.8, 372.8), (372.8, 372.8), (372.8, 372.8), (372.8, 372.8), (372.8, 372.8), (372.8, 372.8), (372.8, 372.8)]",0,10.52
speedrunner,bomberman,2,Bomb,1,0,41.44,0.926,"[(48.0, 48.0), (48.0, 70.4), (48.0, 92.8), (48.0, 115.2), (48.0, 137.6), (48.0, 160.0), (48.0, 182.4), (48.0, 204.8), (48.0, 227.2), (62.0, 244.0), (87.2, 244.0), (115.2, 252.4), (115.2, 274.8), (115.2, 297.2), (134.8, 308.4), (162.8, 308.4), (179.6, 322.4), (179.6, 347.6), (188.0, 372.8), (210.4, 372.8), (232.8, 372.8), (255.2, 372.8), (277.6, 372.8), (300.0, 372.8), (322.4, 372.8), (344.8, 372.8), (367.2, 372.8), (372.8, 372.8), (372.8, 372.8), (372.8, 372.8), (372.8, 372.8), (372.8, 372.8), (372.8, 372.8), (372.8, 372.8), (372.8, 372.8), (372.8, 372.8), (372.8, 372.8), (372.8, 372.8), (372.8, 372.8), (372.8, 372.8), (372.8, 372.8), (372.8, 372.8), (372.8, 372.8), (372.8, 372.8), (372.8, 372.8), (372.8, 372.8), (372.8, 372.8), (372.8, 372.8), (372.8, 372.8), (372.8, 372.8), (372.8, 372.8), (372.8, 372.8), (372.8, 372.8), (372.8, 372.8), (372.8, 372.8), (372.8, 372.8), (372.8, 372.8)]",0,7.5
speedrunner,bomberman,2,Bomb,1,0,43.31,0.926,"[(48.0, 48.0), (48.0, 70.4), (48.0, 92.8), (48.0, 115.2), (48.0, 137.6), (48.0, 160.0), (48.0, 182.4), (48.0, 204.8), (48.0, 227.2), (48.0, 249.6), (48.0, 272.0), (48.0, 294.4), (50.8, 316.8), (50.8, 339.2), (50.8, 361.6), (70.4, 372.8), (92.8, 372.8), (115.2, 372.8), (137.6, 372.8), (160.0, 372.8), (182.4, 372.8), (204.8, 372.8), (227.2, 372.8), (249.6, 372.8), (272.0, 372.8), (294.4, 372.8), (316.8, 372.8), (339.2, 372.8), (361.6, 372.8), (372.8, 372.8), (372.8, 372.8), (372.8, 372.8), (372.8, 372.8), (372.8, 372.8), (372.8, 372.8), (372.8, 372.8), (372.8, 372.8), (372.8, 372.8), (372.8, 372.8), (372.8, 372.8), (372.8, 372.8), (372.8, 372.8), (372.8, 372.8), (372.8, 372.8), (372.8, 372.8), (372.8, 372.8), (372.8, 372.8), (372.8, 372.8), (372.8, 372.8), (372.8, 372.8), (372.8, 372.8), (372.8, 372.8), (372.8, 372.8), (372.8, 372.8), (372.8, 372.8), (372.8, 372.8), (372.8, 372.8)]",0,7.5
speedrunner,bomberman,2,Bomb,1,0,43.31,0.926,"[(48.0, 48.0), (48.0, 70.4), (48.0, 92.8), (48.0, 115.2), (48.0, 137.6), (48.0, 160.0), (48.0, 182.4), (48.0, 204.8), (48.0, 227.2), (48.0, 249.6), (48.0, 272.0), (48.0, 294.4), (50.8, 316.8), (50.8, 339.2), (50.8, 361.6), (70.4, 372.8), (92.8, 372.8), (115.2, 372.8), (137.6, 372.8), (160.0, 372.8), (182.4, 372.8), (204.8, 372.8), (227.2, 372.8), (249.6, 372.8), (272.0, 372.8), (294.4, 372.8), (316.8, 372.8), (339.2, 372.8), (361.6, 372.8), (372.8, 372.8), (372.8, 372.8), (372.8, 372.8), (372.8, 372.8), (372.8, 372.8), (372.8, 372.8), (372.8, 372.8), (372.8, 372.8), (372.8, 372.8), (372.8, 372.8), (372.8, 372.8), (372.8, 372.8), (372.8, 372.8), (372.8, 372.8), (372.8, 372.8), (372.8, 372.8), (372.8, 372.8), (372.8, 372.8), (372.8, 372.8), (372.8, 372.8), (372.8, 372.8), (372.8, 372.8), (372.8, 372.8), (372.8, 372.8), (372.8, 372.8), (372.8, 372.8), (372.8, 372.8), (372.8, 372.8)]",0,7.5
speedrunner,bomberman,2,Bomb,1,0,41.44,0.926,"[(48.0, 48.0), (48.0, 70.4), (48.0, 92.8), (48.0, 115.2), (48.0, 137.6), (48.0, 160.0), (48.0, 182.4), (48.0, 204.8), (48.0, 227.2), (62.0, 244.0), (87.2, 244.0), (115.2, 252.4), (115.2, 274.8), (115.2, 297.2), (134.8, 308.4), (162.8, 308.4), (179.6, 322.4), (179.6, 347.6), (188.0, 372.8), (210.4, 372.8), (232.8, 372.8), (255.2, 372.8), (277.6, 372.8), (300.0, 372.8), (322.4, 372.8), (344.8, 372.8), (367.2, 372.8), (372.8, 372.8), (372.8, 372.8), (372.8, 372.8), (372.8, 372.8), (372.8, 372.8), (372.8, 372.8), (372.8, 372.8), (372.8, 372.8), (372.8, 372.8), (372.8, 372.8), (372.8, 372.8), (372.8, 372.8), (372.8, 372.8), (372.8, 372.8), (372.8, 372.8), (372.8, 372.8), (372.8, 372.8), (372.8, 372.8), (372.8, 372.8), (372.8, 372.8), (372.8, 372.8), (372.8, 372.8), (372.8, 372.8), (372.8, 372.8), (372.8, 372.8), (372.8, 372.8), (372.8, 372.8), (372.8, 372.8), (372.8, 372.8), (372.8, 372.8)]",0,7.5
speedrunner,bomberman,2,Bomb,1,0,39.2,0.926,"[(48.0, 48.0), (70.4, 50.8), (101.2, 50.8), (115.2, 67.6), (115.2, 95.6), (126.4, 115.2), (151.6, 115.2), (176.8, 120.8), (179.6, 143.2), (179.6, 171.2), (199.2, 179.6), (227.2, 179.6), (244.0, 193.6), (244.0, 218.8), (249.6, 244.0), (272.0, 244.0), (300.0, 246.8), (308.4, 269.2), (308.4, 297.2), (328.0, 308.4), (356.0, 308.4), (372.8, 325.2), (372.8, 347.6), (372.8, 370.0), (372.8, 372.8), (372.8, 372.8), (372.8, 372.8), (372.8, 372.8), (372.8, 372.8), (372.8, 372.8), (372.8, 372.8), (372.8, 372.8), (372.8, 372.8), (372.8, 372.8), (372.8, 372.8), (372.8, 372.8), (372.8, 372.8), (372.8, 372.8), (372.8, 372.8), (372.8, 372.8), (372.8, 372.8), (372.8, 372.8), (372.8, 372.8), (372.8, 372.8), (372.8, 372.8), (372.8, 372.8), (372.8, 372.8), (372.8, 372.8), (372.8, 372.8), (372.8, 372.8), (372.8, 372.8), (372.8, 372.8), (372.8, 372.8), (372.8, 372.8), (372.8, 372.8), (372.8, 372.8), (372.8, 372.8)]",0,7.5
speedrunner,bomberman,2,Bomb,1,0,23.52,0.926,"[(48.0, 48.0), (67.6, 50.8), (98.4, 50.8), (115.2, 64.8), (115.2, 62.0), (115.2, 59.2), (115.2, 64.8), (115.2, 62.0), (115.2, 59.2), (115.2, 64.8), (115.2, 62.0), (115.2, 59.2), (115.2, 64.8), (115.2, 62.0), (115.2, 59.2), (115.2, 64.8), (115.2, 62.0), (115.2, 59.2), (115.2, 64.8), (115.2, 64.8), (115.2, 62.0), (115.2, 59.2), (115.2, 64.8), (115.2, 62.0), (115.2, 59.2), (115.2, 81.6), (118.0, 112.4), (140.4, 115.2), (168.4, 115.2), (179.6, 126.4), (179.6, 123.6), (179.6, 129.2), (179.6, 126.4), (179.6, 123.6), (179.6, 129.2), (179.6, 126.4), (179.6, 123.6), (179.6, 129.2), (179.6, 134.8), (179.6, 140.4), (179.6, 140.4), (179.6, 140.4), (179.6, 140.4), (179.6, 140.4), (179.6, 140.4), (179.6, 165.6), (193.6, 179.6), (221.6, 179.6), (244.0, 188.0), (244.0, 210.4), (244.0, 238.4), (266.4, 244.0), (294.4, 244.0), (308.4, 263.6), (308.4, 291.6), (322.4, 308.4), (350.4, 308.4), (372.8, 319.6), (372.8, 342.0), (372.8, 364.4), (372.8, 372.8), (372.8, 372.8), (372.8, 372.8), (372.8, 372.8), (372.8, 372.8), (372.8, 372.8), (372.8, 372.8), (372.8, 372.8), (372.8, 372.8), (372.8, 372.8), (372.8, 372.8), (372.8, 372.8), (372.8, 372.8), (372.8, 372.8), (372.8, 372.8), (372.8, 372.8), (372.8, 372.8), (372.8, 372.8), (372.8, 372.8), (372.8, 372.8), (372.8, 372.8), (372.8, 372.8), (372.8, 372.8), (372.8, 372.8), (372.8, 372.8), (372.8, 372.8), (372.8, 372.8), (372.8, 372.8), (372.8, 372.8), (372.8, 372.8), (372.8, 372.8), (372.8, 372.8), (372.8, 372.8), (372.8, 372.8)]",0,12.5
speedrunner,bomberman,2,Bomb,1,0,46.67,0.593,"[(48.0, 48.0), (70.4, 50.8), (101.2, 48.0), (123.6, 45.2), (146.0, 50.8), (174.0, 45.2), (196.4, 48.0), (224.4, 50.8), (244.0, 62.0), (244.0, 84.4), (244.0, 106.8), (263.6, 115.2), (291.6, 115.2), (308.4, 132.0), (308.4, 154.4), (311.2, 176.8), (333.6, 179.6), (361.6, 179.6), (372.8, 202.0), (372.8, 224.4), (381.2, 244.0), (403.6, 244.0), (431.6, 249.6), (434.4, 272.0), (434.4, 294.4), (434.4, 308.4), (434.4, 308.4), (434.4, 308.4), (434.4, 308.4), (434.4, 308.4), (434.4, 308.4), (434.4, 308.4), (434.4, 308.4), (434.4, 308.4), (434.4, 308.4), (434.4, 308.4), (434.4, 308.4), (434.4, 308.4), (434.4, 308.4), (434.4, 308.4), (434.4, 308.4), (434.4, 308.4), (434.4, 308.4), (434.4, 308.4), (434.4, 308.4), (434.4, 308.4), (434.4, 308.4), (434.4, 308.4), (434.4, 308.4), (434.4, 308.4), (434.4, 308.4), (434.4, 308.4), (434.4, 308.4), (434.4, 308.4), (434.4, 308.4), (434.4, 308.4), (434.4, 308.4)]",0,7.5
speedrunner,bomberman,2,Bomb,1,0,51.52,0.407,"[(48.0, 48.0), (70.4, 45.2), (92.8, 45.2), (115.2, 45.2), (137.6, 45.2), (160.0, 45.2), (182.4, 45.2), (204.8, 45.2), (227.2, 45.2), (249.6, 45.2), (272.0, 45.2), (294.4, 45.2), (316.8, 45.2), (339.2, 45.2), (361.6, 45.2), (372.8, 62.0), (372.8, 62.0), (372.8, 62.0), (372.8, 62.0), (372.8, 62.0), (372.8, 62.0), (372.8, 62.0), (372.8, 62.0), (372.8, 62.0), (372.8, 50.8), (395.2, 45.2), (417.6, 45.2), (417.6, 45.2), (417.6, 45.2), (417.6, 45.2), (417.6, 45.2), (417.6, 45.2), (417.6, 45.2), (417.6, 45.2), (417.6, 45.2), (417.6, 45.2), (417.6, 45.2), (417.6, 45.2), (417.6, 50.8), (417.6, 50.8), (417.6, 48.0), (417.6, 45.2), (434.4, 62.0), (434.4, 62.0), (434.4, 62.0), (434.4, 62.0), (434.4, 62.0), (434.4, 56.4), (434.4, 45.2), (434.4, 45.2), (434.4, 45.2), (434.4, 45.2), (434.4, 45.2), (434.4, 45.2), (434.4, 45.2), (434.4, 45.2), (434.4, 45.2)]",0,7.5
speedrunner,bomberman,2,Bomb,1,0,50.03,0.593,"[(48.0, 48.0), (67.6, 45.2), (90.0, 45.2), (112.4, 45.2), (134.8, 45.2), (157.2, 45.2), (179.6, 45.2), (202.0, 45.2), (224.4, 45.2), (246.8, 45.2), (269.2, 45.2), (291.6, 48.0), (308.4, 59.2), (308.4, 64.8), (308.4, 62.0), (308.4, 59.2), (308.4, 64.8), (308.4, 62.0), (308.4, 59.2), (308.4, 64.8), (308.4, 62.0), (308.4, 59.2), (308.4, 64.8), (308.4, 62.0), (308.4, 76.0), (308.4, 106.8), (328.0, 109.6), (356.0, 112.4), (372.8, 132.0), (372.8, 160.0), (381.2, 179.6), (403.6, 174.0), (431.6, 185.2), (434.4, 207.6), (434.4, 230.0), (434.4, 252.4), (434.4, 274.8), (434.4, 297.2), (434.4, 308.4), (434.4, 308.4), (434.4, 308.4), (434.4, 308.4), (434.4, 308.4), (434.4, 308.4), (434.4, 308.4), (434.4, 308.4), (434.4, 308.4), (434.4, 308.4), (434.4, 308.4), (434.4, 308.4), (434.4, 308.4), (434.4, 308.4), (434.4, 308.4), (434.4, 308.4), (434.4, 308.4), (434.4, 308.4), (434.4, 308.4)]",0,7.5
speedrunner,bomberman,2,Bomb,1,0,0.0,0.0,"[(48.0, 48.0), (48.0, 45.2), (48.0, 45.2), (48.0, 45.2), (48.0, 45.2), (48.0, 45.2), (48.0, 45.2), (48.0, 45.2), (48.0, 45.2), (48.0, 45.2), (48.0, 45.2), (48.0, 45.2), (48.0, 45.2), (48.0, 45.2), (48.0, 45.2), (48.0, 45.2), (48.0, 45.2), (48.0, 45.2), (48.0, 45.2)]",0,2.5
speedrunner,bomberman,2,Bomb,1,0,42.19,0.926,"[(48.0, 48.0), (48.0, 70.4), (48.0, 92.8), (48.0, 115.2), (48.0, 137.6), (48.0, 160.0), (48.0, 182.4), (48.0, 204.8), (48.0, 227.2), (48.0, 249.6), (48.0, 272.0), (50.8, 294.4), (67.6, 308.4), (98.4, 308.4), (115.2, 322.4), (115.2, 347.6), (123.6, 372.8), (146.0, 372.8), (168.4, 372.8), (190.8, 372.8), (213.2, 372.8), (235.6, 372.8), (258.0, 372.8), (280.4, 372.8), (302.8, 372.8), (325.2, 372.8), (347.6, 372.8), (370.0, 372.8), (372.8, 372.8), (372.8, 372.8), (372.8, 372.8), (372.8, 372.8), (372.8, 372.8), (372.8, 372.8), (372.8, 372.8), (372.8, 372.8), (372.8, 372.8), (372.8, 372.8), (372.8, 372.8), (372.8, 372.8), (372.8, 372.8), (372.8, 372.8), (372.8, 372.8), (372.8, 372.8), (372.8, 372.8), (372.8, 372.8), (372.8, 372.8), (372.8, 372.8), (372.8, 372.8), (372.8, 372.8), (372.8, 372.8), (372.8, 372.8), (372.8, 372.8), (372.8, 372.8), (372.8, 372.8), (372.8, 372.8), (372.8, 372.8)]",0,7.5
speedrunner,bomberman,2,Stuck,3,0,34.05,0.741,"[(48.0, 48.0), (48.0, 70.4), (48.0, 92.8), (48.0, 115.2), (48.0, 137.6), (48.0, 160.0), (59.2, 179.6), (81.6, 179.6), (112.4, 185.2), (115.2, 207.6), (115.2, 235.6), (134.8, 244.0), (162.8, 244.0), (179.6, 258.0), (179.6, 283.2), (188.0, 308.4), (210.4, 308.4), (238.4, 311.2), (244.0, 333.6), (244.0, 361.6), (263.6, 372.8), (291.6, 367.2), (314.0, 372.8), (336.4, 364.4), (364.4, 372.8), (372.8, 372.8), (372.8, 372.8), (372.8, 372.8), (372.8, 372.8), (372.8, 372.8), (372.8, 372.8), (372.8, 372.8), (372.8, 372.8), (372.8, 372.8), (372.8, 372.8), (372.8, 372.8), (372.8, 372.8), (372.8, 372.8), (372.8, 372.8), (372.8, 372.8), (372.8, 372.8), (372.8, 372.8), (372.8, 372.8), (372.8, 372.8), (372.8, 372.8), (372.8, 372.8), (372.8, 372.8), (372.8, 372.8), (372.8, 372.8), (372.8, 372.8), (372.8, 372.8), (372.8, 372.8), (372.8, 372.8), (372.8, 372.8), (372.8, 372.8), (372.8, 372.8), (372.8, 372.8), (372.8, 372.8), (372.8, 372.8), (372.8, 372.8), (372.8, 372.8), (372.8, 372.8), (372.8, 372.8), (372.8, 372.8), (372.8, 372.8)]",0,8.63
speedrunner,bomberman,2,Bomb,1,0,42.19,0.926,"[(48.0, 48.0), (48.0, 70.4), (48.0, 92.8), (48.0, 115.2), (48.0, 137.6), (48.0, 160.0), (48.0, 182.4), (48.0, 204.8), (48.0, 227.2), (48.0, 249.6), (48.0, 272.0), (50.8, 294.4), (67.6, 308.4), (98.4, 308.4), (115.2, 322.4), (115.2, 347.6), (123.6, 372.8), (146.0, 372.8), (168.4, 372.8), (190.8, 372.8), (213.2, 372.8), (235.6, 372.8), (258.0, 372.8), (280.4, 372.8), (302.8, 372.8), (325.2, 372.8), (347.6, 372.8), (370.0, 372.8), (372.8, 372.8), (372.8, 372.8), (372.8, 372.8), (372.8, 372.8), (372.8, 372.8), (372.8, 372.8), (372.8, 372.8), (372.8, 372.8), (372.8, 372.8), (372.8, 372.8), (372.8, 372.8), (372.8, 372.8), (372.8, 372.8), (372.8, 372.8), (372.8, 372.8), (372.8, 372.8), (372.8, 372.8), (372.8, 372.8), (372.8, 372.8), (372.8, 372.8), (372.8, 372.8), (372.8, 372.8), (372.8, 372.8), (372.8, 372.8), (372.8, 372.8), (372.8, 372.8), (372.8, 372.8), (372.8, 372.8), (372.8, 372.8)]",0,7.5
speedrunner,bomberman,2,Bomb,1,0,43.31,0.926,"[(48.0, 48.0), (48.0, 70.4), (48.0, 92.8), (48.0, 115.2), (48.0, 137.6), (48.0, 160.0), (48.0, 182.4), (48.0, 204.8), (48.0, 227.2), (48.0, 249.6), (48.0, 272.0), (48.0, 294.4), (50.8, 316.8), (50.8, 339.2), (50.8, 361.6), (70.4, 372.8), (92.8, 372.8), (115.2, 372.8), (137.6, 372.8), (160.0, 372.8), (182.4, 372.8), (204.8, 372.8), (227.2, 372.8), (249.6, 372.8), (272.0, 372.8), (294.4, 372.8), (316.8, 372.8), (339.2, 372.8), (361.6, 372.8), (372.8, 372.8), (372.8, 372.8), (372.8, 372.8), (372.8, 372.8), (372.8, 372.8), (372.8, 372.8), (372.8, 372.8), (372.8, 372.8), (372.8, 372.8), (372.8, 372.8), (372.8, 372.8), (372.8, 372.8), (372.8, 372.8), (372.8, 372.8), (372.8, 372.8), (372.8, 372.8), (372.8, 372.8), (372.8, 372.8), (372.8, 372.8), (372.8, 372.8), (372.8, 372.8), (372.8, 372.8), (372.8, 372.8), (372.8, 372.8), (372.8, 372.8), (372.8, 372.8), (372.8, 372.8), (372.8, 372.8)]",0,7.5
speedrunner,bomberman,2,Bomb,1,0,39.2,0.926,"[(48.0, 48.0), (70.4, 50.8), (101.2, 50.8), (115.2, 67.6), (115.2, 95.6), (126.4, 115.2), (151.6, 115.2), (176.8, 120.8), (179.6, 143.2), (179.6, 171.2), (199.2, 179.6), (227.2, 179.6), (244.0, 193.6), (244.0, 218.8), (249.6, 244.0), (272.0, 244.0), (300.0, 246.8), (308.4, 269.2), (308.4, 297.2), (328.0, 308.4), (356.0, 308.4), (372.8, 325.2), (372.8, 347.6), (372.8, 370.0), (372.8, 372.8), (372.8, 372.8), (372.8, 372.8), (372.8, 372.8), (372.8, 372.8), (372.8, 372.8), (372.8, 372.8), (372.8, 372.8), (372.8, 372.8), (372.8, 372.8), (372.8, 372.8), (372.8, 372.8), (372.8, 372.8), (372.8, 372.8), (372.8, 372.8), (372.8, 372.8), (372.8, 372.8), (372.8, 372.8), (372.8, 372.8), (372.8, 372.8), (372.8, 372.8), (372.8, 372.8), (372.8, 372.8), (372.8, 372.8), (372.8, 372.8), (372.8, 372.8), (372.8, 372.8), (372.8, 372.8), (372.8, 372.8), (372.8, 372.8), (372.8, 372.8), (372.8, 372.8), (372.8, 372.8)]",0,7.5
speedrunner,bomberman,2,Bomb,1,0,41.44,0.926,"[(48.0, 48.0), (48.0, 70.4), (48.0, 92.8), (48.0, 115.2), (48.0, 137.6), (48.0, 160.0), (48.0, 182.4), (48.0, 204.8), (48.0, 227.2), (62.0, 244.0), (87.2, 244.0), (115.2, 252.4), (115.2, 274.8), (115.2, 297.2), (134.8, 308.4), (162.8, 308.4), (179.6, 322.4), (179.6, 347.6), (188.0, 372.8), (210.4, 372.8), (232.8, 372.8), (255.2, 372.8), (277.6, 372.8), (300.0, 372.8), (322.4, 372.8), (344.8, 372.8), (367.2, 372.8), (372.8, 372.8), (372.8, 372.8), (372.8, 372.8), (372.8, 372.8), (372.8, 372.8), (372.8, 372.8), (372.8, 372.8), (372.8, 372.8), (372.8, 372.8), (372.8, 372.8), (372.8, 372.8), (372.8, 372.8), (372.8, 372.8), (372.8, 372.8), (372.8, 372.8), (372.8, 372.8), (372.8, 372.8), (372.8, 372.8), (372.8, 372.8), (372.8, 372.8), (372.8, 372.8), (372.8, 372.8), (372.8, 372.8), (372.8, 372.8), (372.8, 372.8), (372.8, 372.8), (372.8, 372.8), (372.8, 372.8), (372.8, 372.8), (372.8, 372.8)]",0,7.5
speedrunner,bomberman,2,Bomb,1,0,40.69,0.926,"[(48.0, 48.0), (50.8, 64.8), (50.8, 87.2), (50.8, 109.6), (50.8, 132.0), (50.8, 154.4), (50.8, 176.8), (73.2, 179.6), (104.0, 179.6), (115.2, 199.2), (115.2, 221.6), (120.8, 244.0), (143.2, 244.0), (171.2, 244.0), (179.6, 266.4), (179.6, 288.8), (190.8, 308.4), (216.0, 308.4), (241.2, 314.0), (244.0, 336.4), (244.0, 364.4), (266.4, 372.8), (288.8, 372.8), (311.2, 372.8), (333.6, 372.8), (356.0, 372.8), (372.8, 372.8), (372.8, 372.8), (372.8, 372.8), (372.8, 372.8), (372.8, 372.8), (372.8, 372.8), (372.8, 372.8), (372.8, 372.8), (372.8, 372.8), (372.8, 372.8), (372.8, 372.8), (372.8, 372.8), (372.8, 372.8), (372.8, 372.8), (372.8, 372.8), (372.8, 372.8), (372.8, 372.8), (372.8, 372.8), (372.8, 372.8), (372.8, 372.8), (372.8, 372.8), (372.8, 372.8), (372.8, 372.8), (372.8, 372.8), (372.8, 372.8), (372.8, 372.8), (372.8, 372.8), (372.8, 372.8), (372.8, 372.8), (372.8, 372.8), (372.8, 372.8)]",0,7.5
speedrunner,bomberman,2,Bomb,1,0,42.19,0.926,"[(48.0, 48.0), (48.0, 70.4), (48.0, 92.8), (48.0, 115.2), (48.0, 137.6), (48.0, 160.0), (48.0, 182.4), (48.0, 204.8), (48.0, 227.2), (48.0, 249.6), (48.0, 272.0), (50.8, 294.4), (67.6, 308.4), (98.4, 308.4), (115.2, 322.4), (115.2, 344.8), (118.0, 367.2), (140.4, 372.8), (162.8, 372.8), (185.2, 372.8), (207.6, 372.8), (230.0, 372.8), (252.4, 372.8), (274.8, 372.8), (297.2, 372.8), (319.6, 372.8), (342.0, 372.8), (364.4, 372.8), (372.8, 372.8), (372.8, 372.8), (372.8, 372.8), (372.8, 372.8), (372.8, 372.8), (372.8, 372.8), (372.8, 372.8), (372.8, 372.8), (372.8, 372.8), (372.8, 372.8), (372.8, 372.8), (372.8, 372.8), (372.8, 372.8), (372.8, 372.8), (372.8, 372.8), (372.8, 372.8), (372.8, 372.8), (372.8, 372.8), (372.8, 372.8), (372.8, 372.8), (372.8, 372.8), (372.8, 372.8), (372.8, 372.8), (372.8, 372.8), (372.8, 372.8), (372.8, 372.8), (372.8, 372.8), (372.8, 372.8), (372.8, 372.8)]",0,7.5
speedrunner,bomberman,2,Bomb,1,0,0.56,0.37,"[(48.0, 48.0), (48.0, 70.4), (48.0, 92.8), (48.0, 115.2), (48.0, 137.6), (48.0, 160.0), (48.0, 182.4), (48.0, 204.8), (48.0, 227.2), (48.0, 249.6), (48.0, 272.0), (48.0, 294.4), (48.0, 316.8), (48.0, 339.2), (48.0, 361.6), (48.0, 372.8), (48.0, 372.8), (48.0, 372.8), (48.0, 372.8), (50.8, 372.8), (50.8, 372.8), (50.8, 372.8), (50.8, 372.8), (50.8, 372.8), (50.8, 372.8), (50.8, 372.8), (50.8, 372.8), (50.8, 372.8), (50.8, 372.8), (50.8, 372.8), (50.8, 372.8), (50.8, 372.8), (50.8, 372.8), (50.8, 372.8), (50.8, 372.8), (50.8, 372.8), (50.8, 372.8), (50.8, 372.8)]",0,5.0
speedrunner,bomberman,2,Stuck,1,0,28.09,0.741,"[(48.0, 48.0), (70.4, 50.8), (101.2, 50.8), (115.2, 67.6), (115.2, 90.0), (118.0, 112.4), (140.4, 115.2), (168.4, 115.2), (179.6, 134.8), (179.6, 157.2), (185.2, 179.6), (207.6, 179.6), (235.6, 179.6), (244.0, 202.0), (244.0, 224.4), (252.4, 244.0), (274.8, 244.0), (302.8, 249.6), (308.4, 272.0), (308.4, 300.0), (330.8, 308.4), (358.8, 308.4), (372.8, 328.0), (372.8, 350.4), (372.8, 372.8), (372.8, 372.8), (372.8, 372.8), (372.8, 372.8), (372.8, 372.8), (372.8, 372.8), (372.8, 372.8), (372.8, 372.8), (372.8, 372.8), (372.8, 372.8), (372.8, 372.8), (372.8, 372.8), (372.8, 372.8), (372.8, 372.8), (372.8, 372.8), (372.8, 372.8), (372.8, 372.8), (372.8, 372.8), (372.8, 372.8), (372.8, 372.8), (372.8, 372.8), (372.8, 372.8), (372.8, 372.8), (372.8, 372.8), (372.8, 372.8), (372.8, 372.8), (372.8, 372.8), (372.8, 372.8), (372.8, 372.8), (372.8, 372.8), (372.8, 372.8), (372.8, 372.8), (372.8, 372.8), (372.8, 372.8), (372.8, 372.8), (372.8, 372.8), (372.8, 372.8), (372.8, 372.8), (372.8, 372.8), (372.8, 372.8), (372.8, 372.8), (372.8, 372.8), (372.8, 372.8), (372.8, 372.8), (372.8, 372.8), (372.8, 372.8), (372.8, 372.8), (372.8, 372.8), (372.8, 372.8), (372.8, 372.8), (372.8, 372.8), (372.8, 372.8), (372.8, 372.8), (372.8, 372.8), (372.8, 372.8)]",0,10.47
speedrunner,bomberman,2,Bomb,1,0,25.2,0.519,"[(48.0, 48.0), (48.0, 70.4), (48.0, 92.8), (48.0, 115.2), (48.0, 137.6), (48.0, 160.0), (48.0, 182.4), (48.0, 204.8), (48.0, 227.2), (48.0, 249.6), (48.0, 272.0), (48.0, 294.4), (48.0, 316.8), (48.0, 339.2), (48.0, 361.6), (70.4, 372.8), (92.8, 372.8), (115.2, 372.8), (137.6, 372.8), (160.0, 372.8), (174.0, 372.8), (174.0, 372.8), (174.0, 372.8), (174.0, 372.8), (174.0, 372.8), (174.0, 372.8), (174.0, 372.8), (174.0, 372.8), (174.0, 372.8), (174.0, 372.8), (174.0, 372.8), (174.0, 372.8), (174.0, 372.8), (174.0, 372.8), (174.0, 372.8), (174.0, 372.8), (174.0, 372.8), (174.0, 372.8)]",0,5.0
speedrunner,bomberman,2,Bomb,1,0,0.0,0.37,"[(48.0, 48.0), (48.0, 70.4), (48.0, 92.8), (48.0, 115.2), (48.0, 137.6), (48.0, 160.0), (48.0, 182.4), (48.0, 204.8), (48.0, 227.2), (48.0, 249.6), (48.0, 272.0), (48.0, 294.4), (48.0, 316.8), (48.0, 339.2), (48.0, 361.6), (48.0, 372.8), (48.0, 372.8), (48.0, 372.8), (48.0, 372.8), (48.0, 372.8), (48.0, 372.8), (48.0, 372.8), (48.0, 372.8), (48.0, 372.8), (48.0, 372.8), (48.0, 372.8), (48.0, 372.8), (48.0, 372.8), (48.0, 372.8), (48.0, 372.8), (48.0, 372.8), (48.0, 372.8), (48.0, 372.8), (48.0, 372.8), (48.0, 372.8), (48.0, 372.8), (48.0, 372.8), (48.0, 372.8)]",0,5.0
speedrunner,bomberman,2,Bomb,1,0,42.19,0.926,"[(48.0, 48.0), (48.0, 70.4), (48.0, 92.8), (48.0, 115.2), (48.0, 137.6), (48.0, 160.0), (48.0, 182.4), (48.0, 204.8), (48.0, 227.2), (48.0, 249.6), (48.0, 272.0), (50.8, 294.4), (67.6, 308.4), (98.4, 308.4), (115.2, 322.4), (115.2, 344.8), (118.0, 367.2), (140.4, 372.8), (162.8, 372.8), (185.2, 372.8), (207.6, 372.8), (230.0, 372.8), (252.4, 372.8), (274.8, 372.8), (297.2, 372.8), (319.6, 372.8), (342.0, 372.8), (364.4, 372.8), (372.8, 372.8), (372.8, 372.8), (372.8, 372.8), (372.8, 372.8), (372.8, 372.8), (372.8, 372.8), (372.8, 372.8), (372.8, 372.8), (372.8, 372.8), (372.8, 372.8), (372.8, 372.8), (372.8, 372.8), (372.8, 372.8), (372.8, 372.8), (372.8, 372.8), (372.8, 372.8), (372.8, 372.8), (372.8, 372.8), (372.8, 372.8), (372.8, 372.8), (372.8, 372.8), (372.8, 372.8), (372.8, 372.8), (372.8, 372.8), (372.8, 372.8), (372.8, 372.8), (372.8, 372.8), (372.8, 372.8), (372.8, 372.8)]",0,7.5
speedrunner,bomberman,2,Bomb,1,0,40.69,0.926,"[(48.0, 48.0), (50.8, 64.8), (50.8, 87.2), (50.8, 109.6), (50.8, 132.0), (50.8, 154.4), (50.8, 176.8), (73.2, 179.6), (104.0, 179.6), (115.2, 199.2), (115.2, 221.6), (120.8, 244.0), (143.2, 244.0), (171.2, 244.0), (179.6, 266.4), (179.6, 288.8), (190.8, 308.4), (216.0, 308.4), (241.2, 314.0), (244.0, 336.4), (244.0, 364.4), (266.4, 372.8), (288.8, 372.8), (311.2, 372.8), (333.6, 372.8), (356.0, 372.8), (372.8, 372.8), (372.8, 372.8), (372.8, 372.8), (372.8, 372.8), (372.8, 372.8), (372.8, 372.8), (372.8, 372.8), (372.8, 372.8), (372.8, 372.8), (372.8, 372.8), (372.8, 372.8), (372.8, 372.8), (372.8, 372.8), (372.8, 372.8), (372.8, 372.8), (372.8, 372.8), (372.8, 372.8), (372.8, 372.8), (372.8, 372.8), (372.8, 372.8), (372.8, 372.8), (372.8, 372.8), (372.8, 372.8), (372.8, 372.8), (372.8, 372.8), (372.8, 372.8), (372.8, 372.8), (372.8, 372.8), (372.8, 372.8), (372.8, 372.8), (372.8, 372.8)]",0,7.5
speedrunner,bomberman,2,Bomb,1,0,43.31,0.926,"[(48.0, 48.0), (48.0, 70.4), (48.0, 92.8), (48.0, 115.2), (48.0, 137.6), (48.0, 160.0), (48.0, 182.4), (48.0, 204.8), (48.0, 227.2), (48.0, 249.6), (48.0, 272.0), (48.0, 294.4), (50.8, 316.8), (50.8, 339.2), (50.8, 361.6), (70.4, 372.8), (92.8, 372.8), (115.2, 372.8), (137.6, 372.8), (160.0, 372.8), (182.4, 372.8), (204.8, 372.8), (227.2, 372.8), (249.6, 372.8), (272.0, 372.8), (294.4, 372.8), (316.8, 372.8), (339.2, 372.8), (361.6, 372.8), (372.8, 372.8), (372.8, 372.8), (372.8, 372.8), (372.8, 372.8), (372.8, 372.8), (372.8, 372.8), (372.8, 372.8), (372.8, 372.8), (372.8, 372.8), (372.8, 372.8), (372.8, 372.8), (372.8, 372.8), (372.8, 372.8), (372.8, 372.8), (372.8, 372.8), (372.8, 372.8), (372.8, 372.8), (372.8, 372.8), (372.8, 372.8), (372.8, 372.8), (372.8, 372.8), (372.8, 372.8), (372.8, 372.8), (372.8, 372.8), (372.8, 372.8), (372.8, 372.8), (372.8, 372.8), (372.8, 372.8)]",0,7.5
speedrunner,bomberman,2,Bomb,1,0,42.19,0.926,"[(48.0, 48.0), (48.0, 70.4), (48.0, 92.8), (48.0, 115.2), (48.0, 137.6), (48.0, 160.0), (48.0, 182.4), (48.0, 204.8), (48.0, 227.2), (48.0, 249.6), (48.0, 272.0), (50.8, 294.4), (67.6, 308.4), (98.4, 308.4), (115.2, 322.4), (115.2, 347.6), (123.6, 372.8), (146.0, 372.8), (168.4, 372.8), (190.8, 372.8), (213.2, 372.8), (235.6, 372.8), (258.0, 372.8), (280.4, 372.8), (302.8, 372.8), (325.2, 372.8), (347.6, 372.8), (370.0, 372.8), (372.8, 372.8), (372.8, 372.8), (372.8, 372.8), (372.8, 372.8), (372.8, 372.8), (372.8, 372.8), (372.8, 372.8), (372.8, 372.8), (372.8, 372.8), (372.8, 372.8), (372.8, 372.8), (372.8, 372.8), (372.8, 372.8), (372.8, 372.8), (372.8, 372.8), (372.8, 372.8), (372.8, 372.8), (372.8, 372.8), (372.8, 372.8), (372.8, 372.8), (372.8, 372.8), (372.8, 372.8), (372.8, 372.8), (372.8, 372.8), (372.8, 372.8), (372.8, 372.8), (372.8, 372.8), (372.8, 372.8), (372.8, 372.8)]",0,7.5
speedrunner,bomberman,2,Bomb,1,0,47.41,0.667,"[(48.0, 48.0), (70.4, 50.8), (101.2, 48.0), (123.6, 45.2), (146.0, 50.8), (174.0, 53.6), (179.6, 64.8), (179.6, 64.8), (179.6, 64.8), (179.6, 64.8), (179.6, 64.8), (179.6, 64.8), (179.6, 64.8), (179.6, 64.8), (179.6, 64.8), (179.6, 64.8), (179.6, 64.8), (179.6, 64.8), (179.6, 64.8), (179.6, 64.8), (179.6, 81.6), (179.6, 104.0), (196.4, 115.2), (224.4, 115.2), (244.0, 126.4), (244.0, 148.8), (244.0, 171.2), (263.6, 179.6), (291.6, 179.6), (308.4, 196.4), (308.4, 218.8), (311.2, 241.2), (333.6, 244.0), (361.6, 244.0), (372.8, 266.4), (372.8, 294.4), (389.6, 308.4), (412.0, 308.4), (434.4, 308.4), (434.4, 308.4), (434.4, 308.4), (434.4, 308.4), (434.4, 308.4), (434.4, 308.4), (434.4, 308.4), (434.4, 308.4), (434.4, 308.4), (434.4, 308.4), (434.4, 308.4), (434.4, 308.4), (434.4, 308.4), (434.4, 308.4), (434.4, 308.4), (434.4, 308.4), (434.4, 308.4), (434.4, 308.4), (434.4, 308.4)]",0,7.5
speedrunner,bomberman,2,Stuck,1,0,29.69,0.741,"[(48.0, 48.0), (48.0, 45.2), (48.0, 45.2), (48.0, 48.0), (48.0, 70.4), (48.0, 92.8), (48.0, 115.2), (48.0, 137.6), (48.0, 160.0), (48.0, 182.4), (48.0, 204.8), (48.0, 227.2), (56.4, 244.0), (78.8, 244.0), (109.6, 246.8), (115.2, 269.2), (115.2, 291.6), (129.2, 308.4), (157.2, 308.4), (179.6, 316.8), (179.6, 339.2), (182.4, 367.2), (204.8, 372.8), (227.2, 372.8), (249.6, 372.8), (272.0, 372.8), (294.4, 372.8), (316.8, 372.8), (339.2, 372.8), (361.6, 372.8), (372.8, 372.8), (372.8, 372.8), (372.8, 372.8), (372.8, 372.8), (372.8, 372.8), (372.8, 372.8), (372.8, 372.8), (372.8, 372.8), (372.8, 372.8), (372.8, 372.8), (372.8, 372.8), (372.8, 372.8), (372.8, 372.8), (372.8, 372.8), (372.8, 372.8), (372.8, 372.8), (372.8, 372.8), (372.8, 372.8), (372.8, 372.8), (372.8, 372.8), (372.8, 372.8), (372.8, 372.8), (372.8, 372.8), (372.8, 372.8), (372.8, 372.8), (372.8, 372.8), (372.8, 372.8), (372.8, 372.8), (372.8, 372.8), (372.8, 372.8), (372.8, 372.8), (372.8, 372.8), (372.8, 372.8), (372.8, 372.8), (372.8, 372.8), (372.8, 372.8), (372.8, 372.8), (372.8, 372.8), (372.8, 372.8), (372.8, 372.8), (372.8, 372.8), (372.8, 372.8), (372.8, 372.8), (372.8, 372.8), (372.8, 372.8), (372.8, 372.8), (372.8, 372.8), (372.8, 372.8), (372.8, 372.8)]",0,10.47
speedrunner,bomberman,2,Bomb,1,0,39.2,0.926,"[(48.0, 48.0), (70.4, 50.8), (101.2, 50.8), (115.2, 67.6), (115.2, 90.0), (118.0, 112.4), (140.4, 115.2), (168.4, 115.2), (179.6, 134.8), (179.6, 157.2), (185.2, 179.6), (207.6, 179.6), (235.6, 179.6), (244.0, 202.0), (244.0, 230.0), (258.0, 244.0), (286.0, 244.0), (308.4, 255.2), (308.4, 277.6), (314.0, 305.6), (336.4, 308.4), (364.4, 311.2), (372.8, 333.6), (372.8, 356.0), (372.8, 372.8), (372.8, 372.8), (372.8, 372.8), (372.8, 372.8), (372.8, 372.8), (372.8, 372.8), (372.8, 372.8), (372.8, 372.8), (372.8, 372.8), (372.8, 372.8), (372.8, 372.8), (372.8, 372.8), (372.8, 372.8), (372.8, 372.8), (372.8, 372.8), (372.8, 372.8), (372.8, 372.8), (372.8, 372.8), (372.8, 372.8), (372.8, 372.8), (372.8, 372.8), (372.8, 372.8), (372.8, 372.8), (372.8, 372.8), (372.8, 372.8), (372.8, 372.8), (372.8, 372.8), (372.8, 372.8), (372.8, 372.8), (372.8, 372.8), (372.8, 372.8), (372.8, 372.8), (372.8, 372.8)]",0,7.5
speedrunner,bomberman,2,Bomb,1,0,40.32,0.926,"[(48.0, 48.0), (70.4, 50.8), (92.8, 45.2), (115.2, 59.2), (115.2, 81.6), (115.2, 104.0), (132.0, 115.2), (160.0, 115.2), (179.6, 126.4), (179.6, 148.8), (179.6, 171.2), (199.2, 179.6), (227.2, 179.6), (244.0, 193.6), (244.0, 216.0), (244.0, 238.4), (266.4, 244.0), (294.4, 244.0), (308.4, 263.6), (308.4, 286.0), (316.8, 308.4), (339.2, 308.4), (367.2, 314.0), (372.8, 336.4), (372.8, 358.8), (372.8, 372.8), (372.8, 372.8), (372.8, 372.8), (372.8, 372.8), (372.8, 372.8), (372.8, 372.8), (372.8, 372.8), (372.8, 372.8), (372.8, 372.8), (372.8, 372.8), (372.8, 372.8), (372.8, 372.8), (372.8, 372.8), (372.8, 372.8), (372.8, 372.8), (372.8, 372.8), (372.8, 372.8), (372.8, 372.8), (372.8, 372.8), (372.8, 372.8), (372.8, 372.8), (372.8, 372.8), (372.8, 372.8), (372.8, 372.8), (372.8, 372.8), (372.8, 372.8), (372.8, 372.8), (372.8, 372.8), (372.8, 372.8), (372.8, 372.8), (372.8, 372.8), (372.8, 372.8)]",0,7.5
speedrunner,bomberman,2,Stuck,1,0,28.09,0.741,"[(48.0, 48.0), (70.4, 50.8), (101.2, 50.8), (115.2, 67.6), (115.2, 95.6), (126.4, 115.2), (151.6, 115.2), (176.8, 120.8), (179.6, 143.2), (179.6, 171.2), (199.2, 179.6), (227.2, 179.6), (244.0, 193.6), (244.0, 218.8), (249.6, 244.0), (272.0, 244.0), (300.0, 246.8), (308.4, 269.2), (308.4, 297.2), (328.0, 308.4), (356.0, 308.4), (372.8, 325.2), (372.8, 347.6), (372.8, 370.0), (372.8, 372.8), (372.8, 372.8), (372.8, 372.8), (372.8, 372.8), (372.8, 372.8), (372.8, 372.8), (372.8, 372.8), (372.8, 372.8), (372.8, 372.8), (372.8, 372.8), (372.8, 372.8), (372.8, 372.8), (372.8, 372.8), (372.8, 372.8), (372.8, 372.8), (372.8, 372.8), (372.8, 372.8), (372.8, 372.8), (372.8, 372.8), (372.8, 372.8), (372.8, 372.8), (372.8, 372.8), (372.8, 372.8), (372.8, 372.8), (372.8, 372.8), (372.8, 372.8), (372.8, 372.8), (372.8, 372.8), (372.8, 372.8), (372.8, 372.8), (372.8, 372.8), (372.8, 372.8), (372.8, 372.8), (372.8, 372.8), (372.8, 372.8), (372.8, 372.8), (372.8, 372.8), (372.8, 372.8), (372.8, 372.8), (372.8, 372.8), (372.8, 372.8), (372.8, 372.8), (372.8, 372.8), (372.8, 372.8), (372.8, 372.8), (372.8, 372.8), (372.8, 372.8), (372.8, 372.8), (372.8, 372.8), (372.8, 372.8), (372.8, 372.8), (372.8, 372.8), (372.8, 372.8), (372.8, 372.8), (372.8, 372.8)]",0,10.47
speedrunner,bomberman,2,Bomb,1,0,26.32,0.519,"[(48.0, 48.0), (48.0, 70.4), (48.0, 92.8), (48.0, 115.2), (48.0, 137.6), (48.0, 160.0), (48.0, 182.4), (48.0, 204.8), (48.0, 227.2), (48.0, 249.6), (48.0, 272.0), (48.0, 294.4), (48.0, 316.8), (48.0, 339.2), (50.8, 361.6), (70.4, 372.8), (92.8, 372.8), (115.2, 372.8), (137.6, 372.8), (160.0, 372.8), (179.6, 372.8), (179.6, 372.8), (179.6, 372.8), (179.6, 372.8), (179.6, 372.8), (179.6, 372.8), (179.6, 372.8), (179.6, 372.8), (179.6, 372.8), (179.6, 372.8), (179.6, 372.8), (179.6, 372.8), (179.6, 372.8), (179.6, 372.8), (179.6, 372.8), (179.6, 372.8), (179.6, 372.8), (179.6, 372.8)]",0,5.0
speedrunner,bomberman,2,Bomb,1,0,39.2,0.926,"[(48.0, 48.0), (70.4, 50.8), (101.2, 50.8), (115.2, 67.6), (115.2, 90.0), (118.0, 112.4), (140.4, 115.2), (168.4, 115.2), (179.6, 134.8), (179.6, 157.2), (185.2, 179.6), (207.6, 179.6), (235.6, 179.6), (244.0, 202.0), (244.0, 230.0), (258.0, 244.0), (286.0, 244.0), (308.4, 255.2), (308.4, 277.6), (314.0, 305.6), (336.4, 308.4), (364.4, 311.2), (372.8, 333.6), (372.8, 356.0), (372.8, 372.8), (372.8, 372.8), (372.8, 372.8), (372.8, 372.8), (372.8, 372.8), (372.8, 372.8), (372.8, 372.8), (372.8, 372.8), (372.8, 372.8), (372.8, 372.8), (372.8, 372.8), (372.8, 372.8), (372.8, 372.8), (372.8, 372.8), (372.8, 372.8), (372.8, 372.8), (372.8, 372.8), (372.8, 372.8), (372.8, 372.8), (372.8, 372.8), (372.8, 372.8), (372.8, 372.8), (372.8, 372.8), (372.8, 372.8), (372.8, 372.8), (372.8, 372.8), (372.8, 372.8), (372.8, 372.8), (372.8, 372.8), (372.8, 372.8), (372.8, 372.8), (372.8, 372.8), (372.8, 372.8)]",0,7.5
speedrunner,bomberman,2,Bomb,1,0,40.32,0.926,"[(48.0, 48.0), (70.4, 50.8), (92.8, 45.2), (115.2, 59.2), (115.2, 81.6), (115.2, 104.0), (132.0, 115.2), (160.0, 115.2), (179.6, 126.4), (179.6, 148.8), (179.6, 171.2), (199.2, 179.6), (227.2, 179.6), (244.0, 193.6), (244.0, 216.0), (244.0, 238.4), (266.4, 244.0), (294.4, 244.0), (308.4, 263.6), (308.4, 286.0), (316.8, 308.4), (339.2, 308.4), (367.2, 314.0), (372.8, 336.4), (372.8, 358.8), (372.8, 372.8), (372.8, 372.8), (372.8, 372.8), (372.8, 372.8), (372.8, 372.8), (372.8, 372.8), (372.8, 372.8), (372.8, 372.8), (372.8, 372.8), (372.8, 372.8), (372.8, 372.8), (372.8, 372.8), (372.8, 372.8), (372.8, 372.8), (372.8, 372.8), (372.8, 372.8), (372.8, 372.8), (372.8, 372.8), (372.8, 372.8), (372.8, 372.8), (372.8, 372.8), (372.8, 372.8), (372.8, 372.8), (372.8, 372.8), (372.8, 372.8), (372.8, 372.8), (372.8, 372.8), (372.8, 372.8), (372.8, 372.8), (372.8, 372.8), (372.8, 372.8), (372.8, 372.8)]",0,7.5
speedrunner,bomberman,2,Bomb,1,0,40.69,0.926,"[(48.0, 48.0), (50.8, 64.8), (50.8, 87.2), (50.8, 109.6), (50.8, 132.0), (50.8, 154.4), (50.8, 176.8), (73.2, 179.6), (104.0, 179.6), (115.2, 199.2), (115.2, 221.6), (120.8, 244.0), (143.2, 244.0), (171.2, 244.0), (179.6, 266.4), (179.6, 288.8), (190.8, 308.4), (216.0, 308.4), (241.2, 314.0), (244.0, 336.4), (244.0, 364.4), (266.4, 372.8), (288.8, 372.8), (311.2, 372.8), (333.6, 372.8), (356.0, 372.8), (372.8, 372.8), (372.8, 372.8), (372.8, 372.8), (372.8, 372.8), (372.8, 372.8), (372.8, 372.8), (372.8, 372.8), (372.8, 372.8), (372.8, 372.8), (372.8, 372.8), (372.8, 372.8), (372.8, 372.8), (372.8, 372.8), (372.8, 372.8), (372.8, 372.8), (372.8, 372.8), (372.8, 372.8), (372.8, 372.8), (372.8, 372.8), (372.8, 372.8), (372.8, 372.8), (372.8, 372.8), (372.8, 372.8), (372.8, 372.8), (372.8, 372.8), (372.8, 372.8), (372.8, 372.8), (372.8, 372.8), (372.8, 372.8), (372.8, 372.8), (372.8, 372.8)]",0,7.5
speedrunner,bomberman,2,Bomb,1,0,42.19,0.926,"[(48.0, 48.0), (48.0, 70.4), (48.0, 92.8), (48.0, 115.2), (48.0, 137.6), (48.0, 160.0), (48.0, 182.4), (48.0, 204.8), (48.0, 227.2), (48.0, 249.6), (48.0, 272.0), (50.8, 294.4), (67.6, 308.4), (98.4, 308.4), (115.2, 322.4), (115.2, 344.8), (118.0, 367.2), (140.4, 372.8), (162.8, 372.8), (185.2, 372.8), (207.6, 372.8), (230.0, 372.8), (252.4, 372.8), (274.8, 372.8), (297.2, 372.8), (319.6, 372.8), (342.0, 372.8), (364.4, 372.8), (372.8, 372.8), (372.8, 372.8), (372.8, 372.8), (372.8, 372.8), (372.8, 372.8), (372.8, 372.8), (372.8, 372.8), (372.8, 372.8), (372.8, 372.8), (372.8, 372.8), (372.8, 372.8), (372.8, 372.8), (372.8, 372.8), (372.8, 372.8), (372.8, 372.8), (372.8, 372.8), (372.8, 372.8), (372.8, 372.8), (372.8, 372.8), (372.8, 372.8), (372.8, 372.8), (372.8, 372.8), (372.8, 372.8), (372.8, 372.8), (372.8, 372.8), (372.8, 372.8), (372.8, 372.8), (372.8, 372.8), (372.8, 372.8)]",0,7.5
speedrunner,bomberman,2,Bomb,1,0,35.0,0.593,"[(48.0, 48.0), (70.4, 50.8), (101.2, 50.8), (115.2, 62.0), (115.2, 62.0), (115.2, 62.0), (115.2, 62.0), (115.2, 62.0), (115.2, 62.0), (115.2, 62.0), (115.2, 62.0), (115.2, 62.0), (115.2, 62.0), (115.2, 62.0), (115.2, 62.0), (115.2, 62.0), (115.2, 62.0), (115.2, 62.0), (115.2, 56.4), (132.0, 48.0), (160.0, 50.8), (179.6, 62.0), (179.6, 62.0), (179.6, 62.0), (179.6, 62.0), (179.6, 62.0), (179.6, 62.0), (179.6, 62.0), (179.6, 62.0), (179.6, 62.0), (179.6, 62.0), (179.6, 62.0), (179.6, 62.0), (179.6, 62.0), (179.6, 62.0), (179.6, 62.0), (185.2, 45.2), (207.6, 50.8), (235.6, 50.8), (244.0, 62.0), (244.0, 62.0), (244.0, 78.8), (244.0, 84.4), (244.0, 106.8), (263.6, 115.2), (291.6, 115.2), (308.4, 132.0), (308.4, 154.4), (311.2, 176.8), (333.6, 179.6), (361.6, 179.6), (372.8, 202.0), (372.8, 230.0), (386.8, 244.0), (414.8, 244.0), (434.4, 255.2), (434.4, 277.6), (434.4, 300.0), (434.4, 308.4), (434.4, 308.4), (434.4, 308.4), (434.4, 308.4), (434.4, 308.4), (434.4, 308.4), (434.4, 308.4), (434.4, 308.4), (434.4, 308.4), (434.4, 308.4), (434.4, 308.4), (434.4, 308.4), (434.4, 308.4), (434.4, 308.4), (434.4, 308.4), (434.4, 308.4), (434.4, 308.4), (434.4, 308.4)]",0,10.0
speedrunner,bomberman,2,Bomb,1,0,49.28,0.593,"[(48.0, 48.0), (70.4, 45.2), (92.8, 45.2), (115.2, 45.2), (137.6, 45.2), (160.0, 45.2), (182.4, 45.2), (204.8, 45.2), (227.2, 45.2), (249.6, 45.2), (272.0, 45.2), (300.0, 53.6), (308.4, 76.0), (308.4, 98.4), (319.6, 115.2), (344.8, 115.2), (370.0, 123.6), (372.8, 146.0), (372.8, 168.4), (389.6, 179.6), (417.6, 179.6), (428.8, 193.6), (428.8, 216.0), (434.4, 238.4), (434.4, 260.8), (434.4, 283.2), (434.4, 305.6), (434.4, 308.4), (434.4, 308.4), (434.4, 308.4), (434.4, 308.4), (434.4, 308.4), (434.4, 308.4), (434.4, 308.4), (434.4, 308.4), (434.4, 308.4), (434.4, 308.4), (434.4, 308.4), (434.4, 308.4), (434.4, 308.4), (434.4, 308.4), (434.4, 308.4), (434.4, 308.4), (434.4, 308.4), (434.4, 308.4), (434.4, 308.4), (434.4, 308.4), (434.4, 308.4), (434.4, 308.4), (434.4, 308.4), (434.4, 308.4), (434.4, 308.4), (434.4, 308.4), (434.4, 308.4), (434.4, 308.4), (434.4, 308.4), (434.4, 308.4)]",0,7.5
speedrunner,bomberman,2,Bomb,1,0,30.52,0.926,"[(48.0, 48.0), (50.8, 45.2), (50.8, 45.2), (50.8, 45.2), (50.8, 45.2), (50.8, 45.2), (50.8, 45.2), (50.8, 45.2), (50.8, 45.2), (50.8, 45.2), (50.8, 45.2), (50.8, 45.2), (50.8, 45.2), (50.8, 48.0), (50.8, 70.4), (50.8, 92.8), (50.8, 115.2), (50.8, 137.6), (50.8, 160.0), (50.8, 160.0), (50.8, 182.4), (50.8, 204.8), (50.8, 204.8), (50.8, 204.8), (50.8, 224.4), (50.8, 224.4), (59.2, 244.0), (81.6, 238.4), (112.4, 249.6), (115.2, 272.0), (115.2, 294.4), (132.0, 305.6), (160.0, 300.0), (179.6, 319.6), (179.6, 342.0), (179.6, 364.4), (202.0, 372.8), (224.4, 372.8), (246.8, 372.8), (269.2, 372.8), (297.2, 372.8), (319.6, 372.8), (342.0, 370.0), (364.4, 372.8), (372.8, 372.8), (372.8, 372.8), (372.8, 372.8), (372.8, 372.8), (372.8, 372.8), (372.8, 372.8), (372.8, 372.8), (372.8, 372.8), (372.8, 372.8), (372.8, 372.8), (372.8, 372.8), (372.8, 372.8), (372.8, 372.8), (372.8, 372.8), (372.8, 372.8), (372.8, 372.8), (372.8, 372.8), (372.8, 372.8), (372.8, 372.8), (372.8, 372.8), (372.8, 372.8), (372.8, 372.8), (372.8, 372.8), (372.8, 372.8), (372.8, 372.8), (372.8, 372.8), (372.8, 372.8), (372.8, 372.8), (372.8, 372.8), (372.8, 372.8), (372.8, 372.8), (372.8, 372.8)]",0,10.0
speedrunner,bomberman,2,Bomb,1,0,39.2,0.926,"[(48.0, 48.0), (70.4, 50.8), (101.2, 50.8), (115.2, 67.6), (115.2, 90.0), (118.0, 112.4), (140.4, 115.2), (168.4, 115.2), (179.6, 134.8), (179.6, 157.2), (185.2, 179.6), (207.6, 179.6), (235.6, 179.6), (244.0, 202.0), (244.0, 230.0), (258.0, 244.0), (286.0, 244.0), (308.4, 255.2), (308.4, 277.6), (314.0, 305.6), (336.4, 308.4), (364.4, 311.2), (372.8, 333.6), (372.8, 356.0), (372.8, 372.8), (372.8, 372.8), (372.8, 372.8), (372.8, 372.8), (372.8, 372.8), (372.8, 372.8), (372.8, 372.8), (372.8, 372.8), (372.8, 372.8), (372.8, 372.8), (372.8, 372.8), (372.8, 372.8), (372.8, 372.8), (372.8, 372.8), (372.8, 372.8), (372.8, 372.8), (372.8, 372.8), (372.8, 372.8), (372.8, 372.8), (372.8, 372.8), (372.8, 372.8), (372.8, 372.8), (372.8, 372.8), (372.8, 372.8), (372.8, 372.8), (372.8, 372.8), (372.8, 372.8), (372.8, 372.8), (372.8, 372.8), (372.8, 372.8), (372.8, 372.8), (372.8, 372.8), (372.8, 372.8)]",0,7.5
speedrunner,bomberman,2,Bomb,1,0,28.0,0.593,"[(48.0, 48.0), (70.4, 50.8), (101.2, 50.8), (115.2, 62.0), (115.2, 62.0), (115.2, 62.0), (115.2, 62.0), (115.2, 62.0), (115.2, 62.0), (115.2, 62.0), (115.2, 62.0), (115.2, 45.2), (115.2, 45.2), (115.2, 45.2), (115.2, 45.2), (115.2, 45.2), (115.2, 45.2), (115.2, 45.2), (115.2, 45.2), (115.2, 45.2), (115.2, 45.2), (115.2, 45.2), (115.2, 45.2), (137.6, 50.8), (165.6, 50.8), (179.6, 62.0), (179.6, 62.0), (179.6, 62.0), (179.6, 62.0), (190.8, 45.2), (216.0, 50.8), (241.2, 56.4), (244.0, 62.0), (244.0, 62.0), (244.0, 62.0), (244.0, 62.0), (244.0, 62.0), (244.0, 62.0), (244.0, 62.0), (244.0, 62.0), (244.0, 62.0), (244.0, 62.0), (244.0, 78.8), (244.0, 78.8), (244.0, 90.0), (249.6, 115.2), (272.0, 115.2), (300.0, 118.0), (308.4, 140.4), (308.4, 162.8), (319.6, 179.6), (344.8, 179.6), (370.0, 188.0), (372.8, 210.4), (372.8, 232.8), (389.6, 244.0), (417.6, 244.0), (434.4, 258.0), (434.4, 280.4), (434.4, 302.8), (434.4, 308.4), (434.4, 308.4), (434.4, 308.4), (434.4, 308.4), (434.4, 308.4), (434.4, 308.4), (434.4, 308.4), (434.4, 308.4), (434.4, 308.4), (434.4, 308.4), (434.4, 308.4), (434.4, 308.4), (434.4, 308.4), (434.4, 308.4), (434.4, 308.4), (434.4, 308.4), (434.4, 308.4), (434.4, 308.4), (434.4, 308.4), (434.4, 308.4), (434.4, 308.4), (434.4, 308.4), (434.4, 308.4), (434.4, 308.4), (434.4, 308.4), (434.4, 308.4), (434.4, 308.4), (434.4, 308.4), (434.4, 308.4), (434.4, 308.4), (434.4, 308.4), (434.4, 308.4), (434.4, 308.4), (434.4, 308.4)]",0,12.5
speedrunner,bomberman,2,Bomb,1,0,58.8,0.519,"[(48.0, 48.0), (70.4, 45.2), (92.8, 45.2), (115.2, 45.2), (137.6, 45.2), (160.0, 45.2), (182.4, 45.2), (204.8, 45.2), (227.2, 48.0), (244.0, 64.8), (244.0, 87.2), (244.0, 109.6), (266.4, 109.6), (294.4, 115.2), (308.4, 134.8), (308.4, 157.2), (314.0, 179.6), (336.4, 179.6), (353.2, 179.6), (353.2, 179.6), (353.2, 179.6), (353.2, 179.6), (353.2, 179.6), (353.2, 179.6), (353.2, 179.6), (353.2, 179.6), (353.2, 179.6), (353.2, 179.6), (353.2, 179.6), (353.2, 179.6), (353.2, 179.6), (353.2, 179.6), (353.2, 179.6), (353.2, 179.6), (353.2, 179.6), (353.2, 179.6), (353.2, 179.6), (353.2, 179.6)]",0,5.0
speedrunner,bomberman,2,Bomb,1,0,30.52,0.926,"[(48.0, 48.0), (50.8, 45.2), (50.8, 45.2), (50.8, 45.2), (50.8, 45.2), (50.8, 45.2), (50.8, 45.2), (50.8, 45.2), (50.8, 45.2), (50.8, 45.2), (50.8, 45.2), (50.8, 45.2), (50.8, 45.2), (50.8, 48.0), (50.8, 70.4), (50.8, 92.8), (50.8, 115.2), (50.8, 137.6), (50.8, 160.0), (50.8, 160.0), (50.8, 182.4), (50.8, 204.8), (50.8, 204.8), (50.8, 204.8), (50.8, 224.4), (50.8, 224.4), (59.2, 244.0), (81.6, 238.4), (112.4, 249.6), (115.2, 272.0), (115.2, 294.4), (132.0, 305.6), (160.0, 300.0), (179.6, 319.6), (179.6, 342.0), (179.6, 364.4), (202.0, 372.8), (224.4, 372.8), (246.8, 372.8), (269.2, 372.8), (297.2, 372.8), (319.6, 372.8), (342.0, 370.0), (364.4, 372.8), (372.8, 372.8), (372.8, 372.8), (372.8, 372.8), (372.8, 372.8), (372.8, 372.8), (372.8, 372.8), (372.8, 372.8), (372.8, 372.8), (372.8, 372.8), (372.8, 372.8), (372.8, 372.8), (372.8, 372.8), (372.8, 372.8), (372.8, 372.8), (372.8, 372.8), (372.8, 372.8), (372.8, 372.8), (372.8, 372.8), (372.8, 372.8), (372.8, 372.8), (372.8, 372.8), (372.8, 372.8), (372.8, 372.8), (372.8, 372.8), (372.8, 372.8), (372.8, 372.8), (372.8, 372.8), (372.8, 372.8), (372.8, 372.8), (372.8, 372.8), (372.8, 372.8), (372.8, 372.8)]",0,10.0
speedrunner,bomberman,2,Bomb,1,0,39.2,0.926,"[(48.0, 48.0), (70.4, 50.8), (101.2, 50.8), (115.2, 67.6), (115.2, 90.0), (118.0, 112.4), (140.4, 115.2), (168.4, 115.2), (179.6, 134.8), (179.6, 157.2), (185.2, 179.6), (207.6, 179.6), (235.6, 179.6), (244.0, 202.0), (244.0, 230.0), (258.0, 244.0), (286.0, 244.0), (308.4, 255.2), (308.4, 277.6), (314.0, 305.6), (336.4, 308.4), (364.4, 311.2), (372.8, 333.6), (372.8, 356.0), (372.8, 372.8), (372.8, 372.8), (372.8, 372.8), (372.8, 372.8), (372.8, 372.8), (372.8, 372.8), (372.8, 372.8), (372.8, 372.8), (372.8, 372.8), (372.8, 372.8), (372.8, 372.8), (372.8, 372.8), (372.8, 372.8), (372.8, 372.8), (372.8, 372.8), (372.8, 372.8), (372.8, 372.8), (372.8, 372.8), (372.8, 372.8), (372.8, 372.8), (372.8, 372.8), (372.8, 372.8), (372.8, 372.8), (372.8, 372.8), (372.8, 372.8), (372.8, 372.8), (372.8, 372.8), (372.8, 372.8), (372.8, 372.8), (372.8, 372.8), (372.8, 372.8), (372.8, 372.8), (372.8, 372.8)]",0,7.5
speedrunner,bomberman,2,Bomb,1,0,40.32,0.926,"[(48.0, 48.0), (70.4, 50.8), (92.8, 45.2), (115.2, 59.2), (115.2, 81.6), (115.2, 104.0), (132.0, 115.2), (160.0, 115.2), (179.6, 126.4), (179.6, 148.8), (179.6, 171.2), (199.2, 179.6), (227.2, 179.6), (244.0, 193.6), (244.0, 216.0), (244.0, 238.4), (266.4, 244.0), (294.4, 244.0), (308.4, 263.6), (308.4, 286.0), (316.8, 308.4), (339.2, 308.4), (367.2, 314.0), (372.8, 336.4), (372.8, 358.8), (372.8, 372.8), (372.8, 372.8), (372.8, 372.8), (372.8, 372.8), (372.8, 372.8), (372.8, 372.8), (372.8, 372.8), (372.8, 372.8), (372.8, 372.8), (372.8, 372.8), (372.8, 372.8), (372.8, 372.8), (372.8, 372.8), (372.8, 372.8), (372.8, 372.8), (372.8, 372.8), (372.8, 372.8), (372.8, 372.8), (372.8, 372.8), (372.8, 372.8), (372.8, 372.8), (372.8, 372.8), (372.8, 372.8), (372.8, 372.8), (372.8, 372.8), (372.8, 372.8), (372.8, 372.8), (372.8, 372.8), (372.8, 372.8), (372.8, 372.8), (372.8, 372.8), (372.8, 372.8)]",0,7.5
speedrunner,bomberman,2,Bomb,1,0,39.2,0.926,"[(48.0, 48.0), (70.4, 50.8), (101.2, 50.8), (115.2, 67.6), (115.2, 90.0), (118.0, 112.4), (140.4, 115.2), (168.4, 115.2), (179.6, 134.8), (179.6, 157.2), (185.2, 179.6), (207.6, 179.6), (235.6, 179.6), (244.0, 202.0), (244.0, 230.0), (258.0, 244.0), (286.0, 244.0), (308.4, 255.2), (308.4, 277.6), (314.0, 305.6), (336.4, 308.4), (364.4, 311.2), (372.8, 333.6), (372.8, 356.0), (372.8, 372.8), (372.8, 372.8), (372.8, 372.8), (372.8, 372.8), (372.8, 372.8), (372.8, 372.8), (372.8, 372.8), (372.8, 372.8), (372.8, 372.8), (372.8, 372.8), (372.8, 372.8), (372.8, 372.8), (372.8, 372.8), (372.8, 372.8), (372.8, 372.8), (372.8, 372.8), (372.8, 372.8), (372.8, 372.8), (372.8, 372.8), (372.8, 372.8), (372.8, 372.8), (372.8, 372.8), (372.8, 372.8), (372.8, 372.8), (372.8, 372.8), (372.8, 372.8), (372.8, 372.8), (372.8, 372.8), (372.8, 372.8), (372.8, 372.8), (372.8, 372.8), (372.8, 372.8), (372.8, 372.8)]",0,7.5
speedrunner,bomberman,2,Bomb,1,0,39.2,0.926,"[(48.0, 48.0), (70.4, 50.8), (101.2, 50.8), (115.2, 67.6), (115.2, 90.0), (118.0, 112.4), (140.4, 115.2), (168.4, 115.2), (179.6, 134.8), (179.6, 157.2), (185.2, 179.6), (207.6, 179.6), (235.6, 179.6), (244.0, 202.0), (244.0, 230.0), (258.0, 244.0), (286.0, 244.0), (308.4, 255.2), (308.4, 277.6), (314.0, 305.6), (336.4, 308.4), (364.4, 311.2), (372.8, 333.6), (372.8, 356.0), (372.8, 372.8), (372.8, 372.8), (372.8, 372.8), (372.8, 372.8), (372.8, 372.8), (372.8, 372.8), (372.8, 372.8), (372.8, 372.8), (372.8, 372.8), (372.8, 372.8), (372.8, 372.8), (372.8, 372.8), (372.8, 372.8), (372.8, 372.8), (372.8, 372.8), (372.8, 372.8), (372.8, 372.8), (372.8, 372.8), (372.8, 372.8), (372.8, 372.8), (372.8, 372.8), (372.8, 372.8), (372.8, 372.8), (372.8, 372.8), (372.8, 372.8), (372.8, 372.8), (372.8, 372.8), (372.8, 372.8), (372.8, 372.8), (372.8, 372.8), (372.8, 372.8), (372.8, 372.8), (372.8, 372.8)]",0,7.5
speedrunner,bomberman,2,Bomb,1,0,42.19,0.926,"[(48.0, 48.0), (48.0, 64.8), (48.0, 87.2), (48.0, 109.6), (48.0, 132.0), (48.0, 154.4), (48.0, 176.8), (48.0, 199.2), (48.0, 221.6), (48.0, 244.0), (48.0, 266.4), (48.0, 288.8), (62.0, 308.4), (87.2, 308.4), (115.2, 316.8), (115.2, 339.2), (118.0, 367.2), (140.4, 372.8), (162.8, 372.8), (185.2, 372.8), (207.6, 372.8), (230.0, 372.8), (252.4, 372.8), (274.8, 372.8), (297.2, 372.8), (319.6, 372.8), (342.0, 372.8), (364.4, 372.8), (372.8, 372.8), (372.8, 372.8), (372.8, 372.8), (372.8, 372.8), (372.8, 372.8), (372.8, 372.8), (372.8, 372.8), (372.8, 372.8), (372.8, 372.8), (372.8, 372.8), (372.8, 372.8), (372.8, 372.8), (372.8, 372.8), (372.8, 372.8), (372.8, 372.8), (372.8, 372.8), (372.8, 372.8), (372.8, 372.8), (372.8, 372.8), (372.8, 372.8), (372.8, 372.8), (372.8, 372.8), (372.8, 372.8), (372.8, 372.8), (372.8, 372.8), (372.8, 372.8), (372.8, 372.8), (372.8, 372.8), (372.8, 372.8)]",0,7.5
speedrunner,bomberman,2,Bomb,1,0,40.32,0.926,"[(48.0, 48.0), (70.4, 45.2), (92.8, 45.2), (115.2, 59.2), (115.2, 81.6), (115.2, 104.0), (132.0, 115.2), (160.0, 115.2), (179.6, 126.4), (179.6, 148.8), (179.6, 171.2), (199.2, 179.6), (227.2, 179.6), (244.0, 193.6), (244.0, 216.0), (244.0, 238.4), (266.4, 244.0), (294.4, 244.0), (308.4, 263.6), (308.4, 286.0), (316.8, 308.4), (339.2, 308.4), (367.2, 314.0), (372.8, 336.4), (372.8, 358.8), (372.8, 372.8), (372.8, 372.8), (372.8, 372.8), (372.8, 372.8), (372.8, 372.8), (372.8, 372.8), (372.8, 372.8), (372.8, 372.8), (372.8, 372.8), (372.8, 372.8), (372.8, 372.8), (372.8, 372.8), (372.8, 372.8), (372.8, 372.8), (372.8, 372.8), (372.8, 372.8), (372.8, 372.8), (372.8, 372.8), (372.8, 372.8), (372.8, 372.8), (372.8, 372.8), (372.8, 372.8), (372.8, 372.8), (372.8, 372.8), (372.8, 372.8), (372.8, 372.8), (372.8, 372.8), (372.8, 372.8), (372.8, 372.8), (372.8, 372.8), (372.8, 372.8), (372.8, 372.8)]",0,7.5
speedrunner,bomberman,2,Bomb,1,0,39.2,0.926,"[(48.0, 48.0), (70.4, 50.8), (101.2, 50.8), (115.2, 67.6), (115.2, 90.0), (118.0, 112.4), (140.4, 115.2), (168.4, 115.2), (179.6, 134.8), (179.6, 157.2), (185.2, 179.6), (207.6, 179.6), (235.6, 179.6), (244.0, 202.0), (244.0, 230.0), (258.0, 244.0), (286.0, 244.0), (308.4, 255.2), (308.4, 277.6), (314.0, 305.6), (336.4, 308.4), (364.4, 311.2), (372.8, 333.6), (372.8, 356.0), (372.8, 372.8), (372.8, 372.8), (372.8, 372.8), (372.8, 372.8), (372.8, 372.8), (372.8, 372.8), (372.8, 372.8), (372.8, 372.8), (372.8, 372.8), (372.8, 372.8), (372.8, 372.8), (372.8, 372.8), (372.8, 372.8), (372.8, 372.8), (372.8, 372.8), (372.8, 372.8), (372.8, 372.8), (372.8, 372.8), (372.8, 372.8), (372.8, 372.8), (372.8, 372.8), (372.8, 372.8), (372.8, 372.8), (372.8, 372.8), (372.8, 372.8), (372.8, 372.8), (372.8, 372.8), (372.8, 372.8), (372.8, 372.8), (372.8, 372.8), (372.8, 372.8), (372.8, 372.8), (372.8, 372.8)]",0,7.5
speedrunner,bomberman,2,Bomb,1,0,28.37,0.63,"[(48.0, 48.0), (50.8, 70.4), (50.8, 92.8), (50.8, 115.2), (50.8, 137.6), (50.8, 160.0), (50.8, 182.4), (50.8, 204.8), (50.8, 227.2), (50.8, 249.6), (50.8, 272.0), (50.8, 294.4), (67.6, 308.4), (98.4, 308.4), (115.2, 322.4), (115.2, 344.8), (118.0, 367.2), (140.4, 372.8), (162.8, 372.8), (185.2, 372.8), (207.6, 372.8), (230.0, 372.8), (244.0, 372.8), (244.0, 372.8), (244.0, 372.8), (244.0, 372.8), (244.0, 372.8), (244.0, 372.8), (244.0, 372.8), (244.0, 372.8), (244.0, 372.8), (244.0, 372.8), (244.0, 372.8), (244.0, 372.8), (244.0, 372.8), (244.0, 372.8), (244.0, 372.8), (244.0, 372.8), (244.0, 372.8), (244.0, 372.8), (244.0, 372.8), (244.0, 372.8), (263.6, 372.8), (269.2, 372.8), (269.2, 364.4), (269.2, 364.4), (269.2, 364.4), (269.2, 364.4), (269.2, 364.4), (269.2, 364.4), (269.2, 364.4), (269.2, 364.4), (269.2, 364.4), (269.2, 364.4), (269.2, 364.4), (269.2, 364.4), (269.2, 364.4)]",0,7.5
speedrunner,bomberman,2,Bomb,1,0,39.2,0.926,"[(48.0, 48.0), (67.6, 50.8), (98.4, 50.8), (115.2, 64.8), (115.2, 87.2), (115.2, 109.6), (137.6, 115.2), (165.6, 115.2), (179.6, 132.0), (179.6, 154.4), (182.4, 176.8), (204.8, 179.6), (232.8, 179.6), (244.0, 199.2), (244.0, 221.6), (249.6, 244.0), (272.0, 244.0), (300.0, 246.8), (308.4, 269.2), (308.4, 291.6), (322.4, 308.4), (350.4, 308.4), (372.8, 319.6), (372.8, 342.0), (372.8, 364.4), (372.8, 372.8), (372.8, 372.8), (372.8, 372.8), (372.8, 372.8), (372.8, 372.8), (372.8, 372.8), (372.8, 372.8), (372.8, 372.8), (372.8, 372.8), (372.8, 372.8), (372.8, 372.8), (372.8, 372.8), (372.8, 372.8), (372.8, 372.8), (372.8, 372.8), (372.8, 372.8), (372.8, 372.8), (372.8, 372.8), (372.8, 372.8), (372.8, 372.8), (372.8, 372.8), (372.8, 372.8), (372.8, 372.8), (372.8, 372.8), (372.8, 372.8), (372.8, 372.8), (372.8, 372.8), (372.8, 372.8), (372.8, 372.8), (372.8, 372.8), (372.8, 372.8), (372.8, 372.8)]",0,7.5
speedrunner,bomberman,2,Bomb,1,0,39.2,0.926,"[(48.0, 48.0), (67.6, 50.8), (98.4, 50.8), (115.2, 64.8), (115.2, 87.2), (115.2, 109.6), (137.6, 115.2), (165.6, 115.2), (179.6, 132.0), (179.6, 154.4), (182.4, 176.8), (204.8, 179.6), (232.8, 179.6), (244.0, 199.2), (244.0, 221.6), (249.6, 244.0), (272.0, 244.0), (300.0, 246.8), (308.4, 269.2), (308.4, 291.6), (322.4, 308.4), (350.4, 308.4), (372.8, 319.6), (372.8, 342.0), (372.8, 364.4), (372.8, 372.8), (372.8, 372.8), (372.8, 372.8), (372.8, 372.8), (372.8, 372.8), (372.8, 372.8), (372.8, 372.8), (372.8, 372.8), (372.8, 372.8), (372.8, 372.8), (372.8, 372.8), (372.8, 372.8), (372.8, 372.8), (372.8, 372.8), (372.8, 372.8), (372.8, 372.8), (372.8, 372.8), (372.8, 372.8), (372.8, 372.8), (372.8, 372.8), (372.8, 372.8), (372.8, 372.8), (372.8, 372.8), (372.8, 372.8), (372.8, 372.8), (372.8, 372.8), (372.8, 372.8), (372.8, 372.8), (372.8, 372.8), (372.8, 372.8), (372.8, 372.8), (372.8, 372.8)]",0,7.5
speedrunner,bomberman,2,Bomb,1,0,39.2,0.926,"[(48.0, 48.0), (70.4, 50.8), (101.2, 50.8), (115.2, 67.6), (115.2, 90.0), (118.0, 112.4), (140.4, 115.2), (168.4, 115.2), (179.6, 134.8), (179.6, 157.2), (185.2, 179.6), (207.6, 179.6), (235.6, 179.6), (244.0, 202.0), (244.0, 230.0), (258.0, 244.0), (286.0, 244.0), (308.4, 255.2), (308.4, 277.6), (314.0, 305.6), (336.4, 308.4), (364.4, 311.2), (372.8, 333.6), (372.8, 356.0), (372.8, 372.8), (372.8, 372.8), (372.8, 372.8), (372.8, 372.8), (372.8, 372.8), (372.8, 372.8), (372.8, 372.8), (372.8, 372.8), (372.8, 372.8), (372.8, 372.8), (372.8, 372.8), (372.8, 372.8), (372.8, 372.8), (372.8, 372.8), (372.8, 372.8), (372.8, 372.8), (372.8, 372.8), (372.8, 372.8), (372.8, 372.8), (372.8, 372.8), (372.8, 372.8), (372.8, 372.8), (372.8, 372.8), (372.8, 372.8), (372.8, 372.8), (372.8, 372.8), (372.8, 372.8), (372.8, 372.8), (372.8, 372.8), (372.8, 372.8), (372.8, 372.8), (372.8, 372.8), (372.8, 372.8)]",0,7.5
speedrunner,bomberman,2,Bomb,1,0,39.2,0.926,"[(48.0, 48.0), (70.4, 50.8), (101.2, 50.8), (115.2, 67.6), (115.2, 90.0), (118.0, 112.4), (140.4, 115.2), (168.4, 115.2), (179.6, 134.8), (179.6, 157.2), (185.2, 179.6), (207.6, 179.6), (235.6, 179.6), (244.0, 202.0), (244.0, 230.0), (258.0, 244.0), (286.0, 244.0), (308.4, 255.2), (308.4, 277.6), (314.0, 305.6), (336.4, 308.4), (364.4, 311.2), (372.8, 333.6), (372.8, 356.0), (372.8, 372.8), (372.8, 372.8), (372.8, 372.8), (372.8, 372.8), (372.8, 372.8), (372.8, 372.8), (372.8, 372.8), (372.8, 372.8), (372.8, 372.8), (372.8, 372.8), (372.8, 372.8), (372.8, 372.8), (372.8, 372.8), (372.8, 372.8), (372.8, 372.8), (372.8, 372.8), (372.8, 372.8), (372.8, 372.8), (372.8, 372.8), (372.8, 372.8), (372.8, 372.8), (372.8, 372.8), (372.8, 372.8), (372.8, 372.8), (372.8, 372.8), (372.8, 372.8), (372.8, 372.8), (372.8, 372.8), (372.8, 372.8), (372.8, 372.8), (372.8, 372.8), (372.8, 372.8), (372.8, 372.8)]",0,7.5
speedrunner,bomberman,2,Bomb,1,0,40.32,0.926,"[(48.0, 48.0), (70.4, 45.2), (92.8, 45.2), (115.2, 59.2), (115.2, 81.6), (115.2, 104.0), (132.0, 115.2), (160.0, 115.2), (179.6, 126.4), (179.6, 148.8), (179.6, 171.2), (199.2, 179.6), (227.2, 179.6), (244.0, 193.6), (244.0, 216.0), (244.0, 238.4), (266.4, 244.0), (294.4, 244.0), (308.4, 263.6), (308.4, 286.0), (316.8, 308.4), (339.2, 308.4), (367.2, 314.0), (372.8, 336.4), (372.8, 358.8), (372.8, 372.8), (372.8, 372.8), (372.8, 372.8), (372.8, 372.8), (372.8, 372.8), (372.8, 372.8), (372.8, 372.8), (372.8, 372.8), (372.8, 372.8), (372.8, 372.8), (372.8, 372.8), (372.8, 372.8), (372.8, 372.8), (372.8, 372.8), (372.8, 372.8), (372.8, 372.8), (372.8, 372.8), (372.8, 372.8), (372.8, 372.8), (372.8, 372.8), (372.8, 372.8), (372.8, 372.8), (372.8, 372.8), (372.8, 372.8), (372.8, 372.8), (372.8, 372.8), (372.8, 372.8), (372.8, 372.8), (372.8, 372.8), (372.8, 372.8), (372.8, 372.8), (372.8, 372.8)]",0,7.5
speedrunner,bomberman,2,Bomb,1,0,39.2,0.926,"[(48.0, 48.0), (70.4, 50.8), (101.2, 50.8), (115.2, 67.6), (115.2, 90.0), (118.0, 112.4), (140.4, 115.2), (168.4, 115.2), (179.6, 134.8), (179.6, 157.2), (185.2, 179.6), (207.6, 179.6), (235.6, 179.6), (244.0, 202.0), (244.0, 224.4), (252.4, 244.0), (274.8, 244.0), (302.8, 249.6), (308.4, 272.0), (308.4, 294.4), (325.2, 308.4), (353.2, 308.4), (372.8, 322.4), (372.8, 344.8), (372.8, 367.2), (372.8, 372.8), (372.8, 372.8), (372.8, 372.8), (372.8, 372.8), (372.8, 372.8), (372.8, 372.8), (372.8, 372.8), (372.8, 372.8), (372.8, 372.8), (372.8, 372.8), (372.8, 372.8), (372.8, 372.8), (372.8, 372.8), (372.8, 372.8), (372.8, 372.8), (372.8, 372.8), (372.8, 372.8), (372.8, 372.8), (372.8, 372.8), (372.8, 372.8), (372.8, 372.8), (372.8, 372.8), (372.8, 372.8), (372.8, 372.8), (372.8, 372.8), (372.8, 372.8), (372.8, 372.8), (372.8, 372.8), (372.8, 372.8), (372.8, 372.8), (372.8, 372.8), (372.8, 372.8)]",0,7.5
speedrunner,bomberman,2,Bomb,1,0,40.32,0.926,"[(48.0, 48.0), (70.4, 50.8), (92.8, 45.2), (115.2, 59.2), (115.2, 81.6), (118.0, 112.4), (140.4, 115.2), (168.4, 115.2), (179.6, 134.8), (179.6, 157.2), (185.2, 179.6), (207.6, 179.6), (235.6, 179.6), (244.0, 202.0), (244.0, 224.4), (252.4, 244.0), (274.8, 244.0), (302.8, 249.6), (308.4, 272.0), (308.4, 294.4), (325.2, 308.4), (353.2, 308.4), (372.8, 322.4), (372.8, 344.8), (372.8, 367.2), (372.8, 372.8), (372.8, 372.8), (372.8, 372.8), (372.8, 372.8), (372.8, 372.8), (372.8, 372.8), (372.8, 372.8), (372.8, 372.8), (372.8, 372.8), (372.8, 372.8), (372.8, 372.8), (372.8, 372.8), (372.8, 372.8), (372.8, 372.8), (372.8, 372.8), (372.8, 372.8), (372.8, 372.8), (372.8, 372.8), (372.8, 372.8), (372.8, 372.8), (372.8, 372.8), (372.8, 372.8), (372.8, 372.8), (372.8, 372.8), (372.8, 372.8), (372.8, 372.8), (372.8, 372.8), (372.8, 372.8), (372.8, 372.8), (372.8, 372.8), (372.8, 372.8), (372.8, 372.8)]",0,7.5
speedrunner,bomberman,2,Bomb,1,0,50.03,0.593,"[(48.0, 48.0), (70.4, 45.2), (92.8, 45.2), (115.2, 45.2), (137.6, 45.2), (160.0, 45.2), (182.4, 45.2), (204.8, 45.2), (227.2, 45.2), (249.6, 45.2), (272.0, 45.2), (294.4, 45.2), (308.4, 64.8), (308.4, 64.8), (308.4, 64.8), (308.4, 64.8), (308.4, 64.8), (308.4, 64.8), (308.4, 64.8), (308.4, 64.8), (308.4, 64.8), (308.4, 64.8), (308.4, 64.8), (308.4, 64.8), (308.4, 64.8), (308.4, 76.0), (308.4, 98.4), (319.6, 115.2), (344.8, 115.2), (370.0, 123.6), (372.8, 146.0), (372.8, 168.4), (389.6, 179.6), (417.6, 179.6), (434.4, 193.6), (434.4, 216.0), (434.4, 238.4), (434.4, 260.8), (434.4, 283.2), (434.4, 305.6), (434.4, 308.4), (434.4, 308.4), (434.4, 308.4), (434.4, 308.4), (434.4, 308.4), (434.4, 308.4), (434.4, 308.4), (434.4, 308.4), (434.4, 308.4), (434.4, 308.4), (434.4, 308.4), (434.4, 308.4), (434.4, 308.4), (434.4, 308.4), (434.4, 308.4), (434.4, 308.4), (434.4, 308.4)]",0,7.5
speedrunner,bomberman,2,Bomb,1,0,39.2,0.926,"[(48.0, 48.0), (70.4, 50.8), (101.2, 50.8), (115.2, 67.6), (115.2, 90.0), (118.0, 112.4), (140.4, 115.2), (168.4, 115.2), (179.6, 134.8), (179.6, 157.2), (185.2, 179.6), (207.6, 179.6), (235.6, 179.6), (244.0, 202.0), (244.0, 230.0), (258.0, 244.0), (286.0, 244.0), (308.4, 255.2), (308.4, 277.6), (314.0, 305.6), (336.4, 308.4), (364.4, 311.2), (372.8, 333.6), (372.8, 356.0), (372.8, 372.8), (372.8, 372.8), (372.8, 372.8), (372.8, 372.8), (372.8, 372.8), (372.8, 372.8), (372.8, 372.8), (372.8, 372.8), (372.8, 372.8), (372.8, 372.8), (372.8, 372.8), (372.8, 372.8), (372.8, 372.8), (372.8, 372.8), (372.8, 372.8), (372.8, 372.8), (372.8, 372.8), (372.8, 372.8), (372.8, 372.8), (372.8, 372.8), (372.8, 372.8), (372.8, 372.8), (372.8, 372.8), (372.8, 372.8), (372.8, 372.8), (372.8, 372.8), (372.8, 372.8), (372.8, 372.8), (372.8, 372.8), (372.8, 372.8), (372.8, 372.8), (372.8, 372.8), (372.8, 372.8)]",0,7.5
speedrunner,bomberman,2,Bomb,1,0,39.95,0.926,"[(48.0, 48.0), (50.8, 70.4), (50.8, 92.8), (56.4, 115.2), (78.8, 115.2), (109.6, 118.0), (115.2, 140.4), (115.2, 162.8), (126.4, 179.6), (151.6, 179.6), (176.8, 185.2), (179.6, 207.6), (179.6, 230.0), (193.6, 244.0), (221.6, 244.0), (244.0, 252.4), (244.0, 274.8), (244.0, 297.2), (263.6, 308.4), (291.6, 308.4), (308.4, 325.2), (308.4, 353.2), (319.6, 372.8), (342.0, 372.8), (364.4, 372.8), (372.8, 372.8), (372.8, 372.8), (372.8, 372.8), (372.8, 372.8), (372.8, 372.8), (372.8, 372.8), (372.8, 372.8), (372.8, 372.8), (372.8, 372.8), (372.8, 372.8), (372.8, 372.8), (372.8, 372.8), (372.8, 372.8), (372.8, 372.8), (372.8, 372.8), (372.8, 372.8), (372.8, 372.8), (372.8, 372.8), (372.8, 372.8), (372.8, 372.8), (372.8, 372.8), (372.8, 372.8), (372.8, 372.8), (372.8, 372.8), (372.8, 372.8), (372.8, 372.8), (372.8, 372.8), (372.8, 372.8), (372.8, 372.8), (372.8, 372.8), (372.8, 372.8), (372.8, 372.8)]",0,7.5
speedrunner,bomberman,2,Bomb,1,0,42.19,0.926,"[(48.0, 48.0), (48.0, 70.4), (48.0, 92.8), (48.0, 115.2), (48.0, 137.6), (48.0, 160.0), (48.0, 182.4), (48.0, 204.8), (48.0, 227.2), (48.0, 249.6), (48.0, 272.0), (48.0, 294.4), (67.6, 308.4), (98.4, 308.4), (115.2, 322.4), (115.2, 344.8), (118.0, 367.2), (140.4, 372.8), (162.8, 372.8), (185.2, 372.8), (207.6, 372.8), (230.0, 372.8), (252.4, 372.8), (274.8, 372.8), (297.2, 372.8), (319.6, 372.8), (342.0, 372.8), (364.4, 372.8), (372.8, 372.8), (372.8, 372.8), (372.8, 372.8), (372.8, 372.8), (372.8, 372.8), (372.8, 372.8), (372.8, 372.8), (372.8, 372.8), (372.8, 372.8), (372.8, 372.8), (372.8, 372.8), (372.8, 372.8), (372.8, 372.8), (372.8, 372.8), (372.8, 372.8), (372.8, 372.8), (372.8, 372.8), (372.8, 372.8), (372.8, 372.8), (372.8, 372.8), (372.8, 372.8), (372.8, 372.8), (372.8, 372.8), (372.8, 372.8), (372.8, 372.8), (372.8, 372.8), (372.8, 372.8), (372.8, 372.8), (372.8, 372.8)]",0,7.5
speedrunner,bomberman,2,Bomb,1,0,42.19,0.926,"[(48.0, 48.0), (48.0, 70.4), (48.0, 92.8), (48.0, 115.2), (48.0, 137.6), (48.0, 160.0), (48.0, 182.4), (48.0, 204.8), (48.0, 227.2), (48.0, 249.6), (48.0, 272.0), (48.0, 294.4), (67.6, 308.4), (98.4, 308.4), (115.2, 322.4), (115.2, 344.8), (118.0, 367.2), (140.4, 372.8), (162.8, 372.8), (185.2, 372.8), (207.6, 372.8), (230.0, 372.8), (252.4, 372.8), (274.8, 372.8), (297.2, 372.8), (319.6, 372.8), (342.0, 372.8), (364.4, 372.8), (372.8, 372.8), (372.8, 372.8), (372.8, 372.8), (372.8, 372.8), (372.8, 372.8), (372.8, 372.8), (372.8, 372.8), (372.8, 372.8), (372.8, 372.8), (372.8, 372.8), (372.8, 372.8), (372.8, 372.8), (372.8, 372.8), (372.8, 372.8), (372.8, 372.8), (372.8, 372.8), (372.8, 372.8), (372.8, 372.8), (372.8, 372.8), (372.8, 372.8), (372.8, 372.8), (372.8, 372.8), (372.8, 372.8), (372.8, 372.8), (372.8, 372.8), (372.8, 372.8), (372.8, 372.8), (372.8, 372.8), (372.8, 372.8)]",0,7.5
speedrunner,bomberman,2,Bomb,1,0,39.95,0.926,"[(48.0, 48.0), (50.8, 70.4), (50.8, 92.8), (56.4, 115.2), (78.8, 115.2), (109.6, 118.0), (115.2, 140.4), (115.2, 162.8), (126.4, 179.6), (151.6, 179.6), (176.8, 185.2), (179.6, 207.6), (179.6, 230.0), (193.6, 244.0), (221.6, 244.0), (244.0, 252.4), (244.0, 274.8), (244.0, 297.2), (263.6, 308.4), (291.6, 308.4), (308.4, 325.2), (308.4, 353.2), (319.6, 372.8), (342.0, 372.8), (364.4, 372.8), (372.8, 372.8), (372.8, 372.8), (372.8, 372.8), (372.8, 372.8), (372.8, 372.8), (372.8, 372.8), (372.8, 372.8), (372.8, 372.8), (372.8, 372.8), (372.8, 372.8), (372.8, 372.8), (372.8, 372.8), (372.8, 372.8), (372.8, 372.8), (372.8, 372.8), (372.8, 372.8), (372.8, 372.8), (372.8, 372.8), (372.8, 372.8), (372.8, 372.8), (372.8, 372.8), (372.8, 372.8), (372.8, 372.8), (372.8, 372.8), (372.8, 372.8), (372.8, 372.8), (372.8, 372.8), (372.8, 372.8), (372.8, 372.8), (372.8, 372.8), (372.8, 372.8), (372.8, 372.8)]",0,7.5
speedrunner,bomberman,2,Bomb,1,0,39.2,0.926,"[(48.0, 48.0), (70.4, 50.8), (101.2, 50.8), (115.2, 67.6), (115.2, 90.0), (118.0, 112.4), (140.4, 115.2), (168.4, 115.2), (179.6, 134.8), (179.6, 157.2), (185.2, 179.6), (207.6, 179.6), (235.6, 179.6), (244.0, 202.0), (244.0, 230.0), (258.0, 244.0), (286.0, 244.0), (308.4, 255.2), (308.4, 277.6), (314.0, 305.6), (336.4, 308.4), (364.4, 311.2), (372.8, 333.6), (372.8, 356.0), (372.8, 372.8), (372.8, 372.8), (372.8, 372.8), (372.8, 372.8), (372.8, 372.8), (372.8, 372.8), (372.8, 372.8), (372.8, 372.8), (372.8, 372.8), (372.8, 372.8), (372.8, 372.8), (372.8, 372.8), (372.8, 372.8), (372.8, 372.8), (372.8, 372.8), (372.8, 372.8), (372.8, 372.8), (372.8, 372.8), (372.8, 372.8), (372.8, 372.8), (372.8, 372.8), (372.8, 372.8), (372.8, 372.8), (372.8, 372.8), (372.8, 372.8), (372.8, 372.8), (372.8, 372.8), (372.8, 372.8), (372.8, 372.8), (372.8, 372.8), (372.8, 372.8), (372.8, 372.8), (372.8, 372.8)]",0,7.5
speedrunner,bomberman,2,Bomb,1,0,40.32,0.926,"[(48.0, 48.0), (70.4, 50.8), (92.8, 45.2), (115.2, 59.2), (115.2, 81.6), (118.0, 112.4), (140.4, 115.2), (168.4, 115.2), (179.6, 134.8), (179.6, 157.2), (185.2, 179.6), (207.6, 179.6), (235.6, 179.6), (244.0, 202.0), (244.0, 224.4), (252.4, 244.0), (274.8, 244.0), (302.8, 249.6), (308.4, 272.0), (308.4, 294.4), (325.2, 308.4), (353.2, 308.4), (372.8, 322.4), (372.8, 344.8), (372.8, 367.2), (372.8, 372.8), (372.8, 372.8), (372.8, 372.8), (372.8, 372.8), (372.8, 372.8), (372.8, 372.8), (372.8, 372.8), (372.8, 372.8), (372.8, 372.8), (372.8, 372.8), (372.8, 372.8), (372.8, 372.8), (372.8, 372.8), (372.8, 372.8), (372.8, 372.8), (372.8, 372.8), (372.8, 372.8), (372.8, 372.8), (372.8, 372.8), (372.8, 372.8), (372.8, 372.8), (372.8, 372.8), (372.8, 372.8), (372.8, 372.8), (372.8, 372.8), (372.8, 372.8), (372.8, 372.8), (372.8, 372.8), (372.8, 372.8), (372.8, 372.8), (372.8, 372.8), (372.8, 372.8)]",0,7.5
speedrunner,bomberman,2,Bomb,3,0,55.83,0.741,"[(48.0, 48.0), (50.8, 70.4), (50.8, 92.8), (56.4, 115.2), (78.8, 115.2), (109.6, 118.0), (115.2, 140.4), (115.2, 165.6), (129.2, 179.6), (157.2, 179.6), (179.6, 188.0), (179.6, 210.4), (179.6, 238.4), (202.0, 244.0), (230.0, 244.0), (244.0, 260.8), (244.0, 288.8), (255.2, 308.4), (280.4, 308.4), (305.6, 316.8), (308.4, 339.2), (311.2, 367.2), (333.6, 372.8), (356.0, 372.8), (372.8, 372.8), (372.8, 372.8), (372.8, 372.8), (372.8, 372.8), (372.8, 372.8), (372.8, 372.8), (372.8, 372.8), (372.8, 372.8), (372.8, 372.8), (372.8, 372.8), (372.8, 372.8), (372.8, 372.8), (372.8, 372.8), (372.8, 372.8), (372.8, 372.8), (372.8, 372.8), (372.8, 372.8)]",0,5.37
speedrunner,bomberman,2,Bomb,1,0,37.94,0.926,"[(48.0, 48.0), (70.4, 50.8), (101.2, 50.8), (115.2, 67.6), (115.2, 95.6), (126.4, 115.2), (151.6, 115.2), (176.8, 120.8), (179.6, 143.2), (179.6, 165.6), (193.6, 179.6), (221.6, 179.6), (244.0, 188.0), (244.0, 210.4), (244.0, 232.8), (260.8, 244.0), (288.8, 244.0), (308.4, 258.0), (308.4, 280.4), (311.2, 302.8), (333.6, 308.4), (358.8, 308.4), (372.8, 328.0), (372.8, 350.4), (372.8, 372.8), (372.8, 372.8), (372.8, 372.8), (372.8, 372.8), (372.8, 372.8), (372.8, 372.8), (372.8, 372.8), (372.8, 372.8), (372.8, 372.8), (372.8, 372.8), (372.8, 372.8), (372.8, 372.8), (372.8, 372.8), (372.8, 372.8), (372.8, 372.8), (372.8, 372.8), (372.8, 372.8), (372.8, 372.8), (372.8, 372.8), (372.8, 372.8), (372.8, 372.8), (372.8, 372.8), (372.8, 372.8), (372.8, 372.8), (372.8, 372.8), (372.8, 372.8), (372.8, 372.8), (372.8, 372.8), (372.8, 372.8), (372.8, 372.8), (372.8, 372.8), (372.8, 372.8), (372.8, 372.8), (372.8, 372.8), (372.8, 372.8)]",0,7.75
speedrunner,bomberman,2,Stuck,1,0,28.09,0.741,"[(48.0, 48.0), (70.4, 50.8), (101.2, 50.8), (115.2, 67.6), (115.2, 90.0), (118.0, 112.4), (140.4, 115.2), (168.4, 115.2), (179.6, 134.8), (179.6, 157.2), (185.2, 179.6), (207.6, 179.6), (235.6, 179.6), (244.0, 202.0), (244.0, 224.4), (252.4, 244.0), (274.8, 244.0), (302.8, 249.6), (308.4, 272.0), (308.4, 294.4), (325.2, 308.4), (353.2, 308.4), (372.8, 322.4), (372.8, 344.8), (372.8, 367.2), (372.8, 372.8), (372.8, 372.8), (372.8, 372.8), (372.8, 372.8), (372.8, 372.8), (372.8, 372.8), (372.8, 372.8), (372.8, 372.8), (372.8, 372.8), (372.8, 372.8), (372.8, 372.8), (372.8, 372.8), (372.8, 372.8), (372.8, 372.8), (372.8, 372.8), (372.8, 372.8), (372.8, 372.8), (372.8, 372.8), (372.8, 372.8), (372.8, 372.8), (372.8, 372.8), (372.8, 372.8), (372.8, 372.8), (372.8, 372.8), (372.8, 372.8), (372.8, 372.8), (372.8, 372.8), (372.8, 372.8), (372.8, 372.8), (372.8, 372.8), (372.8, 372.8), (372.8, 372.8), (372.8, 372.8), (372.8, 372.8), (372.8, 372.8), (372.8, 372.8), (372.8, 372.8), (372.8, 372.8), (372.8, 372.8), (372.8, 372.8), (372.8, 372.8), (372.8, 372.8), (372.8, 372.8), (372.8, 372.8), (372.8, 372.8), (372.8, 372.8), (372.8, 372.8), (372.8, 372.8), (372.8, 372.8), (372.8, 372.8), (372.8, 372.8), (372.8, 372.8), (372.8, 372.8), (372.8, 372.8)]",0,10.47
speedrunner,bomberman,2,Bomb,1,0,47.41,0.667,"[(48.0, 48.0), (70.4, 50.8), (101.2, 50.8), (115.2, 59.2), (115.2, 64.8), (115.2, 62.0), (115.2, 59.2), (115.2, 64.8), (115.2, 62.0), (115.2, 59.2), (115.2, 64.8), (115.2, 62.0), (115.2, 59.2), (115.2, 64.8), (115.2, 62.0), (115.2, 59.2), (115.2, 64.8), (115.2, 56.4), (132.0, 48.0), (160.0, 50.8), (179.6, 62.0), (179.6, 59.2), (179.6, 73.2), (179.6, 104.0), (196.4, 115.2), (224.4, 115.2), (244.0, 126.4), (244.0, 148.8), (244.0, 171.2), (263.6, 179.6), (291.6, 179.6), (308.4, 196.4), (308.4, 224.4), (316.8, 244.0), (339.2, 244.0), (367.2, 249.6), (372.8, 272.0), (372.8, 300.0), (395.2, 308.4), (417.6, 308.4), (434.4, 308.4), (434.4, 308.4), (434.4, 308.4), (434.4, 308.4), (434.4, 308.4), (434.4, 308.4), (434.4, 308.4), (434.4, 308.4), (434.4, 308.4), (434.4, 308.4), (434.4, 308.4), (434.4, 308.4), (434.4, 305.6), (434.4, 288.8), (434.4, 288.8), (434.4, 288.8), (434.4, 288.8)]",0,7.5
speedrunner,bomberman,2,Bomb,1,0,39.2,0.926,"[(48.0, 48.0), (70.4, 50.8), (101.2, 50.8), (115.2, 67.6), (115.2, 90.0), (118.0, 112.4), (140.4, 115.2), (168.4, 115.2), (179.6, 134.8), (179.6, 157.2), (185.2, 179.6), (207.6, 179.6), (235.6, 179.6), (244.0, 202.0), (244.0, 224.4), (252.4, 244.0), (274.8, 244.0), (302.8, 249.6), (308.4, 272.0), (308.4, 300.0), (330.8, 308.4), (358.8, 308.4), (372.8, 328.0), (372.8, 350.4), (372.8, 372.8), (372.8, 372.8), (372.8, 372.8), (372.8, 372.8), (372.8, 372.8), (372.8, 372.8), (372.8, 372.8), (372.8, 372.8), (372.8, 372.8), (372.8, 372.8), (372.8, 372.8), (372.8, 372.8), (372.8, 372.8), (372.8, 372.8), (372.8, 372.8), (372.8, 372.8), (372.8, 372.8), (372.8, 372.8), (372.8, 372.8), (372.8, 372.8), (372.8, 372.8), (372.8, 372.8), (372.8, 372.8), (372.8, 372.8), (372.8, 372.8), (372.8, 372.8), (372.8, 372.8), (372.8, 372.8), (372.8, 372.8), (372.8, 372.8), (372.8, 372.8), (372.8, 372.8), (372.8, 372.8)]",0,7.5
speedrunner,bomberman,2,Bomb,1,0,40.32,0.926,"[(48.0, 48.0), (70.4, 45.2), (92.8, 45.2), (115.2, 59.2), (115.2, 81.6), (118.0, 112.4), (140.4, 115.2), (168.4, 115.2), (179.6, 134.8), (179.6, 157.2), (185.2, 179.6), (207.6, 179.6), (235.6, 179.6), (244.0, 202.0), (244.0, 224.4), (252.4, 244.0), (274.8, 244.0), (302.8, 249.6), (308.4, 272.0), (308.4, 300.0), (330.8, 308.4), (358.8, 308.4), (372.8, 328.0), (372.8, 350.4), (372.8, 372.8), (372.8, 372.8), (372.8, 372.8), (372.8, 372.8), (372.8, 372.8), (372.8, 372.8), (372.8, 372.8), (372.8, 372.8), (372.8, 372.8), (372.8, 372.8), (372.8, 372.8), (372.8, 372.8), (372.8, 372.8), (372.8, 372.8), (372.8, 372.8), (372.8, 372.8), (372.8, 372.8), (372.8, 372.8), (372.8, 372.8), (372.8, 372.8), (372.8, 372.8), (372.8, 372.8), (372.8, 372.8), (372.8, 372.8), (372.8, 372.8), (372.8, 372.8), (372.8, 372.8), (372.8, 372.8), (372.8, 372.8), (372.8, 372.8), (372.8, 372.8), (372.8, 372.8), (372.8, 372.8)]",0,7.5
speedrunner,bomberman,2,Bomb,1,0,40.32,0.926,"[(48.0, 48.0), (70.4, 45.2), (92.8, 45.2), (115.2, 59.2), (115.2, 81.6), (118.0, 112.4), (140.4, 115.2), (168.4, 115.2), (179.6, 134.8), (179.6, 157.2), (185.2, 179.6), (207.6, 179.6), (235.6, 179.6), (244.0, 202.0), (244.0, 224.4), (252.4, 244.0), (274.8, 244.0), (302.8, 249.6), (308.4, 272.0), (308.4, 300.0), (330.8, 308.4), (358.8, 308.4), (372.8, 328.0), (372.8, 350.4), (372.8, 372.8), (372.8, 372.8), (372.8, 372.8), (372.8, 372.8), (372.8, 372.8), (372.8, 372.8), (372.8, 372.8), (372.8, 372.8), (372.8, 372.8), (372.8, 372.8), (372.8, 372.8), (372.8, 372.8), (372.8, 372.8), (372.8, 372.8), (372.8, 372.8), (372.8, 372.8), (372.8, 372.8), (372.8, 372.8), (372.8, 372.8), (372.8, 372.8), (372.8, 372.8), (372.8, 372.8), (372.8, 372.8), (372.8, 372.8), (372.8, 372.8), (372.8, 372.8), (372.8, 372.8), (372.8, 372.8), (372.8, 372.8), (372.8, 372.8), (372.8, 372.8), (372.8, 372.8), (372.8, 372.8)]",0,7.5
speedrunner,bomberman,2,Bomb,1,0,39.2,0.926,"[(48.0, 48.0), (70.4, 50.8), (101.2, 50.8), (115.2, 67.6), (115.2, 90.0), (118.0, 112.4), (140.4, 115.2), (168.4, 115.2), (179.6, 134.8), (179.6, 157.2), (185.2, 179.6), (207.6, 179.6), (235.6, 179.6), (244.0, 202.0), (244.0, 224.4), (252.4, 244.0), (274.8, 244.0), (302.8, 249.6), (308.4, 272.0), (308.4, 300.0), (330.8, 308.4), (358.8, 308.4), (372.8, 328.0), (372.8, 350.4), (372.8, 372.8), (372.8, 372.8), (372.8, 372.8), (372.8, 372.8), (372.8, 372.8), (372.8, 372.8), (372.8, 372.8), (372.8, 372.8), (372.8, 372.8), (372.8, 372.8), (372.8, 372.8), (372.8, 372.8), (372.8, 372.8), (372.8, 372.8), (372.8, 372.8), (372.8, 372.8), (372.8, 372.8), (372.8, 372.8), (372.8, 372.8), (372.8, 372.8), (372.8, 372.8), (372.8, 372.8), (372.8, 372.8), (372.8, 372.8), (372.8, 372.8), (372.8, 372.8), (372.8, 372.8), (372.8, 372.8), (372.8, 372.8), (372.8, 372.8), (372.8, 372.8), (372.8, 372.8), (372.8, 372.8)]",0,7.5
speedrunner,bomberman,2,Bomb,1,0,37.94,0.926,"[(48.0, 48.0), (70.4, 50.8), (101.2, 50.8), (115.2, 67.6), (115.2, 95.6), (126.4, 115.2), (151.6, 115.2), (176.8, 120.8), (179.6, 143.2), (179.6, 165.6), (193.6, 179.6), (221.6, 179.6), (244.0, 188.0), (244.0, 210.4), (244.0, 232.8), (260.8, 244.0), (288.8, 244.0), (308.4, 258.0), (308.4, 280.4), (311.2, 302.8), (333.6, 308.4), (358.8, 308.4), (372.8, 328.0), (372.8, 350.4), (372.8, 372.8), (372.8, 372.8), (372.8, 372.8), (372.8, 372.8), (372.8, 372.8), (372.8, 372.8), (372.8, 372.8), (372.8, 372.8), (372.8, 372.8), (372.8, 372.8), (372.8, 372.8), (372.8, 372.8), (372.8, 372.8), (372.8, 372.8), (372.8, 372.8), (372.8, 372.8), (372.8, 372.8), (372.8, 372.8), (372.8, 372.8), (372.8, 372.8), (372.8, 372.8), (372.8, 372.8), (372.8, 372.8), (372.8, 372.8), (372.8, 372.8), (372.8, 372.8), (372.8, 372.8), (372.8, 372.8), (372.8, 372.8), (372.8, 372.8), (372.8, 372.8), (372.8, 372.8), (372.8, 372.8), (372.8, 372.8), (372.8, 372.8)]",0,7.75
speedrunner,bomberman,2,Bomb,1,0,39.95,0.926,"[(48.0, 48.0), (50.8, 70.4), (50.8, 92.8), (56.4, 115.2), (78.8, 115.2), (109.6, 118.0), (115.2, 140.4), (115.2, 162.8), (126.4, 179.6), (151.6, 179.6), (176.8, 185.2), (179.6, 207.6), (179.6, 230.0), (193.6, 244.0), (221.6, 244.0), (244.0, 252.4), (244.0, 274.8), (244.0, 297.2), (263.6, 308.4), (291.6, 308.4), (308.4, 325.2), (308.4, 353.2), (319.6, 372.8), (342.0, 372.8), (364.4, 372.8), (372.8, 372.8), (372.8, 372.8), (372.8, 372.8), (372.8, 372.8), (372.8, 372.8), (372.8, 372.8), (372.8, 372.8), (372.8, 372.8), (372.8, 372.8), (372.8, 372.8), (372.8, 372.8), (372.8, 372.8), (372.8, 372.8), (372.8, 372.8), (372.8, 372.8), (372.8, 372.8), (372.8, 372.8), (372.8, 372.8), (372.8, 372.8), (372.8, 372.8), (372.8, 372.8), (372.8, 372.8), (372.8, 372.8), (372.8, 372.8), (372.8, 372.8), (372.8, 372.8), (372.8, 372.8), (372.8, 372.8), (372.8, 372.8), (372.8, 372.8), (372.8, 372.8), (372.8, 372.8)]",0,7.5
speedrunner,bomberman,2,Bomb,1,0,39.2,0.926,"[(48.0, 48.0), (70.4, 50.8), (101.2, 50.8), (115.2, 67.6), (115.2, 95.6), (126.4, 115.2), (151.6, 115.2), (176.8, 120.8), (179.6, 143.2), (179.6, 165.6), (193.6, 179.6), (221.6, 179.6), (244.0, 188.0), (244.0, 210.4), (244.0, 238.4), (266.4, 244.0), (294.4, 244.0), (308.4, 263.6), (308.4, 291.6), (322.4, 308.4), (350.4, 308.4), (372.8, 319.6), (372.8, 342.0), (372.8, 364.4), (372.8, 372.8), (372.8, 372.8), (372.8, 372.8), (372.8, 372.8), (372.8, 372.8), (372.8, 372.8), (372.8, 372.8), (372.8, 372.8), (372.8, 372.8), (372.8, 372.8), (372.8, 372.8), (372.8, 372.8), (372.8, 372.8), (372.8, 372.8), (372.8, 372.8), (372.8, 372.8), (372.8, 372.8), (372.8, 372.8), (372.8, 372.8), (372.8, 372.8), (372.8, 372.8), (372.8, 372.8), (372.8, 372.8), (372.8, 372.8), (372.8, 372.8), (372.8, 372.8), (372.8, 372.8), (372.8, 372.8), (372.8, 372.8), (372.8, 372.8), (372.8, 372.8), (372.8, 372.8), (372.8, 372.8)]",0,7.5
speedrunner,bomberman,2,Stuck,0,0,0.0,0.0,"[(48.0, 48.0), (48.0, 45.2), (48.0, 45.2), (48.0, 45.2), (48.0, 45.2), (48.0, 45.2), (48.0, 45.2), (48.0, 45.2), (48.0, 45.2), (48.0, 45.2), (48.0, 45.2), (48.0, 45.2), (48.0, 45.2), (48.0, 45.2), (48.0, 45.2), (48.0, 45.2), (48.0, 45.2), (48.0, 45.2), (48.0, 45.2), (48.0, 45.2), (48.0, 45.2), (48.0, 45.2), (48.0, 45.2), (48.0, 45.2), (48.0, 45.2), (48.0, 45.2), (48.0, 45.2), (48.0, 45.2), (48.0, 45.2), (48.0, 45.2), (48.0, 45.2), (48.0, 45.2), (48.0, 45.2), (48.0, 45.2), (48.0, 45.2), (48.0, 45.2), (48.0, 45.2), (48.0, 45.2)]",0,5.0
speedrunner,bomberman,2,Bomb,1,0,37.53,0.926,"[(48.0, 48.0), (70.4, 50.8), (101.2, 50.8), (115.2, 67.6), (115.2, 95.6), (126.4, 115.2), (151.6, 115.2), (176.8, 120.8), (179.6, 143.2), (179.6, 165.6), (193.6, 179.6), (221.6, 179.6), (244.0, 188.0), (244.0, 210.4), (244.0, 232.8), (260.8, 244.0), (288.8, 244.0), (308.4, 258.0), (308.4, 283.2), (316.8, 308.4), (339.2, 308.4), (367.2, 314.0), (372.8, 336.4), (372.8, 358.8), (372.8, 372.8), (372.8, 372.8), (372.8, 372.8), (372.8, 372.8), (372.8, 372.8), (372.8, 372.8), (372.8, 372.8), (372.8, 372.8), (372.8, 372.8), (372.8, 372.8), (372.8, 372.8), (372.8, 372.8), (372.8, 372.8), (372.8, 372.8), (372.8, 372.8), (372.8, 372.8), (372.8, 372.8), (372.8, 372.8), (372.8, 372.8), (372.8, 372.8), (372.8, 372.8), (372.8, 372.8), (372.8, 372.8), (372.8, 372.8), (372.8, 372.8), (372.8, 372.8), (372.8, 372.8), (372.8, 372.8), (372.8, 372.8), (372.8, 372.8), (372.8, 372.8), (372.8, 372.8), (372.8, 372.8), (372.8, 372.8), (372.8, 372.8)]",0,7.83
speedrunner,bomberman,2,Bomb,1,0,39.2,0.926,"[(48.0, 48.0), (70.4, 50.8), (101.2, 50.8), (115.2, 67.6), (115.2, 95.6), (123.6, 115.2), (146.0, 115.2), (174.0, 118.0), (179.6, 140.4), (179.6, 162.8), (190.8, 179.6), (216.0, 179.6), (241.2, 185.2), (244.0, 207.6), (244.0, 235.6), (263.6, 244.0), (291.6, 244.0), (308.4, 260.8), (308.4, 288.8), (319.6, 308.4), (344.8, 308.4), (370.0, 316.8), (372.8, 339.2), (372.8, 361.6), (372.8, 372.8), (372.8, 372.8), (372.8, 372.8), (372.8, 372.8), (372.8, 372.8), (372.8, 372.8), (372.8, 372.8), (372.8, 372.8), (372.8, 372.8), (372.8, 372.8), (372.8, 372.8), (372.8, 372.8), (372.8, 372.8), (372.8, 372.8), (372.8, 372.8), (372.8, 372.8), (372.8, 372.8), (372.8, 372.8), (372.8, 372.8), (372.8, 372.8), (372.8, 372.8), (372.8, 372.8), (372.8, 372.8), (372.8, 372.8), (372.8, 372.8), (372.8, 372.8), (372.8, 372.8), (372.8, 372.8), (372.8, 372.8), (372.8, 372.8), (372.8, 372.8), (372.8, 372.8), (372.8, 372.8)]",0,7.5
speedrunner,bomberman,2,Bomb,1,0,39.2,0.926,"[(48.0, 48.0), (70.4, 50.8), (101.2, 50.8), (115.2, 67.6), (115.2, 90.0), (118.0, 112.4), (140.4, 115.2), (168.4, 115.2), (179.6, 134.8), (179.6, 157.2), (185.2, 179.6), (207.6, 179.6), (235.6, 179.6), (244.0, 202.0), (244.0, 230.0), (258.0, 244.0), (286.0, 244.0), (308.4, 255.2), (308.4, 277.6), (314.0, 305.6), (336.4, 308.4), (364.4, 311.2), (372.8, 333.6), (372.8, 356.0), (372.8, 372.8), (372.8, 372.8), (372.8, 372.8), (372.8, 372.8), (372.8, 372.8), (372.8, 372.8), (372.8, 372.8), (372.8, 372.8), (372.8, 372.8), (372.8, 372.8), (372.8, 372.8), (372.8, 372.8), (372.8, 372.8), (372.8, 372.8), (372.8, 372.8), (372.8, 372.8), (372.8, 372.8), (372.8, 372.8), (372.8, 372.8), (372.8, 372.8), (372.8, 372.8), (372.8, 372.8), (372.8, 372.8), (372.8, 372.8), (372.8, 372.8), (372.8, 372.8), (372.8, 372.8), (372.8, 372.8), (372.8, 372.8), (372.8, 372.8), (372.8, 372.8), (372.8, 372.8), (372.8, 372.8)]",0,7.5
speedrunner,bomberman,2,Bomb,1,0,40.32,0.926,"[(48.0, 48.0), (70.4, 45.2), (92.8, 45.2), (115.2, 59.2), (115.2, 81.6), (115.2, 104.0), (132.0, 115.2), (160.0, 115.2), (179.6, 126.4), (179.6, 148.8), (179.6, 171.2), (199.2, 179.6), (227.2, 179.6), (244.0, 193.6), (244.0, 216.0), (244.0, 238.4), (266.4, 244.0), (294.4, 244.0), (308.4, 263.6), (308.4, 286.0), (316.8, 308.4), (339.2, 308.4), (367.2, 314.0), (372.8, 336.4), (372.8, 358.8), (372.8, 372.8), (372.8, 372.8), (372.8, 372.8), (372.8, 372.8), (372.8, 372.8), (372.8, 372.8), (372.8, 372.8), (372.8, 372.8), (372.8, 372.8), (372.8, 372.8), (372.8, 372.8), (372.8, 372.8), (372.8, 372.8), (372.8, 372.8), (372.8, 372.8), (372.8, 372.8), (372.8, 372.8), (372.8, 372.8), (372.8, 372.8), (372.8, 372.8), (372.8, 372.8), (372.8, 372.8), (372.8, 372.8), (372.8, 372.8), (372.8, 372.8), (372.8, 372.8), (372.8, 372.8), (372.8, 372.8), (372.8, 372.8), (372.8, 372.8), (372.8, 372.8), (372.8, 372.8)]",0,7.5
speedrunner,bomberman,2,Bomb,1,0,40.32,0.926,"[(48.0, 48.0), (70.4, 45.2), (92.8, 45.2), (115.2, 59.2), (115.2, 81.6), (115.2, 104.0), (132.0, 115.2), (160.0, 115.2), (179.6, 126.4), (179.6, 148.8), (179.6, 171.2), (199.2, 179.6), (227.2, 179.6), (244.0, 193.6), (244.0, 216.0), (244.0, 238.4), (266.4, 244.0), (294.4, 244.0), (308.4, 263.6), (308.4, 286.0), (316.8, 308.4), (339.2, 308.4), (367.2, 314.0), (372.8, 336.4), (372.8, 358.8), (372.8, 372.8), (372.8, 372.8), (372.8, 372.8), (372.8, 372.8), (372.8, 372.8), (372.8, 372.8), (372.8, 372.8), (372.8, 372.8), (372.8, 372.8), (372.8, 372.8), (372.8, 372.8), (372.8, 372.8), (372.8, 372.8), (372.8, 372.8), (372.8, 372.8), (372.8, 372.8), (372.8, 372.8), (372.8, 372.8), (372.8, 372.8), (372.8, 372.8), (372.8, 372.8), (372.8, 372.8), (372.8, 372.8), (372.8, 372.8), (372.8, 372.8), (372.8, 372.8), (372.8, 372.8), (372.8, 372.8), (372.8, 372.8), (372.8, 372.8), (372.8, 372.8), (372.8, 372.8)]",0,7.5
speedrunner,bomberman,2,Bomb,1,0,39.2,0.926,"[(48.0, 48.0), (70.4, 50.8), (101.2, 50.8), (115.2, 67.6), (115.2, 90.0), (118.0, 112.4), (140.4, 115.2), (168.4, 115.2), (179.6, 134.8), (179.6, 157.2), (185.2, 179.6), (207.6, 179.6), (235.6, 179.6), (244.0, 202.0), (244.0, 230.0), (258.0, 244.0), (286.0, 244.0), (308.4, 255.2), (308.4, 277.6), (314.0, 305.6), (336.4, 308.4), (364.4, 311.2), (372.8, 333.6), (372.8, 356.0), (372.8, 372.8), (372.8, 372.8), (372.8, 372.8), (372.8, 372.8), (372.8, 372.8), (372.8, 372.8), (372.8, 372.8), (372.8, 372.8), (372.8, 372.8), (372.8, 372.8), (372.8, 372.8), (372.8, 372.8), (372.8, 372.8), (372.8, 372.8), (372.8, 372.8), (372.8, 372.8), (372.8, 372.8), (372.8, 372.8), (372.8, 372.8), (372.8, 372.8), (372.8, 372.8), (372.8, 372.8), (372.8, 372.8), (372.8, 372.8), (372.8, 372.8), (372.8, 372.8), (372.8, 372.8), (372.8, 372.8), (372.8, 372.8), (372.8, 372.8), (372.8, 372.8), (372.8, 372.8), (372.8, 372.8)]",0,7.5
speedrunner,bomberman,2,Bomb,1,0,39.2,0.926,"[(48.0, 48.0), (70.4, 50.8), (101.2, 50.8), (115.2, 67.6), (115.2, 95.6), (123.6, 115.2), (146.0, 115.2), (174.0, 118.0), (179.6, 140.4), (179.6, 162.8), (190.8, 179.6), (216.0, 179.6), (241.2, 185.2), (244.0, 207.6), (244.0, 235.6), (263.6, 244.0), (291.6, 244.0), (308.4, 260.8), (308.4, 288.8), (319.6, 308.4), (344.8, 308.4), (370.0, 316.8), (372.8, 339.2), (372.8, 361.6), (372.8, 372.8), (372.8, 372.8), (372.8, 372.8), (372.8, 372.8), (372.8, 372.8), (372.8, 372.8), (372.8, 372.8), (372.8, 372.8), (372.8, 372.8), (372.8, 372.8), (372.8, 372.8), (372.8, 372.8), (372.8, 372.8), (372.8, 372.8), (372.8, 372.8), (372.8, 372.8), (372.8, 372.8), (372.8, 372.8), (372.8, 372.8), (372.8, 372.8), (372.8, 372.8), (372.8, 372.8), (372.8, 372.8), (372.8, 372.8), (372.8, 372.8), (372.8, 372.8), (372.8, 372.8), (372.8, 372.8), (372.8, 372.8), (372.8, 372.8), (372.8, 372.8), (372.8, 372.8), (372.8, 372.8)]",0,7.5
speedrunner,bomberman,2,Bomb,1,0,37.53,0.926,"[(48.0, 48.0), (70.4, 50.8), (101.2, 50.8), (115.2, 67.6), (115.2, 95.6), (126.4, 115.2), (151.6, 115.2), (176.8, 120.8), (179.6, 143.2), (179.6, 165.6), (193.6, 179.6), (221.6, 179.6), (244.0, 188.0), (244.0, 210.4), (244.0, 232.8), (260.8, 244.0), (288.8, 244.0), (308.4, 258.0), (308.4, 283.2), (316.8, 308.4), (339.2, 308.4), (367.2, 314.0), (372.8, 336.4), (372.8, 358.8), (372.8, 372.8), (372.8, 372.8), (372.8, 372.8), (372.8, 372.8), (372.8, 372.8), (372.8, 372.8), (372.8, 372.8), (372.8, 372.8), (372.8, 372.8), (372.8, 372.8), (372.8, 372.8), (372.8, 372.8), (372.8, 372.8), (372.8, 372.8), (372.8, 372.8), (372.8, 372.8), (372.8, 372.8), (372.8, 372.8), (372.8, 372.8), (372.8, 372.8), (372.8, 372.8), (372.8, 372.8), (372.8, 372.8), (372.8, 372.8), (372.8, 372.8), (372.8, 372.8), (372.8, 372.8), (372.8, 372.8), (372.8, 372.8), (372.8, 372.8), (372.8, 372.8), (372.8, 372.8), (372.8, 372.8), (372.8, 372.8), (372.8, 372.8)]",0,7.83
speedrunner,bomberman,2,Bomb,1,0,39.2,0.926,"[(48.0, 48.0), (70.4, 50.8), (101.2, 50.8), (115.2, 67.6), (115.2, 90.0), (118.0, 112.4), (140.4, 115.2), (168.4, 115.2), (179.6, 134.8), (179.6, 157.2), (185.2, 179.6), (207.6, 179.6), (235.6, 179.6), (244.0, 202.0), (244.0, 224.4), (252.4, 244.0), (274.8, 244.0), (302.8, 249.6), (308.4, 272.0), (308.4, 294.4), (325.2, 308.4), (353.2, 308.4), (372.8, 322.4), (372.8, 344.8), (372.8, 367.2), (372.8, 372.8), (372.8, 372.8), (372.8, 372.8), (372.8, 372.8), (372.8, 372.8), (372.8, 372.8), (372.8, 372.8), (372.8, 372.8), (372.8, 372.8), (372.8, 372.8), (372.8, 372.8), (372.8, 372.8), (372.8, 372.8), (372.8, 372.8), (372.8, 372.8), (372.8, 372.8), (372.8, 372.8), (372.8, 372.8), (372.8, 372.8), (372.8, 372.8), (372.8, 372.8), (372.8, 372.8), (372.8, 372.8), (372.8, 372.8), (372.8, 372.8), (372.8, 372.8), (372.8, 372.8), (372.8, 372.8), (372.8, 372.8), (372.8, 372.8), (372.8, 372.8), (372.8, 372.8)]",0,7.5
speedrunner,bomberman,2,Bomb,1,0,49.97,0.926,"[(48.0, 48.0), (70.4, 50.8), (101.2, 50.8), (115.2, 67.6), (115.2, 90.0), (118.0, 112.4), (140.4, 115.2), (168.4, 115.2), (179.6, 134.8), (179.6, 162.8), (190.8, 179.6), (216.0, 179.6), (241.2, 185.2), (244.0, 207.6), (244.0, 235.6), (263.6, 244.0), (291.6, 244.0), (308.4, 260.8), (308.4, 288.8), (319.6, 308.4), (344.8, 308.4), (370.0, 316.8), (372.8, 339.2), (372.8, 361.6), (372.8, 372.8), (372.8, 372.8), (372.8, 372.8), (372.8, 372.8), (372.8, 372.8), (372.8, 372.8), (372.8, 372.8), (372.8, 372.8), (372.8, 372.8), (372.8, 372.8), (372.8, 372.8), (372.8, 372.8), (372.8, 372.8), (372.8, 372.8), (372.8, 372.8), (372.8, 372.8), (372.8, 372.8), (372.8, 372.8), (372.8, 372.8), (372.8, 372.8), (372.8, 372.8)]",0,5.88
speedrunner,bomberman,2,Bomb,1,0,39.2,0.926,"[(48.0, 48.0), (70.4, 50.8), (101.2, 50.8), (115.2, 67.6), (115.2, 90.0), (118.0, 112.4), (140.4, 115.2), (168.4, 115.2), (179.6, 134.8), (179.6, 157.2), (185.2, 179.6), (207.6, 179.6), (235.6, 179.6), (244.0, 202.0), (244.0, 224.4), (252.4, 244.0), (274.8, 244.0), (302.8, 249.6), (308.4, 272.0), (308.4, 294.4), (325.2, 308.4), (353.2, 308.4), (372.8, 322.4), (372.8, 344.8), (372.8, 367.2), (372.8, 372.8), (372.8, 372.8), (372.8, 372.8), (372.8, 372.8), (372.8, 372.8), (372.8, 372.8), (372.8, 372.8), (372.8, 372.8), (372.8, 372.8), (372.8, 372.8), (372.8, 372.8), (372.8, 372.8), (372.8, 372.8), (372.8, 372.8), (372.8, 372.8), (372.8, 372.8), (372.8, 372.8), (372.8, 372.8), (372.8, 372.8), (372.8, 372.8), (372.8, 372.8), (372.8, 372.8), (372.8, 372.8), (372.8, 372.8), (372.8, 372.8), (372.8, 372.8), (372.8, 372.8), (372.8, 372.8), (372.8, 372.8), (372.8, 372.8), (372.8, 372.8), (372.8, 372.8)]",0,7.5
speedrunner,bomberman,2,Bomb,1,0,41.44,0.926,"[(48.0, 48.0), (48.0, 70.4), (48.0, 92.8), (48.0, 115.2), (48.0, 137.6), (48.0, 160.0), (48.0, 182.4), (48.0, 204.8), (50.8, 227.2), (62.0, 244.0), (87.2, 244.0), (115.2, 252.4), (115.2, 274.8), (118.0, 302.8), (140.4, 308.4), (168.4, 308.4), (179.6, 328.0), (179.6, 356.0), (193.6, 372.8), (216.0, 372.8), (238.4, 372.8), (260.8, 372.8), (283.2, 372.8), (305.6, 372.8), (328.0, 372.8), (350.4, 372.8), (372.8, 372.8), (372.8, 372.8), (372.8, 372.8), (372.8, 372.8), (372.8, 372.8), (372.8, 372.8), (372.8, 372.8), (372.8, 372.8), (372.8, 372.8), (372.8, 372.8), (372.8, 372.8), (372.8, 372.8), (372.8, 372.8), (372.8, 372.8), (372.8, 372.8), (372.8, 372.8), (372.8, 372.8), (372.8, 372.8), (372.8, 372.8), (372.8, 372.8), (372.8, 372.8), (372.8, 372.8), (372.8, 372.8), (372.8, 372.8), (372.8, 372.8), (372.8, 372.8), (372.8, 372.8), (372.8, 372.8), (372.8, 372.8), (372.8, 372.8), (372.8, 372.8)]",0,7.5
speedrunner,bomberman,2,Stuck,0,0,0.0,0.0,"[(48.0, 48.0), (48.0, 45.2), (48.0, 45.2), (48.0, 45.2), (48.0, 45.2), (48.0, 45.2), (48.0, 45.2), (48.0, 45.2), (48.0, 45.2), (48.0, 45.2), (48.0, 45.2), (48.0, 45.2), (48.0, 45.2), (48.0, 45.2), (48.0, 45.2), (48.0, 45.2), (48.0, 45.2), (48.0, 45.2), (48.0, 45.2), (48.0, 45.2), (48.0, 45.2), (48.0, 45.2), (48.0, 45.2), (48.0, 45.2), (48.0, 45.2), (48.0, 45.2), (48.0, 45.2), (48.0, 45.2), (48.0, 45.2), (48.0, 45.2), (48.0, 45.2), (48.0, 45.2), (48.0, 45.2), (48.0, 45.2), (48.0, 45.2), (48.0, 45.2), (48.0, 45.2), (48.0, 45.2)]",0,5.0
speedrunner,bomberman,2,Bomb,1,0,39.2,0.926,"[(48.0, 48.0), (70.4, 50.8), (101.2, 50.8), (115.2, 67.6), (115.2, 90.0), (118.0, 112.4), (140.4, 115.2), (168.4, 115.2), (179.6, 134.8), (179.6, 157.2), (185.2, 179.6), (207.6, 179.6), (235.6, 179.6), (244.0, 202.0), (244.0, 230.0), (258.0, 244.0), (286.0, 244.0), (308.4, 255.2), (308.4, 277.6), (314.0, 305.6), (336.4, 308.4), (364.4, 311.2), (372.8, 333.6), (372.8, 356.0), (372.8, 372.8), (372.8, 372.8), (372.8, 372.8), (372.8, 372.8), (372.8, 372.8), (372.8, 372.8), (372.8, 372.8), (372.8, 372.8), (372.8, 372.8), (372.8, 372.8), (372.8, 372.8), (372.8, 372.8), (372.8, 372.8), (372.8, 372.8), (372.8, 372.8), (372.8, 372.8), (372.8, 372.8), (372.8, 372.8), (372.8, 372.8), (372.8, 372.8), (372.8, 372.8), (372.8, 372.8), (372.8, 372.8), (372.8, 372.8), (372.8, 372.8), (372.8, 372.8), (372.8, 372.8), (372.8, 372.8), (372.8, 372.8), (372.8, 372.8), (372.8, 372.8), (372.8, 372.8), (372.8, 372.8)]",0,7.5
speedrunner,bomberman,2,Bomb,1,0,39.2,0.926,"[(48.0, 48.0), (70.4, 50.8), (101.2, 50.8), (115.2, 67.6), (115.2, 90.0), (118.0, 112.4), (140.4, 115.2), (168.4, 115.2), (179.6, 134.8), (179.6, 157.2), (185.2, 179.6), (207.6, 179.6), (235.6, 179.6), (244.0, 202.0), (244.0, 230.0), (258.0, 244.0), (286.0, 244.0), (308.4, 255.2), (308.4, 277.6), (314.0, 305.6), (336.4, 308.4), (364.4, 311.2), (372.8, 333.6), (372.8, 356.0), (372.8, 372.8), (372.8, 372.8), (372.8, 372.8), (372.8, 372.8), (372.8, 372.8), (372.8, 372.8), (372.8, 372.8), (372.8, 372.8), (372.8, 372.8), (372.8, 372.8), (372.8, 372.8), (372.8, 372.8), (372.8, 372.8), (372.8, 372.8), (372.8, 372.8), (372.8, 372.8), (372.8, 372.8), (372.8, 372.8), (372.8, 372.8), (372.8, 372.8), (372.8, 372.8), (372.8, 372.8), (372.8, 372.8), (372.8, 372.8), (372.8, 372.8), (372.8, 372.8), (372.8, 372.8), (372.8, 372.8), (372.8, 372.8), (372.8, 372.8), (372.8, 372.8), (372.8, 372.8), (372.8, 372.8)]",0,7.5
speedrunner,bomberman,2,Bomb,1,0,41.44,0.926,"[(48.0, 48.0), (48.0, 70.4), (48.0, 92.8), (48.0, 115.2), (48.0, 137.6), (48.0, 160.0), (48.0, 182.4), (48.0, 204.8), (50.8, 227.2), (62.0, 244.0), (87.2, 244.0), (115.2, 252.4), (115.2, 274.8), (118.0, 302.8), (140.4, 308.4), (168.4, 308.4), (179.6, 328.0), (179.6, 356.0), (193.6, 372.8), (216.0, 372.8), (238.4, 372.8), (260.8, 372.8), (283.2, 372.8), (305.6, 372.8), (328.0, 372.8), (350.4, 372.8), (372.8, 372.8), (372.8, 372.8), (372.8, 372.8), (372.8, 372.8), (372.8, 372.8), (372.8, 372.8), (372.8, 372.8), (372.8, 372.8), (372.8, 372.8), (372.8, 372.8), (372.8, 372.8), (372.8, 372.8), (372.8, 372.8), (372.8, 372.8), (372.8, 372.8), (372.8, 372.8), (372.8, 372.8), (372.8, 372.8), (372.8, 372.8), (372.8, 372.8), (372.8, 372.8), (372.8, 372.8), (372.8, 372.8), (372.8, 372.8), (372.8, 372.8), (372.8, 372.8), (372.8, 372.8), (372.8, 372.8), (372.8, 372.8), (372.8, 372.8), (372.8, 372.8)]",0,7.5
speedrunner,bomberman,2,Bomb,1,0,37.53,0.926,"[(48.0, 48.0), (70.4, 50.8), (101.2, 50.8), (115.2, 67.6), (115.2, 95.6), (126.4, 115.2), (151.6, 115.2), (176.8, 120.8), (179.6, 143.2), (179.6, 165.6), (193.6, 179.6), (221.6, 179.6), (244.0, 188.0), (244.0, 210.4), (244.0, 232.8), (260.8, 244.0), (288.8, 244.0), (308.4, 258.0), (308.4, 283.2), (316.8, 308.4), (339.2, 308.4), (367.2, 314.0), (372.8, 336.4), (372.8, 358.8), (372.8, 372.8), (372.8, 372.8), (372.8, 372.8), (372.8, 372.8), (372.8, 372.8), (372.8, 372.8), (372.8, 372.8), (372.8, 372.8), (372.8, 372.8), (372.8, 372.8), (372.8, 372.8), (372.8, 372.8), (372.8, 372.8), (372.8, 372.8), (372.8, 372.8), (372.8, 372.8), (372.8, 372.8), (372.8, 372.8), (372.8, 372.8), (372.8, 372.8), (372.8, 372.8), (372.8, 372.8), (372.8, 372.8), (372.8, 372.8), (372.8, 372.8), (372.8, 372.8), (372.8, 372.8), (372.8, 372.8), (372.8, 372.8), (372.8, 372.8), (372.8, 372.8), (372.8, 372.8), (372.8, 372.8), (372.8, 372.8), (372.8, 372.8)]",0,7.83
speedrunner,bomberman,2,Bomb,1,0,39.2,0.926,"[(48.0, 48.0), (70.4, 50.8), (101.2, 50.8), (115.2, 67.6), (115.2, 90.0), (118.0, 112.4), (140.4, 115.2), (168.4, 115.2), (179.6, 134.8), (179.6, 157.2), (185.2, 179.6), (207.6, 179.6), (235.6, 179.6), (244.0, 202.0), (244.0, 224.4), (252.4, 244.0), (274.8, 244.0), (302.8, 249.6), (308.4, 272.0), (308.4, 294.4), (325.2, 308.4), (353.2, 308.4), (372.8, 322.4), (372.8, 344.8), (372.8, 367.2), (372.8, 372.8), (372.8, 372.8), (372.8, 372.8), (372.8, 372.8), (372.8, 372.8), (372.8, 372.8), (372.8, 372.8), (372.8, 372.8), (372.8, 372.8), (372.8, 372.8), (372.8, 372.8), (372.8, 372.8), (372.8, 372.8), (372.8, 372.8), (372.8, 372.8), (372.8, 372.8), (372.8, 372.8), (372.8, 372.8), (372.8, 372.8), (372.8, 372.8), (372.8, 372.8), (372.8, 372.8), (372.8, 372.8), (372.8, 372.8), (372.8, 372.8), (372.8, 372.8), (372.8, 372.8), (372.8, 372.8), (372.8, 372.8), (372.8, 372.8), (372.8, 372.8), (372.8, 372.8)]",0,7.5
speedrunner,bomberman,2,Bomb,1,0,39.2,0.926,"[(48.0, 48.0), (70.4, 50.8), (101.2, 50.8), (115.2, 67.6), (115.2, 90.0), (118.0, 112.4), (140.4, 115.2), (168.4, 115.2), (179.6, 134.8), (179.6, 157.2), (185.2, 179.6), (207.6, 179.6), (235.6, 179.6), (244.0, 202.0), (244.0, 224.4), (252.4, 244.0), (274.8, 244.0), (302.8, 249.6), (308.4, 272.0), (308.4, 300.0), (330.8, 308.4), (358.8, 308.4), (372.8, 328.0), (372.8, 350.4), (372.8, 372.8), (372.8, 372.8), (372.8, 372.8), (372.8, 372.8), (372.8, 372.8), (372.8, 372.8), (372.8, 372.8), (372.8, 372.8), (372.8, 372.8), (372.8, 372.8), (372.8, 372.8), (372.8, 372.8), (372.8, 372.8), (372.8, 372.8), (372.8, 372.8), (372.8, 372.8), (372.8, 372.8), (372.8, 372.8), (372.8, 372.8), (372.8, 372.8), (372.8, 372.8), (372.8, 372.8), (372.8, 372.8), (372.8, 372.8), (372.8, 372.8), (372.8, 372.8), (372.8, 372.8), (372.8, 372.8), (372.8, 372.8), (372.8, 372.8), (372.8, 372.8), (372.8, 372.8), (372.8, 372.8)]",0,7.5
speedrunner,bomberman,2,Stuck,1,0,28.62,0.741,"[(48.0, 48.0), (50.8, 70.4), (50.8, 92.8), (56.4, 115.2), (78.8, 115.2), (109.6, 118.0), (115.2, 140.4), (115.2, 162.8), (126.4, 179.6), (151.6, 179.6), (176.8, 185.2), (179.6, 207.6), (179.6, 230.0), (193.6, 244.0), (221.6, 244.0), (244.0, 252.4), (244.0, 274.8), (246.8, 302.8), (269.2, 308.4), (297.2, 308.4), (308.4, 330.8), (308.4, 358.8), (325.2, 372.8), (347.6, 372.8), (370.0, 372.8), (372.8, 372.8), (372.8, 372.8), (372.8, 372.8), (372.8, 372.8), (372.8, 372.8), (372.8, 372.8), (372.8, 372.8), (372.8, 372.8), (372.8, 372.8), (372.8, 372.8), (372.8, 372.8), (372.8, 372.8), (372.8, 372.8), (372.8, 372.8), (372.8, 372.8), (372.8, 372.8), (372.8, 372.8), (372.8, 372.8), (372.8, 372.8), (372.8, 372.8), (372.8, 372.8), (372.8, 372.8), (372.8, 372.8), (372.8, 372.8), (372.8, 372.8), (372.8, 372.8), (372.8, 372.8), (372.8, 372.8), (372.8, 372.8), (372.8, 372.8), (372.8, 372.8), (372.8, 372.8), (372.8, 372.8), (372.8, 372.8), (372.8, 372.8), (372.8, 372.8), (372.8, 372.8), (372.8, 372.8), (372.8, 372.8), (372.8, 372.8), (372.8, 372.8), (372.8, 372.8), (372.8, 372.8), (372.8, 372.8), (372.8, 372.8), (372.8, 372.8), (372.8, 372.8), (372.8, 372.8), (372.8, 372.8), (372.8, 372.8), (372.8, 372.8), (372.8, 372.8), (372.8, 372.8), (372.8, 372.8)]",0,10.47
speedrunner,bomberman,2,Bomb,1,0,36.4,0.667,"[(48.0, 48.0), (70.4, 45.2), (92.8, 45.2), (115.2, 45.2), (137.6, 50.8), (165.6, 50.8), (179.6, 62.0), (179.6, 62.0), (179.6, 62.0), (179.6, 62.0), (179.6, 62.0), (179.6, 62.0), (179.6, 62.0), (179.6, 62.0), (179.6, 62.0), (179.6, 62.0), (179.6, 62.0), (179.6, 62.0), (179.6, 62.0), (179.6, 62.0), (179.6, 67.6), (179.6, 78.8), (179.6, 78.8), (179.6, 87.2), (179.6, 109.6), (202.0, 115.2), (230.0, 115.2), (244.0, 132.0), (244.0, 154.4), (246.8, 176.8), (269.2, 179.6), (297.2, 179.6), (308.4, 202.0), (308.4, 224.4), (316.8, 244.0), (339.2, 244.0), (367.2, 249.6), (372.8, 272.0), (372.8, 294.4), (389.6, 308.4), (412.0, 308.4), (434.4, 308.4), (434.4, 308.4), (434.4, 308.4), (434.4, 308.4), (434.4, 308.4), (434.4, 308.4), (434.4, 308.4), (434.4, 308.4), (434.4, 308.4), (434.4, 308.4), (434.4, 308.4), (434.4, 308.4), (434.4, 308.4), (434.4, 308.4), (434.4, 308.4), (434.4, 308.4), (434.4, 308.4), (434.4, 308.4), (434.4, 308.4), (434.4, 308.4), (434.4, 308.4), (434.4, 308.4), (434.4, 308.4), (434.4, 308.4), (434.4, 308.4), (434.4, 308.4), (434.4, 308.4), (434.4, 308.4), (434.4, 308.4), (434.4, 308.4), (434.4, 308.4), (434.4, 308.4), (434.4, 308.4), (434.4, 308.4), (434.4, 308.4)]",0,10.0
speedrunner,bomberman,2,Stuck,0,0,0.0,0.0,"[(48.0, 48.0), (48.0, 45.2), (48.0, 45.2), (48.0, 45.2), (48.0, 45.2), (48.0, 45.2), (48.0, 45.2), (48.0, 45.2), (48.0, 45.2), (48.0, 45.2), (48.0, 45.2), (48.0, 45.2), (48.0, 45.2), (48.0, 45.2), (48.0, 45.2), (48.0, 45.2), (48.0, 45.2), (48.0, 45.2), (48.0, 45.2), (48.0, 45.2), (48.0, 45.2), (48.0, 45.2), (48.0, 45.2), (48.0, 45.2), (48.0, 45.2), (48.0, 45.2), (48.0, 45.2), (48.0, 45.2), (48.0, 45.2), (48.0, 45.2), (48.0, 45.2), (48.0, 45.2), (48.0, 45.2), (48.0, 45.2), (48.0, 45.2), (48.0, 45.2), (48.0, 45.2), (48.0, 45.2)]",0,5.0
speedrunner,bomberman,2,Bomb,1,0,29.4,0.926,"[(48.0, 48.0), (70.4, 50.8), (101.2, 50.8), (115.2, 67.6), (115.2, 90.0), (118.0, 112.4), (140.4, 115.2), (168.4, 115.2), (179.6, 134.8), (179.6, 157.2), (185.2, 179.6), (207.6, 179.6), (235.6, 179.6), (244.0, 202.0), (244.0, 224.4), (252.4, 244.0), (274.8, 244.0), (302.8, 249.6), (308.4, 272.0), (308.4, 294.4), (325.2, 308.4), (353.2, 308.4), (353.2, 308.4), (353.2, 308.4), (353.2, 308.4), (353.2, 308.4), (353.2, 308.4), (353.2, 308.4), (353.2, 308.4), (353.2, 308.4), (353.2, 308.4), (353.2, 308.4), (353.2, 308.4), (353.2, 308.4), (353.2, 308.4), (353.2, 308.4), (353.2, 308.4), (353.2, 308.4), (361.6, 308.4), (361.6, 308.4), (361.6, 308.4), (361.6, 308.4), (372.8, 328.0), (372.8, 350.4), (372.8, 372.8), (372.8, 372.8), (372.8, 372.8), (372.8, 372.8), (372.8, 372.8), (372.8, 372.8), (372.8, 372.8), (372.8, 372.8), (372.8, 372.8), (372.8, 372.8), (372.8, 372.8), (372.8, 372.8), (372.8, 372.8), (372.8, 372.8), (372.8, 372.8), (372.8, 372.8), (372.8, 372.8), (372.8, 372.8), (372.8, 372.8), (372.8, 372.8), (372.8, 372.8), (372.8, 372.8), (372.8, 372.8), (372.8, 372.8), (372.8, 372.8), (372.8, 372.8), (372.8, 372.8), (372.8, 372.8), (372.8, 372.8), (372.8, 372.8), (372.8, 372.8), (372.8, 372.8)]",0,10.0
speedrunner,bomberman,2,Bomb,3,0,37.94,0.926,"[(48.0, 48.0), (70.4, 50.8), (101.2, 50.8), (115.2, 67.6), (115.2, 95.6), (126.4, 115.2), (151.6, 115.2), (176.8, 120.8), (179.6, 143.2), (179.6, 171.2), (199.2, 179.6), (227.2, 179.6), (244.0, 193.6), (244.0, 218.8), (249.6, 244.0), (272.0, 244.0), (300.0, 246.8), (308.4, 269.2), (308.4, 297.2), (328.0, 308.4), (356.0, 308.4), (372.8, 325.2), (372.8, 347.6), (372.8, 370.0), (372.8, 372.8), (372.8, 372.8), (372.8, 372.8), (372.8, 372.8), (372.8, 372.8), (372.8, 372.8), (372.8, 372.8), (372.8, 372.8), (372.8, 372.8), (372.8, 372.8), (372.8, 372.8), (372.8, 372.8), (372.8, 372.8), (372.8, 372.8), (372.8, 372.8), (372.8, 372.8), (372.8, 372.8), (372.8, 372.8), (372.8, 372.8), (372.8, 372.8), (372.8, 372.8), (372.8, 372.8), (372.8, 372.8), (372.8, 372.8), (372.8, 372.8), (372.8, 372.8), (372.8, 372.8), (372.8, 372.8), (372.8, 372.8), (372.8, 372.8), (372.8, 372.8), (372.8, 372.8), (372.8, 372.8), (372.8, 372.8), (372.8, 372.8)]",0,7.75
speedrunner,bomberman,2,Bomb,3,0,37.94,0.926,"[(48.0, 48.0), (70.4, 50.8), (101.2, 50.8), (115.2, 67.6), (115.2, 95.6), (126.4, 115.2), (151.6, 115.2), (176.8, 120.8), (179.6, 143.2), (179.6, 171.2), (199.2, 179.6), (227.2, 179.6), (244.0, 193.6), (244.0, 218.8), (249.6, 244.0), (272.0, 244.0), (300.0, 246.8), (308.4, 269.2), (308.4, 297.2), (328.0, 308.4), (356.0, 308.4), (372.8, 325.2), (372.8, 347.6), (372.8, 370.0), (372.8, 372.8), (372.8, 372.8), (372.8, 372.8), (372.8, 372.8), (372.8, 372.8), (372.8, 372.8), (372.8, 372.8), (372.8, 372.8), (372.8, 372.8), (372.8, 372.8), (372.8, 372.8), (372.8, 372.8), (372.8, 372.8), (372.8, 372.8), (372.8, 372.8), (372.8, 372.8), (372.8, 372.8), (372.8, 372.8), (372.8, 372.8), (372.8, 372.8), (372.8, 372.8), (372.8, 372.8), (372.8, 372.8), (372.8, 372.8), (372.8, 372.8), (372.8, 372.8), (372.8, 372.8), (372.8, 372.8), (372.8, 372.8), (372.8, 372.8), (372.8, 372.8), (372.8, 372.8), (372.8, 372.8), (372.8, 372.8), (372.8, 372.8)]",0,7.75
speedrunner,bomberman,2,Bomb,1,0,29.4,0.926,"[(48.0, 48.0), (70.4, 50.8), (101.2, 50.8), (115.2, 67.6), (115.2, 90.0), (118.0, 112.4), (140.4, 115.2), (168.4, 115.2), (179.6, 134.8), (179.6, 157.2), (185.2, 179.6), (207.6, 179.6), (235.6, 179.6), (244.0, 202.0), (244.0, 224.4), (252.4, 244.0), (274.8, 244.0), (302.8, 249.6), (308.4, 272.0), (308.4, 294.4), (325.2, 308.4), (353.2, 308.4), (353.2, 308.4), (353.2, 308.4), (353.2, 308.4), (353.2, 308.4), (353.2, 308.4), (353.2, 308.4), (353.2, 308.4), (353.2, 308.4), (353.2, 308.4), (353.2, 308.4), (353.2, 308.4), (353.2, 308.4), (353.2, 308.4), (353.2, 308.4), (353.2, 308.4), (353.2, 308.4), (361.6, 308.4), (361.6, 308.4), (361.6, 308.4), (361.6, 308.4), (372.8, 328.0), (372.8, 350.4), (372.8, 372.8), (372.8, 372.8), (372.8, 372.8), (372.8, 372.8), (372.8, 372.8), (372.8, 372.8), (372.8, 372.8), (372.8, 372.8), (372.8, 372.8), (372.8, 372.8), (372.8, 372.8), (372.8, 372.8), (372.8, 372.8), (372.8, 372.8), (372.8, 372.8), (372.8, 372.8), (372.8, 372.8), (372.8, 372.8), (372.8, 372.8), (372.8, 372.8), (372.8, 372.8), (372.8, 372.8), (372.8, 372.8), (372.8, 372.8), (372.8, 372.8), (372.8, 372.8), (372.8, 372.8), (372.8, 372.8), (372.8, 372.8), (372.8, 372.8), (372.8, 372.8), (372.8, 372.8)]",0,10.0
speedrunner,bomberman,2,Bomb,1,0,39.2,0.926,"[(48.0, 48.0), (70.4, 50.8), (101.2, 50.8), (115.2, 67.6), (115.2, 90.0), (118.0, 112.4), (140.4, 115.2), (168.4, 115.2), (179.6, 134.8), (179.6, 157.2), (185.2, 179.6), (207.6, 179.6), (235.6, 179.6), (244.0, 202.0), (244.0, 224.4), (252.4, 244.0), (274.8, 244.0), (302.8, 249.6), (308.4, 272.0), (308.4, 300.0), (330.8, 308.4), (358.8, 308.4), (372.8, 328.0), (372.8, 350.4), (372.8, 372.8), (372.8, 372.8), (372.8, 372.8), (372.8, 372.8), (372.8, 372.8), (372.8, 372.8), (372.8, 372.8), (372.8, 372.8), (372.8, 372.8), (372.8, 372.8), (372.8, 372.8), (372.8, 372.8), (372.8, 372.8), (372.8, 372.8), (372.8, 372.8), (372.8, 372.8), (372.8, 372.8), (372.8, 372.8), (372.8, 372.8), (372.8, 372.8), (372.8, 372.8), (372.8, 372.8), (372.8, 372.8), (372.8, 372.8), (372.8, 372.8), (372.8, 372.8), (372.8, 372.8), (372.8, 372.8), (372.8, 372.8), (372.8, 372.8), (372.8, 372.8), (372.8, 372.8), (372.8, 372.8)]",0,7.5
speedrunner,bomberman,2,Bomb,1,0,41.44,0.926,"[(48.0, 48.0), (48.0, 70.4), (48.0, 92.8), (48.0, 115.2), (48.0, 137.6), (48.0, 160.0), (48.0, 182.4), (48.0, 204.8), (50.8, 227.2), (62.0, 244.0), (87.2, 244.0), (115.2, 252.4), (115.2, 274.8), (118.0, 302.8), (140.4, 308.4), (168.4, 308.4), (179.6, 328.0), (179.6, 356.0), (193.6, 372.8), (216.0, 372.8), (238.4, 372.8), (260.8, 372.8), (283.2, 372.8), (305.6, 372.8), (328.0, 372.8), (350.4, 372.8), (372.8, 372.8), (372.8, 372.8), (372.8, 372.8), (372.8, 372.8), (372.8, 372.8), (372.8, 372.8), (372.8, 372.8), (372.8, 372.8), (372.8, 372.8), (372.8, 372.8), (372.8, 372.8), (372.8, 372.8), (372.8, 372.8), (372.8, 372.8), (372.8, 372.8), (372.8, 372.8), (372.8, 372.8), (372.8, 372.8), (372.8, 372.8), (372.8, 372.8), (372.8, 372.8), (372.8, 372.8), (372.8, 372.8), (372.8, 372.8), (372.8, 372.8), (372.8, 372.8), (372.8, 372.8), (372.8, 372.8), (372.8, 372.8), (372.8, 372.8), (372.8, 372.8)]",0,7.5
speedrunner,bomberman,2,Bomb,1,0,39.2,0.926,"[(48.0, 48.0), (70.4, 50.8), (101.2, 50.8), (115.2, 67.6), (115.2, 90.0), (118.0, 112.4), (140.4, 115.2), (168.4, 115.2), (179.6, 134.8), (179.6, 157.2), (185.2, 179.6), (207.6, 179.6), (235.6, 179.6), (244.0, 202.0), (244.0, 224.4), (252.4, 244.0), (274.8, 244.0), (302.8, 249.6), (308.4, 272.0), (308.4, 300.0), (330.8, 308.4), (358.8, 308.4), (372.8, 328.0), (372.8, 350.4), (372.8, 372.8), (372.8, 372.8), (372.8, 372.8), (372.8, 372.8), (372.8, 372.8), (372.8, 372.8), (372.8, 372.8), (372.8, 372.8), (372.8, 372.8), (372.8, 372.8), (372.8, 372.8), (372.8, 372.8), (372.8, 372.8), (372.8, 372.8), (372.8, 372.8), (372.8, 372.8), (372.8, 372.8), (372.8, 372.8), (372.8, 372.8), (372.8, 372.8), (372.8, 372.8), (372.8, 372.8), (372.8, 372.8), (372.8, 372.8), (372.8, 372.8), (372.8, 372.8), (372.8, 372.8), (372.8, 372.8), (372.8, 372.8), (372.8, 372.8), (372.8, 372.8), (372.8, 372.8), (372.8, 372.8)]",0,7.5
speedrunner,bomberman,2,Bomb,1,0,39.95,0.926,"[(48.0, 48.0), (50.8, 70.4), (50.8, 92.8), (56.4, 115.2), (78.8, 115.2), (109.6, 118.0), (115.2, 140.4), (115.2, 162.8), (126.4, 179.6), (151.6, 179.6), (176.8, 185.2), (179.6, 207.6), (179.6, 230.0), (193.6, 244.0), (221.6, 244.0), (244.0, 252.4), (244.0, 274.8), (244.0, 297.2), (263.6, 308.4), (291.6, 308.4), (308.4, 325.2), (308.4, 353.2), (319.6, 372.8), (342.0, 372.8), (364.4, 372.8), (372.8, 372.8), (372.8, 372.8), (372.8, 372.8), (372.8, 372.8), (372.8, 372.8), (372.8, 372.8), (372.8, 372.8), (372.8, 372.8), (372.8, 372.8), (372.8, 372.8), (372.8, 372.8), (372.8, 372.8), (372.8, 372.8), (372.8, 372.8), (372.8, 372.8), (372.8, 372.8), (372.8, 372.8), (372.8, 372.8), (372.8, 372.8), (372.8, 372.8), (372.8, 372.8), (372.8, 372.8), (372.8, 372.8), (372.8, 372.8), (372.8, 372.8), (372.8, 372.8), (372.8, 372.8), (372.8, 372.8), (372.8, 372.8), (372.8, 372.8), (372.8, 372.8), (372.8, 372.8)]",0,7.5
speedrunner,bomberman,2,Stuck,0,0,46.15,0.407,"[(48.0, 48.0), (70.4, 45.2), (92.8, 45.2), (115.2, 45.2), (137.6, 45.2), (160.0, 45.2), (182.4, 45.2), (204.8, 45.2), (227.2, 45.2), (249.6, 45.2), (272.0, 45.2), (294.4, 45.2), (316.8, 45.2), (339.2, 50.8), (367.2, 56.4), (372.8, 62.0), (372.8, 62.0), (372.8, 62.0), (372.8, 62.0), (372.8, 62.0), (372.8, 62.0), (372.8, 62.0), (372.8, 62.0), (372.8, 62.0), (372.8, 62.0), (372.8, 62.0), (372.8, 62.0), (372.8, 62.0), (372.8, 62.0), (372.8, 62.0), (372.8, 62.0), (372.8, 62.0), (372.8, 62.0), (372.8, 62.0), (372.8, 62.0), (372.8, 62.0), (372.8, 62.0), (372.8, 62.0), (372.8, 62.0), (372.8, 62.0), (372.8, 62.0), (372.8, 62.0), (372.8, 62.0), (372.8, 62.0), (372.8, 62.0), (372.8, 62.0), (372.8, 62.0), (372.8, 62.0), (372.8, 62.0), (372.8, 62.0), (372.8, 62.0), (372.8, 62.0)]",0,6.92
speedrunner,bomberman,2,Bomb,1,0,40.69,0.926,"[(48.0, 48.0), (48.0, 70.4), (48.0, 92.8), (48.0, 115.2), (48.0, 137.6), (48.0, 160.0), (59.2, 179.6), (81.6, 179.6), (112.4, 185.2), (115.2, 207.6), (115.2, 230.0), (129.2, 244.0), (157.2, 244.0), (179.6, 252.4), (179.6, 274.8), (179.6, 297.2), (199.2, 308.4), (227.2, 308.4), (244.0, 322.4), (244.0, 347.6), (252.4, 372.8), (274.8, 372.8), (297.2, 372.8), (319.6, 372.8), (342.0, 372.8), (364.4, 372.8), (372.8, 372.8), (372.8, 372.8), (372.8, 372.8), (372.8, 372.8), (372.8, 372.8), (372.8, 372.8), (372.8, 372.8), (372.8, 372.8), (372.8, 372.8), (372.8, 372.8), (372.8, 372.8), (372.8, 372.8), (372.8, 372.8), (372.8, 372.8), (372.8, 372.8), (372.8, 372.8), (372.8, 372.8), (372.8, 372.8), (372.8, 372.8), (372.8, 372.8), (372.8, 372.8), (372.8, 372.8), (372.8, 372.8), (372.8, 372.8), (372.8, 372.8), (372.8, 372.8), (372.8, 372.8), (372.8, 372.8), (372.8, 372.8), (372.8, 372.8), (372.8, 372.8)]",0,7.5
speedrunner,bomberman,2,Bomb,1,0,39.2,0.926,"[(48.0, 48.0), (70.4, 50.8), (101.2, 50.8), (115.2, 67.6), (115.2, 95.6), (126.4, 115.2), (151.6, 115.2), (176.8, 120.8), (179.6, 143.2), (179.6, 171.2), (199.2, 179.6), (227.2, 179.6), (244.0, 193.6), (244.0, 218.8), (249.6, 244.0), (272.0, 244.0), (300.0, 246.8), (308.4, 269.2), (308.4, 297.2), (328.0, 308.4), (356.0, 308.4), (372.8, 325.2), (372.8, 347.6), (372.8, 370.0), (372.8, 372.8), (372.8, 372.8), (372.8, 372.8), (372.8, 372.8), (372.8, 372.8), (372.8, 372.8), (372.8, 372.8), (372.8, 372.8), (372.8, 372.8), (372.8, 372.8), (372.8, 372.8), (372.8, 372.8), (372.8, 372.8), (372.8, 372.8), (372.8, 372.8), (372.8, 372.8), (372.8, 372.8), (372.8, 372.8), (372.8, 372.8), (372.8, 372.8), (372.8, 372.8), (372.8, 372.8), (372.8, 372.8), (372.8, 372.8), (372.8, 372.8), (372.8, 372.8), (372.8, 372.8), (372.8, 372.8), (372.8, 372.8), (372.8, 372.8), (372.8, 372.8), (372.8, 372.8), (372.8, 372.8)]",0,7.5
speedrunner,bomberman,2,Stuck,2,0,37.22,0.741,"[(48.0, 48.0), (48.0, 70.4), (48.0, 92.8), (48.0, 115.2), (48.0, 137.6), (48.0, 160.0), (48.0, 182.4), (50.8, 204.8), (50.8, 227.2), (62.0, 244.0), (87.2, 244.0), (115.2, 252.4), (115.2, 274.8), (118.0, 302.8), (140.4, 308.4), (168.4, 308.4), (179.6, 328.0), (179.6, 356.0), (193.6, 372.8), (216.0, 372.8), (238.4, 372.8), (260.8, 372.8), (283.2, 372.8), (305.6, 372.8), (328.0, 372.8), (350.4, 372.8), (372.8, 372.8), (372.8, 372.8), (372.8, 372.8), (372.8, 372.8), (372.8, 372.8), (372.8, 372.8), (372.8, 372.8), (372.8, 372.8), (372.8, 372.8), (372.8, 372.8), (372.8, 372.8), (372.8, 372.8), (372.8, 372.8), (372.8, 372.8), (372.8, 372.8), (372.8, 372.8), (372.8, 372.8), (372.8, 372.8), (372.8, 372.8), (372.8, 372.8), (372.8, 372.8), (372.8, 372.8), (372.8, 372.8), (372.8, 372.8), (372.8, 372.8), (372.8, 372.8), (372.8, 372.8), (372.8, 372.8), (372.8, 372.8), (372.8, 372.8), (372.8, 372.8), (372.8, 372.8), (372.8, 372.8), (372.8, 372.8), (372.8, 372.8), (372.8, 372.8), (372.8, 372.8)]",0,8.35
speedrunner,bomberman,2,Bomb,1,0,39.2,0.926,"[(48.0, 48.0), (70.4, 50.8), (101.2, 50.8), (115.2, 67.6), (115.2, 95.6), (126.4, 115.2), (151.6, 115.2), (176.8, 120.8), (179.6, 143.2), (179.6, 171.2), (199.2, 179.6), (227.2, 179.6), (244.0, 193.6), (244.0, 218.8), (249.6, 244.0), (272.0, 244.0), (300.0, 246.8), (308.4, 269.2), (308.4, 297.2), (328.0, 308.4), (356.0, 308.4), (372.8, 325.2), (372.8, 347.6), (372.8, 370.0), (372.8, 372.8), (372.8, 372.8), (372.8, 372.8), (372.8, 372.8), (372.8, 372.8), (372.8, 372.8), (372.8, 372.8), (372.8, 372.8), (372.8, 372.8), (372.8, 372.8), (372.8, 372.8), (372.8, 372.8), (372.8, 372.8), (372.8, 372.8), (372.8, 372.8), (372.8, 372.8), (372.8, 372.8), (372.8, 372.8), (372.8, 372.8), (372.8, 372.8), (372.8, 372.8), (372.8, 372.8), (372.8, 372.8), (372.8, 372.8), (372.8, 372.8), (372.8, 372.8), (372.8, 372.8), (372.8, 372.8), (372.8, 372.8), (372.8, 372.8), (372.8, 372.8), (372.8, 372.8), (372.8, 372.8)]",0,7.5
speedrunner,bomberman,2,Bomb,1,0,40.69,0.926,"[(48.0, 48.0), (48.0, 70.4), (48.0, 92.8), (48.0, 115.2), (48.0, 137.6), (48.0, 160.0), (59.2, 179.6), (81.6, 179.6), (112.4, 185.2), (115.2, 207.6), (115.2, 230.0), (129.2, 244.0), (157.2, 244.0), (179.6, 252.4), (179.6, 274.8), (179.6, 297.2), (199.2, 308.4), (227.2, 308.4), (244.0, 322.4), (244.0, 347.6), (252.4, 372.8), (274.8, 372.8), (297.2, 372.8), (319.6, 372.8), (342.0, 372.8), (364.4, 372.8), (372.8, 372.8), (372.8, 372.8), (372.8, 372.8), (372.8, 372.8), (372.8, 372.8), (372.8, 372.8), (372.8, 372.8), (372.8, 372.8), (372.8, 372.8), (372.8, 372.8), (372.8, 372.8), (372.8, 372.8), (372.8, 372.8), (372.8, 372.8), (372.8, 372.8), (372.8, 372.8), (372.8, 372.8), (372.8, 372.8), (372.8, 372.8), (372.8, 372.8), (372.8, 372.8), (372.8, 372.8), (372.8, 372.8), (372.8, 372.8), (372.8, 372.8), (372.8, 372.8), (372.8, 372.8), (372.8, 372.8), (372.8, 372.8), (372.8, 372.8), (372.8, 372.8)]",0,7.5
speedrunner,bomberman,2,Bomb,1,0,29.4,0.926,"[(48.0, 48.0), (70.4, 50.8), (101.2, 50.8), (115.2, 67.6), (115.2, 90.0), (118.0, 112.4), (140.4, 115.2), (168.4, 115.2), (179.6, 134.8), (179.6, 157.2), (185.2, 179.6), (207.6, 179.6), (235.6, 179.6), (244.0, 202.0), (244.0, 224.4), (252.4, 244.0), (274.8, 244.0), (302.8, 249.6), (308.4, 272.0), (308.4, 294.4), (325.2, 308.4), (353.2, 308.4), (353.2, 308.4), (353.2, 308.4), (353.2, 308.4), (353.2, 308.4), (353.2, 308.4), (353.2, 308.4), (353.2, 308.4), (353.2, 308.4), (353.2, 308.4), (353.2, 308.4), (353.2, 308.4), (353.2, 308.4), (353.2, 308.4), (353.2, 308.4), (353.2, 308.4), (353.2, 308.4), (361.6, 308.4), (361.6, 308.4), (361.6, 308.4), (361.6, 308.4), (372.8, 328.0), (372.8, 350.4), (372.8, 372.8), (372.8, 372.8), (372.8, 372.8), (372.8, 372.8), (372.8, 372.8), (372.8, 372.8), (372.8, 372.8), (372.8, 372.8), (372.8, 372.8), (372.8, 372.8), (372.8, 372.8), (372.8, 372.8), (372.8, 372.8), (372.8, 372.8), (372.8, 372.8), (372.8, 372.8), (372.8, 372.8), (372.8, 372.8), (372.8, 372.8), (372.8, 372.8), (372.8, 372.8), (372.8, 372.8), (372.8, 372.8), (372.8, 372.8), (372.8, 372.8), (372.8, 372.8), (372.8, 372.8), (372.8, 372.8), (372.8, 372.8), (372.8, 372.8), (372.8, 372.8), (372.8, 372.8)]",0,10.0
speedrunner,bomberman,2,Bomb,1,0,39.95,0.926,"[(48.0, 48.0), (50.8, 70.4), (50.8, 92.8), (56.4, 115.2), (78.8, 115.2), (109.6, 118.0), (115.2, 140.4), (115.2, 162.8), (126.4, 179.6), (151.6, 179.6), (176.8, 185.2), (179.6, 207.6), (179.6, 230.0), (193.6, 244.0), (221.6, 244.0), (244.0, 252.4), (244.0, 274.8), (244.0, 297.2), (263.6, 308.4), (291.6, 308.4), (308.4, 325.2), (308.4, 353.2), (319.6, 372.8), (342.0, 372.8), (364.4, 372.8), (372.8, 372.8), (372.8, 372.8), (372.8, 372.8), (372.8, 372.8), (372.8, 372.8), (372.8, 372.8), (372.8, 372.8), (372.8, 372.8), (372.8, 372.8), (372.8, 372.8), (372.8, 372.8), (372.8, 372.8), (372.8, 372.8), (372.8, 372.8), (372.8, 372.8), (372.8, 372.8), (372.8, 372.8), (372.8, 372.8), (372.8, 372.8), (372.8, 372.8), (372.8, 372.8), (372.8, 372.8), (372.8, 372.8), (372.8, 372.8), (372.8, 372.8), (372.8, 372.8), (372.8, 372.8), (372.8, 372.8), (372.8, 372.8), (372.8, 372.8), (372.8, 372.8), (372.8, 372.8)]",0,7.5
speedrunner,bomberman,2,Bomb,2,0,25.02,0.741,"[(48.0, 48.0), (48.0, 70.4), (48.0, 92.8), (48.0, 115.2), (48.0, 137.6), (48.0, 160.0), (48.0, 182.4), (48.0, 204.8), (48.0, 227.2), (48.0, 249.6), (50.8, 272.0), (50.8, 300.0), (50.8, 322.4), (50.8, 347.6), (59.2, 372.8), (67.6, 372.8), (67.6, 372.8), (67.6, 372.8), (67.6, 372.8), (70.4, 372.8), (78.8, 372.8), (101.2, 372.8), (123.6, 372.8), (129.2, 372.8), (129.2, 372.8), (129.2, 372.8), (129.2, 372.8), (129.2, 372.8), (129.2, 372.8), (129.2, 372.8), (129.2, 372.8), (129.2, 372.8), (129.2, 372.8), (129.2, 372.8), (129.2, 372.8), (134.8, 372.8), (151.6, 372.8), (174.0, 372.8), (196.4, 372.8), (204.8, 372.8), (204.8, 372.8), (204.8, 372.8), (204.8, 372.8), (204.8, 372.8), (204.8, 372.8), (204.8, 372.8), (204.8, 372.8), (204.8, 372.8), (204.8, 372.8), (224.4, 372.8), (246.8, 372.8), (258.0, 372.8), (258.0, 372.8), (258.0, 372.8), (258.0, 372.8), (258.0, 372.8), (258.0, 372.8), (274.8, 372.8), (297.2, 372.8), (319.6, 372.8), (322.4, 372.8), (322.4, 372.8), (322.4, 372.8), (322.4, 372.8), (322.4, 372.8), (322.4, 372.8), (322.4, 372.8), (322.4, 372.8), (322.4, 372.8), (322.4, 372.8), (322.4, 372.8), (322.4, 372.8), (322.4, 372.8), (322.4, 372.8), (322.4, 372.8), (322.4, 372.8), (322.4, 372.8), (322.4, 372.8), (322.4, 372.8), (328.0, 372.8), (350.4, 372.8), (372.8, 372.8), (372.8, 372.8), (372.8, 372.8), (372.8, 372.8), (372.8, 372.8), (372.8, 372.8), (372.8, 372.8), (372.8, 372.8), (372.8, 372.8), (372.8, 372.8), (372.8, 372.8), (372.8, 372.8), (372.8, 372.8), (372.8, 372.8), (372.8, 372.8), (372.8, 372.8), (372.8, 372.8)]",0,12.98
speedrunner,bomberman,2,Bomb,1,0,29.4,0.926,"[(48.0, 48.0), (70.4, 50.8), (101.2, 50.8), (115.2, 67.6), (115.2, 90.0), (118.0, 112.4), (140.4, 115.2), (168.4, 115.2), (179.6, 134.8), (179.6, 157.2), (185.2, 179.6), (207.6, 179.6), (235.6, 179.6), (244.0, 202.0), (244.0, 224.4), (252.4, 244.0), (274.8, 244.0), (302.8, 249.6), (308.4, 272.0), (308.4, 294.4), (325.2, 308.4), (353.2, 308.4), (353.2, 308.4), (353.2, 308.4), (353.2, 308.4), (353.2, 308.4), (353.2, 308.4), (353.2, 308.4), (353.2, 308.4), (353.2, 308.4), (353.2, 308.4), (353.2, 308.4), (353.2, 308.4), (353.2, 308.4), (353.2, 308.4), (353.2, 308.4), (353.2, 308.4), (353.2, 308.4), (361.6, 308.4), (372.8, 330.8), (372.8, 353.2), (372.8, 372.8), (372.8, 372.8), (372.8, 372.8), (372.8, 372.8), (372.8, 372.8), (372.8, 372.8), (372.8, 372.8), (372.8, 372.8), (372.8, 372.8), (372.8, 372.8), (372.8, 372.8), (372.8, 372.8), (372.8, 372.8), (372.8, 372.8), (372.8, 372.8), (372.8, 372.8), (372.8, 372.8), (372.8, 372.8), (372.8, 372.8), (372.8, 372.8), (372.8, 372.8), (372.8, 372.8), (372.8, 372.8), (372.8, 372.8), (372.8, 372.8), (372.8, 372.8), (372.8, 372.8), (372.8, 372.8), (372.8, 372.8), (372.8, 372.8), (372.8, 372.8), (372.8, 372.8), (372.8, 372.8), (372.8, 372.8), (372.8, 372.8)]",0,10.0
speedrunner,bomberman,2,Bomb,1,0,39.2,0.926,"[(48.0, 48.0), (70.4, 50.8), (101.2, 50.8), (115.2, 67.6), (115.2, 90.0), (118.0, 112.4), (140.4, 115.2), (168.4, 115.2), (179.6, 134.8), (179.6, 157.2), (185.2, 179.6), (207.6, 179.6), (235.6, 179.6), (244.0, 202.0), (244.0, 224.4), (252.4, 244.0), (274.8, 244.0), (302.8, 249.6), (308.4, 272.0), (308.4, 294.4), (325.2, 308.4), (353.2, 308.4), (372.8, 322.4), (372.8, 344.8), (372.8, 367.2), (372.8, 372.8), (372.8, 372.8), (372.8, 372.8), (372.8, 372.8), (372.8, 372.8), (372.8, 372.8), (372.8, 372.8), (372.8, 372.8), (372.8, 372.8), (372.8, 372.8), (372.8, 372.8), (372.8, 372.8), (372.8, 372.8), (372.8, 372.8), (372.8, 372.8), (372.8, 372.8), (372.8, 372.8), (372.8, 372.8), (372.8, 372.8), (372.8, 372.8), (372.8, 372.8), (372.8, 372.8), (372.8, 372.8), (372.8, 372.8), (372.8, 372.8), (372.8, 372.8), (372.8, 372.8), (372.8, 372.8), (372.8, 372.8), (372.8, 372.8), (372.8, 372.8), (372.8, 372.8)]",0,7.5
speedrunner,bomberman,2,Bomb,1,0,39.95,0.926,"[(48.0, 48.0), (50.8, 70.4), (50.8, 92.8), (56.4, 115.2), (78.8, 115.2), (109.6, 118.0), (115.2, 140.4), (115.2, 162.8), (126.4, 179.6), (151.6, 179.6), (176.8, 185.2), (179.6, 207.6), (179.6, 230.0), (193.6, 244.0), (221.6, 244.0), (244.0, 252.4), (244.0, 274.8), (244.0, 297.2), (263.6, 308.4), (291.6, 308.4), (308.4, 325.2), (308.4, 353.2), (319.6, 372.8), (342.0, 372.8), (364.4, 372.8), (372.8, 372.8), (372.8, 372.8), (372.8, 372.8), (372.8, 372.8), (372.8, 372.8), (372.8, 372.8), (372.8, 372.8), (372.8, 372.8), (372.8, 372.8), (372.8, 372.8), (372.8, 372.8), (372.8, 372.8), (372.8, 372.8), (372.8, 372.8), (372.8, 372.8), (372.8, 372.8), (372.8, 372.8), (372.8, 372.8), (372.8, 372.8), (372.8, 372.8), (372.8, 372.8), (372.8, 372.8), (372.8, 372.8), (372.8, 372.8), (372.8, 372.8), (372.8, 372.8), (372.8, 372.8), (372.8, 372.8), (372.8, 372.8), (372.8, 372.8), (372.8, 372.8), (372.8, 372.8)]",0,7.5
speedrunner,bomberman,2,Stuck,1,0,28.09,0.741,"[(48.0, 48.0), (70.4, 50.8), (101.2, 50.8), (115.2, 67.6), (115.2, 90.0), (118.0, 112.4), (140.4, 115.2), (168.4, 115.2), (179.6, 134.8), (179.6, 157.2), (185.2, 179.6), (207.6, 179.6), (235.6, 179.6), (244.0, 202.0), (244.0, 224.4), (252.4, 244.0), (274.8, 244.0), (302.8, 249.6), (308.4, 272.0), (308.4, 300.0), (330.8, 308.4), (358.8, 308.4), (372.8, 328.0), (372.8, 350.4), (372.8, 372.8), (372.8, 372.8), (372.8, 372.8), (372.8, 372.8), (372.8, 372.8), (372.8, 372.8), (372.8, 372.8), (372.8, 372.8), (372.8, 372.8), (372.8, 372.8), (372.8, 372.8), (372.8, 372.8), (372.8, 372.8), (372.8, 372.8), (372.8, 372.8), (372.8, 372.8), (372.8, 372.8), (372.8, 372.8), (372.8, 372.8), (372.8, 372.8), (372.8, 372.8), (372.8, 372.8), (372.8, 372.8), (372.8, 372.8), (372.8, 372.8), (372.8, 372.8), (372.8, 372.8), (372.8, 372.8), (372.8, 372.8), (372.8, 372.8), (372.8, 372.8), (372.8, 372.8), (372.8, 372.8), (372.8, 372.8), (372.8, 372.8), (372.8, 372.8), (372.8, 372.8), (372.8, 372.8), (372.8, 372.8), (372.8, 372.8), (372.8, 372.8), (372.8, 372.8), (372.8, 372.8), (372.8, 372.8), (372.8, 372.8), (372.8, 372.8), (372.8, 372.8), (372.8, 372.8), (372.8, 372.8), (372.8, 372.8), (372.8, 372.8), (372.8, 372.8), (372.8, 372.8), (372.8, 372.8), (372.8, 372.8)]",0,10.47
speedrunner,bomberman,2,Bomb,1,0,39.2,0.926,"[(48.0, 48.0), (70.4, 50.8), (101.2, 50.8), (115.2, 67.6), (115.2, 90.0), (118.0, 112.4), (140.4, 115.2), (168.4, 115.2), (179.6, 134.8), (179.6, 157.2), (185.2, 179.6), (207.6, 179.6), (235.6, 179.6), (244.0, 202.0), (244.0, 230.0), (258.0, 244.0), (286.0, 244.0), (308.4, 255.2), (308.4, 277.6), (314.0, 305.6), (336.4, 308.4), (364.4, 311.2), (372.8, 333.6), (372.8, 356.0), (372.8, 372.8), (372.8, 372.8), (372.8, 372.8), (372.8, 372.8), (372.8, 372.8), (372.8, 372.8), (372.8, 372.8), (372.8, 372.8), (372.8, 372.8), (372.8, 372.8), (372.8, 372.8), (372.8, 372.8), (372.8, 372.8), (372.8, 372.8), (372.8, 372.8), (372.8, 372.8), (372.8, 372.8), (372.8, 372.8), (372.8, 372.8), (372.8, 372.8), (372.8, 372.8), (372.8, 372.8), (372.8, 372.8), (372.8, 372.8), (372.8, 372.8), (372.8, 372.8), (372.8, 372.8), (372.8, 372.8), (372.8, 372.8), (372.8, 372.8), (372.8, 372.8), (372.8, 372.8), (372.8, 372.8)]",0,7.5
speedrunner,bomberman,2,Bomb,1,0,39.2,0.926,"[(48.0, 48.0), (70.4, 50.8), (101.2, 50.8), (115.2, 67.6), (115.2, 90.0), (118.0, 112.4), (140.4, 115.2), (168.4, 115.2), (179.6, 134.8), (179.6, 157.2), (185.2, 179.6), (207.6, 179.6), (235.6, 179.6), (244.0, 202.0), (244.0, 230.0), (258.0, 244.0), (286.0, 244.0), (308.4, 255.2), (308.4, 277.6), (314.0, 305.6), (336.4, 308.4), (364.4, 311.2), (372.8, 333.6), (372.8, 356.0), (372.8, 372.8), (372.8, 372.8), (372.8, 372.8), (372.8, 372.8), (372.8, 372.8), (372.8, 372.8), (372.8, 372.8), (372.8, 372.8), (372.8, 372.8), (372.8, 372.8), (372.8, 372.8), (372.8, 372.8), (372.8, 372.8), (372.8, 372.8), (372.8, 372.8), (372.8, 372.8), (372.8, 372.8), (372.8, 372.8), (372.8, 372.8), (372.8, 372.8), (372.8, 372.8), (372.8, 372.8), (372.8, 372.8), (372.8, 372.8), (372.8, 372.8), (372.8, 372.8), (372.8, 372.8), (372.8, 372.8), (372.8, 372.8), (372.8, 372.8), (372.8, 372.8), (372.8, 372.8), (372.8, 372.8)]",0,7.5
speedrunner,bomberman,2,Bomb,1,0,39.95,0.926,"[(48.0, 48.0), (50.8, 70.4), (50.8, 92.8), (56.4, 115.2), (78.8, 115.2), (109.6, 118.0), (115.2, 140.4), (115.2, 162.8), (126.4, 179.6), (151.6, 179.6), (176.8, 185.2), (179.6, 207.6), (179.6, 230.0), (193.6, 244.0), (221.6, 244.0), (244.0, 252.4), (244.0, 274.8), (244.0, 297.2), (263.6, 308.4), (291.6, 308.4), (308.4, 325.2), (308.4, 353.2), (319.6, 372.8), (342.0, 372.8), (364.4, 372.8), (372.8, 372.8), (372.8, 372.8), (372.8, 372.8), (372.8, 372.8), (372.8, 372.8), (372.8, 372.8), (372.8, 372.8), (372.8, 372.8), (372.8, 372.8), (372.8, 372.8), (372.8, 372.8), (372.8, 372.8), (372.8, 372.8), (372.8, 372.8), (372.8, 372.8), (372.8, 372.8), (372.8, 372.8), (372.8, 372.8), (372.8, 372.8), (372.8, 372.8), (372.8, 372.8), (372.8, 372.8), (372.8, 372.8), (372.8, 372.8), (372.8, 372.8), (372.8, 372.8), (372.8, 372.8), (372.8, 372.8), (372.8, 372.8), (372.8, 372.8), (372.8, 372.8), (372.8, 372.8)]",0,7.5
speedrunner,bomberman,2,Bomb,1,0,40.69,0.926,"[(48.0, 48.0), (48.0, 70.4), (48.0, 92.8), (48.0, 115.2), (48.0, 137.6), (48.0, 160.0), (59.2, 179.6), (81.6, 179.6), (112.4, 185.2), (115.2, 207.6), (115.2, 230.0), (129.2, 244.0), (157.2, 244.0), (179.6, 252.4), (179.6, 274.8), (179.6, 297.2), (199.2, 308.4), (227.2, 308.4), (244.0, 322.4), (244.0, 347.6), (252.4, 372.8), (274.8, 372.8), (297.2, 372.8), (319.6, 372.8), (342.0, 372.8), (364.4, 372.8), (372.8, 372.8), (372.8, 372.8), (372.8, 372.8), (372.8, 372.8), (372.8, 372.8), (372.8, 372.8), (372.8, 372.8), (372.8, 372.8), (372.8, 372.8), (372.8, 372.8), (372.8, 372.8), (372.8, 372.8), (372.8, 372.8), (372.8, 372.8), (372.8, 372.8), (372.8, 372.8), (372.8, 372.8), (372.8, 372.8), (372.8, 372.8), (372.8, 372.8), (372.8, 372.8), (372.8, 372.8), (372.8, 372.8), (372.8, 372.8), (372.8, 372.8), (372.8, 372.8), (372.8, 372.8), (372.8, 372.8), (372.8, 372.8), (372.8, 372.8), (372.8, 372.8)]",0,7.5
speedrunner,bomberman,2,Bomb,1,0,39.2,0.926,"[(48.0, 48.0), (70.4, 50.8), (101.2, 50.8), (115.2, 67.6), (115.2, 90.0), (118.0, 112.4), (140.4, 115.2), (168.4, 115.2), (179.6, 134.8), (179.6, 157.2), (185.2, 179.6), (207.6, 179.6), (235.6, 179.6), (244.0, 202.0), (244.0, 224.4), (252.4, 244.0), (274.8, 244.0), (302.8, 249.6), (308.4, 272.0), (308.4, 294.4), (325.2, 308.4), (353.2, 308.4), (372.8, 322.4), (372.8, 344.8), (372.8, 367.2), (372.8, 372.8), (372.8, 372.8), (372.8, 372.8), (372.8, 372.8), (372.8, 372.8), (372.8, 372.8), (372.8, 372.8), (372.8, 372.8), (372.8, 372.8), (372.8, 372.8), (372.8, 372.8), (372.8, 372.8), (372.8, 372.8), (372.8, 372.8), (372.8, 372.8), (372.8, 372.8), (372.8, 372.8), (372.8, 372.8), (372.8, 372.8), (372.8, 372.8), (372.8, 372.8), (372.8, 372.8), (372.8, 372.8), (372.8, 372.8), (372.8, 372.8), (372.8, 372.8), (372.8, 372.8), (372.8, 372.8), (372.8, 372.8), (372.8, 372.8), (372.8, 372.8), (372.8, 372.8)]",0,7.5
speedrunner,bomberman,2,Bomb,1,0,29.4,0.926,"[(48.0, 48.0), (70.4, 50.8), (101.2, 50.8), (115.2, 67.6), (115.2, 90.0), (118.0, 112.4), (140.4, 115.2), (168.4, 115.2), (179.6, 134.8), (179.6, 157.2), (185.2, 179.6), (207.6, 179.6), (235.6, 179.6), (244.0, 202.0), (244.0, 224.4), (252.4, 244.0), (274.8, 244.0), (302.8, 249.6), (308.4, 272.0), (308.4, 294.4), (325.2, 308.4), (353.2, 308.4), (353.2, 308.4), (353.2, 308.4), (353.2, 308.4), (353.2, 308.4), (353.2, 308.4), (353.2, 308.4), (353.2, 308.4), (353.2, 308.4), (353.2, 308.4), (353.2, 308.4), (353.2, 308.4), (353.2, 308.4), (353.2, 308.4), (353.2, 308.4), (353.2, 308.4), (353.2, 308.4), (353.2, 308.4), (353.2, 308.4), (353.2, 308.4), (353.2, 308.4), (372.8, 319.6), (372.8, 342.0), (372.8, 364.4), (372.8, 372.8), (372.8, 372.8), (372.8, 372.8), (372.8, 372.8), (372.8, 372.8), (372.8, 372.8), (372.8, 372.8), (372.8, 372.8), (372.8, 372.8), (372.8, 372.8), (372.8, 372.8), (372.8, 372.8), (372.8, 372.8), (372.8, 372.8), (372.8, 372.8), (372.8, 372.8), (372.8, 372.8), (372.8, 372.8), (372.8, 372.8), (372.8, 372.8), (372.8, 372.8), (372.8, 372.8), (372.8, 372.8), (372.8, 372.8), (372.8, 372.8), (372.8, 372.8), (372.8, 372.8), (372.8, 372.8), (372.8, 372.8), (372.8, 372.8), (372.8, 372.8)]",0,10.0
speedrunner,bomberman,2,Bomb,1,0,42.56,0.407,"[(48.0, 48.0), (70.4, 45.2), (92.8, 45.2), (115.2, 45.2), (137.6, 45.2), (160.0, 45.2), (182.4, 45.2), (204.8, 45.2), (227.2, 45.2), (249.6, 45.2), (272.0, 45.2), (294.4, 50.8), (308.4, 64.8), (308.4, 64.8), (308.4, 64.8), (308.4, 64.8), (308.4, 64.8), (308.4, 64.8), (308.4, 64.8), (308.4, 64.8), (308.4, 64.8), (308.4, 64.8), (308.4, 64.8), (308.4, 64.8), (308.4, 64.8), (308.4, 64.8), (308.4, 64.8), (308.4, 62.0), (308.4, 59.2), (308.4, 64.8), (308.4, 62.0), (308.4, 59.2), (308.4, 64.8), (308.4, 62.0), (316.8, 45.2), (339.2, 50.8), (367.2, 56.4), (372.8, 62.0), (372.8, 62.0), (372.8, 62.0), (372.8, 62.0), (372.8, 62.0), (372.8, 62.0), (372.8, 62.0), (372.8, 59.2), (372.8, 64.8), (372.8, 62.0), (372.8, 59.2), (372.8, 64.8), (372.8, 62.0), (372.8, 59.2), (372.8, 64.8), (372.8, 62.0), (372.8, 59.2), (372.8, 64.8), (372.8, 62.0), (372.8, 59.2)]",0,7.5
speedrunner,bomberman,2,Bomb,1,0,39.95,0.926,"[(48.0, 48.0), (50.8, 70.4), (50.8, 92.8), (56.4, 115.2), (78.8, 115.2), (109.6, 118.0), (115.2, 140.4), (115.2, 162.8), (126.4, 179.6), (151.6, 179.6), (176.8, 185.2), (179.6, 207.6), (179.6, 230.0), (193.6, 244.0), (221.6, 244.0), (244.0, 252.4), (244.0, 274.8), (246.8, 302.8), (269.2, 308.4), (297.2, 308.4), (308.4, 330.8), (308.4, 358.8), (325.2, 372.8), (347.6, 372.8), (370.0, 372.8), (372.8, 372.8), (372.8, 372.8), (372.8, 372.8), (372.8, 372.8), (372.8, 372.8), (372.8, 372.8), (372.8, 372.8), (372.8, 372.8), (372.8, 372.8), (372.8, 372.8), (372.8, 372.8), (372.8, 372.8), (372.8, 372.8), (372.8, 372.8), (372.8, 372.8), (372.8, 372.8), (372.8, 372.8), (372.8, 372.8), (372.8, 372.8), (372.8, 372.8), (372.8, 372.8), (372.8, 372.8), (372.8, 372.8), (372.8, 372.8), (372.8, 372.8), (372.8, 372.8), (372.8, 372.8), (372.8, 372.8), (372.8, 372.8), (372.8, 372.8), (372.8, 372.8), (372.8, 372.8)]",0,7.5
speedrunner,bomberman,2,Bomb,1,0,29.4,0.926,"[(48.0, 48.0), (70.4, 50.8), (101.2, 50.8), (115.2, 67.6), (115.2, 90.0), (118.0, 112.4), (140.4, 115.2), (168.4, 115.2), (179.6, 134.8), (179.6, 157.2), (185.2, 179.6), (207.6, 179.6), (235.6, 179.6), (244.0, 202.0), (244.0, 224.4), (252.4, 244.0), (274.8, 244.0), (302.8, 249.6), (308.4, 272.0), (308.4, 294.4), (325.2, 308.4), (353.2, 308.4), (353.2, 308.4), (353.2, 308.4), (353.2, 308.4), (353.2, 308.4), (353.2, 308.4), (353.2, 308.4), (353.2, 308.4), (353.2, 308.4), (353.2, 308.4), (353.2, 308.4), (353.2, 308.4), (353.2, 308.4), (353.2, 308.4), (353.2, 308.4), (353.2, 308.4), (353.2, 308.4), (364.4, 311.2), (372.8, 333.6), (372.8, 356.0), (372.8, 372.8), (372.8, 372.8), (372.8, 372.8), (372.8, 372.8), (372.8, 372.8), (372.8, 372.8), (372.8, 372.8), (372.8, 372.8), (372.8, 372.8), (372.8, 372.8), (372.8, 372.8), (372.8, 372.8), (372.8, 372.8), (372.8, 372.8), (372.8, 372.8), (372.8, 372.8), (372.8, 372.8), (372.8, 372.8), (372.8, 372.8), (372.8, 372.8), (372.8, 372.8), (372.8, 372.8), (372.8, 372.8), (372.8, 372.8), (372.8, 372.8), (372.8, 372.8), (372.8, 372.8), (372.8, 372.8), (372.8, 372.8), (372.8, 372.8), (372.8, 372.8), (372.8, 372.8), (372.8, 372.8), (372.8, 372.8), (372.8, 372.8)]",0,10.0
speedrunner,bomberman,2,Bomb,1,0,39.95,0.926,"[(48.0, 48.0), (50.8, 70.4), (50.8, 92.8), (56.4, 115.2), (78.8, 115.2), (109.6, 118.0), (115.2, 140.4), (115.2, 162.8), (126.4, 179.6), (151.6, 179.6), (176.8, 185.2), (179.6, 207.6), (179.6, 230.0), (193.6, 244.0), (221.6, 244.0), (244.0, 252.4), (244.0, 274.8), (244.0, 297.2), (263.6, 308.4), (291.6, 308.4), (308.4, 325.2), (308.4, 347.6), (314.0, 370.0), (336.4, 372.8), (358.8, 372.8), (372.8, 372.8), (372.8, 372.8), (372.8, 372.8), (372.8, 372.8), (372.8, 372.8), (372.8, 372.8), (372.8, 372.8), (372.8, 372.8), (372.8, 372.8), (372.8, 372.8), (372.8, 372.8), (372.8, 372.8), (372.8, 372.8), (372.8, 372.8), (372.8, 372.8), (372.8, 372.8), (372.8, 372.8), (372.8, 372.8), (372.8, 372.8), (372.8, 372.8), (372.8, 372.8), (372.8, 372.8), (372.8, 372.8), (372.8, 372.8), (372.8, 372.8), (372.8, 372.8), (372.8, 372.8), (372.8, 372.8), (372.8, 372.8), (372.8, 372.8), (372.8, 372.8), (372.8, 372.8)]",0,7.5
speedrunner,bomberman,2,Bomb,1,0,39.95,0.926,"[(48.0, 48.0), (50.8, 70.4), (50.8, 92.8), (56.4, 115.2), (78.8, 115.2), (109.6, 118.0), (115.2, 140.4), (115.2, 162.8), (126.4, 179.6), (151.6, 179.6), (176.8, 185.2), (179.6, 207.6), (179.6, 230.0), (193.6, 244.0), (221.6, 244.0), (244.0, 252.4), (244.0, 274.8), (244.0, 297.2), (263.6, 308.4), (291.6, 308.4), (308.4, 325.2), (308.4, 347.6), (314.0, 370.0), (336.4, 372.8), (358.8, 372.8), (372.8, 372.8), (372.8, 372.8), (372.8, 372.8), (372.8, 372.8), (372.8, 372.8), (372.8, 372.8), (372.8, 372.8), (372.8, 372.8), (372.8, 372.8), (372.8, 372.8), (372.8, 372.8), (372.8, 372.8), (372.8, 372.8), (372.8, 372.8), (372.8, 372.8), (372.8, 372.8), (372.8, 372.8), (372.8, 372.8), (372.8, 372.8), (372.8, 372.8), (372.8, 372.8), (372.8, 372.8), (372.8, 372.8), (372.8, 372.8), (372.8, 372.8), (372.8, 372.8), (372.8, 372.8), (372.8, 372.8), (372.8, 372.8), (372.8, 372.8), (372.8, 372.8), (372.8, 372.8)]",0,7.5
speedrunner,bomberman,2,Bomb,1,0,39.95,0.926,"[(48.0, 48.0), (50.8, 70.4), (50.8, 92.8), (56.4, 115.2), (78.8, 115.2), (109.6, 118.0), (115.2, 140.4), (115.2, 162.8), (126.4, 179.6), (151.6, 179.6), (176.8, 185.2), (179.6, 207.6), (179.6, 230.0), (193.6, 244.0), (221.6, 244.0), (244.0, 252.4), (244.0, 274.8), (244.0, 297.2), (263.6, 308.4), (291.6, 308.4), (308.4, 325.2), (308.4, 347.6), (314.0, 370.0), (336.4, 372.8), (358.8, 372.8), (372.8, 372.8), (372.8, 372.8), (372.8, 372.8), (372.8, 372.8), (372.8, 372.8), (372.8, 372.8), (372.8, 372.8), (372.8, 372.8), (372.8, 372.8), (372.8, 372.8), (372.8, 372.8), (372.8, 372.8), (372.8, 372.8), (372.8, 372.8), (372.8, 372.8), (372.8, 372.8), (372.8, 372.8), (372.8, 372.8), (372.8, 372.8), (372.8, 372.8), (372.8, 372.8), (372.8, 372.8), (372.8, 372.8), (372.8, 372.8), (372.8, 372.8), (372.8, 372.8), (372.8, 372.8), (372.8, 372.8), (372.8, 372.8), (372.8, 372.8), (372.8, 372.8), (372.8, 372.8)]",0,7.5
speedrunner,bomberman,2,Bomb,1,0,39.95,0.926,"[(48.0, 48.0), (50.8, 70.4), (50.8, 92.8), (56.4, 115.2), (78.8, 115.2), (109.6, 118.0), (115.2, 140.4), (115.2, 162.8), (126.4, 179.6), (151.6, 179.6), (176.8, 185.2), (179.6, 207.6), (179.6, 230.0), (193.6, 244.0), (221.6, 244.0), (244.0, 252.4), (244.0, 274.8), (244.0, 297.2), (263.6, 308.4), (291.6, 308.4), (308.4, 325.2), (308.4, 347.6), (314.0, 370.0), (336.4, 372.8), (358.8, 372.8), (372.8, 372.8), (372.8, 372.8), (372.8, 372.8), (372.8, 372.8), (372.8, 372.8), (372.8, 372.8), (372.8, 372.8), (372.8, 372.8), (372.8, 372.8), (372.8, 372.8), (372.8, 372.8), (372.8, 372.8), (372.8, 372.8), (372.8, 372.8), (372.8, 372.8), (372.8, 372.8), (372.8, 372.8), (372.8, 372.8), (372.8, 372.8), (372.8, 372.8), (372.8, 372.8), (372.8, 372.8), (372.8, 372.8), (372.8, 372.8), (372.8, 372.8), (372.8, 372.8), (372.8, 372.8), (372.8, 372.8), (372.8, 372.8), (372.8, 372.8), (372.8, 372.8), (372.8, 372.8)]",0,7.5
speedrunner,bomberman,2,Bomb,1,0,29.4,0.926,"[(48.0, 48.0), (70.4, 50.8), (101.2, 50.8), (115.2, 67.6), (115.2, 90.0), (118.0, 112.4), (140.4, 115.2), (168.4, 115.2), (179.6, 134.8), (179.6, 157.2), (185.2, 179.6), (207.6, 179.6), (235.6, 179.6), (244.0, 202.0), (244.0, 224.4), (252.4, 244.0), (274.8, 244.0), (302.8, 249.6), (308.4, 272.0), (308.4, 294.4), (325.2, 308.4), (353.2, 308.4), (353.2, 308.4), (353.2, 308.4), (353.2, 308.4), (353.2, 308.4), (353.2, 308.4), (353.2, 308.4), (353.2, 308.4), (353.2, 308.4), (353.2, 308.4), (353.2, 308.4), (353.2, 308.4), (353.2, 308.4), (353.2, 308.4), (353.2, 308.4), (353.2, 308.4), (353.2, 308.4), (364.4, 311.2), (372.8, 333.6), (372.8, 356.0), (372.8, 372.8), (372.8, 372.8), (372.8, 372.8), (372.8, 372.8), (372.8, 372.8), (372.8, 372.8), (372.8, 372.8), (372.8, 372.8), (372.8, 372.8), (372.8, 372.8), (372.8, 372.8), (372.8, 372.8), (372.8, 372.8), (372.8, 372.8), (372.8, 372.8), (372.8, 372.8), (372.8, 372.8), (372.8, 372.8), (372.8, 372.8), (372.8, 372.8), (372.8, 372.8), (372.8, 372.8), (372.8, 372.8), (372.8, 372.8), (372.8, 372.8), (372.8, 372.8), (372.8, 372.8), (372.8, 372.8), (372.8, 372.8), (372.8, 372.8), (372.8, 372.8), (372.8, 372.8), (372.8, 372.8), (372.8, 372.8), (372.8, 372.8)]",0,10.0
speedrunner,bomberman,2,Bomb,1,0,39.95,0.926,"[(48.0, 48.0), (50.8, 70.4), (50.8, 92.8), (56.4, 115.2), (78.8, 115.2), (109.6, 118.0), (115.2, 140.4), (115.2, 162.8), (126.4, 179.6), (151.6, 179.6), (176.8, 185.2), (179.6, 207.6), (179.6, 230.0), (193.6, 244.0), (221.6, 244.0), (244.0, 252.4), (244.0, 274.8), (246.8, 302.8), (269.2, 308.4), (297.2, 308.4), (308.4, 330.8), (308.4, 358.8), (325.2, 372.8), (347.6, 372.8), (370.0, 372.8), (372.8, 372.8), (372.8, 372.8), (372.8, 372.8), (372.8, 372.8), (372.8, 372.8), (372.8, 372.8), (372.8, 372.8), (372.8, 372.8), (372.8, 372.8), (372.8, 372.8), (372.8, 372.8), (372.8, 372.8), (372.8, 372.8), (372.8, 372.8), (372.8, 372.8), (372.8, 372.8), (372.8, 372.8), (372.8, 372.8), (372.8, 372.8), (372.8, 372.8), (372.8, 372.8), (372.8, 372.8), (372.8, 372.8), (372.8, 372.8), (372.8, 372.8), (372.8, 372.8), (372.8, 372.8), (372.8, 372.8), (372.8, 372.8), (372.8, 372.8), (372.8, 372.8), (372.8, 372.8)]",0,7.5
speedrunner,bomberman,2,Bomb,1,0,39.95,0.926,"[(48.0, 48.0), (50.8, 70.4), (50.8, 92.8), (56.4, 115.2), (78.8, 115.2), (109.6, 118.0), (115.2, 140.4), (115.2, 162.8), (126.4, 179.6), (151.6, 179.6), (176.8, 185.2), (179.6, 207.6), (179.6, 230.0), (193.6, 244.0), (221.6, 244.0), (244.0, 252.4), (244.0, 274.8), (244.0, 297.2), (263.6, 308.4), (291.6, 308.4), (308.4, 325.2), (308.4, 347.6), (314.0, 370.0), (336.4, 372.8), (358.8, 372.8), (372.8, 372.8), (372.8, 372.8), (372.8, 372.8), (372.8, 372.8), (372.8, 372.8), (372.8, 372.8), (372.8, 372.8), (372.8, 372.8), (372.8, 372.8), (372.8, 372.8), (372.8, 372.8), (372.8, 372.8), (372.8, 372.8), (372.8, 372.8), (372.8, 372.8), (372.8, 372.8), (372.8, 372.8), (372.8, 372.8), (372.8, 372.8), (372.8, 372.8), (372.8, 372.8), (372.8, 372.8), (372.8, 372.8), (372.8, 372.8), (372.8, 372.8), (372.8, 372.8), (372.8, 372.8), (372.8, 372.8), (372.8, 372.8), (372.8, 372.8), (372.8, 372.8), (372.8, 372.8)]",0,7.5
speedrunner,bomberman,2,Bomb,1,0,29.4,0.926,"[(48.0, 48.0), (70.4, 50.8), (101.2, 50.8), (115.2, 67.6), (115.2, 90.0), (118.0, 112.4), (140.4, 115.2), (168.4, 115.2), (179.6, 134.8), (179.6, 157.2), (185.2, 179.6), (207.6, 179.6), (235.6, 179.6), (244.0, 202.0), (244.0, 224.4), (252.4, 244.0), (274.8, 244.0), (302.8, 249.6), (308.4, 272.0), (308.4, 294.4), (325.2, 308.4), (353.2, 308.4), (353.2, 308.4), (353.2, 308.4), (353.2, 308.4), (353.2, 308.4), (353.2, 308.4), (353.2, 308.4), (353.2, 308.4), (353.2, 308.4), (353.2, 308.4), (353.2, 308.4), (353.2, 308.4), (353.2, 308.4), (353.2, 308.4), (353.2, 308.4), (353.2, 308.4), (353.2, 308.4), (364.4, 311.2), (372.8, 333.6), (372.8, 356.0), (372.8, 372.8), (372.8, 372.8), (372.8, 372.8), (372.8, 372.8), (372.8, 372.8), (372.8, 372.8), (372.8, 372.8), (372.8, 372.8), (372.8, 372.8), (372.8, 372.8), (372.8, 372.8), (372.8, 372.8), (372.8, 372.8), (372.8, 372.8), (372.8, 372.8), (372.8, 372.8), (372.8, 372.8), (372.8, 372.8), (372.8, 372.8), (372.8, 372.8), (372.8, 372.8), (372.8, 372.8), (372.8, 372.8), (372.8, 372.8), (372.8, 372.8), (372.8, 372.8), (372.8, 372.8), (372.8, 372.8), (372.8, 372.8), (372.8, 372.8), (372.8, 372.8), (372.8, 372.8), (372.8, 372.8), (372.8, 372.8), (372.8, 372.8)]",0,10.0
speedrunner,bomberman,2,Bomb,1,0,39.2,0.926,"[(48.0, 48.0), (70.4, 50.8), (101.2, 50.8), (115.2, 67.6), (115.2, 90.0), (118.0, 112.4), (140.4, 115.2), (168.4, 115.2), (179.6, 134.8), (179.6, 157.2), (185.2, 179.6), (207.6, 179.6), (235.6, 179.6), (244.0, 202.0), (244.0, 224.4), (252.4, 244.0), (274.8, 244.0), (302.8, 249.6), (308.4, 272.0), (308.4, 300.0), (330.8, 308.4), (358.8, 308.4), (372.8, 328.0), (372.8, 350.4), (372.8, 372.8), (372.8, 372.8), (372.8, 372.8), (372.8, 372.8), (372.8, 372.8), (372.8, 372.8), (372.8, 372.8), (372.8, 372.8), (372.8, 372.8), (372.8, 372.8), (372.8, 372.8), (372.8, 372.8), (372.8, 372.8), (372.8, 372.8), (372.8, 372.8), (372.8, 372.8), (372.8, 372.8), (372.8, 372.8), (372.8, 372.8), (372.8, 372.8), (372.8, 372.8), (372.8, 372.8), (372.8, 372.8), (372.8, 372.8), (372.8, 372.8), (372.8, 372.8), (372.8, 372.8), (372.8, 372.8), (372.8, 372.8), (372.8, 372.8), (372.8, 372.8), (372.8, 372.8), (372.8, 372.8)]",0,7.5
speedrunner,bomberman,2,Bomb,1,0,39.95,0.926,"[(48.0, 48.0), (50.8, 70.4), (50.8, 92.8), (56.4, 115.2), (78.8, 115.2), (109.6, 118.0), (115.2, 140.4), (115.2, 162.8), (126.4, 179.6), (151.6, 179.6), (176.8, 185.2), (179.6, 207.6), (179.6, 230.0), (193.6, 244.0), (221.6, 244.0), (244.0, 252.4), (244.0, 274.8), (244.0, 297.2), (263.6, 308.4), (291.6, 308.4), (308.4, 325.2), (308.4, 353.2), (319.6, 372.8), (342.0, 372.8), (364.4, 372.8), (372.8, 372.8), (372.8, 372.8), (372.8, 372.8), (372.8, 372.8), (372.8, 372.8), (372.8, 372.8), (372.8, 372.8), (372.8, 372.8), (372.8, 372.8), (372.8, 372.8), (372.8, 372.8), (372.8, 372.8), (372.8, 372.8), (372.8, 372.8), (372.8, 372.8), (372.8, 372.8), (372.8, 372.8), (372.8, 372.8), (372.8, 372.8), (372.8, 372.8), (372.8, 372.8), (372.8, 372.8), (372.8, 372.8), (372.8, 372.8), (372.8, 372.8), (372.8, 372.8), (372.8, 372.8), (372.8, 372.8), (372.8, 372.8), (372.8, 372.8), (372.8, 372.8), (372.8, 372.8)]",0,7.5
speedrunner,bomberman,2,Bomb,1,0,40.32,0.926,"[(48.0, 48.0), (70.4, 45.2), (92.8, 45.2), (115.2, 59.2), (115.2, 81.6), (115.2, 104.0), (132.0, 115.2), (160.0, 115.2), (179.6, 126.4), (179.6, 148.8), (179.6, 171.2), (199.2, 179.6), (227.2, 179.6), (244.0, 193.6), (244.0, 216.0), (244.0, 238.4), (266.4, 244.0), (294.4, 244.0), (308.4, 263.6), (308.4, 286.0), (316.8, 308.4), (339.2, 308.4), (367.2, 314.0), (372.8, 336.4), (372.8, 358.8), (372.8, 372.8), (372.8, 372.8), (372.8, 372.8), (372.8, 372.8), (372.8, 372.8), (372.8, 372.8), (372.8, 372.8), (372.8, 372.8), (372.8, 372.8), (372.8, 372.8), (372.8, 372.8), (372.8, 372.8), (372.8, 372.8), (372.8, 372.8), (372.8, 372.8), (372.8, 372.8), (372.8, 372.8), (372.8, 372.8), (372.8, 372.8), (372.8, 372.8), (372.8, 372.8), (372.8, 372.8), (372.8, 372.8), (372.8, 372.8), (372.8, 372.8), (372.8, 372.8), (372.8, 372.8), (372.8, 372.8), (372.8, 372.8), (372.8, 372.8), (372.8, 372.8), (372.8, 372.8)]",0,7.5
speedrunner,bomberman,2,Bomb,1,0,39.95,0.926,"[(48.0, 48.0), (50.8, 70.4), (50.8, 92.8), (56.4, 115.2), (78.8, 115.2), (109.6, 118.0), (115.2, 140.4), (115.2, 162.8), (126.4, 179.6), (151.6, 179.6), (176.8, 185.2), (179.6, 207.6), (179.6, 230.0), (193.6, 244.0), (221.6, 244.0), (244.0, 252.4), (244.0, 274.8), (244.0, 297.2), (263.6, 308.4), (291.6, 308.4), (308.4, 325.2), (308.4, 353.2), (319.6, 372.8), (342.0, 372.8), (364.4, 372.8), (372.8, 372.8), (372.8, 372.8), (372.8, 372.8), (372.8, 372.8), (372.8, 372.8), (372.8, 372.8), (372.8, 372.8), (372.8, 372.8), (372.8, 372.8), (372.8, 372.8), (372.8, 372.8), (372.8, 372.8), (372.8, 372.8), (372.8, 372.8), (372.8, 372.8), (372.8, 372.8), (372.8, 372.8), (372.8, 372.8), (372.8, 372.8), (372.8, 372.8), (372.8, 372.8), (372.8, 372.8), (372.8, 372.8), (372.8, 372.8), (372.8, 372.8), (372.8, 372.8), (372.8, 372.8), (372.8, 372.8), (372.8, 372.8), (372.8, 372.8), (372.8, 372.8), (372.8, 372.8)]",0,7.5
speedrunner,bomberman,2,Bomb,1,0,39.95,0.926,"[(48.0, 48.0), (50.8, 70.4), (50.8, 92.8), (56.4, 115.2), (78.8, 115.2), (109.6, 118.0), (115.2, 140.4), (115.2, 162.8), (126.4, 179.6), (151.6, 179.6), (176.8, 185.2), (179.6, 207.6), (179.6, 230.0), (193.6, 244.0), (221.6, 244.0), (244.0, 252.4), (244.0, 274.8), (244.0, 297.2), (263.6, 308.4), (291.6, 308.4), (308.4, 325.2), (308.4, 353.2), (319.6, 372.8), (342.0, 372.8), (364.4, 372.8), (372.8, 372.8), (372.8, 372.8), (372.8, 372.8), (372.8, 372.8), (372.8, 372.8), (372.8, 372.8), (372.8, 372.8), (372.8, 372.8), (372.8, 372.8), (372.8, 372.8), (372.8, 372.8), (372.8, 372.8), (372.8, 372.8), (372.8, 372.8), (372.8, 372.8), (372.8, 372.8), (372.8, 372.8), (372.8, 372.8), (372.8, 372.8), (372.8, 372.8), (372.8, 372.8), (372.8, 372.8), (372.8, 372.8), (372.8, 372.8), (372.8, 372.8), (372.8, 372.8), (372.8, 372.8), (372.8, 372.8), (372.8, 372.8), (372.8, 372.8), (372.8, 372.8), (372.8, 372.8)]",0,7.5
speedrunner,bomberman,2,Bomb,1,0,40.32,0.926,"[(48.0, 48.0), (70.4, 45.2), (92.8, 45.2), (115.2, 59.2), (115.2, 81.6), (115.2, 104.0), (132.0, 115.2), (160.0, 115.2), (179.6, 126.4), (179.6, 148.8), (179.6, 171.2), (199.2, 179.6), (227.2, 179.6), (244.0, 193.6), (244.0, 216.0), (244.0, 238.4), (266.4, 244.0), (294.4, 244.0), (308.4, 263.6), (308.4, 286.0), (316.8, 308.4), (339.2, 308.4), (367.2, 314.0), (372.8, 336.4), (372.8, 358.8), (372.8, 372.8), (372.8, 372.8), (372.8, 372.8), (372.8, 372.8), (372.8, 372.8), (372.8, 372.8), (372.8, 372.8), (372.8, 372.8), (372.8, 372.8), (372.8, 372.8), (372.8, 372.8), (372.8, 372.8), (372.8, 372.8), (372.8, 372.8), (372.8, 372.8), (372.8, 372.8), (372.8, 372.8), (372.8, 372.8), (372.8, 372.8), (372.8, 372.8), (372.8, 372.8), (372.8, 372.8), (372.8, 372.8), (372.8, 372.8), (372.8, 372.8), (372.8, 372.8), (372.8, 372.8), (372.8, 372.8), (372.8, 372.8), (372.8, 372.8), (372.8, 372.8), (372.8, 372.8)]",0,7.5
speedrunner,bomberman,2,Bomb,1,0,39.95,0.926,"[(48.0, 48.0), (50.8, 70.4), (50.8, 92.8), (56.4, 115.2), (78.8, 115.2), (109.6, 118.0), (115.2, 140.4), (115.2, 162.8), (126.4, 179.6), (151.6, 179.6), (176.8, 185.2), (179.6, 207.6), (179.6, 230.0), (193.6, 244.0), (221.6, 244.0), (244.0, 252.4), (244.0, 274.8), (244.0, 297.2), (263.6, 308.4), (291.6, 308.4), (308.4, 325.2), (308.4, 353.2), (319.6, 372.8), (342.0, 372.8), (364.4, 372.8), (372.8, 372.8), (372.8, 372.8), (372.8, 372.8), (372.8, 372.8), (372.8, 372.8), (372.8, 372.8), (372.8, 372.8), (372.8, 372.8), (372.8, 372.8), (372.8, 372.8), (372.8, 372.8), (372.8, 372.8), (372.8, 372.8), (372.8, 372.8), (372.8, 372.8), (372.8, 372.8), (372.8, 372.8), (372.8, 372.8), (372.8, 372.8), (372.8, 372.8), (372.8, 372.8), (372.8, 372.8), (372.8, 372.8), (372.8, 372.8), (372.8, 372.8), (372.8, 372.8), (372.8, 372.8), (372.8, 372.8), (372.8, 372.8), (372.8, 372.8), (372.8, 372.8), (372.8, 372.8)]",0,7.5
speedrunner,bomberman,2,Bomb,1,0,39.2,0.926,"[(48.0, 48.0), (70.4, 50.8), (101.2, 50.8), (115.2, 67.6), (115.2, 90.0), (118.0, 112.4), (140.4, 115.2), (168.4, 115.2), (179.6, 134.8), (179.6, 157.2), (185.2, 179.6), (207.6, 179.6), (235.6, 179.6), (244.0, 202.0), (244.0, 224.4), (252.4, 244.0), (274.8, 244.0), (302.8, 249.6), (308.4, 272.0), (308.4, 300.0), (330.8, 308.4), (358.8, 308.4), (372.8, 328.0), (372.8, 350.4), (372.8, 372.8), (372.8, 372.8), (372.8, 372.8), (372.8, 372.8), (372.8, 372.8), (372.8, 372.8), (372.8, 372.8), (372.8, 372.8), (372.8, 372.8), (372.8, 372.8), (372.8, 372.8), (372.8, 372.8), (372.8, 372.8), (372.8, 372.8), (372.8, 372.8), (372.8, 372.8), (372.8, 372.8), (372.8, 372.8), (372.8, 372.8), (372.8, 372.8), (372.8, 372.8), (372.8, 372.8), (372.8, 372.8), (372.8, 372.8), (372.8, 372.8), (372.8, 372.8), (372.8, 372.8), (372.8, 372.8), (372.8, 372.8), (372.8, 372.8), (372.8, 372.8), (372.8, 372.8), (372.8, 372.8)]",0,7.5
speedrunner,bomberman,2,Bomb,1,0,47.41,0.667,"[(48.0, 48.0), (70.4, 50.8), (101.2, 48.0), (123.6, 45.2), (146.0, 50.8), (174.0, 53.6), (179.6, 76.0), (179.6, 98.4), (190.8, 115.2), (216.0, 115.2), (241.2, 120.8), (244.0, 143.2), (244.0, 165.6), (258.0, 179.6), (286.0, 179.6), (308.4, 190.8), (308.4, 213.2), (308.4, 235.6), (328.0, 244.0), (356.0, 244.0), (372.8, 260.8), (372.8, 288.8), (384.0, 308.4), (406.4, 308.4), (428.8, 308.4), (434.4, 308.4), (434.4, 308.4), (434.4, 308.4), (434.4, 308.4), (434.4, 308.4), (434.4, 308.4), (434.4, 308.4), (434.4, 308.4), (434.4, 308.4), (434.4, 308.4), (434.4, 308.4), (434.4, 308.4), (434.4, 308.4), (434.4, 308.4), (434.4, 308.4), (434.4, 308.4), (434.4, 308.4), (434.4, 308.4), (434.4, 308.4), (434.4, 308.4), (434.4, 308.4), (434.4, 308.4), (434.4, 308.4), (434.4, 308.4), (434.4, 308.4), (434.4, 308.4), (434.4, 308.4), (434.4, 308.4), (434.4, 308.4), (434.4, 308.4), (434.4, 308.4), (434.4, 308.4)]",0,7.5
speedrunner,bomberman,2,Bomb,1,0,39.2,0.926,"[(48.0, 48.0), (70.4, 50.8), (101.2, 50.8), (115.2, 67.6), (115.2, 90.0), (118.0, 112.4), (140.4, 115.2), (168.4, 115.2), (179.6, 134.8), (179.6, 157.2), (185.2, 179.6), (207.6, 179.6), (235.6, 179.6), (244.0, 202.0), (244.0, 224.4), (252.4, 244.0), (274.8, 244.0), (302.8, 249.6), (308.4, 272.0), (308.4, 294.4), (325.2, 308.4), (353.2, 308.4), (372.8, 322.4), (372.8, 344.8), (372.8, 367.2), (372.8, 372.8), (372.8, 372.8), (372.8, 372.8), (372.8, 372.8), (372.8, 372.8), (372.8, 372.8), (372.8, 372.8), (372.8, 372.8), (372.8, 372.8), (372.8, 372.8), (372.8, 372.8), (372.8, 372.8), (372.8, 372.8), (372.8, 372.8), (372.8, 372.8), (372.8, 372.8), (372.8, 372.8), (372.8, 372.8), (372.8, 372.8), (372.8, 372.8), (372.8, 372.8), (372.8, 372.8), (372.8, 372.8), (372.8, 372.8), (372.8, 372.8), (372.8, 372.8), (372.8, 372.8), (372.8, 372.8), (372.8, 372.8), (372.8, 372.8), (372.8, 372.8), (372.8, 372.8)]",0,7.5
speedrunner,bomberman,2,Bomb,1,0,39.2,0.926,"[(48.0, 48.0), (70.4, 50.8), (101.2, 50.8), (115.2, 67.6), (115.2, 90.0), (118.0, 112.4), (140.4, 115.2), (168.4, 115.2), (179.6, 134.8), (179.6, 157.2), (185.2, 179.6), (207.6, 179.6), (235.6, 179.6), (244.0, 202.0), (244.0, 224.4), (252.4, 244.0), (274.8, 244.0), (302.8, 249.6), (308.4, 272.0), (308.4, 300.0), (330.8, 308.4), (358.8, 308.4), (372.8, 328.0), (372.8, 350.4), (372.8, 372.8), (372.8, 372.8), (372.8, 372.8), (372.8, 372.8), (372.8, 372.8), (372.8, 372.8), (372.8, 372.8), (372.8, 372.8), (372.8, 372.8), (372.8, 372.8), (372.8, 372.8), (372.8, 372.8), (372.8, 372.8), (372.8, 372.8), (372.8, 372.8), (372.8, 372.8), (372.8, 372.8), (372.8, 372.8), (372.8, 372.8), (372.8, 372.8), (372.8, 372.8), (372.8, 372.8), (372.8, 372.8), (372.8, 372.8), (372.8, 372.8), (372.8, 372.8), (372.8, 372.8), (372.8, 372.8), (372.8, 372.8), (372.8, 372.8), (372.8, 372.8), (372.8, 372.8), (372.8, 372.8)]",0,7.5
speedrunner,bomberman,2,Bomb,1,0,25.2,0.519,"[(48.0, 48.0), (48.0, 70.4), (48.0, 92.8), (48.0, 115.2), (48.0, 137.6), (48.0, 160.0), (48.0, 182.4), (48.0, 204.8), (48.0, 227.2), (48.0, 249.6), (48.0, 272.0), (48.0, 294.4), (48.0, 316.8), (48.0, 339.2), (50.8, 361.6), (70.4, 372.8), (92.8, 372.8), (115.2, 372.8), (137.6, 372.8), (157.2, 372.8), (174.0, 372.8), (174.0, 372.8), (174.0, 372.8), (174.0, 372.8), (174.0, 372.8), (174.0, 372.8), (174.0, 372.8), (174.0, 372.8), (174.0, 372.8), (174.0, 372.8), (174.0, 372.8), (174.0, 372.8), (174.0, 372.8), (174.0, 372.8), (174.0, 372.8), (174.0, 372.8), (174.0, 372.8), (174.0, 372.8)]",0,5.0
speedrunner,bomberman,2,Bomb,1,0,36.59,0.667,"[(48.0, 48.0), (70.4, 50.8), (101.2, 50.8), (115.2, 67.6), (115.2, 90.0), (118.0, 112.4), (140.4, 115.2), (168.4, 115.2), (179.6, 134.8), (179.6, 157.2), (185.2, 179.6), (207.6, 179.6), (235.6, 179.6), (244.0, 202.0), (244.0, 224.4), (252.4, 244.0), (274.8, 244.0), (302.8, 249.6), (308.4, 272.0), (308.4, 294.4), (325.2, 308.4), (353.2, 308.4), (353.2, 308.4), (353.2, 308.4), (353.2, 308.4), (353.2, 308.4), (353.2, 308.4), (353.2, 308.4), (353.2, 308.4), (353.2, 308.4), (353.2, 308.4), (353.2, 308.4), (353.2, 308.4), (353.2, 308.4), (353.2, 308.4), (353.2, 308.4), (353.2, 308.4), (353.2, 308.4), (353.2, 308.4), (353.2, 308.4), (353.2, 308.4), (353.2, 308.4), (353.2, 308.4), (353.2, 308.4), (353.2, 308.4), (353.2, 308.4), (353.2, 308.4), (353.2, 308.4), (353.2, 308.4), (353.2, 308.4), (353.2, 308.4), (353.2, 308.4), (353.2, 308.4), (353.2, 308.4), (353.2, 308.4), (353.2, 308.4), (353.2, 308.4)]",0,7.5
speedrunner,bomberman,2,Bomb,1,0,39.95,0.926,"[(48.0, 48.0), (50.8, 70.4), (50.8, 92.8), (56.4, 115.2), (78.8, 115.2), (109.6, 118.0), (115.2, 140.4), (115.2, 162.8), (126.4, 179.6), (151.6, 179.6), (176.8, 185.2), (179.6, 207.6), (179.6, 230.0), (193.6, 244.0), (221.6, 244.0), (244.0, 252.4), (244.0, 274.8), (244.0, 297.2), (263.6, 308.4), (291.6, 308.4), (308.4, 325.2), (308.4, 353.2), (319.6, 372.8), (342.0, 372.8), (364.4, 372.8), (372.8, 372.8), (372.8, 372.8), (372.8, 372.8), (372.8, 372.8), (372.8, 372.8), (372.8, 372.8), (372.8, 372.8), (372.8, 372.8), (372.8, 372.8), (372.8, 372.8), (372.8, 372.8), (372.8, 372.8), (372.8, 372.8), (372.8, 372.8), (372.8, 372.8), (372.8, 372.8), (372.8, 372.8), (372.8, 372.8), (372.8, 372.8), (372.8, 372.8), (372.8, 372.8), (372.8, 372.8), (372.8, 372.8), (372.8, 372.8), (372.8, 372.8), (372.8, 372.8), (372.8, 372.8), (372.8, 372.8), (372.8, 372.8), (372.8, 372.8), (372.8, 372.8), (372.8, 372.8)]",0,7.5
speedrunner,bomberman,2,Bomb,1,0,39.95,0.926,"[(48.0, 48.0), (50.8, 70.4), (50.8, 92.8), (56.4, 115.2), (78.8, 115.2), (109.6, 118.0), (115.2, 140.4), (115.2, 162.8), (126.4, 179.6), (151.6, 179.6), (176.8, 185.2), (179.6, 207.6), (179.6, 230.0), (193.6, 244.0), (221.6, 244.0), (244.0, 252.4), (244.0, 274.8), (244.0, 297.2), (263.6, 308.4), (291.6, 308.4), (308.4, 325.2), (308.4, 353.2), (319.6, 372.8), (342.0, 372.8), (364.4, 372.8), (372.8, 372.8), (372.8, 372.8), (372.8, 372.8), (372.8, 372.8), (372.8, 372.8), (372.8, 372.8), (372.8, 372.8), (372.8, 372.8), (372.8, 372.8), (372.8, 372.8), (372.8, 372.8), (372.8, 372.8), (372.8, 372.8), (372.8, 372.8), (372.8, 372.8), (372.8, 372.8), (372.8, 372.8), (372.8, 372.8), (372.8, 372.8), (372.8, 372.8), (372.8, 372.8), (372.8, 372.8), (372.8, 372.8), (372.8, 372.8), (372.8, 372.8), (372.8, 372.8), (372.8, 372.8), (372.8, 372.8), (372.8, 372.8), (372.8, 372.8), (372.8, 372.8), (372.8, 372.8)]",0,7.5
speedrunner,bomberman,2,Bomb,1,0,39.2,0.926,"[(48.0, 48.0), (70.4, 50.8), (101.2, 50.8), (115.2, 67.6), (115.2, 90.0), (118.0, 112.4), (140.4, 115.2), (168.4, 115.2), (179.6, 134.8), (179.6, 157.2), (185.2, 179.6), (207.6, 179.6), (235.6, 179.6), (244.0, 202.0), (244.0, 224.4), (252.4, 244.0), (274.8, 244.0), (302.8, 249.6), (308.4, 272.0), (308.4, 300.0), (330.8, 308.4), (358.8, 308.4), (372.8, 328.0), (372.8, 350.4), (372.8, 372.8), (372.8, 372.8), (372.8, 372.8), (372.8, 372.8), (372.8, 372.8), (372.8, 372.8), (372.8, 372.8), (372.8, 372.8), (372.8, 372.8), (372.8, 372.8), (372.8, 372.8), (372.8, 372.8), (372.8, 372.8), (372.8, 372.8), (372.8, 372.8), (372.8, 372.8), (372.8, 372.8), (372.8, 372.8), (372.8, 372.8), (372.8, 372.8), (372.8, 372.8), (372.8, 372.8), (372.8, 372.8), (372.8, 372.8), (372.8, 372.8), (372.8, 372.8), (372.8, 372.8), (372.8, 372.8), (372.8, 372.8), (372.8, 372.8), (372.8, 372.8), (372.8, 372.8), (372.8, 372.8)]",0,7.5
speedrunner,bomberman,2,Bomb,1,0,40.32,0.926,"[(48.0, 48.0), (70.4, 45.2), (92.8, 45.2), (115.2, 59.2), (115.2, 81.6), (115.2, 104.0), (132.0, 115.2), (160.0, 115.2), (179.6, 126.4), (179.6, 148.8), (179.6, 171.2), (199.2, 179.6), (227.2, 179.6), (244.0, 193.6), (244.0, 216.0), (244.0, 238.4), (266.4, 244.0), (294.4, 244.0), (308.4, 263.6), (308.4, 286.0), (316.8, 308.4), (339.2, 308.4), (367.2, 314.0), (372.8, 336.4), (372.8, 358.8), (372.8, 372.8), (372.8, 372.8), (372.8, 372.8), (372.8, 372.8), (372.8, 372.8), (372.8, 372.8), (372.8, 372.8), (372.8, 372.8), (372.8, 372.8), (372.8, 372.8), (372.8, 372.8), (372.8, 372.8), (372.8, 372.8), (372.8, 372.8), (372.8, 372.8), (372.8, 372.8), (372.8, 372.8), (372.8, 372.8), (372.8, 372.8), (372.8, 372.8), (372.8, 372.8), (372.8, 372.8), (372.8, 372.8), (372.8, 372.8), (372.8, 372.8), (372.8, 372.8), (372.8, 372.8), (372.8, 372.8), (372.8, 372.8), (372.8, 372.8), (372.8, 372.8), (372.8, 372.8)]",0,7.5
speedrunner,bomberman,2,Bomb,1,0,39.2,0.926,"[(48.0, 48.0), (70.4, 50.8), (101.2, 50.8), (115.2, 67.6), (115.2, 90.0), (118.0, 112.4), (140.4, 115.2), (168.4, 115.2), (179.6, 134.8), (179.6, 157.2), (185.2, 179.6), (207.6, 179.6), (235.6, 179.6), (244.0, 202.0), (244.0, 224.4), (252.4, 244.0), (274.8, 244.0), (302.8, 249.6), (308.4, 272.0), (308.4, 294.4), (325.2, 308.4), (353.2, 308.4), (372.8, 322.4), (372.8, 344.8), (372.8, 367.2), (372.8, 372.8), (372.8, 372.8), (372.8, 372.8), (372.8, 372.8), (372.8, 372.8), (372.8, 372.8), (372.8, 372.8), (372.8, 372.8), (372.8, 372.8), (372.8, 372.8), (372.8, 372.8), (372.8, 372.8), (372.8, 372.8), (372.8, 372.8), (372.8, 372.8), (372.8, 372.8), (372.8, 372.8), (372.8, 372.8), (372.8, 372.8), (372.8, 372.8), (372.8, 372.8), (372.8, 372.8), (372.8, 372.8), (372.8, 372.8), (372.8, 372.8), (372.8, 372.8), (372.8, 372.8), (372.8, 372.8), (372.8, 372.8), (372.8, 372.8), (372.8, 372.8), (372.8, 372.8)]",0,7.5
speedrunner,bomberman,2,Bomb,1,0,40.32,0.926,"[(48.0, 48.0), (70.4, 50.8), (92.8, 45.2), (115.2, 59.2), (115.2, 81.6), (115.2, 104.0), (132.0, 115.2), (160.0, 115.2), (179.6, 126.4), (179.6, 148.8), (179.6, 171.2), (199.2, 179.6), (227.2, 179.6), (244.0, 193.6), (244.0, 216.0), (244.0, 238.4), (266.4, 244.0), (294.4, 244.0), (308.4, 263.6), (308.4, 286.0), (316.8, 308.4), (339.2, 308.4), (367.2, 314.0), (372.8, 336.4), (372.8, 358.8), (372.8, 372.8), (372.8, 372.8), (372.8, 372.8), (372.8, 372.8), (372.8, 372.8), (372.8, 372.8), (372.8, 372.8), (372.8, 372.8), (372.8, 372.8), (372.8, 372.8), (372.8, 372.8), (372.8, 372.8), (372.8, 372.8), (372.8, 372.8), (372.8, 372.8), (372.8, 372.8), (372.8, 372.8), (372.8, 372.8), (372.8, 372.8), (372.8, 372.8), (372.8, 372.8), (372.8, 372.8), (372.8, 372.8), (372.8, 372.8), (372.8, 372.8), (372.8, 372.8), (372.8, 372.8), (372.8, 372.8), (372.8, 372.8), (372.8, 372.8), (372.8, 372.8), (372.8, 372.8)]",0,7.5
speedrunner,bomberman,2,Bomb,1,0,49.28,0.667,"[(48.0, 48.0), (67.6, 45.2), (90.0, 45.2), (112.4, 45.2), (134.8, 45.2), (157.2, 45.2), (179.6, 59.2), (179.6, 81.6), (179.6, 104.0), (196.4, 112.4), (224.4, 109.6), (244.0, 126.4), (244.0, 148.8), (244.0, 171.2), (263.6, 179.6), (291.6, 179.6), (308.4, 196.4), (308.4, 218.8), (311.2, 241.2), (333.6, 244.0), (361.6, 244.0), (364.4, 266.4), (364.4, 288.8), (384.0, 308.4), (406.4, 308.4), (428.8, 308.4), (434.4, 308.4), (434.4, 308.4), (434.4, 308.4), (434.4, 308.4), (434.4, 308.4), (434.4, 308.4), (434.4, 308.4), (434.4, 308.4), (434.4, 308.4), (434.4, 308.4), (434.4, 308.4), (434.4, 308.4), (434.4, 308.4), (434.4, 308.4), (434.4, 308.4), (434.4, 308.4), (434.4, 308.4), (434.4, 308.4), (434.4, 308.4), (434.4, 308.4), (434.4, 308.4), (434.4, 308.4), (434.4, 308.4), (434.4, 308.4), (434.4, 308.4), (434.4, 308.4), (434.4, 308.4), (434.4, 308.4), (434.4, 308.4), (434.4, 308.4), (434.4, 308.4)]",0,7.5
speedrunner,bomberman,2,Bomb,1,0,39.2,0.926,"[(48.0, 48.0), (70.4, 50.8), (101.2, 50.8), (115.2, 67.6), (115.2, 90.0), (118.0, 112.4), (140.4, 115.2), (168.4, 115.2), (179.6, 134.8), (179.6, 157.2), (185.2, 179.6), (207.6, 179.6), (235.6, 179.6), (244.0, 202.0), (244.0, 224.4), (252.4, 244.0), (274.8, 244.0), (302.8, 249.6), (308.4, 272.0), (308.4, 300.0), (330.8, 308.4), (358.8, 308.4), (372.8, 328.0), (372.8, 350.4), (372.8, 372.8), (372.8, 372.8), (372.8, 372.8), (372.8, 372.8), (372.8, 372.8), (372.8, 372.8), (372.8, 372.8), (372.8, 372.8), (372.8, 372.8), (372.8, 372.8), (372.8, 372.8), (372.8, 372.8), (372.8, 372.8), (372.8, 372.8), (372.8, 372.8), (372.8, 372.8), (372.8, 372.8), (372.8, 372.8), (372.8, 372.8), (372.8, 372.8), (372.8, 372.8), (372.8, 372.8), (372.8, 372.8), (372.8, 372.8), (372.8, 372.8), (372.8, 372.8), (372.8, 372.8), (372.8, 372.8), (372.8, 372.8), (372.8, 372.8), (372.8, 372.8), (372.8, 372.8), (372.8, 372.8)]",0,7.5
speedrunner,bomberman,2,Bomb,1,0,40.32,0.926,"[(48.0, 48.0), (70.4, 45.2), (92.8, 45.2), (115.2, 59.2), (115.2, 81.6), (115.2, 106.8), (134.8, 109.6), (162.8, 112.4), (179.6, 129.2), (179.6, 151.6), (179.6, 174.0), (202.0, 179.6), (230.0, 179.6), (244.0, 196.4), (244.0, 218.8), (246.8, 241.2), (269.2, 244.0), (297.2, 244.0), (308.4, 266.4), (308.4, 294.4), (325.2, 308.4), (353.2, 308.4), (372.8, 322.4), (372.8, 344.8), (372.8, 367.2), (372.8, 372.8), (372.8, 372.8), (372.8, 372.8), (372.8, 372.8), (372.8, 372.8), (372.8, 372.8), (372.8, 372.8), (372.8, 372.8), (372.8, 372.8), (372.8, 372.8), (372.8, 372.8), (372.8, 372.8), (372.8, 372.8), (372.8, 372.8), (372.8, 372.8), (372.8, 372.8), (372.8, 372.8), (372.8, 372.8), (372.8, 372.8), (372.8, 372.8), (372.8, 372.8), (372.8, 372.8), (372.8, 372.8), (372.8, 372.8), (372.8, 372.8), (372.8, 372.8), (372.8, 372.8), (372.8, 372.8), (372.8, 372.8), (372.8, 372.8), (372.8, 372.8), (372.8, 372.8)]",0,7.5
speedrunner,bomberman,2,Bomb,1,0,39.95,0.926,"[(48.0, 48.0), (50.8, 70.4), (50.8, 92.8), (56.4, 115.2), (78.8, 115.2), (109.6, 118.0), (115.2, 140.4), (115.2, 162.8), (126.4, 179.6), (151.6, 179.6), (176.8, 185.2), (179.6, 207.6), (179.6, 230.0), (193.6, 244.0), (221.6, 244.0), (244.0, 252.4), (244.0, 274.8), (246.8, 302.8), (269.2, 308.4), (297.2, 308.4), (308.4, 330.8), (308.4, 358.8), (325.2, 372.8), (347.6, 372.8), (370.0, 372.8), (372.8, 372.8), (372.8, 372.8), (372.8, 372.8), (372.8, 372.8), (372.8, 372.8), (372.8, 372.8), (372.8, 372.8), (372.8, 372.8), (372.8, 372.8), (372.8, 372.8), (372.8, 372.8), (372.8, 372.8), (372.8, 372.8), (372.8, 372.8), (372.8, 372.8), (372.8, 372.8), (372.8, 372.8), (372.8, 372.8), (372.8, 372.8), (372.8, 372.8), (372.8, 372.8), (372.8, 372.8), (372.8, 372.8), (372.8, 372.8), (372.8, 372.8), (372.8, 372.8), (372.8, 372.8), (372.8, 372.8), (372.8, 372.8), (372.8, 372.8), (372.8, 372.8), (372.8, 372.8)]",0,7.5
speedrunner,bomberman,2,Bomb,1,0,39.95,0.926,"[(48.0, 48.0), (48.0, 70.4), (48.0, 92.8), (56.4, 115.2), (78.8, 115.2), (109.6, 118.0), (115.2, 140.4), (115.2, 162.8), (126.4, 179.6), (151.6, 179.6), (176.8, 185.2), (179.6, 207.6), (179.6, 230.0), (193.6, 244.0), (221.6, 244.0), (244.0, 252.4), (244.0, 274.8), (244.0, 297.2), (263.6, 308.4), (291.6, 308.4), (308.4, 325.2), (308.4, 353.2), (319.6, 372.8), (342.0, 372.8), (364.4, 372.8), (372.8, 372.8), (372.8, 372.8), (372.8, 372.8), (372.8, 372.8), (372.8, 372.8), (372.8, 372.8), (372.8, 372.8), (372.8, 372.8), (372.8, 372.8), (372.8, 372.8), (372.8, 372.8), (372.8, 372.8), (372.8, 372.8), (372.8, 372.8), (372.8, 372.8), (372.8, 372.8), (372.8, 372.8), (372.8, 372.8), (372.8, 372.8), (372.8, 372.8), (372.8, 372.8), (372.8, 372.8), (372.8, 372.8), (372.8, 372.8), (372.8, 372.8), (372.8, 372.8), (372.8, 372.8), (372.8, 372.8), (372.8, 372.8), (372.8, 372.8), (372.8, 372.8), (372.8, 372.8)]",0,7.5
speedrunner,bomberman,2,Bomb,1,0,39.95,0.926,"[(48.0, 48.0), (48.0, 70.4), (48.0, 92.8), (56.4, 115.2), (78.8, 115.2), (109.6, 118.0), (115.2, 140.4), (115.2, 162.8), (126.4, 179.6), (151.6, 179.6), (176.8, 185.2), (179.6, 207.6), (179.6, 230.0), (193.6, 244.0), (221.6, 244.0), (244.0, 252.4), (244.0, 274.8), (244.0, 297.2), (263.6, 308.4), (291.6, 308.4), (308.4, 325.2), (308.4, 353.2), (319.6, 372.8), (342.0, 372.8), (364.4, 372.8), (372.8, 372.8), (372.8, 372.8), (372.8, 372.8), (372.8, 372.8), (372.8, 372.8), (372.8, 372.8), (372.8, 372.8), (372.8, 372.8), (372.8, 372.8), (372.8, 372.8), (372.8, 372.8), (372.8, 372.8), (372.8, 372.8), (372.8, 372.8), (372.8, 372.8), (372.8, 372.8), (372.8, 372.8), (372.8, 372.8), (372.8, 372.8), (372.8, 372.8), (372.8, 372.8), (372.8, 372.8), (372.8, 372.8), (372.8, 372.8), (372.8, 372.8), (372.8, 372.8), (372.8, 372.8), (372.8, 372.8), (372.8, 372.8), (372.8, 372.8), (372.8, 372.8), (372.8, 372.8)]",0,7.5
speedrunner,bomberman,2,Bomb,1,0,39.95,0.926,"[(48.0, 48.0), (50.8, 70.4), (50.8, 92.8), (56.4, 115.2), (78.8, 115.2), (109.6, 118.0), (115.2, 140.4), (115.2, 162.8), (126.4, 179.6), (151.6, 179.6), (176.8, 185.2), (179.6, 207.6), (179.6, 230.0), (193.6, 244.0), (221.6, 244.0), (244.0, 252.4), (244.0, 274.8), (246.8, 302.8), (269.2, 308.4), (297.2, 308.4), (308.4, 330.8), (308.4, 358.8), (325.2, 372.8), (347.6, 372.8), (370.0, 372.8), (372.8, 372.8), (372.8, 372.8), (372.8, 372.8), (372.8, 372.8), (372.8, 372.8), (372.8, 372.8), (372.8, 372.8), (372.8, 372.8), (372.8, 372.8), (372.8, 372.8), (372.8, 372.8), (372.8, 372.8), (372.8, 372.8), (372.8, 372.8), (372.8, 372.8), (372.8, 372.8), (372.8, 372.8), (372.8, 372.8), (372.8, 372.8), (372.8, 372.8), (372.8, 372.8), (372.8, 372.8), (372.8, 372.8), (372.8, 372.8), (372.8, 372.8), (372.8, 372.8), (372.8, 372.8), (372.8, 372.8), (372.8, 372.8), (372.8, 372.8), (372.8, 372.8), (372.8, 372.8)]",0,7.5
speedrunner,bomberman,2,Bomb,1,0,40.32,0.926,"[(48.0, 48.0), (70.4, 45.2), (92.8, 45.2), (115.2, 59.2), (115.2, 81.6), (115.2, 106.8), (134.8, 109.6), (162.8, 112.4), (179.6, 129.2), (179.6, 151.6), (179.6, 174.0), (202.0, 179.6), (230.0, 179.6), (244.0, 196.4), (244.0, 218.8), (246.8, 241.2), (269.2, 244.0), (297.2, 244.0), (308.4, 266.4), (308.4, 294.4), (325.2, 308.4), (353.2, 308.4), (372.8, 322.4), (372.8, 344.8), (372.8, 367.2), (372.8, 372.8), (372.8, 372.8), (372.8, 372.8), (372.8, 372.8), (372.8, 372.8), (372.8, 372.8), (372.8, 372.8), (372.8, 372.8), (372.8, 372.8), (372.8, 372.8), (372.8, 372.8), (372.8, 372.8), (372.8, 372.8), (372.8, 372.8), (372.8, 372.8), (372.8, 372.8), (372.8, 372.8), (372.8, 372.8), (372.8, 372.8), (372.8, 372.8), (372.8, 372.8), (372.8, 372.8), (372.8, 372.8), (372.8, 372.8), (372.8, 372.8), (372.8, 372.8), (372.8, 372.8), (372.8, 372.8), (372.8, 372.8), (372.8, 372.8), (372.8, 372.8), (372.8, 372.8)]",0,7.5
speedrunner,bomberman,2,Bomb,1,0,39.2,0.926,"[(48.0, 48.0), (70.4, 50.8), (101.2, 50.8), (115.2, 67.6), (115.2, 90.0), (118.0, 112.4), (140.4, 115.2), (168.4, 115.2), (179.6, 134.8), (179.6, 157.2), (185.2, 179.6), (207.6, 179.6), (235.6, 179.6), (244.0, 202.0), (244.0, 224.4), (252.4, 244.0), (274.8, 244.0), (302.8, 249.6), (308.4, 272.0), (308.4, 300.0), (330.8, 308.4), (358.8, 308.4), (372.8, 328.0), (372.8, 350.4), (372.8, 372.8), (372.8, 372.8), (372.8, 372.8), (372.8, 372.8), (372.8, 372.8), (372.8, 372.8), (372.8, 372.8), (372.8, 372.8), (372.8, 372.8), (372.8, 372.8), (372.8, 372.8), (372.8, 372.8), (372.8, 372.8), (372.8, 372.8), (372.8, 372.8), (372.8, 372.8), (372.8, 372.8), (372.8, 372.8), (372.8, 372.8), (372.8, 372.8), (372.8, 372.8), (372.8, 372.8), (372.8, 372.8), (372.8, 372.8), (372.8, 372.8), (372.8, 372.8), (372.8, 372.8), (372.8, 372.8), (372.8, 372.8), (372.8, 372.8), (372.8, 372.8), (372.8, 372.8), (372.8, 372.8)]",0,7.5
speedrunner,bomberman,2,Bomb,1,0,39.95,0.926,"[(48.0, 48.0), (50.8, 70.4), (50.8, 101.2), (64.8, 115.2), (92.8, 115.2), (115.2, 126.4), (115.2, 148.8), (115.2, 174.0), (137.6, 179.6), (165.6, 179.6), (179.6, 196.4), (179.6, 224.4), (188.0, 244.0), (210.4, 244.0), (238.4, 246.8), (244.0, 269.2), (244.0, 297.2), (263.6, 308.4), (291.6, 308.4), (308.4, 325.2), (308.4, 353.2), (319.6, 372.8), (342.0, 372.8), (364.4, 372.8), (372.8, 372.8), (372.8, 372.8), (372.8, 372.8), (372.8, 372.8), (372.8, 372.8), (372.8, 372.8), (372.8, 372.8), (372.8, 372.8), (372.8, 372.8), (372.8, 372.8), (372.8, 372.8), (372.8, 372.8), (372.8, 372.8), (372.8, 372.8), (372.8, 372.8), (372.8, 372.8), (372.8, 372.8), (372.8, 372.8), (372.8, 372.8), (372.8, 372.8), (372.8, 372.8), (372.8, 372.8), (372.8, 372.8), (372.8, 372.8), (372.8, 372.8), (372.8, 372.8), (372.8, 372.8), (372.8, 372.8), (372.8, 372.8), (372.8, 372.8), (372.8, 372.8), (372.8, 372.8), (372.8, 372.8)]",0,7.5
speedrunner,bomberman,2,Stuck,1,0,28.09,0.741,"[(48.0, 48.0), (70.4, 50.8), (101.2, 50.8), (115.2, 67.6), (115.2, 90.0), (118.0, 112.4), (140.4, 115.2), (168.4, 115.2), (179.6, 134.8), (179.6, 157.2), (185.2, 179.6), (207.6, 179.6), (235.6, 179.6), (244.0, 202.0), (244.0, 224.4), (252.4, 244.0), (274.8, 244.0), (302.8, 249.6), (308.4, 272.0), (308.4, 294.4), (325.2, 308.4), (353.2, 308.4), (372.8, 322.4), (372.8, 344.8), (372.8, 367.2), (372.8, 372.8), (372.8, 372.8), (372.8, 372.8), (372.8, 372.8), (372.8, 372.8), (372.8, 372.8), (372.8, 372.8), (372.8, 372.8), (372.8, 372.8), (372.8, 372.8), (372.8, 372.8), (372.8, 372.8), (372.8, 372.8), (372.8, 372.8), (372.8, 372.8), (372.8, 372.8), (372.8, 372.8), (372.8, 372.8), (372.8, 372.8), (372.8, 372.8), (372.8, 372.8), (372.8, 372.8), (372.8, 372.8), (372.8, 372.8), (372.8, 372.8), (372.8, 372.8), (372.8, 372.8), (372.8, 372.8), (372.8, 372.8), (372.8, 372.8), (372.8, 372.8), (372.8, 372.8), (372.8, 372.8), (372.8, 372.8), (372.8, 372.8), (372.8, 372.8), (372.8, 372.8), (372.8, 372.8), (372.8, 372.8), (372.8, 372.8), (372.8, 372.8), (372.8, 372.8), (372.8, 372.8), (372.8, 372.8), (372.8, 372.8), (372.8, 372.8), (372.8, 372.8), (372.8, 372.8), (372.8, 372.8), (372.8, 372.8), (372.8, 372.8), (372.8, 372.8), (372.8, 372.8), (372.8, 372.8)]",0,10.47
speedrunner,bomberman,2,Bomb,1,0,39.2,0.926,"[(48.0, 48.0), (70.4, 50.8), (101.2, 50.8), (115.2, 67.6), (115.2, 90.0), (118.0, 112.4), (140.4, 115.2), (168.4, 115.2), (179.6, 134.8), (179.6, 157.2), (185.2, 179.6), (207.6, 179.6), (235.6, 179.6), (244.0, 202.0), (244.0, 224.4), (252.4, 244.0), (274.8, 244.0), (302.8, 249.6), (308.4, 272.0), (308.4, 300.0), (330.8, 308.4), (358.8, 308.4), (372.8, 328.0), (372.8, 350.4), (372.8, 372.8), (372.8, 372.8), (372.8, 372.8), (372.8, 372.8), (372.8, 372.8), (372.8, 372.8), (372.8, 372.8), (372.8, 372.8), (372.8, 372.8), (372.8, 372.8), (372.8, 372.8), (372.8, 372.8), (372.8, 372.8), (372.8, 372.8), (372.8, 372.8), (372.8, 372.8), (372.8, 372.8), (372.8, 372.8), (372.8, 372.8), (372.8, 372.8), (372.8, 372.8), (372.8, 372.8), (372.8, 372.8), (372.8, 372.8), (372.8, 372.8), (372.8, 372.8), (372.8, 372.8), (372.8, 372.8), (372.8, 372.8), (372.8, 372.8), (372.8, 372.8), (372.8, 372.8), (372.8, 372.8)]",0,7.5
speedrunner,bomberman,2,Stuck,1,0,28.89,0.741,"[(48.0, 48.0), (70.4, 45.2), (92.8, 45.2), (115.2, 59.2), (115.2, 81.6), (115.2, 104.0), (132.0, 112.4), (160.0, 109.6), (179.6, 126.4), (179.6, 148.8), (179.6, 171.2), (199.2, 174.0), (227.2, 176.8), (244.0, 193.6), (244.0, 216.0), (244.0, 238.4), (266.4, 244.0), (294.4, 244.0), (308.4, 263.6), (308.4, 286.0), (316.8, 308.4), (339.2, 308.4), (367.2, 314.0), (372.8, 336.4), (372.8, 358.8), (372.8, 372.8), (372.8, 372.8), (372.8, 372.8), (372.8, 372.8), (372.8, 372.8), (372.8, 372.8), (372.8, 372.8), (372.8, 372.8), (372.8, 372.8), (372.8, 372.8), (372.8, 372.8), (372.8, 372.8), (372.8, 372.8), (372.8, 372.8), (372.8, 372.8), (372.8, 372.8), (372.8, 372.8), (372.8, 372.8), (372.8, 372.8), (372.8, 372.8), (372.8, 372.8), (372.8, 372.8), (372.8, 372.8), (372.8, 372.8), (372.8, 372.8), (372.8, 372.8), (372.8, 372.8), (372.8, 372.8), (372.8, 372.8), (372.8, 372.8), (372.8, 372.8), (372.8, 372.8), (372.8, 372.8), (372.8, 372.8), (372.8, 372.8), (372.8, 372.8), (372.8, 372.8), (372.8, 372.8), (372.8, 372.8), (372.8, 372.8), (372.8, 372.8), (372.8, 372.8), (372.8, 372.8), (372.8, 372.8), (372.8, 372.8), (372.8, 372.8), (372.8, 372.8), (372.8, 372.8), (372.8, 372.8), (372.8, 372.8), (372.8, 372.8), (372.8, 372.8), (372.8, 372.8), (372.8, 372.8)]",0,10.47
speedrunner,bomberman,2,Bomb,1,0,39.2,0.926,"[(48.0, 48.0), (70.4, 50.8), (101.2, 50.8), (115.2, 67.6), (115.2, 90.0), (118.0, 112.4), (140.4, 115.2), (168.4, 115.2), (179.6, 134.8), (179.6, 157.2), (185.2, 179.6), (207.6, 179.6), (235.6, 179.6), (244.0, 202.0), (244.0, 224.4), (252.4, 244.0), (274.8, 244.0), (302.8, 249.6), (308.4, 272.0), (308.4, 294.4), (325.2, 308.4), (353.2, 308.4), (372.8, 322.4), (372.8, 344.8), (372.8, 367.2), (372.8, 372.8), (372.8, 372.8), (372.8, 372.8), (372.8, 372.8), (372.8, 372.8), (372.8, 372.8), (372.8, 372.8), (372.8, 372.8), (372.8, 372.8), (372.8, 372.8), (372.8, 372.8), (372.8, 372.8), (372.8, 372.8), (372.8, 372.8), (372.8, 372.8), (372.8, 372.8), (372.8, 372.8), (372.8, 372.8), (372.8, 372.8), (372.8, 372.8), (372.8, 372.8), (372.8, 372.8), (372.8, 372.8), (372.8, 372.8), (372.8, 372.8), (372.8, 372.8), (372.8, 372.8), (372.8, 372.8), (372.8, 372.8), (372.8, 372.8), (372.8, 372.8), (372.8, 372.8)]",0,7.5
speedrunner,bomberman,2,Bomb,1,0,39.2,0.926,"[(48.0, 48.0), (70.4, 50.8), (101.2, 50.8), (115.2, 67.6), (115.2, 90.0), (118.0, 112.4), (140.4, 115.2), (168.4, 115.2), (179.6, 134.8), (179.6, 157.2), (185.2, 179.6), (207.6, 179.6), (235.6, 179.6), (244.0, 202.0), (244.0, 230.0), (258.0, 244.0), (286.0, 244.0), (308.4, 255.2), (308.4, 277.6), (314.0, 305.6), (336.4, 308.4), (364.4, 311.2), (372.8, 333.6), (372.8, 356.0), (372.8, 372.8), (372.8, 372.8), (372.8, 372.8), (372.8, 372.8), (372.8, 372.8), (372.8, 372.8), (372.8, 372.8), (372.8, 372.8), (372.8, 372.8), (372.8, 372.8), (372.8, 372.8), (372.8, 372.8), (372.8, 372.8), (372.8, 372.8), (372.8, 372.8), (372.8, 372.8), (372.8, 372.8), (372.8, 372.8), (372.8, 372.8), (372.8, 372.8), (372.8, 372.8), (372.8, 372.8), (372.8, 372.8), (372.8, 372.8), (372.8, 372.8), (372.8, 372.8), (372.8, 372.8), (372.8, 372.8), (372.8, 372.8), (372.8, 372.8), (372.8, 372.8), (372.8, 372.8), (372.8, 372.8)]",0,7.5
speedrunner,bomberman,2,Bomb,1,0,39.2,0.926,"[(48.0, 48.0), (70.4, 50.8), (101.2, 50.8), (115.2, 67.6), (115.2, 90.0), (118.0, 112.4), (140.4, 115.2), (168.4, 115.2), (179.6, 134.8), (179.6, 157.2), (185.2, 179.6), (207.6, 179.6), (235.6, 179.6), (244.0, 202.0), (244.0, 230.0), (258.0, 244.0), (286.0, 244.0), (308.4, 255.2), (308.4, 277.6), (314.0, 305.6), (336.4, 308.4), (364.4, 311.2), (372.8, 333.6), (372.8, 356.0), (372.8, 372.8), (372.8, 372.8), (372.8, 372.8), (372.8, 372.8), (372.8, 372.8), (372.8, 372.8), (372.8, 372.8), (372.8, 372.8), (372.8, 372.8), (372.8, 372.8), (372.8, 372.8), (372.8, 372.8), (372.8, 372.8), (372.8, 372.8), (372.8, 372.8), (372.8, 372.8), (372.8, 372.8), (372.8, 372.8), (372.8, 372.8), (372.8, 372.8), (372.8, 372.8), (372.8, 372.8), (372.8, 372.8), (372.8, 372.8), (372.8, 372.8), (372.8, 372.8), (372.8, 372.8), (372.8, 372.8), (372.8, 372.8), (372.8, 372.8), (372.8, 372.8), (372.8, 372.8), (372.8, 372.8)]",0,7.5
speedrunner,bomberman,2,Bomb,1,0,39.2,0.926,"[(48.0, 48.0), (70.4, 50.8), (101.2, 50.8), (115.2, 67.6), (115.2, 90.0), (118.0, 112.4), (140.4, 115.2), (168.4, 115.2), (179.6, 134.8), (179.6, 157.2), (185.2, 179.6), (207.6, 179.6), (235.6, 179.6), (244.0, 202.0), (244.0, 224.4), (252.4, 244.0), (274.8, 244.0), (302.8, 249.6), (308.4, 272.0), (308.4, 294.4), (325.2, 308.4), (353.2, 308.4), (372.8, 322.4), (372.8, 344.8), (372.8, 367.2), (372.8, 372.8), (372.8, 372.8), (372.8, 372.8), (372.8, 372.8), (372.8, 372.8), (372.8, 372.8), (372.8, 372.8), (372.8, 372.8), (372.8, 372.8), (372.8, 372.8), (372.8, 372.8), (372.8, 372.8), (372.8, 372.8), (372.8, 372.8), (372.8, 372.8), (372.8, 372.8), (372.8, 372.8), (372.8, 372.8), (372.8, 372.8), (372.8, 372.8), (372.8, 372.8), (372.8, 372.8), (372.8, 372.8), (372.8, 372.8), (372.8, 372.8), (372.8, 372.8), (372.8, 372.8), (372.8, 372.8), (372.8, 372.8), (372.8, 372.8), (372.8, 372.8), (372.8, 372.8)]",0,7.5
speedrunner,bomberman,2,Bomb,1,0,39.2,0.926,"[(48.0, 48.0), (70.4, 50.8), (101.2, 50.8), (115.2, 67.6), (115.2, 90.0), (118.0, 112.4), (140.4, 115.2), (168.4, 115.2), (179.6, 134.8), (179.6, 157.2), (185.2, 179.6), (207.6, 179.6), (235.6, 179.6), (244.0, 202.0), (244.0, 224.4), (252.4, 244.0), (274.8, 244.0), (302.8, 249.6), (308.4, 272.0), (308.4, 300.0), (330.8, 308.4), (358.8, 308.4), (372.8, 328.0), (372.8, 350.4), (372.8, 372.8), (372.8, 372.8), (372.8, 372.8), (372.8, 372.8), (372.8, 372.8), (372.8, 372.8), (372.8, 372.8), (372.8, 372.8), (372.8, 372.8), (372.8, 372.8), (372.8, 372.8), (372.8, 372.8), (372.8, 372.8), (372.8, 372.8), (372.8, 372.8), (372.8, 372.8), (372.8, 372.8), (372.8, 372.8), (372.8, 372.8), (372.8, 372.8), (372.8, 372.8), (372.8, 372.8), (372.8, 372.8), (372.8, 372.8), (372.8, 372.8), (372.8, 372.8), (372.8, 372.8), (372.8, 372.8), (372.8, 372.8), (372.8, 372.8), (372.8, 372.8), (372.8, 372.8), (372.8, 372.8)]",0,7.5
speedrunner,bomberman,2,Bomb,1,0,39.95,0.926,"[(48.0, 48.0), (50.8, 70.4), (50.8, 101.2), (64.8, 115.2), (92.8, 115.2), (115.2, 126.4), (115.2, 148.8), (115.2, 174.0), (137.6, 179.6), (165.6, 179.6), (179.6, 196.4), (179.6, 224.4), (188.0, 244.0), (210.4, 244.0), (238.4, 246.8), (244.0, 269.2), (244.0, 297.2), (263.6, 308.4), (291.6, 308.4), (308.4, 325.2), (308.4, 353.2), (319.6, 372.8), (342.0, 372.8), (364.4, 372.8), (372.8, 372.8), (372.8, 372.8), (372.8, 372.8), (372.8, 372.8), (372.8, 372.8), (372.8, 372.8), (372.8, 372.8), (372.8, 372.8), (372.8, 372.8), (372.8, 372.8), (372.8, 372.8), (372.8, 372.8), (372.8, 372.8), (372.8, 372.8), (372.8, 372.8), (372.8, 372.8), (372.8, 372.8), (372.8, 372.8), (372.8, 372.8), (372.8, 372.8), (372.8, 372.8), (372.8, 372.8), (372.8, 372.8), (372.8, 372.8), (372.8, 372.8), (372.8, 372.8), (372.8, 372.8), (372.8, 372.8), (372.8, 372.8), (372.8, 372.8), (372.8, 372.8), (372.8, 372.8), (372.8, 372.8)]",0,7.5
speedrunner,bomberman,2,Bomb,1,0,39.2,0.926,"[(48.0, 48.0), (70.4, 50.8), (101.2, 50.8), (115.2, 67.6), (115.2, 95.6), (126.4, 115.2), (151.6, 115.2), (176.8, 120.8), (179.6, 143.2), (179.6, 171.2), (199.2, 179.6), (227.2, 179.6), (244.0, 193.6), (244.0, 218.8), (249.6, 244.0), (272.0, 244.0), (300.0, 246.8), (308.4, 269.2), (308.4, 297.2), (328.0, 308.4), (356.0, 308.4), (372.8, 325.2), (372.8, 347.6), (372.8, 370.0), (372.8, 372.8), (372.8, 372.8), (372.8, 372.8), (372.8, 372.8), (372.8, 372.8), (372.8, 372.8), (372.8, 372.8), (372.8, 372.8), (372.8, 372.8), (372.8, 372.8), (372.8, 372.8), (372.8, 372.8), (372.8, 372.8), (372.8, 372.8), (372.8, 372.8), (372.8, 372.8), (372.8, 372.8), (372.8, 372.8), (372.8, 372.8), (372.8, 372.8), (372.8, 372.8), (372.8, 372.8), (372.8, 372.8), (372.8, 372.8), (372.8, 372.8), (372.8, 372.8), (372.8, 372.8), (372.8, 372.8), (372.8, 372.8), (372.8, 372.8), (372.8, 372.8), (372.8, 372.8), (372.8, 372.8)]",0,7.5
speedrunner,bomberman,2,Bomb,1,0,39.95,0.926,"[(48.0, 48.0), (50.8, 70.4), (50.8, 92.8), (56.4, 115.2), (78.8, 115.2), (109.6, 118.0), (115.2, 140.4), (115.2, 162.8), (126.4, 179.6), (151.6, 179.6), (176.8, 185.2), (179.6, 207.6), (179.6, 235.6), (199.2, 244.0), (227.2, 244.0), (244.0, 258.0), (244.0, 283.2), (252.4, 308.4), (274.8, 308.4), (302.8, 314.0), (308.4, 336.4), (308.4, 364.4), (330.8, 372.8), (353.2, 372.8), (372.8, 372.8), (372.8, 372.8), (372.8, 372.8), (372.8, 372.8), (372.8, 372.8), (372.8, 372.8), (372.8, 372.8), (372.8, 372.8), (372.8, 372.8), (372.8, 372.8), (372.8, 372.8), (372.8, 372.8), (372.8, 372.8), (372.8, 372.8), (372.8, 372.8), (372.8, 372.8), (372.8, 372.8), (372.8, 372.8), (372.8, 372.8), (372.8, 372.8), (372.8, 372.8), (372.8, 372.8), (372.8, 372.8), (372.8, 372.8), (372.8, 372.8), (372.8, 372.8), (372.8, 372.8), (372.8, 372.8), (372.8, 372.8), (372.8, 372.8), (372.8, 372.8), (372.8, 372.8), (372.8, 372.8)]",0,7.5
speedrunner,bomberman,2,Bomb,1,0,39.95,0.926,"[(48.0, 48.0), (50.8, 70.4), (50.8, 92.8), (56.4, 115.2), (78.8, 115.2), (109.6, 118.0), (115.2, 140.4), (115.2, 162.8), (126.4, 179.6), (151.6, 179.6), (176.8, 185.2), (179.6, 207.6), (179.6, 230.0), (193.6, 244.0), (221.6, 244.0), (244.0, 252.4), (244.0, 274.8), (246.8, 302.8), (269.2, 308.4), (297.2, 308.4), (308.4, 330.8), (308.4, 358.8), (325.2, 372.8), (347.6, 372.8), (370.0, 372.8), (372.8, 372.8), (372.8, 372.8), (372.8, 372.8), (372.8, 372.8), (372.8, 372.8), (372.8, 372.8), (372.8, 372.8), (372.8, 372.8), (372.8, 372.8), (372.8, 372.8), (372.8, 372.8), (372.8, 372.8), (372.8, 372.8), (372.8, 372.8), (372.8, 372.8), (372.8, 372.8), (372.8, 372.8), (372.8, 372.8), (372.8, 372.8), (372.8, 372.8), (372.8, 372.8), (372.8, 372.8), (372.8, 372.8), (372.8, 372.8), (372.8, 372.8), (372.8, 372.8), (372.8, 372.8), (372.8, 372.8), (372.8, 372.8), (372.8, 372.8), (372.8, 372.8), (372.8, 372.8)]",0,7.5
speedrunner,bomberman,2,Bomb,1,0,39.2,0.926,"[(48.0, 48.0), (70.4, 50.8), (101.2, 50.8), (115.2, 67.6), (115.2, 90.0), (118.0, 112.4), (140.4, 115.2), (168.4, 115.2), (179.6, 134.8), (179.6, 157.2), (185.2, 179.6), (207.6, 179.6), (235.6, 179.6), (244.0, 202.0), (244.0, 224.4), (252.4, 244.0), (274.8, 244.0), (302.8, 249.6), (308.4, 272.0), (308.4, 300.0), (330.8, 308.4), (358.8, 308.4), (372.8, 328.0), (372.8, 350.4), (372.8, 372.8), (372.8, 372.8), (372.8, 372.8), (372.8, 372.8), (372.8, 372.8), (372.8, 372.8), (372.8, 372.8), (372.8, 372.8), (372.8, 372.8), (372.8, 372.8), (372.8, 372.8), (372.8, 372.8), (372.8, 372.8), (372.8, 372.8), (372.8, 372.8), (372.8, 372.8), (372.8, 372.8), (372.8, 372.8), (372.8, 372.8), (372.8, 372.8), (372.8, 372.8), (372.8, 372.8), (372.8, 372.8), (372.8, 372.8), (372.8, 372.8), (372.8, 372.8), (372.8, 372.8), (372.8, 372.8), (372.8, 372.8), (372.8, 372.8), (372.8, 372.8), (372.8, 372.8), (372.8, 372.8)]",0,7.5
speedrunner,bomberman,2,Bomb,1,0,39.95,0.926,"[(48.0, 48.0), (50.8, 70.4), (50.8, 101.2), (64.8, 115.2), (92.8, 115.2), (115.2, 126.4), (115.2, 148.8), (115.2, 171.2), (134.8, 179.6), (162.8, 179.6), (179.6, 193.6), (179.6, 218.8), (185.2, 244.0), (207.6, 244.0), (235.6, 244.0), (244.0, 266.4), (244.0, 294.4), (260.8, 308.4), (288.8, 308.4), (308.4, 322.4), (308.4, 347.6), (316.8, 372.8), (339.2, 372.8), (361.6, 372.8), (372.8, 372.8), (372.8, 372.8), (372.8, 372.8), (372.8, 372.8), (372.8, 372.8), (372.8, 372.8), (372.8, 372.8), (372.8, 372.8), (372.8, 372.8), (372.8, 372.8), (372.8, 372.8), (372.8, 372.8), (372.8, 372.8), (372.8, 372.8), (372.8, 372.8), (372.8, 372.8), (372.8, 372.8), (372.8, 372.8), (372.8, 372.8), (372.8, 372.8), (372.8, 372.8), (372.8, 372.8), (372.8, 372.8), (372.8, 372.8), (372.8, 372.8), (372.8, 372.8), (372.8, 372.8), (372.8, 372.8), (372.8, 372.8), (372.8, 372.8), (372.8, 372.8), (372.8, 372.8), (372.8, 372.8)]",0,7.5
speedrunner,bomberman,2,Bomb,1,0,39.95,0.926,"[(48.0, 48.0), (50.8, 70.4), (50.8, 101.2), (64.8, 115.2), (92.8, 115.2), (115.2, 126.4), (115.2, 148.8), (115.2, 171.2), (134.8, 179.6), (162.8, 179.6), (179.6, 193.6), (179.6, 218.8), (185.2, 244.0), (207.6, 244.0), (235.6, 244.0), (244.0, 266.4), (244.0, 294.4), (260.8, 308.4), (288.8, 308.4), (308.4, 322.4), (308.4, 347.6), (316.8, 372.8), (339.2, 372.8), (361.6, 372.8), (372.8, 372.8), (372.8, 372.8), (372.8, 372.8), (372.8, 372.8), (372.8, 372.8), (372.8, 372.8), (372.8, 372.8), (372.8, 372.8), (372.8, 372.8), (372.8, 372.8), (372.8, 372.8), (372.8, 372.8), (372.8, 372.8), (372.8, 372.8), (372.8, 372.8), (372.8, 372.8), (372.8, 372.8), (372.8, 372.8), (372.8, 372.8), (372.8, 372.8), (372.8, 372.8), (372.8, 372.8), (372.8, 372.8), (372.8, 372.8), (372.8, 372.8), (372.8, 372.8), (372.8, 372.8), (372.8, 372.8), (372.8, 372.8), (372.8, 372.8), (372.8, 372.8), (372.8, 372.8), (372.8, 372.8)]",0,7.5
speedrunner,bomberman,2,Bomb,1,0,39.95,0.926,"[(48.0, 48.0), (50.8, 70.4), (50.8, 101.2), (64.8, 115.2), (92.8, 115.2), (115.2, 126.4), (115.2, 148.8), (115.2, 171.2), (134.8, 179.6), (162.8, 179.6), (179.6, 193.6), (179.6, 218.8), (185.2, 244.0), (207.6, 244.0), (235.6, 244.0), (244.0, 266.4), (244.0, 294.4), (260.8, 308.4), (288.8, 308.4), (308.4, 322.4), (308.4, 347.6), (316.8, 372.8), (339.2, 372.8), (361.6, 372.8), (372.8, 372.8), (372.8, 372.8), (372.8, 372.8), (372.8, 372.8), (372.8, 372.8), (372.8, 372.8), (372.8, 372.8), (372.8, 372.8), (372.8, 372.8), (372.8, 372.8), (372.8, 372.8), (372.8, 372.8), (372.8, 372.8), (372.8, 372.8), (372.8, 372.8), (372.8, 372.8), (372.8, 372.8), (372.8, 372.8), (372.8, 372.8), (372.8, 372.8), (372.8, 372.8), (372.8, 372.8), (372.8, 372.8), (372.8, 372.8), (372.8, 372.8), (372.8, 372.8), (372.8, 372.8), (372.8, 372.8), (372.8, 372.8), (372.8, 372.8), (372.8, 372.8), (372.8, 372.8), (372.8, 372.8)]",0,7.5
speedrunner,bomberman,2,Bomb,1,0,39.95,0.926,"[(48.0, 48.0), (50.8, 70.4), (50.8, 101.2), (64.8, 115.2), (92.8, 115.2), (115.2, 126.4), (115.2, 148.8), (115.2, 171.2), (134.8, 179.6), (162.8, 179.6), (179.6, 193.6), (179.6, 218.8), (185.2, 244.0), (207.6, 244.0), (235.6, 244.0), (244.0, 266.4), (244.0, 294.4), (260.8, 308.4), (288.8, 308.4), (308.4, 322.4), (308.4, 347.6), (316.8, 372.8), (339.2, 372.8), (361.6, 372.8), (372.8, 372.8), (372.8, 372.8), (372.8, 372.8), (372.8, 372.8), (372.8, 372.8), (372.8, 372.8), (372.8, 372.8), (372.8, 372.8), (372.8, 372.8), (372.8, 372.8), (372.8, 372.8), (372.8, 372.8), (372.8, 372.8), (372.8, 372.8), (372.8, 372.8), (372.8, 372.8), (372.8, 372.8), (372.8, 372.8), (372.8, 372.8), (372.8, 372.8), (372.8, 372.8), (372.8, 372.8), (372.8, 372.8), (372.8, 372.8), (372.8, 372.8), (372.8, 372.8), (372.8, 372.8), (372.8, 372.8), (372.8, 372.8), (372.8, 372.8), (372.8, 372.8), (372.8, 372.8), (372.8, 372.8)]",0,7.5
speedrunner,bomberman,2,Bomb,1,0,39.2,0.926,"[(48.0, 48.0), (70.4, 50.8), (101.2, 50.8), (115.2, 67.6), (115.2, 90.0), (118.0, 112.4), (140.4, 115.2), (168.4, 115.2), (179.6, 134.8), (179.6, 157.2), (185.2, 179.6), (207.6, 179.6), (235.6, 179.6), (244.0, 202.0), (244.0, 224.4), (252.4, 244.0), (274.8, 244.0), (302.8, 249.6), (308.4, 272.0), (308.4, 300.0), (330.8, 308.4), (358.8, 308.4), (372.8, 328.0), (372.8, 350.4), (372.8, 372.8), (372.8, 372.8), (372.8, 372.8), (372.8, 372.8), (372.8, 372.8), (372.8, 372.8), (372.8, 372.8), (372.8, 372.8), (372.8, 372.8), (372.8, 372.8), (372.8, 372.8), (372.8, 372.8), (372.8, 372.8), (372.8, 372.8), (372.8, 372.8), (372.8, 372.8), (372.8, 372.8), (372.8, 372.8), (372.8, 372.8), (372.8, 372.8), (372.8, 372.8), (372.8, 372.8), (372.8, 372.8), (372.8, 372.8), (372.8, 372.8), (372.8, 372.8), (372.8, 372.8), (372.8, 372.8), (372.8, 372.8), (372.8, 372.8), (372.8, 372.8), (372.8, 372.8), (372.8, 372.8)]",0,7.5
speedrunner,bomberman,2,Bomb,1,0,39.95,0.926,"[(48.0, 48.0), (50.8, 70.4), (50.8, 92.8), (56.4, 115.2), (78.8, 115.2), (109.6, 118.0), (115.2, 140.4), (115.2, 162.8), (126.4, 179.6), (151.6, 179.6), (176.8, 185.2), (179.6, 207.6), (179.6, 230.0), (193.6, 244.0), (221.6, 244.0), (244.0, 252.4), (244.0, 274.8), (246.8, 302.8), (269.2, 308.4), (297.2, 308.4), (308.4, 330.8), (308.4, 358.8), (325.2, 372.8), (347.6, 372.8), (370.0, 372.8), (372.8, 372.8), (372.8, 372.8), (372.8, 372.8), (372.8, 372.8), (372.8, 372.8), (372.8, 372.8), (372.8, 372.8), (372.8, 372.8), (372.8, 372.8), (372.8, 372.8), (372.8, 372.8), (372.8, 372.8), (372.8, 372.8), (372.8, 372.8), (372.8, 372.8), (372.8, 372.8), (372.8, 372.8), (372.8, 372.8), (372.8, 372.8), (372.8, 372.8), (372.8, 372.8), (372.8, 372.8), (372.8, 372.8), (372.8, 372.8), (372.8, 372.8), (372.8, 372.8), (372.8, 372.8), (372.8, 372.8), (372.8, 372.8), (372.8, 372.8), (372.8, 372.8), (372.8, 372.8)]",0,7.5
speedrunner,bomberman,2,Bomb,1,0,39.95,0.926,"[(48.0, 48.0), (50.8, 70.4), (50.8, 92.8), (56.4, 115.2), (78.8, 115.2), (109.6, 118.0), (115.2, 140.4), (115.2, 162.8), (126.4, 179.6), (151.6, 179.6), (176.8, 185.2), (179.6, 207.6), (179.6, 232.8), (196.4, 244.0), (224.4, 244.0), (244.0, 255.2), (244.0, 277.6), (249.6, 305.6), (272.0, 308.4), (300.0, 311.2), (308.4, 333.6), (308.4, 361.6), (328.0, 372.8), (350.4, 372.8), (372.8, 372.8), (372.8, 372.8), (372.8, 372.8), (372.8, 372.8), (372.8, 372.8), (372.8, 372.8), (372.8, 372.8), (372.8, 372.8), (372.8, 372.8), (372.8, 372.8), (372.8, 372.8), (372.8, 372.8), (372.8, 372.8), (372.8, 372.8), (372.8, 372.8), (372.8, 372.8), (372.8, 372.8), (372.8, 372.8), (372.8, 372.8), (372.8, 372.8), (372.8, 372.8), (372.8, 372.8), (372.8, 372.8), (372.8, 372.8), (372.8, 372.8), (372.8, 372.8), (372.8, 372.8), (372.8, 372.8), (372.8, 372.8), (372.8, 372.8), (372.8, 372.8), (372.8, 372.8), (372.8, 372.8)]",0,7.5
speedrunner,bomberman,2,Bomb,1,0,47.04,0.63,"[(48.0, 48.0), (50.8, 70.4), (50.8, 92.8), (56.4, 115.2), (78.8, 115.2), (109.6, 118.0), (115.2, 140.4), (115.2, 162.8), (126.4, 179.6), (151.6, 179.6), (176.8, 185.2), (179.6, 207.6), (179.6, 230.0), (193.6, 244.0), (221.6, 244.0), (244.0, 252.4), (244.0, 274.8), (246.8, 302.8), (269.2, 308.4), (297.2, 308.4), (308.4, 330.8), (308.4, 333.6), (308.4, 333.6), (308.4, 333.6), (308.4, 333.6), (308.4, 333.6), (308.4, 333.6), (308.4, 333.6), (308.4, 333.6), (308.4, 333.6), (308.4, 333.6), (308.4, 333.6), (308.4, 333.6), (308.4, 333.6), (308.4, 333.6), (308.4, 333.6), (308.4, 333.6), (308.4, 333.6)]",0,5.0
speedrunner,bomberman,2,Bomb,1,0,39.95,0.926,"[(48.0, 48.0), (50.8, 70.4), (50.8, 92.8), (56.4, 115.2), (78.8, 115.2), (109.6, 118.0), (115.2, 140.4), (115.2, 162.8), (126.4, 179.6), (151.6, 179.6), (176.8, 185.2), (179.6, 207.6), (179.6, 230.0), (193.6, 244.0), (221.6, 244.0), (244.0, 252.4), (244.0, 274.8), (244.0, 297.2), (263.6, 308.4), (291.6, 308.4), (308.4, 325.2), (308.4, 347.6), (314.0, 370.0), (336.4, 372.8), (358.8, 372.8), (372.8, 372.8), (372.8, 372.8), (372.8, 372.8), (372.8, 372.8), (372.8, 372.8), (372.8, 372.8), (372.8, 372.8), (372.8, 372.8), (372.8, 372.8), (372.8, 372.8), (372.8, 372.8), (372.8, 372.8), (372.8, 372.8), (372.8, 372.8), (372.8, 372.8), (372.8, 372.8), (372.8, 372.8), (372.8, 372.8), (372.8, 372.8), (372.8, 372.8), (372.8, 372.8), (372.8, 372.8), (372.8, 372.8), (372.8, 372.8), (372.8, 372.8), (372.8, 372.8), (372.8, 372.8), (372.8, 372.8), (372.8, 372.8), (372.8, 372.8), (372.8, 372.8), (372.8, 372.8)]",0,7.5
speedrunner,bomberman,2,Bomb,1,0,39.2,0.926,"[(48.0, 48.0), (70.4, 50.8), (101.2, 50.8), (115.2, 67.6), (115.2, 95.6), (126.4, 115.2), (151.6, 115.2), (176.8, 120.8), (179.6, 143.2), (179.6, 171.2), (199.2, 179.6), (227.2, 179.6), (244.0, 193.6), (244.0, 218.8), (249.6, 244.0), (272.0, 244.0), (300.0, 246.8), (308.4, 269.2), (308.4, 297.2), (328.0, 308.4), (356.0, 308.4), (372.8, 325.2), (372.8, 347.6), (372.8, 370.0), (372.8, 372.8), (372.8, 372.8), (372.8, 372.8), (372.8, 372.8), (372.8, 372.8), (372.8, 372.8), (372.8, 372.8), (372.8, 372.8), (372.8, 372.8), (372.8, 372.8), (372.8, 372.8), (372.8, 372.8), (372.8, 372.8), (372.8, 372.8), (372.8, 372.8), (372.8, 372.8), (372.8, 372.8), (372.8, 372.8), (372.8, 372.8), (372.8, 372.8), (372.8, 372.8), (372.8, 372.8), (372.8, 372.8), (372.8, 372.8), (372.8, 372.8), (372.8, 372.8), (372.8, 372.8), (372.8, 372.8), (372.8, 372.8), (372.8, 372.8), (372.8, 372.8), (372.8, 372.8), (372.8, 372.8)]",0,7.5
speedrunner,bomberman,2,Bomb,1,0,39.2,0.926,"[(48.0, 48.0), (70.4, 50.8), (101.2, 50.8), (115.2, 67.6), (115.2, 90.0), (118.0, 112.4), (140.4, 115.2), (168.4, 115.2), (179.6, 134.8), (179.6, 157.2), (185.2, 179.6), (207.6, 179.6), (235.6, 179.6), (244.0, 202.0), (244.0, 224.4), (252.4, 244.0), (274.8, 244.0), (302.8, 249.6), (308.4, 272.0), (308.4, 294.4), (325.2, 308.4), (353.2, 308.4), (372.8, 322.4), (372.8, 344.8), (372.8, 367.2), (372.8, 372.8), (372.8, 372.8), (372.8, 372.8), (372.8, 372.8), (372.8, 372.8), (372.8, 372.8), (372.8, 372.8), (372.8, 372.8), (372.8, 372.8), (372.8, 372.8), (372.8, 372.8), (372.8, 372.8), (372.8, 372.8), (372.8, 372.8), (372.8, 372.8), (372.8, 372.8), (372.8, 372.8), (372.8, 372.8), (372.8, 372.8), (372.8, 372.8), (372.8, 372.8), (372.8, 372.8), (372.8, 372.8), (372.8, 372.8), (372.8, 372.8), (372.8, 372.8), (372.8, 372.8), (372.8, 372.8), (372.8, 372.8), (372.8, 372.8), (372.8, 372.8), (372.8, 372.8)]",0,7.5
speedrunner,bomberman,2,Bomb,1,0,39.2,0.926,"[(48.0, 48.0), (70.4, 50.8), (101.2, 50.8), (115.2, 67.6), (115.2, 95.6), (126.4, 115.2), (151.6, 115.2), (176.8, 120.8), (179.6, 143.2), (179.6, 171.2), (199.2, 179.6), (227.2, 179.6), (244.0, 193.6), (244.0, 218.8), (249.6, 244.0), (272.0, 244.0), (300.0, 246.8), (308.4, 269.2), (308.4, 297.2), (328.0, 308.4), (356.0, 308.4), (372.8, 325.2), (372.8, 347.6), (372.8, 370.0), (372.8, 372.8), (372.8, 372.8), (372.8, 372.8), (372.8, 372.8), (372.8, 372.8), (372.8, 372.8), (372.8, 372.8), (372.8, 372.8), (372.8, 372.8), (372.8, 372.8), (372.8, 372.8), (372.8, 372.8), (372.8, 372.8), (372.8, 372.8), (372.8, 372.8), (372.8, 372.8), (372.8, 372.8), (372.8, 372.8), (372.8, 372.8), (372.8, 372.8), (372.8, 372.8), (372.8, 372.8), (372.8, 372.8), (372.8, 372.8), (372.8, 372.8), (372.8, 372.8), (372.8, 372.8), (372.8, 372.8), (372.8, 372.8), (372.8, 372.8), (372.8, 372.8), (372.8, 372.8), (372.8, 372.8)]",0,7.5
speedrunner,bomberman,2,Bomb,1,0,39.2,0.926,"[(48.0, 48.0), (70.4, 50.8), (101.2, 50.8), (115.2, 67.6), (115.2, 95.6), (126.4, 115.2), (151.6, 115.2), (176.8, 120.8), (179.6, 143.2), (179.6, 171.2), (199.2, 179.6), (227.2, 179.6), (244.0, 193.6), (244.0, 218.8), (249.6, 244.0), (272.0, 244.0), (300.0, 246.8), (308.4, 269.2), (308.4, 297.2), (328.0, 308.4), (356.0, 308.4), (372.8, 325.2), (372.8, 347.6), (372.8, 370.0), (372.8, 372.8), (372.8, 372.8), (372.8, 372.8), (372.8, 372.8), (372.8, 372.8), (372.8, 372.8), (372.8, 372.8), (372.8, 372.8), (372.8, 372.8), (372.8, 372.8), (372.8, 372.8), (372.8, 372.8), (372.8, 372.8), (372.8, 372.8), (372.8, 372.8), (372.8, 372.8), (372.8, 372.8), (372.8, 372.8), (372.8, 372.8), (372.8, 372.8), (372.8, 372.8), (372.8, 372.8), (372.8, 372.8), (372.8, 372.8), (372.8, 372.8), (372.8, 372.8), (372.8, 372.8), (372.8, 372.8), (372.8, 372.8), (372.8, 372.8), (372.8, 372.8), (372.8, 372.8), (372.8, 372.8)]",0,7.5
speedrunner,bomberman,2,Bomb,1,0,39.2,0.926,"[(48.0, 48.0), (70.4, 50.8), (101.2, 50.8), (115.2, 67.6), (115.2, 90.0), (118.0, 112.4), (140.4, 115.2), (168.4, 115.2), (179.6, 134.8), (179.6, 157.2), (185.2, 179.6), (207.6, 179.6), (235.6, 179.6), (244.0, 202.0), (244.0, 224.4), (252.4, 244.0), (274.8, 244.0), (302.8, 249.6), (308.4, 272.0), (308.4, 294.4), (325.2, 308.4), (353.2, 308.4), (372.8, 322.4), (372.8, 344.8), (372.8, 367.2), (372.8, 372.8), (372.8, 372.8), (372.8, 372.8), (372.8, 372.8), (372.8, 372.8), (372.8, 372.8), (372.8, 372.8), (372.8, 372.8), (372.8, 372.8), (372.8, 372.8), (372.8, 372.8), (372.8, 372.8), (372.8, 372.8), (372.8, 372.8), (372.8, 372.8), (372.8, 372.8), (372.8, 372.8), (372.8, 372.8), (372.8, 372.8), (372.8, 372.8), (372.8, 372.8), (372.8, 372.8), (372.8, 372.8), (372.8, 372.8), (372.8, 372.8), (372.8, 372.8), (372.8, 372.8), (372.8, 372.8), (372.8, 372.8), (372.8, 372.8), (372.8, 372.8), (372.8, 372.8)]",0,7.5
speedrunner,bomberman,2,Bomb,1,0,39.2,0.926,"[(48.0, 48.0), (70.4, 50.8), (101.2, 50.8), (115.2, 67.6), (115.2, 95.6), (126.4, 115.2), (151.6, 115.2), (176.8, 120.8), (179.6, 143.2), (179.6, 171.2), (199.2, 179.6), (227.2, 179.6), (244.0, 193.6), (244.0, 218.8), (249.6, 244.0), (272.0, 244.0), (300.0, 246.8), (308.4, 269.2), (308.4, 297.2), (328.0, 308.4), (356.0, 308.4), (372.8, 325.2), (372.8, 347.6), (372.8, 370.0), (372.8, 372.8), (372.8, 372.8), (372.8, 372.8), (372.8, 372.8), (372.8, 372.8), (372.8, 372.8), (372.8, 372.8), (372.8, 372.8), (372.8, 372.8), (372.8, 372.8), (372.8, 372.8), (372.8, 372.8), (372.8, 372.8), (372.8, 372.8), (372.8, 372.8), (372.8, 372.8), (372.8, 372.8), (372.8, 372.8), (372.8, 372.8), (372.8, 372.8), (372.8, 372.8), (372.8, 372.8), (372.8, 372.8), (372.8, 372.8), (372.8, 372.8), (372.8, 372.8), (372.8, 372.8), (372.8, 372.8), (372.8, 372.8), (372.8, 372.8), (372.8, 372.8), (372.8, 372.8), (372.8, 372.8)]",0,7.5
speedrunner,bomberman,2,Bomb,1,0,39.95,0.926,"[(48.0, 48.0), (50.8, 70.4), (50.8, 92.8), (56.4, 115.2), (78.8, 115.2), (109.6, 118.0), (115.2, 140.4), (115.2, 162.8), (126.4, 179.6), (151.6, 179.6), (176.8, 185.2), (179.6, 207.6), (179.6, 230.0), (193.6, 244.0), (221.6, 244.0), (244.0, 252.4), (244.0, 274.8), (244.0, 297.2), (263.6, 308.4), (291.6, 308.4), (308.4, 325.2), (308.4, 347.6), (314.0, 370.0), (336.4, 372.8), (358.8, 372.8), (372.8, 372.8), (372.8, 372.8), (372.8, 372.8), (372.8, 372.8), (372.8, 372.8), (372.8, 372.8), (372.8, 372.8), (372.8, 372.8), (372.8, 372.8), (372.8, 372.8), (372.8, 372.8), (372.8, 372.8), (372.8, 372.8), (372.8, 372.8), (372.8, 372.8), (372.8, 372.8), (372.8, 372.8), (372.8, 372.8), (372.8, 372.8), (372.8, 372.8), (372.8, 372.8), (372.8, 372.8), (372.8, 372.8), (372.8, 372.8), (372.8, 372.8), (372.8, 372.8), (372.8, 372.8), (372.8, 372.8), (372.8, 372.8), (372.8, 372.8), (372.8, 372.8), (372.8, 372.8)]",0,7.5
speedrunner,bomberman,2,Bomb,1,0,39.2,0.926,"[(48.0, 48.0), (70.4, 50.8), (101.2, 50.8), (115.2, 67.6), (115.2, 95.6), (126.4, 115.2), (151.6, 115.2), (176.8, 120.8), (179.6, 143.2), (179.6, 171.2), (199.2, 179.6), (227.2, 179.6), (244.0, 193.6), (244.0, 218.8), (249.6, 244.0), (272.0, 244.0), (300.0, 246.8), (308.4, 269.2), (308.4, 297.2), (328.0, 308.4), (356.0, 308.4), (372.8, 325.2), (372.8, 347.6), (372.8, 370.0), (372.8, 372.8), (372.8, 372.8), (372.8, 372.8), (372.8, 372.8), (372.8, 372.8), (372.8, 372.8), (372.8, 372.8), (372.8, 372.8), (372.8, 372.8), (372.8, 372.8), (372.8, 372.8), (372.8, 372.8), (372.8, 372.8), (372.8, 372.8), (372.8, 372.8), (372.8, 372.8), (372.8, 372.8), (372.8, 372.8), (372.8, 372.8), (372.8, 372.8), (372.8, 372.8), (372.8, 372.8), (372.8, 372.8), (372.8, 372.8), (372.8, 372.8), (372.8, 372.8), (372.8, 372.8), (372.8, 372.8), (372.8, 372.8), (372.8, 372.8), (372.8, 372.8), (372.8, 372.8), (372.8, 372.8)]",0,7.5
speedrunner,bomberman,2,Bomb,1,0,39.95,0.926,"[(48.0, 48.0), (50.8, 70.4), (50.8, 101.2), (64.8, 115.2), (92.8, 115.2), (115.2, 126.4), (115.2, 148.8), (118.0, 176.8), (140.4, 179.6), (168.4, 179.6), (179.6, 199.2), (179.6, 227.2), (190.8, 244.0), (216.0, 244.0), (241.2, 249.6), (244.0, 272.0), (244.0, 300.0), (266.4, 308.4), (294.4, 308.4), (308.4, 328.0), (308.4, 356.0), (322.4, 372.8), (344.8, 372.8), (367.2, 372.8), (372.8, 372.8), (372.8, 372.8), (372.8, 372.8), (372.8, 372.8), (372.8, 372.8), (372.8, 372.8), (372.8, 372.8), (372.8, 372.8), (372.8, 372.8), (372.8, 372.8), (372.8, 372.8), (372.8, 372.8), (372.8, 372.8), (372.8, 372.8), (372.8, 372.8), (372.8, 372.8), (372.8, 372.8), (372.8, 372.8), (372.8, 372.8), (372.8, 372.8), (372.8, 372.8), (372.8, 372.8), (372.8, 372.8), (372.8, 372.8), (372.8, 372.8), (372.8, 372.8), (372.8, 372.8), (372.8, 372.8), (372.8, 372.8), (372.8, 372.8), (372.8, 372.8), (372.8, 372.8), (372.8, 372.8)]",0,7.5
speedrunner,bomberman,2,Bomb,1,0,39.2,0.926,"[(48.0, 48.0), (70.4, 50.8), (101.2, 50.8), (115.2, 67.6), (115.2, 95.6), (126.4, 115.2), (151.6, 115.2), (176.8, 120.8), (179.6, 143.2), (179.6, 171.2), (199.2, 179.6), (227.2, 179.6), (244.0, 193.6), (244.0, 218.8), (249.6, 244.0), (272.0, 244.0), (300.0, 246.8), (308.4, 269.2), (308.4, 297.2), (328.0, 308.4), (356.0, 308.4), (372.8, 325.2), (372.8, 347.6), (372.8, 370.0), (372.8, 372.8), (372.8, 372.8), (372.8, 372.8), (372.8, 372.8), (372.8, 372.8), (372.8, 372.8), (372.8, 372.8), (372.8, 372.8), (372.8, 372.8), (372.8, 372.8), (372.8, 372.8), (372.8, 372.8), (372.8, 372.8), (372.8, 372.8), (372.8, 372.8), (372.8, 372.8), (372.8, 372.8), (372.8, 372.8), (372.8, 372.8), (372.8, 372.8), (372.8, 372.8), (372.8, 372.8), (372.8, 372.8), (372.8, 372.8), (372.8, 372.8), (372.8, 372.8), (372.8, 372.8), (372.8, 372.8), (372.8, 372.8), (372.8, 372.8), (372.8, 372.8), (372.8, 372.8), (372.8, 372.8)]",0,7.5
speedrunner,bomberman,2,Bomb,1,0,39.2,0.926,"[(48.0, 48.0), (70.4, 50.8), (101.2, 50.8), (115.2, 67.6), (115.2, 95.6), (126.4, 115.2), (151.6, 115.2), (176.8, 120.8), (179.6, 143.2), (179.6, 171.2), (199.2, 179.6), (227.2, 179.6), (244.0, 193.6), (244.0, 218.8), (249.6, 244.0), (272.0, 244.0), (300.0, 246.8), (308.4, 269.2), (308.4, 297.2), (328.0, 308.4), (356.0, 308.4), (372.8, 325.2), (372.8, 347.6), (372.8, 370.0), (372.8, 372.8), (372.8, 372.8), (372.8, 372.8), (372.8, 372.8), (372.8, 372.8), (372.8, 372.8), (372.8, 372.8), (372.8, 372.8), (372.8, 372.8), (372.8, 372.8), (372.8, 372.8), (372.8, 372.8), (372.8, 372.8), (372.8, 372.8), (372.8, 372.8), (372.8, 372.8), (372.8, 372.8), (372.8, 372.8), (372.8, 372.8), (372.8, 372.8), (372.8, 372.8), (372.8, 372.8), (372.8, 372.8), (372.8, 372.8), (372.8, 372.8), (372.8, 372.8), (372.8, 372.8), (372.8, 372.8), (372.8, 372.8), (372.8, 372.8), (372.8, 372.8), (372.8, 372.8), (372.8, 372.8)]",0,7.5
speedrunner,bomberman,2,Bomb,1,0,39.95,0.926,"[(48.0, 48.0), (50.8, 70.4), (50.8, 92.8), (56.4, 115.2), (78.8, 115.2), (109.6, 118.0), (115.2, 140.4), (115.2, 162.8), (126.4, 179.6), (151.6, 179.6), (176.8, 185.2), (179.6, 207.6), (179.6, 230.0), (193.6, 244.0), (221.6, 244.0), (244.0, 252.4), (244.0, 274.8), (244.0, 297.2), (263.6, 308.4), (291.6, 308.4), (308.4, 325.2), (308.4, 353.2), (319.6, 372.8), (342.0, 372.8), (364.4, 372.8), (372.8, 372.8), (372.8, 372.8), (372.8, 372.8), (372.8, 372.8), (372.8, 372.8), (372.8, 372.8), (372.8, 372.8), (372.8, 372.8), (372.8, 372.8), (372.8, 372.8), (372.8, 372.8), (372.8, 372.8), (372.8, 372.8), (372.8, 372.8), (372.8, 372.8), (372.8, 372.8), (372.8, 372.8), (372.8, 372.8), (372.8, 372.8), (372.8, 372.8), (372.8, 372.8), (372.8, 372.8), (372.8, 372.8), (372.8, 372.8), (372.8, 372.8), (372.8, 372.8), (372.8, 372.8), (372.8, 372.8), (372.8, 372.8), (372.8, 372.8), (372.8, 372.8), (372.8, 372.8)]",0,7.5
speedrunner,bomberman,2,Bomb,1,0,39.2,0.926,"[(48.0, 48.0), (70.4, 50.8), (101.2, 50.8), (115.2, 67.6), (115.2, 90.0), (118.0, 112.4), (140.4, 115.2), (168.4, 115.2), (179.6, 134.8), (179.6, 157.2), (185.2, 179.6), (207.6, 179.6), (235.6, 179.6), (244.0, 202.0), (244.0, 224.4), (252.4, 244.0), (274.8, 244.0), (302.8, 249.6), (308.4, 272.0), (308.4, 294.4), (325.2, 308.4), (353.2, 308.4), (372.8, 322.4), (372.8, 344.8), (372.8, 367.2), (372.8, 372.8), (372.8, 372.8), (372.8, 372.8), (372.8, 372.8), (372.8, 372.8), (372.8, 372.8), (372.8, 372.8), (372.8, 372.8), (372.8, 372.8), (372.8, 372.8), (372.8, 372.8), (372.8, 372.8), (372.8, 372.8), (372.8, 372.8), (372.8, 372.8), (372.8, 372.8), (372.8, 372.8), (372.8, 372.8), (372.8, 372.8), (372.8, 372.8), (372.8, 372.8), (372.8, 372.8), (372.8, 372.8), (372.8, 372.8), (372.8, 372.8), (372.8, 372.8), (372.8, 372.8), (372.8, 372.8), (372.8, 372.8), (372.8, 372.8), (372.8, 372.8), (372.8, 372.8)]",0,7.5
speedrunner,bomberman,2,Bomb,1,0,39.2,0.926,"[(48.0, 48.0), (70.4, 50.8), (101.2, 50.8), (115.2, 67.6), (115.2, 90.0), (118.0, 112.4), (140.4, 115.2), (168.4, 115.2), (179.6, 134.8), (179.6, 157.2), (185.2, 179.6), (207.6, 179.6), (235.6, 179.6), (244.0, 202.0), (244.0, 224.4), (252.4, 244.0), (274.8, 244.0), (302.8, 249.6), (308.4, 272.0), (308.4, 294.4), (325.2, 308.4), (353.2, 308.4), (372.8, 322.4), (372.8, 344.8), (372.8, 367.2), (372.8, 372.8), (372.8, 372.8), (372.8, 372.8), (372.8, 372.8), (372.8, 372.8), (372.8, 372.8), (372.8, 372.8), (372.8, 372.8), (372.8, 372.8), (372.8, 372.8), (372.8, 372.8), (372.8, 372.8), (372.8, 372.8), (372.8, 372.8), (372.8, 372.8), (372.8, 372.8), (372.8, 372.8), (372.8, 372.8), (372.8, 372.8), (372.8, 372.8), (372.8, 372.8), (372.8, 372.8), (372.8, 372.8), (372.8, 372.8), (372.8, 372.8), (372.8, 372.8), (372.8, 372.8), (372.8, 372.8), (372.8, 372.8), (372.8, 372.8), (372.8, 372.8), (372.8, 372.8)]",0,7.5
speedrunner,bomberman,2,Bomb,1,0,39.95,0.926,"[(48.0, 48.0), (50.8, 70.4), (50.8, 92.8), (56.4, 115.2), (78.8, 115.2), (109.6, 118.0), (115.2, 140.4), (115.2, 162.8), (126.4, 179.6), (151.6, 179.6), (176.8, 185.2), (179.6, 207.6), (179.6, 230.0), (193.6, 244.0), (221.6, 244.0), (244.0, 252.4), (244.0, 274.8), (244.0, 297.2), (263.6, 308.4), (291.6, 308.4), (308.4, 325.2), (308.4, 353.2), (319.6, 372.8), (342.0, 372.8), (364.4, 372.8), (372.8, 372.8), (372.8, 372.8), (372.8, 372.8), (372.8, 372.8), (372.8, 372.8), (372.8, 372.8), (372.8, 372.8), (372.8, 372.8), (372.8, 372.8), (372.8, 372.8), (372.8, 372.8), (372.8, 372.8), (372.8, 372.8), (372.8, 372.8), (372.8, 372.8), (372.8, 372.8), (372.8, 372.8), (372.8, 372.8), (372.8, 372.8), (372.8, 372.8), (372.8, 372.8), (372.8, 372.8), (372.8, 372.8), (372.8, 372.8), (372.8, 372.8), (372.8, 372.8), (372.8, 372.8), (372.8, 372.8), (372.8, 372.8), (372.8, 372.8), (372.8, 372.8), (372.8, 372.8)]",0,7.5
speedrunner,bomberman,2,Bomb,1,0,39.2,0.926,"[(48.0, 48.0), (70.4, 50.8), (101.2, 50.8), (115.2, 67.6), (115.2, 95.6), (126.4, 115.2), (151.6, 115.2), (176.8, 120.8), (179.6, 143.2), (179.6, 171.2), (199.2, 179.6), (227.2, 179.6), (244.0, 193.6), (244.0, 218.8), (249.6, 244.0), (272.0, 244.0), (300.0, 246.8), (308.4, 269.2), (308.4, 297.2), (328.0, 308.4), (356.0, 308.4), (372.8, 325.2), (372.8, 347.6), (372.8, 370.0), (372.8, 372.8), (372.8, 372.8), (372.8, 372.8), (372.8, 372.8), (372.8, 372.8), (372.8, 372.8), (372.8, 372.8), (372.8, 372.8), (372.8, 372.8), (372.8, 372.8), (372.8, 372.8), (372.8, 372.8), (372.8, 372.8), (372.8, 372.8), (372.8, 372.8), (372.8, 372.8), (372.8, 372.8), (372.8, 372.8), (372.8, 372.8), (372.8, 372.8), (372.8, 372.8), (372.8, 372.8), (372.8, 372.8), (372.8, 372.8), (372.8, 372.8), (372.8, 372.8), (372.8, 372.8), (372.8, 372.8), (372.8, 372.8), (372.8, 372.8), (372.8, 372.8), (372.8, 372.8), (372.8, 372.8)]",0,7.5
speedrunner,bomberman,2,Bomb,1,0,39.2,0.926,"[(48.0, 48.0), (70.4, 50.8), (101.2, 50.8), (115.2, 67.6), (115.2, 95.6), (126.4, 115.2), (151.6, 115.2), (176.8, 120.8), (179.6, 143.2), (179.6, 171.2), (199.2, 179.6), (227.2, 179.6), (244.0, 193.6), (244.0, 218.8), (249.6, 244.0), (272.0, 244.0), (300.0, 246.8), (308.4, 269.2), (308.4, 297.2), (328.0, 308.4), (356.0, 308.4), (372.8, 325.2), (372.8, 347.6), (372.8, 370.0), (372.8, 372.8), (372.8, 372.8), (372.8, 372.8), (372.8, 372.8), (372.8, 372.8), (372.8, 372.8), (372.8, 372.8), (372.8, 372.8), (372.8, 372.8), (372.8, 372.8), (372.8, 372.8), (372.8, 372.8), (372.8, 372.8), (372.8, 372.8), (372.8, 372.8), (372.8, 372.8), (372.8, 372.8), (372.8, 372.8), (372.8, 372.8), (372.8, 372.8), (372.8, 372.8), (372.8, 372.8), (372.8, 372.8), (372.8, 372.8), (372.8, 372.8), (372.8, 372.8), (372.8, 372.8), (372.8, 372.8), (372.8, 372.8), (372.8, 372.8), (372.8, 372.8), (372.8, 372.8), (372.8, 372.8)]",0,7.5
speedrunner,bomberman,2,Bomb,1,0,40.69,0.926,"[(48.0, 48.0), (50.8, 70.4), (50.8, 92.8), (50.8, 115.2), (50.8, 137.6), (50.8, 160.0), (59.2, 179.6), (81.6, 179.6), (112.4, 185.2), (115.2, 207.6), (115.2, 230.0), (129.2, 244.0), (157.2, 244.0), (179.6, 252.4), (179.6, 274.8), (179.6, 297.2), (199.2, 308.4), (227.2, 308.4), (244.0, 322.4), (244.0, 347.6), (252.4, 372.8), (274.8, 372.8), (297.2, 372.8), (319.6, 372.8), (342.0, 372.8), (364.4, 372.8), (372.8, 372.8), (372.8, 372.8), (372.8, 372.8), (372.8, 372.8), (372.8, 372.8), (372.8, 372.8), (372.8, 372.8), (372.8, 372.8), (372.8, 372.8), (372.8, 372.8), (372.8, 372.8), (372.8, 372.8), (372.8, 372.8), (372.8, 372.8), (372.8, 372.8), (372.8, 372.8), (372.8, 372.8), (372.8, 372.8), (372.8, 372.8), (372.8, 372.8), (372.8, 372.8), (372.8, 372.8), (372.8, 372.8), (372.8, 372.8), (372.8, 372.8), (372.8, 372.8), (372.8, 372.8), (372.8, 372.8), (372.8, 372.8), (372.8, 372.8), (372.8, 372.8)]",0,7.5
speedrunner,bomberman,2,Bomb,1,0,39.2,0.926,"[(48.0, 48.0), (70.4, 50.8), (101.2, 50.8), (115.2, 67.6), (115.2, 90.0), (118.0, 112.4), (140.4, 115.2), (168.4, 115.2), (179.6, 134.8), (179.6, 157.2), (185.2, 179.6), (207.6, 179.6), (235.6, 179.6), (244.0, 202.0), (244.0, 224.4), (252.4, 244.0), (274.8, 244.0), (302.8, 249.6), (308.4, 272.0), (308.4, 294.4), (325.2, 308.4), (353.2, 308.4), (372.8, 322.4), (372.8, 344.8), (372.8, 367.2), (372.8, 372.8), (372.8, 372.8), (372.8, 372.8), (372.8, 372.8), (372.8, 372.8), (372.8, 372.8), (372.8, 372.8), (372.8, 372.8), (372.8, 372.8), (372.8, 372.8), (372.8, 372.8), (372.8, 372.8), (372.8, 372.8), (372.8, 372.8), (372.8, 372.8), (372.8, 372.8), (372.8, 372.8), (372.8, 372.8), (372.8, 372.8), (372.8, 372.8), (372.8, 372.8), (372.8, 372.8), (372.8, 372.8), (372.8, 372.8), (372.8, 372.8), (372.8, 372.8), (372.8, 372.8), (372.8, 372.8), (372.8, 372.8), (372.8, 372.8), (372.8, 372.8), (372.8, 372.8)]",0,7.5
speedrunner,bomberman,2,Bomb,1,0,35.28,0.593,"[(48.0, 48.0), (48.0, 70.4), (48.0, 92.8), (48.0, 115.2), (48.0, 137.6), (48.0, 160.0), (48.0, 182.4), (48.0, 204.8), (48.0, 227.2), (56.4, 244.0), (78.8, 244.0), (109.6, 246.8), (115.2, 269.2), (115.2, 291.6), (129.2, 308.4), (157.2, 308.4), (179.6, 316.8), (179.6, 339.2), (179.6, 361.6), (199.2, 372.8), (221.6, 372.8), (238.4, 372.8), (238.4, 372.8), (238.4, 372.8), (238.4, 372.8), (238.4, 372.8), (238.4, 372.8), (238.4, 372.8), (238.4, 372.8), (238.4, 372.8), (238.4, 372.8), (238.4, 372.8), (238.4, 372.8), (238.4, 372.8), (238.4, 372.8), (238.4, 372.8), (238.4, 372.8), (238.4, 372.8)]",0,5.0
speedrunner,bomberman,2,Bomb,1,0,39.2,0.926,"[(48.0, 48.0), (70.4, 50.8), (101.2, 50.8), (115.2, 67.6), (115.2, 90.0), (118.0, 112.4), (140.4, 115.2), (168.4, 115.2), (179.6, 134.8), (179.6, 157.2), (185.2, 179.6), (207.6, 179.6), (235.6, 179.6), (244.0, 202.0), (244.0, 224.4), (252.4, 244.0), (274.8, 244.0), (302.8, 249.6), (308.4, 272.0), (308.4, 300.0), (330.8, 308.4), (358.8, 308.4), (372.8, 328.0), (372.8, 350.4), (372.8, 372.8), (372.8, 372.8), (372.8, 372.8), (372.8, 372.8), (372.8, 372.8), (372.8, 372.8), (372.8, 372.8), (372.8, 372.8), (372.8, 372.8), (372.8, 372.8), (372.8, 372.8), (372.8, 372.8), (372.8, 372.8), (372.8, 372.8), (372.8, 372.8), (372.8, 372.8), (372.8, 372.8), (372.8, 372.8), (372.8, 372.8), (372.8, 372.8), (372.8, 372.8), (372.8, 372.8), (372.8, 372.8), (372.8, 372.8), (372.8, 372.8), (372.8, 372.8), (372.8, 372.8), (372.8, 372.8), (372.8, 372.8), (372.8, 372.8), (372.8, 372.8), (372.8, 372.8), (372.8, 372.8)]",0,7.5
speedrunner,bomberman,2,Bomb,1,0,39.95,0.926,"[(48.0, 48.0), (50.8, 70.4), (50.8, 92.8), (56.4, 115.2), (78.8, 115.2), (109.6, 118.0), (115.2, 140.4), (115.2, 162.8), (126.4, 179.6), (151.6, 179.6), (176.8, 185.2), (179.6, 207.6), (179.6, 230.0), (193.6, 244.0), (221.6, 244.0), (244.0, 252.4), (244.0, 274.8), (246.8, 302.8), (269.2, 308.4), (297.2, 308.4), (308.4, 330.8), (308.4, 358.8), (325.2, 372.8), (347.6, 372.8), (370.0, 372.8), (372.8, 372.8), (372.8, 372.8), (372.8, 372.8), (372.8, 372.8), (372.8, 372.8), (372.8, 372.8), (372.8, 372.8), (372.8, 372.8), (372.8, 372.8), (372.8, 372.8), (372.8, 372.8), (372.8, 372.8), (372.8, 372.8), (372.8, 372.8), (372.8, 372.8), (372.8, 372.8), (372.8, 372.8), (372.8, 372.8), (372.8, 372.8), (372.8, 372.8), (372.8, 372.8), (372.8, 372.8), (372.8, 372.8), (372.8, 372.8), (372.8, 372.8), (372.8, 372.8), (372.8, 372.8), (372.8, 372.8), (372.8, 372.8), (372.8, 372.8), (372.8, 372.8), (372.8, 372.8)]",0,7.5
speedrunner,bomberman,2,Bomb,1,0,39.2,0.926,"[(48.0, 48.0), (70.4, 50.8), (101.2, 50.8), (115.2, 67.6), (115.2, 95.6), (126.4, 115.2), (151.6, 115.2), (176.8, 120.8), (179.6, 143.2), (179.6, 168.4), (196.4, 179.6), (224.4, 179.6), (244.0, 190.8), (244.0, 213.2), (246.8, 241.2), (269.2, 244.0), (297.2, 244.0), (308.4, 266.4), (308.4, 294.4), (325.2, 308.4), (353.2, 308.4), (372.8, 322.4), (372.8, 344.8), (372.8, 367.2), (372.8, 372.8), (372.8, 372.8), (372.8, 372.8), (372.8, 372.8), (372.8, 372.8), (372.8, 372.8), (372.8, 372.8), (372.8, 372.8), (372.8, 372.8), (372.8, 372.8), (372.8, 372.8), (372.8, 372.8), (372.8, 372.8), (372.8, 372.8), (372.8, 372.8), (372.8, 372.8), (372.8, 372.8), (372.8, 372.8), (372.8, 372.8), (372.8, 372.8), (372.8, 372.8), (372.8, 372.8), (372.8, 372.8), (372.8, 372.8), (372.8, 372.8), (372.8, 372.8), (372.8, 372.8), (372.8, 372.8), (372.8, 372.8), (372.8, 372.8), (372.8, 372.8), (372.8, 372.8), (372.8, 372.8)]",0,7.5
speedrunner,bomberman,2,Bomb,1,0,39.2,0.926,"[(48.0, 48.0), (70.4, 50.8), (101.2, 50.8), (115.2, 67.6), (115.2, 95.6), (126.4, 115.2), (151.6, 115.2), (176.8, 120.8), (179.6, 143.2), (179.6, 168.4), (196.4, 179.6), (224.4, 179.6), (244.0, 190.8), (244.0, 213.2), (246.8, 241.2), (269.2, 244.0), (297.2, 244.0), (308.4, 266.4), (308.4, 294.4), (325.2, 308.4), (353.2, 308.4), (372.8, 322.4), (372.8, 344.8), (372.8, 367.2), (372.8, 372.8), (372.8, 372.8), (372.8, 372.8), (372.8, 372.8), (372.8, 372.8), (372.8, 372.8), (372.8, 372.8), (372.8, 372.8), (372.8, 372.8), (372.8, 372.8), (372.8, 372.8), (372.8, 372.8), (372.8, 372.8), (372.8, 372.8), (372.8, 372.8), (372.8, 372.8), (372.8, 372.8), (372.8, 372.8), (372.8, 372.8), (372.8, 372.8), (372.8, 372.8), (372.8, 372.8), (372.8, 372.8), (372.8, 372.8), (372.8, 372.8), (372.8, 372.8), (372.8, 372.8), (372.8, 372.8), (372.8, 372.8), (372.8, 372.8), (372.8, 372.8), (372.8, 372.8), (372.8, 372.8)]",0,7.5
speedrunner,bomberman,2,Bomb,1,0,39.95,0.926,"[(48.0, 48.0), (50.8, 70.4), (50.8, 92.8), (56.4, 115.2), (78.8, 115.2), (109.6, 118.0), (115.2, 140.4), (115.2, 162.8), (126.4, 179.6), (151.6, 179.6), (176.8, 185.2), (179.6, 207.6), (179.6, 230.0), (193.6, 244.0), (221.6, 244.0), (244.0, 252.4), (244.0, 274.8), (246.8, 302.8), (269.2, 308.4), (297.2, 308.4), (308.4, 330.8), (308.4, 358.8), (325.2, 372.8), (347.6, 372.8), (370.0, 372.8), (372.8, 372.8), (372.8, 372.8), (372.8, 372.8), (372.8, 372.8), (372.8, 372.8), (372.8, 372.8), (372.8, 372.8), (372.8, 372.8), (372.8, 372.8), (372.8, 372.8), (372.8, 372.8), (372.8, 372.8), (372.8, 372.8), (372.8, 372.8), (372.8, 372.8), (372.8, 372.8), (372.8, 372.8), (372.8, 372.8), (372.8, 372.8), (372.8, 372.8), (372.8, 372.8), (372.8, 372.8), (372.8, 372.8), (372.8, 372.8), (372.8, 372.8), (372.8, 372.8), (372.8, 372.8), (372.8, 372.8), (372.8, 372.8), (372.8, 372.8), (372.8, 372.8), (372.8, 372.8)]",0,7.5
speedrunner,bomberman,2,Bomb,1,0,39.2,0.926,"[(48.0, 48.0), (70.4, 50.8), (101.2, 50.8), (115.2, 67.6), (115.2, 90.0), (118.0, 112.4), (140.4, 115.2), (168.4, 115.2), (179.6, 134.8), (179.6, 157.2), (185.2, 179.6), (207.6, 179.6), (235.6, 179.6), (244.0, 202.0), (244.0, 224.4), (252.4, 244.0), (274.8, 244.0), (302.8, 249.6), (308.4, 272.0), (308.4, 300.0), (330.8, 308.4), (358.8, 308.4), (372.8, 328.0), (372.8, 350.4), (372.8, 372.8), (372.8, 372.8), (372.8, 372.8), (372.8, 372.8), (372.8, 372.8), (372.8, 372.8), (372.8, 372.8), (372.8, 372.8), (372.8, 372.8), (372.8, 372.8), (372.8, 372.8), (372.8, 372.8), (372.8, 372.8), (372.8, 372.8), (372.8, 372.8), (372.8, 372.8), (372.8, 372.8), (372.8, 372.8), (372.8, 372.8), (372.8, 372.8), (372.8, 372.8), (372.8, 372.8), (372.8, 372.8), (372.8, 372.8), (372.8, 372.8), (372.8, 372.8), (372.8, 372.8), (372.8, 372.8), (372.8, 372.8), (372.8, 372.8), (372.8, 372.8), (372.8, 372.8), (372.8, 372.8)]",0,7.5
speedrunner,bomberman,2,Bomb,1,0,39.2,0.926,"[(48.0, 48.0), (70.4, 50.8), (101.2, 50.8), (115.2, 67.6), (115.2, 90.0), (118.0, 112.4), (140.4, 115.2), (168.4, 115.2), (179.6, 134.8), (179.6, 157.2), (185.2, 179.6), (207.6, 179.6), (235.6, 179.6), (244.0, 202.0), (244.0, 224.4), (252.4, 244.0), (274.8, 244.0), (302.8, 249.6), (308.4, 272.0), (308.4, 294.4), (325.2, 308.4), (353.2, 308.4), (372.8, 322.4), (372.8, 344.8), (372.8, 367.2), (372.8, 372.8), (372.8, 372.8), (372.8, 372.8), (372.8, 372.8), (372.8, 372.8), (372.8, 372.8), (372.8, 372.8), (372.8, 372.8), (372.8, 372.8), (372.8, 372.8), (372.8, 372.8), (372.8, 372.8), (372.8, 372.8), (372.8, 372.8), (372.8, 372.8), (372.8, 372.8), (372.8, 372.8), (372.8, 372.8), (372.8, 372.8), (372.8, 372.8), (372.8, 372.8), (372.8, 372.8), (372.8, 372.8), (372.8, 372.8), (372.8, 372.8), (372.8, 372.8), (372.8, 372.8), (372.8, 372.8), (372.8, 372.8), (372.8, 372.8), (372.8, 372.8), (372.8, 372.8)]",0,7.5
speedrunner,bomberman,2,Bomb,1,0,39.2,0.926,"[(48.0, 48.0), (70.4, 50.8), (101.2, 50.8), (115.2, 67.6), (115.2, 90.0), (118.0, 112.4), (140.4, 115.2), (168.4, 115.2), (179.6, 134.8), (179.6, 157.2), (185.2, 179.6), (207.6, 179.6), (235.6, 179.6), (244.0, 202.0), (244.0, 224.4), (252.4, 244.0), (274.8, 244.0), (302.8, 249.6), (308.4, 272.0), (308.4, 294.4), (325.2, 308.4), (353.2, 308.4), (372.8, 322.4), (372.8, 344.8), (372.8, 367.2), (372.8, 372.8), (372.8, 372.8), (372.8, 372.8), (372.8, 372.8), (372.8, 372.8), (372.8, 372.8), (372.8, 372.8), (372.8, 372.8), (372.8, 372.8), (372.8, 372.8), (372.8, 372.8), (372.8, 372.8), (372.8, 372.8), (372.8, 372.8), (372.8, 372.8), (372.8, 372.8), (372.8, 372.8), (372.8, 372.8), (372.8, 372.8), (372.8, 372.8), (372.8, 372.8), (372.8, 372.8), (372.8, 372.8), (372.8, 372.8), (372.8, 372.8), (372.8, 372.8), (372.8, 372.8), (372.8, 372.8), (372.8, 372.8), (372.8, 372.8), (372.8, 372.8), (372.8, 372.8)]",0,7.5
speedrunner,bomberman,2,Bomb,1,0,39.95,0.926,"[(48.0, 48.0), (50.8, 70.4), (50.8, 92.8), (56.4, 115.2), (78.8, 115.2), (109.6, 118.0), (115.2, 140.4), (115.2, 162.8), (126.4, 179.6), (151.6, 179.6), (176.8, 185.2), (179.6, 207.6), (179.6, 230.0), (193.6, 244.0), (221.6, 244.0), (244.0, 252.4), (244.0, 274.8), (244.0, 297.2), (263.6, 308.4), (291.6, 308.4), (308.4, 325.2), (308.4, 353.2), (319.6, 372.8), (342.0, 372.8), (364.4, 372.8), (372.8, 372.8), (372.8, 372.8), (372.8, 372.8), (372.8, 372.8), (372.8, 372.8), (372.8, 372.8), (372.8, 372.8), (372.8, 372.8), (372.8, 372.8), (372.8, 372.8), (372.8, 372.8), (372.8, 372.8), (372.8, 372.8), (372.8, 372.8), (372.8, 372.8), (372.8, 372.8), (372.8, 372.8), (372.8, 372.8), (372.8, 372.8), (372.8, 372.8), (372.8, 372.8), (372.8, 372.8), (372.8, 372.8), (372.8, 372.8), (372.8, 372.8), (372.8, 372.8), (372.8, 372.8), (372.8, 372.8), (372.8, 372.8), (372.8, 372.8), (372.8, 372.8), (372.8, 372.8)]",0,7.5
speedrunner,bomberman,2,Bomb,1,0,39.2,0.926,"[(48.0, 48.0), (70.4, 50.8), (101.2, 50.8), (115.2, 67.6), (115.2, 90.0), (118.0, 112.4), (140.4, 115.2), (168.4, 115.2), (179.6, 134.8), (179.6, 157.2), (185.2, 179.6), (207.6, 179.6), (235.6, 179.6), (244.0, 202.0), (244.0, 224.4), (252.4, 244.0), (274.8, 244.0), (302.8, 249.6), (308.4, 272.0), (308.4, 294.4), (325.2, 308.4), (353.2, 308.4), (372.8, 322.4), (372.8, 344.8), (372.8, 367.2), (372.8, 372.8), (372.8, 372.8), (372.8, 372.8), (372.8, 372.8), (372.8, 372.8), (372.8, 372.8), (372.8, 372.8), (372.8, 372.8), (372.8, 372.8), (372.8, 372.8), (372.8, 372.8), (372.8, 372.8), (372.8, 372.8), (372.8, 372.8), (372.8, 372.8), (372.8, 372.8), (372.8, 372.8), (372.8, 372.8), (372.8, 372.8), (372.8, 372.8), (372.8, 372.8), (372.8, 372.8), (372.8, 372.8), (372.8, 372.8), (372.8, 372.8), (372.8, 372.8), (372.8, 372.8), (372.8, 372.8), (372.8, 372.8), (372.8, 372.8), (372.8, 372.8), (372.8, 372.8)]",0,7.5
speedrunner,bomberman,2,Bomb,1,0,39.2,0.926,"[(48.0, 48.0), (70.4, 50.8), (101.2, 50.8), (115.2, 67.6), (115.2, 90.0), (118.0, 112.4), (140.4, 115.2), (168.4, 115.2), (179.6, 134.8), (179.6, 157.2), (185.2, 179.6), (207.6, 179.6), (235.6, 179.6), (244.0, 202.0), (244.0, 224.4), (252.4, 244.0), (274.8, 244.0), (302.8, 249.6), (308.4, 272.0), (308.4, 300.0), (330.8, 308.4), (358.8, 308.4), (372.8, 328.0), (372.8, 350.4), (372.8, 372.8), (372.8, 372.8), (372.8, 372.8), (372.8, 372.8), (372.8, 372.8), (372.8, 372.8), (372.8, 372.8), (372.8, 372.8), (372.8, 372.8), (372.8, 372.8), (372.8, 372.8), (372.8, 372.8), (372.8, 372.8), (372.8, 372.8), (372.8, 372.8), (372.8, 372.8), (372.8, 372.8), (372.8, 372.8), (372.8, 372.8), (372.8, 372.8), (372.8, 372.8), (372.8, 372.8), (372.8, 372.8), (372.8, 372.8), (372.8, 372.8), (372.8, 372.8), (372.8, 372.8), (372.8, 372.8), (372.8, 372.8), (372.8, 372.8), (372.8, 372.8), (372.8, 372.8), (372.8, 372.8)]",0,7.5
speedrunner,bomberman,2,Bomb,1,0,39.2,0.926,"[(48.0, 48.0), (70.4, 50.8), (101.2, 50.8), (115.2, 67.6), (115.2, 90.0), (118.0, 112.4), (140.4, 115.2), (168.4, 115.2), (179.6, 134.8), (179.6, 157.2), (185.2, 179.6), (207.6, 179.6), (235.6, 179.6), (244.0, 202.0), (244.0, 224.4), (252.4, 244.0), (274.8, 244.0), (302.8, 249.6), (308.4, 272.0), (308.4, 294.4), (325.2, 308.4), (353.2, 308.4), (372.8, 322.4), (372.8, 344.8), (372.8, 367.2), (372.8, 372.8), (372.8, 372.8), (372.8, 372.8), (372.8, 372.8), (372.8, 372.8), (372.8, 372.8), (372.8, 372.8), (372.8, 372.8), (372.8, 372.8), (372.8, 372.8), (372.8, 372.8), (372.8, 372.8), (372.8, 372.8), (372.8, 372.8), (372.8, 372.8), (372.8, 372.8), (372.8, 372.8), (372.8, 372.8), (372.8, 372.8), (372.8, 372.8), (372.8, 372.8), (372.8, 372.8), (372.8, 372.8), (372.8, 372.8), (372.8, 372.8), (372.8, 372.8), (372.8, 372.8), (372.8, 372.8), (372.8, 372.8), (372.8, 372.8), (372.8, 372.8), (372.8, 372.8)]",0,7.5
speedrunner,bomberman,2,Bomb,1,0,40.69,0.926,"[(48.0, 48.0), (48.0, 70.4), (48.0, 92.8), (48.0, 115.2), (48.0, 137.6), (48.0, 160.0), (59.2, 179.6), (81.6, 179.6), (112.4, 185.2), (115.2, 207.6), (115.2, 230.0), (129.2, 244.0), (157.2, 244.0), (179.6, 252.4), (179.6, 274.8), (182.4, 302.8), (204.8, 308.4), (232.8, 308.4), (244.0, 328.0), (244.0, 356.0), (258.0, 372.8), (280.4, 372.8), (302.8, 372.8), (325.2, 372.8), (347.6, 372.8), (370.0, 372.8), (372.8, 372.8), (372.8, 372.8), (372.8, 372.8), (372.8, 372.8), (372.8, 372.8), (372.8, 372.8), (372.8, 372.8), (372.8, 372.8), (372.8, 372.8), (372.8, 372.8), (372.8, 372.8), (372.8, 372.8), (372.8, 372.8), (372.8, 372.8), (372.8, 372.8), (372.8, 372.8), (372.8, 372.8), (372.8, 372.8), (372.8, 372.8), (372.8, 372.8), (372.8, 372.8), (372.8, 372.8), (372.8, 372.8), (372.8, 372.8), (372.8, 372.8), (372.8, 372.8), (372.8, 372.8), (372.8, 372.8), (372.8, 372.8), (372.8, 372.8), (372.8, 372.8)]",0,7.5
speedrunner,bomberman,2,Bomb,1,0,40.69,0.926,"[(48.0, 48.0), (48.0, 70.4), (48.0, 92.8), (48.0, 115.2), (48.0, 137.6), (48.0, 160.0), (59.2, 179.6), (81.6, 179.6), (112.4, 185.2), (115.2, 207.6), (115.2, 230.0), (129.2, 244.0), (157.2, 244.0), (179.6, 252.4), (179.6, 274.8), (182.4, 302.8), (204.8, 308.4), (232.8, 308.4), (244.0, 328.0), (244.0, 356.0), (258.0, 372.8), (280.4, 372.8), (302.8, 372.8), (325.2, 372.8), (347.6, 372.8), (370.0, 372.8), (372.8, 372.8), (372.8, 372.8), (372.8, 372.8), (372.8, 372.8), (372.8, 372.8), (372.8, 372.8), (372.8, 372.8), (372.8, 372.8), (372.8, 372.8), (372.8, 372.8), (372.8, 372.8), (372.8, 372.8), (372.8, 372.8), (372.8, 372.8), (372.8, 372.8), (372.8, 372.8), (372.8, 372.8), (372.8, 372.8), (372.8, 372.8), (372.8, 372.8), (372.8, 372.8), (372.8, 372.8), (372.8, 372.8), (372.8, 372.8), (372.8, 372.8), (372.8, 372.8), (372.8, 372.8), (372.8, 372.8), (372.8, 372.8), (372.8, 372.8), (372.8, 372.8)]",0,7.5
speedrunner,bomberman,2,Bomb,1,0,39.2,0.926,"[(48.0, 48.0), (70.4, 50.8), (101.2, 50.8), (115.2, 67.6), (115.2, 90.0), (118.0, 112.4), (140.4, 115.2), (168.4, 115.2), (179.6, 134.8), (179.6, 157.2), (185.2, 179.6), (207.6, 179.6), (235.6, 179.6), (244.0, 202.0), (244.0, 224.4), (252.4, 244.0), (274.8, 244.0), (302.8, 249.6), (308.4, 272.0), (308.4, 294.4), (325.2, 308.4), (353.2, 308.4), (372.8, 322.4), (372.8, 344.8), (372.8, 367.2), (372.8, 372.8), (372.8, 372.8), (372.8, 372.8), (372.8, 372.8), (372.8, 372.8), (372.8, 372.8), (372.8, 372.8), (372.8, 372.8), (372.8, 372.8), (372.8, 372.8), (372.8, 372.8), (372.8, 372.8), (372.8, 372.8), (372.8, 372.8), (372.8, 372.8), (372.8, 372.8), (372.8, 372.8), (372.8, 372.8), (372.8, 372.8), (372.8, 372.8), (372.8, 372.8), (372.8, 372.8), (372.8, 372.8), (372.8, 372.8), (372.8, 372.8), (372.8, 372.8), (372.8, 372.8), (372.8, 372.8), (372.8, 372.8), (372.8, 372.8), (372.8, 372.8), (372.8, 372.8)]",0,7.5
speedrunner,bomberman,2,Bomb,1,0,39.2,0.926,"[(48.0, 48.0), (70.4, 50.8), (101.2, 50.8), (115.2, 67.6), (115.2, 90.0), (118.0, 112.4), (140.4, 115.2), (168.4, 115.2), (179.6, 134.8), (179.6, 157.2), (185.2, 179.6), (207.6, 179.6), (235.6, 179.6), (244.0, 202.0), (244.0, 224.4), (252.4, 244.0), (274.8, 244.0), (302.8, 249.6), (308.4, 272.0), (308.4, 300.0), (330.8, 308.4), (358.8, 308.4), (372.8, 328.0), (372.8, 350.4), (372.8, 372.8), (372.8, 372.8), (372.8, 372.8), (372.8, 372.8), (372.8, 372.8), (372.8, 372.8), (372.8, 372.8), (372.8, 372.8), (372.8, 372.8), (372.8, 372.8), (372.8, 372.8), (372.8, 372.8), (372.8, 372.8), (372.8, 372.8), (372.8, 372.8), (372.8, 372.8), (372.8, 372.8), (372.8, 372.8), (372.8, 372.8), (372.8, 372.8), (372.8, 372.8), (372.8, 372.8), (372.8, 372.8), (372.8, 372.8), (372.8, 372.8), (372.8, 372.8), (372.8, 372.8), (372.8, 372.8), (372.8, 372.8), (372.8, 372.8), (372.8, 372.8), (372.8, 372.8), (372.8, 372.8)]",0,7.5
speedrunner,bomberman,2,Bomb,1,0,39.2,0.926,"[(48.0, 48.0), (70.4, 50.8), (101.2, 50.8), (115.2, 67.6), (115.2, 90.0), (118.0, 112.4), (140.4, 115.2), (168.4, 115.2), (179.6, 134.8), (179.6, 157.2), (185.2, 179.6), (207.6, 179.6), (235.6, 179.6), (244.0, 202.0), (244.0, 224.4), (252.4, 244.0), (274.8, 244.0), (302.8, 249.6), (308.4, 272.0), (308.4, 294.4), (325.2, 308.4), (353.2, 308.4), (372.8, 322.4), (372.8, 344.8), (372.8, 367.2), (372.8, 372.8), (372.8, 372.8), (372.8, 372.8), (372.8, 372.8), (372.8, 372.8), (372.8, 372.8), (372.8, 372.8), (372.8, 372.8), (372.8, 372.8), (372.8, 372.8), (372.8, 372.8), (372.8, 372.8), (372.8, 372.8), (372.8, 372.8), (372.8, 372.8), (372.8, 372.8), (372.8, 372.8), (372.8, 372.8), (372.8, 372.8), (372.8, 372.8), (372.8, 372.8), (372.8, 372.8), (372.8, 372.8), (372.8, 372.8), (372.8, 372.8), (372.8, 372.8), (372.8, 372.8), (372.8, 372.8), (372.8, 372.8), (372.8, 372.8), (372.8, 372.8), (372.8, 372.8)]",0,7.5
speedrunner,bomberman,2,Bomb,1,0,39.95,0.926,"[(48.0, 48.0), (50.8, 70.4), (50.8, 92.8), (56.4, 115.2), (78.8, 115.2), (109.6, 118.0), (115.2, 140.4), (115.2, 162.8), (126.4, 179.6), (151.6, 179.6), (176.8, 185.2), (179.6, 207.6), (179.6, 230.0), (193.6, 244.0), (221.6, 244.0), (244.0, 252.4), (244.0, 274.8), (244.0, 297.2), (263.6, 308.4), (291.6, 308.4), (308.4, 325.2), (308.4, 353.2), (319.6, 372.8), (342.0, 372.8), (364.4, 372.8), (372.8, 372.8), (372.8, 372.8), (372.8, 372.8), (372.8, 372.8), (372.8, 372.8), (372.8, 372.8), (372.8, 372.8), (372.8, 372.8), (372.8, 372.8), (372.8, 372.8), (372.8, 372.8), (372.8, 372.8), (372.8, 372.8), (372.8, 372.8), (372.8, 372.8), (372.8, 372.8), (372.8, 372.8), (372.8, 372.8), (372.8, 372.8), (372.8, 372.8), (372.8, 372.8), (372.8, 372.8), (372.8, 372.8), (372.8, 372.8), (372.8, 372.8), (372.8, 372.8), (372.8, 372.8), (372.8, 372.8), (372.8, 372.8), (372.8, 372.8), (372.8, 372.8), (372.8, 372.8)]",0,7.5
speedrunner,bomberman,2,Bomb,1,0,39.95,0.926,"[(48.0, 48.0), (50.8, 70.4), (50.8, 92.8), (56.4, 115.2), (78.8, 115.2), (109.6, 118.0), (115.2, 140.4), (115.2, 162.8), (126.4, 179.6), (151.6, 179.6), (176.8, 185.2), (179.6, 207.6), (179.6, 230.0), (193.6, 244.0), (221.6, 244.0), (244.0, 252.4), (244.0, 274.8), (246.8, 302.8), (269.2, 308.4), (297.2, 308.4), (308.4, 330.8), (308.4, 358.8), (325.2, 372.8), (347.6, 372.8), (370.0, 372.8), (372.8, 372.8), (372.8, 372.8), (372.8, 372.8), (372.8, 372.8), (372.8, 372.8), (372.8, 372.8), (372.8, 372.8), (372.8, 372.8), (372.8, 372.8), (372.8, 372.8), (372.8, 372.8), (372.8, 372.8), (372.8, 372.8), (372.8, 372.8), (372.8, 372.8), (372.8, 372.8), (372.8, 372.8), (372.8, 372.8), (372.8, 372.8), (372.8, 372.8), (372.8, 372.8), (372.8, 372.8), (372.8, 372.8), (372.8, 372.8), (372.8, 372.8), (372.8, 372.8), (372.8, 372.8), (372.8, 372.8), (372.8, 372.8), (372.8, 372.8), (372.8, 372.8), (372.8, 372.8)]",0,7.5
speedrunner,bomberman,2,Stuck,1,0,28.09,0.741,"[(48.0, 48.0), (70.4, 50.8), (101.2, 50.8), (115.2, 67.6), (115.2, 90.0), (118.0, 112.4), (140.4, 115.2), (168.4, 115.2), (179.6, 134.8), (179.6, 157.2), (185.2, 179.6), (207.6, 179.6), (235.6, 179.6), (244.0, 202.0), (244.0, 224.4), (252.4, 244.0), (274.8, 244.0), (302.8, 249.6), (308.4, 272.0), (308.4, 294.4), (325.2, 308.4), (353.2, 308.4), (372.8, 322.4), (372.8, 344.8), (372.8, 367.2), (372.8, 372.8), (372.8, 372.8), (372.8, 372.8), (372.8, 372.8), (372.8, 372.8), (372.8, 372.8), (372.8, 372.8), (372.8, 372.8), (372.8, 372.8), (372.8, 372.8), (372.8, 372.8), (372.8, 372.8), (372.8, 372.8), (372.8, 372.8), (372.8, 372.8), (372.8, 372.8), (372.8, 372.8), (372.8, 372.8), (372.8, 372.8), (372.8, 372.8), (372.8, 372.8), (372.8, 372.8), (372.8, 372.8), (372.8, 372.8), (372.8, 372.8), (372.8, 372.8), (372.8, 372.8), (372.8, 372.8), (372.8, 372.8), (372.8, 372.8), (372.8, 372.8), (372.8, 372.8), (372.8, 372.8), (372.8, 372.8), (372.8, 372.8), (372.8, 372.8), (372.8, 372.8), (372.8, 372.8), (372.8, 372.8), (372.8, 372.8), (372.8, 372.8), (372.8, 372.8), (372.8, 372.8), (372.8, 372.8), (372.8, 372.8), (372.8, 372.8), (372.8, 372.8), (372.8, 372.8), (372.8, 372.8), (372.8, 372.8), (372.8, 372.8), (372.8, 372.8), (372.8, 372.8), (372.8, 372.8)]",0,10.47
speedrunner,bomberman,2,Bomb,1,0,39.95,0.926,"[(48.0, 48.0), (50.8, 70.4), (50.8, 92.8), (56.4, 115.2), (78.8, 115.2), (109.6, 118.0), (115.2, 140.4), (115.2, 162.8), (126.4, 179.6), (151.6, 179.6), (176.8, 185.2), (179.6, 207.6), (179.6, 230.0), (193.6, 244.0), (221.6, 244.0), (244.0, 252.4), (244.0, 274.8), (244.0, 297.2), (263.6, 308.4), (291.6, 308.4), (308.4, 325.2), (308.4, 347.6), (314.0, 370.0), (336.4, 372.8), (358.8, 372.8), (372.8, 372.8), (372.8, 372.8), (372.8, 372.8), (372.8, 372.8), (372.8, 372.8), (372.8, 372.8), (372.8, 372.8), (372.8, 372.8), (372.8, 372.8), (372.8, 372.8), (372.8, 372.8), (372.8, 372.8), (372.8, 372.8), (372.8, 372.8), (372.8, 372.8), (372.8, 372.8), (372.8, 372.8), (372.8, 372.8), (372.8, 372.8), (372.8, 372.8), (372.8, 372.8), (372.8, 372.8), (372.8, 372.8), (372.8, 372.8), (372.8, 372.8), (372.8, 372.8), (372.8, 372.8), (372.8, 372.8), (372.8, 372.8), (372.8, 372.8), (372.8, 372.8), (372.8, 372.8)]",0,7.5
speedrunner,bomberman,2,Stuck,1,0,28.09,0.741,"[(48.0, 48.0), (70.4, 50.8), (101.2, 50.8), (115.2, 67.6), (115.2, 90.0), (118.0, 112.4), (140.4, 115.2), (168.4, 115.2), (179.6, 134.8), (179.6, 157.2), (185.2, 179.6), (207.6, 179.6), (235.6, 179.6), (244.0, 202.0), (244.0, 224.4), (252.4, 244.0), (274.8, 244.0), (302.8, 249.6), (308.4, 272.0), (308.4, 300.0), (330.8, 308.4), (358.8, 308.4), (372.8, 328.0), (372.8, 350.4), (372.8, 372.8), (372.8, 372.8), (372.8, 372.8), (372.8, 372.8), (372.8, 372.8), (372.8, 372.8), (372.8, 372.8), (372.8, 372.8), (372.8, 372.8), (372.8, 372.8), (372.8, 372.8), (372.8, 372.8), (372.8, 372.8), (372.8, 372.8), (372.8, 372.8), (372.8, 372.8), (372.8, 372.8), (372.8, 372.8), (372.8, 372.8), (372.8, 372.8), (372.8, 372.8), (372.8, 372.8), (372.8, 372.8), (372.8, 372.8), (372.8, 372.8), (372.8, 372.8), (372.8, 372.8), (372.8, 372.8), (372.8, 372.8), (372.8, 372.8), (372.8, 372.8), (372.8, 372.8), (372.8, 372.8), (372.8, 372.8), (372.8, 372.8), (372.8, 372.8), (372.8, 372.8), (372.8, 372.8), (372.8, 372.8), (372.8, 372.8), (372.8, 372.8), (372.8, 372.8), (372.8, 372.8), (372.8, 372.8), (372.8, 372.8), (372.8, 372.8), (372.8, 372.8), (372.8, 372.8), (372.8, 372.8), (372.8, 372.8), (372.8, 372.8), (372.8, 372.8), (372.8, 372.8), (372.8, 372.8), (372.8, 372.8)]",0,10.47
speedrunner,bomberman,2,Bomb,1,0,40.69,0.926,"[(48.0, 48.0), (48.0, 70.4), (48.0, 92.8), (48.0, 115.2), (48.0, 137.6), (48.0, 160.0), (59.2, 179.6), (81.6, 179.6), (112.4, 185.2), (115.2, 207.6), (115.2, 230.0), (129.2, 244.0), (157.2, 244.0), (179.6, 252.4), (179.6, 274.8), (182.4, 302.8), (204.8, 308.4), (232.8, 308.4), (244.0, 328.0), (244.0, 356.0), (258.0, 372.8), (280.4, 372.8), (302.8, 372.8), (325.2, 372.8), (347.6, 372.8), (370.0, 372.8), (372.8, 372.8), (372.8, 372.8), (372.8, 372.8), (372.8, 372.8), (372.8, 372.8), (372.8, 372.8), (372.8, 372.8), (372.8, 372.8), (372.8, 372.8), (372.8, 372.8), (372.8, 372.8), (372.8, 372.8), (372.8, 372.8), (372.8, 372.8), (372.8, 372.8), (372.8, 372.8), (372.8, 372.8), (372.8, 372.8), (372.8, 372.8), (372.8, 372.8), (372.8, 372.8), (372.8, 372.8), (372.8, 372.8), (372.8, 372.8), (372.8, 372.8), (372.8, 372.8), (372.8, 372.8), (372.8, 372.8), (372.8, 372.8), (372.8, 372.8), (372.8, 372.8)]",0,7.5
speedrunner,bomberman,2,Bomb,1,0,40.69,0.926,"[(48.0, 48.0), (48.0, 70.4), (48.0, 92.8), (48.0, 115.2), (48.0, 137.6), (48.0, 160.0), (59.2, 179.6), (81.6, 179.6), (112.4, 185.2), (115.2, 207.6), (115.2, 230.0), (129.2, 244.0), (157.2, 244.0), (179.6, 252.4), (179.6, 274.8), (182.4, 302.8), (204.8, 308.4), (232.8, 308.4), (244.0, 328.0), (244.0, 356.0), (258.0, 372.8), (280.4, 372.8), (302.8, 372.8), (325.2, 372.8), (347.6, 372.8), (370.0, 372.8), (372.8, 372.8), (372.8, 372.8), (372.8, 372.8), (372.8, 372.8), (372.8, 372.8), (372.8, 372.8), (372.8, 372.8), (372.8, 372.8), (372.8, 372.8), (372.8, 372.8), (372.8, 372.8), (372.8, 372.8), (372.8, 372.8), (372.8, 372.8), (372.8, 372.8), (372.8, 372.8), (372.8, 372.8), (372.8, 372.8), (372.8, 372.8), (372.8, 372.8), (372.8, 372.8), (372.8, 372.8), (372.8, 372.8), (372.8, 372.8), (372.8, 372.8), (372.8, 372.8), (372.8, 372.8), (372.8, 372.8), (372.8, 372.8), (372.8, 372.8), (372.8, 372.8)]",0,7.5
speedrunner,bomberman,2,Bomb,1,0,39.95,0.926,"[(48.0, 48.0), (50.8, 70.4), (50.8, 92.8), (56.4, 115.2), (78.8, 115.2), (109.6, 118.0), (115.2, 140.4), (115.2, 162.8), (126.4, 179.6), (151.6, 179.6), (176.8, 185.2), (179.6, 207.6), (179.6, 230.0), (193.6, 244.0), (221.6, 244.0), (244.0, 252.4), (244.0, 274.8), (244.0, 297.2), (263.6, 308.4), (291.6, 308.4), (308.4, 325.2), (308.4, 347.6), (314.0, 370.0), (336.4, 372.8), (358.8, 372.8), (372.8, 372.8), (372.8, 372.8), (372.8, 372.8), (372.8, 372.8), (372.8, 372.8), (372.8, 372.8), (372.8, 372.8), (372.8, 372.8), (372.8, 372.8), (372.8, 372.8), (372.8, 372.8), (372.8, 372.8), (372.8, 372.8), (372.8, 372.8), (372.8, 372.8), (372.8, 372.8), (372.8, 372.8), (372.8, 372.8), (372.8, 372.8), (372.8, 372.8), (372.8, 372.8), (372.8, 372.8), (372.8, 372.8), (372.8, 372.8), (372.8, 372.8), (372.8, 372.8), (372.8, 372.8), (372.8, 372.8), (372.8, 372.8), (372.8, 372.8), (372.8, 372.8), (372.8, 372.8)]",0,7.5
speedrunner,bomberman,2,Bomb,1,0,39.2,0.926,"[(48.0, 48.0), (70.4, 50.8), (101.2, 50.8), (115.2, 67.6), (115.2, 90.0), (118.0, 112.4), (140.4, 115.2), (168.4, 115.2), (179.6, 134.8), (179.6, 157.2), (185.2, 179.6), (207.6, 179.6), (235.6, 179.6), (244.0, 202.0), (244.0, 224.4), (252.4, 244.0), (274.8, 244.0), (302.8, 249.6), (308.4, 272.0), (308.4, 294.4), (325.2, 308.4), (353.2, 308.4), (372.8, 322.4), (372.8, 344.8), (372.8, 367.2), (372.8, 372.8), (372.8, 372.8), (372.8, 372.8), (372.8, 372.8), (372.8, 372.8), (372.8, 372.8), (372.8, 372.8), (372.8, 372.8), (372.8, 372.8), (372.8, 372.8), (372.8, 372.8), (372.8, 372.8), (372.8, 372.8), (372.8, 372.8), (372.8, 372.8), (372.8, 372.8), (372.8, 372.8), (372.8, 372.8), (372.8, 372.8), (372.8, 372.8), (372.8, 372.8), (372.8, 372.8), (372.8, 372.8), (372.8, 372.8), (372.8, 372.8), (372.8, 372.8), (372.8, 372.8), (372.8, 372.8), (372.8, 372.8), (372.8, 372.8), (372.8, 372.8), (372.8, 372.8)]",0,7.5
speedrunner,bomberman,2,Bomb,1,0,39.95,0.926,"[(48.0, 48.0), (50.8, 70.4), (50.8, 92.8), (56.4, 115.2), (78.8, 115.2), (109.6, 118.0), (115.2, 140.4), (115.2, 162.8), (126.4, 179.6), (151.6, 179.6), (176.8, 185.2), (179.6, 207.6), (179.6, 230.0), (193.6, 244.0), (221.6, 244.0), (244.0, 252.4), (244.0, 274.8), (246.8, 302.8), (269.2, 308.4), (297.2, 308.4), (308.4, 330.8), (308.4, 358.8), (325.2, 372.8), (347.6, 372.8), (370.0, 372.8), (372.8, 372.8), (372.8, 372.8), (372.8, 372.8), (372.8, 372.8), (372.8, 372.8), (372.8, 372.8), (372.8, 372.8), (372.8, 372.8), (372.8, 372.8), (372.8, 372.8), (372.8, 372.8), (372.8, 372.8), (372.8, 372.8), (372.8, 372.8), (372.8, 372.8), (372.8, 372.8), (372.8, 372.8), (372.8, 372.8), (372.8, 372.8), (372.8, 372.8), (372.8, 372.8), (372.8, 372.8), (372.8, 372.8), (372.8, 372.8), (372.8, 372.8), (372.8, 372.8), (372.8, 372.8), (372.8, 372.8), (372.8, 372.8), (372.8, 372.8), (372.8, 372.8), (372.8, 372.8)]",0,7.5
speedrunner,bomberman,2,Bomb,1,0,39.95,0.926,"[(48.0, 48.0), (50.8, 70.4), (50.8, 92.8), (56.4, 115.2), (78.8, 115.2), (109.6, 118.0), (115.2, 140.4), (115.2, 162.8), (126.4, 179.6), (151.6, 179.6), (176.8, 185.2), (179.6, 207.6), (179.6, 230.0), (193.6, 244.0), (221.6, 244.0), (244.0, 252.4), (244.0, 274.8), (244.0, 297.2), (263.6, 308.4), (291.6, 308.4), (308.4, 325.2), (308.4, 347.6), (314.0, 370.0), (336.4, 372.8), (358.8, 372.8), (372.8, 372.8), (372.8, 372.8), (372.8, 372.8), (372.8, 372.8), (372.8, 372.8), (372.8, 372.8), (372.8, 372.8), (372.8, 372.8), (372.8, 372.8), (372.8, 372.8), (372.8, 372.8), (372.8, 372.8), (372.8, 372.8), (372.8, 372.8), (372.8, 372.8), (372.8, 372.8), (372.8, 372.8), (372.8, 372.8), (372.8, 372.8), (372.8, 372.8), (372.8, 372.8), (372.8, 372.8), (372.8, 372.8), (372.8, 372.8), (372.8, 372.8), (372.8, 372.8), (372.8, 372.8), (372.8, 372.8), (372.8, 372.8), (372.8, 372.8), (372.8, 372.8), (372.8, 372.8)]",0,7.5
speedrunner,bomberman,2,Bomb,1,0,39.2,0.926,"[(48.0, 48.0), (70.4, 50.8), (101.2, 50.8), (115.2, 67.6), (115.2, 95.6), (126.4, 115.2), (151.6, 115.2), (176.8, 120.8), (179.6, 143.2), (179.6, 165.6), (193.6, 179.6), (221.6, 179.6), (244.0, 188.0), (244.0, 210.4), (244.0, 238.4), (266.4, 244.0), (294.4, 244.0), (308.4, 263.6), (308.4, 291.6), (322.4, 308.4), (350.4, 308.4), (372.8, 319.6), (372.8, 342.0), (372.8, 364.4), (372.8, 372.8), (372.8, 372.8), (372.8, 372.8), (372.8, 372.8), (372.8, 372.8), (372.8, 372.8), (372.8, 372.8), (372.8, 372.8), (372.8, 372.8), (372.8, 372.8), (372.8, 372.8), (372.8, 372.8), (372.8, 372.8), (372.8, 372.8), (372.8, 372.8), (372.8, 372.8), (372.8, 372.8), (372.8, 372.8), (372.8, 372.8), (372.8, 372.8), (372.8, 372.8), (372.8, 372.8), (372.8, 372.8), (372.8, 372.8), (372.8, 372.8), (372.8, 372.8), (372.8, 372.8), (372.8, 372.8), (372.8, 372.8), (372.8, 372.8), (372.8, 372.8), (372.8, 372.8), (372.8, 372.8)]",0,7.5
speedrunner,bomberman,2,Bomb,1,0,41.44,0.926,"[(48.0, 48.0), (48.0, 70.4), (48.0, 92.8), (48.0, 115.2), (48.0, 137.6), (48.0, 160.0), (48.0, 182.4), (48.0, 204.8), (48.0, 227.2), (56.4, 244.0), (78.8, 244.0), (109.6, 246.8), (115.2, 269.2), (115.2, 291.6), (129.2, 308.4), (157.2, 308.4), (179.6, 316.8), (179.6, 339.2), (182.4, 367.2), (204.8, 372.8), (227.2, 372.8), (249.6, 372.8), (272.0, 372.8), (294.4, 372.8), (316.8, 372.8), (339.2, 372.8), (361.6, 372.8), (372.8, 372.8), (372.8, 372.8), (372.8, 372.8), (372.8, 372.8), (372.8, 372.8), (372.8, 372.8), (372.8, 372.8), (372.8, 372.8), (372.8, 372.8), (372.8, 372.8), (372.8, 372.8), (372.8, 372.8), (372.8, 372.8), (372.8, 372.8), (372.8, 372.8), (372.8, 372.8), (372.8, 372.8), (372.8, 372.8), (372.8, 372.8), (372.8, 372.8), (372.8, 372.8), (372.8, 372.8), (372.8, 372.8), (372.8, 372.8), (372.8, 372.8), (372.8, 372.8), (372.8, 372.8), (372.8, 372.8), (372.8, 372.8), (372.8, 372.8)]",0,7.5
speedrunner,bomberman,2,Bomb,1,0,39.95,0.926,"[(48.0, 48.0), (50.8, 70.4), (50.8, 92.8), (56.4, 115.2), (78.8, 115.2), (109.6, 118.0), (115.2, 140.4), (115.2, 162.8), (126.4, 179.6), (151.6, 179.6), (176.8, 185.2), (179.6, 207.6), (179.6, 230.0), (193.6, 244.0), (221.6, 244.0), (244.0, 252.4), (244.0, 274.8), (246.8, 302.8), (269.2, 308.4), (297.2, 308.4), (308.4, 330.8), (308.4, 358.8), (325.2, 372.8), (347.6, 372.8), (370.0, 372.8), (372.8, 372.8), (372.8, 372.8), (372.8, 372.8), (372.8, 372.8), (372.8, 372.8), (372.8, 372.8), (372.8, 372.8), (372.8, 372.8), (372.8, 372.8), (372.8, 372.8), (372.8, 372.8), (372.8, 372.8), (372.8, 372.8), (372.8, 372.8), (372.8, 372.8), (372.8, 372.8), (372.8, 372.8), (372.8, 372.8), (372.8, 372.8), (372.8, 372.8), (372.8, 372.8), (372.8, 372.8), (372.8, 372.8), (372.8, 372.8), (372.8, 372.8), (372.8, 372.8), (372.8, 372.8), (372.8, 372.8), (372.8, 372.8), (372.8, 372.8), (372.8, 372.8), (372.8, 372.8)]",0,7.5
speedrunner,bomberman,2,Bomb,1,0,39.95,0.926,"[(48.0, 48.0), (50.8, 70.4), (50.8, 92.8), (56.4, 115.2), (78.8, 115.2), (109.6, 118.0), (115.2, 140.4), (115.2, 162.8), (126.4, 179.6), (151.6, 179.6), (176.8, 185.2), (179.6, 207.6), (179.6, 230.0), (193.6, 244.0), (221.6, 244.0), (244.0, 252.4), (244.0, 274.8), (244.0, 297.2), (263.6, 308.4), (291.6, 308.4), (308.4, 325.2), (308.4, 347.6), (314.0, 370.0), (336.4, 372.8), (358.8, 372.8), (372.8, 372.8), (372.8, 372.8), (372.8, 372.8), (372.8, 372.8), (372.8, 372.8), (372.8, 372.8), (372.8, 372.8), (372.8, 372.8), (372.8, 372.8), (372.8, 372.8), (372.8, 372.8), (372.8, 372.8), (372.8, 372.8), (372.8, 372.8), (372.8, 372.8), (372.8, 372.8), (372.8, 372.8), (372.8, 372.8), (372.8, 372.8), (372.8, 372.8), (372.8, 372.8), (372.8, 372.8), (372.8, 372.8), (372.8, 372.8), (372.8, 372.8), (372.8, 372.8), (372.8, 372.8), (372.8, 372.8), (372.8, 372.8), (372.8, 372.8), (372.8, 372.8), (372.8, 372.8)]",0,7.5
speedrunner,bomberman,2,Bomb,1,0,39.2,0.926,"[(48.0, 48.0), (70.4, 50.8), (101.2, 50.8), (115.2, 67.6), (115.2, 90.0), (118.0, 112.4), (140.4, 115.2), (168.4, 115.2), (179.6, 134.8), (179.6, 157.2), (185.2, 179.6), (207.6, 179.6), (235.6, 179.6), (244.0, 202.0), (244.0, 224.4), (252.4, 244.0), (274.8, 244.0), (302.8, 249.6), (308.4, 272.0), (308.4, 300.0), (330.8, 308.4), (358.8, 308.4), (372.8, 328.0), (372.8, 350.4), (372.8, 372.8), (372.8, 372.8), (372.8, 372.8), (372.8, 372.8), (372.8, 372.8), (372.8, 372.8), (372.8, 372.8), (372.8, 372.8), (372.8, 372.8), (372.8, 372.8), (372.8, 372.8), (372.8, 372.8), (372.8, 372.8), (372.8, 372.8), (372.8, 372.8), (372.8, 372.8), (372.8, 372.8), (372.8, 372.8), (372.8, 372.8), (372.8, 372.8), (372.8, 372.8), (372.8, 372.8), (372.8, 372.8), (372.8, 372.8), (372.8, 372.8), (372.8, 372.8), (372.8, 372.8), (372.8, 372.8), (372.8, 372.8), (372.8, 372.8), (372.8, 372.8), (372.8, 372.8), (372.8, 372.8)]",0,7.5
speedrunner,bomberman,2,Bomb,1,0,39.2,0.926,"[(48.0, 48.0), (70.4, 50.8), (101.2, 50.8), (115.2, 67.6), (115.2, 90.0), (118.0, 112.4), (140.4, 115.2), (168.4, 115.2), (179.6, 134.8), (179.6, 157.2), (185.2, 179.6), (207.6, 179.6), (235.6, 179.6), (244.0, 202.0), (244.0, 224.4), (252.4, 244.0), (274.8, 244.0), (302.8, 249.6), (308.4, 272.0), (308.4, 300.0), (330.8, 308.4), (358.8, 308.4), (372.8, 328.0), (372.8, 350.4), (372.8, 372.8), (372.8, 372.8), (372.8, 372.8), (372.8, 372.8), (372.8, 372.8), (372.8, 372.8), (372.8, 372.8), (372.8, 372.8), (372.8, 372.8), (372.8, 372.8), (372.8, 372.8), (372.8, 372.8), (372.8, 372.8), (372.8, 372.8), (372.8, 372.8), (372.8, 372.8), (372.8, 372.8), (372.8, 372.8), (372.8, 372.8), (372.8, 372.8), (372.8, 372.8), (372.8, 372.8), (372.8, 372.8), (372.8, 372.8), (372.8, 372.8), (372.8, 372.8), (372.8, 372.8), (372.8, 372.8), (372.8, 372.8), (372.8, 372.8), (372.8, 372.8), (372.8, 372.8), (372.8, 372.8)]",0,7.5
speedrunner,bomberman,2,Bomb,1,0,39.95,0.926,"[(48.0, 48.0), (50.8, 70.4), (50.8, 92.8), (56.4, 115.2), (78.8, 115.2), (109.6, 118.0), (115.2, 140.4), (115.2, 162.8), (126.4, 179.6), (151.6, 179.6), (176.8, 185.2), (179.6, 207.6), (179.6, 230.0), (193.6, 244.0), (221.6, 244.0), (244.0, 252.4), (244.0, 274.8), (244.0, 297.2), (263.6, 308.4), (291.6, 308.4), (308.4, 325.2), (308.4, 347.6), (314.0, 370.0), (336.4, 372.8), (358.8, 372.8), (372.8, 372.8), (372.8, 372.8), (372.8, 372.8), (372.8, 372.8), (372.8, 372.8), (372.8, 372.8), (372.8, 372.8), (372.8, 372.8), (372.8, 372.8), (372.8, 372.8), (372.8, 372.8), (372.8, 372.8), (372.8, 372.8), (372.8, 372.8), (372.8, 372.8), (372.8, 372.8), (372.8, 372.8), (372.8, 372.8), (372.8, 372.8), (372.8, 372.8), (372.8, 372.8), (372.8, 372.8), (372.8, 372.8), (372.8, 372.8), (372.8, 372.8), (372.8, 372.8), (372.8, 372.8), (372.8, 372.8), (372.8, 372.8), (372.8, 372.8), (372.8, 372.8), (372.8, 372.8)]",0,7.5
speedrunner,bomberman,2,Bomb,1,0,39.95,0.926,"[(48.0, 48.0), (50.8, 70.4), (50.8, 92.8), (56.4, 115.2), (78.8, 115.2), (109.6, 118.0), (115.2, 140.4), (115.2, 162.8), (126.4, 179.6), (151.6, 179.6), (176.8, 185.2), (179.6, 207.6), (179.6, 230.0), (193.6, 244.0), (221.6, 244.0), (244.0, 252.4), (244.0, 274.8), (246.8, 302.8), (269.2, 308.4), (297.2, 308.4), (308.4, 330.8), (308.4, 358.8), (325.2, 372.8), (347.6, 372.8), (370.0, 372.8), (372.8, 372.8), (372.8, 372.8), (372.8, 372.8), (372.8, 372.8), (372.8, 372.8), (372.8, 372.8), (372.8, 372.8), (372.8, 372.8), (372.8, 372.8), (372.8, 372.8), (372.8, 372.8), (372.8, 372.8), (372.8, 372.8), (372.8, 372.8), (372.8, 372.8), (372.8, 372.8), (372.8, 372.8), (372.8, 372.8), (372.8, 372.8), (372.8, 372.8), (372.8, 372.8), (372.8, 372.8), (372.8, 372.8), (372.8, 372.8), (372.8, 372.8), (372.8, 372.8), (372.8, 372.8), (372.8, 372.8), (372.8, 372.8), (372.8, 372.8), (372.8, 372.8), (372.8, 372.8)]",0,7.5
speedrunner,bomberman,2,Bomb,1,0,41.44,0.926,"[(48.0, 48.0), (48.0, 70.4), (48.0, 92.8), (48.0, 115.2), (48.0, 137.6), (48.0, 160.0), (48.0, 182.4), (48.0, 204.8), (48.0, 227.2), (56.4, 244.0), (78.8, 244.0), (109.6, 246.8), (115.2, 269.2), (115.2, 291.6), (129.2, 308.4), (157.2, 308.4), (179.6, 316.8), (179.6, 339.2), (182.4, 367.2), (204.8, 372.8), (227.2, 372.8), (249.6, 372.8), (272.0, 372.8), (294.4, 372.8), (316.8, 372.8), (339.2, 372.8), (361.6, 372.8), (372.8, 372.8), (372.8, 372.8), (372.8, 372.8), (372.8, 372.8), (372.8, 372.8), (372.8, 372.8), (372.8, 372.8), (372.8, 372.8), (372.8, 372.8), (372.8, 372.8), (372.8, 372.8), (372.8, 372.8), (372.8, 372.8), (372.8, 372.8), (372.8, 372.8), (372.8, 372.8), (372.8, 372.8), (372.8, 372.8), (372.8, 372.8), (372.8, 372.8), (372.8, 372.8), (372.8, 372.8), (372.8, 372.8), (372.8, 372.8), (372.8, 372.8), (372.8, 372.8), (372.8, 372.8), (372.8, 372.8), (372.8, 372.8), (372.8, 372.8)]",0,7.5
speedrunner,bomberman,2,Bomb,1,0,39.2,0.926,"[(48.0, 48.0), (70.4, 50.8), (101.2, 50.8), (115.2, 67.6), (115.2, 90.0), (118.0, 112.4), (140.4, 115.2), (168.4, 115.2), (179.6, 134.8), (179.6, 157.2), (185.2, 179.6), (207.6, 179.6), (235.6, 179.6), (244.0, 202.0), (244.0, 230.0), (258.0, 244.0), (286.0, 244.0), (308.4, 255.2), (308.4, 277.6), (314.0, 305.6), (336.4, 308.4), (364.4, 311.2), (372.8, 333.6), (372.8, 356.0), (372.8, 372.8), (372.8, 372.8), (372.8, 372.8), (372.8, 372.8), (372.8, 372.8), (372.8, 372.8), (372.8, 372.8), (372.8, 372.8), (372.8, 372.8), (372.8, 372.8), (372.8, 372.8), (372.8, 372.8), (372.8, 372.8), (372.8, 372.8), (372.8, 372.8), (372.8, 372.8), (372.8, 372.8), (372.8, 372.8), (372.8, 372.8), (372.8, 372.8), (372.8, 372.8), (372.8, 372.8), (372.8, 372.8), (372.8, 372.8), (372.8, 372.8), (372.8, 372.8), (372.8, 372.8), (372.8, 372.8), (372.8, 372.8), (372.8, 372.8), (372.8, 372.8), (372.8, 372.8), (372.8, 372.8)]",0,7.5
speedrunner,bomberman,2,Bomb,1,0,39.2,0.926,"[(48.0, 48.0), (70.4, 50.8), (101.2, 50.8), (115.2, 67.6), (115.2, 95.6), (126.4, 115.2), (151.6, 115.2), (176.8, 120.8), (179.6, 143.2), (179.6, 171.2), (199.2, 179.6), (227.2, 179.6), (244.0, 193.6), (244.0, 218.8), (249.6, 244.0), (272.0, 244.0), (300.0, 246.8), (308.4, 269.2), (308.4, 297.2), (328.0, 308.4), (356.0, 308.4), (372.8, 325.2), (372.8, 347.6), (372.8, 370.0), (372.8, 372.8), (372.8, 372.8), (372.8, 372.8), (372.8, 372.8), (372.8, 372.8), (372.8, 372.8), (372.8, 372.8), (372.8, 372.8), (372.8, 372.8), (372.8, 372.8), (372.8, 372.8), (372.8, 372.8), (372.8, 372.8), (372.8, 372.8), (372.8, 372.8), (372.8, 372.8), (372.8, 372.8), (372.8, 372.8), (372.8, 372.8), (372.8, 372.8), (372.8, 372.8), (372.8, 372.8), (372.8, 372.8), (372.8, 372.8), (372.8, 372.8), (372.8, 372.8), (372.8, 372.8), (372.8, 372.8), (372.8, 372.8), (372.8, 372.8), (372.8, 372.8), (372.8, 372.8), (372.8, 372.8)]",0,7.5
speedrunner,bomberman,2,Bomb,1,0,39.95,0.926,"[(48.0, 48.0), (50.8, 70.4), (50.8, 92.8), (56.4, 115.2), (78.8, 115.2), (109.6, 118.0), (115.2, 140.4), (115.2, 162.8), (126.4, 179.6), (151.6, 179.6), (176.8, 185.2), (179.6, 207.6), (179.6, 230.0), (193.6, 244.0), (221.6, 244.0), (244.0, 252.4), (244.0, 274.8), (246.8, 302.8), (269.2, 308.4), (297.2, 308.4), (308.4, 330.8), (308.4, 358.8), (325.2, 372.8), (347.6, 372.8), (370.0, 372.8), (372.8, 372.8), (372.8, 372.8), (372.8, 372.8), (372.8, 372.8), (372.8, 372.8), (372.8, 372.8), (372.8, 372.8), (372.8, 372.8), (372.8, 372.8), (372.8, 372.8), (372.8, 372.8), (372.8, 372.8), (372.8, 372.8), (372.8, 372.8), (372.8, 372.8), (372.8, 372.8), (372.8, 372.8), (372.8, 372.8), (372.8, 372.8), (372.8, 372.8), (372.8, 372.8), (372.8, 372.8), (372.8, 372.8), (372.8, 372.8), (372.8, 372.8), (372.8, 372.8), (372.8, 372.8), (372.8, 372.8), (372.8, 372.8), (372.8, 372.8), (372.8, 372.8), (372.8, 372.8)]",0,7.5
speedrunner,bomberman,2,Bomb,1,0,41.44,0.926,"[(48.0, 48.0), (48.0, 70.4), (48.0, 92.8), (48.0, 115.2), (48.0, 137.6), (48.0, 160.0), (48.0, 182.4), (50.8, 204.8), (50.8, 227.2), (62.0, 244.0), (87.2, 244.0), (115.2, 252.4), (115.2, 274.8), (118.0, 302.8), (140.4, 308.4), (168.4, 308.4), (179.6, 328.0), (179.6, 356.0), (193.6, 372.8), (216.0, 372.8), (238.4, 372.8), (260.8, 372.8), (283.2, 372.8), (305.6, 372.8), (328.0, 372.8), (350.4, 372.8), (372.8, 372.8), (372.8, 372.8), (372.8, 372.8), (372.8, 372.8), (372.8, 372.8), (372.8, 372.8), (372.8, 372.8), (372.8, 372.8), (372.8, 372.8), (372.8, 372.8), (372.8, 372.8), (372.8, 372.8), (372.8, 372.8), (372.8, 372.8), (372.8, 372.8), (372.8, 372.8), (372.8, 372.8), (372.8, 372.8), (372.8, 372.8), (372.8, 372.8), (372.8, 372.8), (372.8, 372.8), (372.8, 372.8), (372.8, 372.8), (372.8, 372.8), (372.8, 372.8), (372.8, 372.8), (372.8, 372.8), (372.8, 372.8), (372.8, 372.8), (372.8, 372.8)]",0,7.5
speedrunner,bomberman,2,Bomb,1,0,39.95,0.926,"[(48.0, 48.0), (50.8, 70.4), (50.8, 92.8), (56.4, 115.2), (78.8, 115.2), (109.6, 118.0), (115.2, 140.4), (115.2, 162.8), (126.4, 179.6), (151.6, 179.6), (176.8, 185.2), (179.6, 207.6), (179.6, 230.0), (193.6, 244.0), (221.6, 244.0), (244.0, 252.4), (244.0, 274.8), (244.0, 297.2), (263.6, 308.4), (291.6, 308.4), (308.4, 325.2), (308.4, 347.6), (314.0, 370.0), (336.4, 372.8), (358.8, 372.8), (372.8, 372.8), (372.8, 372.8), (372.8, 372.8), (372.8, 372.8), (372.8, 372.8), (372.8, 372.8), (372.8, 372.8), (372.8, 372.8), (372.8, 372.8), (372.8, 372.8), (372.8, 372.8), (372.8, 372.8), (372.8, 372.8), (372.8, 372.8), (372.8, 372.8), (372.8, 372.8), (372.8, 372.8), (372.8, 372.8), (372.8, 372.8), (372.8, 372.8), (372.8, 372.8), (372.8, 372.8), (372.8, 372.8), (372.8, 372.8), (372.8, 372.8), (372.8, 372.8), (372.8, 372.8), (372.8, 372.8), (372.8, 372.8), (372.8, 372.8), (372.8, 372.8), (372.8, 372.8)]",0,7.5
speedrunner,bomberman,2,Bomb,1,0,39.95,0.926,"[(48.0, 48.0), (50.8, 70.4), (50.8, 92.8), (56.4, 115.2), (78.8, 115.2), (109.6, 118.0), (115.2, 140.4), (115.2, 162.8), (126.4, 179.6), (151.6, 179.6), (176.8, 185.2), (179.6, 207.6), (179.6, 230.0), (193.6, 244.0), (221.6, 244.0), (244.0, 252.4), (244.0, 274.8), (244.0, 297.2), (263.6, 308.4), (291.6, 308.4), (308.4, 325.2), (308.4, 347.6), (314.0, 370.0), (336.4, 372.8), (358.8, 372.8), (372.8, 372.8), (372.8, 372.8), (372.8, 372.8), (372.8, 372.8), (372.8, 372.8), (372.8, 372.8), (372.8, 372.8), (372.8, 372.8), (372.8, 372.8), (372.8, 372.8), (372.8, 372.8), (372.8, 372.8), (372.8, 372.8), (372.8, 372.8), (372.8, 372.8), (372.8, 372.8), (372.8, 372.8), (372.8, 372.8), (372.8, 372.8), (372.8, 372.8), (372.8, 372.8), (372.8, 372.8), (372.8, 372.8), (372.8, 372.8), (372.8, 372.8), (372.8, 372.8), (372.8, 372.8), (372.8, 372.8), (372.8, 372.8), (372.8, 372.8), (372.8, 372.8), (372.8, 372.8)]",0,7.5
speedrunner,bomberman,2,Bomb,1,0,39.95,0.926,"[(48.0, 48.0), (50.8, 70.4), (50.8, 92.8), (56.4, 115.2), (78.8, 115.2), (109.6, 118.0), (115.2, 140.4), (115.2, 162.8), (126.4, 179.6), (151.6, 179.6), (176.8, 185.2), (179.6, 207.6), (179.6, 230.0), (193.6, 244.0), (221.6, 244.0), (244.0, 252.4), (244.0, 274.8), (244.0, 297.2), (263.6, 308.4), (291.6, 308.4), (308.4, 325.2), (308.4, 347.6), (314.0, 370.0), (336.4, 372.8), (358.8, 372.8), (372.8, 372.8), (372.8, 372.8), (372.8, 372.8), (372.8, 372.8), (372.8, 372.8), (372.8, 372.8), (372.8, 372.8), (372.8, 372.8), (372.8, 372.8), (372.8, 372.8), (372.8, 372.8), (372.8, 372.8), (372.8, 372.8), (372.8, 372.8), (372.8, 372.8), (372.8, 372.8), (372.8, 372.8), (372.8, 372.8), (372.8, 372.8), (372.8, 372.8), (372.8, 372.8), (372.8, 372.8), (372.8, 372.8), (372.8, 372.8), (372.8, 372.8), (372.8, 372.8), (372.8, 372.8), (372.8, 372.8), (372.8, 372.8), (372.8, 372.8), (372.8, 372.8), (372.8, 372.8)]",0,7.5
speedrunner,bomberman,2,Bomb,1,0,39.95,0.926,"[(48.0, 48.0), (50.8, 70.4), (50.8, 92.8), (56.4, 115.2), (78.8, 115.2), (109.6, 118.0), (115.2, 140.4), (115.2, 162.8), (126.4, 179.6), (151.6, 179.6), (176.8, 185.2), (179.6, 207.6), (179.6, 230.0), (193.6, 244.0), (221.6, 244.0), (244.0, 252.4), (244.0, 274.8), (244.0, 297.2), (263.6, 308.4), (291.6, 308.4), (308.4, 325.2), (308.4, 347.6), (314.0, 370.0), (336.4, 372.8), (358.8, 372.8), (372.8, 372.8), (372.8, 372.8), (372.8, 372.8), (372.8, 372.8), (372.8, 372.8), (372.8, 372.8), (372.8, 372.8), (372.8, 372.8), (372.8, 372.8), (372.8, 372.8), (372.8, 372.8), (372.8, 372.8), (372.8, 372.8), (372.8, 372.8), (372.8, 372.8), (372.8, 372.8), (372.8, 372.8), (372.8, 372.8), (372.8, 372.8), (372.8, 372.8), (372.8, 372.8), (372.8, 372.8), (372.8, 372.8), (372.8, 372.8), (372.8, 372.8), (372.8, 372.8), (372.8, 372.8), (372.8, 372.8), (372.8, 372.8), (372.8, 372.8), (372.8, 372.8), (372.8, 372.8)]",0,7.5
speedrunner,bomberman,2,Bomb,1,0,41.44,0.926,"[(48.0, 48.0), (48.0, 70.4), (48.0, 92.8), (48.0, 115.2), (48.0, 137.6), (48.0, 160.0), (48.0, 182.4), (50.8, 204.8), (50.8, 227.2), (62.0, 244.0), (87.2, 244.0), (115.2, 252.4), (115.2, 274.8), (118.0, 302.8), (140.4, 308.4), (168.4, 308.4), (179.6, 328.0), (179.6, 356.0), (193.6, 372.8), (216.0, 372.8), (238.4, 372.8), (260.8, 372.8), (283.2, 372.8), (305.6, 372.8), (328.0, 372.8), (350.4, 372.8), (372.8, 372.8), (372.8, 372.8), (372.8, 372.8), (372.8, 372.8), (372.8, 372.8), (372.8, 372.8), (372.8, 372.8), (372.8, 372.8), (372.8, 372.8), (372.8, 372.8), (372.8, 372.8), (372.8, 372.8), (372.8, 372.8), (372.8, 372.8), (372.8, 372.8), (372.8, 372.8), (372.8, 372.8), (372.8, 372.8), (372.8, 372.8), (372.8, 372.8), (372.8, 372.8), (372.8, 372.8), (372.8, 372.8), (372.8, 372.8), (372.8, 372.8), (372.8, 372.8), (372.8, 372.8), (372.8, 372.8), (372.8, 372.8), (372.8, 372.8), (372.8, 372.8)]",0,7.5
speedrunner,bomberman,2,Bomb,1,0,39.95,0.926,"[(48.0, 48.0), (50.8, 70.4), (50.8, 92.8), (56.4, 115.2), (78.8, 115.2), (109.6, 118.0), (115.2, 140.4), (115.2, 162.8), (126.4, 179.6), (151.6, 179.6), (176.8, 185.2), (179.6, 207.6), (179.6, 230.0), (193.6, 244.0), (221.6, 244.0), (244.0, 252.4), (244.0, 274.8), (246.8, 302.8), (269.2, 308.4), (297.2, 308.4), (308.4, 330.8), (308.4, 358.8), (325.2, 372.8), (347.6, 372.8), (370.0, 372.8), (372.8, 372.8), (372.8, 372.8), (372.8, 372.8), (372.8, 372.8), (372.8, 372.8), (372.8, 372.8), (372.8, 372.8), (372.8, 372.8), (372.8, 372.8), (372.8, 372.8), (372.8, 372.8), (372.8, 372.8), (372.8, 372.8), (372.8, 372.8), (372.8, 372.8), (372.8, 372.8), (372.8, 372.8), (372.8, 372.8), (372.8, 372.8), (372.8, 372.8), (372.8, 372.8), (372.8, 372.8), (372.8, 372.8), (372.8, 372.8), (372.8, 372.8), (372.8, 372.8), (372.8, 372.8), (372.8, 372.8), (372.8, 372.8), (372.8, 372.8), (372.8, 372.8), (372.8, 372.8)]",0,7.5
speedrunner,bomberman,2,Bomb,1,0,39.2,0.926,"[(48.0, 48.0), (70.4, 50.8), (101.2, 50.8), (115.2, 67.6), (115.2, 90.0), (118.0, 112.4), (140.4, 115.2), (168.4, 115.2), (179.6, 134.8), (179.6, 157.2), (185.2, 179.6), (207.6, 179.6), (235.6, 179.6), (244.0, 202.0), (244.0, 224.4), (252.4, 244.0), (274.8, 244.0), (302.8, 249.6), (308.4, 272.0), (308.4, 300.0), (330.8, 308.4), (358.8, 308.4), (372.8, 328.0), (372.8, 350.4), (372.8, 372.8), (372.8, 372.8), (372.8, 372.8), (372.8, 372.8), (372.8, 372.8), (372.8, 372.8), (372.8, 372.8), (372.8, 372.8), (372.8, 372.8), (372.8, 372.8), (372.8, 372.8), (372.8, 372.8), (372.8, 372.8), (372.8, 372.8), (372.8, 372.8), (372.8, 372.8), (372.8, 372.8), (372.8, 372.8), (372.8, 372.8), (372.8, 372.8), (372.8, 372.8), (372.8, 372.8), (372.8, 372.8), (372.8, 372.8), (372.8, 372.8), (372.8, 372.8), (372.8, 372.8), (372.8, 372.8), (372.8, 372.8), (372.8, 372.8), (372.8, 372.8), (372.8, 372.8), (372.8, 372.8)]",0,7.5
speedrunner,bomberman,2,Bomb,1,0,39.95,0.926,"[(48.0, 48.0), (48.0, 70.4), (48.0, 92.8), (56.4, 115.2), (78.8, 115.2), (109.6, 118.0), (115.2, 140.4), (115.2, 162.8), (126.4, 179.6), (151.6, 179.6), (176.8, 185.2), (179.6, 207.6), (179.6, 230.0), (193.6, 244.0), (221.6, 244.0), (244.0, 252.4), (244.0, 274.8), (244.0, 297.2), (263.6, 308.4), (291.6, 308.4), (308.4, 325.2), (308.4, 347.6), (314.0, 370.0), (336.4, 372.8), (358.8, 372.8), (372.8, 372.8), (372.8, 372.8), (372.8, 372.8), (372.8, 372.8), (372.8, 372.8), (372.8, 372.8), (372.8, 372.8), (372.8, 372.8), (372.8, 372.8), (372.8, 372.8), (372.8, 372.8), (372.8, 372.8), (372.8, 372.8), (372.8, 372.8), (372.8, 372.8), (372.8, 372.8), (372.8, 372.8), (372.8, 372.8), (372.8, 372.8), (372.8, 372.8), (372.8, 372.8), (372.8, 372.8), (372.8, 372.8), (372.8, 372.8), (372.8, 372.8), (372.8, 372.8), (372.8, 372.8), (372.8, 372.8), (372.8, 372.8), (372.8, 372.8), (372.8, 372.8), (372.8, 372.8)]",0,7.5
speedrunner,bomberman,2,Bomb,1,0,40.69,0.926,"[(48.0, 48.0), (48.0, 70.4), (48.0, 92.8), (48.0, 115.2), (48.0, 137.6), (48.0, 160.0), (59.2, 179.6), (81.6, 179.6), (112.4, 185.2), (115.2, 207.6), (115.2, 230.0), (129.2, 244.0), (157.2, 244.0), (179.6, 252.4), (179.6, 274.8), (179.6, 297.2), (199.2, 308.4), (227.2, 308.4), (244.0, 322.4), (244.0, 347.6), (252.4, 372.8), (274.8, 372.8), (297.2, 372.8), (319.6, 372.8), (342.0, 372.8), (364.4, 372.8), (372.8, 372.8), (372.8, 372.8), (372.8, 372.8), (372.8, 372.8), (372.8, 372.8), (372.8, 372.8), (372.8, 372.8), (372.8, 372.8), (372.8, 372.8), (372.8, 372.8), (372.8, 372.8), (372.8, 372.8), (372.8, 372.8), (372.8, 372.8), (372.8, 372.8), (372.8, 372.8), (372.8, 372.8), (372.8, 372.8), (372.8, 372.8), (372.8, 372.8), (372.8, 372.8), (372.8, 372.8), (372.8, 372.8), (372.8, 372.8), (372.8, 372.8), (372.8, 372.8), (372.8, 372.8), (372.8, 372.8), (372.8, 372.8), (372.8, 372.8), (372.8, 372.8)]",0,7.5
speedrunner,bomberman,2,Bomb,1,0,25.39,0.593,"[(48.0, 48.0), (48.0, 70.4), (48.0, 92.8), (48.0, 115.2), (48.0, 137.6), (48.0, 160.0), (48.0, 182.4), (48.0, 204.8), (48.0, 227.2), (48.0, 249.6), (48.0, 272.0), (48.0, 294.4), (50.8, 316.8), (50.8, 339.2), (50.8, 361.6), (70.4, 372.8), (92.8, 372.8), (115.2, 372.8), (137.6, 372.8), (160.0, 372.8), (182.4, 372.8), (193.6, 372.8), (193.6, 372.8), (193.6, 372.8), (193.6, 372.8), (193.6, 372.8), (193.6, 372.8), (193.6, 372.8), (193.6, 372.8), (193.6, 372.8), (193.6, 372.8), (193.6, 372.8), (193.6, 372.8), (193.6, 372.8), (193.6, 372.8), (193.6, 372.8), (193.6, 372.8), (193.6, 372.8), (193.6, 372.8), (193.6, 372.8), (193.6, 372.8), (193.6, 372.8), (213.2, 372.8), (235.6, 372.8), (238.4, 372.8), (238.4, 372.8), (238.4, 372.8), (238.4, 372.8), (238.4, 372.8), (238.4, 372.8), (238.4, 372.8), (238.4, 372.8), (238.4, 372.8), (238.4, 372.8), (238.4, 372.8), (238.4, 372.8), (238.4, 372.8)]",0,7.5
speedrunner,bomberman,2,Bomb,1,0,39.95,0.926,"[(48.0, 48.0), (50.8, 70.4), (50.8, 92.8), (56.4, 115.2), (78.8, 115.2), (109.6, 118.0), (115.2, 140.4), (115.2, 162.8), (126.4, 179.6), (151.6, 179.6), (176.8, 185.2), (179.6, 207.6), (179.6, 230.0), (193.6, 244.0), (221.6, 244.0), (244.0, 252.4), (244.0, 274.8), (244.0, 297.2), (263.6, 308.4), (291.6, 308.4), (308.4, 325.2), (308.4, 353.2), (319.6, 372.8), (342.0, 372.8), (364.4, 372.8), (372.8, 372.8), (372.8, 372.8), (372.8, 372.8), (372.8, 372.8), (372.8, 372.8), (372.8, 372.8), (372.8, 372.8), (372.8, 372.8), (372.8, 372.8), (372.8, 372.8), (372.8, 372.8), (372.8, 372.8), (372.8, 372.8), (372.8, 372.8), (372.8, 372.8), (372.8, 372.8), (372.8, 372.8), (372.8, 372.8), (372.8, 372.8), (372.8, 372.8), (372.8, 372.8), (372.8, 372.8), (372.8, 372.8), (372.8, 372.8), (372.8, 372.8), (372.8, 372.8), (372.8, 372.8), (372.8, 372.8), (372.8, 372.8), (372.8, 372.8), (372.8, 372.8), (372.8, 372.8)]",0,7.5
speedrunner,bomberman,2,Bomb,1,0,39.95,0.926,"[(48.0, 48.0), (50.8, 70.4), (50.8, 92.8), (56.4, 115.2), (78.8, 115.2), (109.6, 118.0), (115.2, 140.4), (115.2, 162.8), (126.4, 179.6), (151.6, 179.6), (176.8, 185.2), (179.6, 207.6), (179.6, 230.0), (193.6, 244.0), (221.6, 244.0), (244.0, 252.4), (244.0, 274.8), (244.0, 297.2), (263.6, 308.4), (291.6, 308.4), (308.4, 325.2), (308.4, 353.2), (319.6, 372.8), (342.0, 372.8), (364.4, 372.8), (372.8, 372.8), (372.8, 372.8), (372.8, 372.8), (372.8, 372.8), (372.8, 372.8), (372.8, 372.8), (372.8, 372.8), (372.8, 372.8), (372.8, 372.8), (372.8, 372.8), (372.8, 372.8), (372.8, 372.8), (372.8, 372.8), (372.8, 372.8), (372.8, 372.8), (372.8, 372.8), (372.8, 372.8), (372.8, 372.8), (372.8, 372.8), (372.8, 372.8), (372.8, 372.8), (372.8, 372.8), (372.8, 372.8), (372.8, 372.8), (372.8, 372.8), (372.8, 372.8), (372.8, 372.8), (372.8, 372.8), (372.8, 372.8), (372.8, 372.8), (372.8, 372.8), (372.8, 372.8)]",0,7.5
speedrunner,bomberman,2,Bomb,1,0,39.95,0.926,"[(48.0, 48.0), (50.8, 70.4), (50.8, 92.8), (56.4, 115.2), (78.8, 115.2), (109.6, 118.0), (115.2, 140.4), (115.2, 162.8), (126.4, 179.6), (151.6, 179.6), (176.8, 185.2), (179.6, 207.6), (179.6, 230.0), (193.6, 244.0), (221.6, 244.0), (244.0, 252.4), (244.0, 274.8), (244.0, 297.2), (263.6, 308.4), (291.6, 308.4), (308.4, 325.2), (308.4, 353.2), (319.6, 372.8), (342.0, 372.8), (364.4, 372.8), (372.8, 372.8), (372.8, 372.8), (372.8, 372.8), (372.8, 372.8), (372.8, 372.8), (372.8, 372.8), (372.8, 372.8), (372.8, 372.8), (372.8, 372.8), (372.8, 372.8), (372.8, 372.8), (372.8, 372.8), (372.8, 372.8), (372.8, 372.8), (372.8, 372.8), (372.8, 372.8), (372.8, 372.8), (372.8, 372.8), (372.8, 372.8), (372.8, 372.8), (372.8, 372.8), (372.8, 372.8), (372.8, 372.8), (372.8, 372.8), (372.8, 372.8), (372.8, 372.8), (372.8, 372.8), (372.8, 372.8), (372.8, 372.8), (372.8, 372.8), (372.8, 372.8), (372.8, 372.8)]",0,7.5
speedrunner,bomberman,2,Bomb,1,0,39.95,0.926,"[(48.0, 48.0), (50.8, 70.4), (50.8, 92.8), (56.4, 115.2), (78.8, 115.2), (109.6, 118.0), (115.2, 140.4), (115.2, 162.8), (126.4, 179.6), (151.6, 179.6), (176.8, 185.2), (179.6, 207.6), (179.6, 230.0), (193.6, 244.0), (221.6, 244.0), (244.0, 252.4), (244.0, 274.8), (244.0, 297.2), (263.6, 308.4), (291.6, 308.4), (308.4, 325.2), (308.4, 353.2), (319.6, 372.8), (342.0, 372.8), (364.4, 372.8), (372.8, 372.8), (372.8, 372.8), (372.8, 372.8), (372.8, 372.8), (372.8, 372.8), (372.8, 372.8), (372.8, 372.8), (372.8, 372.8), (372.8, 372.8), (372.8, 372.8), (372.8, 372.8), (372.8, 372.8), (372.8, 372.8), (372.8, 372.8), (372.8, 372.8), (372.8, 372.8), (372.8, 372.8), (372.8, 372.8), (372.8, 372.8), (372.8, 372.8), (372.8, 372.8), (372.8, 372.8), (372.8, 372.8), (372.8, 372.8), (372.8, 372.8), (372.8, 372.8), (372.8, 372.8), (372.8, 372.8), (372.8, 372.8), (372.8, 372.8), (372.8, 372.8), (372.8, 372.8)]",0,7.5
speedrunner,bomberman,2,Bomb,1,0,40.69,0.926,"[(48.0, 48.0), (48.0, 70.4), (48.0, 92.8), (48.0, 115.2), (48.0, 137.6), (48.0, 160.0), (59.2, 179.6), (81.6, 179.6), (112.4, 185.2), (115.2, 207.6), (115.2, 230.0), (129.2, 244.0), (157.2, 244.0), (179.6, 252.4), (179.6, 274.8), (179.6, 297.2), (199.2, 308.4), (227.2, 308.4), (244.0, 322.4), (244.0, 347.6), (252.4, 372.8), (274.8, 372.8), (297.2, 372.8), (319.6, 372.8), (342.0, 372.8), (364.4, 372.8), (372.8, 372.8), (372.8, 372.8), (372.8, 372.8), (372.8, 372.8), (372.8, 372.8), (372.8, 372.8), (372.8, 372.8), (372.8, 372.8), (372.8, 372.8), (372.8, 372.8), (372.8, 372.8), (372.8, 372.8), (372.8, 372.8), (372.8, 372.8), (372.8, 372.8), (372.8, 372.8), (372.8, 372.8), (372.8, 372.8), (372.8, 372.8), (372.8, 372.8), (372.8, 372.8), (372.8, 372.8), (372.8, 372.8), (372.8, 372.8), (372.8, 372.8), (372.8, 372.8), (372.8, 372.8), (372.8, 372.8), (372.8, 372.8), (372.8, 372.8), (372.8, 372.8)]",0,7.5
speedrunner,bomberman,2,Bomb,1,0,39.95,0.926,"[(48.0, 48.0), (48.0, 70.4), (48.0, 92.8), (56.4, 115.2), (78.8, 115.2), (109.6, 118.0), (115.2, 140.4), (115.2, 162.8), (126.4, 179.6), (151.6, 179.6), (176.8, 185.2), (179.6, 207.6), (179.6, 230.0), (193.6, 244.0), (221.6, 244.0), (244.0, 252.4), (244.0, 274.8), (244.0, 297.2), (263.6, 308.4), (291.6, 308.4), (308.4, 325.2), (308.4, 347.6), (314.0, 370.0), (336.4, 372.8), (358.8, 372.8), (372.8, 372.8), (372.8, 372.8), (372.8, 372.8), (372.8, 372.8), (372.8, 372.8), (372.8, 372.8), (372.8, 372.8), (372.8, 372.8), (372.8, 372.8), (372.8, 372.8), (372.8, 372.8), (372.8, 372.8), (372.8, 372.8), (372.8, 372.8), (372.8, 372.8), (372.8, 372.8), (372.8, 372.8), (372.8, 372.8), (372.8, 372.8), (372.8, 372.8), (372.8, 372.8), (372.8, 372.8), (372.8, 372.8), (372.8, 372.8), (372.8, 372.8), (372.8, 372.8), (372.8, 372.8), (372.8, 372.8), (372.8, 372.8), (372.8, 372.8), (372.8, 372.8), (372.8, 372.8)]",0,7.5
speedrunner,bomberman,2,Bomb,1,0,39.95,0.926,"[(48.0, 48.0), (50.8, 70.4), (50.8, 92.8), (56.4, 115.2), (78.8, 115.2), (109.6, 118.0), (115.2, 140.4), (115.2, 162.8), (126.4, 179.6), (151.6, 179.6), (176.8, 185.2), (179.6, 207.6), (179.6, 230.0), (193.6, 244.0), (221.6, 244.0), (244.0, 252.4), (244.0, 274.8), (244.0, 297.2), (263.6, 308.4), (291.6, 308.4), (308.4, 325.2), (308.4, 347.6), (314.0, 370.0), (336.4, 372.8), (358.8, 372.8), (372.8, 372.8), (372.8, 372.8), (372.8, 372.8), (372.8, 372.8), (372.8, 372.8), (372.8, 372.8), (372.8, 372.8), (372.8, 372.8), (372.8, 372.8), (372.8, 372.8), (372.8, 372.8), (372.8, 372.8), (372.8, 372.8), (372.8, 372.8), (372.8, 372.8), (372.8, 372.8), (372.8, 372.8), (372.8, 372.8), (372.8, 372.8), (372.8, 372.8), (372.8, 372.8), (372.8, 372.8), (372.8, 372.8), (372.8, 372.8), (372.8, 372.8), (372.8, 372.8), (372.8, 372.8), (372.8, 372.8), (372.8, 372.8), (372.8, 372.8), (372.8, 372.8), (372.8, 372.8)]",0,7.5
speedrunner,bomberman,2,Bomb,1,0,39.95,0.926,"[(48.0, 48.0), (50.8, 70.4), (50.8, 92.8), (56.4, 115.2), (78.8, 115.2), (109.6, 118.0), (115.2, 140.4), (115.2, 162.8), (126.4, 179.6), (151.6, 179.6), (176.8, 185.2), (179.6, 207.6), (179.6, 230.0), (193.6, 244.0), (221.6, 244.0), (244.0, 252.4), (244.0, 274.8), (244.0, 297.2), (263.6, 308.4), (291.6, 308.4), (308.4, 325.2), (308.4, 347.6), (314.0, 370.0), (336.4, 372.8), (358.8, 372.8), (372.8, 372.8), (372.8, 372.8), (372.8, 372.8), (372.8, 372.8), (372.8, 372.8), (372.8, 372.8), (372.8, 372.8), (372.8, 372.8), (372.8, 372.8), (372.8, 372.8), (372.8, 372.8), (372.8, 372.8), (372.8, 372.8), (372.8, 372.8), (372.8, 372.8), (372.8, 372.8), (372.8, 372.8), (372.8, 372.8), (372.8, 372.8), (372.8, 372.8), (372.8, 372.8), (372.8, 372.8), (372.8, 372.8), (372.8, 372.8), (372.8, 372.8), (372.8, 372.8), (372.8, 372.8), (372.8, 372.8), (372.8, 372.8), (372.8, 372.8), (372.8, 372.8), (372.8, 372.8)]",0,7.5
speedrunner,bomberman,2,Bomb,1,0,39.2,0.926,"[(48.0, 48.0), (70.4, 50.8), (101.2, 50.8), (115.2, 67.6), (115.2, 95.6), (126.4, 115.2), (151.6, 115.2), (176.8, 120.8), (179.6, 143.2), (179.6, 168.4), (196.4, 179.6), (224.4, 179.6), (244.0, 190.8), (244.0, 213.2), (246.8, 241.2), (269.2, 244.0), (297.2, 244.0), (308.4, 266.4), (308.4, 294.4), (325.2, 308.4), (353.2, 308.4), (372.8, 322.4), (372.8, 344.8), (372.8, 367.2), (372.8, 372.8), (372.8, 372.8), (372.8, 372.8), (372.8, 372.8), (372.8, 372.8), (372.8, 372.8), (372.8, 372.8), (372.8, 372.8), (372.8, 372.8), (372.8, 372.8), (372.8, 372.8), (372.8, 372.8), (372.8, 372.8), (372.8, 372.8), (372.8, 372.8), (372.8, 372.8), (372.8, 372.8), (372.8, 372.8), (372.8, 372.8), (372.8, 372.8), (372.8, 372.8), (372.8, 372.8), (372.8, 372.8), (372.8, 372.8), (372.8, 372.8), (372.8, 372.8), (372.8, 372.8), (372.8, 372.8), (372.8, 372.8), (372.8, 372.8), (372.8, 372.8), (372.8, 372.8), (372.8, 372.8)]",0,7.5
speedrunner,bomberman,2,Bomb,1,0,39.95,0.926,"[(48.0, 48.0), (50.8, 70.4), (50.8, 92.8), (56.4, 115.2), (78.8, 115.2), (109.6, 118.0), (115.2, 140.4), (115.2, 162.8), (126.4, 179.6), (151.6, 179.6), (176.8, 185.2), (179.6, 207.6), (179.6, 230.0), (193.6, 244.0), (221.6, 244.0), (244.0, 252.4), (244.0, 274.8), (244.0, 297.2), (263.6, 308.4), (291.6, 308.4), (308.4, 325.2), (308.4, 353.2), (319.6, 372.8), (342.0, 372.8), (364.4, 372.8), (372.8, 372.8), (372.8, 372.8), (372.8, 372.8), (372.8, 372.8), (372.8, 372.8), (372.8, 372.8), (372.8, 372.8), (372.8, 372.8), (372.8, 372.8), (372.8, 372.8), (372.8, 372.8), (372.8, 372.8), (372.8, 372.8), (372.8, 372.8), (372.8, 372.8), (372.8, 372.8), (372.8, 372.8), (372.8, 372.8), (372.8, 372.8), (372.8, 372.8), (372.8, 372.8), (372.8, 372.8), (372.8, 372.8), (372.8, 372.8), (372.8, 372.8), (372.8, 372.8), (372.8, 372.8), (372.8, 372.8), (372.8, 372.8), (372.8, 372.8), (372.8, 372.8), (372.8, 372.8)]",0,7.5
speedrunner,bomberman,2,Bomb,1,0,39.95,0.926,"[(48.0, 48.0), (50.8, 70.4), (50.8, 92.8), (56.4, 115.2), (78.8, 115.2), (109.6, 118.0), (115.2, 140.4), (115.2, 162.8), (126.4, 179.6), (151.6, 179.6), (176.8, 185.2), (179.6, 207.6), (179.6, 230.0), (193.6, 244.0), (221.6, 244.0), (244.0, 252.4), (244.0, 274.8), (246.8, 302.8), (269.2, 308.4), (297.2, 308.4), (308.4, 330.8), (308.4, 358.8), (325.2, 372.8), (347.6, 372.8), (370.0, 372.8), (372.8, 372.8), (372.8, 372.8), (372.8, 372.8), (372.8, 372.8), (372.8, 372.8), (372.8, 372.8), (372.8, 372.8), (372.8, 372.8), (372.8, 372.8), (372.8, 372.8), (372.8, 372.8), (372.8, 372.8), (372.8, 372.8), (372.8, 372.8), (372.8, 372.8), (372.8, 372.8), (372.8, 372.8), (372.8, 372.8), (372.8, 372.8), (372.8, 372.8), (372.8, 372.8), (372.8, 372.8), (372.8, 372.8), (372.8, 372.8), (372.8, 372.8), (372.8, 372.8), (372.8, 372.8), (372.8, 372.8), (372.8, 372.8), (372.8, 372.8), (372.8, 372.8), (372.8, 372.8)]",0,7.5
speedrunner,bomberman,2,Bomb,1,0,26.88,0.519,"[(48.0, 48.0), (48.0, 70.4), (48.0, 92.8), (48.0, 115.2), (48.0, 137.6), (48.0, 160.0), (48.0, 182.4), (48.0, 204.8), (48.0, 227.2), (48.0, 249.6), (48.0, 272.0), (48.0, 294.4), (48.0, 316.8), (48.0, 339.2), (50.8, 361.6), (70.4, 372.8), (92.8, 372.8), (115.2, 372.8), (137.6, 372.8), (157.2, 372.8), (179.6, 372.8), (182.4, 372.8), (182.4, 372.8), (182.4, 372.8), (182.4, 372.8), (182.4, 372.8), (182.4, 372.8), (182.4, 372.8), (182.4, 372.8), (182.4, 372.8), (182.4, 372.8), (182.4, 372.8), (182.4, 372.8), (182.4, 372.8), (182.4, 372.8), (182.4, 372.8), (182.4, 372.8), (182.4, 372.8)]",0,5.0
speedrunner,bomberman,2,Bomb,1,0,39.95,0.926,"[(48.0, 48.0), (50.8, 70.4), (50.8, 92.8), (56.4, 115.2), (78.8, 115.2), (109.6, 118.0), (115.2, 140.4), (115.2, 162.8), (126.4, 179.6), (151.6, 179.6), (176.8, 185.2), (179.6, 207.6), (179.6, 230.0), (193.6, 244.0), (221.6, 244.0), (244.0, 252.4), (244.0, 274.8), (246.8, 302.8), (269.2, 308.4), (297.2, 308.4), (308.4, 330.8), (308.4, 358.8), (325.2, 372.8), (347.6, 372.8), (370.0, 372.8), (372.8, 372.8), (372.8, 372.8), (372.8, 372.8), (372.8, 372.8), (372.8, 372.8), (372.8, 372.8), (372.8, 372.8), (372.8, 372.8), (372.8, 372.8), (372.8, 372.8), (372.8, 372.8), (372.8, 372.8), (372.8, 372.8), (372.8, 372.8), (372.8, 372.8), (372.8, 372.8), (372.8, 372.8), (372.8, 372.8), (372.8, 372.8), (372.8, 372.8), (372.8, 372.8), (372.8, 372.8), (372.8, 372.8), (372.8, 372.8), (372.8, 372.8), (372.8, 372.8), (372.8, 372.8), (372.8, 372.8), (372.8, 372.8), (372.8, 372.8), (372.8, 372.8), (372.8, 372.8)]",0,7.5
speedrunner,bomberman,2,Bomb,1,0,39.95,0.926,"[(48.0, 48.0), (50.8, 70.4), (50.8, 92.8), (56.4, 115.2), (78.8, 115.2), (109.6, 118.0), (115.2, 140.4), (115.2, 162.8), (126.4, 179.6), (151.6, 179.6), (176.8, 185.2), (179.6, 207.6), (179.6, 230.0), (193.6, 244.0), (221.6, 244.0), (244.0, 252.4), (244.0, 274.8), (244.0, 297.2), (263.6, 308.4), (291.6, 308.4), (308.4, 325.2), (308.4, 353.2), (319.6, 372.8), (342.0, 372.8), (364.4, 372.8), (372.8, 372.8), (372.8, 372.8), (372.8, 372.8), (372.8, 372.8), (372.8, 372.8), (372.8, 372.8), (372.8, 372.8), (372.8, 372.8), (372.8, 372.8), (372.8, 372.8), (372.8, 372.8), (372.8, 372.8), (372.8, 372.8), (372.8, 372.8), (372.8, 372.8), (372.8, 372.8), (372.8, 372.8), (372.8, 372.8), (372.8, 372.8), (372.8, 372.8), (372.8, 372.8), (372.8, 372.8), (372.8, 372.8), (372.8, 372.8), (372.8, 372.8), (372.8, 372.8), (372.8, 372.8), (372.8, 372.8), (372.8, 372.8), (372.8, 372.8), (372.8, 372.8), (372.8, 372.8)]",0,7.5
speedrunner,bomberman,2,Bomb,1,0,39.95,0.926,"[(48.0, 48.0), (48.0, 70.4), (48.0, 92.8), (56.4, 115.2), (78.8, 115.2), (109.6, 118.0), (115.2, 140.4), (115.2, 162.8), (126.4, 179.6), (151.6, 179.6), (176.8, 185.2), (179.6, 207.6), (179.6, 230.0), (193.6, 244.0), (221.6, 244.0), (244.0, 252.4), (244.0, 274.8), (244.0, 297.2), (263.6, 308.4), (291.6, 308.4), (308.4, 325.2), (308.4, 347.6), (314.0, 370.0), (336.4, 372.8), (358.8, 372.8), (372.8, 372.8), (372.8, 372.8), (372.8, 372.8), (372.8, 372.8), (372.8, 372.8), (372.8, 372.8), (372.8, 372.8), (372.8, 372.8), (372.8, 372.8), (372.8, 372.8), (372.8, 372.8), (372.8, 372.8), (372.8, 372.8), (372.8, 372.8), (372.8, 372.8), (372.8, 372.8), (372.8, 372.8), (372.8, 372.8), (372.8, 372.8), (372.8, 372.8), (372.8, 372.8), (372.8, 372.8), (372.8, 372.8), (372.8, 372.8), (372.8, 372.8), (372.8, 372.8), (372.8, 372.8), (372.8, 372.8), (372.8, 372.8), (372.8, 372.8), (372.8, 372.8), (372.8, 372.8)]",0,7.5
speedrunner,bomberman,2,Bomb,1,0,39.2,0.926,"[(48.0, 48.0), (70.4, 50.8), (101.2, 50.8), (115.2, 67.6), (115.2, 95.6), (126.4, 115.2), (151.6, 115.2), (176.8, 120.8), (179.6, 143.2), (179.6, 168.4), (196.4, 179.6), (224.4, 179.6), (244.0, 190.8), (244.0, 213.2), (246.8, 241.2), (269.2, 244.0), (297.2, 244.0), (308.4, 266.4), (308.4, 294.4), (325.2, 308.4), (353.2, 308.4), (372.8, 322.4), (372.8, 344.8), (372.8, 367.2), (372.8, 372.8), (372.8, 372.8), (372.8, 372.8), (372.8, 372.8), (372.8, 372.8), (372.8, 372.8), (372.8, 372.8), (372.8, 372.8), (372.8, 372.8), (372.8, 372.8), (372.8, 372.8), (372.8, 372.8), (372.8, 372.8), (372.8, 372.8), (372.8, 372.8), (372.8, 372.8), (372.8, 372.8), (372.8, 372.8), (372.8, 372.8), (372.8, 372.8), (372.8, 372.8), (372.8, 372.8), (372.8, 372.8), (372.8, 372.8), (372.8, 372.8), (372.8, 372.8), (372.8, 372.8), (372.8, 372.8), (372.8, 372.8), (372.8, 372.8), (372.8, 372.8), (372.8, 372.8), (372.8, 372.8)]",0,7.5
speedrunner,bomberman,2,Bomb,1,0,39.2,0.926,"[(48.0, 48.0), (70.4, 50.8), (101.2, 50.8), (115.2, 67.6), (115.2, 90.0), (118.0, 112.4), (140.4, 115.2), (168.4, 115.2), (179.6, 134.8), (179.6, 157.2), (185.2, 179.6), (207.6, 179.6), (235.6, 179.6), (244.0, 202.0), (244.0, 224.4), (252.4, 244.0), (274.8, 244.0), (302.8, 249.6), (308.4, 272.0), (308.4, 294.4), (325.2, 308.4), (353.2, 308.4), (372.8, 322.4), (372.8, 344.8), (372.8, 367.2), (372.8, 372.8), (372.8, 372.8), (372.8, 372.8), (372.8, 372.8), (372.8, 372.8), (372.8, 372.8), (372.8, 372.8), (372.8, 372.8), (372.8, 372.8), (372.8, 372.8), (372.8, 372.8), (372.8, 372.8), (372.8, 372.8), (372.8, 372.8), (372.8, 372.8), (372.8, 372.8), (372.8, 372.8), (372.8, 372.8), (372.8, 372.8), (372.8, 372.8), (372.8, 372.8), (372.8, 372.8), (372.8, 372.8), (372.8, 372.8), (372.8, 372.8), (372.8, 372.8), (372.8, 372.8), (372.8, 372.8), (372.8, 372.8), (372.8, 372.8), (372.8, 372.8), (372.8, 372.8)]",0,7.5
speedrunner,bomberman,2,Bomb,1,0,39.2,0.926,"[(48.0, 48.0), (70.4, 50.8), (101.2, 50.8), (115.2, 67.6), (115.2, 90.0), (118.0, 112.4), (140.4, 115.2), (168.4, 115.2), (179.6, 134.8), (179.6, 157.2), (185.2, 179.6), (207.6, 179.6), (235.6, 179.6), (244.0, 202.0), (244.0, 224.4), (252.4, 244.0), (274.8, 244.0), (302.8, 249.6), (308.4, 272.0), (308.4, 294.4), (325.2, 308.4), (353.2, 308.4), (372.8, 322.4), (372.8, 344.8), (372.8, 367.2), (372.8, 372.8), (372.8, 372.8), (372.8, 372.8), (372.8, 372.8), (372.8, 372.8), (372.8, 372.8), (372.8, 372.8), (372.8, 372.8), (372.8, 372.8), (372.8, 372.8), (372.8, 372.8), (372.8, 372.8), (372.8, 372.8), (372.8, 372.8), (372.8, 372.8), (372.8, 372.8), (372.8, 372.8), (372.8, 372.8), (372.8, 372.8), (372.8, 372.8), (372.8, 372.8), (372.8, 372.8), (372.8, 372.8), (372.8, 372.8), (372.8, 372.8), (372.8, 372.8), (372.8, 372.8), (372.8, 372.8), (372.8, 372.8), (372.8, 372.8), (372.8, 372.8), (372.8, 372.8)]",0,7.5
speedrunner,bomberman,2,Bomb,1,0,39.95,0.926,"[(48.0, 48.0), (50.8, 70.4), (50.8, 92.8), (56.4, 115.2), (78.8, 115.2), (109.6, 118.0), (115.2, 140.4), (115.2, 162.8), (126.4, 179.6), (151.6, 179.6), (176.8, 185.2), (179.6, 207.6), (179.6, 230.0), (193.6, 244.0), (221.6, 244.0), (244.0, 252.4), (244.0, 274.8), (244.0, 297.2), (263.6, 308.4), (291.6, 308.4), (308.4, 325.2), (308.4, 347.6), (314.0, 370.0), (336.4, 372.8), (358.8, 372.8), (372.8, 372.8), (372.8, 372.8), (372.8, 372.8), (372.8, 372.8), (372.8, 372.8), (372.8, 372.8), (372.8, 372.8), (372.8, 372.8), (372.8, 372.8), (372.8, 372.8), (372.8, 372.8), (372.8, 372.8), (372.8, 372.8), (372.8, 372.8), (372.8, 372.8), (372.8, 372.8), (372.8, 372.8), (372.8, 372.8), (372.8, 372.8), (372.8, 372.8), (372.8, 372.8), (372.8, 372.8), (372.8, 372.8), (372.8, 372.8), (372.8, 372.8), (372.8, 372.8), (372.8, 372.8), (372.8, 372.8), (372.8, 372.8), (372.8, 372.8), (372.8, 372.8), (372.8, 372.8)]",0,7.5
speedrunner,bomberman,2,Bomb,1,0,39.2,0.926,"[(48.0, 48.0), (70.4, 50.8), (101.2, 50.8), (115.2, 67.6), (115.2, 95.6), (126.4, 115.2), (151.6, 115.2), (176.8, 120.8), (179.6, 143.2), (179.6, 171.2), (199.2, 179.6), (227.2, 179.6), (244.0, 193.6), (244.0, 218.8), (249.6, 244.0), (272.0, 244.0), (300.0, 246.8), (308.4, 269.2), (308.4, 297.2), (328.0, 308.4), (356.0, 308.4), (372.8, 325.2), (372.8, 347.6), (372.8, 370.0), (372.8, 372.8), (372.8, 372.8), (372.8, 372.8), (372.8, 372.8), (372.8, 372.8), (372.8, 372.8), (372.8, 372.8), (372.8, 372.8), (372.8, 372.8), (372.8, 372.8), (372.8, 372.8), (372.8, 372.8), (372.8, 372.8), (372.8, 372.8), (372.8, 372.8), (372.8, 372.8), (372.8, 372.8), (372.8, 372.8), (372.8, 372.8), (372.8, 372.8), (372.8, 372.8), (372.8, 372.8), (372.8, 372.8), (372.8, 372.8), (372.8, 372.8), (372.8, 372.8), (372.8, 372.8), (372.8, 372.8), (372.8, 372.8), (372.8, 372.8), (372.8, 372.8), (372.8, 372.8), (372.8, 372.8)]",0,7.5
speedrunner,bomberman,2,Bomb,1,0,39.2,0.926,"[(48.0, 48.0), (70.4, 50.8), (101.2, 50.8), (115.2, 67.6), (115.2, 95.6), (126.4, 115.2), (151.6, 115.2), (176.8, 120.8), (179.6, 143.2), (179.6, 171.2), (199.2, 179.6), (227.2, 179.6), (244.0, 193.6), (244.0, 218.8), (249.6, 244.0), (272.0, 244.0), (300.0, 246.8), (308.4, 269.2), (308.4, 297.2), (328.0, 308.4), (356.0, 308.4), (372.8, 325.2), (372.8, 347.6), (372.8, 370.0), (372.8, 372.8), (372.8, 372.8), (372.8, 372.8), (372.8, 372.8), (372.8, 372.8), (372.8, 372.8), (372.8, 372.8), (372.8, 372.8), (372.8, 372.8), (372.8, 372.8), (372.8, 372.8), (372.8, 372.8), (372.8, 372.8), (372.8, 372.8), (372.8, 372.8), (372.8, 372.8), (372.8, 372.8), (372.8, 372.8), (372.8, 372.8), (372.8, 372.8), (372.8, 372.8), (372.8, 372.8), (372.8, 372.8), (372.8, 372.8), (372.8, 372.8), (372.8, 372.8), (372.8, 372.8), (372.8, 372.8), (372.8, 372.8), (372.8, 372.8), (372.8, 372.8), (372.8, 372.8), (372.8, 372.8)]",0,7.5
speedrunner,bomberman,2,Bomb,1,0,39.95,0.926,"[(48.0, 48.0), (50.8, 70.4), (50.8, 92.8), (56.4, 115.2), (78.8, 115.2), (109.6, 118.0), (115.2, 140.4), (115.2, 162.8), (126.4, 179.6), (151.6, 179.6), (176.8, 185.2), (179.6, 207.6), (179.6, 230.0), (193.6, 244.0), (221.6, 244.0), (244.0, 252.4), (244.0, 274.8), (244.0, 297.2), (263.6, 308.4), (291.6, 308.4), (308.4, 325.2), (308.4, 353.2), (319.6, 372.8), (342.0, 372.8), (364.4, 372.8), (372.8, 372.8), (372.8, 372.8), (372.8, 372.8), (372.8, 372.8), (372.8, 372.8), (372.8, 372.8), (372.8, 372.8), (372.8, 372.8), (372.8, 372.8), (372.8, 372.8), (372.8, 372.8), (372.8, 372.8), (372.8, 372.8), (372.8, 372.8), (372.8, 372.8), (372.8, 372.8), (372.8, 372.8), (372.8, 372.8), (372.8, 372.8), (372.8, 372.8), (372.8, 372.8), (372.8, 372.8), (372.8, 372.8), (372.8, 372.8), (372.8, 372.8), (372.8, 372.8), (372.8, 372.8), (372.8, 372.8), (372.8, 372.8), (372.8, 372.8), (372.8, 372.8), (372.8, 372.8)]",0,7.5
speedrunner,bomberman,2,Bomb,1,0,39.95,0.926,"[(48.0, 48.0), (50.8, 70.4), (50.8, 92.8), (56.4, 115.2), (78.8, 115.2), (109.6, 118.0), (115.2, 140.4), (115.2, 162.8), (126.4, 179.6), (151.6, 179.6), (176.8, 185.2), (179.6, 207.6), (179.6, 230.0), (193.6, 244.0), (221.6, 244.0), (244.0, 252.4), (244.0, 274.8), (244.0, 297.2), (263.6, 308.4), (291.6, 308.4), (308.4, 325.2), (308.4, 353.2), (319.6, 372.8), (342.0, 372.8), (364.4, 372.8), (372.8, 372.8), (372.8, 372.8), (372.8, 372.8), (372.8, 372.8), (372.8, 372.8), (372.8, 372.8), (372.8, 372.8), (372.8, 372.8), (372.8, 372.8), (372.8, 372.8), (372.8, 372.8), (372.8, 372.8), (372.8, 372.8), (372.8, 372.8), (372.8, 372.8), (372.8, 372.8), (372.8, 372.8), (372.8, 372.8), (372.8, 372.8), (372.8, 372.8), (372.8, 372.8), (372.8, 372.8), (372.8, 372.8), (372.8, 372.8), (372.8, 372.8), (372.8, 372.8), (372.8, 372.8), (372.8, 372.8), (372.8, 372.8), (372.8, 372.8), (372.8, 372.8), (372.8, 372.8)]",0,7.5
speedrunner,bomberman,2,Bomb,1,0,39.2,0.926,"[(48.0, 48.0), (70.4, 50.8), (101.2, 50.8), (115.2, 67.6), (115.2, 95.6), (126.4, 115.2), (151.6, 115.2), (176.8, 120.8), (179.6, 143.2), (179.6, 171.2), (199.2, 179.6), (227.2, 179.6), (244.0, 193.6), (244.0, 218.8), (249.6, 244.0), (272.0, 244.0), (300.0, 246.8), (308.4, 269.2), (308.4, 297.2), (328.0, 308.4), (356.0, 308.4), (372.8, 325.2), (372.8, 347.6), (372.8, 370.0), (372.8, 372.8), (372.8, 372.8), (372.8, 372.8), (372.8, 372.8), (372.8, 372.8), (372.8, 372.8), (372.8, 372.8), (372.8, 372.8), (372.8, 372.8), (372.8, 372.8), (372.8, 372.8), (372.8, 372.8), (372.8, 372.8), (372.8, 372.8), (372.8, 372.8), (372.8, 372.8), (372.8, 372.8), (372.8, 372.8), (372.8, 372.8), (372.8, 372.8), (372.8, 372.8), (372.8, 372.8), (372.8, 372.8), (372.8, 372.8), (372.8, 372.8), (372.8, 372.8), (372.8, 372.8), (372.8, 372.8), (372.8, 372.8), (372.8, 372.8), (372.8, 372.8), (372.8, 372.8), (372.8, 372.8)]",0,7.5
speedrunner,bomberman,2,Bomb,1,0,39.2,0.926,"[(48.0, 48.0), (70.4, 50.8), (101.2, 50.8), (115.2, 67.6), (115.2, 95.6), (126.4, 115.2), (151.6, 115.2), (176.8, 120.8), (179.6, 143.2), (179.6, 171.2), (199.2, 179.6), (227.2, 179.6), (244.0, 193.6), (244.0, 218.8), (249.6, 244.0), (272.0, 244.0), (300.0, 246.8), (308.4, 269.2), (308.4, 297.2), (328.0, 308.4), (356.0, 308.4), (372.8, 325.2), (372.8, 347.6), (372.8, 370.0), (372.8, 372.8), (372.8, 372.8), (372.8, 372.8), (372.8, 372.8), (372.8, 372.8), (372.8, 372.8), (372.8, 372.8), (372.8, 372.8), (372.8, 372.8), (372.8, 372.8), (372.8, 372.8), (372.8, 372.8), (372.8, 372.8), (372.8, 372.8), (372.8, 372.8), (372.8, 372.8), (372.8, 372.8), (372.8, 372.8), (372.8, 372.8), (372.8, 372.8), (372.8, 372.8), (372.8, 372.8), (372.8, 372.8), (372.8, 372.8), (372.8, 372.8), (372.8, 372.8), (372.8, 372.8), (372.8, 372.8), (372.8, 372.8), (372.8, 372.8), (372.8, 372.8), (372.8, 372.8), (372.8, 372.8)]",0,7.5
speedrunner,bomberman,2,Bomb,1,0,39.95,0.926,"[(48.0, 48.0), (50.8, 70.4), (50.8, 92.8), (56.4, 115.2), (78.8, 115.2), (109.6, 118.0), (115.2, 140.4), (115.2, 162.8), (126.4, 179.6), (151.6, 179.6), (176.8, 185.2), (179.6, 207.6), (179.6, 230.0), (193.6, 244.0), (221.6, 244.0), (244.0, 252.4), (244.0, 274.8), (244.0, 297.2), (263.6, 308.4), (291.6, 308.4), (308.4, 325.2), (308.4, 347.6), (314.0, 370.0), (336.4, 372.8), (358.8, 372.8), (372.8, 372.8), (372.8, 372.8), (372.8, 372.8), (372.8, 372.8), (372.8, 372.8), (372.8, 372.8), (372.8, 372.8), (372.8, 372.8), (372.8, 372.8), (372.8, 372.8), (372.8, 372.8), (372.8, 372.8), (372.8, 372.8), (372.8, 372.8), (372.8, 372.8), (372.8, 372.8), (372.8, 372.8), (372.8, 372.8), (372.8, 372.8), (372.8, 372.8), (372.8, 372.8), (372.8, 372.8), (372.8, 372.8), (372.8, 372.8), (372.8, 372.8), (372.8, 372.8), (372.8, 372.8), (372.8, 372.8), (372.8, 372.8), (372.8, 372.8), (372.8, 372.8), (372.8, 372.8)]",0,7.5
speedrunner,bomberman,2,Bomb,1,0,39.2,0.926,"[(48.0, 48.0), (70.4, 50.8), (101.2, 50.8), (115.2, 67.6), (115.2, 95.6), (126.4, 115.2), (151.6, 115.2), (176.8, 120.8), (179.6, 143.2), (179.6, 171.2), (199.2, 179.6), (227.2, 179.6), (244.0, 193.6), (244.0, 218.8), (249.6, 244.0), (272.0, 244.0), (300.0, 246.8), (308.4, 269.2), (308.4, 297.2), (328.0, 308.4), (356.0, 308.4), (372.8, 325.2), (372.8, 347.6), (372.8, 370.0), (372.8, 372.8), (372.8, 372.8), (372.8, 372.8), (372.8, 372.8), (372.8, 372.8), (372.8, 372.8), (372.8, 372.8), (372.8, 372.8), (372.8, 372.8), (372.8, 372.8), (372.8, 372.8), (372.8, 372.8), (372.8, 372.8), (372.8, 372.8), (372.8, 372.8), (372.8, 372.8), (372.8, 372.8), (372.8, 372.8), (372.8, 372.8), (372.8, 372.8), (372.8, 372.8), (372.8, 372.8), (372.8, 372.8), (372.8, 372.8), (372.8, 372.8), (372.8, 372.8), (372.8, 372.8), (372.8, 372.8), (372.8, 372.8), (372.8, 372.8), (372.8, 372.8), (372.8, 372.8), (372.8, 372.8)]",0,7.5
speedrunner,bomberman,2,Bomb,1,0,39.2,0.926,"[(48.0, 48.0), (70.4, 50.8), (101.2, 50.8), (115.2, 67.6), (115.2, 95.6), (126.4, 115.2), (151.6, 115.2), (176.8, 120.8), (179.6, 143.2), (179.6, 171.2), (199.2, 179.6), (227.2, 179.6), (244.0, 193.6), (244.0, 218.8), (249.6, 244.0), (272.0, 244.0), (300.0, 246.8), (308.4, 269.2), (308.4, 297.2), (328.0, 308.4), (356.0, 308.4), (372.8, 325.2), (372.8, 347.6), (372.8, 370.0), (372.8, 372.8), (372.8, 372.8), (372.8, 372.8), (372.8, 372.8), (372.8, 372.8), (372.8, 372.8), (372.8, 372.8), (372.8, 372.8), (372.8, 372.8), (372.8, 372.8), (372.8, 372.8), (372.8, 372.8), (372.8, 372.8), (372.8, 372.8), (372.8, 372.8), (372.8, 372.8), (372.8, 372.8), (372.8, 372.8), (372.8, 372.8), (372.8, 372.8), (372.8, 372.8), (372.8, 372.8), (372.8, 372.8), (372.8, 372.8), (372.8, 372.8), (372.8, 372.8), (372.8, 372.8), (372.8, 372.8), (372.8, 372.8), (372.8, 372.8), (372.8, 372.8), (372.8, 372.8), (372.8, 372.8)]",0,7.5
speedrunner,bomberman,2,Bomb,1,0,39.2,0.926,"[(48.0, 48.0), (70.4, 50.8), (101.2, 50.8), (115.2, 67.6), (115.2, 95.6), (126.4, 115.2), (151.6, 115.2), (176.8, 120.8), (179.6, 143.2), (179.6, 171.2), (199.2, 179.6), (227.2, 179.6), (244.0, 193.6), (244.0, 218.8), (249.6, 244.0), (272.0, 244.0), (300.0, 246.8), (308.4, 269.2), (308.4, 297.2), (328.0, 308.4), (356.0, 308.4), (372.8, 325.2), (372.8, 347.6), (372.8, 370.0), (372.8, 372.8), (372.8, 372.8), (372.8, 372.8), (372.8, 372.8), (372.8, 372.8), (372.8, 372.8), (372.8, 372.8), (372.8, 372.8), (372.8, 372.8), (372.8, 372.8), (372.8, 372.8), (372.8, 372.8), (372.8, 372.8), (372.8, 372.8), (372.8, 372.8), (372.8, 372.8), (372.8, 372.8), (372.8, 372.8), (372.8, 372.8), (372.8, 372.8), (372.8, 372.8), (372.8, 372.8), (372.8, 372.8), (372.8, 372.8), (372.8, 372.8), (372.8, 372.8), (372.8, 372.8), (372.8, 372.8), (372.8, 372.8), (372.8, 372.8), (372.8, 372.8), (372.8, 372.8), (372.8, 372.8)]",0,7.5
speedrunner,bomberman,2,Bomb,1,0,39.2,0.926,"[(48.0, 48.0), (70.4, 50.8), (101.2, 50.8), (115.2, 67.6), (115.2, 90.0), (118.0, 112.4), (140.4, 115.2), (168.4, 115.2), (179.6, 134.8), (179.6, 157.2), (185.2, 179.6), (207.6, 179.6), (235.6, 179.6), (244.0, 202.0), (244.0, 224.4), (252.4, 244.0), (274.8, 244.0), (302.8, 249.6), (308.4, 272.0), (308.4, 294.4), (325.2, 308.4), (353.2, 308.4), (372.8, 322.4), (372.8, 344.8), (372.8, 367.2), (372.8, 372.8), (372.8, 372.8), (372.8, 372.8), (372.8, 372.8), (372.8, 372.8), (372.8, 372.8), (372.8, 372.8), (372.8, 372.8), (372.8, 372.8), (372.8, 372.8), (372.8, 372.8), (372.8, 372.8), (372.8, 372.8), (372.8, 372.8), (372.8, 372.8), (372.8, 372.8), (372.8, 372.8), (372.8, 372.8), (372.8, 372.8), (372.8, 372.8), (372.8, 372.8), (372.8, 372.8), (372.8, 372.8), (372.8, 372.8), (372.8, 372.8), (372.8, 372.8), (372.8, 372.8), (372.8, 372.8), (372.8, 372.8), (372.8, 372.8), (372.8, 372.8), (372.8, 372.8)]",0,7.5
speedrunner,bomberman,2,Bomb,1,0,39.95,0.926,"[(48.0, 48.0), (50.8, 70.4), (50.8, 92.8), (56.4, 115.2), (78.8, 115.2), (109.6, 118.0), (115.2, 140.4), (115.2, 162.8), (126.4, 179.6), (151.6, 179.6), (176.8, 185.2), (179.6, 207.6), (179.6, 230.0), (193.6, 244.0), (221.6, 244.0), (244.0, 252.4), (244.0, 274.8), (244.0, 297.2), (263.6, 308.4), (291.6, 308.4), (308.4, 325.2), (308.4, 347.6), (314.0, 370.0), (336.4, 372.8), (358.8, 372.8), (372.8, 372.8), (372.8, 372.8), (372.8, 372.8), (372.8, 372.8), (372.8, 372.8), (372.8, 372.8), (372.8, 372.8), (372.8, 372.8), (372.8, 372.8), (372.8, 372.8), (372.8, 372.8), (372.8, 372.8), (372.8, 372.8), (372.8, 372.8), (372.8, 372.8), (372.8, 372.8), (372.8, 372.8), (372.8, 372.8), (372.8, 372.8), (372.8, 372.8), (372.8, 372.8), (372.8, 372.8), (372.8, 372.8), (372.8, 372.8), (372.8, 372.8), (372.8, 372.8), (372.8, 372.8), (372.8, 372.8), (372.8, 372.8), (372.8, 372.8), (372.8, 372.8), (372.8, 372.8)]",0,7.5
speedrunner,bomberman,2,Bomb,1,0,29.4,0.926,"[(48.0, 48.0), (70.4, 50.8), (101.2, 50.8), (115.2, 67.6), (115.2, 90.0), (118.0, 112.4), (140.4, 115.2), (168.4, 115.2), (179.6, 134.8), (179.6, 157.2), (185.2, 179.6), (207.6, 179.6), (235.6, 179.6), (244.0, 202.0), (244.0, 224.4), (252.4, 244.0), (274.8, 244.0), (302.8, 249.6), (308.4, 272.0), (308.4, 294.4), (325.2, 308.4), (353.2, 308.4), (353.2, 308.4), (353.2, 308.4), (353.2, 308.4), (353.2, 308.4), (353.2, 308.4), (353.2, 308.4), (353.2, 308.4), (353.2, 308.4), (353.2, 308.4), (353.2, 308.4), (353.2, 308.4), (353.2, 308.4), (353.2, 308.4), (353.2, 308.4), (353.2, 308.4), (353.2, 308.4), (361.6, 308.4), (372.8, 330.8), (372.8, 353.2), (372.8, 372.8), (372.8, 372.8), (372.8, 372.8), (372.8, 372.8), (372.8, 372.8), (372.8, 372.8), (372.8, 372.8), (372.8, 372.8), (372.8, 372.8), (372.8, 372.8), (372.8, 372.8), (372.8, 372.8), (372.8, 372.8), (372.8, 372.8), (372.8, 372.8), (372.8, 372.8), (372.8, 372.8), (372.8, 372.8), (372.8, 372.8), (372.8, 372.8), (372.8, 372.8), (372.8, 372.8), (372.8, 372.8), (372.8, 372.8), (372.8, 372.8), (372.8, 372.8), (372.8, 372.8), (372.8, 372.8), (372.8, 372.8), (372.8, 372.8), (372.8, 372.8), (372.8, 372.8), (372.8, 372.8), (372.8, 372.8), (372.8, 372.8)]",0,10.0
speedrunner,bomberman,2,Bomb,1,0,29.4,0.926,"[(48.0, 48.0), (70.4, 50.8), (101.2, 50.8), (115.2, 67.6), (115.2, 90.0), (118.0, 112.4), (140.4, 115.2), (168.4, 115.2), (179.6, 134.8), (179.6, 157.2), (185.2, 179.6), (207.6, 179.6), (235.6, 179.6), (244.0, 202.0), (244.0, 224.4), (252.4, 244.0), (274.8, 244.0), (302.8, 249.6), (308.4, 272.0), (308.4, 294.4), (325.2, 308.4), (353.2, 308.4), (353.2, 308.4), (353.2, 308.4), (353.2, 308.4), (353.2, 308.4), (353.2, 308.4), (353.2, 308.4), (353.2, 308.4), (353.2, 308.4), (353.2, 308.4), (353.2, 308.4), (353.2, 308.4), (353.2, 308.4), (353.2, 308.4), (353.2, 308.4), (353.2, 308.4), (353.2, 308.4), (361.6, 308.4), (372.8, 330.8), (372.8, 353.2), (372.8, 372.8), (372.8, 372.8), (372.8, 372.8), (372.8, 372.8), (372.8, 372.8), (372.8, 372.8), (372.8, 372.8), (372.8, 372.8), (372.8, 372.8), (372.8, 372.8), (372.8, 372.8), (372.8, 372.8), (372.8, 372.8), (372.8, 372.8), (372.8, 372.8), (372.8, 372.8), (372.8, 372.8), (372.8, 372.8), (372.8, 372.8), (372.8, 372.8), (372.8, 372.8), (372.8, 372.8), (372.8, 372.8), (372.8, 372.8), (372.8, 372.8), (372.8, 372.8), (372.8, 372.8), (372.8, 372.8), (372.8, 372.8), (372.8, 372.8), (372.8, 372.8), (372.8, 372.8), (372.8, 372.8), (372.8, 372.8), (372.8, 372.8)]",0,10.0
speedrunner,bomberman,2,Bomb,1,0,39.95,0.926,"[(48.0, 48.0), (50.8, 70.4), (50.8, 92.8), (56.4, 115.2), (78.8, 115.2), (109.6, 118.0), (115.2, 140.4), (115.2, 162.8), (126.4, 179.6), (151.6, 179.6), (176.8, 185.2), (179.6, 207.6), (179.6, 230.0), (193.6, 244.0), (221.6, 244.0), (244.0, 252.4), (244.0, 274.8), (244.0, 297.2), (263.6, 308.4), (291.6, 308.4), (308.4, 325.2), (308.4, 347.6), (314.0, 370.0), (336.4, 372.8), (358.8, 372.8), (372.8, 372.8), (372.8, 372.8), (372.8, 372.8), (372.8, 372.8), (372.8, 372.8), (372.8, 372.8), (372.8, 372.8), (372.8, 372.8), (372.8, 372.8), (372.8, 372.8), (372.8, 372.8), (372.8, 372.8), (372.8, 372.8), (372.8, 372.8), (372.8, 372.8), (372.8, 372.8), (372.8, 372.8), (372.8, 372.8), (372.8, 372.8), (372.8, 372.8), (372.8, 372.8), (372.8, 372.8), (372.8, 372.8), (372.8, 372.8), (372.8, 372.8), (372.8, 372.8), (372.8, 372.8), (372.8, 372.8), (372.8, 372.8), (372.8, 372.8), (372.8, 372.8), (372.8, 372.8)]",0,7.5
speedrunner,bomberman,2,Bomb,1,0,39.2,0.926,"[(48.0, 48.0), (70.4, 50.8), (101.2, 50.8), (115.2, 67.6), (115.2, 90.0), (118.0, 112.4), (140.4, 115.2), (168.4, 115.2), (179.6, 134.8), (179.6, 157.2), (185.2, 179.6), (207.6, 179.6), (235.6, 179.6), (244.0, 202.0), (244.0, 224.4), (252.4, 244.0), (274.8, 244.0), (302.8, 249.6), (308.4, 272.0), (308.4, 294.4), (325.2, 308.4), (353.2, 308.4), (372.8, 322.4), (372.8, 344.8), (372.8, 367.2), (372.8, 372.8), (372.8, 372.8), (372.8, 372.8), (372.8, 372.8), (372.8, 372.8), (372.8, 372.8), (372.8, 372.8), (372.8, 372.8), (372.8, 372.8), (372.8, 372.8), (372.8, 372.8), (372.8, 372.8), (372.8, 372.8), (372.8, 372.8), (372.8, 372.8), (372.8, 372.8), (372.8, 372.8), (372.8, 372.8), (372.8, 372.8), (372.8, 372.8), (372.8, 372.8), (372.8, 372.8), (372.8, 372.8), (372.8, 372.8), (372.8, 372.8), (372.8, 372.8), (372.8, 372.8), (372.8, 372.8), (372.8, 372.8), (372.8, 372.8), (372.8, 372.8), (372.8, 372.8)]",0,7.5
speedrunner,bomberman,2,Bomb,1,0,39.2,0.926,"[(48.0, 48.0), (70.4, 50.8), (101.2, 50.8), (115.2, 67.6), (115.2, 95.6), (126.4, 115.2), (151.6, 115.2), (176.8, 120.8), (179.6, 143.2), (179.6, 171.2), (199.2, 179.6), (227.2, 179.6), (244.0, 193.6), (244.0, 218.8), (249.6, 244.0), (272.0, 244.0), (300.0, 246.8), (308.4, 269.2), (308.4, 297.2), (328.0, 308.4), (356.0, 308.4), (372.8, 325.2), (372.8, 347.6), (372.8, 370.0), (372.8, 372.8), (372.8, 372.8), (372.8, 372.8), (372.8, 372.8), (372.8, 372.8), (372.8, 372.8), (372.8, 372.8), (372.8, 372.8), (372.8, 372.8), (372.8, 372.8), (372.8, 372.8), (372.8, 372.8), (372.8, 372.8), (372.8, 372.8), (372.8, 372.8), (372.8, 372.8), (372.8, 372.8), (372.8, 372.8), (372.8, 372.8), (372.8, 372.8), (372.8, 372.8), (372.8, 372.8), (372.8, 372.8), (372.8, 372.8), (372.8, 372.8), (372.8, 372.8), (372.8, 372.8), (372.8, 372.8), (372.8, 372.8), (372.8, 372.8), (372.8, 372.8), (372.8, 372.8), (372.8, 372.8)]",0,7.5
speedrunner,bomberman,2,Bomb,1,0,39.2,0.926,"[(48.0, 48.0), (70.4, 50.8), (101.2, 50.8), (115.2, 67.6), (115.2, 95.6), (126.4, 115.2), (151.6, 115.2), (176.8, 120.8), (179.6, 143.2), (179.6, 171.2), (199.2, 179.6), (227.2, 179.6), (244.0, 193.6), (244.0, 218.8), (249.6, 244.0), (272.0, 244.0), (300.0, 246.8), (308.4, 269.2), (308.4, 297.2), (328.0, 308.4), (356.0, 308.4), (372.8, 325.2), (372.8, 347.6), (372.8, 370.0), (372.8, 372.8), (372.8, 372.8), (372.8, 372.8), (372.8, 372.8), (372.8, 372.8), (372.8, 372.8), (372.8, 372.8), (372.8, 372.8), (372.8, 372.8), (372.8, 372.8), (372.8, 372.8), (372.8, 372.8), (372.8, 372.8), (372.8, 372.8), (372.8, 372.8), (372.8, 372.8), (372.8, 372.8), (372.8, 372.8), (372.8, 372.8), (372.8, 372.8), (372.8, 372.8), (372.8, 372.8), (372.8, 372.8), (372.8, 372.8), (372.8, 372.8), (372.8, 372.8), (372.8, 372.8), (372.8, 372.8), (372.8, 372.8), (372.8, 372.8), (372.8, 372.8), (372.8, 372.8), (372.8, 372.8)]",0,7.5
speedrunner,bomberman,2,Bomb,1,0,39.2,0.926,"[(48.0, 48.0), (70.4, 50.8), (101.2, 50.8), (115.2, 67.6), (115.2, 90.0), (118.0, 112.4), (140.4, 115.2), (168.4, 115.2), (179.6, 134.8), (179.6, 157.2), (185.2, 179.6), (207.6, 179.6), (235.6, 179.6), (244.0, 202.0), (244.0, 224.4), (252.4, 244.0), (274.8, 244.0), (302.8, 249.6), (308.4, 272.0), (308.4, 294.4), (325.2, 308.4), (353.2, 308.4), (372.8, 322.4), (372.8, 344.8), (372.8, 367.2), (372.8, 372.8), (372.8, 372.8), (372.8, 372.8), (372.8, 372.8), (372.8, 372.8), (372.8, 372.8), (372.8, 372.8), (372.8, 372.8), (372.8, 372.8), (372.8, 372.8), (372.8, 372.8), (372.8, 372.8), (372.8, 372.8), (372.8, 372.8), (372.8, 372.8), (372.8, 372.8), (372.8, 372.8), (372.8, 372.8), (372.8, 372.8), (372.8, 372.8), (372.8, 372.8), (372.8, 372.8), (372.8, 372.8), (372.8, 372.8), (372.8, 372.8), (372.8, 372.8), (372.8, 372.8), (372.8, 372.8), (372.8, 372.8), (372.8, 372.8), (372.8, 372.8), (372.8, 372.8)]",0,7.5
speedrunner,bomberman,2,Bomb,1,0,39.2,0.926,"[(48.0, 48.0), (70.4, 50.8), (101.2, 50.8), (115.2, 67.6), (115.2, 90.0), (118.0, 112.4), (140.4, 115.2), (168.4, 115.2), (179.6, 134.8), (179.6, 157.2), (185.2, 179.6), (207.6, 179.6), (235.6, 179.6), (244.0, 202.0), (244.0, 224.4), (252.4, 244.0), (274.8, 244.0), (302.8, 249.6), (308.4, 272.0), (308.4, 294.4), (325.2, 308.4), (353.2, 308.4), (372.8, 322.4), (372.8, 344.8), (372.8, 367.2), (372.8, 372.8), (372.8, 372.8), (372.8, 372.8), (372.8, 372.8), (372.8, 372.8), (372.8, 372.8), (372.8, 372.8), (372.8, 372.8), (372.8, 372.8), (372.8, 372.8), (372.8, 372.8), (372.8, 372.8), (372.8, 372.8), (372.8, 372.8), (372.8, 372.8), (372.8, 372.8), (372.8, 372.8), (372.8, 372.8), (372.8, 372.8), (372.8, 372.8), (372.8, 372.8), (372.8, 372.8), (372.8, 372.8), (372.8, 372.8), (372.8, 372.8), (372.8, 372.8), (372.8, 372.8), (372.8, 372.8), (372.8, 372.8), (372.8, 372.8), (372.8, 372.8), (372.8, 372.8)]",0,7.5
speedrunner,bomberman,2,Bomb,1,0,33.04,0.556,"[(48.0, 48.0), (48.0, 70.4), (48.0, 92.8), (48.0, 115.2), (48.0, 137.6), (48.0, 160.0), (48.0, 182.4), (48.0, 204.8), (48.0, 227.2), (48.0, 249.6), (48.0, 272.0), (48.0, 294.4), (59.2, 308.4), (81.6, 308.4), (112.4, 314.0), (115.2, 336.4), (115.2, 358.8), (132.0, 372.8), (154.4, 372.8), (174.0, 372.8), (196.4, 372.8), (204.8, 372.8), (204.8, 372.8), (204.8, 372.8), (204.8, 372.8), (204.8, 372.8), (204.8, 372.8), (204.8, 372.8), (204.8, 372.8), (204.8, 372.8), (204.8, 372.8), (204.8, 372.8), (204.8, 372.8), (204.8, 372.8), (204.8, 372.8), (204.8, 372.8), (204.8, 372.8), (210.4, 372.8)]",0,5.0
speedrunner,bomberman,2,Bomb,1,0,39.2,0.926,"[(48.0, 48.0), (70.4, 50.8), (101.2, 50.8), (115.2, 67.6), (115.2, 95.6), (126.4, 115.2), (151.6, 115.2), (176.8, 120.8), (179.6, 143.2), (179.6, 171.2), (199.2, 179.6), (227.2, 179.6), (244.0, 193.6), (244.0, 218.8), (249.6, 244.0), (272.0, 244.0), (300.0, 246.8), (308.4, 269.2), (308.4, 297.2), (328.0, 308.4), (356.0, 308.4), (372.8, 325.2), (372.8, 347.6), (372.8, 370.0), (372.8, 372.8), (372.8, 372.8), (372.8, 372.8), (372.8, 372.8), (372.8, 372.8), (372.8, 372.8), (372.8, 372.8), (372.8, 372.8), (372.8, 372.8), (372.8, 372.8), (372.8, 372.8), (372.8, 372.8), (372.8, 372.8), (372.8, 372.8), (372.8, 372.8), (372.8, 372.8), (372.8, 372.8), (372.8, 372.8), (372.8, 372.8), (372.8, 372.8), (372.8, 372.8), (372.8, 372.8), (372.8, 372.8), (372.8, 372.8), (372.8, 372.8), (372.8, 372.8), (372.8, 372.8), (372.8, 372.8), (372.8, 372.8), (372.8, 372.8), (372.8, 372.8), (372.8, 372.8), (372.8, 372.8)]",0,7.5
speedrunner,bomberman,2,Bomb,1,0,39.2,0.926,"[(48.0, 48.0), (70.4, 50.8), (101.2, 50.8), (115.2, 67.6), (115.2, 95.6), (126.4, 115.2), (151.6, 115.2), (176.8, 120.8), (179.6, 143.2), (179.6, 171.2), (199.2, 179.6), (227.2, 179.6), (244.0, 193.6), (244.0, 218.8), (249.6, 244.0), (272.0, 244.0), (300.0, 246.8), (308.4, 269.2), (308.4, 297.2), (328.0, 308.4), (356.0, 308.4), (372.8, 325.2), (372.8, 347.6), (372.8, 370.0), (372.8, 372.8), (372.8, 372.8), (372.8, 372.8), (372.8, 372.8), (372.8, 372.8), (372.8, 372.8), (372.8, 372.8), (372.8, 372.8), (372.8, 372.8), (372.8, 372.8), (372.8, 372.8), (372.8, 372.8), (372.8, 372.8), (372.8, 372.8), (372.8, 372.8), (372.8, 372.8), (372.8, 372.8), (372.8, 372.8), (372.8, 372.8), (372.8, 372.8), (372.8, 372.8), (372.8, 372.8), (372.8, 372.8), (372.8, 372.8), (372.8, 372.8), (372.8, 372.8), (372.8, 372.8), (372.8, 372.8), (372.8, 372.8), (372.8, 372.8), (372.8, 372.8), (372.8, 372.8), (372.8, 372.8)]",0,7.5
speedrunner,bomberman,2,Bomb,1,0,39.2,0.926,"[(48.0, 48.0), (70.4, 50.8), (101.2, 50.8), (115.2, 67.6), (115.2, 95.6), (126.4, 115.2), (151.6, 115.2), (176.8, 120.8), (179.6, 143.2), (179.6, 171.2), (199.2, 179.6), (227.2, 179.6), (244.0, 193.6), (244.0, 218.8), (249.6, 244.0), (272.0, 244.0), (300.0, 246.8), (308.4, 269.2), (308.4, 297.2), (328.0, 308.4), (356.0, 308.4), (372.8, 325.2), (372.8, 347.6), (372.8, 370.0), (372.8, 372.8), (372.8, 372.8), (372.8, 372.8), (372.8, 372.8), (372.8, 372.8), (372.8, 372.8), (372.8, 372.8), (372.8, 372.8), (372.8, 372.8), (372.8, 372.8), (372.8, 372.8), (372.8, 372.8), (372.8, 372.8), (372.8, 372.8), (372.8, 372.8), (372.8, 372.8), (372.8, 372.8), (372.8, 372.8), (372.8, 372.8), (372.8, 372.8), (372.8, 372.8), (372.8, 372.8), (372.8, 372.8), (372.8, 372.8), (372.8, 372.8), (372.8, 372.8), (372.8, 372.8), (372.8, 372.8), (372.8, 372.8), (372.8, 372.8), (372.8, 372.8), (372.8, 372.8), (372.8, 372.8)]",0,7.5
speedrunner,bomberman,2,Bomb,1,0,39.2,0.926,"[(48.0, 48.0), (70.4, 50.8), (101.2, 50.8), (115.2, 67.6), (115.2, 95.6), (126.4, 115.2), (151.6, 115.2), (176.8, 120.8), (179.6, 143.2), (179.6, 171.2), (199.2, 179.6), (227.2, 179.6), (244.0, 193.6), (244.0, 218.8), (249.6, 244.0), (272.0, 244.0), (300.0, 246.8), (308.4, 269.2), (308.4, 297.2), (328.0, 308.4), (356.0, 308.4), (372.8, 325.2), (372.8, 347.6), (372.8, 370.0), (372.8, 372.8), (372.8, 372.8), (372.8, 372.8), (372.8, 372.8), (372.8, 372.8), (372.8, 372.8), (372.8, 372.8), (372.8, 372.8), (372.8, 372.8), (372.8, 372.8), (372.8, 372.8), (372.8, 372.8), (372.8, 372.8), (372.8, 372.8), (372.8, 372.8), (372.8, 372.8), (372.8, 372.8), (372.8, 372.8), (372.8, 372.8), (372.8, 372.8), (372.8, 372.8), (372.8, 372.8), (372.8, 372.8), (372.8, 372.8), (372.8, 372.8), (372.8, 372.8), (372.8, 372.8), (372.8, 372.8), (372.8, 372.8), (372.8, 372.8), (372.8, 372.8), (372.8, 372.8), (372.8, 372.8)]",0,7.5
speedrunner,bomberman,2,Bomb,1,0,39.2,0.926,"[(48.0, 48.0), (70.4, 50.8), (101.2, 50.8), (115.2, 67.6), (115.2, 90.0), (118.0, 112.4), (140.4, 115.2), (168.4, 115.2), (179.6, 134.8), (179.6, 157.2), (185.2, 179.6), (207.6, 179.6), (235.6, 179.6), (244.0, 202.0), (244.0, 224.4), (252.4, 244.0), (274.8, 244.0), (302.8, 249.6), (308.4, 272.0), (308.4, 294.4), (325.2, 308.4), (353.2, 308.4), (372.8, 322.4), (372.8, 344.8), (372.8, 367.2), (372.8, 372.8), (372.8, 372.8), (372.8, 372.8), (372.8, 372.8), (372.8, 372.8), (372.8, 372.8), (372.8, 372.8), (372.8, 372.8), (372.8, 372.8), (372.8, 372.8), (372.8, 372.8), (372.8, 372.8), (372.8, 372.8), (372.8, 372.8), (372.8, 372.8), (372.8, 372.8), (372.8, 372.8), (372.8, 372.8), (372.8, 372.8), (372.8, 372.8), (372.8, 372.8), (372.8, 372.8), (372.8, 372.8), (372.8, 372.8), (372.8, 372.8), (372.8, 372.8), (372.8, 372.8), (372.8, 372.8), (372.8, 372.8), (372.8, 372.8), (372.8, 372.8), (372.8, 372.8)]",0,7.5
speedrunner,bomberman,2,Bomb,1,0,39.2,0.926,"[(48.0, 48.0), (70.4, 50.8), (101.2, 50.8), (115.2, 67.6), (115.2, 90.0), (118.0, 112.4), (140.4, 115.2), (168.4, 115.2), (179.6, 134.8), (179.6, 157.2), (185.2, 179.6), (207.6, 179.6), (235.6, 179.6), (244.0, 202.0), (244.0, 224.4), (252.4, 244.0), (274.8, 244.0), (302.8, 249.6), (308.4, 272.0), (308.4, 294.4), (325.2, 308.4), (353.2, 308.4), (372.8, 322.4), (372.8, 344.8), (372.8, 367.2), (372.8, 372.8), (372.8, 372.8), (372.8, 372.8), (372.8, 372.8), (372.8, 372.8), (372.8, 372.8), (372.8, 372.8), (372.8, 372.8), (372.8, 372.8), (372.8, 372.8), (372.8, 372.8), (372.8, 372.8), (372.8, 372.8), (372.8, 372.8), (372.8, 372.8), (372.8, 372.8), (372.8, 372.8), (372.8, 372.8), (372.8, 372.8), (372.8, 372.8), (372.8, 372.8), (372.8, 372.8), (372.8, 372.8), (372.8, 372.8), (372.8, 372.8), (372.8, 372.8), (372.8, 372.8), (372.8, 372.8), (372.8, 372.8), (372.8, 372.8), (372.8, 372.8), (372.8, 372.8)]",0,7.5
speedrunner,bomberman,2,Bomb,1,0,39.95,0.926,"[(48.0, 48.0), (50.8, 70.4), (50.8, 92.8), (56.4, 115.2), (78.8, 115.2), (109.6, 118.0), (115.2, 140.4), (115.2, 162.8), (126.4, 179.6), (151.6, 179.6), (176.8, 185.2), (179.6, 207.6), (179.6, 230.0), (193.6, 244.0), (221.6, 244.0), (244.0, 252.4), (244.0, 274.8), (244.0, 297.2), (263.6, 308.4), (291.6, 308.4), (308.4, 325.2), (308.4, 347.6), (314.0, 370.0), (336.4, 372.8), (358.8, 372.8), (372.8, 372.8), (372.8, 372.8), (372.8, 372.8), (372.8, 372.8), (372.8, 372.8), (372.8, 372.8), (372.8, 372.8), (372.8, 372.8), (372.8, 372.8), (372.8, 372.8), (372.8, 372.8), (372.8, 372.8), (372.8, 372.8), (372.8, 372.8), (372.8, 372.8), (372.8, 372.8), (372.8, 372.8), (372.8, 372.8), (372.8, 372.8), (372.8, 372.8), (372.8, 372.8), (372.8, 372.8), (372.8, 372.8), (372.8, 372.8), (372.8, 372.8), (372.8, 372.8), (372.8, 372.8), (372.8, 372.8), (372.8, 372.8), (372.8, 372.8), (372.8, 372.8), (372.8, 372.8)]",0,7.5
speedrunner,bomberman,2,Bomb,1,0,29.4,0.926,"[(48.0, 48.0), (70.4, 50.8), (101.2, 50.8), (115.2, 67.6), (115.2, 90.0), (118.0, 112.4), (140.4, 115.2), (168.4, 115.2), (179.6, 134.8), (179.6, 157.2), (185.2, 179.6), (207.6, 179.6), (235.6, 179.6), (244.0, 202.0), (244.0, 224.4), (252.4, 244.0), (274.8, 244.0), (302.8, 249.6), (308.4, 272.0), (308.4, 294.4), (325.2, 308.4), (353.2, 308.4), (353.2, 308.4), (353.2, 308.4), (353.2, 308.4), (353.2, 308.4), (353.2, 308.4), (353.2, 308.4), (353.2, 308.4), (353.2, 308.4), (353.2, 308.4), (353.2, 308.4), (353.2, 308.4), (353.2, 308.4), (353.2, 308.4), (353.2, 308.4), (353.2, 308.4), (353.2, 308.4), (361.6, 308.4), (372.8, 330.8), (372.8, 353.2), (372.8, 372.8), (372.8, 372.8), (372.8, 372.8), (372.8, 372.8), (372.8, 372.8), (372.8, 372.8), (372.8, 372.8), (372.8, 372.8), (372.8, 372.8), (372.8, 372.8), (372.8, 372.8), (372.8, 372.8), (372.8, 372.8), (372.8, 372.8), (372.8, 372.8), (372.8, 372.8), (372.8, 372.8), (372.8, 372.8), (372.8, 372.8), (372.8, 372.8), (372.8, 372.8), (372.8, 372.8), (372.8, 372.8), (372.8, 372.8), (372.8, 372.8), (372.8, 372.8), (372.8, 372.8), (372.8, 372.8), (372.8, 372.8), (372.8, 372.8), (372.8, 372.8), (372.8, 372.8), (372.8, 372.8), (372.8, 372.8), (372.8, 372.8)]",0,10.0
speedrunner,bomberman,2,Bomb,1,0,39.95,0.926,"[(48.0, 48.0), (50.8, 70.4), (50.8, 92.8), (56.4, 115.2), (78.8, 115.2), (109.6, 118.0), (115.2, 140.4), (115.2, 162.8), (126.4, 179.6), (151.6, 179.6), (176.8, 185.2), (179.6, 207.6), (179.6, 230.0), (193.6, 244.0), (221.6, 244.0), (244.0, 252.4), (244.0, 274.8), (244.0, 297.2), (263.6, 308.4), (291.6, 308.4), (308.4, 325.2), (308.4, 347.6), (314.0, 370.0), (336.4, 372.8), (358.8, 372.8), (372.8, 372.8), (372.8, 372.8), (372.8, 372.8), (372.8, 372.8), (372.8, 372.8), (372.8, 372.8), (372.8, 372.8), (372.8, 372.8), (372.8, 372.8), (372.8, 372.8), (372.8, 372.8), (372.8, 372.8), (372.8, 372.8), (372.8, 372.8), (372.8, 372.8), (372.8, 372.8), (372.8, 372.8), (372.8, 372.8), (372.8, 372.8), (372.8, 372.8), (372.8, 372.8), (372.8, 372.8), (372.8, 372.8), (372.8, 372.8), (372.8, 372.8), (372.8, 372.8), (372.8, 372.8), (372.8, 372.8), (372.8, 372.8), (372.8, 372.8), (372.8, 372.8), (372.8, 372.8)]",0,7.5
speedrunner,bomberman,2,Bomb,1,0,39.2,0.926,"[(48.0, 48.0), (70.4, 50.8), (101.2, 50.8), (115.2, 67.6), (115.2, 90.0), (118.0, 112.4), (140.4, 115.2), (168.4, 115.2), (179.6, 134.8), (179.6, 157.2), (185.2, 179.6), (207.6, 179.6), (235.6, 179.6), (244.0, 202.0), (244.0, 224.4), (252.4, 244.0), (274.8, 244.0), (302.8, 249.6), (308.4, 272.0), (308.4, 294.4), (325.2, 308.4), (353.2, 308.4), (372.8, 322.4), (372.8, 344.8), (372.8, 367.2), (372.8, 372.8), (372.8, 372.8), (372.8, 372.8), (372.8, 372.8), (372.8, 372.8), (372.8, 372.8), (372.8, 372.8), (372.8, 372.8), (372.8, 372.8), (372.8, 372.8), (372.8, 372.8), (372.8, 372.8), (372.8, 372.8), (372.8, 372.8), (372.8, 372.8), (372.8, 372.8), (372.8, 372.8), (372.8, 372.8), (372.8, 372.8), (372.8, 372.8), (372.8, 372.8), (372.8, 372.8), (372.8, 372.8), (372.8, 372.8), (372.8, 372.8), (372.8, 372.8), (372.8, 372.8), (372.8, 372.8), (372.8, 372.8), (372.8, 372.8), (372.8, 372.8), (372.8, 372.8)]",0,7.5
speedrunner,bomberman,2,Bomb,1,0,39.2,0.926,"[(48.0, 48.0), (70.4, 50.8), (101.2, 50.8), (115.2, 67.6), (115.2, 95.6), (126.4, 115.2), (151.6, 115.2), (176.8, 120.8), (179.6, 143.2), (179.6, 171.2), (199.2, 179.6), (227.2, 179.6), (244.0, 193.6), (244.0, 218.8), (249.6, 244.0), (272.0, 244.0), (300.0, 246.8), (308.4, 269.2), (308.4, 297.2), (328.0, 308.4), (356.0, 308.4), (372.8, 325.2), (372.8, 347.6), (372.8, 370.0), (372.8, 372.8), (372.8, 372.8), (372.8, 372.8), (372.8, 372.8), (372.8, 372.8), (372.8, 372.8), (372.8, 372.8), (372.8, 372.8), (372.8, 372.8), (372.8, 372.8), (372.8, 372.8), (372.8, 372.8), (372.8, 372.8), (372.8, 372.8), (372.8, 372.8), (372.8, 372.8), (372.8, 372.8), (372.8, 372.8), (372.8, 372.8), (372.8, 372.8), (372.8, 372.8), (372.8, 372.8), (372.8, 372.8), (372.8, 372.8), (372.8, 372.8), (372.8, 372.8), (372.8, 372.8), (372.8, 372.8), (372.8, 372.8), (372.8, 372.8), (372.8, 372.8), (372.8, 372.8), (372.8, 372.8)]",0,7.5
speedrunner,bomberman,2,Bomb,1,0,39.2,0.926,"[(48.0, 48.0), (70.4, 50.8), (101.2, 50.8), (115.2, 67.6), (115.2, 95.6), (126.4, 115.2), (151.6, 115.2), (176.8, 120.8), (179.6, 143.2), (179.6, 171.2), (199.2, 179.6), (227.2, 179.6), (244.0, 193.6), (244.0, 218.8), (249.6, 244.0), (272.0, 244.0), (300.0, 246.8), (308.4, 269.2), (308.4, 297.2), (328.0, 308.4), (356.0, 308.4), (372.8, 325.2), (372.8, 347.6), (372.8, 370.0), (372.8, 372.8), (372.8, 372.8), (372.8, 372.8), (372.8, 372.8), (372.8, 372.8), (372.8, 372.8), (372.8, 372.8), (372.8, 372.8), (372.8, 372.8), (372.8, 372.8), (372.8, 372.8), (372.8, 372.8), (372.8, 372.8), (372.8, 372.8), (372.8, 372.8), (372.8, 372.8), (372.8, 372.8), (372.8, 372.8), (372.8, 372.8), (372.8, 372.8), (372.8, 372.8), (372.8, 372.8), (372.8, 372.8), (372.8, 372.8), (372.8, 372.8), (372.8, 372.8), (372.8, 372.8), (372.8, 372.8), (372.8, 372.8), (372.8, 372.8), (372.8, 372.8), (372.8, 372.8), (372.8, 372.8)]",0,7.5
speedrunner,bomberman,2,Bomb,1,0,39.2,0.926,"[(48.0, 48.0), (70.4, 50.8), (101.2, 50.8), (115.2, 67.6), (115.2, 95.6), (126.4, 115.2), (151.6, 115.2), (176.8, 120.8), (179.6, 143.2), (179.6, 171.2), (199.2, 179.6), (227.2, 179.6), (244.0, 193.6), (244.0, 218.8), (249.6, 244.0), (272.0, 244.0), (300.0, 246.8), (308.4, 269.2), (308.4, 297.2), (328.0, 308.4), (356.0, 308.4), (372.8, 325.2), (372.8, 347.6), (372.8, 370.0), (372.8, 372.8), (372.8, 372.8), (372.8, 372.8), (372.8, 372.8), (372.8, 372.8), (372.8, 372.8), (372.8, 372.8), (372.8, 372.8), (372.8, 372.8), (372.8, 372.8), (372.8, 372.8), (372.8, 372.8), (372.8, 372.8), (372.8, 372.8), (372.8, 372.8), (372.8, 372.8), (372.8, 372.8), (372.8, 372.8), (372.8, 372.8), (372.8, 372.8), (372.8, 372.8), (372.8, 372.8), (372.8, 372.8), (372.8, 372.8), (372.8, 372.8), (372.8, 372.8), (372.8, 372.8), (372.8, 372.8), (372.8, 372.8), (372.8, 372.8), (372.8, 372.8), (372.8, 372.8), (372.8, 372.8)]",0,7.5
speedrunner,bomberman,2,Bomb,1,0,39.2,0.926,"[(48.0, 48.0), (70.4, 50.8), (101.2, 50.8), (115.2, 67.6), (115.2, 95.6), (126.4, 115.2), (151.6, 115.2), (176.8, 120.8), (179.6, 143.2), (179.6, 171.2), (199.2, 179.6), (227.2, 179.6), (244.0, 193.6), (244.0, 218.8), (249.6, 244.0), (272.0, 244.0), (300.0, 246.8), (308.4, 269.2), (308.4, 297.2), (328.0, 308.4), (356.0, 308.4), (372.8, 325.2), (372.8, 347.6), (372.8, 370.0), (372.8, 372.8), (372.8, 372.8), (372.8, 372.8), (372.8, 372.8), (372.8, 372.8), (372.8, 372.8), (372.8, 372.8), (372.8, 372.8), (372.8, 372.8), (372.8, 372.8), (372.8, 372.8), (372.8, 372.8), (372.8, 372.8), (372.8, 372.8), (372.8, 372.8), (372.8, 372.8), (372.8, 372.8), (372.8, 372.8), (372.8, 372.8), (372.8, 372.8), (372.8, 372.8), (372.8, 372.8), (372.8, 372.8), (372.8, 372.8), (372.8, 372.8), (372.8, 372.8), (372.8, 372.8), (372.8, 372.8), (372.8, 372.8), (372.8, 372.8), (372.8, 372.8), (372.8, 372.8), (372.8, 372.8)]",0,7.5
speedrunner,bomberman,2,Bomb,1,0,39.2,0.926,"[(48.0, 48.0), (70.4, 50.8), (101.2, 50.8), (115.2, 67.6), (115.2, 90.0), (118.0, 112.4), (140.4, 115.2), (168.4, 115.2), (179.6, 134.8), (179.6, 157.2), (185.2, 179.6), (207.6, 179.6), (235.6, 179.6), (244.0, 202.0), (244.0, 224.4), (252.4, 244.0), (274.8, 244.0), (302.8, 249.6), (308.4, 272.0), (308.4, 294.4), (325.2, 308.4), (353.2, 308.4), (372.8, 322.4), (372.8, 344.8), (372.8, 367.2), (372.8, 372.8), (372.8, 372.8), (372.8, 372.8), (372.8, 372.8), (372.8, 372.8), (372.8, 372.8), (372.8, 372.8), (372.8, 372.8), (372.8, 372.8), (372.8, 372.8), (372.8, 372.8), (372.8, 372.8), (372.8, 372.8), (372.8, 372.8), (372.8, 372.8), (372.8, 372.8), (372.8, 372.8), (372.8, 372.8), (372.8, 372.8), (372.8, 372.8), (372.8, 372.8), (372.8, 372.8), (372.8, 372.8), (372.8, 372.8), (372.8, 372.8), (372.8, 372.8), (372.8, 372.8), (372.8, 372.8), (372.8, 372.8), (372.8, 372.8), (372.8, 372.8), (372.8, 372.8)]",0,7.5
speedrunner,bomberman,2,Bomb,1,0,39.95,0.926,"[(48.0, 48.0), (50.8, 70.4), (50.8, 92.8), (56.4, 115.2), (78.8, 115.2), (109.6, 118.0), (115.2, 140.4), (115.2, 162.8), (126.4, 179.6), (151.6, 179.6), (176.8, 185.2), (179.6, 207.6), (179.6, 230.0), (193.6, 244.0), (221.6, 244.0), (244.0, 252.4), (244.0, 274.8), (244.0, 297.2), (263.6, 308.4), (291.6, 308.4), (308.4, 325.2), (308.4, 347.6), (314.0, 370.0), (336.4, 372.8), (358.8, 372.8), (372.8, 372.8), (372.8, 372.8), (372.8, 372.8), (372.8, 372.8), (372.8, 372.8), (372.8, 372.8), (372.8, 372.8), (372.8, 372.8), (372.8, 372.8), (372.8, 372.8), (372.8, 372.8), (372.8, 372.8), (372.8, 372.8), (372.8, 372.8), (372.8, 372.8), (372.8, 372.8), (372.8, 372.8), (372.8, 372.8), (372.8, 372.8), (372.8, 372.8), (372.8, 372.8), (372.8, 372.8), (372.8, 372.8), (372.8, 372.8), (372.8, 372.8), (372.8, 372.8), (372.8, 372.8), (372.8, 372.8), (372.8, 372.8), (372.8, 372.8), (372.8, 372.8), (372.8, 372.8)]",0,7.5
speedrunner,bomberman,2,Bomb,1,0,29.4,0.926,"[(48.0, 48.0), (70.4, 50.8), (101.2, 50.8), (115.2, 67.6), (115.2, 90.0), (118.0, 112.4), (140.4, 115.2), (168.4, 115.2), (179.6, 134.8), (179.6, 157.2), (185.2, 179.6), (207.6, 179.6), (235.6, 179.6), (244.0, 202.0), (244.0, 224.4), (252.4, 244.0), (274.8, 244.0), (302.8, 249.6), (308.4, 272.0), (308.4, 294.4), (325.2, 308.4), (353.2, 308.4), (353.2, 308.4), (353.2, 308.4), (353.2, 308.4), (353.2, 308.4), (353.2, 308.4), (353.2, 308.4), (353.2, 308.4), (353.2, 308.4), (353.2, 308.4), (353.2, 308.4), (353.2, 308.4), (353.2, 308.4), (353.2, 308.4), (353.2, 308.4), (353.2, 308.4), (353.2, 308.4), (361.6, 308.4), (372.8, 330.8), (372.8, 353.2), (372.8, 372.8), (372.8, 372.8), (372.8, 372.8), (372.8, 372.8), (372.8, 372.8), (372.8, 372.8), (372.8, 372.8), (372.8, 372.8), (372.8, 372.8), (372.8, 372.8), (372.8, 372.8), (372.8, 372.8), (372.8, 372.8), (372.8, 372.8), (372.8, 372.8), (372.8, 372.8), (372.8, 372.8), (372.8, 372.8), (372.8, 372.8), (372.8, 372.8), (372.8, 372.8), (372.8, 372.8), (372.8, 372.8), (372.8, 372.8), (372.8, 372.8), (372.8, 372.8), (372.8, 372.8), (372.8, 372.8), (372.8, 372.8), (372.8, 372.8), (372.8, 372.8), (372.8, 372.8), (372.8, 372.8), (372.8, 372.8), (372.8, 372.8)]",0,10.0
speedrunner,bomberman,2,Bomb,1,0,39.2,0.926,"[(48.0, 48.0), (70.4, 50.8), (101.2, 50.8), (115.2, 67.6), (115.2, 95.6), (126.4, 115.2), (151.6, 115.2), (176.8, 120.8), (179.6, 143.2), (179.6, 171.2), (199.2, 179.6), (227.2, 179.6), (244.0, 193.6), (244.0, 218.8), (249.6, 244.0), (272.0, 244.0), (300.0, 246.8), (308.4, 269.2), (308.4, 297.2), (328.0, 308.4), (356.0, 308.4), (372.8, 325.2), (372.8, 347.6), (372.8, 370.0), (372.8, 372.8), (372.8, 372.8), (372.8, 372.8), (372.8, 372.8), (372.8, 372.8), (372.8, 372.8), (372.8, 372.8), (372.8, 372.8), (372.8, 372.8), (372.8, 372.8), (372.8, 372.8), (372.8, 372.8), (372.8, 372.8), (372.8, 372.8), (372.8, 372.8), (372.8, 372.8), (372.8, 372.8), (372.8, 372.8), (372.8, 372.8), (372.8, 372.8), (372.8, 372.8), (372.8, 372.8), (372.8, 372.8), (372.8, 372.8), (372.8, 372.8), (372.8, 372.8), (372.8, 372.8), (372.8, 372.8), (372.8, 372.8), (372.8, 372.8), (372.8, 372.8), (372.8, 372.8), (372.8, 372.8)]",0,7.5
speedrunner,bomberman,2,Bomb,1,0,39.95,0.926,"[(48.0, 48.0), (50.8, 70.4), (50.8, 92.8), (56.4, 115.2), (78.8, 115.2), (109.6, 118.0), (115.2, 140.4), (115.2, 162.8), (126.4, 179.6), (151.6, 179.6), (176.8, 185.2), (179.6, 207.6), (179.6, 230.0), (193.6, 244.0), (221.6, 244.0), (244.0, 252.4), (244.0, 274.8), (244.0, 297.2), (263.6, 308.4), (291.6, 308.4), (308.4, 325.2), (308.4, 347.6), (314.0, 370.0), (336.4, 372.8), (358.8, 372.8), (372.8, 372.8), (372.8, 372.8), (372.8, 372.8), (372.8, 372.8), (372.8, 372.8), (372.8, 372.8), (372.8, 372.8), (372.8, 372.8), (372.8, 372.8), (372.8, 372.8), (372.8, 372.8), (372.8, 372.8), (372.8, 372.8), (372.8, 372.8), (372.8, 372.8), (372.8, 372.8), (372.8, 372.8), (372.8, 372.8), (372.8, 372.8), (372.8, 372.8), (372.8, 372.8), (372.8, 372.8), (372.8, 372.8), (372.8, 372.8), (372.8, 372.8), (372.8, 372.8), (372.8, 372.8), (372.8, 372.8), (372.8, 372.8), (372.8, 372.8), (372.8, 372.8), (372.8, 372.8)]",0,7.5
speedrunner,bomberman,2,Bomb,1,0,29.4,0.926,"[(48.0, 48.0), (70.4, 50.8), (101.2, 50.8), (115.2, 67.6), (115.2, 90.0), (118.0, 112.4), (140.4, 115.2), (168.4, 115.2), (179.6, 134.8), (179.6, 157.2), (185.2, 179.6), (207.6, 179.6), (235.6, 179.6), (244.0, 202.0), (244.0, 224.4), (252.4, 244.0), (274.8, 244.0), (302.8, 249.6), (308.4, 272.0), (308.4, 294.4), (325.2, 308.4), (353.2, 308.4), (353.2, 308.4), (353.2, 308.4), (353.2, 308.4), (353.2, 308.4), (353.2, 308.4), (353.2, 308.4), (353.2, 308.4), (353.2, 308.4), (353.2, 308.4), (353.2, 308.4), (353.2, 308.4), (353.2, 308.4), (353.2, 308.4), (353.2, 308.4), (353.2, 308.4), (353.2, 308.4), (364.4, 311.2), (372.8, 333.6), (372.8, 356.0), (372.8, 372.8), (372.8, 372.8), (372.8, 372.8), (372.8, 372.8), (372.8, 372.8), (372.8, 372.8), (372.8, 372.8), (372.8, 372.8), (372.8, 372.8), (372.8, 372.8), (372.8, 372.8), (372.8, 372.8), (372.8, 372.8), (372.8, 372.8), (372.8, 372.8), (372.8, 372.8), (372.8, 372.8), (372.8, 372.8), (372.8, 372.8), (372.8, 372.8), (372.8, 372.8), (372.8, 372.8), (372.8, 372.8), (372.8, 372.8), (372.8, 372.8), (372.8, 372.8), (372.8, 372.8), (372.8, 372.8), (372.8, 372.8), (372.8, 372.8), (372.8, 372.8), (372.8, 372.8), (372.8, 372.8), (372.8, 372.8), (372.8, 372.8)]",0,10.0
speedrunner,bomberman,2,Bomb,1,0,39.2,0.926,"[(48.0, 48.0), (70.4, 50.8), (101.2, 50.8), (115.2, 67.6), (115.2, 90.0), (118.0, 112.4), (140.4, 115.2), (168.4, 115.2), (179.6, 134.8), (179.6, 157.2), (185.2, 179.6), (207.6, 179.6), (235.6, 179.6), (244.0, 202.0), (244.0, 224.4), (252.4, 244.0), (274.8, 244.0), (302.8, 249.6), (308.4, 272.0), (308.4, 294.4), (325.2, 308.4), (353.2, 308.4), (372.8, 322.4), (372.8, 344.8), (372.8, 367.2), (372.8, 372.8), (372.8, 372.8), (372.8, 372.8), (372.8, 372.8), (372.8, 372.8), (372.8, 372.8), (372.8, 372.8), (372.8, 372.8), (372.8, 372.8), (372.8, 372.8), (372.8, 372.8), (372.8, 372.8), (372.8, 372.8), (372.8, 372.8), (372.8, 372.8), (372.8, 372.8), (372.8, 372.8), (372.8, 372.8), (372.8, 372.8), (372.8, 372.8), (372.8, 372.8), (372.8, 372.8), (372.8, 372.8), (372.8, 372.8), (372.8, 372.8), (372.8, 372.8), (372.8, 372.8), (372.8, 372.8), (372.8, 372.8), (372.8, 372.8), (372.8, 372.8), (372.8, 372.8)]",0,7.5
speedrunner,bomberman,2,Bomb,1,0,29.4,0.926,"[(48.0, 48.0), (70.4, 50.8), (101.2, 50.8), (115.2, 67.6), (115.2, 90.0), (118.0, 112.4), (140.4, 115.2), (168.4, 115.2), (179.6, 134.8), (179.6, 157.2), (185.2, 179.6), (207.6, 179.6), (235.6, 179.6), (244.0, 202.0), (244.0, 224.4), (252.4, 244.0), (274.8, 244.0), (302.8, 249.6), (308.4, 272.0), (308.4, 294.4), (325.2, 308.4), (353.2, 308.4), (353.2, 308.4), (353.2, 308.4), (353.2, 308.4), (353.2, 308.4), (353.2, 308.4), (353.2, 308.4), (353.2, 308.4), (353.2, 308.4), (353.2, 308.4), (353.2, 308.4), (353.2, 308.4), (353.2, 308.4), (353.2, 308.4), (353.2, 308.4), (353.2, 308.4), (353.2, 308.4), (364.4, 311.2), (372.8, 333.6), (372.8, 356.0), (372.8, 372.8), (372.8, 372.8), (372.8, 372.8), (372.8, 372.8), (372.8, 372.8), (372.8, 372.8), (372.8, 372.8), (372.8, 372.8), (372.8, 372.8), (372.8, 372.8), (372.8, 372.8), (372.8, 372.8), (372.8, 372.8), (372.8, 372.8), (372.8, 372.8), (372.8, 372.8), (372.8, 372.8), (372.8, 372.8), (372.8, 372.8), (372.8, 372.8), (372.8, 372.8), (372.8, 372.8), (372.8, 372.8), (372.8, 372.8), (372.8, 372.8), (372.8, 372.8), (372.8, 372.8), (372.8, 372.8), (372.8, 372.8), (372.8, 372.8), (372.8, 372.8), (372.8, 372.8), (372.8, 372.8), (372.8, 372.8), (372.8, 372.8)]",0,10.0
speedrunner,bomberman,2,Bomb,1,0,29.4,0.926,"[(48.0, 48.0), (70.4, 50.8), (101.2, 50.8), (115.2, 67.6), (115.2, 90.0), (118.0, 112.4), (140.4, 115.2), (168.4, 115.2), (179.6, 134.8), (179.6, 157.2), (185.2, 179.6), (207.6, 179.6), (235.6, 179.6), (244.0, 202.0), (244.0, 224.4), (252.4, 244.0), (274.8, 244.0), (302.8, 249.6), (308.4, 272.0), (308.4, 294.4), (325.2, 308.4), (353.2, 308.4), (353.2, 308.4), (353.2, 308.4), (353.2, 308.4), (353.2, 308.4), (353.2, 308.4), (353.2, 308.4), (353.2, 308.4), (353.2, 308.4), (353.2, 308.4), (353.2, 308.4), (353.2, 308.4), (353.2, 308.4), (353.2, 308.4), (353.2, 308.4), (353.2, 308.4), (353.2, 308.4), (364.4, 311.2), (372.8, 333.6), (372.8, 356.0), (372.8, 372.8), (372.8, 372.8), (372.8, 372.8), (372.8, 372.8), (372.8, 372.8), (372.8, 372.8), (372.8, 372.8), (372.8, 372.8), (372.8, 372.8), (372.8, 372.8), (372.8, 372.8), (372.8, 372.8), (372.8, 372.8), (372.8, 372.8), (372.8, 372.8), (372.8, 372.8), (372.8, 372.8), (372.8, 372.8), (372.8, 372.8), (372.8, 372.8), (372.8, 372.8), (372.8, 372.8), (372.8, 372.8), (372.8, 372.8), (372.8, 372.8), (372.8, 372.8), (372.8, 372.8), (372.8, 372.8), (372.8, 372.8), (372.8, 372.8), (372.8, 372.8), (372.8, 372.8), (372.8, 372.8), (372.8, 372.8), (372.8, 372.8)]",0,10.0
speedrunner,bomberman,2,Bomb,1,0,39.2,0.926,"[(48.0, 48.0), (70.4, 50.8), (101.2, 50.8), (115.2, 67.6), (115.2, 90.0), (118.0, 112.4), (140.4, 115.2), (168.4, 115.2), (179.6, 134.8), (179.6, 157.2), (185.2, 179.6), (207.6, 179.6), (235.6, 179.6), (244.0, 202.0), (244.0, 224.4), (252.4, 244.0), (274.8, 244.0), (302.8, 249.6), (308.4, 272.0), (308.4, 294.4), (325.2, 308.4), (353.2, 308.4), (372.8, 322.4), (372.8, 344.8), (372.8, 367.2), (372.8, 372.8), (372.8, 372.8), (372.8, 372.8), (372.8, 372.8), (372.8, 372.8), (372.8, 372.8), (372.8, 372.8), (372.8, 372.8), (372.8, 372.8), (372.8, 372.8), (372.8, 372.8), (372.8, 372.8), (372.8, 372.8), (372.8, 372.8), (372.8, 372.8), (372.8, 372.8), (372.8, 372.8), (372.8, 372.8), (372.8, 372.8), (372.8, 372.8), (372.8, 372.8), (372.8, 372.8), (372.8, 372.8), (372.8, 372.8), (372.8, 372.8), (372.8, 372.8), (372.8, 372.8), (372.8, 372.8), (372.8, 372.8), (372.8, 372.8), (372.8, 372.8), (372.8, 372.8)]",0,7.5
speedrunner,bomberman,2,Bomb,1,0,29.4,0.926,"[(48.0, 48.0), (70.4, 50.8), (101.2, 50.8), (115.2, 67.6), (115.2, 90.0), (118.0, 112.4), (140.4, 115.2), (168.4, 115.2), (179.6, 134.8), (179.6, 157.2), (185.2, 179.6), (207.6, 179.6), (235.6, 179.6), (244.0, 202.0), (244.0, 224.4), (252.4, 244.0), (274.8, 244.0), (302.8, 249.6), (308.4, 272.0), (308.4, 294.4), (325.2, 308.4), (353.2, 308.4), (353.2, 308.4), (353.2, 308.4), (353.2, 308.4), (353.2, 308.4), (353.2, 308.4), (353.2, 308.4), (353.2, 308.4), (353.2, 308.4), (353.2, 308.4), (353.2, 308.4), (353.2, 308.4), (353.2, 308.4), (353.2, 308.4), (353.2, 308.4), (353.2, 308.4), (353.2, 308.4), (364.4, 311.2), (372.8, 333.6), (372.8, 356.0), (372.8, 372.8), (372.8, 372.8), (372.8, 372.8), (372.8, 372.8), (372.8, 372.8), (372.8, 372.8), (372.8, 372.8), (372.8, 372.8), (372.8, 372.8), (372.8, 372.8), (372.8, 372.8), (372.8, 372.8), (372.8, 372.8), (372.8, 372.8), (372.8, 372.8), (372.8, 372.8), (372.8, 372.8), (372.8, 372.8), (372.8, 372.8), (372.8, 372.8), (372.8, 372.8), (372.8, 372.8), (372.8, 372.8), (372.8, 372.8), (372.8, 372.8), (372.8, 372.8), (372.8, 372.8), (372.8, 372.8), (372.8, 372.8), (372.8, 372.8), (372.8, 372.8), (372.8, 372.8), (372.8, 372.8), (372.8, 372.8), (372.8, 372.8)]",0,10.0
speedrunner,bomberman,2,Bomb,1,0,39.95,0.926,"[(48.0, 48.0), (50.8, 70.4), (50.8, 92.8), (56.4, 115.2), (78.8, 115.2), (109.6, 118.0), (115.2, 140.4), (115.2, 162.8), (126.4, 179.6), (151.6, 179.6), (176.8, 185.2), (179.6, 207.6), (179.6, 230.0), (193.6, 244.0), (221.6, 244.0), (244.0, 252.4), (244.0, 274.8), (244.0, 297.2), (263.6, 308.4), (291.6, 308.4), (308.4, 325.2), (308.4, 347.6), (314.0, 370.0), (336.4, 372.8), (358.8, 372.8), (372.8, 372.8), (372.8, 372.8), (372.8, 372.8), (372.8, 372.8), (372.8, 372.8), (372.8, 372.8), (372.8, 372.8), (372.8, 372.8), (372.8, 372.8), (372.8, 372.8), (372.8, 372.8), (372.8, 372.8), (372.8, 372.8), (372.8, 372.8), (372.8, 372.8), (372.8, 372.8), (372.8, 372.8), (372.8, 372.8), (372.8, 372.8), (372.8, 372.8), (372.8, 372.8), (372.8, 372.8), (372.8, 372.8), (372.8, 372.8), (372.8, 372.8), (372.8, 372.8), (372.8, 372.8), (372.8, 372.8), (372.8, 372.8), (372.8, 372.8), (372.8, 372.8), (372.8, 372.8)]",0,7.5
speedrunner,bomberman,2,Bomb,1,0,39.2,0.926,"[(48.0, 48.0), (70.4, 50.8), (101.2, 50.8), (115.2, 67.6), (115.2, 95.6), (126.4, 115.2), (151.6, 115.2), (176.8, 120.8), (179.6, 143.2), (179.6, 171.2), (199.2, 179.6), (227.2, 179.6), (244.0, 193.6), (244.0, 218.8), (246.8, 241.2), (269.2, 244.0), (297.2, 244.0), (308.4, 266.4), (308.4, 288.8), (316.8, 308.4), (339.2, 308.4), (367.2, 314.0), (372.8, 336.4), (372.8, 358.8), (372.8, 372.8), (372.8, 372.8), (372.8, 372.8), (372.8, 372.8), (372.8, 372.8), (372.8, 372.8), (372.8, 372.8), (372.8, 372.8), (372.8, 372.8), (372.8, 372.8), (372.8, 372.8), (372.8, 372.8), (372.8, 372.8), (372.8, 372.8), (372.8, 372.8), (372.8, 372.8), (372.8, 372.8), (372.8, 372.8), (372.8, 372.8), (372.8, 372.8), (372.8, 372.8), (372.8, 372.8), (372.8, 372.8), (372.8, 372.8), (372.8, 372.8), (372.8, 372.8), (372.8, 372.8), (372.8, 372.8), (372.8, 372.8), (372.8, 372.8), (372.8, 372.8), (372.8, 372.8), (372.8, 372.8)]",0,7.5
speedrunner,bomberman,2,Bomb,1,0,39.2,0.926,"[(48.0, 48.0), (70.4, 50.8), (101.2, 50.8), (115.2, 67.6), (115.2, 95.6), (126.4, 115.2), (151.6, 115.2), (176.8, 120.8), (179.6, 143.2), (179.6, 171.2), (199.2, 179.6), (227.2, 179.6), (244.0, 193.6), (244.0, 216.0), (244.0, 238.4), (266.4, 244.0), (294.4, 244.0), (308.4, 263.6), (308.4, 286.0), (316.8, 308.4), (339.2, 308.4), (367.2, 314.0), (372.8, 336.4), (372.8, 358.8), (372.8, 372.8), (372.8, 372.8), (372.8, 372.8), (372.8, 372.8), (372.8, 372.8), (372.8, 372.8), (372.8, 372.8), (372.8, 372.8), (372.8, 372.8), (372.8, 372.8), (372.8, 372.8), (372.8, 372.8), (372.8, 372.8), (372.8, 372.8), (372.8, 372.8), (372.8, 372.8), (372.8, 372.8), (372.8, 372.8), (372.8, 372.8), (372.8, 372.8), (372.8, 372.8), (372.8, 372.8), (372.8, 372.8), (372.8, 372.8), (372.8, 372.8), (372.8, 372.8), (372.8, 372.8), (372.8, 372.8), (372.8, 372.8), (372.8, 372.8), (372.8, 372.8), (372.8, 372.8), (372.8, 372.8)]",0,7.5
speedrunner,bomberman,2,Bomb,1,0,39.2,0.926,"[(48.0, 48.0), (70.4, 50.8), (101.2, 50.8), (115.2, 67.6), (115.2, 95.6), (126.4, 115.2), (151.6, 115.2), (176.8, 120.8), (179.6, 143.2), (179.6, 165.6), (193.6, 179.6), (221.6, 179.6), (244.0, 188.0), (244.0, 210.4), (244.0, 238.4), (266.4, 244.0), (294.4, 244.0), (308.4, 263.6), (308.4, 291.6), (322.4, 308.4), (350.4, 308.4), (372.8, 319.6), (372.8, 342.0), (372.8, 364.4), (372.8, 372.8), (372.8, 372.8), (372.8, 372.8), (372.8, 372.8), (372.8, 372.8), (372.8, 372.8), (372.8, 372.8), (372.8, 372.8), (372.8, 372.8), (372.8, 372.8), (372.8, 372.8), (372.8, 372.8), (372.8, 372.8), (372.8, 372.8), (372.8, 372.8), (372.8, 372.8), (372.8, 372.8), (372.8, 372.8), (372.8, 372.8), (372.8, 372.8), (372.8, 372.8), (372.8, 372.8), (372.8, 372.8), (372.8, 372.8), (372.8, 372.8), (372.8, 372.8), (372.8, 372.8), (372.8, 372.8), (372.8, 372.8), (372.8, 372.8), (372.8, 372.8), (372.8, 372.8), (372.8, 372.8)]",0,7.5
speedrunner,bomberman,2,Bomb,1,0,39.2,0.926,"[(48.0, 48.0), (70.4, 50.8), (101.2, 50.8), (115.2, 67.6), (115.2, 95.6), (126.4, 115.2), (151.6, 115.2), (176.8, 120.8), (179.6, 143.2), (179.6, 171.2), (199.2, 179.6), (227.2, 179.6), (244.0, 193.6), (244.0, 218.8), (249.6, 244.0), (272.0, 244.0), (300.0, 246.8), (308.4, 269.2), (308.4, 297.2), (328.0, 308.4), (356.0, 308.4), (372.8, 325.2), (372.8, 347.6), (372.8, 370.0), (372.8, 372.8), (372.8, 372.8), (372.8, 372.8), (372.8, 372.8), (372.8, 372.8), (372.8, 372.8), (372.8, 372.8), (372.8, 372.8), (372.8, 372.8), (372.8, 372.8), (372.8, 372.8), (372.8, 372.8), (372.8, 372.8), (372.8, 372.8), (372.8, 372.8), (372.8, 372.8), (372.8, 372.8), (372.8, 372.8), (372.8, 372.8), (372.8, 372.8), (372.8, 372.8), (372.8, 372.8), (372.8, 372.8), (372.8, 372.8), (372.8, 372.8), (372.8, 372.8), (372.8, 372.8), (372.8, 372.8), (372.8, 372.8), (372.8, 372.8), (372.8, 372.8), (372.8, 372.8), (372.8, 372.8)]",0,7.5
speedrunner,bomberman,2,Bomb,1,0,39.2,0.926,"[(48.0, 48.0), (70.4, 50.8), (101.2, 50.8), (115.2, 67.6), (115.2, 90.0), (118.0, 112.4), (140.4, 115.2), (168.4, 115.2), (179.6, 134.8), (179.6, 157.2), (185.2, 179.6), (207.6, 179.6), (235.6, 179.6), (244.0, 202.0), (244.0, 224.4), (252.4, 244.0), (274.8, 244.0), (302.8, 249.6), (308.4, 272.0), (308.4, 294.4), (325.2, 308.4), (353.2, 308.4), (372.8, 322.4), (372.8, 344.8), (372.8, 367.2), (372.8, 372.8), (372.8, 372.8), (372.8, 372.8), (372.8, 372.8), (372.8, 372.8), (372.8, 372.8), (372.8, 372.8), (372.8, 372.8), (372.8, 372.8), (372.8, 372.8), (372.8, 372.8), (372.8, 372.8), (372.8, 372.8), (372.8, 372.8), (372.8, 372.8), (372.8, 372.8), (372.8, 372.8), (372.8, 372.8), (372.8, 372.8), (372.8, 372.8), (372.8, 372.8), (372.8, 372.8), (372.8, 372.8), (372.8, 372.8), (372.8, 372.8), (372.8, 372.8), (372.8, 372.8), (372.8, 372.8), (372.8, 372.8), (372.8, 372.8), (372.8, 372.8), (372.8, 372.8)]",0,7.5
speedrunner,bomberman,2,Bomb,1,0,39.95,0.926,"[(48.0, 48.0), (50.8, 70.4), (50.8, 92.8), (56.4, 115.2), (78.8, 115.2), (109.6, 118.0), (115.2, 140.4), (115.2, 162.8), (126.4, 179.6), (151.6, 179.6), (176.8, 185.2), (179.6, 207.6), (179.6, 230.0), (193.6, 244.0), (221.6, 244.0), (244.0, 252.4), (244.0, 274.8), (244.0, 297.2), (263.6, 308.4), (291.6, 308.4), (308.4, 325.2), (308.4, 347.6), (314.0, 370.0), (336.4, 372.8), (358.8, 372.8), (372.8, 372.8), (372.8, 372.8), (372.8, 372.8), (372.8, 372.8), (372.8, 372.8), (372.8, 372.8), (372.8, 372.8), (372.8, 372.8), (372.8, 372.8), (372.8, 372.8), (372.8, 372.8), (372.8, 372.8), (372.8, 372.8), (372.8, 372.8), (372.8, 372.8), (372.8, 372.8), (372.8, 372.8), (372.8, 372.8), (372.8, 372.8), (372.8, 372.8), (372.8, 372.8), (372.8, 372.8), (372.8, 372.8), (372.8, 372.8), (372.8, 372.8), (372.8, 372.8), (372.8, 372.8), (372.8, 372.8), (372.8, 372.8), (372.8, 372.8), (372.8, 372.8), (372.8, 372.8)]",0,7.5
speedrunner,bomberman,2,Bomb,1,0,39.95,0.926,"[(48.0, 48.0), (50.8, 70.4), (50.8, 92.8), (56.4, 115.2), (78.8, 115.2), (109.6, 118.0), (115.2, 140.4), (115.2, 162.8), (126.4, 179.6), (151.6, 179.6), (176.8, 185.2), (179.6, 207.6), (179.6, 230.0), (193.6, 244.0), (221.6, 244.0), (244.0, 252.4), (244.0, 274.8), (244.0, 297.2), (263.6, 308.4), (291.6, 308.4), (308.4, 325.2), (308.4, 347.6), (314.0, 370.0), (336.4, 372.8), (358.8, 372.8), (372.8, 372.8), (372.8, 372.8), (372.8, 372.8), (372.8, 372.8), (372.8, 372.8), (372.8, 372.8), (372.8, 372.8), (372.8, 372.8), (372.8, 372.8), (372.8, 372.8), (372.8, 372.8), (372.8, 372.8), (372.8, 372.8), (372.8, 372.8), (372.8, 372.8), (372.8, 372.8), (372.8, 372.8), (372.8, 372.8), (372.8, 372.8), (372.8, 372.8), (372.8, 372.8), (372.8, 372.8), (372.8, 372.8), (372.8, 372.8), (372.8, 372.8), (372.8, 372.8), (372.8, 372.8), (372.8, 372.8), (372.8, 372.8), (372.8, 372.8), (372.8, 372.8), (372.8, 372.8)]",0,7.5
speedrunner,bomberman,2,Bomb,1,0,39.2,0.926,"[(48.0, 48.0), (70.4, 50.8), (101.2, 50.8), (115.2, 67.6), (115.2, 90.0), (118.0, 112.4), (140.4, 115.2), (168.4, 115.2), (179.6, 134.8), (179.6, 157.2), (185.2, 179.6), (207.6, 179.6), (235.6, 179.6), (244.0, 202.0), (244.0, 224.4), (252.4, 244.0), (274.8, 244.0), (302.8, 249.6), (308.4, 272.0), (308.4, 294.4), (325.2, 308.4), (353.2, 308.4), (372.8, 322.4), (372.8, 344.8), (372.8, 367.2), (372.8, 372.8), (372.8, 372.8), (372.8, 372.8), (372.8, 372.8), (372.8, 372.8), (372.8, 372.8), (372.8, 372.8), (372.8, 372.8), (372.8, 372.8), (372.8, 372.8), (372.8, 372.8), (372.8, 372.8), (372.8, 372.8), (372.8, 372.8), (372.8, 372.8), (372.8, 372.8), (372.8, 372.8), (372.8, 372.8), (372.8, 372.8), (372.8, 372.8), (372.8, 372.8), (372.8, 372.8), (372.8, 372.8), (372.8, 372.8), (372.8, 372.8), (372.8, 372.8), (372.8, 372.8), (372.8, 372.8), (372.8, 372.8), (372.8, 372.8), (372.8, 372.8), (372.8, 372.8)]",0,7.5
speedrunner,bomberman,2,Bomb,1,0,39.2,0.926,"[(48.0, 48.0), (70.4, 50.8), (101.2, 50.8), (115.2, 67.6), (115.2, 95.6), (126.4, 115.2), (151.6, 115.2), (176.8, 120.8), (179.6, 143.2), (179.6, 171.2), (199.2, 179.6), (227.2, 179.6), (244.0, 193.6), (244.0, 218.8), (249.6, 244.0), (272.0, 244.0), (300.0, 246.8), (308.4, 269.2), (308.4, 297.2), (328.0, 308.4), (356.0, 308.4), (372.8, 325.2), (372.8, 347.6), (372.8, 370.0), (372.8, 372.8), (372.8, 372.8), (372.8, 372.8), (372.8, 372.8), (372.8, 372.8), (372.8, 372.8), (372.8, 372.8), (372.8, 372.8), (372.8, 372.8), (372.8, 372.8), (372.8, 372.8), (372.8, 372.8), (372.8, 372.8), (372.8, 372.8), (372.8, 372.8), (372.8, 372.8), (372.8, 372.8), (372.8, 372.8), (372.8, 372.8), (372.8, 372.8), (372.8, 372.8), (372.8, 372.8), (372.8, 372.8), (372.8, 372.8), (372.8, 372.8), (372.8, 372.8), (372.8, 372.8), (372.8, 372.8), (372.8, 372.8), (372.8, 372.8), (372.8, 372.8), (372.8, 372.8), (372.8, 372.8)]",0,7.5
speedrunner,bomberman,2,Bomb,1,0,39.2,0.926,"[(48.0, 48.0), (70.4, 50.8), (101.2, 50.8), (115.2, 67.6), (115.2, 95.6), (126.4, 115.2), (151.6, 115.2), (176.8, 120.8), (179.6, 143.2), (179.6, 165.6), (193.6, 179.6), (221.6, 179.6), (244.0, 188.0), (244.0, 210.4), (244.0, 238.4), (266.4, 244.0), (294.4, 244.0), (308.4, 263.6), (308.4, 291.6), (322.4, 308.4), (350.4, 308.4), (372.8, 319.6), (372.8, 342.0), (372.8, 364.4), (372.8, 372.8), (372.8, 372.8), (372.8, 372.8), (372.8, 372.8), (372.8, 372.8), (372.8, 372.8), (372.8, 372.8), (372.8, 372.8), (372.8, 372.8), (372.8, 372.8), (372.8, 372.8), (372.8, 372.8), (372.8, 372.8), (372.8, 372.8), (372.8, 372.8), (372.8, 372.8), (372.8, 372.8), (372.8, 372.8), (372.8, 372.8), (372.8, 372.8), (372.8, 372.8), (372.8, 372.8), (372.8, 372.8), (372.8, 372.8), (372.8, 372.8), (372.8, 372.8), (372.8, 372.8), (372.8, 372.8), (372.8, 372.8), (372.8, 372.8), (372.8, 372.8), (372.8, 372.8), (372.8, 372.8)]",0,7.5
speedrunner,bomberman,2,Bomb,1,0,39.95,0.926,"[(48.0, 48.0), (50.8, 70.4), (50.8, 92.8), (56.4, 115.2), (78.8, 115.2), (109.6, 118.0), (115.2, 140.4), (115.2, 162.8), (126.4, 179.6), (151.6, 179.6), (176.8, 185.2), (179.6, 207.6), (179.6, 230.0), (193.6, 244.0), (221.6, 244.0), (244.0, 252.4), (244.0, 274.8), (244.0, 297.2), (263.6, 308.4), (291.6, 308.4), (308.4, 325.2), (308.4, 353.2), (319.6, 372.8), (342.0, 372.8), (364.4, 372.8), (372.8, 372.8), (372.8, 372.8), (372.8, 372.8), (372.8, 372.8), (372.8, 372.8), (372.8, 372.8), (372.8, 372.8), (372.8, 372.8), (372.8, 372.8), (372.8, 372.8), (372.8, 372.8), (372.8, 372.8), (372.8, 372.8), (372.8, 372.8), (372.8, 372.8), (372.8, 372.8), (372.8, 372.8), (372.8, 372.8), (372.8, 372.8), (372.8, 372.8), (372.8, 372.8), (372.8, 372.8), (372.8, 372.8), (372.8, 372.8), (372.8, 372.8), (372.8, 372.8), (372.8, 372.8), (372.8, 372.8), (372.8, 372.8), (372.8, 372.8), (372.8, 372.8), (372.8, 372.8)]",0,7.5
speedrunner,bomberman,2,Bomb,1,0,39.2,0.926,"[(48.0, 48.0), (70.4, 50.8), (101.2, 50.8), (115.2, 67.6), (115.2, 95.6), (126.4, 115.2), (151.6, 115.2), (176.8, 120.8), (179.6, 143.2), (179.6, 171.2), (199.2, 179.6), (227.2, 179.6), (244.0, 193.6), (244.0, 218.8), (249.6, 244.0), (272.0, 244.0), (300.0, 246.8), (308.4, 269.2), (308.4, 297.2), (328.0, 308.4), (356.0, 308.4), (372.8, 325.2), (372.8, 347.6), (372.8, 370.0), (372.8, 372.8), (372.8, 372.8), (372.8, 372.8), (372.8, 372.8), (372.8, 372.8), (372.8, 372.8), (372.8, 372.8), (372.8, 372.8), (372.8, 372.8), (372.8, 372.8), (372.8, 372.8), (372.8, 372.8), (372.8, 372.8), (372.8, 372.8), (372.8, 372.8), (372.8, 372.8), (372.8, 372.8), (372.8, 372.8), (372.8, 372.8), (372.8, 372.8), (372.8, 372.8), (372.8, 372.8), (372.8, 372.8), (372.8, 372.8), (372.8, 372.8), (372.8, 372.8), (372.8, 372.8), (372.8, 372.8), (372.8, 372.8), (372.8, 372.8), (372.8, 372.8), (372.8, 372.8), (372.8, 372.8)]",0,7.5
speedrunner,bomberman,2,Bomb,1,0,39.2,0.926,"[(48.0, 48.0), (70.4, 50.8), (101.2, 50.8), (115.2, 67.6), (115.2, 90.0), (118.0, 112.4), (140.4, 115.2), (168.4, 115.2), (179.6, 134.8), (179.6, 157.2), (185.2, 179.6), (207.6, 179.6), (235.6, 179.6), (244.0, 202.0), (244.0, 224.4), (252.4, 244.0), (274.8, 244.0), (302.8, 249.6), (308.4, 272.0), (308.4, 294.4), (325.2, 308.4), (353.2, 308.4), (372.8, 322.4), (372.8, 344.8), (372.8, 367.2), (372.8, 372.8), (372.8, 372.8), (372.8, 372.8), (372.8, 372.8), (372.8, 372.8), (372.8, 372.8), (372.8, 372.8), (372.8, 372.8), (372.8, 372.8), (372.8, 372.8), (372.8, 372.8), (372.8, 372.8), (372.8, 372.8), (372.8, 372.8), (372.8, 372.8), (372.8, 372.8), (372.8, 372.8), (372.8, 372.8), (372.8, 372.8), (372.8, 372.8), (372.8, 372.8), (372.8, 372.8), (372.8, 372.8), (372.8, 372.8), (372.8, 372.8), (372.8, 372.8), (372.8, 372.8), (372.8, 372.8), (372.8, 372.8), (372.8, 372.8), (372.8, 372.8), (372.8, 372.8)]",0,7.5
speedrunner,bomberman,2,Bomb,1,0,39.2,0.926,"[(48.0, 48.0), (70.4, 50.8), (101.2, 50.8), (115.2, 67.6), (115.2, 95.6), (126.4, 115.2), (151.6, 115.2), (176.8, 120.8), (179.6, 143.2), (179.6, 171.2), (199.2, 179.6), (227.2, 179.6), (244.0, 193.6), (244.0, 218.8), (249.6, 244.0), (272.0, 244.0), (300.0, 246.8), (308.4, 269.2), (308.4, 297.2), (328.0, 308.4), (356.0, 308.4), (372.8, 325.2), (372.8, 347.6), (372.8, 370.0), (372.8, 372.8), (372.8, 372.8), (372.8, 372.8), (372.8, 372.8), (372.8, 372.8), (372.8, 372.8), (372.8, 372.8), (372.8, 372.8), (372.8, 372.8), (372.8, 372.8), (372.8, 372.8), (372.8, 372.8), (372.8, 372.8), (372.8, 372.8), (372.8, 372.8), (372.8, 372.8), (372.8, 372.8), (372.8, 372.8), (372.8, 372.8), (372.8, 372.8), (372.8, 372.8), (372.8, 372.8), (372.8, 372.8), (372.8, 372.8), (372.8, 372.8), (372.8, 372.8), (372.8, 372.8), (372.8, 372.8), (372.8, 372.8), (372.8, 372.8), (372.8, 372.8), (372.8, 372.8), (372.8, 372.8)]",0,7.5
speedrunner,bomberman,2,Bomb,1,0,39.2,0.926,"[(48.0, 48.0), (70.4, 50.8), (101.2, 50.8), (115.2, 67.6), (115.2, 95.6), (126.4, 115.2), (151.6, 115.2), (176.8, 120.8), (179.6, 143.2), (179.6, 168.4), (196.4, 179.6), (224.4, 179.6), (244.0, 190.8), (244.0, 213.2), (244.0, 235.6), (263.6, 244.0), (291.6, 244.0), (308.4, 260.8), (308.4, 283.2), (311.2, 305.6), (333.6, 308.4), (361.6, 308.4), (372.8, 330.8), (372.8, 353.2), (372.8, 372.8), (372.8, 372.8), (372.8, 372.8), (372.8, 372.8), (372.8, 372.8), (372.8, 372.8), (372.8, 372.8), (372.8, 372.8), (372.8, 372.8), (372.8, 372.8), (372.8, 372.8), (372.8, 372.8), (372.8, 372.8), (372.8, 372.8), (372.8, 372.8), (372.8, 372.8), (372.8, 372.8), (372.8, 372.8), (372.8, 372.8), (372.8, 372.8), (372.8, 372.8), (372.8, 372.8), (372.8, 372.8), (372.8, 372.8), (372.8, 372.8), (372.8, 372.8), (372.8, 372.8), (372.8, 372.8), (372.8, 372.8), (372.8, 372.8), (372.8, 372.8), (372.8, 372.8), (372.8, 372.8)]",0,7.5
speedrunner,bomberman,2,Bomb,1,0,39.95,0.926,"[(48.0, 48.0), (50.8, 70.4), (50.8, 92.8), (56.4, 115.2), (78.8, 115.2), (109.6, 118.0), (115.2, 140.4), (115.2, 162.8), (126.4, 179.6), (151.6, 179.6), (176.8, 185.2), (179.6, 207.6), (179.6, 230.0), (193.6, 244.0), (221.6, 244.0), (244.0, 252.4), (244.0, 274.8), (244.0, 297.2), (263.6, 308.4), (291.6, 308.4), (308.4, 325.2), (308.4, 353.2), (319.6, 372.8), (342.0, 372.8), (364.4, 372.8), (372.8, 372.8), (372.8, 372.8), (372.8, 372.8), (372.8, 372.8), (372.8, 372.8), (372.8, 372.8), (372.8, 372.8), (372.8, 372.8), (372.8, 372.8), (372.8, 372.8), (372.8, 372.8), (372.8, 372.8), (372.8, 372.8), (372.8, 372.8), (372.8, 372.8), (372.8, 372.8), (372.8, 372.8), (372.8, 372.8), (372.8, 372.8), (372.8, 372.8), (372.8, 372.8), (372.8, 372.8), (372.8, 372.8), (372.8, 372.8), (372.8, 372.8), (372.8, 372.8), (372.8, 372.8), (372.8, 372.8), (372.8, 372.8), (372.8, 372.8), (372.8, 372.8), (372.8, 372.8)]",0,7.5
speedrunner,bomberman,2,Bomb,1,0,39.95,0.926,"[(48.0, 48.0), (50.8, 70.4), (50.8, 92.8), (56.4, 115.2), (78.8, 115.2), (109.6, 118.0), (115.2, 140.4), (115.2, 162.8), (126.4, 179.6), (151.6, 179.6), (176.8, 185.2), (179.6, 207.6), (179.6, 230.0), (193.6, 244.0), (221.6, 244.0), (244.0, 252.4), (244.0, 274.8), (244.0, 297.2), (263.6, 308.4), (291.6, 308.4), (308.4, 325.2), (308.4, 353.2), (319.6, 372.8), (342.0, 372.8), (364.4, 372.8), (372.8, 372.8), (372.8, 372.8), (372.8, 372.8), (372.8, 372.8), (372.8, 372.8), (372.8, 372.8), (372.8, 372.8), (372.8, 372.8), (372.8, 372.8), (372.8, 372.8), (372.8, 372.8), (372.8, 372.8), (372.8, 372.8), (372.8, 372.8), (372.8, 372.8), (372.8, 372.8), (372.8, 372.8), (372.8, 372.8), (372.8, 372.8), (372.8, 372.8), (372.8, 372.8), (372.8, 372.8), (372.8, 372.8), (372.8, 372.8), (372.8, 372.8), (372.8, 372.8), (372.8, 372.8), (372.8, 372.8), (372.8, 372.8), (372.8, 372.8), (372.8, 372.8), (372.8, 372.8)]",0,7.5
speedrunner,bomberman,2,Bomb,1,0,39.2,0.926,"[(48.0, 48.0), (70.4, 50.8), (101.2, 50.8), (115.2, 67.6), (115.2, 95.6), (126.4, 115.2), (151.6, 115.2), (176.8, 120.8), (179.6, 143.2), (179.6, 168.4), (196.4, 179.6), (224.4, 179.6), (244.0, 190.8), (244.0, 213.2), (244.0, 235.6), (263.6, 244.0), (291.6, 244.0), (308.4, 260.8), (308.4, 283.2), (311.2, 305.6), (333.6, 308.4), (361.6, 308.4), (372.8, 330.8), (372.8, 353.2), (372.8, 372.8), (372.8, 372.8), (372.8, 372.8), (372.8, 372.8), (372.8, 372.8), (372.8, 372.8), (372.8, 372.8), (372.8, 372.8), (372.8, 372.8), (372.8, 372.8), (372.8, 372.8), (372.8, 372.8), (372.8, 372.8), (372.8, 372.8), (372.8, 372.8), (372.8, 372.8), (372.8, 372.8), (372.8, 372.8), (372.8, 372.8), (372.8, 372.8), (372.8, 372.8), (372.8, 372.8), (372.8, 372.8), (372.8, 372.8), (372.8, 372.8), (372.8, 372.8), (372.8, 372.8), (372.8, 372.8), (372.8, 372.8), (372.8, 372.8), (372.8, 372.8), (372.8, 372.8), (372.8, 372.8)]",0,7.5
speedrunner,bomberman,2,Bomb,1,0,39.2,0.926,"[(48.0, 48.0), (70.4, 50.8), (101.2, 50.8), (115.2, 67.6), (115.2, 95.6), (126.4, 115.2), (151.6, 115.2), (176.8, 120.8), (179.6, 143.2), (179.6, 171.2), (199.2, 179.6), (227.2, 179.6), (244.0, 193.6), (244.0, 218.8), (249.6, 244.0), (272.0, 244.0), (300.0, 246.8), (308.4, 269.2), (308.4, 297.2), (328.0, 308.4), (356.0, 308.4), (372.8, 325.2), (372.8, 347.6), (372.8, 370.0), (372.8, 372.8), (372.8, 372.8), (372.8, 372.8), (372.8, 372.8), (372.8, 372.8), (372.8, 372.8), (372.8, 372.8), (372.8, 372.8), (372.8, 372.8), (372.8, 372.8), (372.8, 372.8), (372.8, 372.8), (372.8, 372.8), (372.8, 372.8), (372.8, 372.8), (372.8, 372.8), (372.8, 372.8), (372.8, 372.8), (372.8, 372.8), (372.8, 372.8), (372.8, 372.8), (372.8, 372.8), (372.8, 372.8), (372.8, 372.8), (372.8, 372.8), (372.8, 372.8), (372.8, 372.8), (372.8, 372.8), (372.8, 372.8), (372.8, 372.8), (372.8, 372.8), (372.8, 372.8), (372.8, 372.8)]",0,7.5
speedrunner,bomberman,2,Bomb,1,0,39.2,0.926,"[(48.0, 48.0), (70.4, 50.8), (101.2, 50.8), (115.2, 67.6), (115.2, 90.0), (118.0, 112.4), (140.4, 115.2), (168.4, 115.2), (179.6, 134.8), (179.6, 157.2), (185.2, 179.6), (207.6, 179.6), (235.6, 179.6), (244.0, 202.0), (244.0, 224.4), (252.4, 244.0), (274.8, 244.0), (302.8, 249.6), (308.4, 272.0), (308.4, 294.4), (325.2, 308.4), (353.2, 308.4), (372.8, 322.4), (372.8, 344.8), (372.8, 367.2), (372.8, 372.8), (372.8, 372.8), (372.8, 372.8), (372.8, 372.8), (372.8, 372.8), (372.8, 372.8), (372.8, 372.8), (372.8, 372.8), (372.8, 372.8), (372.8, 372.8), (372.8, 372.8), (372.8, 372.8), (372.8, 372.8), (372.8, 372.8), (372.8, 372.8), (372.8, 372.8), (372.8, 372.8), (372.8, 372.8), (372.8, 372.8), (372.8, 372.8), (372.8, 372.8), (372.8, 372.8), (372.8, 372.8), (372.8, 372.8), (372.8, 372.8), (372.8, 372.8), (372.8, 372.8), (372.8, 372.8), (372.8, 372.8), (372.8, 372.8), (372.8, 372.8), (372.8, 372.8)]",0,7.5
speedrunner,bomberman,2,Bomb,1,0,39.2,0.926,"[(48.0, 48.0), (70.4, 50.8), (101.2, 50.8), (115.2, 67.6), (115.2, 95.6), (126.4, 115.2), (151.6, 115.2), (176.8, 120.8), (179.6, 143.2), (179.6, 171.2), (199.2, 179.6), (227.2, 179.6), (244.0, 193.6), (244.0, 218.8), (249.6, 244.0), (272.0, 244.0), (300.0, 246.8), (308.4, 269.2), (308.4, 297.2), (328.0, 308.4), (356.0, 308.4), (372.8, 325.2), (372.8, 347.6), (372.8, 370.0), (372.8, 372.8), (372.8, 372.8), (372.8, 372.8), (372.8, 372.8), (372.8, 372.8), (372.8, 372.8), (372.8, 372.8), (372.8, 372.8), (372.8, 372.8), (372.8, 372.8), (372.8, 372.8), (372.8, 372.8), (372.8, 372.8), (372.8, 372.8), (372.8, 372.8), (372.8, 372.8), (372.8, 372.8), (372.8, 372.8), (372.8, 372.8), (372.8, 372.8), (372.8, 372.8), (372.8, 372.8), (372.8, 372.8), (372.8, 372.8), (372.8, 372.8), (372.8, 372.8), (372.8, 372.8), (372.8, 372.8), (372.8, 372.8), (372.8, 372.8), (372.8, 372.8), (372.8, 372.8), (372.8, 372.8)]",0,7.5
speedrunner,bomberman,2,Bomb,1,0,39.2,0.926,"[(48.0, 48.0), (70.4, 50.8), (101.2, 50.8), (115.2, 67.6), (115.2, 95.6), (126.4, 115.2), (151.6, 115.2), (176.8, 120.8), (179.6, 143.2), (179.6, 171.2), (199.2, 179.6), (227.2, 179.6), (244.0, 193.6), (244.0, 218.8), (249.6, 244.0), (272.0, 244.0), (300.0, 246.8), (308.4, 269.2), (308.4, 297.2), (328.0, 308.4), (356.0, 308.4), (372.8, 325.2), (372.8, 347.6), (372.8, 370.0), (372.8, 372.8), (372.8, 372.8), (372.8, 372.8), (372.8, 372.8), (372.8, 372.8), (372.8, 372.8), (372.8, 372.8), (372.8, 372.8), (372.8, 372.8), (372.8, 372.8), (372.8, 372.8), (372.8, 372.8), (372.8, 372.8), (372.8, 372.8), (372.8, 372.8), (372.8, 372.8), (372.8, 372.8), (372.8, 372.8), (372.8, 372.8), (372.8, 372.8), (372.8, 372.8), (372.8, 372.8), (372.8, 372.8), (372.8, 372.8), (372.8, 372.8), (372.8, 372.8), (372.8, 372.8), (372.8, 372.8), (372.8, 372.8), (372.8, 372.8), (372.8, 372.8), (372.8, 372.8), (372.8, 372.8)]",0,7.5
speedrunner,bomberman,2,Bomb,1,0,39.2,0.926,"[(48.0, 48.0), (70.4, 50.8), (101.2, 50.8), (115.2, 67.6), (115.2, 95.6), (126.4, 115.2), (151.6, 115.2), (176.8, 120.8), (179.6, 143.2), (179.6, 165.6), (193.6, 179.6), (221.6, 179.6), (244.0, 188.0), (244.0, 210.4), (244.0, 232.8), (260.8, 244.0), (288.8, 244.0), (308.4, 258.0), (308.4, 280.4), (311.2, 302.8), (333.6, 308.4), (361.6, 308.4), (372.8, 330.8), (372.8, 353.2), (372.8, 372.8), (372.8, 372.8), (372.8, 372.8), (372.8, 372.8), (372.8, 372.8), (372.8, 372.8), (372.8, 372.8), (372.8, 372.8), (372.8, 372.8), (372.8, 372.8), (372.8, 372.8), (372.8, 372.8), (372.8, 372.8), (372.8, 372.8), (372.8, 372.8), (372.8, 372.8), (372.8, 372.8), (372.8, 372.8), (372.8, 372.8), (372.8, 372.8), (372.8, 372.8), (372.8, 372.8), (372.8, 372.8), (372.8, 372.8), (372.8, 372.8), (372.8, 372.8), (372.8, 372.8), (372.8, 372.8), (372.8, 372.8), (372.8, 372.8), (372.8, 372.8), (372.8, 372.8), (372.8, 372.8)]",0,7.5
speedrunner,bomberman,2,Bomb,1,0,39.95,0.926,"[(48.0, 48.0), (50.8, 70.4), (50.8, 101.2), (64.8, 115.2), (92.8, 115.2), (115.2, 126.4), (115.2, 148.8), (115.2, 171.2), (134.8, 179.6), (162.8, 179.6), (179.6, 193.6), (179.6, 216.0), (179.6, 238.4), (202.0, 244.0), (230.0, 244.0), (244.0, 260.8), (244.0, 283.2), (249.6, 305.6), (272.0, 308.4), (297.2, 308.4), (308.4, 330.8), (308.4, 358.8), (325.2, 372.8), (347.6, 372.8), (370.0, 372.8), (372.8, 372.8), (372.8, 372.8), (372.8, 372.8), (372.8, 372.8), (372.8, 372.8), (372.8, 372.8), (372.8, 372.8), (372.8, 372.8), (372.8, 372.8), (372.8, 372.8), (372.8, 372.8), (372.8, 372.8), (372.8, 372.8), (372.8, 372.8), (372.8, 372.8), (372.8, 372.8), (372.8, 372.8), (372.8, 372.8), (372.8, 372.8), (372.8, 372.8), (372.8, 372.8), (372.8, 372.8), (372.8, 372.8), (372.8, 372.8), (372.8, 372.8), (372.8, 372.8), (372.8, 372.8), (372.8, 372.8), (372.8, 372.8), (372.8, 372.8), (372.8, 372.8), (372.8, 372.8)]",0,7.5
speedrunner,bomberman,2,Bomb,1,0,39.95,0.926,"[(48.0, 48.0), (50.8, 70.4), (50.8, 92.8), (56.4, 115.2), (78.8, 115.2), (109.6, 118.0), (115.2, 140.4), (115.2, 162.8), (126.4, 179.6), (151.6, 179.6), (176.8, 185.2), (179.6, 207.6), (179.6, 230.0), (193.6, 244.0), (221.6, 244.0), (244.0, 252.4), (244.0, 274.8), (244.0, 297.2), (263.6, 308.4), (291.6, 308.4), (308.4, 325.2), (308.4, 353.2), (319.6, 372.8), (342.0, 372.8), (364.4, 372.8), (372.8, 372.8), (372.8, 372.8), (372.8, 372.8), (372.8, 372.8), (372.8, 372.8), (372.8, 372.8), (372.8, 372.8), (372.8, 372.8), (372.8, 372.8), (372.8, 372.8), (372.8, 372.8), (372.8, 372.8), (372.8, 372.8), (372.8, 372.8), (372.8, 372.8), (372.8, 372.8), (372.8, 372.8), (372.8, 372.8), (372.8, 372.8), (372.8, 372.8), (372.8, 372.8), (372.8, 372.8), (372.8, 372.8), (372.8, 372.8), (372.8, 372.8), (372.8, 372.8), (372.8, 372.8), (372.8, 372.8), (372.8, 372.8), (372.8, 372.8), (372.8, 372.8), (372.8, 372.8)]",0,7.5
speedrunner,bomberman,2,Bomb,1,0,39.2,0.926,"[(48.0, 48.0), (70.4, 50.8), (101.2, 50.8), (115.2, 67.6), (115.2, 90.0), (118.0, 112.4), (140.4, 115.2), (168.4, 115.2), (179.6, 134.8), (179.6, 157.2), (185.2, 179.6), (207.6, 179.6), (235.6, 179.6), (244.0, 202.0), (244.0, 224.4), (252.4, 244.0), (274.8, 244.0), (302.8, 249.6), (308.4, 272.0), (308.4, 294.4), (325.2, 308.4), (353.2, 308.4), (372.8, 322.4), (372.8, 344.8), (372.8, 367.2), (372.8, 372.8), (372.8, 372.8), (372.8, 372.8), (372.8, 372.8), (372.8, 372.8), (372.8, 372.8), (372.8, 372.8), (372.8, 372.8), (372.8, 372.8), (372.8, 372.8), (372.8, 372.8), (372.8, 372.8), (372.8, 372.8), (372.8, 372.8), (372.8, 372.8), (372.8, 372.8), (372.8, 372.8), (372.8, 372.8), (372.8, 372.8), (372.8, 372.8), (372.8, 372.8), (372.8, 372.8), (372.8, 372.8), (372.8, 372.8), (372.8, 372.8), (372.8, 372.8), (372.8, 372.8), (372.8, 372.8), (372.8, 372.8), (372.8, 372.8), (372.8, 372.8), (372.8, 372.8)]",0,7.5
speedrunner,bomberman,2,Bomb,1,0,39.2,0.926,"[(48.0, 48.0), (70.4, 50.8), (101.2, 50.8), (115.2, 67.6), (115.2, 90.0), (118.0, 112.4), (140.4, 115.2), (168.4, 115.2), (179.6, 134.8), (179.6, 157.2), (185.2, 179.6), (207.6, 179.6), (235.6, 179.6), (244.0, 202.0), (244.0, 224.4), (252.4, 244.0), (274.8, 244.0), (302.8, 249.6), (308.4, 272.0), (308.4, 294.4), (325.2, 308.4), (353.2, 308.4), (372.8, 322.4), (372.8, 344.8), (372.8, 367.2), (372.8, 372.8), (372.8, 372.8), (372.8, 372.8), (372.8, 372.8), (372.8, 372.8), (372.8, 372.8), (372.8, 372.8), (372.8, 372.8), (372.8, 372.8), (372.8, 372.8), (372.8, 372.8), (372.8, 372.8), (372.8, 372.8), (372.8, 372.8), (372.8, 372.8), (372.8, 372.8), (372.8, 372.8), (372.8, 372.8), (372.8, 372.8), (372.8, 372.8), (372.8, 372.8), (372.8, 372.8), (372.8, 372.8), (372.8, 372.8), (372.8, 372.8), (372.8, 372.8), (372.8, 372.8), (372.8, 372.8), (372.8, 372.8), (372.8, 372.8), (372.8, 372.8), (372.8, 372.8)]",0,7.5
speedrunner,bomberman,2,Bomb,1,0,39.95,0.926,"[(48.0, 48.0), (50.8, 70.4), (50.8, 92.8), (56.4, 115.2), (78.8, 115.2), (109.6, 118.0), (115.2, 140.4), (115.2, 162.8), (126.4, 179.6), (151.6, 179.6), (176.8, 185.2), (179.6, 207.6), (179.6, 230.0), (193.6, 244.0), (221.6, 244.0), (244.0, 252.4), (244.0, 274.8), (244.0, 297.2), (263.6, 308.4), (291.6, 308.4), (308.4, 325.2), (308.4, 353.2), (319.6, 372.8), (342.0, 372.8), (364.4, 372.8), (372.8, 372.8), (372.8, 372.8), (372.8, 372.8), (372.8, 372.8), (372.8, 372.8), (372.8, 372.8), (372.8, 372.8), (372.8, 372.8), (372.8, 372.8), (372.8, 372.8), (372.8, 372.8), (372.8, 372.8), (372.8, 372.8), (372.8, 372.8), (372.8, 372.8), (372.8, 372.8), (372.8, 372.8), (372.8, 372.8), (372.8, 372.8), (372.8, 372.8), (372.8, 372.8), (372.8, 372.8), (372.8, 372.8), (372.8, 372.8), (372.8, 372.8), (372.8, 372.8), (372.8, 372.8), (372.8, 372.8), (372.8, 372.8), (372.8, 372.8), (372.8, 372.8), (372.8, 372.8)]",0,7.5
speedrunner,bomberman,2,Bomb,1,0,39.95,0.926,"[(48.0, 48.0), (50.8, 70.4), (50.8, 101.2), (64.8, 115.2), (92.8, 115.2), (115.2, 126.4), (115.2, 148.8), (115.2, 171.2), (134.8, 179.6), (162.8, 179.6), (179.6, 193.6), (179.6, 216.0), (179.6, 238.4), (202.0, 244.0), (230.0, 244.0), (244.0, 260.8), (244.0, 283.2), (249.6, 305.6), (272.0, 308.4), (297.2, 308.4), (308.4, 330.8), (308.4, 358.8), (325.2, 372.8), (347.6, 372.8), (370.0, 372.8), (372.8, 372.8), (372.8, 372.8), (372.8, 372.8), (372.8, 372.8), (372.8, 372.8), (372.8, 372.8), (372.8, 372.8), (372.8, 372.8), (372.8, 372.8), (372.8, 372.8), (372.8, 372.8), (372.8, 372.8), (372.8, 372.8), (372.8, 372.8), (372.8, 372.8), (372.8, 372.8), (372.8, 372.8), (372.8, 372.8), (372.8, 372.8), (372.8, 372.8), (372.8, 372.8), (372.8, 372.8), (372.8, 372.8), (372.8, 372.8), (372.8, 372.8), (372.8, 372.8), (372.8, 372.8), (372.8, 372.8), (372.8, 372.8), (372.8, 372.8), (372.8, 372.8), (372.8, 372.8)]",0,7.5
speedrunner,bomberman,2,Bomb,1,0,39.2,0.926,"[(48.0, 48.0), (70.4, 50.8), (101.2, 50.8), (115.2, 67.6), (115.2, 95.6), (126.4, 115.2), (151.6, 115.2), (176.8, 120.8), (179.6, 143.2), (179.6, 165.6), (193.6, 179.6), (221.6, 179.6), (244.0, 188.0), (244.0, 210.4), (244.0, 232.8), (260.8, 244.0), (288.8, 244.0), (308.4, 258.0), (308.4, 280.4), (311.2, 302.8), (333.6, 308.4), (361.6, 308.4), (372.8, 330.8), (372.8, 353.2), (372.8, 372.8), (372.8, 372.8), (372.8, 372.8), (372.8, 372.8), (372.8, 372.8), (372.8, 372.8), (372.8, 372.8), (372.8, 372.8), (372.8, 372.8), (372.8, 372.8), (372.8, 372.8), (372.8, 372.8), (372.8, 372.8), (372.8, 372.8), (372.8, 372.8), (372.8, 372.8), (372.8, 372.8), (372.8, 372.8), (372.8, 372.8), (372.8, 372.8), (372.8, 372.8), (372.8, 372.8), (372.8, 372.8), (372.8, 372.8), (372.8, 372.8), (372.8, 372.8), (372.8, 372.8), (372.8, 372.8), (372.8, 372.8), (372.8, 372.8), (372.8, 372.8), (372.8, 372.8), (372.8, 372.8)]",0,7.5
speedrunner,bomberman,2,Bomb,1,0,39.95,0.926,"[(48.0, 48.0), (50.8, 70.4), (50.8, 101.2), (64.8, 115.2), (92.8, 115.2), (115.2, 126.4), (115.2, 148.8), (118.0, 176.8), (140.4, 179.6), (168.4, 179.6), (179.6, 199.2), (179.6, 227.2), (190.8, 244.0), (216.0, 244.0), (241.2, 249.6), (244.0, 272.0), (244.0, 300.0), (266.4, 308.4), (294.4, 308.4), (308.4, 328.0), (308.4, 356.0), (322.4, 372.8), (344.8, 372.8), (367.2, 372.8), (372.8, 372.8), (372.8, 372.8), (372.8, 372.8), (372.8, 372.8), (372.8, 372.8), (372.8, 372.8), (372.8, 372.8), (372.8, 372.8), (372.8, 372.8), (372.8, 372.8), (372.8, 372.8), (372.8, 372.8), (372.8, 372.8), (372.8, 372.8), (372.8, 372.8), (372.8, 372.8), (372.8, 372.8), (372.8, 372.8), (372.8, 372.8), (372.8, 372.8), (372.8, 372.8), (372.8, 372.8), (372.8, 372.8), (372.8, 372.8), (372.8, 372.8), (372.8, 372.8), (372.8, 372.8), (372.8, 372.8), (372.8, 372.8), (372.8, 372.8), (372.8, 372.8), (372.8, 372.8), (372.8, 372.8)]",0,7.5
speedrunner,bomberman,2,Bomb,1,0,39.95,0.926,"[(48.0, 48.0), (50.8, 70.4), (50.8, 92.8), (56.4, 115.2), (78.8, 115.2), (109.6, 118.0), (115.2, 140.4), (115.2, 162.8), (126.4, 179.6), (151.6, 179.6), (176.8, 185.2), (179.6, 207.6), (179.6, 230.0), (193.6, 244.0), (221.6, 244.0), (244.0, 252.4), (244.0, 274.8), (244.0, 297.2), (263.6, 308.4), (291.6, 308.4), (308.4, 325.2), (308.4, 347.6), (314.0, 370.0), (336.4, 372.8), (358.8, 372.8), (372.8, 372.8), (372.8, 372.8), (372.8, 372.8), (372.8, 372.8), (372.8, 372.8), (372.8, 372.8), (372.8, 372.8), (372.8, 372.8), (372.8, 372.8), (372.8, 372.8), (372.8, 372.8), (372.8, 372.8), (372.8, 372.8), (372.8, 372.8), (372.8, 372.8), (372.8, 372.8), (372.8, 372.8), (372.8, 372.8), (372.8, 372.8), (372.8, 372.8), (372.8, 372.8), (372.8, 372.8), (372.8, 372.8), (372.8, 372.8), (372.8, 372.8), (372.8, 372.8), (372.8, 372.8), (372.8, 372.8), (372.8, 372.8), (372.8, 372.8), (372.8, 372.8), (372.8, 372.8)]",0,7.5
speedrunner,bomberman,2,Bomb,1,0,39.95,0.926,"[(48.0, 48.0), (50.8, 70.4), (50.8, 101.2), (64.8, 115.2), (92.8, 115.2), (115.2, 126.4), (115.2, 148.8), (115.2, 171.2), (134.8, 179.6), (162.8, 179.6), (179.6, 193.6), (179.6, 216.0), (179.6, 238.4), (202.0, 244.0), (230.0, 244.0), (244.0, 260.8), (244.0, 283.2), (249.6, 305.6), (272.0, 308.4), (297.2, 308.4), (308.4, 330.8), (308.4, 358.8), (325.2, 372.8), (347.6, 372.8), (370.0, 372.8), (372.8, 372.8), (372.8, 372.8), (372.8, 372.8), (372.8, 372.8), (372.8, 372.8), (372.8, 372.8), (372.8, 372.8), (372.8, 372.8), (372.8, 372.8), (372.8, 372.8), (372.8, 372.8), (372.8, 372.8), (372.8, 372.8), (372.8, 372.8), (372.8, 372.8), (372.8, 372.8), (372.8, 372.8), (372.8, 372.8), (372.8, 372.8), (372.8, 372.8), (372.8, 372.8), (372.8, 372.8), (372.8, 372.8), (372.8, 372.8), (372.8, 372.8), (372.8, 372.8), (372.8, 372.8), (372.8, 372.8), (372.8, 372.8), (372.8, 372.8), (372.8, 372.8), (372.8, 372.8)]",0,7.5
speedrunner,bomberman,2,Bomb,1,0,39.2,0.926,"[(48.0, 48.0), (70.4, 50.8), (101.2, 50.8), (115.2, 67.6), (115.2, 95.6), (126.4, 115.2), (151.6, 115.2), (176.8, 120.8), (179.6, 143.2), (179.6, 165.6), (193.6, 179.6), (221.6, 179.6), (244.0, 188.0), (244.0, 210.4), (244.0, 238.4), (266.4, 244.0), (294.4, 244.0), (308.4, 263.6), (308.4, 291.6), (322.4, 308.4), (350.4, 308.4), (372.8, 319.6), (372.8, 342.0), (372.8, 364.4), (372.8, 372.8), (372.8, 372.8), (372.8, 372.8), (372.8, 372.8), (372.8, 372.8), (372.8, 372.8), (372.8, 372.8), (372.8, 372.8), (372.8, 372.8), (372.8, 372.8), (372.8, 372.8), (372.8, 372.8), (372.8, 372.8), (372.8, 372.8), (372.8, 372.8), (372.8, 372.8), (372.8, 372.8), (372.8, 372.8), (372.8, 372.8), (372.8, 372.8), (372.8, 372.8), (372.8, 372.8), (372.8, 372.8), (372.8, 372.8), (372.8, 372.8), (372.8, 372.8), (372.8, 372.8), (372.8, 372.8), (372.8, 372.8), (372.8, 372.8), (372.8, 372.8), (372.8, 372.8), (372.8, 372.8)]",0,7.5
speedrunner,bomberman,2,Bomb,1,0,39.2,0.926,"[(48.0, 48.0), (70.4, 50.8), (101.2, 50.8), (115.2, 67.6), (115.2, 95.6), (126.4, 115.2), (151.6, 115.2), (176.8, 120.8), (179.6, 143.2), (179.6, 171.2), (199.2, 179.6), (227.2, 179.6), (244.0, 193.6), (244.0, 218.8), (249.6, 244.0), (272.0, 244.0), (300.0, 246.8), (308.4, 269.2), (308.4, 297.2), (328.0, 308.4), (356.0, 308.4), (372.8, 325.2), (372.8, 347.6), (372.8, 370.0), (372.8, 372.8), (372.8, 372.8), (372.8, 372.8), (372.8, 372.8), (372.8, 372.8), (372.8, 372.8), (372.8, 372.8), (372.8, 372.8), (372.8, 372.8), (372.8, 372.8), (372.8, 372.8), (372.8, 372.8), (372.8, 372.8), (372.8, 372.8), (372.8, 372.8), (372.8, 372.8), (372.8, 372.8), (372.8, 372.8), (372.8, 372.8), (372.8, 372.8), (372.8, 372.8), (372.8, 372.8), (372.8, 372.8), (372.8, 372.8), (372.8, 372.8), (372.8, 372.8), (372.8, 372.8), (372.8, 372.8), (372.8, 372.8), (372.8, 372.8), (372.8, 372.8), (372.8, 372.8), (372.8, 372.8)]",0,7.5
speedrunner,bomberman,2,Bomb,1,0,39.95,0.926,"[(48.0, 48.0), (50.8, 70.4), (50.8, 92.8), (56.4, 115.2), (78.8, 115.2), (109.6, 118.0), (115.2, 140.4), (115.2, 162.8), (126.4, 179.6), (151.6, 179.6), (176.8, 185.2), (179.6, 207.6), (179.6, 230.0), (193.6, 244.0), (221.6, 244.0), (244.0, 252.4), (244.0, 274.8), (246.8, 302.8), (269.2, 308.4), (297.2, 308.4), (308.4, 330.8), (308.4, 358.8), (325.2, 372.8), (347.6, 372.8), (370.0, 372.8), (372.8, 372.8), (372.8, 372.8), (372.8, 372.8), (372.8, 372.8), (372.8, 372.8), (372.8, 372.8), (372.8, 372.8), (372.8, 372.8), (372.8, 372.8), (372.8, 372.8), (372.8, 372.8), (372.8, 372.8), (372.8, 372.8), (372.8, 372.8), (372.8, 372.8), (372.8, 372.8), (372.8, 372.8), (372.8, 372.8), (372.8, 372.8), (372.8, 372.8), (372.8, 372.8), (372.8, 372.8), (372.8, 372.8), (372.8, 372.8), (372.8, 372.8), (372.8, 372.8), (372.8, 372.8), (372.8, 372.8), (372.8, 372.8), (372.8, 372.8), (372.8, 372.8), (372.8, 372.8)]",0,7.5
