persona,game,world,cause_of_death,jump_count,coins_collected,avg_vx,progress_ratio,route,enemies_killed,elapsed_time
speedrunner,meatboy,6,Pit,1,0,-557.39,0.0,"[(73.0, 461.0), (25.7, 467.3), (-54.3, 473.2), (-134.3, 497.9), (-214.3, 541.5), (-294.3, 603.9)]",0,0.77
speedrunner,meatboy,6,Saw,0,0,565.0,0.469,"[(73.0, 461.0), (120.3, 467.3), (200.3, 467.0), (280.3, 467.9), (360.3, 467.3), (440.3, 467.0), (520.3, 467.9), (600.3, 467.3)]",0,0.93
speedrunner,meatboy,6,Stuck,1,0,-15.48,0.0,"[(73.0, 461.0), (68.3, 467.3), (65.4, 467.0), (62.5, 467.9), (59.6, 467.3), (56.7, 467.0), (53.8, 467.9), (50.9, 467.3), (48.1, 467.0), (45.2, 467.9), (42.3, 467.3), (39.4, 467.0), (36.5, 467.9), (33.6, 467.3), (30.7, 467.0), (27.8, 467.9), (24.9, 467.3), (22.1, 467.0), (19.2, 467.9), (16.3, 467.3), (13.4, 467.0), (10.5, 467.9), (7.6, 467.3), (4.7, 467.0), (1.8, 467.9), (-1.1, 467.3), (-3.9, 467.0), (-4.7, 467.9), (-4.7, 467.3), (-4.7, 467.0), (-4.7, 467.9), (-4.7, 467.3), (-4.7, 467.0), (-4.7, 467.9), (-4.7, 467.3), (-4.7, 467.0), (-4.7, 467.9), (-4.7, 467.3)]",0,5.02
speedrunner,meatboy,6,Pit,1,0,-125.59,0.0,"[(73.0, 461.0), (49.0, 467.3), (44.9, 467.0), (39.9, 467.9), (35.2, 467.3), (31.6, 467.0), (26.6, 467.9), (21.9, 467.3), (18.2, 467.0), (13.2, 467.9), (8.6, 467.3), (4.9, 467.0), (-0.1, 467.9), (-4.8, 467.3), (-14.8, 468.8), (-49.4, 486.4), (-85.8, 522.9), (-140.5, 578.3), (-220.5, 652.5)]",0,2.42
speedrunner,meatboy,6,Stuck,1,0,0.0,0.057,"[(73.0, 461.0), (73.0, 467.3), (73.0, 467.0), (73.0, 467.9), (73.0, 467.3), (73.0, 467.0), (73.0, 467.9), (73.0, 467.3), (73.0, 467.0), (73.0, 467.9), (73.0, 467.3), (73.0, 467.0), (73.0, 467.9), (73.0, 467.3), (73.0, 467.0), (73.0, 467.9), (73.0, 467.3), (73.0, 467.0), (73.0, 467.9), (73.0, 467.3), (73.0, 467.0), (73.0, 467.9), (73.0, 467.3), (73.0, 467.0), (73.0, 467.9), (73.0, 467.3), (73.0, 467.0), (73.0, 467.9), (73.0, 467.3), (73.0, 467.0), (73.0, 467.9), (73.0, 467.3), (73.0, 467.0), (73.0, 467.9), (73.0, 467.3), (73.0, 467.0), (73.0, 467.9), (73.0, 467.3)]",0,5.02
speedrunner,meatboy,6,Stuck,15,0,0.0,0.057,"[(73.0, 461.0), (73.0, 457.3), (73.0, 450.2), (73.0, 462.0), (73.0, 452.1), (73.0, 454.5), (73.0, 457.1), (73.0, 450.0), (73.0, 461.8), (73.0, 451.9), (73.0, 454.3), (73.0, 457.1), (73.0, 450.0), (73.0, 461.8), (73.0, 451.9), (73.0, 454.3), (73.0, 457.1), (73.0, 450.0), (73.0, 461.8), (73.0, 451.9), (73.0, 454.3), (73.0, 457.1), (73.0, 450.0), (73.0, 461.8), (73.0, 451.9), (73.0, 454.3), (73.0, 457.1), (73.0, 450.0), (73.0, 461.8), (73.0, 451.9), (73.0, 454.3), (73.0, 457.1), (73.0, 450.0), (73.0, 461.8), (73.0, 451.9), (73.0, 454.3), (73.0, 457.1), (73.0, 450.0)]",0,5.02
speedrunner,meatboy,6,Stuck,20,0,57.51,0.388,"[(73.0, 461.0), (73.0, 452.1), (75.5, 409.7), (74.1, 405.0), (69.0, 419.1), (68.4, 452.1), (67.4, 431.4), (74.2, 389.8), (108.2, 376.7), (179.8, 383.8), (91.0, 326.5), (43.0, 279.3), (80.3, 272.3), (160.3, 284.1), (240.3, 314.7), (320.3, 364.2), (400.3, 432.6), (469.4, 467.3), (486.2, 455.2), (493.2, 450.5), (494.9, 464.6), (493.6, 451.2), (493.6, 455.9), (493.6, 455.2), (493.6, 450.5), (493.6, 464.6), (492.2, 451.2), (492.2, 455.9), (492.2, 455.2), (492.2, 450.5), (492.2, 464.6), (490.9, 451.2), (490.9, 455.9), (490.9, 455.2), (490.9, 450.5), (490.9, 464.6), (489.6, 451.2), (489.6, 455.9), (492.2, 455.2), (499.2, 450.5), (500.9, 464.6), (499.6, 451.2), (499.6, 455.9), (499.6, 455.2), (499.6, 450.5), (499.6, 464.6), (498.2, 451.2), (498.2, 455.9), (498.2, 455.2), (498.2, 450.5), (498.2, 464.6), (496.9, 451.2), (496.9, 455.9), (496.9, 455.2), (496.9, 450.5)]",0,7.32
speedrunner,meatboy,6,Stuck,1,0,0.0,0.057,"[(73.0, 461.0), (73.0, 467.3), (73.0, 467.0), (73.0, 467.9), (73.0, 467.3), (73.0, 467.0), (73.0, 467.9), (73.0, 467.3), (73.0, 467.0), (73.0, 467.9), (73.0, 467.3), (73.0, 467.0), (73.0, 467.9), (73.0, 467.3), (73.0, 467.0), (73.0, 467.9), (73.0, 467.3), (73.0, 467.0), (73.0, 467.9), (73.0, 467.3), (73.0, 467.0), (73.0, 467.9), (73.0, 467.3), (73.0, 467.0), (73.0, 467.9), (73.0, 467.3), (73.0, 467.0), (73.0, 467.9), (73.0, 467.3), (73.0, 467.0), (73.0, 467.9), (73.0, 467.3), (73.0, 467.0), (73.0, 467.9), (73.0, 467.3), (73.0, 467.0), (73.0, 467.9), (73.0, 467.3)]",0,5.02
speedrunner,meatboy,6,Pit,0,0,-386.96,0.0,"[(73.0, 461.0), (25.7, 467.3), (-54.3, 473.2), (-134.3, 497.9), (-213.0, 541.5), (-234.3, 603.9)]",0,0.77
speedrunner,meatboy,6,Pit,1,0,-557.39,0.0,"[(73.0, 461.0), (25.7, 467.3), (-54.3, 473.2), (-134.3, 497.9), (-214.3, 541.5), (-294.3, 603.9)]",0,0.77
speedrunner,meatboy,6,Saw,0,0,565.0,0.469,"[(73.0, 461.0), (120.3, 467.3), (200.3, 467.0), (280.3, 467.9), (360.3, 467.3), (440.3, 467.0), (520.3, 467.9), (600.3, 467.3)]",0,0.93
speedrunner,meatboy,6,Stuck,20,0,57.51,0.388,"[(73.0, 461.0), (73.0, 452.1), (75.5, 409.7), (74.1, 405.0), (69.0, 419.1), (68.4, 452.1), (67.4, 431.4), (74.2, 389.8), (108.2, 376.7), (179.8, 383.8), (91.0, 326.5), (43.0, 279.3), (80.3, 272.3), (160.3, 284.1), (240.3, 314.7), (320.3, 364.2), (400.3, 432.6), (469.4, 467.3), (486.2, 455.2), (493.2, 450.5), (494.9, 464.6), (493.6, 451.2), (493.6, 455.9), (493.6, 455.2), (493.6, 450.5), (493.6, 464.6), (492.2, 451.2), (492.2, 455.9), (492.2, 455.2), (492.2, 450.5), (492.2, 464.6), (490.9, 451.2), (490.9, 455.9), (490.9, 455.2), (490.9, 450.5), (490.9, 464.6), (489.6, 451.2), (489.6, 455.9), (492.2, 455.2), (499.2, 450.5), (500.9, 464.6), (499.6, 451.2), (499.6, 455.9), (499.6, 455.2), (499.6, 450.5), (499.6, 464.6), (498.2, 451.2), (498.2, 455.9), (498.2, 455.2), (498.2, 450.5), (498.2, 464.6), (496.9, 451.2), (496.9, 455.9), (496.9, 455.2), (496.9, 450.5)]",0,7.32
speedrunner,meatboy,6,Pit,1,0,-557.39,0.0,"[(73.0, 461.0), (25.7, 467.3), (-54.3, 473.2), (-134.3, 497.9), (-214.3, 541.5), (-294.3, 603.9)]",0,0.77
speedrunner,meatboy,6,Pit,0,0,-386.96,0.0,"[(73.0, 461.0), (25.7, 467.3), (-54.3, 473.2), (-134.3, 497.9), (-213.0, 541.5), (-234.3, 603.9)]",0,0.77
speedrunner,meatboy,6,Saw,0,0,345.44,0.462,"[(73.0, 461.0), (95.5, 467.3), (127.5, 467.0), (179.5, 467.9), (259.5, 467.3), (339.5, 467.0), (419.5, 467.9), (478.5, 467.3), (511.8, 467.0), (541.8, 467.9), (566.2, 467.3), (587.2, 467.0)]",0,1.5
speedrunner,meatboy,6,Stuck,0,0,-16.38,0.0,"[(73.0, 461.0), (34.8, 467.3), (28.9, 467.0), (24.3, 467.9), (19.6, 467.3), (14.9, 467.0), (10.3, 467.9), (5.6, 467.3), (0.9, 467.0), (-3.7, 467.9), (-8.4, 467.3), (-2.4, 467.0), (3.6, 467.9), (9.6, 467.3), (15.6, 467.0), (21.6, 467.9), (22.3, 467.3), (17.6, 467.0), (12.9, 467.9), (8.3, 467.3), (3.6, 467.0), (-1.1, 467.9), (-5.7, 467.3), (-5.1, 467.0), (0.9, 467.9), (6.9, 467.3), (12.9, 467.0), (18.9, 467.9), (24.9, 467.3), (20.3, 467.0), (15.6, 467.9), (10.9, 467.3), (6.3, 467.0), (1.6, 467.9), (-3.1, 467.3), (-7.7, 467.0), (-9.1, 471.4), (-9.0, 493.8)]",0,5.02
speedrunner,meatboy,6,Saw,0,0,565.0,0.469,"[(73.0, 461.0), (120.3, 467.3), (200.3, 467.0), (280.3, 467.9), (360.3, 467.3), (440.3, 467.0), (520.3, 467.9), (600.3, 467.3)]",0,0.93
speedrunner,meatboy,6,Pit,1,0,-557.39,0.0,"[(73.0, 461.0), (25.7, 467.3), (-54.3, 473.2), (-134.3, 497.9), (-214.3, 541.5), (-294.3, 603.9)]",0,0.77
speedrunner,meatboy,6,Saw,0,0,565.0,0.469,"[(73.0, 461.0), (120.3, 467.3), (200.3, 467.0), (280.3, 467.9), (360.3, 467.3), (440.3, 467.0), (520.3, 467.9), (600.3, 467.3)]",0,0.93
speedrunner,meatboy,6,Saw,0,0,565.0,0.469,"[(73.0, 461.0), (120.3, 467.3), (200.3, 467.0), (280.3, 467.9), (360.3, 467.3), (440.3, 467.0), (520.3, 467.9), (600.3, 467.3)]",0,0.93
speedrunner,meatboy,6,Saw,0,0,565.0,0.469,"[(73.0, 461.0), (120.3, 467.3), (200.3, 467.0), (280.3, 467.9), (360.3, 467.3), (440.3, 467.0), (520.3, 467.9), (600.3, 467.3)]",0,0.93
speedrunner,meatboy,6,Saw,0,0,565.0,0.469,"[(73.0, 461.0), (120.3, 467.3), (200.3, 467.0), (280.3, 467.9), (360.3, 467.3), (440.3, 467.0), (520.3, 467.9), (600.3, 467.3)]",0,0.93
speedrunner,meatboy,6,Saw,0,0,565.0,0.469,"[(73.0, 461.0), (120.3, 467.3), (200.3, 467.0), (280.3, 467.9), (360.3, 467.3), (440.3, 467.0), (520.3, 467.9), (600.3, 467.3)]",0,0.93
speedrunner,meatboy,6,Saw,0,0,345.44,0.462,"[(73.0, 461.0), (95.5, 467.3), (127.5, 467.0), (179.5, 467.9), (259.5, 467.3), (339.5, 467.0), (419.5, 467.9), (478.5, 467.3), (511.8, 467.0), (541.8, 467.9), (566.2, 467.3), (587.2, 467.0)]",0,1.5
speedrunner,meatboy,6,Stuck,0,0,21.95,0.226,"[(73.0, 461.0), (69.7, 467.3), (72.6, 467.0), (75.5, 467.9), (78.4, 467.3), (81.3, 467.0), (84.2, 467.9), (87.1, 467.3), (89.9, 467.0), (92.8, 467.9), (95.7, 467.3), (98.6, 467.0), (101.5, 467.9), (104.4, 467.3), (107.3, 467.0), (110.2, 467.9), (113.1, 467.3), (115.9, 467.0), (118.8, 467.9), (121.7, 467.3), (124.6, 467.0), (127.5, 467.9), (130.4, 467.3), (133.3, 467.0), (136.2, 467.9), (139.1, 467.3), (141.9, 467.0), (150.2, 467.9), (184.7, 467.3), (211.9, 467.0), (232.7, 467.9), (245.8, 467.3), (253.6, 467.0), (261.3, 467.9), (269.1, 467.3), (276.9, 467.0), (284.7, 467.9), (289.8, 467.3), (289.6, 467.0), (289.3, 467.9), (288.5, 467.3), (288.3, 467.0), (288.1, 467.9), (287.8, 467.3), (287.6, 467.0), (287.4, 467.9), (287.2, 467.3), (286.9, 467.0), (286.7, 467.9), (289.8, 467.3), (289.6, 467.0), (289.3, 467.9), (288.5, 467.3), (288.3, 467.0), (288.1, 467.9), (287.8, 467.3), (287.6, 467.0), (287.4, 467.9), (287.2, 467.3), (286.9, 467.0), (286.7, 467.9), (289.8, 467.3), (289.6, 467.0), (289.3, 467.9), (288.5, 467.3), (288.3, 467.0), (288.1, 467.9), (287.8, 467.3), (287.6, 467.0), (287.4, 467.9), (287.2, 467.3), (286.9, 467.0), (286.7, 467.9), (289.8, 467.3), (289.6, 467.0)]",0,9.87
speedrunner,meatboy,6,Saw,0,0,565.0,0.469,"[(73.0, 461.0), (120.3, 467.3), (200.3, 467.0), (280.3, 467.9), (360.3, 467.3), (440.3, 467.0), (520.3, 467.9), (600.3, 467.3)]",0,0.93
speedrunner,meatboy,6,Saw,0,0,565.0,0.469,"[(73.0, 461.0), (120.3, 467.3), (200.3, 467.0), (280.3, 467.9), (360.3, 467.3), (440.3, 467.0), (520.3, 467.9), (600.3, 467.3)]",0,0.93
speedrunner,meatboy,6,Saw,0,0,565.0,0.469,"[(73.0, 461.0), (120.3, 467.3), (200.3, 467.0), (280.3, 467.9), (360.3, 467.3), (440.3, 467.0), (520.3, 467.9), (600.3, 467.3)]",0,0.93
speedrunner,meatboy,6,Saw,6,0,565.0,0.469,"[(73.0, 461.0), (120.3, 467.3), (200.3, 452.5), (280.3, 452.6), (360.3, 459.3), (440.3, 449.9), (520.3, 459.3), (600.3, 453.0)]",0,0.93
speedrunner,meatboy,6,Saw,0,0,565.0,0.469,"[(73.0, 461.0), (120.3, 467.3), (200.3, 467.0), (280.3, 467.9), (360.3, 467.3), (440.3, 467.0), (520.3, 467.9), (600.3, 467.3)]",0,0.93
speedrunner,meatboy,6,Saw,0,0,565.0,0.469,"[(73.0, 461.0), (120.3, 467.3), (200.3, 467.0), (280.3, 467.9), (360.3, 467.3), (440.3, 467.0), (520.3, 467.9), (600.3, 467.3)]",0,0.93
speedrunner,meatboy,6,Saw,6,0,565.0,0.469,"[(73.0, 461.0), (120.3, 467.3), (200.3, 452.5), (280.3, 452.6), (360.3, 459.3), (440.3, 449.9), (520.3, 459.3), (600.3, 453.0)]",0,0.93
speedrunner,meatboy,6,Saw,0,0,565.0,0.469,"[(73.0, 461.0), (120.3, 467.3), (200.3, 467.0), (280.3, 467.9), (360.3, 467.3), (440.3, 467.0), (520.3, 467.9), (600.3, 467.3)]",0,0.93
speedrunner,meatboy,6,Saw,0,0,565.0,0.469,"[(73.0, 461.0), (120.3, 467.3), (200.3, 467.0), (280.3, 467.9), (360.3, 467.3), (440.3, 467.0), (520.3, 467.9), (600.3, 467.3)]",0,0.93
speedrunner,meatboy,6,Saw,0,0,565.0,0.469,"[(73.0, 461.0), (120.3, 467.3), (200.3, 467.0), (280.3, 467.9), (360.3, 467.3), (440.3, 467.0), (520.3, 467.9), (600.3, 467.3)]",0,0.93
speedrunner,meatboy,6,Saw,0,0,565.0,0.469,"[(73.0, 461.0), (120.3, 467.3), (200.3, 467.0), (280.3, 467.9), (360.3, 467.3), (440.3, 467.0), (520.3, 467.9), (600.3, 467.3)]",0,0.93
speedrunner,meatboy,6,Saw,0,0,565.0,0.469,"[(73.0, 461.0), (120.3, 467.3), (200.3, 467.0), (280.3, 467.9), (360.3, 467.3), (440.3, 467.0), (520.3, 467.9), (600.3, 467.3)]",0,0.93
speedrunner,meatboy,6,Saw,0,0,565.0,0.469,"[(73.0, 461.0), (120.3, 467.3), (200.3, 467.0), (280.3, 467.9), (360.3, 467.3), (440.3, 467.0), (520.3, 467.9), (600.3, 467.3)]",0,0.93
speedrunner,meatboy,6,Saw,0,0,501.72,0.462,"[(73.0, 461.0), (69.6, 467.3), (131.4, 467.0), (211.4, 467.9), (291.4, 467.3), (371.4, 467.0), (451.4, 467.9), (531.4, 467.3)]",0,1.03
speedrunner,meatboy,6,Saw,0,0,565.0,0.469,"[(73.0, 461.0), (120.3, 467.3), (200.3, 467.0), (280.3, 467.9), (360.3, 467.3), (440.3, 467.0), (520.3, 467.9), (600.3, 467.3)]",0,0.93
speedrunner,meatboy,6,Saw,0,0,565.0,0.469,"[(73.0, 461.0), (120.3, 467.3), (200.3, 467.0), (280.3, 467.9), (360.3, 467.3), (440.3, 467.0), (520.3, 467.9), (600.3, 467.3)]",0,0.93
speedrunner,meatboy,6,Saw,0,0,501.72,0.462,"[(73.0, 461.0), (69.6, 467.3), (131.4, 467.0), (211.4, 467.9), (291.4, 467.3), (371.4, 467.0), (451.4, 467.9), (531.4, 467.3)]",0,1.03
speedrunner,meatboy,6,Saw,0,0,565.0,0.469,"[(73.0, 461.0), (120.3, 467.3), (200.3, 467.0), (280.3, 467.9), (360.3, 467.3), (440.3, 467.0), (520.3, 467.9), (600.3, 467.3)]",0,0.93
speedrunner,meatboy,6,Saw,0,0,565.0,0.469,"[(73.0, 461.0), (120.3, 467.3), (200.3, 467.0), (280.3, 467.9), (360.3, 467.3), (440.3, 467.0), (520.3, 467.9), (600.3, 467.3)]",0,0.93
speedrunner,meatboy,6,Saw,0,0,510.32,0.469,"[(73.0, 461.0), (77.0, 467.3), (140.3, 467.0), (220.3, 467.9), (300.3, 467.3), (380.3, 467.0), (460.3, 467.9), (540.3, 467.3)]",0,1.03
speedrunner,meatboy,6,Saw,1,0,565.0,0.469,"[(73.0, 461.0), (120.3, 467.3), (200.3, 452.5), (280.3, 452.6), (360.3, 467.3), (440.3, 467.0), (520.3, 467.9), (600.3, 467.3)]",0,0.93
speedrunner,meatboy,6,Stuck,6,0,-0.62,0.054,"[(73.0, 461.0), (111.2, 467.3), (83.2, 467.0), (16.8, 431.4), (27.5, 410.4), (103.5, 415.2), (183.5, 438.7), (257.7, 467.9), (242.7, 467.3), (164.7, 467.0), (84.7, 467.9), (18.0, 432.3), (28.7, 411.3), (104.7, 416.0), (184.7, 439.6), (258.8, 467.9), (243.8, 467.3), (165.8, 467.0), (85.8, 467.9), (19.2, 432.3), (29.8, 411.3), (105.8, 416.0), (185.8, 439.6), (260.0, 467.9), (245.0, 467.3), (167.0, 467.0), (87.0, 467.9), (20.3, 432.3), (31.0, 411.3), (107.0, 416.0), (187.0, 439.6), (261.2, 467.9), (246.2, 467.3), (168.2, 467.0), (88.2, 467.9), (21.5, 432.3), (32.2, 411.3), (108.2, 416.0), (188.2, 439.6), (262.3, 467.9), (247.3, 467.3), (169.3, 467.0), (89.3, 467.9), (22.7, 432.3), (33.3, 411.3)]",0,5.93
speedrunner,meatboy,6,Stuck,0,0,-1.35,0.052,"[(73.0, 461.0), (66.2, 467.3), (66.2, 467.0), (66.2, 467.9), (66.2, 467.3), (66.2, 467.0), (66.2, 467.9), (66.2, 467.3), (66.2, 467.0), (66.2, 467.9), (66.2, 467.3), (66.2, 467.0), (66.2, 467.9), (66.2, 467.3), (66.2, 467.0), (66.2, 467.9), (66.2, 467.3), (66.2, 467.0), (66.2, 467.9), (66.2, 467.3), (66.2, 467.0), (66.2, 467.9), (66.2, 467.3), (66.2, 467.0), (66.2, 467.9), (66.2, 467.3), (66.2, 467.0), (66.2, 467.9), (66.2, 467.3), (66.2, 467.0), (66.2, 467.9), (66.2, 467.3), (66.2, 467.0), (66.2, 467.9), (66.2, 467.3), (66.2, 467.0), (66.2, 467.9), (66.2, 467.3)]",0,5.02
speedrunner,meatboy,6,Saw,0,0,565.0,0.469,"[(73.0, 461.0), (120.3, 467.3), (200.3, 467.0), (280.3, 467.9), (360.3, 467.3), (440.3, 467.0), (520.3, 467.9), (600.3, 467.3)]",0,0.93
speedrunner,meatboy,6,Saw,0,0,565.0,0.469,"[(73.0, 461.0), (120.3, 467.3), (200.3, 467.0), (280.3, 467.9), (360.3, 467.3), (440.3, 467.0), (520.3, 467.9), (600.3, 467.3)]",0,0.93
speedrunner,meatboy,6,Saw,0,0,565.0,0.469,"[(73.0, 461.0), (120.3, 467.3), (200.3, 467.0), (280.3, 467.9), (360.3, 467.3), (440.3, 467.0), (520.3, 467.9), (600.3, 467.3)]",0,0.93
speedrunner,meatboy,6,Saw,0,0,565.0,0.469,"[(73.0, 461.0), (120.3, 467.3), (200.3, 467.0), (280.3, 467.9), (360.3, 467.3), (440.3, 467.0), (520.3, 467.9), (600.3, 467.3)]",0,0.93
speedrunner,meatboy,6,Saw,1,0,565.0,0.469,"[(73.0, 461.0), (120.3, 467.3), (200.3, 452.5), (280.3, 452.6), (360.3, 467.3), (440.3, 467.0), (520.3, 467.9), (600.3, 467.3)]",0,0.93
speedrunner,meatboy,6,Saw,0,0,510.32,0.469,"[(73.0, 461.0), (77.0, 467.3), (140.3, 467.0), (220.3, 467.9), (300.3, 467.3), (380.3, 467.0), (460.3, 467.9), (540.3, 467.3)]",0,1.03
speedrunner,meatboy,6,Saw,0,0,565.0,0.469,"[(73.0, 461.0), (120.3, 467.3), (200.3, 467.0), (280.3, 467.9), (360.3, 467.3), (440.3, 467.0), (520.3, 467.9), (600.3, 467.3)]",0,0.93
speedrunner,meatboy,6,Saw,0,0,565.0,0.469,"[(73.0, 461.0), (120.3, 467.3), (200.3, 467.0), (280.3, 467.9), (360.3, 467.3), (440.3, 467.0), (520.3, 467.9), (600.3, 467.3)]",0,0.93
speedrunner,meatboy,6,Saw,0,0,565.0,0.469,"[(73.0, 461.0), (120.3, 467.3), (200.3, 467.0), (280.3, 467.9), (360.3, 467.3), (440.3, 467.0), (520.3, 467.9), (600.3, 467.3)]",0,0.93
speedrunner,meatboy,6,Saw,0,0,565.0,0.469,"[(73.0, 461.0), (120.3, 467.3), (200.3, 467.0), (280.3, 467.9), (360.3, 467.3), (440.3, 467.0), (520.3, 467.9), (600.3, 467.3)]",0,0.93
speedrunner,meatboy,6,Saw,0,0,565.0,0.469,"[(73.0, 461.0), (120.3, 467.3), (200.3, 467.0), (280.3, 467.9), (360.3, 467.3), (440.3, 467.0), (520.3, 467.9), (600.3, 467.3)]",0,0.93
speedrunner,meatboy,6,Pit,3,0,-94.49,0.0,"[(73.0, 461.0), (31.6, 463.1), (-43.2, 458.4), (-53.8, 472.5), (-9.0, 505.3), (-9.0, 545.0), (-9.0, 584.7), (-14.3, 632.6)]",0,0.98
speedrunner,meatboy,6,Saw,0,0,565.0,0.469,"[(73.0, 461.0), (120.3, 467.3), (200.3, 467.0), (280.3, 467.9), (360.3, 467.3), (440.3, 467.0), (520.3, 467.9), (600.3, 467.3)]",0,0.93
speedrunner,meatboy,6,Saw,0,0,565.0,0.469,"[(73.0, 461.0), (120.3, 467.3), (200.3, 467.0), (280.3, 467.9), (360.3, 467.3), (440.3, 467.0), (520.3, 467.9), (600.3, 467.3)]",0,0.93
speedrunner,meatboy,6,Saw,0,0,565.0,0.469,"[(73.0, 461.0), (120.3, 467.3), (200.3, 467.0), (280.3, 467.9), (360.3, 467.3), (440.3, 467.0), (520.3, 467.9), (600.3, 467.3)]",0,0.93
speedrunner,meatboy,6,Saw,0,0,565.0,0.469,"[(73.0, 461.0), (120.3, 467.3), (200.3, 467.0), (280.3, 467.9), (360.3, 467.3), (440.3, 467.0), (520.3, 467.9), (600.3, 467.3)]",0,0.93
speedrunner,meatboy,6,Saw,0,0,565.0,0.469,"[(73.0, 461.0), (120.3, 467.3), (200.3, 467.0), (280.3, 467.9), (360.3, 467.3), (440.3, 467.0), (520.3, 467.9), (600.3, 467.3)]",0,0.93
speedrunner,meatboy,6,Saw,0,0,565.0,0.469,"[(73.0, 461.0), (120.3, 467.3), (200.3, 467.0), (280.3, 467.9), (360.3, 467.3), (440.3, 467.0), (520.3, 467.9), (600.3, 467.3)]",0,0.93
speedrunner,meatboy,6,Saw,0,0,565.0,0.469,"[(73.0, 461.0), (120.3, 467.3), (200.3, 467.0), (280.3, 467.9), (360.3, 467.3), (440.3, 467.0), (520.3, 467.9), (600.3, 467.3)]",0,0.93
speedrunner,meatboy,6,Saw,0,0,565.0,0.469,"[(73.0, 461.0), (120.3, 467.3), (200.3, 467.0), (280.3, 467.9), (360.3, 467.3), (440.3, 467.0), (520.3, 467.9), (600.3, 467.3)]",0,0.93
speedrunner,meatboy,6,Saw,0,0,565.0,0.469,"[(73.0, 461.0), (120.3, 467.3), (200.3, 467.0), (280.3, 467.9), (360.3, 467.3), (440.3, 467.0), (520.3, 467.9), (600.3, 467.3)]",0,0.93
speedrunner,meatboy,6,Pit,0,0,-396.64,0.0,"[(73.0, 461.0), (111.2, 467.3), (83.2, 467.0), (3.5, 467.9), (-76.5, 475.2), (-153.5, 502.3), (-225.2, 548.3), (-291.5, 613.0)]",0,1.02
speedrunner,meatboy,6,Saw,0,0,565.0,0.469,"[(73.0, 461.0), (120.3, 467.3), (200.3, 467.0), (280.3, 467.9), (360.3, 467.3), (440.3, 467.0), (520.3, 467.9), (600.3, 467.3)]",0,0.93
speedrunner,meatboy,6,Saw,0,0,565.0,0.469,"[(73.0, 461.0), (120.3, 467.3), (200.3, 467.0), (280.3, 467.9), (360.3, 467.3), (440.3, 467.0), (520.3, 467.9), (600.3, 467.3)]",0,0.93
speedrunner,meatboy,6,Saw,0,0,565.0,0.469,"[(73.0, 461.0), (120.3, 467.3), (200.3, 467.0), (280.3, 467.9), (360.3, 467.3), (440.3, 467.0), (520.3, 467.9), (600.3, 467.3)]",0,0.93
speedrunner,meatboy,6,Saw,0,0,565.0,0.469,"[(73.0, 461.0), (120.3, 467.3), (200.3, 467.0), (280.3, 467.9), (360.3, 467.3), (440.3, 467.0), (520.3, 467.9), (600.3, 467.3)]",0,0.93
speedrunner,meatboy,6,Saw,0,0,565.0,0.469,"[(73.0, 461.0), (120.3, 467.3), (200.3, 467.0), (280.3, 467.9), (360.3, 467.3), (440.3, 467.0), (520.3, 467.9), (600.3, 467.3)]",0,0.93
speedrunner,meatboy,6,Saw,0,0,565.0,0.469,"[(73.0, 461.0), (120.3, 467.3), (200.3, 467.0), (280.3, 467.9), (360.3, 467.3), (440.3, 467.0), (520.3, 467.9), (600.3, 467.3)]",0,0.93
speedrunner,meatboy,6,Saw,0,0,565.0,0.469,"[(73.0, 461.0), (120.3, 467.3), (200.3, 467.0), (280.3, 467.9), (360.3, 467.3), (440.3, 467.0), (520.3, 467.9), (600.3, 467.3)]",0,0.93
speedrunner,meatboy,6,Saw,0,0,565.0,0.469,"[(73.0, 461.0), (120.3, 467.3), (200.3, 467.0), (280.3, 467.9), (360.3, 467.3), (440.3, 467.0), (520.3, 467.9), (600.3, 467.3)]",0,0.93
speedrunner,meatboy,6,Saw,0,0,565.0,0.469,"[(73.0, 461.0), (120.3, 467.3), (200.3, 467.0), (280.3, 467.9), (360.3, 467.3), (440.3, 467.0), (520.3, 467.9), (600.3, 467.3)]",0,0.93
speedrunner,meatboy,6,Saw,0,0,557.32,0.463,"[(73.0, 461.0), (114.4, 467.3), (193.2, 467.0), (273.2, 467.9), (353.2, 467.3), (433.2, 467.0), (513.2, 467.9), (593.2, 467.3)]",0,0.93
speedrunner,meatboy,6,Saw,0,0,557.32,0.463,"[(73.0, 461.0), (114.4, 467.3), (193.2, 467.0), (273.2, 467.9), (353.2, 467.3), (433.2, 467.0), (513.2, 467.9), (593.2, 467.3)]",0,0.93
speedrunner,meatboy,6,Saw,0,0,565.0,0.469,"[(73.0, 461.0), (120.3, 467.3), (200.3, 467.0), (280.3, 467.9), (360.3, 467.3), (440.3, 467.0), (520.3, 467.9), (600.3, 467.3)]",0,0.93
speedrunner,meatboy,6,Saw,0,0,565.0,0.469,"[(73.0, 461.0), (120.3, 467.3), (200.3, 467.0), (280.3, 467.9), (360.3, 467.3), (440.3, 467.0), (520.3, 467.9), (600.3, 467.3)]",0,0.93
speedrunner,meatboy,6,Saw,0,0,565.0,0.469,"[(73.0, 461.0), (120.3, 467.3), (200.3, 467.0), (280.3, 467.9), (360.3, 467.3), (440.3, 467.0), (520.3, 467.9), (600.3, 467.3)]",0,0.93
speedrunner,meatboy,6,Saw,0,0,565.0,0.469,"[(73.0, 461.0), (120.3, 467.3), (200.3, 467.0), (280.3, 467.9), (360.3, 467.3), (440.3, 467.0), (520.3, 467.9), (600.3, 467.3)]",0,0.93
speedrunner,meatboy,6,Saw,0,0,565.0,0.469,"[(73.0, 461.0), (120.3, 467.3), (200.3, 467.0), (280.3, 467.9), (360.3, 467.3), (440.3, 467.0), (520.3, 467.9), (600.3, 467.3)]",0,0.93
speedrunner,meatboy,6,Saw,0,0,565.0,0.469,"[(73.0, 461.0), (120.3, 467.3), (200.3, 467.0), (280.3, 467.9), (360.3, 467.3), (440.3, 467.0), (520.3, 467.9), (600.3, 467.3)]",0,0.93
speedrunner,meatboy,6,Saw,0,0,565.0,0.469,"[(73.0, 461.0), (120.3, 467.3), (200.3, 467.0), (280.3, 467.9), (360.3, 467.3), (440.3, 467.0), (520.3, 467.9), (600.3, 467.3)]",0,0.93
speedrunner,meatboy,6,Saw,0,0,565.0,0.469,"[(73.0, 461.0), (120.3, 467.3), (200.3, 467.0), (280.3, 467.9), (360.3, 467.3), (440.3, 467.0), (520.3, 467.9), (600.3, 467.3)]",0,0.93
speedrunner,meatboy,6,Saw,0,0,565.0,0.469,"[(73.0, 461.0), (120.3, 467.3), (200.3, 467.0), (280.3, 467.9), (360.3, 467.3), (440.3, 467.0), (520.3, 467.9), (600.3, 467.3)]",0,0.93
speedrunner,meatboy,6,Saw,0,0,565.0,0.469,"[(73.0, 461.0), (120.3, 467.3), (200.3, 467.0), (280.3, 467.9), (360.3, 467.3), (440.3, 467.0), (520.3, 467.9), (600.3, 467.3)]",0,0.93
speedrunner,meatboy,6,Saw,0,0,565.0,0.469,"[(73.0, 461.0), (120.3, 467.3), (200.3, 467.0), (280.3, 467.9), (360.3, 467.3), (440.3, 467.0), (520.3, 467.9), (600.3, 467.3)]",0,0.93
speedrunner,meatboy,6,Saw,0,0,565.0,0.469,"[(73.0, 461.0), (120.3, 467.3), (200.3, 467.0), (280.3, 467.9), (360.3, 467.3), (440.3, 467.0), (520.3, 467.9), (600.3, 467.3)]",0,0.93
speedrunner,meatboy,6,Saw,0,0,565.0,0.469,"[(73.0, 461.0), (120.3, 467.3), (200.3, 467.0), (280.3, 467.9), (360.3, 467.3), (440.3, 467.0), (520.3, 467.9), (600.3, 467.3)]",0,0.93
speedrunner,meatboy,6,Saw,0,0,565.0,0.469,"[(73.0, 461.0), (120.3, 467.3), (200.3, 467.0), (280.3, 467.9), (360.3, 467.3), (440.3, 467.0), (520.3, 467.9), (600.3, 467.3)]",0,0.93
speedrunner,meatboy,6,Saw,0,0,565.0,0.469,"[(73.0, 461.0), (120.3, 467.3), (200.3, 467.0), (280.3, 467.9), (360.3, 467.3), (440.3, 467.0), (520.3, 467.9), (600.3, 467.3)]",0,0.93
speedrunner,meatboy,6,Saw,0,0,565.0,0.469,"[(73.0, 461.0), (120.3, 467.3), (200.3, 467.0), (280.3, 467.9), (360.3, 467.3), (440.3, 467.0), (520.3, 467.9), (600.3, 467.3)]",0,0.93
speedrunner,meatboy,6,Saw,0,0,565.0,0.469,"[(73.0, 461.0), (120.3, 467.3), (200.3, 467.0), (280.3, 467.9), (360.3, 467.3), (440.3, 467.0), (520.3, 467.9), (600.3, 467.3)]",0,0.93
speedrunner,meatboy,6,Saw,0,0,565.0,0.469,"[(73.0, 461.0), (120.3, 467.3), (200.3, 467.0), (280.3, 467.9), (360.3, 467.3), (440.3, 467.0), (520.3, 467.9), (600.3, 467.3)]",0,0.93
speedrunner,meatboy,6,Saw,0,0,565.0,0.469,"[(73.0, 461.0), (120.3, 467.3), (200.3, 467.0), (280.3, 467.9), (360.3, 467.3), (440.3, 467.0), (520.3, 467.9), (600.3, 467.3)]",0,0.93
speedrunner,meatboy,6,Saw,0,0,565.0,0.469,"[(73.0, 461.0), (120.3, 467.3), (200.3, 467.0), (280.3, 467.9), (360.3, 467.3), (440.3, 467.0), (520.3, 467.9), (600.3, 467.3)]",0,0.93
speedrunner,meatboy,6,Saw,0,0,565.0,0.469,"[(73.0, 461.0), (120.3, 467.3), (200.3, 467.0), (280.3, 467.9), (360.3, 467.3), (440.3, 467.0), (520.3, 467.9), (600.3, 467.3)]",0,0.93
speedrunner,meatboy,6,Saw,0,0,565.0,0.469,"[(73.0, 461.0), (120.3, 467.3), (200.3, 467.0), (280.3, 467.9), (360.3, 467.3), (440.3, 467.0), (520.3, 467.9), (600.3, 467.3)]",0,0.93
speedrunner,meatboy,6,Saw,0,0,565.0,0.469,"[(73.0, 461.0), (120.3, 467.3), (200.3, 467.0), (280.3, 467.9), (360.3, 467.3), (440.3, 467.0), (520.3, 467.9), (600.3, 467.3)]",0,0.93
speedrunner,meatboy,6,Saw,0,0,565.0,0.469,"[(73.0, 461.0), (120.3, 467.3), (200.3, 467.0), (280.3, 467.9), (360.3, 467.3), (440.3, 467.0), (520.3, 467.9), (600.3, 467.3)]",0,0.93
speedrunner,meatboy,6,Saw,0,0,565.0,0.469,"[(73.0, 461.0), (120.3, 467.3), (200.3, 467.0), (280.3, 467.9), (360.3, 467.3), (440.3, 467.0), (520.3, 467.9), (600.3, 467.3)]",0,0.93
speedrunner,meatboy,6,Saw,0,0,565.0,0.469,"[(73.0, 461.0), (120.3, 467.3), (200.3, 467.0), (280.3, 467.9), (360.3, 467.3), (440.3, 467.0), (520.3, 467.9), (600.3, 467.3)]",0,0.93
speedrunner,meatboy,6,Saw,0,0,565.0,0.469,"[(73.0, 461.0), (120.3, 467.3), (200.3, 467.0), (280.3, 467.9), (360.3, 467.3), (440.3, 467.0), (520.3, 467.9), (600.3, 467.3)]",0,0.93
speedrunner,meatboy,6,Saw,0,0,565.0,0.469,"[(73.0, 461.0), (120.3, 467.3), (200.3, 467.0), (280.3, 467.9), (360.3, 467.3), (440.3, 467.0), (520.3, 467.9), (600.3, 467.3)]",0,0.93
speedrunner,meatboy,6,Saw,0,0,565.0,0.469,"[(73.0, 461.0), (120.3, 467.3), (200.3, 467.0), (280.3, 467.9), (360.3, 467.3), (440.3, 467.0), (520.3, 467.9), (600.3, 467.3)]",0,0.93
speedrunner,meatboy,6,Saw,0,0,565.0,0.469,"[(73.0, 461.0), (120.3, 467.3), (200.3, 467.0), (280.3, 467.9), (360.3, 467.3), (440.3, 467.0), (520.3, 467.9), (600.3, 467.3)]",0,0.93
speedrunner,meatboy,6,Saw,0,0,565.0,0.469,"[(73.0, 461.0), (120.3, 467.3), (200.3, 467.0), (280.3, 467.9), (360.3, 467.3), (440.3, 467.0), (520.3, 467.9), (600.3, 467.3)]",0,0.93
speedrunner,meatboy,6,Saw,0,0,565.0,0.469,"[(73.0, 461.0), (120.3, 467.3), (200.3, 467.0), (280.3, 467.9), (360.3, 467.3), (440.3, 467.0), (520.3, 467.9), (600.3, 467.3)]",0,0.93
speedrunner,meatboy,6,Saw,0,0,565.0,0.469,"[(73.0, 461.0), (120.3, 467.3), (200.3, 467.0), (280.3, 467.9), (360.3, 467.3), (440.3, 467.0), (520.3, 467.9), (600.3, 467.3)]",0,0.93
speedrunner,meatboy,6,Saw,0,0,565.0,0.469,"[(73.0, 461.0), (120.3, 467.3), (200.3, 467.0), (280.3, 467.9), (360.3, 467.3), (440.3, 467.0), (520.3, 467.9), (600.3, 467.3)]",0,0.93
speedrunner,meatboy,6,Saw,0,0,565.0,0.469,"[(73.0, 461.0), (120.3, 467.3), (200.3, 467.0), (280.3, 467.9), (360.3, 467.3), (440.3, 467.0), (520.3, 467.9), (600.3, 467.3)]",0,0.93
speedrunner,meatboy,6,Saw,0,0,565.0,0.469,"[(73.0, 461.0), (120.3, 467.3), (200.3, 467.0), (280.3, 467.9), (360.3, 467.3), (440.3, 467.0), (520.3, 467.9), (600.3, 467.3)]",0,0.93
speedrunner,meatboy,6,Saw,0,0,565.0,0.469,"[(73.0, 461.0), (120.3, 467.3), (200.3, 467.0), (280.3, 467.9), (360.3, 467.3), (440.3, 467.0), (520.3, 467.9), (600.3, 467.3)]",0,0.93
speedrunner,meatboy,6,Saw,0,0,565.0,0.469,"[(73.0, 461.0), (120.3, 467.3), (200.3, 467.0), (280.3, 467.9), (360.3, 467.3), (440.3, 467.0), (520.3, 467.9), (600.3, 467.3)]",0,0.93
speedrunner,meatboy,6,Saw,0,0,565.0,0.469,"[(73.0, 461.0), (120.3, 467.3), (200.3, 467.0), (280.3, 467.9), (360.3, 467.3), (440.3, 467.0), (520.3, 467.9), (600.3, 467.3)]",0,0.93
speedrunner,meatboy,6,Saw,0,0,565.0,0.469,"[(73.0, 461.0), (120.3, 467.3), (200.3, 467.0), (280.3, 467.9), (360.3, 467.3), (440.3, 467.0), (520.3, 467.9), (600.3, 467.3)]",0,0.93
speedrunner,meatboy,6,Saw,0,0,565.0,0.469,"[(73.0, 461.0), (120.3, 467.3), (200.3, 467.0), (280.3, 467.9), (360.3, 467.3), (440.3, 467.0), (520.3, 467.9), (600.3, 467.3)]",0,0.93
speedrunner,meatboy,6,Saw,0,0,565.0,0.469,"[(73.0, 461.0), (120.3, 467.3), (200.3, 467.0), (280.3, 467.9), (360.3, 467.3), (440.3, 467.0), (520.3, 467.9), (600.3, 467.3)]",0,0.93
speedrunner,meatboy,6,Saw,0,0,565.0,0.469,"[(73.0, 461.0), (120.3, 467.3), (200.3, 467.0), (280.3, 467.9), (360.3, 467.3), (440.3, 467.0), (520.3, 467.9), (600.3, 467.3)]",0,0.93
speedrunner,meatboy,6,Saw,0,0,565.0,0.469,"[(73.0, 461.0), (120.3, 467.3), (200.3, 467.0), (280.3, 467.9), (360.3, 467.3), (440.3, 467.0), (520.3, 467.9), (600.3, 467.3)]",0,0.93
speedrunner,meatboy,6,Saw,0,0,565.0,0.469,"[(73.0, 461.0), (120.3, 467.3), (200.3, 467.0), (280.3, 467.9), (360.3, 467.3), (440.3, 467.0), (520.3, 467.9), (600.3, 467.3)]",0,0.93
speedrunner,meatboy,6,Saw,0,0,565.0,0.469,"[(73.0, 461.0), (120.3, 467.3), (200.3, 467.0), (280.3, 467.9), (360.3, 467.3), (440.3, 467.0), (520.3, 467.9), (600.3, 467.3)]",0,0.93
speedrunner,meatboy,6,Saw,0,0,565.0,0.469,"[(73.0, 461.0), (120.3, 467.3), (200.3, 467.0), (280.3, 467.9), (360.3, 467.3), (440.3, 467.0), (520.3, 467.9), (600.3, 467.3)]",0,0.93
speedrunner,meatboy,6,Saw,0,0,565.0,0.469,"[(73.0, 461.0), (120.3, 467.3), (200.3, 467.0), (280.3, 467.9), (360.3, 467.3), (440.3, 467.0), (520.3, 467.9), (600.3, 467.3)]",0,0.93
speedrunner,meatboy,6,Saw,0,0,565.0,0.469,"[(73.0, 461.0), (120.3, 467.3), (200.3, 467.0), (280.3, 467.9), (360.3, 467.3), (440.3, 467.0), (520.3, 467.9), (600.3, 467.3)]",0,0.93
speedrunner,meatboy,6,Saw,0,0,565.0,0.469,"[(73.0, 461.0), (120.3, 467.3), (200.3, 467.0), (280.3, 467.9), (360.3, 467.3), (440.3, 467.0), (520.3, 467.9), (600.3, 467.3)]",0,0.93
speedrunner,meatboy,6,Saw,0,0,565.0,0.469,"[(73.0, 461.0), (120.3, 467.3), (200.3, 467.0), (280.3, 467.9), (360.3, 467.3), (440.3, 467.0), (520.3, 467.9), (600.3, 467.3)]",0,0.93
speedrunner,meatboy,6,Saw,0,0,565.0,0.469,"[(73.0, 461.0), (120.3, 467.3), (200.3, 467.0), (280.3, 467.9), (360.3, 467.3), (440.3, 467.0), (520.3, 467.9), (600.3, 467.3)]",0,0.93
speedrunner,meatboy,6,Saw,0,0,565.0,0.469,"[(73.0, 461.0), (120.3, 467.3), (200.3, 467.0), (280.3, 467.9), (360.3, 467.3), (440.3, 467.0), (520.3, 467.9), (600.3, 467.3)]",0,0.93
speedrunner,meatboy,6,Saw,0,0,565.0,0.469,"[(73.0, 461.0), (120.3, 467.3), (200.3, 467.0), (280.3, 467.9), (360.3, 467.3), (440.3, 467.0), (520.3, 467.9), (600.3, 467.3)]",0,0.93
speedrunner,meatboy,6,Saw,0,0,565.0,0.469,"[(73.0, 461.0), (120.3, 467.3), (200.3, 467.0), (280.3, 467.9), (360.3, 467.3), (440.3, 467.0), (520.3, 467.9), (600.3, 467.3)]",0,0.93
speedrunner,meatboy,6,Saw,0,0,565.0,0.469,"[(73.0, 461.0), (120.3, 467.3), (200.3, 467.0), (280.3, 467.9), (360.3, 467.3), (440.3, 467.0), (520.3, 467.9), (600.3, 467.3)]",0,0.93
speedrunner,meatboy,6,Saw,0,0,565.0,0.469,"[(73.0, 461.0), (120.3, 467.3), (200.3, 467.0), (280.3, 467.9), (360.3, 467.3), (440.3, 467.0), (520.3, 467.9), (600.3, 467.3)]",0,0.93
speedrunner,meatboy,6,Saw,0,0,565.0,0.469,"[(73.0, 461.0), (120.3, 467.3), (200.3, 467.0), (280.3, 467.9), (360.3, 467.3), (440.3, 467.0), (520.3, 467.9), (600.3, 467.3)]",0,0.93
speedrunner,meatboy,6,Saw,0,0,565.0,0.469,"[(73.0, 461.0), (120.3, 467.3), (200.3, 467.0), (280.3, 467.9), (360.3, 467.3), (440.3, 467.0), (520.3, 467.9), (600.3, 467.3)]",0,0.93
speedrunner,meatboy,6,Saw,0,0,565.0,0.469,"[(73.0, 461.0), (120.3, 467.3), (200.3, 467.0), (280.3, 467.9), (360.3, 467.3), (440.3, 467.0), (520.3, 467.9), (600.3, 467.3)]",0,0.93
speedrunner,meatboy,6,Saw,0,0,565.0,0.469,"[(73.0, 461.0), (120.3, 467.3), (200.3, 467.0), (280.3, 467.9), (360.3, 467.3), (440.3, 467.0), (520.3, 467.9), (600.3, 467.3)]",0,0.93
speedrunner,meatboy,6,Saw,0,0,565.0,0.469,"[(73.0, 461.0), (120.3, 467.3), (200.3, 467.0), (280.3, 467.9), (360.3, 467.3), (440.3, 467.0), (520.3, 467.9), (600.3, 467.3)]",0,0.93
speedrunner,meatboy,6,Saw,0,0,565.0,0.469,"[(73.0, 461.0), (120.3, 467.3), (200.3, 467.0), (280.3, 467.9), (360.3, 467.3), (440.3, 467.0), (520.3, 467.9), (600.3, 467.3)]",0,0.93
speedrunner,meatboy,6,Saw,0,0,565.0,0.469,"[(73.0, 461.0), (120.3, 467.3), (200.3, 467.0), (280.3, 467.9), (360.3, 467.3), (440.3, 467.0), (520.3, 467.9), (600.3, 467.3)]",0,0.93
speedrunner,meatboy,6,Saw,0,0,565.0,0.469,"[(73.0, 461.0), (120.3, 467.3), (200.3, 467.0), (280.3, 467.9), (360.3, 467.3), (440.3, 467.0), (520.3, 467.9), (600.3, 467.3)]",0,0.93
speedrunner,meatboy,6,Saw,0,0,565.0,0.469,"[(73.0, 461.0), (120.3, 467.3), (200.3, 467.0), (280.3, 467.9), (360.3, 467.3), (440.3, 467.0), (520.3, 467.9), (600.3, 467.3)]",0,0.93
speedrunner,meatboy,6,Saw,0,0,565.0,0.469,"[(73.0, 461.0), (120.3, 467.3), (200.3, 467.0), (280.3, 467.9), (360.3, 467.3), (440.3, 467.0), (520.3, 467.9), (600.3, 467.3)]",0,0.93
speedrunner,meatboy,6,Saw,0,0,565.0,0.469,"[(73.0, 461.0), (120.3, 467.3), (200.3, 467.0), (280.3, 467.9), (360.3, 467.3), (440.3, 467.0), (520.3, 467.9), (600.3, 467.3)]",0,0.93
speedrunner,meatboy,6,Saw,0,0,565.0,0.469,"[(73.0, 461.0), (120.3, 467.3), (200.3, 467.0), (280.3, 467.9), (360.3, 467.3), (440.3, 467.0), (520.3, 467.9), (600.3, 467.3)]",0,0.93
speedrunner,meatboy,6,Saw,0,0,565.0,0.469,"[(73.0, 461.0), (120.3, 467.3), (200.3, 467.0), (280.3, 467.9), (360.3, 467.3), (440.3, 467.0), (520.3, 467.9), (600.3, 467.3)]",0,0.93
speedrunner,meatboy,6,Saw,0,0,565.0,0.469,"[(73.0, 461.0), (120.3, 467.3), (200.3, 467.0), (280.3, 467.9), (360.3, 467.3), (440.3, 467.0), (520.3, 467.9), (600.3, 467.3)]",0,0.93
speedrunner,meatboy,6,Saw,0,0,565.0,0.469,"[(73.0, 461.0), (120.3, 467.3), (200.3, 467.0), (280.3, 467.9), (360.3, 467.3), (440.3, 467.0), (520.3, 467.9), (600.3, 467.3)]",0,0.93
speedrunner,meatboy,6,Saw,0,0,565.0,0.469,"[(73.0, 461.0), (120.3, 467.3), (200.3, 467.0), (280.3, 467.9), (360.3, 467.3), (440.3, 467.0), (520.3, 467.9), (600.3, 467.3)]",0,0.93
speedrunner,meatboy,6,Saw,0,0,565.0,0.469,"[(73.0, 461.0), (120.3, 467.3), (200.3, 467.0), (280.3, 467.9), (360.3, 467.3), (440.3, 467.0), (520.3, 467.9), (600.3, 467.3)]",0,0.93
speedrunner,meatboy,6,Saw,0,0,565.0,0.469,"[(73.0, 461.0), (120.3, 467.3), (200.3, 467.0), (280.3, 467.9), (360.3, 467.3), (440.3, 467.0), (520.3, 467.9), (600.3, 467.3)]",0,0.93
speedrunner,meatboy,6,Saw,0,0,565.0,0.469,"[(73.0, 461.0), (120.3, 467.3), (200.3, 467.0), (280.3, 467.9), (360.3, 467.3), (440.3, 467.0), (520.3, 467.9), (600.3, 467.3)]",0,0.93
speedrunner,meatboy,6,Saw,0,0,565.0,0.469,"[(73.0, 461.0), (120.3, 467.3), (200.3, 467.0), (280.3, 467.9), (360.3, 467.3), (440.3, 467.0), (520.3, 467.9), (600.3, 467.3)]",0,0.93
speedrunner,meatboy,6,Saw,0,0,565.0,0.469,"[(73.0, 461.0), (120.3, 467.3), (200.3, 467.0), (280.3, 467.9), (360.3, 467.3), (440.3, 467.0), (520.3, 467.9), (600.3, 467.3)]",0,0.93
speedrunner,meatboy,6,Saw,0,0,565.0,0.469,"[(73.0, 461.0), (120.3, 467.3), (200.3, 467.0), (280.3, 467.9), (360.3, 467.3), (440.3, 467.0), (520.3, 467.9), (600.3, 467.3)]",0,0.93
speedrunner,meatboy,6,Saw,0,0,565.0,0.469,"[(73.0, 461.0), (120.3, 467.3), (200.3, 467.0), (280.3, 467.9), (360.3, 467.3), (440.3, 467.0), (520.3, 467.9), (600.3, 467.3)]",0,0.93
speedrunner,meatboy,6,Saw,0,0,565.0,0.469,"[(73.0, 461.0), (120.3, 467.3), (200.3, 467.0), (280.3, 467.9), (360.3, 467.3), (440.3, 467.0), (520.3, 467.9), (600.3, 467.3)]",0,0.93
speedrunner,meatboy,6,Saw,0,0,565.0,0.469,"[(73.0, 461.0), (120.3, 467.3), (200.3, 467.0), (280.3, 467.9), (360.3, 467.3), (440.3, 467.0), (520.3, 467.9), (600.3, 467.3)]",0,0.93
speedrunner,meatboy,6,Saw,0,0,565.0,0.469,"[(73.0, 461.0), (120.3, 467.3), (200.3, 467.0), (280.3, 467.9), (360.3, 467.3), (440.3, 467.0), (520.3, 467.9), (600.3, 467.3)]",0,0.93
speedrunner,meatboy,6,Saw,0,0,565.0,0.469,"[(73.0, 461.0), (120.3, 467.3), (200.3, 467.0), (280.3, 467.9), (360.3, 467.3), (440.3, 467.0), (520.3, 467.9), (600.3, 467.3)]",0,0.93
speedrunner,meatboy,6,Saw,0,0,565.0,0.469,"[(73.0, 461.0), (120.3, 467.3), (200.3, 467.0), (280.3, 467.9), (360.3, 467.3), (440.3, 467.0), (520.3, 467.9), (600.3, 467.3)]",0,0.93
speedrunner,meatboy,6,Saw,0,0,565.0,0.469,"[(73.0, 461.0), (120.3, 467.3), (200.3, 467.0), (280.3, 467.9), (360.3, 467.3), (440.3, 467.0), (520.3, 467.9), (600.3, 467.3)]",0,0.93
speedrunner,meatboy,6,Saw,0,0,565.0,0.469,"[(73.0, 461.0), (120.3, 467.3), (200.3, 467.0), (280.3, 467.9), (360.3, 467.3), (440.3, 467.0), (520.3, 467.9), (600.3, 467.3)]",0,0.93
speedrunner,meatboy,6,Saw,0,0,565.0,0.469,"[(73.0, 461.0), (120.3, 467.3), (200.3, 467.0), (280.3, 467.9), (360.3, 467.3), (440.3, 467.0), (520.3, 467.9), (600.3, 467.3)]",0,0.93
speedrunner,meatboy,6,Saw,0,0,565.0,0.469,"[(73.0, 461.0), (120.3, 467.3), (200.3, 467.0), (280.3, 467.9), (360.3, 467.3), (440.3, 467.0), (520.3, 467.9), (600.3, 467.3)]",0,0.93
speedrunner,meatboy,6,Saw,0,0,565.0,0.469,"[(73.0, 461.0), (120.3, 467.3), (200.3, 467.0), (280.3, 467.9), (360.3, 467.3), (440.3, 467.0), (520.3, 467.9), (600.3, 467.3)]",0,0.93
speedrunner,meatboy,6,Saw,0,0,565.0,0.469,"[(73.0, 461.0), (120.3, 467.3), (200.3, 467.0), (280.3, 467.9), (360.3, 467.3), (440.3, 467.0), (520.3, 467.9), (600.3, 467.3)]",0,0.93
speedrunner,meatboy,6,Saw,0,0,565.0,0.469,"[(73.0, 461.0), (120.3, 467.3), (200.3, 467.0), (280.3, 467.9), (360.3, 467.3), (440.3, 467.0), (520.3, 467.9), (600.3, 467.3)]",0,0.93
speedrunner,meatboy,6,Saw,0,0,565.0,0.469,"[(73.0, 461.0), (120.3, 467.3), (200.3, 467.0), (280.3, 467.9), (360.3, 467.3), (440.3, 467.0), (520.3, 467.9), (600.3, 467.3)]",0,0.93
speedrunner,meatboy,6,Saw,0,0,565.0,0.469,"[(73.0, 461.0), (120.3, 467.3), (200.3, 467.0), (280.3, 467.9), (360.3, 467.3), (440.3, 467.0), (520.3, 467.9), (600.3, 467.3)]",0,0.93
speedrunner,meatboy,6,Saw,0,0,565.0,0.469,"[(73.0, 461.0), (120.3, 467.3), (200.3, 467.0), (280.3, 467.9), (360.3, 467.3), (440.3, 467.0), (520.3, 467.9), (600.3, 467.3)]",0,0.93
speedrunner,meatboy,6,Saw,0,0,565.0,0.469,"[(73.0, 461.0), (120.3, 467.3), (200.3, 467.0), (280.3, 467.9), (360.3, 467.3), (440.3, 467.0), (520.3, 467.9), (600.3, 467.3)]",0,0.93
speedrunner,meatboy,6,Saw,0,0,565.0,0.469,"[(73.0, 461.0), (120.3, 467.3), (200.3, 467.0), (280.3, 467.9), (360.3, 467.3), (440.3, 467.0), (520.3, 467.9), (600.3, 467.3)]",0,0.93
speedrunner,meatboy,6,Saw,0,0,565.0,0.469,"[(73.0, 461.0), (120.3, 467.3), (200.3, 467.0), (280.3, 467.9), (360.3, 467.3), (440.3, 467.0), (520.3, 467.9), (600.3, 467.3)]",0,0.93
speedrunner,meatboy,6,Saw,0,0,565.0,0.469,"[(73.0, 461.0), (120.3, 467.3), (200.3, 467.0), (280.3, 467.9), (360.3, 467.3), (440.3, 467.0), (520.3, 467.9), (600.3, 467.3)]",0,0.93
speedrunner,meatboy,6,Saw,0,0,565.0,0.469,"[(73.0, 461.0), (120.3, 467.3), (200.3, 467.0), (280.3, 467.9), (360.3, 467.3), (440.3, 467.0), (520.3, 467.9), (600.3, 467.3)]",0,0.93
speedrunner,meatboy,6,Saw,0,0,565.0,0.469,"[(73.0, 461.0), (120.3, 467.3), (200.3, 467.0), (280.3, 467.9), (360.3, 467.3), (440.3, 467.0), (520.3, 467.9), (600.3, 467.3)]",0,0.93
speedrunner,meatboy,6,Saw,0,0,565.0,0.469,"[(73.0, 461.0), (120.3, 467.3), (200.3, 467.0), (280.3, 467.9), (360.3, 467.3), (440.3, 467.0), (520.3, 467.9), (600.3, 467.3)]",0,0.93
speedrunner,meatboy,6,Saw,0,0,565.0,0.469,"[(73.0, 461.0), (120.3, 467.3), (200.3, 467.0), (280.3, 467.9), (360.3, 467.3), (440.3, 467.0), (520.3, 467.9), (600.3, 467.3)]",0,0.93
speedrunner,meatboy,6,Saw,0,0,565.0,0.469,"[(73.0, 461.0), (120.3, 467.3), (200.3, 467.0), (280.3, 467.9), (360.3, 467.3), (440.3, 467.0), (520.3, 467.9), (600.3, 467.3)]",0,0.93
speedrunner,meatboy,6,Saw,0,0,565.0,0.469,"[(73.0, 461.0), (120.3, 467.3), (200.3, 467.0), (280.3, 467.9), (360.3, 467.3), (440.3, 467.0), (520.3, 467.9), (600.3, 467.3)]",0,0.93
speedrunner,meatboy,6,Saw,0,0,565.0,0.469,"[(73.0, 461.0), (120.3, 467.3), (200.3, 467.0), (280.3, 467.9), (360.3, 467.3), (440.3, 467.0), (520.3, 467.9), (600.3, 467.3)]",0,0.93
speedrunner,meatboy,6,Saw,0,0,565.0,0.469,"[(73.0, 461.0), (120.3, 467.3), (200.3, 467.0), (280.3, 467.9), (360.3, 467.3), (440.3, 467.0), (520.3, 467.9), (600.3, 467.3)]",0,0.93
speedrunner,meatboy,6,Saw,0,0,565.0,0.469,"[(73.0, 461.0), (120.3, 467.3), (200.3, 467.0), (280.3, 467.9), (360.3, 467.3), (440.3, 467.0), (520.3, 467.9), (600.3, 467.3)]",0,0.93
speedrunner,meatboy,6,Saw,0,0,565.0,0.469,"[(73.0, 461.0), (120.3, 467.3), (200.3, 467.0), (280.3, 467.9), (360.3, 467.3), (440.3, 467.0), (520.3, 467.9), (600.3, 467.3)]",0,0.93
speedrunner,meatboy,6,Saw,0,0,565.0,0.469,"[(73.0, 461.0), (120.3, 467.3), (200.3, 467.0), (280.3, 467.9), (360.3, 467.3), (440.3, 467.0), (520.3, 467.9), (600.3, 467.3)]",0,0.93
speedrunner,meatboy,6,Saw,0,0,565.0,0.469,"[(73.0, 461.0), (120.3, 467.3), (200.3, 467.0), (280.3, 467.9), (360.3, 467.3), (440.3, 467.0), (520.3, 467.9), (600.3, 467.3)]",0,0.93
speedrunner,meatboy,6,Saw,0,0,565.0,0.469,"[(73.0, 461.0), (120.3, 467.3), (200.3, 467.0), (280.3, 467.9), (360.3, 467.3), (440.3, 467.0), (520.3, 467.9), (600.3, 467.3)]",0,0.93
speedrunner,meatboy,6,Saw,0,0,565.0,0.469,"[(73.0, 461.0), (120.3, 467.3), (200.3, 467.0), (280.3, 467.9), (360.3, 467.3), (440.3, 467.0), (520.3, 467.9), (600.3, 467.3)]",0,0.93
speedrunner,meatboy,6,Saw,0,0,544.14,0.468,"[(73.0, 461.0), (99.7, 467.3), (179.0, 467.0), (259.0, 467.9), (339.0, 467.3), (419.0, 467.0), (499.0, 467.9), (579.0, 467.3)]",0,0.97
speedrunner,meatboy,6,Saw,0,0,565.0,0.469,"[(73.0, 461.0), (120.3, 467.3), (200.3, 467.0), (280.3, 467.9), (360.3, 467.3), (440.3, 467.0), (520.3, 467.9), (600.3, 467.3)]",0,0.93
speedrunner,meatboy,6,Saw,0,0,565.0,0.469,"[(73.0, 461.0), (120.3, 467.3), (200.3, 467.0), (280.3, 467.9), (360.3, 467.3), (440.3, 467.0), (520.3, 467.9), (600.3, 467.3)]",0,0.93
speedrunner,meatboy,6,Saw,0,0,565.0,0.469,"[(73.0, 461.0), (120.3, 467.3), (200.3, 467.0), (280.3, 467.9), (360.3, 467.3), (440.3, 467.0), (520.3, 467.9), (600.3, 467.3)]",0,0.93
speedrunner,meatboy,6,Saw,0,0,565.0,0.469,"[(73.0, 461.0), (120.3, 467.3), (200.3, 467.0), (280.3, 467.9), (360.3, 467.3), (440.3, 467.0), (520.3, 467.9), (600.3, 467.3)]",0,0.93
speedrunner,meatboy,6,Saw,0,0,565.0,0.469,"[(73.0, 461.0), (120.3, 467.3), (200.3, 467.0), (280.3, 467.9), (360.3, 467.3), (440.3, 467.0), (520.3, 467.9), (600.3, 467.3)]",0,0.93
speedrunner,meatboy,6,Saw,0,0,565.0,0.469,"[(73.0, 461.0), (120.3, 467.3), (200.3, 467.0), (280.3, 467.9), (360.3, 467.3), (440.3, 467.0), (520.3, 467.9), (600.3, 467.3)]",0,0.93
speedrunner,meatboy,6,Saw,0,0,565.0,0.469,"[(73.0, 461.0), (120.3, 467.3), (200.3, 467.0), (280.3, 467.9), (360.3, 467.3), (440.3, 467.0), (520.3, 467.9), (600.3, 467.3)]",0,0.93
speedrunner,meatboy,6,Saw,0,0,565.0,0.469,"[(73.0, 461.0), (120.3, 467.3), (200.3, 467.0), (280.3, 467.9), (360.3, 467.3), (440.3, 467.0), (520.3, 467.9), (600.3, 467.3)]",0,0.93
speedrunner,meatboy,6,Saw,0,0,565.0,0.469,"[(73.0, 461.0), (120.3, 467.3), (200.3, 467.0), (280.3, 467.9), (360.3, 467.3), (440.3, 467.0), (520.3, 467.9), (600.3, 467.3)]",0,0.93
speedrunner,meatboy,6,Saw,0,0,565.0,0.469,"[(73.0, 461.0), (120.3, 467.3), (200.3, 467.0), (280.3, 467.9), (360.3, 467.3), (440.3, 467.0), (520.3, 467.9), (600.3, 467.3)]",0,0.93
speedrunner,meatboy,6,Saw,0,0,565.0,0.469,"[(73.0, 461.0), (120.3, 467.3), (200.3, 467.0), (280.3, 467.9), (360.3, 467.3), (440.3, 467.0), (520.3, 467.9), (600.3, 467.3)]",0,0.93
speedrunner,meatboy,6,Saw,0,0,565.0,0.469,"[(73.0, 461.0), (120.3, 467.3), (200.3, 467.0), (280.3, 467.9), (360.3, 467.3), (440.3, 467.0), (520.3, 467.9), (600.3, 467.3)]",0,0.93
speedrunner,meatboy,6,Saw,0,0,565.0,0.469,"[(73.0, 461.0), (120.3, 467.3), (200.3, 467.0), (280.3, 467.9), (360.3, 467.3), (440.3, 467.0), (520.3, 467.9), (600.3, 467.3)]",0,0.93
speedrunner,meatboy,6,Saw,0,0,565.0,0.469,"[(73.0, 461.0), (120.3, 467.3), (200.3, 467.0), (280.3, 467.9), (360.3, 467.3), (440.3, 467.0), (520.3, 467.9), (600.3, 467.3)]",0,0.93
speedrunner,meatboy,6,Saw,0,0,565.0,0.469,"[(73.0, 461.0), (120.3, 467.3), (200.3, 467.0), (280.3, 467.9), (360.3, 467.3), (440.3, 467.0), (520.3, 467.9), (600.3, 467.3)]",0,0.93
speedrunner,meatboy,6,Saw,0,0,565.0,0.469,"[(73.0, 461.0), (120.3, 467.3), (200.3, 467.0), (280.3, 467.9), (360.3, 467.3), (440.3, 467.0), (520.3, 467.9), (600.3, 467.3)]",0,0.93
speedrunner,meatboy,6,Saw,0,0,565.0,0.469,"[(73.0, 461.0), (120.3, 467.3), (200.3, 467.0), (280.3, 467.9), (360.3, 467.3), (440.3, 467.0), (520.3, 467.9), (600.3, 467.3)]",0,0.93
speedrunner,meatboy,6,Saw,0,0,565.0,0.469,"[(73.0, 461.0), (120.3, 467.3), (200.3, 467.0), (280.3, 467.9), (360.3, 467.3), (440.3, 467.0), (520.3, 467.9), (600.3, 467.3)]",0,0.93
speedrunner,meatboy,6,Saw,0,0,565.0,0.469,"[(73.0, 461.0), (120.3, 467.3), (200.3, 467.0), (280.3, 467.9), (360.3, 467.3), (440.3, 467.0), (520.3, 467.9), (600.3, 467.3)]",0,0.93
speedrunner,meatboy,6,Saw,0,0,565.0,0.469,"[(73.0, 461.0), (120.3, 467.3), (200.3, 467.0), (280.3, 467.9), (360.3, 467.3), (440.3, 467.0), (520.3, 467.9), (600.3, 467.3)]",0,0.93
speedrunner,meatboy,6,Saw,0,0,565.0,0.469,"[(73.0, 461.0), (120.3, 467.3), (200.3, 467.0), (280.3, 467.9), (360.3, 467.3), (440.3, 467.0), (520.3, 467.9), (600.3, 467.3)]",0,0.93
speedrunner,meatboy,6,Saw,0,0,565.0,0.469,"[(73.0, 461.0), (120.3, 467.3), (200.3, 467.0), (280.3, 467.9), (360.3, 467.3), (440.3, 467.0), (520.3, 467.9), (600.3, 467.3)]",0,0.93
speedrunner,meatboy,6,Saw,0,0,565.0,0.469,"[(73.0, 461.0), (120.3, 467.3), (200.3, 467.0), (280.3, 467.9), (360.3, 467.3), (440.3, 467.0), (520.3, 467.9), (600.3, 467.3)]",0,0.93
speedrunner,meatboy,6,Saw,0,0,565.0,0.469,"[(73.0, 461.0), (120.3, 467.3), (200.3, 467.0), (280.3, 467.9), (360.3, 467.3), (440.3, 467.0), (520.3, 467.9), (600.3, 467.3)]",0,0.93
speedrunner,meatboy,6,Saw,0,0,565.0,0.469,"[(73.0, 461.0), (120.3, 467.3), (200.3, 467.0), (280.3, 467.9), (360.3, 467.3), (440.3, 467.0), (520.3, 467.9), (600.3, 467.3)]",0,0.93
speedrunner,meatboy,6,Saw,0,0,565.0,0.469,"[(73.0, 461.0), (120.3, 467.3), (200.3, 467.0), (280.3, 467.9), (360.3, 467.3), (440.3, 467.0), (520.3, 467.9), (600.3, 467.3)]",0,0.93
speedrunner,meatboy,6,Saw,0,0,565.0,0.469,"[(73.0, 461.0), (120.3, 467.3), (200.3, 467.0), (280.3, 467.9), (360.3, 467.3), (440.3, 467.0), (520.3, 467.9), (600.3, 467.3)]",0,0.93
speedrunner,meatboy,6,Saw,0,0,565.0,0.469,"[(73.0, 461.0), (120.3, 467.3), (200.3, 467.0), (280.3, 467.9), (360.3, 467.3), (440.3, 467.0), (520.3, 467.9), (600.3, 467.3)]",0,0.93
speedrunner,meatboy,6,Saw,0,0,565.0,0.469,"[(73.0, 461.0), (120.3, 467.3), (200.3, 467.0), (280.3, 467.9), (360.3, 467.3), (440.3, 467.0), (520.3, 467.9), (600.3, 467.3)]",0,0.93
speedrunner,meatboy,6,Saw,0,0,565.0,0.469,"[(73.0, 461.0), (120.3, 467.3), (200.3, 467.0), (280.3, 467.9), (360.3, 467.3), (440.3, 467.0), (520.3, 467.9), (600.3, 467.3)]",0,0.93
speedrunner,meatboy,6,Saw,0,0,565.0,0.469,"[(73.0, 461.0), (120.3, 467.3), (200.3, 467.0), (280.3, 467.9), (360.3, 467.3), (440.3, 467.0), (520.3, 467.9), (600.3, 467.3)]",0,0.93
speedrunner,meatboy,6,Saw,0,0,565.0,0.469,"[(73.0, 461.0), (120.3, 467.3), (200.3, 467.0), (280.3, 467.9), (360.3, 467.3), (440.3, 467.0), (520.3, 467.9), (600.3, 467.3)]",0,0.93
speedrunner,meatboy,6,Saw,0,0,565.0,0.469,"[(73.0, 461.0), (120.3, 467.3), (200.3, 467.0), (280.3, 467.9), (360.3, 467.3), (440.3, 467.0), (520.3, 467.9), (600.3, 467.3)]",0,0.93
speedrunner,meatboy,6,Saw,0,0,565.0,0.469,"[(73.0, 461.0), (120.3, 467.3), (200.3, 467.0), (280.3, 467.9), (360.3, 467.3), (440.3, 467.0), (520.3, 467.9), (600.3, 467.3)]",0,0.93
speedrunner,meatboy,6,Saw,0,0,565.0,0.469,"[(73.0, 461.0), (120.3, 467.3), (200.3, 467.0), (280.3, 467.9), (360.3, 467.3), (440.3, 467.0), (520.3, 467.9), (600.3, 467.3)]",0,0.93
speedrunner,meatboy,6,Saw,0,0,565.0,0.469,"[(73.0, 461.0), (120.3, 467.3), (200.3, 467.0), (280.3, 467.9), (360.3, 467.3), (440.3, 467.0), (520.3, 467.9), (600.3, 467.3)]",0,0.93
speedrunner,meatboy,6,Saw,0,0,565.0,0.469,"[(73.0, 461.0), (120.3, 467.3), (200.3, 467.0), (280.3, 467.9), (360.3, 467.3), (440.3, 467.0), (520.3, 467.9), (600.3, 467.3)]",0,0.93
speedrunner,meatboy,6,Saw,0,0,565.0,0.469,"[(73.0, 461.0), (120.3, 467.3), (200.3, 467.0), (280.3, 467.9), (360.3, 467.3), (440.3, 467.0), (520.3, 467.9), (600.3, 467.3)]",0,0.93
speedrunner,meatboy,6,Saw,0,0,565.0,0.469,"[(73.0, 461.0), (120.3, 467.3), (200.3, 467.0), (280.3, 467.9), (360.3, 467.3), (440.3, 467.0), (520.3, 467.9), (600.3, 467.3)]",0,0.93
speedrunner,meatboy,6,Saw,0,0,565.0,0.469,"[(73.0, 461.0), (120.3, 467.3), (200.3, 467.0), (280.3, 467.9), (360.3, 467.3), (440.3, 467.0), (520.3, 467.9), (600.3, 467.3)]",0,0.93
speedrunner,meatboy,6,Saw,0,0,565.0,0.469,"[(73.0, 461.0), (120.3, 467.3), (200.3, 467.0), (280.3, 467.9), (360.3, 467.3), (440.3, 467.0), (520.3, 467.9), (600.3, 467.3)]",0,0.93
speedrunner,meatboy,6,Saw,0,0,565.0,0.469,"[(73.0, 461.0), (120.3, 467.3), (200.3, 467.0), (280.3, 467.9), (360.3, 467.3), (440.3, 467.0), (520.3, 467.9), (600.3, 467.3)]",0,0.93
speedrunner,meatboy,6,Saw,0,0,565.0,0.469,"[(73.0, 461.0), (120.3, 467.3), (200.3, 467.0), (280.3, 467.9), (360.3, 467.3), (440.3, 467.0), (520.3, 467.9), (600.3, 467.3)]",0,0.93
speedrunner,meatboy,6,Saw,0,0,565.0,0.469,"[(73.0, 461.0), (120.3, 467.3), (200.3, 467.0), (280.3, 467.9), (360.3, 467.3), (440.3, 467.0), (520.3, 467.9), (600.3, 467.3)]",0,0.93
speedrunner,meatboy,6,Saw,0,0,565.0,0.469,"[(73.0, 461.0), (120.3, 467.3), (200.3, 467.0), (280.3, 467.9), (360.3, 467.3), (440.3, 467.0), (520.3, 467.9), (600.3, 467.3)]",0,0.93
speedrunner,meatboy,6,Saw,0,0,565.0,0.469,"[(73.0, 461.0), (120.3, 467.3), (200.3, 467.0), (280.3, 467.9), (360.3, 467.3), (440.3, 467.0), (520.3, 467.9), (600.3, 467.3)]",0,0.93
speedrunner,meatboy,6,Saw,0,0,565.0,0.469,"[(73.0, 461.0), (120.3, 467.3), (200.3, 467.0), (280.3, 467.9), (360.3, 467.3), (440.3, 467.0), (520.3, 467.9), (600.3, 467.3)]",0,0.93
speedrunner,meatboy,6,Saw,0,0,565.0,0.469,"[(73.0, 461.0), (120.3, 467.3), (200.3, 467.0), (280.3, 467.9), (360.3, 467.3), (440.3, 467.0), (520.3, 467.9), (600.3, 467.3)]",0,0.93
speedrunner,meatboy,6,Saw,0,0,565.0,0.469,"[(73.0, 461.0), (120.3, 467.3), (200.3, 467.0), (280.3, 467.9), (360.3, 467.3), (440.3, 467.0), (520.3, 467.9), (600.3, 467.3)]",0,0.93
speedrunner,meatboy,6,Saw,0,0,565.0,0.469,"[(73.0, 461.0), (120.3, 467.3), (200.3, 467.0), (280.3, 467.9), (360.3, 467.3), (440.3, 467.0), (520.3, 467.9), (600.3, 467.3)]",0,0.93
speedrunner,meatboy,6,Saw,0,0,565.0,0.469,"[(73.0, 461.0), (120.3, 467.3), (200.3, 467.0), (280.3, 467.9), (360.3, 467.3), (440.3, 467.0), (520.3, 467.9), (600.3, 467.3)]",0,0.93
speedrunner,meatboy,6,Saw,0,0,565.0,0.469,"[(73.0, 461.0), (120.3, 467.3), (200.3, 467.0), (280.3, 467.9), (360.3, 467.3), (440.3, 467.0), (520.3, 467.9), (600.3, 467.3)]",0,0.93
speedrunner,meatboy,6,Saw,0,0,565.0,0.469,"[(73.0, 461.0), (120.3, 467.3), (200.3, 467.0), (280.3, 467.9), (360.3, 467.3), (440.3, 467.0), (520.3, 467.9), (600.3, 467.3)]",0,0.93
speedrunner,meatboy,6,Saw,0,0,565.0,0.469,"[(73.0, 461.0), (120.3, 467.3), (200.3, 467.0), (280.3, 467.9), (360.3, 467.3), (440.3, 467.0), (520.3, 467.9), (600.3, 467.3)]",0,0.93
speedrunner,meatboy,6,Saw,0,0,565.0,0.469,"[(73.0, 461.0), (120.3, 467.3), (200.3, 467.0), (280.3, 467.9), (360.3, 467.3), (440.3, 467.0), (520.3, 467.9), (600.3, 467.3)]",0,0.93
speedrunner,meatboy,6,Saw,0,0,565.0,0.469,"[(73.0, 461.0), (120.3, 467.3), (200.3, 467.0), (280.3, 467.9), (360.3, 467.3), (440.3, 467.0), (520.3, 467.9), (600.3, 467.3)]",0,0.93
speedrunner,meatboy,6,Saw,0,0,565.0,0.469,"[(73.0, 461.0), (120.3, 467.3), (200.3, 467.0), (280.3, 467.9), (360.3, 467.3), (440.3, 467.0), (520.3, 467.9), (600.3, 467.3)]",0,0.93
speedrunner,meatboy,6,Saw,0,0,565.0,0.469,"[(73.0, 461.0), (120.3, 467.3), (200.3, 467.0), (280.3, 467.9), (360.3, 467.3), (440.3, 467.0), (520.3, 467.9), (600.3, 467.3)]",0,0.93
speedrunner,meatboy,6,Saw,0,0,565.0,0.469,"[(73.0, 461.0), (120.3, 467.3), (200.3, 467.0), (280.3, 467.9), (360.3, 467.3), (440.3, 467.0), (520.3, 467.9), (600.3, 467.3)]",0,0.93
speedrunner,meatboy,6,Saw,0,0,565.0,0.469,"[(73.0, 461.0), (120.3, 467.3), (200.3, 467.0), (280.3, 467.9), (360.3, 467.3), (440.3, 467.0), (520.3, 467.9), (600.3, 467.3)]",0,0.93
speedrunner,meatboy,6,Saw,0,0,565.0,0.469,"[(73.0, 461.0), (120.3, 467.3), (200.3, 467.0), (280.3, 467.9), (360.3, 467.3), (440.3, 467.0), (520.3, 467.9), (600.3, 467.3)]",0,0.93
speedrunner,meatboy,6,Saw,0,0,565.0,0.469,"[(73.0, 461.0), (120.3, 467.3), (200.3, 467.0), (280.3, 467.9), (360.3, 467.3), (440.3, 467.0), (520.3, 467.9), (600.3, 467.3)]",0,0.93
speedrunner,meatboy,6,Saw,0,0,565.0,0.469,"[(73.0, 461.0), (120.3, 467.3), (200.3, 467.0), (280.3, 467.9), (360.3, 467.3), (440.3, 467.0), (520.3, 467.9), (600.3, 467.3)]",0,0.93
speedrunner,meatboy,6,Saw,0,0,565.0,0.469,"[(73.0, 461.0), (120.3, 467.3), (200.3, 467.0), (280.3, 467.9), (360.3, 467.3), (440.3, 467.0), (520.3, 467.9), (600.3, 467.3)]",0,0.93
speedrunner,meatboy,6,Saw,0,0,565.0,0.469,"[(73.0, 461.0), (120.3, 467.3), (200.3, 467.0), (280.3, 467.9), (360.3, 467.3), (440.3, 467.0), (520.3, 467.9), (600.3, 467.3)]",0,0.93
speedrunner,meatboy,6,Saw,0,0,565.0,0.469,"[(73.0, 461.0), (120.3, 467.3), (200.3, 467.0), (280.3, 467.9), (360.3, 467.3), (440.3, 467.0), (520.3, 467.9), (600.3, 467.3)]",0,0.93
speedrunner,meatboy,6,Saw,0,0,565.0,0.469,"[(73.0, 461.0), (120.3, 467.3), (200.3, 467.0), (280.3, 467.9), (360.3, 467.3), (440.3, 467.0), (520.3, 467.9), (600.3, 467.3)]",0,0.93
speedrunner,meatboy,6,Saw,0,0,565.0,0.469,"[(73.0, 461.0), (120.3, 467.3), (200.3, 467.0), (280.3, 467.9), (360.3, 467.3), (440.3, 467.0), (520.3, 467.9), (600.3, 467.3)]",0,0.93
speedrunner,meatboy,6,Saw,0,0,565.0,0.469,"[(73.0, 461.0), (120.3, 467.3), (200.3, 467.0), (280.3, 467.9), (360.3, 467.3), (440.3, 467.0), (520.3, 467.9), (600.3, 467.3)]",0,0.93
speedrunner,meatboy,6,Saw,0,0,565.0,0.469,"[(73.0, 461.0), (120.3, 467.3), (200.3, 467.0), (280.3, 467.9), (360.3, 467.3), (440.3, 467.0), (520.3, 467.9), (600.3, 467.3)]",0,0.93
speedrunner,meatboy,6,Saw,0,0,565.0,0.469,"[(73.0, 461.0), (120.3, 467.3), (200.3, 467.0), (280.3, 467.9), (360.3, 467.3), (440.3, 467.0), (520.3, 467.9), (600.3, 467.3)]",0,0.93
speedrunner,meatboy,6,Saw,0,0,565.0,0.469,"[(73.0, 461.0), (120.3, 467.3), (200.3, 467.0), (280.3, 467.9), (360.3, 467.3), (440.3, 467.0), (520.3, 467.9), (600.3, 467.3)]",0,0.93
speedrunner,meatboy,6,Saw,0,0,565.0,0.469,"[(73.0, 461.0), (120.3, 467.3), (200.3, 467.0), (280.3, 467.9), (360.3, 467.3), (440.3, 467.0), (520.3, 467.9), (600.3, 467.3)]",0,0.93
speedrunner,meatboy,6,Saw,0,0,565.0,0.469,"[(73.0, 461.0), (120.3, 467.3), (200.3, 467.0), (280.3, 467.9), (360.3, 467.3), (440.3, 467.0), (520.3, 467.9), (600.3, 467.3)]",0,0.93
speedrunner,meatboy,6,Saw,1,0,565.0,0.469,"[(73.0, 461.0), (120.3, 457.3), (200.3, 450.2), (280.3, 462.0), (360.3, 467.9), (440.3, 467.3), (520.3, 467.0), (600.3, 467.9)]",0,0.93
speedrunner,meatboy,6,Saw,1,0,565.0,0.469,"[(73.0, 461.0), (120.3, 457.3), (200.3, 450.2), (280.3, 462.0), (360.3, 467.9), (440.3, 467.3), (520.3, 467.0), (600.3, 467.9)]",0,0.93
speedrunner,meatboy,6,Saw,0,0,565.0,0.469,"[(73.0, 461.0), (120.3, 467.3), (200.3, 467.0), (280.3, 467.9), (360.3, 467.3), (440.3, 467.0), (520.3, 467.9), (600.3, 467.3)]",0,0.93
speedrunner,meatboy,6,Saw,0,0,565.0,0.469,"[(73.0, 461.0), (120.3, 467.3), (200.3, 467.0), (280.3, 467.9), (360.3, 467.3), (440.3, 467.0), (520.3, 467.9), (600.3, 467.3)]",0,0.93
speedrunner,meatboy,6,Saw,0,0,565.0,0.469,"[(73.0, 461.0), (120.3, 467.3), (200.3, 467.0), (280.3, 467.9), (360.3, 467.3), (440.3, 467.0), (520.3, 467.9), (600.3, 467.3)]",0,0.93
speedrunner,meatboy,6,Saw,0,0,565.0,0.469,"[(73.0, 461.0), (120.3, 467.3), (200.3, 467.0), (280.3, 467.9), (360.3, 467.3), (440.3, 467.0), (520.3, 467.9), (600.3, 467.3)]",0,0.93
speedrunner,meatboy,6,Saw,1,0,565.0,0.469,"[(73.0, 461.0), (120.3, 452.1), (200.3, 429.3), (280.3, 437.2), (360.3, 464.3), (440.3, 467.3), (520.3, 467.0), (600.3, 467.9)]",0,0.93
speedrunner,meatboy,6,Saw,2,0,545.52,0.469,"[(73.0, 461.0), (101.0, 457.3), (180.3, 450.2), (260.3, 462.0), (340.3, 467.9), (420.3, 467.3), (500.3, 467.0), (580.3, 467.9)]",0,0.97
speedrunner,meatboy,6,Saw,1,0,565.0,0.469,"[(73.0, 461.0), (120.3, 457.3), (200.3, 450.2), (280.3, 462.0), (360.3, 467.9), (440.3, 467.3), (520.3, 467.0), (600.3, 467.9)]",0,0.93
speedrunner,meatboy,6,Saw,0,0,565.0,0.469,"[(73.0, 461.0), (120.3, 467.3), (200.3, 467.0), (280.3, 467.9), (360.3, 467.3), (440.3, 467.0), (520.3, 467.9), (600.3, 467.3)]",0,0.93
speedrunner,meatboy,6,Saw,0,0,565.0,0.469,"[(73.0, 461.0), (120.3, 467.3), (200.3, 467.0), (280.3, 467.9), (360.3, 467.3), (440.3, 467.0), (520.3, 467.9), (600.3, 467.3)]",0,0.93
speedrunner,meatboy,6,Saw,0,0,565.0,0.469,"[(73.0, 461.0), (120.3, 467.3), (200.3, 467.0), (280.3, 467.9), (360.3, 467.3), (440.3, 467.0), (520.3, 467.9), (600.3, 467.3)]",0,0.93
speedrunner,meatboy,6,Saw,0,0,565.0,0.469,"[(73.0, 461.0), (120.3, 467.3), (200.3, 467.0), (280.3, 467.9), (360.3, 467.3), (440.3, 467.0), (520.3, 467.9), (600.3, 467.3)]",0,0.93
speedrunner,meatboy,6,Saw,1,0,565.0,0.469,"[(73.0, 461.0), (120.3, 457.3), (200.3, 450.2), (280.3, 462.0), (360.3, 467.9), (440.3, 467.3), (520.3, 467.0), (600.3, 467.9)]",0,0.93
speedrunner,meatboy,6,Saw,2,0,545.52,0.469,"[(73.0, 461.0), (101.0, 457.3), (180.3, 450.2), (260.3, 462.0), (340.3, 467.9), (420.3, 467.3), (500.3, 467.0), (580.3, 467.9)]",0,0.97
speedrunner,meatboy,6,Saw,0,0,565.0,0.469,"[(73.0, 461.0), (120.3, 467.3), (200.3, 467.0), (280.3, 467.9), (360.3, 467.3), (440.3, 467.0), (520.3, 467.9), (600.3, 467.3)]",0,0.93
speedrunner,meatboy,6,Saw,1,0,510.32,0.469,"[(73.0, 461.0), (77.0, 467.3), (140.3, 467.0), (220.3, 467.9), (300.3, 467.3), (380.3, 467.0), (460.3, 467.9), (540.3, 467.3)]",0,1.03
speedrunner,meatboy,6,Saw,1,0,565.0,0.469,"[(73.0, 461.0), (120.3, 467.3), (200.3, 467.0), (280.3, 467.9), (360.3, 467.3), (440.3, 467.0), (520.3, 467.9), (600.3, 467.3)]",0,0.93
speedrunner,meatboy,6,Saw,1,0,398.48,0.469,"[(73.0, 461.0), (120.3, 459.3), (183.0, 415.1), (183.0, 410.4), (183.0, 424.6), (211.0, 457.6), (290.3, 467.0), (370.3, 467.9), (450.3, 467.3), (530.3, 467.0)]",0,1.32
speedrunner,meatboy,6,Saw,0,0,565.0,0.469,"[(73.0, 461.0), (120.3, 467.3), (200.3, 467.0), (280.3, 467.9), (360.3, 467.3), (440.3, 467.0), (520.3, 467.9), (600.3, 467.3)]",0,0.93
speedrunner,meatboy,6,Saw,0,0,565.0,0.469,"[(73.0, 461.0), (120.3, 467.3), (200.3, 467.0), (280.3, 467.9), (360.3, 467.3), (440.3, 467.0), (520.3, 467.9), (600.3, 467.3)]",0,0.93
speedrunner,meatboy,6,Saw,0,0,565.0,0.469,"[(73.0, 461.0), (120.3, 467.3), (200.3, 467.0), (280.3, 467.9), (360.3, 467.3), (440.3, 467.0), (520.3, 467.9), (600.3, 467.3)]",0,0.93
speedrunner,meatboy,6,Saw,0,0,565.0,0.469,"[(73.0, 461.0), (120.3, 467.3), (200.3, 467.0), (280.3, 467.9), (360.3, 467.3), (440.3, 467.0), (520.3, 467.9), (600.3, 467.3)]",0,0.93
speedrunner,meatboy,6,Saw,1,0,398.48,0.469,"[(73.0, 461.0), (120.3, 459.3), (183.0, 415.1), (183.0, 410.4), (183.0, 424.6), (211.0, 457.6), (290.3, 467.0), (370.3, 467.9), (450.3, 467.3), (530.3, 467.0)]",0,1.32
speedrunner,meatboy,6,Saw,1,0,565.0,0.469,"[(73.0, 461.0), (120.3, 467.3), (200.3, 467.0), (280.3, 467.9), (360.3, 467.3), (440.3, 467.0), (520.3, 467.9), (600.3, 467.3)]",0,0.93
speedrunner,meatboy,6,Saw,0,0,565.0,0.469,"[(73.0, 461.0), (120.3, 467.3), (200.3, 467.0), (280.3, 467.9), (360.3, 467.3), (440.3, 467.0), (520.3, 467.9), (600.3, 467.3)]",0,0.93
speedrunner,meatboy,6,Saw,4,0,565.0,0.469,"[(73.0, 461.0), (120.3, 452.1), (200.3, 442.7), (280.3, 452.1), (360.3, 455.8), (440.3, 451.1), (520.3, 465.2), (600.3, 467.3)]",0,0.93
speedrunner,meatboy,6,Saw,2,0,565.0,0.469,"[(73.0, 461.0), (120.3, 452.1), (200.3, 442.7), (280.3, 452.1), (360.3, 457.1), (440.3, 450.0), (520.3, 461.8), (600.3, 467.9)]",0,0.93
speedrunner,meatboy,6,Saw,0,0,565.0,0.469,"[(73.0, 461.0), (120.3, 467.3), (200.3, 467.0), (280.3, 467.9), (360.3, 467.3), (440.3, 467.0), (520.3, 467.9), (600.3, 467.3)]",0,0.93
speedrunner,meatboy,6,Saw,0,0,565.0,0.469,"[(73.0, 461.0), (120.3, 467.3), (200.3, 467.0), (280.3, 467.9), (360.3, 467.3), (440.3, 467.0), (520.3, 467.9), (600.3, 467.3)]",0,0.93
speedrunner,meatboy,6,Saw,1,0,565.0,0.469,"[(73.0, 461.0), (120.3, 457.3), (200.3, 450.2), (280.3, 462.0), (360.3, 467.9), (440.3, 467.3), (520.3, 467.0), (600.3, 467.9)]",0,0.93
speedrunner,meatboy,6,Saw,1,0,565.0,0.469,"[(73.0, 461.0), (120.3, 457.3), (200.3, 450.2), (280.3, 462.0), (360.3, 467.9), (440.3, 467.3), (520.3, 467.0), (600.3, 467.9)]",0,0.93
speedrunner,meatboy,6,Saw,0,0,565.0,0.469,"[(73.0, 461.0), (120.3, 467.3), (200.3, 467.0), (280.3, 467.9), (360.3, 467.3), (440.3, 467.0), (520.3, 467.9), (600.3, 467.3)]",0,0.93
speedrunner,meatboy,6,Saw,0,0,565.0,0.469,"[(73.0, 461.0), (120.3, 467.3), (200.3, 467.0), (280.3, 467.9), (360.3, 467.3), (440.3, 467.0), (520.3, 467.9), (600.3, 467.3)]",0,0.93
speedrunner,meatboy,6,Saw,2,0,565.0,0.469,"[(73.0, 461.0), (120.3, 452.1), (200.3, 442.7), (280.3, 452.1), (360.3, 457.1), (440.3, 450.0), (520.3, 461.8), (600.3, 467.9)]",0,0.93
speedrunner,meatboy,6,Saw,0,0,565.0,0.469,"[(73.0, 461.0), (120.3, 467.3), (200.3, 467.0), (280.3, 467.9), (360.3, 467.3), (440.3, 467.0), (520.3, 467.9), (600.3, 467.3)]",0,0.93
speedrunner,meatboy,6,Saw,1,0,565.0,0.469,"[(73.0, 461.0), (120.3, 452.1), (200.3, 442.7), (280.3, 452.1), (360.3, 467.9), (440.3, 467.3), (520.3, 467.0), (600.3, 467.9)]",0,0.93
speedrunner,meatboy,6,Saw,0,0,565.0,0.469,"[(73.0, 461.0), (120.3, 467.3), (200.3, 467.0), (280.3, 467.9), (360.3, 467.3), (440.3, 467.0), (520.3, 467.9), (600.3, 467.3)]",0,0.93
speedrunner,meatboy,6,Saw,0,0,565.0,0.469,"[(73.0, 461.0), (120.3, 467.3), (200.3, 467.0), (280.3, 467.9), (360.3, 467.3), (440.3, 467.0), (520.3, 467.9), (600.3, 467.3)]",0,0.93
speedrunner,meatboy,6,Saw,0,0,565.0,0.469,"[(73.0, 461.0), (120.3, 467.3), (200.3, 467.0), (280.3, 467.9), (360.3, 467.3), (440.3, 467.0), (520.3, 467.9), (600.3, 467.3)]",0,0.93
speedrunner,meatboy,6,Saw,0,0,565.0,0.469,"[(73.0, 461.0), (120.3, 467.3), (200.3, 467.0), (280.3, 467.9), (360.3, 467.3), (440.3, 467.0), (520.3, 467.9), (600.3, 467.3)]",0,0.93
speedrunner,meatboy,6,Saw,0,0,565.0,0.469,"[(73.0, 461.0), (120.3, 467.3), (200.3, 467.0), (280.3, 467.9), (360.3, 467.3), (440.3, 467.0), (520.3, 467.9), (600.3, 467.3)]",0,0.93
speedrunner,meatboy,6,Saw,0,0,565.0,0.469,"[(73.0, 461.0), (120.3, 467.3), (200.3, 467.0), (280.3, 467.9), (360.3, 467.3), (440.3, 467.0), (520.3, 467.9), (600.3, 467.3)]",0,0.93
speedrunner,meatboy,6,Saw,0,0,565.0,0.469,"[(73.0, 461.0), (120.3, 467.3), (200.3, 467.0), (280.3, 467.9), (360.3, 467.3), (440.3, 467.0), (520.3, 467.9), (600.3, 467.3)]",0,0.93
speedrunner,meatboy,6,Saw,0,0,565.0,0.469,"[(73.0, 461.0), (120.3, 467.3), (200.3, 467.0), (280.3, 467.9), (360.3, 467.3), (440.3, 467.0), (520.3, 467.9), (600.3, 467.3)]",0,0.93
speedrunner,meatboy,6,Saw,1,0,565.0,0.469,"[(73.0, 461.0), (120.3, 467.3), (200.3, 467.0), (280.3, 467.9), (360.3, 467.3), (440.3, 467.0), (520.3, 467.9), (600.3, 467.3)]",0,0.93
speedrunner,meatboy,6,Saw,0,0,565.0,0.469,"[(73.0, 461.0), (120.3, 467.3), (200.3, 467.0), (280.3, 467.9), (360.3, 467.3), (440.3, 467.0), (520.3, 467.9), (600.3, 467.3)]",0,0.93
speedrunner,meatboy,6,Stuck,0,0,0.0,0.057,"[(73.0, 461.0), (73.0, 467.3), (73.0, 467.0), (73.0, 467.9), (73.0, 467.3), (73.0, 467.0), (73.0, 467.9), (73.0, 467.3), (73.0, 467.0), (73.0, 467.9), (73.0, 467.3), (73.0, 467.0), (73.0, 467.9), (73.0, 467.3), (73.0, 467.0), (73.0, 467.9), (73.0, 467.3), (73.0, 467.0), (73.0, 467.9), (73.0, 467.3), (73.0, 467.0), (73.0, 467.9), (73.0, 467.3), (73.0, 467.0), (73.0, 467.9), (73.0, 467.3), (73.0, 467.0), (73.0, 467.9), (73.0, 467.3), (73.0, 467.0), (73.0, 467.9), (73.0, 467.3), (73.0, 467.0), (73.0, 467.9), (73.0, 467.3), (73.0, 467.0), (73.0, 467.9), (73.0, 467.3)]",0,5.02
speedrunner,meatboy,6,Saw,2,0,565.0,0.469,"[(73.0, 461.0), (120.3, 457.3), (200.3, 450.2), (280.3, 462.0), (360.3, 452.2), (440.3, 452.3), (520.3, 467.0), (600.3, 467.9)]",0,0.93
speedrunner,meatboy,6,Saw,1,0,379.28,0.469,"[(73.0, 461.0), (120.3, 452.1), (183.0, 406.2), (183.0, 399.2), (183.0, 411.0), (187.0, 441.6), (250.3, 467.0), (330.3, 467.9), (410.3, 467.3), (490.3, 467.0), (570.3, 467.9)]",0,1.38
speedrunner,meatboy,6,Stuck,0,0,-10.6,0.015,"[(73.0, 461.0), (32.0, 467.3), (19.8, 467.0), (19.8, 467.9), (19.8, 467.3), (19.8, 467.0), (19.8, 467.9), (19.8, 467.3), (19.8, 467.0), (19.8, 467.9), (19.8, 467.3), (19.8, 467.0), (19.8, 467.9), (19.8, 467.3), (19.8, 467.0), (19.8, 467.9), (19.8, 467.3), (19.8, 467.0), (19.8, 467.9), (19.8, 467.3), (19.8, 467.0), (19.8, 467.9), (19.8, 467.3), (19.8, 467.0), (19.8, 467.9), (19.8, 467.3), (19.8, 467.0), (19.8, 467.9), (19.8, 467.3), (19.8, 467.0), (19.8, 467.9), (19.8, 467.3), (19.8, 467.0), (19.8, 467.9), (19.8, 467.3), (19.8, 467.0), (19.8, 467.9), (19.8, 467.3)]",0,5.02
speedrunner,meatboy,6,Saw,1,0,379.28,0.469,"[(73.0, 461.0), (120.3, 452.1), (183.0, 406.2), (183.0, 399.2), (183.0, 411.0), (187.0, 441.6), (250.3, 467.0), (330.3, 467.9), (410.3, 467.3), (490.3, 467.0), (570.3, 467.9)]",0,1.38
speedrunner,meatboy,6,Saw,2,0,565.0,0.469,"[(73.0, 461.0), (120.3, 457.3), (200.3, 450.2), (280.3, 462.0), (360.3, 452.2), (440.3, 452.3), (520.3, 467.0), (600.3, 467.9)]",0,0.93
speedrunner,meatboy,6,Saw,0,0,565.0,0.469,"[(73.0, 461.0), (120.3, 467.3), (200.3, 467.0), (280.3, 467.9), (360.3, 467.3), (440.3, 467.0), (520.3, 467.9), (600.3, 467.3)]",0,0.93
speedrunner,meatboy,6,Saw,1,0,565.0,0.469,"[(73.0, 461.0), (120.3, 467.3), (200.3, 467.0), (280.3, 467.9), (360.3, 467.3), (440.3, 467.0), (520.3, 467.9), (600.3, 467.3)]",0,0.93
speedrunner,meatboy,6,Saw,0,0,565.0,0.469,"[(73.0, 461.0), (120.3, 467.3), (200.3, 467.0), (280.3, 467.9), (360.3, 467.3), (440.3, 467.0), (520.3, 467.9), (600.3, 467.3)]",0,0.93
speedrunner,meatboy,6,Saw,0,0,565.0,0.469,"[(73.0, 461.0), (120.3, 467.3), (200.3, 467.0), (280.3, 467.9), (360.3, 467.3), (440.3, 467.0), (520.3, 467.9), (600.3, 467.3)]",0,0.93
speedrunner,meatboy,6,Saw,3,0,565.0,0.469,"[(73.0, 461.0), (120.3, 457.3), (200.3, 450.2), (280.3, 462.0), (360.3, 467.9), (440.3, 467.3), (520.3, 467.0), (600.3, 467.9)]",0,0.93
speedrunner,meatboy,6,Saw,3,0,565.0,0.469,"[(73.0, 461.0), (120.3, 457.3), (200.3, 450.2), (280.3, 462.0), (360.3, 452.1), (440.3, 454.5), (520.3, 457.1), (600.3, 450.0)]",0,0.93
speedrunner,meatboy,6,Pit,0,0,-557.39,0.0,"[(73.0, 461.0), (25.7, 467.3), (-54.3, 473.2), (-134.3, 497.9), (-214.3, 541.5), (-294.3, 603.9)]",0,0.77
speedrunner,meatboy,6,Saw,0,0,565.0,0.469,"[(73.0, 461.0), (120.3, 467.3), (200.3, 467.0), (280.3, 467.9), (360.3, 467.3), (440.3, 467.0), (520.3, 467.9), (600.3, 467.3)]",0,0.93
speedrunner,meatboy,6,Saw,0,0,565.0,0.469,"[(73.0, 461.0), (120.3, 467.3), (200.3, 467.0), (280.3, 467.9), (360.3, 467.3), (440.3, 467.0), (520.3, 467.9), (600.3, 467.3)]",0,0.93
speedrunner,meatboy,6,Saw,3,0,565.0,0.469,"[(73.0, 461.0), (120.3, 457.3), (200.3, 450.2), (280.3, 462.0), (360.3, 452.1), (440.3, 454.5), (520.3, 457.1), (600.3, 450.0)]",0,0.93
speedrunner,meatboy,6,Saw,3,0,565.0,0.469,"[(73.0, 461.0), (120.3, 457.3), (200.3, 450.2), (280.3, 462.0), (360.3, 467.9), (440.3, 467.3), (520.3, 467.0), (600.3, 467.9)]",0,0.93
speedrunner,meatboy,6,Saw,0,0,565.0,0.469,"[(73.0, 461.0), (120.3, 467.3), (200.3, 467.0), (280.3, 467.9), (360.3, 467.3), (440.3, 467.0), (520.3, 467.9), (600.3, 467.3)]",0,0.93
speedrunner,meatboy,6,Saw,2,0,565.0,0.469,"[(73.0, 461.0), (120.3, 457.3), (200.3, 450.2), (280.3, 462.0), (360.3, 452.2), (440.3, 452.3), (520.3, 467.0), (600.3, 467.9)]",0,0.93
speedrunner,meatboy,6,Saw,0,0,565.0,0.469,"[(73.0, 461.0), (120.3, 467.3), (200.3, 467.0), (280.3, 467.9), (360.3, 467.3), (440.3, 467.0), (520.3, 467.9), (600.3, 467.3)]",0,0.93
speedrunner,meatboy,6,Saw,2,0,565.0,0.469,"[(73.0, 461.0), (120.3, 457.3), (200.3, 450.2), (280.3, 462.0), (360.3, 452.1), (440.3, 454.5), (520.3, 467.9), (600.3, 467.3)]",0,0.93
speedrunner,meatboy,6,Saw,3,0,565.0,0.469,"[(73.0, 461.0), (120.3, 457.3), (200.3, 450.2), (280.3, 462.0), (360.3, 452.1), (440.3, 454.5), (520.3, 457.1), (600.3, 450.0)]",0,0.93
speedrunner,meatboy,6,Saw,1,0,565.0,0.469,"[(73.0, 461.0), (120.3, 467.3), (200.3, 467.0), (280.3, 467.9), (360.3, 467.3), (440.3, 467.0), (520.3, 467.9), (600.3, 467.3)]",0,0.93
speedrunner,meatboy,6,Saw,0,0,565.0,0.469,"[(73.0, 461.0), (120.3, 467.3), (200.3, 467.0), (280.3, 467.9), (360.3, 467.3), (440.3, 467.0), (520.3, 467.9), (600.3, 467.3)]",0,0.93
speedrunner,meatboy,6,Saw,0,0,565.0,0.469,"[(73.0, 461.0), (120.3, 467.3), (200.3, 467.0), (280.3, 467.9), (360.3, 467.3), (440.3, 467.0), (520.3, 467.9), (600.3, 467.3)]",0,0.93
speedrunner,meatboy,6,Saw,1,0,565.0,0.469,"[(73.0, 461.0), (120.3, 467.3), (200.3, 467.0), (280.3, 467.9), (360.3, 467.3), (440.3, 467.0), (520.3, 467.9), (600.3, 467.3)]",0,0.93
speedrunner,meatboy,6,Saw,3,0,565.0,0.469,"[(73.0, 461.0), (120.3, 457.3), (200.3, 450.2), (280.3, 462.0), (360.3, 452.1), (440.3, 454.5), (520.3, 457.1), (600.3, 450.0)]",0,0.93
speedrunner,meatboy,6,Saw,2,0,565.0,0.469,"[(73.0, 461.0), (120.3, 457.3), (200.3, 450.2), (280.3, 462.0), (360.3, 452.1), (440.3, 454.5), (520.3, 467.9), (600.3, 467.3)]",0,0.93
speedrunner,meatboy,6,Saw,1,0,565.0,0.469,"[(73.0, 461.0), (120.3, 467.3), (200.3, 467.0), (280.3, 467.9), (360.3, 467.3), (440.3, 467.0), (520.3, 467.9), (600.3, 467.3)]",0,0.93
speedrunner,meatboy,6,Saw,0,0,565.0,0.469,"[(73.0, 461.0), (120.3, 467.3), (200.3, 467.0), (280.3, 467.9), (360.3, 467.3), (440.3, 467.0), (520.3, 467.9), (600.3, 467.3)]",0,0.93
speedrunner,meatboy,6,Saw,0,0,565.0,0.469,"[(73.0, 461.0), (120.3, 467.3), (200.3, 467.0), (280.3, 467.9), (360.3, 467.3), (440.3, 467.0), (520.3, 467.9), (600.3, 467.3)]",0,0.93
speedrunner,meatboy,6,Saw,1,0,565.0,0.469,"[(73.0, 461.0), (120.3, 467.3), (200.3, 452.5), (280.3, 452.6), (360.3, 467.3), (440.3, 467.0), (520.3, 467.9), (600.3, 467.3)]",0,0.93
speedrunner,meatboy,6,Saw,1,0,565.0,0.469,"[(73.0, 461.0), (120.3, 467.3), (200.3, 467.0), (280.3, 467.9), (360.3, 467.3), (440.3, 467.0), (520.3, 467.9), (600.3, 467.3)]",0,0.93
speedrunner,meatboy,6,Saw,0,0,565.0,0.469,"[(73.0, 461.0), (120.3, 467.3), (200.3, 467.0), (280.3, 467.9), (360.3, 467.3), (440.3, 467.0), (520.3, 467.9), (600.3, 467.3)]",0,0.93
speedrunner,meatboy,6,Saw,0,0,565.0,0.469,"[(73.0, 461.0), (120.3, 467.3), (200.3, 467.0), (280.3, 467.9), (360.3, 467.3), (440.3, 467.0), (520.3, 467.9), (600.3, 467.3)]",0,0.93
speedrunner,meatboy,6,Saw,1,0,565.0,0.469,"[(73.0, 461.0), (120.3, 467.3), (200.3, 467.0), (280.3, 467.9), (360.3, 467.3), (440.3, 467.0), (520.3, 467.9), (600.3, 467.3)]",0,0.93
speedrunner,meatboy,6,Saw,1,0,565.0,0.469,"[(73.0, 461.0), (120.3, 467.3), (200.3, 452.5), (280.3, 452.6), (360.3, 467.3), (440.3, 467.0), (520.3, 467.9), (600.3, 467.3)]",0,0.93
speedrunner,meatboy,6,Saw,0,0,565.0,0.469,"[(73.0, 461.0), (120.3, 467.3), (200.3, 467.0), (280.3, 467.9), (360.3, 467.3), (440.3, 467.0), (520.3, 467.9), (600.3, 467.3)]",0,0.93
speedrunner,meatboy,6,Saw,1,0,565.0,0.469,"[(73.0, 461.0), (120.3, 467.3), (200.3, 452.5), (280.3, 452.6), (360.3, 467.3), (440.3, 467.0), (520.3, 467.9), (600.3, 467.3)]",0,0.93
speedrunner,meatboy,6,Saw,1,0,565.0,0.469,"[(73.0, 461.0), (120.3, 467.3), (200.3, 467.0), (280.3, 467.9), (360.3, 467.3), (440.3, 467.0), (520.3, 467.9), (600.3, 467.3)]",0,0.93
speedrunner,meatboy,6,Saw,0,0,565.0,0.469,"[(73.0, 461.0), (120.3, 467.3), (200.3, 467.0), (280.3, 467.9), (360.3, 467.3), (440.3, 467.0), (520.3, 467.9), (600.3, 467.3)]",0,0.93
speedrunner,meatboy,6,Saw,0,0,565.0,0.469,"[(73.0, 461.0), (120.3, 467.3), (200.3, 467.0), (280.3, 467.9), (360.3, 467.3), (440.3, 467.0), (520.3, 467.9), (600.3, 467.3)]",0,0.93
speedrunner,meatboy,6,Saw,1,0,565.0,0.469,"[(73.0, 461.0), (120.3, 457.3), (200.3, 450.2), (280.3, 462.0), (360.3, 467.9), (440.3, 467.3), (520.3, 467.0), (600.3, 467.9)]",0,0.93
speedrunner,meatboy,6,Saw,1,0,388.64,0.469,"[(73.0, 461.0), (120.3, 459.3), (183.0, 411.4), (183.0, 404.4), (183.0, 416.2), (196.3, 446.8), (270.3, 467.3), (350.3, 467.0), (430.3, 467.9), (510.3, 467.3), (590.3, 467.0)]",0,1.35
speedrunner,meatboy,6,Saw,1,0,388.64,0.469,"[(73.0, 461.0), (120.3, 459.3), (183.0, 411.4), (183.0, 404.4), (183.0, 416.2), (196.3, 446.8), (270.3, 467.3), (350.3, 467.0), (430.3, 467.9), (510.3, 467.3), (590.3, 467.0)]",0,1.35
speedrunner,meatboy,6,Saw,1,0,565.0,0.469,"[(73.0, 461.0), (120.3, 457.3), (200.3, 450.2), (280.3, 462.0), (360.3, 467.9), (440.3, 467.3), (520.3, 467.0), (600.3, 467.9)]",0,0.93
speedrunner,meatboy,6,Saw,0,0,565.0,0.469,"[(73.0, 461.0), (120.3, 467.3), (200.3, 467.0), (280.3, 467.9), (360.3, 467.3), (440.3, 467.0), (520.3, 467.9), (600.3, 467.3)]",0,0.93
speedrunner,meatboy,6,Saw,0,0,565.0,0.469,"[(73.0, 461.0), (120.3, 467.3), (200.3, 467.0), (280.3, 467.9), (360.3, 467.3), (440.3, 467.0), (520.3, 467.9), (600.3, 467.3)]",0,0.93
speedrunner,meatboy,6,Saw,0,0,565.0,0.469,"[(73.0, 461.0), (120.3, 467.3), (200.3, 467.0), (280.3, 467.9), (360.3, 467.3), (440.3, 467.0), (520.3, 467.9), (600.3, 467.3)]",0,0.93
speedrunner,meatboy,6,Saw,0,0,565.0,0.469,"[(73.0, 461.0), (120.3, 467.3), (200.3, 467.0), (280.3, 467.9), (360.3, 467.3), (440.3, 467.0), (520.3, 467.9), (600.3, 467.3)]",0,0.93
speedrunner,meatboy,6,Saw,0,0,565.0,0.469,"[(73.0, 461.0), (120.3, 467.3), (200.3, 467.0), (280.3, 467.9), (360.3, 467.3), (440.3, 467.0), (520.3, 467.9), (600.3, 467.3)]",0,0.93
speedrunner,meatboy,6,Saw,0,0,565.0,0.469,"[(73.0, 461.0), (120.3, 467.3), (200.3, 467.0), (280.3, 467.9), (360.3, 467.3), (440.3, 467.0), (520.3, 467.9), (600.3, 467.3)]",0,0.93
speedrunner,meatboy,6,Saw,0,0,565.0,0.469,"[(73.0, 461.0), (120.3, 467.3), (200.3, 467.0), (280.3, 467.9), (360.3, 467.3), (440.3, 467.0), (520.3, 467.9), (600.3, 467.3)]",0,0.93
speedrunner,meatboy,6,Saw,1,0,565.0,0.469,"[(73.0, 461.0), (120.3, 467.3), (200.3, 467.0), (280.3, 467.9), (360.3, 467.3), (440.3, 467.0), (520.3, 467.9), (600.3, 467.3)]",0,0.93
speedrunner,meatboy,6,Saw,1,0,565.0,0.469,"[(73.0, 461.0), (120.3, 467.3), (200.3, 467.0), (280.3, 467.9), (360.3, 467.3), (440.3, 467.0), (520.3, 467.9), (600.3, 467.3)]",0,0.93
speedrunner,meatboy,6,Saw,0,0,565.0,0.469,"[(73.0, 461.0), (120.3, 467.3), (200.3, 467.0), (280.3, 467.9), (360.3, 467.3), (440.3, 467.0), (520.3, 467.9), (600.3, 467.3)]",0,0.93
speedrunner,meatboy,6,Saw,0,0,565.0,0.469,"[(73.0, 461.0), (120.3, 467.3), (200.3, 467.0), (280.3, 467.9), (360.3, 467.3), (440.3, 467.0), (520.3, 467.9), (600.3, 467.3)]",0,0.93
speedrunner,meatboy,6,Saw,0,0,565.0,0.469,"[(73.0, 461.0), (120.3, 467.3), (200.3, 467.0), (280.3, 467.9), (360.3, 467.3), (440.3, 467.0), (520.3, 467.9), (600.3, 467.3)]",0,0.93
speedrunner,meatboy,6,Saw,0,0,565.0,0.469,"[(73.0, 461.0), (120.3, 467.3), (200.3, 467.0), (280.3, 467.9), (360.3, 467.3), (440.3, 467.0), (520.3, 467.9), (600.3, 467.3)]",0,0.93
speedrunner,meatboy,6,Saw,0,0,565.0,0.469,"[(73.0, 461.0), (120.3, 467.3), (200.3, 467.0), (280.3, 467.9), (360.3, 467.3), (440.3, 467.0), (520.3, 467.9), (600.3, 467.3)]",0,0.93
speedrunner,meatboy,6,Saw,0,0,565.0,0.469,"[(73.0, 461.0), (120.3, 467.3), (200.3, 467.0), (280.3, 467.9), (360.3, 467.3), (440.3, 467.0), (520.3, 467.9), (600.3, 467.3)]",0,0.93
speedrunner,meatboy,6,Saw,1,0,565.0,0.469,"[(73.0, 461.0), (120.3, 467.3), (200.3, 467.0), (280.3, 467.9), (360.3, 467.3), (440.3, 467.0), (520.3, 467.9), (600.3, 467.3)]",0,0.93
speedrunner,meatboy,6,Saw,0,0,565.0,0.469,"[(73.0, 461.0), (120.3, 467.3), (200.3, 467.0), (280.3, 467.9), (360.3, 467.3), (440.3, 467.0), (520.3, 467.9), (600.3, 467.3)]",0,0.93
speedrunner,meatboy,6,Saw,0,0,565.0,0.469,"[(73.0, 461.0), (120.3, 467.3), (200.3, 467.0), (280.3, 467.9), (360.3, 467.3), (440.3, 467.0), (520.3, 467.9), (600.3, 467.3)]",0,0.93
speedrunner,meatboy,6,Saw,0,0,565.0,0.469,"[(73.0, 461.0), (120.3, 467.3), (200.3, 467.0), (280.3, 467.9), (360.3, 467.3), (440.3, 467.0), (520.3, 467.9), (600.3, 467.3)]",0,0.93
speedrunner,meatboy,6,Saw,0,0,565.0,0.469,"[(73.0, 461.0), (120.3, 467.3), (200.3, 467.0), (280.3, 467.9), (360.3, 467.3), (440.3, 467.0), (520.3, 467.9), (600.3, 467.3)]",0,0.93
speedrunner,meatboy,6,Saw,1,0,565.0,0.469,"[(73.0, 461.0), (120.3, 467.3), (200.3, 467.0), (280.3, 467.9), (360.3, 467.3), (440.3, 467.0), (520.3, 467.9), (600.3, 467.3)]",0,0.93
speedrunner,meatboy,6,Saw,0,0,565.0,0.469,"[(73.0, 461.0), (120.3, 467.3), (200.3, 467.0), (280.3, 467.9), (360.3, 467.3), (440.3, 467.0), (520.3, 467.9), (600.3, 467.3)]",0,0.93
speedrunner,meatboy,6,Saw,1,0,565.0,0.469,"[(73.0, 461.0), (120.3, 459.3), (200.3, 449.9), (280.3, 459.3), (360.3, 467.3), (440.3, 467.0), (520.3, 467.9), (600.3, 467.3)]",0,0.93
speedrunner,meatboy,6,Saw,1,0,565.0,0.469,"[(73.0, 461.0), (120.3, 457.3), (200.3, 450.2), (280.3, 462.0), (360.3, 467.9), (440.3, 467.3), (520.3, 467.0), (600.3, 467.9)]",0,0.93
speedrunner,meatboy,6,Saw,0,0,565.0,0.469,"[(73.0, 461.0), (120.3, 467.3), (200.3, 467.0), (280.3, 467.9), (360.3, 467.3), (440.3, 467.0), (520.3, 467.9), (600.3, 467.3)]",0,0.93
speedrunner,meatboy,6,Saw,0,0,565.0,0.469,"[(73.0, 461.0), (120.3, 467.3), (200.3, 467.0), (280.3, 467.9), (360.3, 467.3), (440.3, 467.0), (520.3, 467.9), (600.3, 467.3)]",0,0.93
speedrunner,meatboy,6,Saw,0,0,565.0,0.469,"[(73.0, 461.0), (120.3, 467.3), (200.3, 467.0), (280.3, 467.9), (360.3, 467.3), (440.3, 467.0), (520.3, 467.9), (600.3, 467.3)]",0,0.93
speedrunner,meatboy,6,Saw,1,0,565.0,0.469,"[(73.0, 461.0), (120.3, 467.3), (200.3, 452.5), (280.3, 452.6), (360.3, 467.3), (440.3, 467.0), (520.3, 467.9), (600.3, 467.3)]",0,0.93
speedrunner,meatboy,6,Saw,1,0,565.0,0.469,"[(73.0, 461.0), (120.3, 467.3), (200.3, 452.5), (280.3, 452.6), (360.3, 467.3), (440.3, 467.0), (520.3, 467.9), (600.3, 467.3)]",0,0.93
speedrunner,meatboy,6,Saw,0,0,565.0,0.469,"[(73.0, 461.0), (120.3, 467.3), (200.3, 467.0), (280.3, 467.9), (360.3, 467.3), (440.3, 467.0), (520.3, 467.9), (600.3, 467.3)]",0,0.93
speedrunner,meatboy,6,Saw,0,0,565.0,0.469,"[(73.0, 461.0), (120.3, 467.3), (200.3, 467.0), (280.3, 467.9), (360.3, 467.3), (440.3, 467.0), (520.3, 467.9), (600.3, 467.3)]",0,0.93
speedrunner,meatboy,6,Saw,0,0,565.0,0.469,"[(73.0, 461.0), (120.3, 467.3), (200.3, 467.0), (280.3, 467.9), (360.3, 467.3), (440.3, 467.0), (520.3, 467.9), (600.3, 467.3)]",0,0.93
speedrunner,meatboy,6,Saw,1,0,565.0,0.469,"[(73.0, 461.0), (120.3, 459.3), (200.3, 449.9), (280.3, 459.3), (360.3, 467.3), (440.3, 467.0), (520.3, 467.9), (600.3, 467.3)]",0,0.93
speedrunner,meatboy,6,Saw,1,0,565.0,0.469,"[(73.0, 461.0), (120.3, 467.3), (200.3, 467.0), (280.3, 467.9), (360.3, 467.3), (440.3, 467.0), (520.3, 467.9), (600.3, 467.3)]",0,0.93
speedrunner,meatboy,6,Saw,1,0,565.0,0.469,"[(73.0, 461.0), (120.3, 457.3), (200.3, 450.2), (280.3, 462.0), (360.3, 467.9), (440.3, 467.3), (520.3, 467.0), (600.3, 467.9)]",0,0.93
speedrunner,meatboy,6,Saw,0,0,565.0,0.469,"[(73.0, 461.0), (120.3, 467.3), (200.3, 467.0), (280.3, 467.9), (360.3, 467.3), (440.3, 467.0), (520.3, 467.9), (600.3, 467.3)]",0,0.93
speedrunner,meatboy,6,Saw,0,0,565.0,0.469,"[(73.0, 461.0), (120.3, 467.3), (200.3, 467.0), (280.3, 467.9), (360.3, 467.3), (440.3, 467.0), (520.3, 467.9), (600.3, 467.3)]",0,0.93
speedrunner,meatboy,6,Saw,0,0,565.0,0.469,"[(73.0, 461.0), (120.3, 467.3), (200.3, 467.0), (280.3, 467.9), (360.3, 467.3), (440.3, 467.0), (520.3, 467.9), (600.3, 467.3)]",0,0.93
speedrunner,meatboy,6,Saw,0,0,565.0,0.469,"[(73.0, 461.0), (120.3, 467.3), (200.3, 467.0), (280.3, 467.9), (360.3, 467.3), (440.3, 467.0), (520.3, 467.9), (600.3, 467.3)]",0,0.93
speedrunner,meatboy,6,Saw,0,0,565.0,0.469,"[(73.0, 461.0), (120.3, 467.3), (200.3, 467.0), (280.3, 467.9), (360.3, 467.3), (440.3, 467.0), (520.3, 467.9), (600.3, 467.3)]",0,0.93
speedrunner,meatboy,6,Saw,0,0,565.0,0.469,"[(73.0, 461.0), (120.3, 467.3), (200.3, 467.0), (280.3, 467.9), (360.3, 467.3), (440.3, 467.0), (520.3, 467.9), (600.3, 467.3)]",0,0.93
speedrunner,meatboy,6,Saw,1,0,565.0,0.469,"[(73.0, 461.0), (120.3, 457.3), (200.3, 450.2), (280.3, 462.0), (360.3, 467.9), (440.3, 467.3), (520.3, 467.0), (600.3, 467.9)]",0,0.93
speedrunner,meatboy,6,Saw,1,0,565.0,0.469,"[(73.0, 461.0), (120.3, 459.3), (200.3, 449.9), (280.3, 459.3), (360.3, 467.3), (440.3, 467.0), (520.3, 467.9), (600.3, 467.3)]",0,0.93
speedrunner,meatboy,6,Saw,0,0,565.0,0.469,"[(73.0, 461.0), (120.3, 467.3), (200.3, 467.0), (280.3, 467.9), (360.3, 467.3), (440.3, 467.0), (520.3, 467.9), (600.3, 467.3)]",0,0.93
speedrunner,meatboy,6,Saw,0,0,565.0,0.469,"[(73.0, 461.0), (120.3, 467.3), (200.3, 467.0), (280.3, 467.9), (360.3, 467.3), (440.3, 467.0), (520.3, 467.9), (600.3, 467.3)]",0,0.93
speedrunner,meatboy,6,Saw,2,0,403.59,0.469,"[(73.0, 461.0), (120.3, 452.1), (183.0, 413.7), (183.0, 411.4), (183.0, 427.9), (220.3, 463.2), (300.3, 429.0), (380.3, 439.6), (460.3, 467.0), (540.3, 467.9)]",0,1.3
speedrunner,meatboy,6,Saw,0,0,565.0,0.469,"[(73.0, 461.0), (120.3, 467.3), (200.3, 467.0), (280.3, 467.9), (360.3, 467.3), (440.3, 467.0), (520.3, 467.9), (600.3, 467.3)]",0,0.93
speedrunner,meatboy,6,Saw,1,0,565.0,0.469,"[(73.0, 461.0), (120.3, 459.3), (200.3, 449.9), (280.3, 459.3), (360.3, 467.3), (440.3, 467.0), (520.3, 467.9), (600.3, 467.3)]",0,0.93
speedrunner,meatboy,6,Saw,1,0,565.0,0.469,"[(73.0, 461.0), (120.3, 459.3), (200.3, 449.9), (280.3, 459.3), (360.3, 467.3), (440.3, 467.0), (520.3, 467.9), (600.3, 467.3)]",0,0.93
speedrunner,meatboy,6,Saw,0,0,565.0,0.469,"[(73.0, 461.0), (120.3, 467.3), (200.3, 467.0), (280.3, 467.9), (360.3, 467.3), (440.3, 467.0), (520.3, 467.9), (600.3, 467.3)]",0,0.93
speedrunner,meatboy,6,Saw,2,0,403.59,0.469,"[(73.0, 461.0), (120.3, 452.1), (183.0, 413.7), (183.0, 411.4), (183.0, 427.9), (220.3, 463.2), (300.3, 429.0), (380.3, 439.6), (460.3, 467.0), (540.3, 467.9)]",0,1.3
speedrunner,meatboy,6,Saw,0,0,565.0,0.469,"[(73.0, 461.0), (120.3, 467.3), (200.3, 467.0), (280.3, 467.9), (360.3, 467.3), (440.3, 467.0), (520.3, 467.9), (600.3, 467.3)]",0,0.93
speedrunner,meatboy,6,Saw,4,0,379.28,0.469,"[(73.0, 461.0), (120.3, 452.1), (183.0, 406.2), (183.0, 399.2), (183.0, 411.0), (187.0, 441.6), (250.3, 444.8), (330.3, 433.4), (410.3, 455.8), (490.3, 467.9), (570.3, 467.3)]",0,1.38
speedrunner,meatboy,6,Saw,1,0,565.0,0.469,"[(73.0, 461.0), (120.3, 467.3), (200.3, 452.5), (280.3, 452.6), (360.3, 467.3), (440.3, 467.0), (520.3, 467.9), (600.3, 467.3)]",0,0.93
speedrunner,meatboy,6,Saw,0,0,565.0,0.469,"[(73.0, 461.0), (120.3, 467.3), (200.3, 467.0), (280.3, 467.9), (360.3, 467.3), (440.3, 467.0), (520.3, 467.9), (600.3, 467.3)]",0,0.93
speedrunner,meatboy,6,Saw,1,0,565.0,0.469,"[(73.0, 461.0), (120.3, 467.3), (200.3, 452.5), (280.3, 452.6), (360.3, 467.3), (440.3, 467.0), (520.3, 467.9), (600.3, 467.3)]",0,0.93
speedrunner,meatboy,6,Saw,0,0,565.0,0.469,"[(73.0, 461.0), (120.3, 467.3), (200.3, 467.0), (280.3, 467.9), (360.3, 467.3), (440.3, 467.0), (520.3, 467.9), (600.3, 467.3)]",0,0.93
speedrunner,meatboy,6,Saw,1,0,565.0,0.469,"[(73.0, 461.0), (120.3, 457.3), (200.3, 450.2), (280.3, 462.0), (360.3, 467.9), (440.3, 467.3), (520.3, 467.0), (600.3, 467.9)]",0,0.93
speedrunner,meatboy,6,Saw,1,0,565.0,0.469,"[(73.0, 461.0), (120.3, 457.3), (200.3, 450.2), (280.3, 462.0), (360.3, 467.9), (440.3, 467.3), (520.3, 467.0), (600.3, 467.9)]",0,0.93
speedrunner,meatboy,6,Saw,0,0,565.0,0.469,"[(73.0, 461.0), (120.3, 467.3), (200.3, 467.0), (280.3, 467.9), (360.3, 467.3), (440.3, 467.0), (520.3, 467.9), (600.3, 467.3)]",0,0.93
speedrunner,meatboy,6,Saw,1,0,565.0,0.469,"[(73.0, 461.0), (120.3, 467.3), (200.3, 452.5), (280.3, 452.6), (360.3, 467.3), (440.3, 467.0), (520.3, 467.9), (600.3, 467.3)]",0,0.93
speedrunner,meatboy,6,Saw,0,0,565.0,0.469,"[(73.0, 461.0), (120.3, 467.3), (200.3, 467.0), (280.3, 467.9), (360.3, 467.3), (440.3, 467.0), (520.3, 467.9), (600.3, 467.3)]",0,0.93
speedrunner,meatboy,6,Saw,2,0,565.0,0.469,"[(73.0, 461.0), (120.3, 457.3), (200.3, 450.2), (280.3, 462.0), (360.3, 452.1), (440.3, 454.5), (520.3, 467.9), (600.3, 467.3)]",0,0.93
speedrunner,meatboy,6,Saw,0,0,565.0,0.469,"[(73.0, 461.0), (120.3, 467.3), (200.3, 467.0), (280.3, 467.9), (360.3, 467.3), (440.3, 467.0), (520.3, 467.9), (600.3, 467.3)]",0,0.93
speedrunner,meatboy,6,Saw,0,0,565.0,0.469,"[(73.0, 461.0), (120.3, 467.3), (200.3, 467.0), (280.3, 467.9), (360.3, 467.3), (440.3, 467.0), (520.3, 467.9), (600.3, 467.3)]",0,0.93
speedrunner,meatboy,6,Saw,1,0,565.0,0.469,"[(73.0, 461.0), (120.3, 457.3), (200.3, 450.2), (280.3, 462.0), (360.3, 467.9), (440.3, 467.3), (520.3, 467.0), (600.3, 467.9)]",0,0.93
speedrunner,meatboy,6,Saw,0,0,565.0,0.469,"[(73.0, 461.0), (120.3, 467.3), (200.3, 467.0), (280.3, 467.9), (360.3, 467.3), (440.3, 467.0), (520.3, 467.9), (600.3, 467.3)]",0,0.93
speedrunner,meatboy,6,Saw,0,0,565.0,0.469,"[(73.0, 461.0), (120.3, 467.3), (200.3, 467.0), (280.3, 467.9), (360.3, 467.3), (440.3, 467.0), (520.3, 467.9), (600.3, 467.3)]",0,0.93
speedrunner,meatboy,6,Saw,0,0,565.0,0.469,"[(73.0, 461.0), (120.3, 467.3), (200.3, 467.0), (280.3, 467.9), (360.3, 467.3), (440.3, 467.0), (520.3, 467.9), (600.3, 467.3)]",0,0.93
speedrunner,meatboy,6,Saw,0,0,565.0,0.469,"[(73.0, 461.0), (120.3, 467.3), (200.3, 467.0), (280.3, 467.9), (360.3, 467.3), (440.3, 467.0), (520.3, 467.9), (600.3, 467.3)]",0,0.93
speedrunner,meatboy,6,Saw,1,0,565.0,0.469,"[(73.0, 461.0), (120.3, 457.3), (200.3, 450.2), (280.3, 462.0), (360.3, 467.9), (440.3, 467.3), (520.3, 467.0), (600.3, 467.9)]",0,0.93
speedrunner,meatboy,6,Saw,0,0,565.0,0.469,"[(73.0, 461.0), (120.3, 467.3), (200.3, 467.0), (280.3, 467.9), (360.3, 467.3), (440.3, 467.0), (520.3, 467.9), (600.3, 467.3)]",0,0.93
speedrunner,meatboy,6,Saw,0,0,565.0,0.469,"[(73.0, 461.0), (120.3, 467.3), (200.3, 467.0), (280.3, 467.9), (360.3, 467.3), (440.3, 467.0), (520.3, 467.9), (600.3, 467.3)]",0,0.93
speedrunner,meatboy,6,Saw,0,0,565.0,0.469,"[(73.0, 461.0), (120.3, 467.3), (200.3, 467.0), (280.3, 467.9), (360.3, 467.3), (440.3, 467.0), (520.3, 467.9), (600.3, 467.3)]",0,0.93
speedrunner,meatboy,6,Saw,0,0,565.0,0.469,"[(73.0, 461.0), (120.3, 467.3), (200.3, 467.0), (280.3, 467.9), (360.3, 467.3), (440.3, 467.0), (520.3, 467.9), (600.3, 467.3)]",0,0.93
speedrunner,meatboy,6,Saw,0,0,565.0,0.469,"[(73.0, 461.0), (120.3, 467.3), (200.3, 467.0), (280.3, 467.9), (360.3, 467.3), (440.3, 467.0), (520.3, 467.9), (600.3, 467.3)]",0,0.93
speedrunner,meatboy,6,Saw,0,0,565.0,0.469,"[(73.0, 461.0), (120.3, 467.3), (200.3, 467.0), (280.3, 467.9), (360.3, 467.3), (440.3, 467.0), (520.3, 467.9), (600.3, 467.3)]",0,0.93
speedrunner,meatboy,6,Stuck,0,0,0.0,0.057,"[(73.0, 461.0), (73.0, 467.3), (73.0, 467.0), (73.0, 467.9), (73.0, 467.3), (73.0, 467.0), (73.0, 467.9), (73.0, 467.3), (73.0, 467.0), (73.0, 467.9), (73.0, 467.3), (73.0, 467.0), (73.0, 467.9), (73.0, 467.3), (73.0, 467.0), (73.0, 467.9), (73.0, 467.3), (73.0, 467.0), (73.0, 467.9), (73.0, 467.3), (73.0, 467.0), (73.0, 467.9), (73.0, 467.3), (73.0, 467.0), (73.0, 467.9), (73.0, 467.3), (73.0, 467.0), (73.0, 467.9), (73.0, 467.3), (73.0, 467.0), (73.0, 467.9), (73.0, 467.3), (73.0, 467.0), (73.0, 467.9), (73.0, 467.3), (73.0, 467.0), (73.0, 467.9), (73.0, 467.3)]",0,5.02
speedrunner,meatboy,6,Saw,0,0,565.0,0.469,"[(73.0, 461.0), (120.3, 467.3), (200.3, 467.0), (280.3, 467.9), (360.3, 467.3), (440.3, 467.0), (520.3, 467.9), (600.3, 467.3)]",0,0.93
speedrunner,meatboy,6,Saw,0,0,565.0,0.469,"[(73.0, 461.0), (120.3, 467.3), (200.3, 467.0), (280.3, 467.9), (360.3, 467.3), (440.3, 467.0), (520.3, 467.9), (600.3, 467.3)]",0,0.93
speedrunner,meatboy,6,Saw,0,0,565.0,0.469,"[(73.0, 461.0), (120.3, 467.3), (200.3, 467.0), (280.3, 467.9), (360.3, 467.3), (440.3, 467.0), (520.3, 467.9), (600.3, 467.3)]",0,0.93
speedrunner,meatboy,6,Saw,0,0,565.0,0.469,"[(73.0, 461.0), (120.3, 467.3), (200.3, 467.0), (280.3, 467.9), (360.3, 467.3), (440.3, 467.0), (520.3, 467.9), (600.3, 467.3)]",0,0.93
speedrunner,meatboy,6,Saw,0,0,565.0,0.469,"[(73.0, 461.0), (120.3, 467.3), (200.3, 467.0), (280.3, 467.9), (360.3, 467.3), (440.3, 467.0), (520.3, 467.9), (600.3, 467.3)]",0,0.93
speedrunner,meatboy,6,Saw,0,0,565.0,0.469,"[(73.0, 461.0), (120.3, 467.3), (200.3, 467.0), (280.3, 467.9), (360.3, 467.3), (440.3, 467.0), (520.3, 467.9), (600.3, 467.3)]",0,0.93
speedrunner,meatboy,6,Saw,0,0,565.0,0.469,"[(73.0, 461.0), (120.3, 467.3), (200.3, 467.0), (280.3, 467.9), (360.3, 467.3), (440.3, 467.0), (520.3, 467.9), (600.3, 467.3)]",0,0.93
speedrunner,meatboy,6,Saw,0,0,565.0,0.469,"[(73.0, 461.0), (120.3, 467.3), (200.3, 467.0), (280.3, 467.9), (360.3, 467.3), (440.3, 467.0), (520.3, 467.9), (600.3, 467.3)]",0,0.93
speedrunner,meatboy,6,Saw,1,0,565.0,0.469,"[(73.0, 461.0), (120.3, 457.3), (200.3, 450.2), (280.3, 462.0), (360.3, 467.9), (440.3, 467.3), (520.3, 467.0), (600.3, 467.9)]",0,0.93
speedrunner,meatboy,6,Saw,3,0,379.28,0.469,"[(73.0, 461.0), (120.3, 452.1), (183.0, 406.2), (183.0, 399.2), (183.0, 411.0), (187.0, 441.6), (250.3, 444.8), (330.3, 433.4), (410.3, 455.8), (490.3, 452.2), (570.3, 452.3)]",0,1.38
speedrunner,meatboy,6,Saw,3,0,379.28,0.469,"[(73.0, 461.0), (120.3, 452.1), (183.0, 406.2), (183.0, 399.2), (183.0, 411.0), (187.0, 441.6), (250.3, 444.8), (330.3, 433.4), (410.3, 455.8), (490.3, 452.2), (570.3, 452.3)]",0,1.38
speedrunner,meatboy,6,Saw,1,0,565.0,0.469,"[(73.0, 461.0), (120.3, 457.3), (200.3, 450.2), (280.3, 462.0), (360.3, 467.9), (440.3, 467.3), (520.3, 467.0), (600.3, 467.9)]",0,0.93
speedrunner,meatboy,6,Saw,0,0,565.0,0.469,"[(73.0, 461.0), (120.3, 467.3), (200.3, 467.0), (280.3, 467.9), (360.3, 467.3), (440.3, 467.0), (520.3, 467.9), (600.3, 467.3)]",0,0.93
speedrunner,meatboy,6,Saw,0,0,565.0,0.469,"[(73.0, 461.0), (120.3, 467.3), (200.3, 467.0), (280.3, 467.9), (360.3, 467.3), (440.3, 467.0), (520.3, 467.9), (600.3, 467.3)]",0,0.93
speedrunner,meatboy,6,Saw,0,0,565.0,0.469,"[(73.0, 461.0), (120.3, 467.3), (200.3, 467.0), (280.3, 467.9), (360.3, 467.3), (440.3, 467.0), (520.3, 467.9), (600.3, 467.3)]",0,0.93
speedrunner,meatboy,6,Success,4,0,464.3,0.875,"[(73.0, 461.0), (120.3, 452.1), (183.0, 406.2), (183.0, 399.2), (183.0, 411.0), (187.0, 441.6), (250.3, 444.8), (330.3, 433.4), (410.3, 455.8), (490.3, 431.4), (570.3, 397.3), (650.3, 410.2), (730.3, 442.1), (810.3, 444.8), (890.3, 398.4), (970.3, 405.2), (1050.3, 432.3)]",0,2.25
speedrunner,meatboy,6,Saw,0,0,565.0,0.469,"[(73.0, 461.0), (120.3, 467.3), (200.3, 467.0), (280.3, 467.9), (360.3, 467.3), (440.3, 467.0), (520.3, 467.9), (600.3, 467.3)]",0,0.93
speedrunner,meatboy,6,Saw,0,0,565.0,0.469,"[(73.0, 461.0), (120.3, 467.3), (200.3, 467.0), (280.3, 467.9), (360.3, 467.3), (440.3, 467.0), (520.3, 467.9), (600.3, 467.3)]",0,0.93
speedrunner,meatboy,6,Saw,0,0,565.0,0.469,"[(73.0, 461.0), (120.3, 467.3), (200.3, 467.0), (280.3, 467.9), (360.3, 467.3), (440.3, 467.0), (520.3, 467.9), (600.3, 467.3)]",0,0.93
speedrunner,meatboy,6,Saw,0,0,565.0,0.469,"[(73.0, 461.0), (120.3, 467.3), (200.3, 467.0), (280.3, 467.9), (360.3, 467.3), (440.3, 467.0), (520.3, 467.9), (600.3, 467.3)]",0,0.93
speedrunner,meatboy,6,Success,4,0,464.3,0.875,"[(73.0, 461.0), (120.3, 452.1), (183.0, 406.2), (183.0, 399.2), (183.0, 411.0), (187.0, 441.6), (250.3, 444.8), (330.3, 433.4), (410.3, 455.8), (490.3, 431.4), (570.3, 397.3), (650.3, 410.2), (730.3, 442.1), (810.3, 444.8), (890.3, 398.4), (970.3, 405.2), (1050.3, 432.3)]",0,2.25
speedrunner,meatboy,6,Saw,0,0,565.0,0.469,"[(73.0, 461.0), (120.3, 467.3), (200.3, 467.0), (280.3, 467.9), (360.3, 467.3), (440.3, 467.0), (520.3, 467.9), (600.3, 467.3)]",0,0.93
speedrunner,meatboy,6,Saw,0,0,565.0,0.469,"[(73.0, 461.0), (120.3, 467.3), (200.3, 467.0), (280.3, 467.9), (360.3, 467.3), (440.3, 467.0), (520.3, 467.9), (600.3, 467.3)]",0,0.93
speedrunner,meatboy,6,Saw,0,0,565.0,0.469,"[(73.0, 461.0), (120.3, 467.3), (200.3, 467.0), (280.3, 467.9), (360.3, 467.3), (440.3, 467.0), (520.3, 467.9), (600.3, 467.3)]",0,0.93
speedrunner,meatboy,6,Saw,0,0,565.0,0.469,"[(73.0, 461.0), (120.3, 467.3), (200.3, 467.0), (280.3, 467.9), (360.3, 467.3), (440.3, 467.0), (520.3, 467.9), (600.3, 467.3)]",0,0.93
speedrunner,meatboy,6,Saw,0,0,565.0,0.469,"[(73.0, 461.0), (120.3, 467.3), (200.3, 467.0), (280.3, 467.9), (360.3, 467.3), (440.3, 467.0), (520.3, 467.9), (600.3, 467.3)]",0,0.93
speedrunner,meatboy,6,Pit,4,0,587.35,1.0,"[(73.0, 461.0), (120.3, 467.3), (200.3, 467.0), (280.3, 467.9), (360.3, 467.3), (440.3, 467.0), (520.3, 467.9), (600.3, 419.2), (680.3, 398.8), (760.3, 416.4), (840.3, 452.9), (920.3, 431.4), (1000.3, 389.8), (1080.3, 367.0), (1160.3, 363.1), (1240.3, 378.0), (1320.3, 411.8), (1400.3, 464.4), (1480.3, 535.8), (1560.3, 626.1)]",0,2.58
speedrunner,meatboy,6,Saw,0,0,565.0,0.469,"[(73.0, 461.0), (120.3, 467.3), (200.3, 467.0), (280.3, 467.9), (360.3, 467.3), (440.3, 467.0), (520.3, 467.9), (600.3, 467.3)]",0,0.93
speedrunner,meatboy,6,Success,4,0,464.3,0.875,"[(73.0, 461.0), (120.3, 452.1), (183.0, 406.2), (183.0, 399.2), (183.0, 411.0), (187.0, 441.6), (250.3, 444.8), (330.3, 433.4), (410.3, 455.8), (490.3, 431.4), (570.3, 397.3), (650.3, 410.2), (730.3, 442.1), (810.3, 444.8), (890.3, 398.4), (970.3, 405.2), (1050.3, 432.3)]",0,2.25
speedrunner,meatboy,6,Success,5,0,464.3,0.875,"[(73.0, 461.0), (120.3, 452.1), (183.0, 406.2), (183.0, 399.2), (183.0, 411.0), (187.0, 441.6), (250.3, 444.8), (330.3, 433.4), (410.3, 455.8), (490.3, 431.4), (570.3, 397.3), (650.3, 410.2), (730.3, 442.1), (810.3, 444.8), (890.3, 398.4), (970.3, 405.2), (1050.3, 432.3)]",0,2.25
speedrunner,meatboy,6,Success,5,0,464.3,0.875,"[(73.0, 461.0), (120.3, 452.1), (183.0, 406.2), (183.0, 399.2), (183.0, 411.0), (187.0, 441.6), (250.3, 444.8), (330.3, 433.4), (410.3, 455.8), (490.3, 431.4), (570.3, 397.3), (650.3, 410.2), (730.3, 442.1), (810.3, 444.8), (890.3, 398.4), (970.3, 405.2), (1050.3, 432.3)]",0,2.25
speedrunner,meatboy,6,Success,4,0,464.3,0.875,"[(73.0, 461.0), (120.3, 452.1), (183.0, 406.2), (183.0, 399.2), (183.0, 411.0), (187.0, 441.6), (250.3, 444.8), (330.3, 433.4), (410.3, 455.8), (490.3, 431.4), (570.3, 397.3), (650.3, 410.2), (730.3, 442.1), (810.3, 444.8), (890.3, 398.4), (970.3, 405.2), (1050.3, 432.3)]",0,2.25
speedrunner,meatboy,6,Success,4,0,464.3,0.875,"[(73.0, 461.0), (120.3, 452.1), (183.0, 406.2), (183.0, 399.2), (183.0, 411.0), (187.0, 441.6), (250.3, 444.8), (330.3, 433.4), (410.3, 455.8), (490.3, 431.4), (570.3, 397.3), (650.3, 410.2), (730.3, 442.1), (810.3, 444.8), (890.3, 398.4), (970.3, 405.2), (1050.3, 432.3)]",0,2.25
speedrunner,meatboy,6,Pit,4,0,587.35,1.0,"[(73.0, 461.0), (120.3, 467.3), (200.3, 467.0), (280.3, 467.9), (360.3, 467.3), (440.3, 467.0), (520.3, 467.9), (600.3, 419.2), (680.3, 398.8), (760.3, 416.4), (840.3, 452.9), (920.3, 431.4), (1000.3, 389.8), (1080.3, 367.0), (1160.3, 363.1), (1240.3, 378.0), (1320.3, 411.8), (1400.3, 464.4), (1480.3, 535.8), (1560.3, 626.1)]",0,2.58
speedrunner,meatboy,6,Success,4,0,464.3,0.875,"[(73.0, 461.0), (120.3, 452.1), (183.0, 406.2), (183.0, 399.2), (183.0, 411.0), (187.0, 441.6), (250.3, 444.8), (330.3, 433.4), (410.3, 455.8), (490.3, 431.4), (570.3, 397.3), (650.3, 410.2), (730.3, 442.1), (810.3, 444.8), (890.3, 398.4), (970.3, 405.2), (1050.3, 432.3)]",0,2.25
speedrunner,meatboy,6,Success,4,0,464.3,0.875,"[(73.0, 461.0), (120.3, 452.1), (183.0, 406.2), (183.0, 399.2), (183.0, 411.0), (187.0, 441.6), (250.3, 444.8), (330.3, 433.4), (410.3, 455.8), (490.3, 431.4), (570.3, 397.3), (650.3, 410.2), (730.3, 442.1), (810.3, 444.8), (890.3, 398.4), (970.3, 405.2), (1050.3, 432.3)]",0,2.25
speedrunner,meatboy,6,Pit,3,0,587.11,1.0,"[(73.0, 461.0), (120.3, 467.3), (200.3, 467.0), (280.3, 467.9), (360.3, 467.3), (440.3, 467.0), (520.3, 451.9), (600.3, 403.2), (680.3, 403.2), (760.3, 427.9), (840.3, 467.0), (920.3, 413.6), (1000.3, 379.0), (1080.3, 363.3), (1160.3, 366.5), (1240.3, 388.4), (1320.3, 429.3), (1400.3, 488.9), (1480.3, 567.4), (1560.3, 664.8)]",0,2.53
speedrunner,meatboy,6,Saw,1,0,565.0,0.469,"[(73.0, 461.0), (120.3, 467.3), (200.3, 467.0), (280.3, 467.9), (360.3, 467.3), (440.3, 467.0), (520.3, 467.9), (600.3, 467.3)]",0,0.93
speedrunner,meatboy,6,Success,4,0,464.3,0.875,"[(73.0, 461.0), (120.3, 452.1), (183.0, 406.2), (183.0, 399.2), (183.0, 411.0), (187.0, 441.6), (250.3, 444.8), (330.3, 433.4), (410.3, 455.8), (490.3, 431.4), (570.3, 397.3), (650.3, 410.2), (730.3, 442.1), (810.3, 444.8), (890.3, 398.4), (970.3, 405.2), (1050.3, 432.3)]",0,2.25
speedrunner,meatboy,6,Success,5,0,464.3,0.875,"[(73.0, 461.0), (120.3, 452.1), (183.0, 406.2), (183.0, 399.2), (183.0, 411.0), (187.0, 441.6), (250.3, 444.8), (330.3, 433.4), (410.3, 455.8), (490.3, 431.4), (570.3, 397.3), (650.3, 410.2), (730.3, 442.1), (810.3, 444.8), (890.3, 398.4), (970.3, 405.2), (1050.3, 432.3)]",0,2.25
speedrunner,meatboy,6,Success,5,0,464.3,0.875,"[(73.0, 461.0), (120.3, 452.1), (183.0, 406.2), (183.0, 399.2), (183.0, 411.0), (187.0, 441.6), (250.3, 444.8), (330.3, 433.4), (410.3, 455.8), (490.3, 431.4), (570.3, 397.3), (650.3, 410.2), (730.3, 442.1), (810.3, 444.8), (890.3, 398.4), (970.3, 405.2), (1050.3, 432.3)]",0,2.25
speedrunner,meatboy,6,Success,4,0,464.3,0.875,"[(73.0, 461.0), (120.3, 452.1), (183.0, 406.2), (183.0, 399.2), (183.0, 411.0), (187.0, 441.6), (250.3, 444.8), (330.3, 433.4), (410.3, 455.8), (490.3, 431.4), (570.3, 397.3), (650.3, 410.2), (730.3, 442.1), (810.3, 444.8), (890.3, 398.4), (970.3, 405.2), (1050.3, 432.3)]",0,2.25
speedrunner,meatboy,6,Success,4,0,464.3,0.875,"[(73.0, 461.0), (120.3, 452.1), (183.0, 406.2), (183.0, 399.2), (183.0, 411.0), (187.0, 441.6), (250.3, 444.8), (330.3, 433.4), (410.3, 455.8), (490.3, 431.4), (570.3, 397.3), (650.3, 410.2), (730.3, 442.1), (810.3, 444.8), (890.3, 398.4), (970.3, 405.2), (1050.3, 432.3)]",0,2.25
speedrunner,meatboy,6,Success,4,0,464.3,0.875,"[(73.0, 461.0), (120.3, 452.1), (183.0, 406.2), (183.0, 399.2), (183.0, 411.0), (187.0, 441.6), (250.3, 444.8), (330.3, 433.4), (410.3, 455.8), (490.3, 431.4), (570.3, 397.3), (650.3, 410.2), (730.3, 442.1), (810.3, 444.8), (890.3, 398.4), (970.3, 405.2), (1050.3, 432.3)]",0,2.25
speedrunner,meatboy,6,Success,5,0,465.29,0.883,"[(73.0, 461.0), (120.3, 452.1), (183.0, 406.2), (183.0, 399.2), (183.0, 411.0), (187.0, 441.6), (250.3, 444.8), (330.3, 433.4), (410.3, 455.8), (490.3, 431.4), (570.3, 397.3), (650.3, 410.2), (730.3, 442.1), (810.3, 444.8), (890.3, 401.0), (970.3, 393.9), (1050.3, 405.7), (1130.3, 436.4)]",0,2.27
speedrunner,meatboy,6,Pit,4,0,587.35,1.0,"[(73.0, 461.0), (120.3, 467.3), (200.3, 467.0), (280.3, 467.9), (360.3, 467.3), (440.3, 467.0), (520.3, 467.9), (600.3, 419.2), (680.3, 398.8), (760.3, 416.4), (840.3, 452.9), (920.3, 431.4), (1000.3, 389.8), (1080.3, 367.0), (1160.3, 363.1), (1240.3, 378.0), (1320.3, 411.8), (1400.3, 464.4), (1480.3, 535.8), (1560.3, 626.1)]",0,2.58
speedrunner,meatboy,6,Saw,4,0,386.98,0.492,"[(73.0, 461.0), (120.3, 452.1), (183.0, 406.2), (183.0, 399.2), (183.0, 411.0), (187.0, 441.6), (250.3, 444.8), (330.3, 433.4), (410.3, 455.8), (490.3, 431.4), (570.3, 415.9)]",0,1.43
speedrunner,meatboy,6,Success,5,0,464.3,0.875,"[(73.0, 461.0), (120.3, 452.1), (183.0, 406.2), (183.0, 399.2), (183.0, 411.0), (187.0, 441.6), (250.3, 444.8), (330.3, 433.4), (410.3, 455.8), (490.3, 431.4), (570.3, 397.3), (650.3, 410.2), (730.3, 442.1), (810.3, 444.8), (890.3, 398.4), (970.3, 405.2), (1050.3, 432.3)]",0,2.25
speedrunner,meatboy,6,Success,5,0,464.3,0.875,"[(73.0, 461.0), (120.3, 452.1), (183.0, 406.2), (183.0, 399.2), (183.0, 411.0), (187.0, 441.6), (250.3, 444.8), (330.3, 433.4), (410.3, 455.8), (490.3, 431.4), (570.3, 397.3), (650.3, 410.2), (730.3, 442.1), (810.3, 444.8), (890.3, 398.4), (970.3, 405.2), (1050.3, 432.3)]",0,2.25
speedrunner,meatboy,6,Saw,2,0,565.0,0.469,"[(73.0, 461.0), (120.3, 467.3), (200.3, 467.0), (280.3, 467.9), (360.3, 467.3), (440.3, 467.0), (520.3, 467.9), (600.3, 459.3)]",0,0.93
speedrunner,meatboy,6,Success,5,0,464.3,0.875,"[(73.0, 461.0), (120.3, 452.1), (183.0, 406.2), (183.0, 399.2), (183.0, 411.0), (187.0, 441.6), (250.3, 444.8), (330.3, 433.4), (410.3, 455.8), (490.3, 431.4), (570.3, 397.3), (650.3, 410.2), (730.3, 442.1), (810.3, 444.8), (890.3, 398.4), (970.3, 405.2), (1050.3, 432.3)]",0,2.25
speedrunner,meatboy,6,Success,5,0,464.3,0.875,"[(73.0, 461.0), (120.3, 452.1), (183.0, 406.2), (183.0, 399.2), (183.0, 411.0), (187.0, 441.6), (250.3, 444.8), (330.3, 433.4), (410.3, 455.8), (490.3, 431.4), (570.3, 397.3), (650.3, 410.2), (730.3, 442.1), (810.3, 444.8), (890.3, 398.4), (970.3, 405.2), (1050.3, 432.3)]",0,2.25
speedrunner,meatboy,6,Success,5,0,465.29,0.883,"[(73.0, 461.0), (120.3, 452.1), (183.0, 406.2), (183.0, 399.2), (183.0, 411.0), (187.0, 441.6), (250.3, 444.8), (330.3, 433.4), (410.3, 455.8), (490.3, 431.4), (570.3, 397.3), (650.3, 410.2), (730.3, 442.1), (810.3, 444.8), (890.3, 401.0), (970.3, 393.9), (1050.3, 405.7), (1130.3, 436.4)]",0,2.27
speedrunner,meatboy,6,Success,4,0,464.3,0.875,"[(73.0, 461.0), (120.3, 452.1), (183.0, 406.2), (183.0, 399.2), (183.0, 411.0), (187.0, 441.6), (250.3, 444.8), (330.3, 433.4), (410.3, 455.8), (490.3, 431.4), (570.3, 397.3), (650.3, 410.2), (730.3, 442.1), (810.3, 444.8), (890.3, 398.4), (970.3, 405.2), (1050.3, 432.3)]",0,2.25
speedrunner,meatboy,6,Success,5,0,464.3,0.875,"[(73.0, 461.0), (120.3, 452.1), (183.0, 406.2), (183.0, 399.2), (183.0, 411.0), (187.0, 441.6), (250.3, 444.8), (330.3, 433.4), (410.3, 455.8), (490.3, 431.4), (570.3, 397.3), (650.3, 410.2), (730.3, 442.1), (810.3, 444.8), (890.3, 398.4), (970.3, 405.2), (1050.3, 432.3)]",0,2.25
speedrunner,meatboy,6,Success,5,0,465.29,0.883,"[(73.0, 461.0), (120.3, 452.1), (183.0, 406.2), (183.0, 399.2), (183.0, 411.0), (187.0, 441.6), (250.3, 444.8), (330.3, 433.4), (410.3, 455.8), (490.3, 431.4), (570.3, 397.3), (650.3, 410.2), (730.3, 442.1), (810.3, 444.8), (890.3, 401.0), (970.3, 393.9), (1050.3, 405.7), (1130.3, 436.4)]",0,2.27
speedrunner,meatboy,6,Success,5,0,464.3,0.875,"[(73.0, 461.0), (120.3, 452.1), (183.0, 406.2), (183.0, 399.2), (183.0, 411.0), (187.0, 441.6), (250.3, 444.8), (330.3, 433.4), (410.3, 455.8), (490.3, 431.4), (570.3, 397.3), (650.3, 410.2), (730.3, 442.1), (810.3, 444.8), (890.3, 398.4), (970.3, 405.2), (1050.3, 432.3)]",0,2.25
speedrunner,meatboy,6,Success,5,0,465.29,0.883,"[(73.0, 461.0), (120.3, 452.1), (183.0, 406.2), (183.0, 399.2), (183.0, 411.0), (187.0, 441.6), (250.3, 444.8), (330.3, 433.4), (410.3, 455.8), (490.3, 431.4), (570.3, 397.3), (650.3, 410.2), (730.3, 442.1), (810.3, 444.8), (890.3, 401.0), (970.3, 393.9), (1050.3, 405.7), (1130.3, 436.4)]",0,2.27
speedrunner,meatboy,6,Saw,2,0,379.28,0.469,"[(73.0, 461.0), (120.3, 452.1), (183.0, 406.2), (183.0, 399.2), (183.0, 411.0), (187.0, 441.6), (250.3, 444.8), (330.3, 433.4), (410.3, 455.8), (490.3, 467.9), (570.3, 467.3)]",0,1.38
speedrunner,meatboy,6,Success,4,0,464.3,0.875,"[(73.0, 461.0), (120.3, 452.1), (183.0, 406.2), (183.0, 399.2), (183.0, 411.0), (187.0, 441.6), (250.3, 444.8), (330.3, 433.4), (410.3, 455.8), (490.3, 431.4), (570.3, 397.3), (650.3, 410.2), (730.3, 442.1), (810.3, 444.8), (890.3, 398.4), (970.3, 405.2), (1050.3, 432.3)]",0,2.25
speedrunner,meatboy,6,Success,4,0,464.3,0.875,"[(73.0, 461.0), (120.3, 452.1), (183.0, 406.2), (183.0, 399.2), (183.0, 411.0), (187.0, 441.6), (250.3, 444.8), (330.3, 433.4), (410.3, 455.8), (490.3, 431.4), (570.3, 397.3), (650.3, 410.2), (730.3, 442.1), (810.3, 444.8), (890.3, 398.4), (970.3, 405.2), (1050.3, 432.3)]",0,2.25
speedrunner,meatboy,6,Success,5,0,465.29,0.883,"[(73.0, 461.0), (120.3, 452.1), (183.0, 406.2), (183.0, 399.2), (183.0, 411.0), (187.0, 441.6), (250.3, 444.8), (330.3, 433.4), (410.3, 455.8), (490.3, 431.4), (570.3, 397.3), (650.3, 410.2), (730.3, 442.1), (810.3, 444.8), (890.3, 401.0), (970.3, 393.9), (1050.3, 405.7), (1130.3, 436.4)]",0,2.27
speedrunner,meatboy,6,Success,5,0,464.3,0.875,"[(73.0, 461.0), (120.3, 452.1), (183.0, 406.2), (183.0, 399.2), (183.0, 411.0), (187.0, 441.6), (250.3, 444.8), (330.3, 433.4), (410.3, 455.8), (490.3, 431.4), (570.3, 397.3), (650.3, 410.2), (730.3, 442.1), (810.3, 444.8), (890.3, 398.4), (970.3, 405.2), (1050.3, 432.3)]",0,2.25
speedrunner,meatboy,6,Success,5,0,465.29,0.883,"[(73.0, 461.0), (120.3, 452.1), (183.0, 406.2), (183.0, 399.2), (183.0, 411.0), (187.0, 441.6), (250.3, 444.8), (330.3, 433.4), (410.3, 455.8), (490.3, 431.4), (570.3, 397.3), (650.3, 410.2), (730.3, 442.1), (810.3, 444.8), (890.3, 401.0), (970.3, 393.9), (1050.3, 405.7), (1130.3, 436.4)]",0,2.27
speedrunner,meatboy,6,Success,4,0,464.3,0.875,"[(73.0, 461.0), (120.3, 452.1), (183.0, 406.2), (183.0, 399.2), (183.0, 411.0), (187.0, 441.6), (250.3, 444.8), (330.3, 433.4), (410.3, 455.8), (490.3, 431.4), (570.3, 397.3), (650.3, 410.2), (730.3, 442.1), (810.3, 444.8), (890.3, 398.4), (970.3, 405.2), (1050.3, 432.3)]",0,2.25
speedrunner,meatboy,6,Success,4,0,464.3,0.875,"[(73.0, 461.0), (120.3, 452.1), (183.0, 406.2), (183.0, 399.2), (183.0, 411.0), (187.0, 441.6), (250.3, 444.8), (330.3, 433.4), (410.3, 455.8), (490.3, 431.4), (570.3, 397.3), (650.3, 410.2), (730.3, 442.1), (810.3, 444.8), (890.3, 398.4), (970.3, 405.2), (1050.3, 432.3)]",0,2.25
speedrunner,meatboy,6,Success,4,0,464.3,0.875,"[(73.0, 461.0), (120.3, 452.1), (183.0, 406.2), (183.0, 399.2), (183.0, 411.0), (187.0, 441.6), (250.3, 444.8), (330.3, 433.4), (410.3, 455.8), (490.3, 431.4), (570.3, 397.3), (650.3, 410.2), (730.3, 442.1), (810.3, 444.8), (890.3, 398.4), (970.3, 405.2), (1050.3, 432.3)]",0,2.25
speedrunner,meatboy,6,Pit,4,0,587.11,1.0,"[(73.0, 461.0), (120.3, 467.3), (200.3, 467.0), (280.3, 467.9), (360.3, 467.3), (440.3, 467.0), (520.3, 451.9), (600.3, 403.2), (680.3, 403.2), (760.3, 427.9), (840.3, 467.0), (920.3, 413.6), (1000.3, 379.0), (1080.3, 363.3), (1160.3, 366.5), (1240.3, 388.4), (1320.3, 429.3), (1400.3, 488.9), (1480.3, 567.4), (1560.3, 664.8)]",0,2.53
speedrunner,meatboy,6,Success,5,0,464.3,0.875,"[(73.0, 461.0), (120.3, 452.1), (183.0, 406.2), (183.0, 399.2), (183.0, 411.0), (187.0, 441.6), (250.3, 444.8), (330.3, 433.4), (410.3, 455.8), (490.3, 431.4), (570.3, 397.3), (650.3, 410.2), (730.3, 442.1), (810.3, 444.8), (890.3, 398.4), (970.3, 405.2), (1050.3, 432.3)]",0,2.25
speedrunner,meatboy,6,Success,4,0,464.3,0.875,"[(73.0, 461.0), (120.3, 452.1), (183.0, 406.2), (183.0, 399.2), (183.0, 411.0), (187.0, 441.6), (250.3, 444.8), (330.3, 433.4), (410.3, 455.8), (490.3, 431.4), (570.3, 397.3), (650.3, 410.2), (730.3, 442.1), (810.3, 444.8), (890.3, 398.4), (970.3, 405.2), (1050.3, 432.3)]",0,2.25
speedrunner,meatboy,6,Success,4,0,464.3,0.875,"[(73.0, 461.0), (120.3, 452.1), (183.0, 406.2), (183.0, 399.2), (183.0, 411.0), (187.0, 441.6), (250.3, 444.8), (330.3, 433.4), (410.3, 455.8), (490.3, 431.4), (570.3, 397.3), (650.3, 410.2), (730.3, 442.1), (810.3, 444.8), (890.3, 398.4), (970.3, 405.2), (1050.3, 432.3)]",0,2.25
speedrunner,meatboy,6,Success,5,0,464.3,0.875,"[(73.0, 461.0), (120.3, 452.1), (183.0, 406.2), (183.0, 399.2), (183.0, 411.0), (187.0, 441.6), (250.3, 444.8), (330.3, 433.4), (410.3, 455.8), (490.3, 431.4), (570.3, 397.3), (650.3, 410.2), (730.3, 442.1), (810.3, 444.8), (890.3, 398.4), (970.3, 405.2), (1050.3, 432.3)]",0,2.25
speedrunner,meatboy,6,Success,4,0,464.3,0.875,"[(73.0, 461.0), (120.3, 452.1), (183.0, 406.2), (183.0, 399.2), (183.0, 411.0), (187.0, 441.6), (250.3, 444.8), (330.3, 433.4), (410.3, 455.8), (490.3, 431.4), (570.3, 397.3), (650.3, 410.2), (730.3, 442.1), (810.3, 444.8), (890.3, 398.4), (970.3, 405.2), (1050.3, 432.3)]",0,2.25
speedrunner,meatboy,6,Success,4,0,464.3,0.875,"[(73.0, 461.0), (120.3, 452.1), (183.0, 406.2), (183.0, 399.2), (183.0, 411.0), (187.0, 441.6), (250.3, 444.8), (330.3, 433.4), (410.3, 455.8), (490.3, 431.4), (570.3, 397.3), (650.3, 410.2), (730.3, 442.1), (810.3, 444.8), (890.3, 398.4), (970.3, 405.2), (1050.3, 432.3)]",0,2.25
speedrunner,meatboy,6,Saw,1,0,565.0,0.469,"[(73.0, 461.0), (120.3, 467.3), (200.3, 467.0), (280.3, 467.9), (360.3, 467.3), (440.3, 467.0), (520.3, 467.9), (600.3, 467.3)]",0,0.93
speedrunner,meatboy,6,Saw,3,0,379.28,0.469,"[(73.0, 461.0), (120.3, 452.1), (183.0, 406.2), (183.0, 399.2), (183.0, 411.0), (187.0, 441.6), (250.3, 444.8), (330.3, 433.4), (410.3, 455.8), (490.3, 467.9), (570.3, 467.3)]",0,1.38
speedrunner,meatboy,6,Success,4,0,464.3,0.875,"[(73.0, 461.0), (120.3, 452.1), (183.0, 406.2), (183.0, 399.2), (183.0, 411.0), (187.0, 441.6), (250.3, 444.8), (330.3, 433.4), (410.3, 455.8), (490.3, 431.4), (570.3, 397.3), (650.3, 410.2), (730.3, 442.1), (810.3, 444.8), (890.3, 398.4), (970.3, 405.2), (1050.3, 432.3)]",0,2.25
speedrunner,meatboy,6,Success,4,0,464.3,0.875,"[(73.0, 461.0), (120.3, 452.1), (183.0, 406.2), (183.0, 399.2), (183.0, 411.0), (187.0, 441.6), (250.3, 444.8), (330.3, 433.4), (410.3, 455.8), (490.3, 431.4), (570.3, 397.3), (650.3, 410.2), (730.3, 442.1), (810.3, 444.8), (890.3, 398.4), (970.3, 405.2), (1050.3, 432.3)]",0,2.25
speedrunner,meatboy,6,Pit,5,0,587.11,1.0,"[(73.0, 461.0), (120.3, 467.3), (200.3, 467.0), (280.3, 467.9), (360.3, 467.3), (440.3, 467.0), (520.3, 451.9), (600.3, 403.2), (680.3, 403.2), (760.3, 427.9), (840.3, 467.0), (920.3, 413.6), (1000.3, 379.0), (1080.3, 363.3), (1160.3, 366.5), (1240.3, 388.4), (1320.3, 429.3), (1400.3, 488.9), (1480.3, 567.4), (1560.3, 664.8)]",0,2.53
speedrunner,meatboy,6,Success,4,0,464.3,0.875,"[(73.0, 461.0), (120.3, 452.1), (183.0, 406.2), (183.0, 399.2), (183.0, 411.0), (187.0, 441.6), (250.3, 444.8), (330.3, 433.4), (410.3, 455.8), (490.3, 431.4), (570.3, 397.3), (650.3, 410.2), (730.3, 442.1), (810.3, 444.8), (890.3, 398.4), (970.3, 405.2), (1050.3, 432.3)]",0,2.25
speedrunner,meatboy,6,Success,4,0,464.3,0.875,"[(73.0, 461.0), (120.3, 452.1), (183.0, 406.2), (183.0, 399.2), (183.0, 411.0), (187.0, 441.6), (250.3, 444.8), (330.3, 433.4), (410.3, 455.8), (490.3, 431.4), (570.3, 397.3), (650.3, 410.2), (730.3, 442.1), (810.3, 444.8), (890.3, 398.4), (970.3, 405.2), (1050.3, 432.3)]",0,2.25
speedrunner,meatboy,6,Success,4,0,464.3,0.875,"[(73.0, 461.0), (120.3, 452.1), (183.0, 406.2), (183.0, 399.2), (183.0, 411.0), (187.0, 441.6), (250.3, 444.8), (330.3, 433.4), (410.3, 455.8), (490.3, 431.4), (570.3, 397.3), (650.3, 410.2), (730.3, 442.1), (810.3, 444.8), (890.3, 398.4), (970.3, 405.2), (1050.3, 432.3)]",0,2.25
speedrunner,meatboy,6,Success,4,0,464.3,0.875,"[(73.0, 461.0), (120.3, 452.1), (183.0, 406.2), (183.0, 399.2), (183.0, 411.0), (187.0, 441.6), (250.3, 444.8), (330.3, 433.4), (410.3, 455.8), (490.3, 431.4), (570.3, 397.3), (650.3, 410.2), (730.3, 442.1), (810.3, 444.8), (890.3, 398.4), (970.3, 405.2), (1050.3, 432.3)]",0,2.25
speedrunner,meatboy,6,Success,4,0,464.3,0.875,"[(73.0, 461.0), (120.3, 452.1), (183.0, 406.2), (183.0, 399.2), (183.0, 411.0), (187.0, 441.6), (250.3, 444.8), (330.3, 433.4), (410.3, 455.8), (490.3, 431.4), (570.3, 397.3), (650.3, 410.2), (730.3, 442.1), (810.3, 444.8), (890.3, 398.4), (970.3, 405.2), (1050.3, 432.3)]",0,2.25
speedrunner,meatboy,6,Saw,1,0,565.0,0.469,"[(73.0, 461.0), (120.3, 467.3), (200.3, 467.0), (280.3, 467.9), (360.3, 467.3), (440.3, 467.0), (520.3, 467.9), (600.3, 467.3)]",0,0.93
speedrunner,meatboy,6,Saw,1,0,565.0,0.469,"[(73.0, 461.0), (120.3, 467.3), (200.3, 467.0), (280.3, 467.9), (360.3, 467.3), (440.3, 467.0), (520.3, 467.9), (600.3, 467.3)]",0,0.93
speedrunner,meatboy,6,Success,5,0,464.3,0.875,"[(73.0, 461.0), (120.3, 452.1), (183.0, 406.2), (183.0, 399.2), (183.0, 411.0), (187.0, 441.6), (250.3, 444.8), (330.3, 433.4), (410.3, 455.8), (490.3, 431.4), (570.3, 397.3), (650.3, 410.2), (730.3, 442.1), (810.3, 444.8), (890.3, 398.4), (970.3, 405.2), (1050.3, 432.3)]",0,2.25
speedrunner,meatboy,6,Saw,4,0,379.28,0.469,"[(73.0, 461.0), (120.3, 452.1), (183.0, 406.2), (183.0, 399.2), (183.0, 411.0), (187.0, 441.6), (250.3, 444.8), (330.3, 433.4), (410.3, 455.8), (490.3, 435.7), (570.3, 428.7)]",0,1.38
speedrunner,meatboy,6,Success,5,0,464.3,0.875,"[(73.0, 461.0), (120.3, 452.1), (183.0, 406.2), (183.0, 399.2), (183.0, 411.0), (187.0, 441.6), (250.3, 444.8), (330.3, 433.4), (410.3, 455.8), (490.3, 431.4), (570.3, 397.3), (650.3, 410.2), (730.3, 442.1), (810.3, 444.8), (890.3, 398.4), (970.3, 405.2), (1050.3, 432.3)]",0,2.25
speedrunner,meatboy,6,Success,5,0,464.3,0.875,"[(73.0, 461.0), (120.3, 452.1), (183.0, 406.2), (183.0, 399.2), (183.0, 411.0), (187.0, 441.6), (250.3, 444.8), (330.3, 433.4), (410.3, 455.8), (490.3, 431.4), (570.3, 397.3), (650.3, 410.2), (730.3, 442.1), (810.3, 444.8), (890.3, 398.4), (970.3, 405.2), (1050.3, 432.3)]",0,2.25
speedrunner,meatboy,6,Success,5,0,464.3,0.875,"[(73.0, 461.0), (120.3, 452.1), (183.0, 406.2), (183.0, 399.2), (183.0, 411.0), (187.0, 441.6), (250.3, 444.8), (330.3, 433.4), (410.3, 455.8), (490.3, 431.4), (570.3, 397.3), (650.3, 410.2), (730.3, 442.1), (810.3, 444.8), (890.3, 398.4), (970.3, 405.2), (1050.3, 432.3)]",0,2.25
speedrunner,meatboy,6,Success,5,0,464.3,0.875,"[(73.0, 461.0), (120.3, 452.1), (183.0, 406.2), (183.0, 399.2), (183.0, 411.0), (187.0, 441.6), (250.3, 444.8), (330.3, 433.4), (410.3, 455.8), (490.3, 431.4), (570.3, 397.3), (650.3, 410.2), (730.3, 442.1), (810.3, 444.8), (890.3, 398.4), (970.3, 405.2), (1050.3, 432.3)]",0,2.25
speedrunner,meatboy,6,Success,5,0,464.3,0.875,"[(73.0, 461.0), (120.3, 452.1), (183.0, 406.2), (183.0, 399.2), (183.0, 411.0), (187.0, 441.6), (250.3, 444.8), (330.3, 433.4), (410.3, 455.8), (490.3, 431.4), (570.3, 397.3), (650.3, 410.2), (730.3, 442.1), (810.3, 444.8), (890.3, 398.4), (970.3, 405.2), (1050.3, 432.3)]",0,2.25
speedrunner,meatboy,6,Success,4,0,464.3,0.875,"[(73.0, 461.0), (120.3, 452.1), (183.0, 406.2), (183.0, 399.2), (183.0, 411.0), (187.0, 441.6), (250.3, 444.8), (330.3, 433.4), (410.3, 455.8), (490.3, 431.4), (570.3, 397.3), (650.3, 410.2), (730.3, 442.1), (810.3, 444.8), (890.3, 398.4), (970.3, 405.2), (1050.3, 432.3)]",0,2.25
speedrunner,meatboy,6,Saw,4,0,386.98,0.492,"[(73.0, 461.0), (120.3, 452.1), (183.0, 406.2), (183.0, 399.2), (183.0, 411.0), (187.0, 441.6), (250.3, 444.8), (330.3, 433.4), (410.3, 455.8), (490.3, 431.4), (570.3, 415.9)]",0,1.43
speedrunner,meatboy,6,Success,6,0,465.29,0.883,"[(73.0, 461.0), (120.3, 452.1), (183.0, 406.2), (183.0, 399.2), (183.0, 411.0), (187.0, 441.6), (250.3, 444.8), (330.3, 433.4), (410.3, 455.8), (490.3, 431.4), (570.3, 397.3), (650.3, 410.2), (730.3, 442.1), (810.3, 444.8), (890.3, 401.0), (970.3, 393.9), (1050.3, 405.7), (1130.3, 436.4)]",0,2.27
speedrunner,meatboy,6,Success,4,0,464.3,0.875,"[(73.0, 461.0), (120.3, 452.1), (183.0, 406.2), (183.0, 399.2), (183.0, 411.0), (187.0, 441.6), (250.3, 444.8), (330.3, 433.4), (410.3, 455.8), (490.3, 431.4), (570.3, 397.3), (650.3, 410.2), (730.3, 442.1), (810.3, 444.8), (890.3, 398.4), (970.3, 405.2), (1050.3, 432.3)]",0,2.25
speedrunner,meatboy,6,Success,4,0,464.3,0.875,"[(73.0, 461.0), (120.3, 452.1), (183.0, 406.2), (183.0, 399.2), (183.0, 411.0), (187.0, 441.6), (250.3, 444.8), (330.3, 433.4), (410.3, 455.8), (490.3, 431.4), (570.3, 397.3), (650.3, 410.2), (730.3, 442.1), (810.3, 444.8), (890.3, 398.4), (970.3, 405.2), (1050.3, 432.3)]",0,2.25
speedrunner,meatboy,6,Saw,1,0,565.0,0.469,"[(73.0, 461.0), (120.3, 467.3), (200.3, 467.0), (280.3, 467.9), (360.3, 467.3), (440.3, 467.0), (520.3, 467.9), (600.3, 467.3)]",0,0.93
speedrunner,meatboy,6,Saw,2,0,379.28,0.469,"[(73.0, 461.0), (120.3, 452.1), (183.0, 406.2), (183.0, 399.2), (183.0, 411.0), (187.0, 441.6), (250.3, 444.8), (330.3, 433.4), (410.3, 455.8), (490.3, 467.9), (570.3, 467.3)]",0,1.38
speedrunner,meatboy,6,Success,4,0,464.3,0.875,"[(73.0, 461.0), (120.3, 452.1), (183.0, 406.2), (183.0, 399.2), (183.0, 411.0), (187.0, 441.6), (250.3, 444.8), (330.3, 433.4), (410.3, 455.8), (490.3, 431.4), (570.3, 397.3), (650.3, 410.2), (730.3, 442.1), (810.3, 444.8), (890.3, 398.4), (970.3, 405.2), (1050.3, 432.3)]",0,2.25
speedrunner,meatboy,6,Success,4,0,464.3,0.875,"[(73.0, 461.0), (120.3, 452.1), (183.0, 406.2), (183.0, 399.2), (183.0, 411.0), (187.0, 441.6), (250.3, 444.8), (330.3, 433.4), (410.3, 455.8), (490.3, 431.4), (570.3, 397.3), (650.3, 410.2), (730.3, 442.1), (810.3, 444.8), (890.3, 398.4), (970.3, 405.2), (1050.3, 432.3)]",0,2.25
speedrunner,meatboy,6,Success,6,0,465.29,0.883,"[(73.0, 461.0), (120.3, 452.1), (183.0, 406.2), (183.0, 399.2), (183.0, 411.0), (187.0, 441.6), (250.3, 444.8), (330.3, 433.4), (410.3, 455.8), (490.3, 431.4), (570.3, 397.3), (650.3, 410.2), (730.3, 442.1), (810.3, 444.8), (890.3, 401.0), (970.3, 393.9), (1050.3, 405.7), (1130.3, 436.4)]",0,2.27
speedrunner,meatboy,6,Success,4,0,464.3,0.875,"[(73.0, 461.0), (120.3, 452.1), (183.0, 406.2), (183.0, 399.2), (183.0, 411.0), (187.0, 441.6), (250.3, 444.8), (330.3, 433.4), (410.3, 455.8), (490.3, 431.4), (570.3, 397.3), (650.3, 410.2), (730.3, 442.1), (810.3, 444.8), (890.3, 398.4), (970.3, 405.2), (1050.3, 432.3)]",0,2.25
speedrunner,meatboy,6,Success,5,0,464.3,0.875,"[(73.0, 461.0), (120.3, 452.1), (183.0, 406.2), (183.0, 399.2), (183.0, 411.0), (187.0, 441.6), (250.3, 444.8), (330.3, 433.4), (410.3, 455.8), (490.3, 431.4), (570.3, 397.3), (650.3, 410.2), (730.3, 442.1), (810.3, 444.8), (890.3, 398.4), (970.3, 405.2), (1050.3, 432.3)]",0,2.25
speedrunner,meatboy,6,Success,4,0,464.3,0.875,"[(73.0, 461.0), (120.3, 452.1), (183.0, 406.2), (183.0, 399.2), (183.0, 411.0), (187.0, 441.6), (250.3, 444.8), (330.3, 433.4), (410.3, 455.8), (490.3, 431.4), (570.3, 397.3), (650.3, 410.2), (730.3, 442.1), (810.3, 444.8), (890.3, 398.4), (970.3, 405.2), (1050.3, 432.3)]",0,2.25
speedrunner,meatboy,6,Success,5,0,464.3,0.875,"[(73.0, 461.0), (120.3, 452.1), (183.0, 406.2), (183.0, 399.2), (183.0, 411.0), (187.0, 441.6), (250.3, 444.8), (330.3, 433.4), (410.3, 455.8), (490.3, 431.4), (570.3, 397.3), (650.3, 410.2), (730.3, 442.1), (810.3, 444.8), (890.3, 398.4), (970.3, 405.2), (1050.3, 432.3)]",0,2.25
speedrunner,meatboy,6,Success,5,0,464.3,0.875,"[(73.0, 461.0), (120.3, 452.1), (183.0, 406.2), (183.0, 399.2), (183.0, 411.0), (187.0, 441.6), (250.3, 444.8), (330.3, 433.4), (410.3, 455.8), (490.3, 431.4), (570.3, 397.3), (650.3, 410.2), (730.3, 442.1), (810.3, 444.8), (890.3, 398.4), (970.3, 405.2), (1050.3, 432.3)]",0,2.25
speedrunner,meatboy,6,Success,5,0,464.3,0.875,"[(73.0, 461.0), (120.3, 452.1), (183.0, 406.2), (183.0, 399.2), (183.0, 411.0), (187.0, 441.6), (250.3, 444.8), (330.3, 433.4), (410.3, 455.8), (490.3, 431.4), (570.3, 397.3), (650.3, 410.2), (730.3, 442.1), (810.3, 444.8), (890.3, 398.4), (970.3, 405.2), (1050.3, 432.3)]",0,2.25
speedrunner,meatboy,6,Success,4,0,464.3,0.875,"[(73.0, 461.0), (120.3, 452.1), (183.0, 406.2), (183.0, 399.2), (183.0, 411.0), (187.0, 441.6), (250.3, 444.8), (330.3, 433.4), (410.3, 455.8), (490.3, 431.4), (570.3, 397.3), (650.3, 410.2), (730.3, 442.1), (810.3, 444.8), (890.3, 398.4), (970.3, 405.2), (1050.3, 432.3)]",0,2.25
speedrunner,meatboy,6,Success,4,0,464.3,0.875,"[(73.0, 461.0), (120.3, 452.1), (183.0, 406.2), (183.0, 399.2), (183.0, 411.0), (187.0, 441.6), (250.3, 444.8), (330.3, 433.4), (410.3, 455.8), (490.3, 431.4), (570.3, 397.3), (650.3, 410.2), (730.3, 442.1), (810.3, 444.8), (890.3, 398.4), (970.3, 405.2), (1050.3, 432.3)]",0,2.25
speedrunner,meatboy,6,Success,5,0,464.3,0.875,"[(73.0, 461.0), (120.3, 452.1), (183.0, 406.2), (183.0, 399.2), (183.0, 411.0), (187.0, 441.6), (250.3, 444.8), (330.3, 433.4), (410.3, 455.8), (490.3, 431.4), (570.3, 397.3), (650.3, 410.2), (730.3, 442.1), (810.3, 444.8), (890.3, 398.4), (970.3, 405.2), (1050.3, 432.3)]",0,2.25
speedrunner,meatboy,6,Success,5,0,464.3,0.875,"[(73.0, 461.0), (120.3, 452.1), (183.0, 406.2), (183.0, 399.2), (183.0, 411.0), (187.0, 441.6), (250.3, 444.8), (330.3, 433.4), (410.3, 455.8), (490.3, 431.4), (570.3, 397.3), (650.3, 410.2), (730.3, 442.1), (810.3, 444.8), (890.3, 398.4), (970.3, 405.2), (1050.3, 432.3)]",0,2.25
speedrunner,meatboy,6,Success,5,0,464.3,0.875,"[(73.0, 461.0), (120.3, 452.1), (183.0, 406.2), (183.0, 399.2), (183.0, 411.0), (187.0, 441.6), (250.3, 444.8), (330.3, 433.4), (410.3, 455.8), (490.3, 431.4), (570.3, 397.3), (650.3, 410.2), (730.3, 442.1), (810.3, 444.8), (890.3, 398.4), (970.3, 405.2), (1050.3, 432.3)]",0,2.25
speedrunner,meatboy,6,Success,4,0,464.3,0.875,"[(73.0, 461.0), (120.3, 452.1), (183.0, 406.2), (183.0, 399.2), (183.0, 411.0), (187.0, 441.6), (250.3, 444.8), (330.3, 433.4), (410.3, 455.8), (490.3, 431.4), (570.3, 397.3), (650.3, 410.2), (730.3, 442.1), (810.3, 444.8), (890.3, 398.4), (970.3, 405.2), (1050.3, 432.3)]",0,2.25
speedrunner,meatboy,6,Success,4,0,464.3,0.875,"[(73.0, 461.0), (120.3, 452.1), (183.0, 406.2), (183.0, 399.2), (183.0, 411.0), (187.0, 441.6), (250.3, 444.8), (330.3, 433.4), (410.3, 455.8), (490.3, 431.4), (570.3, 397.3), (650.3, 410.2), (730.3, 442.1), (810.3, 444.8), (890.3, 398.4), (970.3, 405.2), (1050.3, 432.3)]",0,2.25
speedrunner,meatboy,6,Success,4,0,464.3,0.875,"[(73.0, 461.0), (120.3, 452.1), (183.0, 406.2), (183.0, 399.2), (183.0, 411.0), (187.0, 441.6), (250.3, 444.8), (330.3, 433.4), (410.3, 455.8), (490.3, 431.4), (570.3, 397.3), (650.3, 410.2), (730.3, 442.1), (810.3, 444.8), (890.3, 398.4), (970.3, 405.2), (1050.3, 432.3)]",0,2.25
speedrunner,meatboy,6,Success,5,0,464.3,0.875,"[(73.0, 461.0), (120.3, 452.1), (183.0, 406.2), (183.0, 399.2), (183.0, 411.0), (187.0, 441.6), (250.3, 444.8), (330.3, 433.4), (410.3, 455.8), (490.3, 431.4), (570.3, 397.3), (650.3, 410.2), (730.3, 442.1), (810.3, 444.8), (890.3, 398.4), (970.3, 405.2), (1050.3, 432.3)]",0,2.25
speedrunner,meatboy,6,Success,4,0,464.3,0.875,"[(73.0, 461.0), (120.3, 452.1), (183.0, 406.2), (183.0, 399.2), (183.0, 411.0), (187.0, 441.6), (250.3, 444.8), (330.3, 433.4), (410.3, 455.8), (490.3, 431.4), (570.3, 397.3), (650.3, 410.2), (730.3, 442.1), (810.3, 444.8), (890.3, 398.4), (970.3, 405.2), (1050.3, 432.3)]",0,2.25
speedrunner,meatboy,6,Success,4,0,464.3,0.875,"[(73.0, 461.0), (120.3, 452.1), (183.0, 406.2), (183.0, 399.2), (183.0, 411.0), (187.0, 441.6), (250.3, 444.8), (330.3, 433.4), (410.3, 455.8), (490.3, 431.4), (570.3, 397.3), (650.3, 410.2), (730.3, 442.1), (810.3, 444.8), (890.3, 398.4), (970.3, 405.2), (1050.3, 432.3)]",0,2.25
