persona,game,world,cause_of_death,jump_count,coins_collected,avg_vx,progress_ratio,route,enemies_killed,bricks_destroyed,elapsed_time
novice,bomberman,0,Bomb,39,0,-1.24,0.727,"[(48.0, 48.0), (62.9, 51.7), (77.9, 51.7), (98.4, 51.7), (113.3, 57.3), (115.2, 72.3), (115.2, 89.1), (115.2, 107.7), (128.3, 115.2), (143.2, 115.2), (165.6, 115.2), (180.5, 124.5), (180.5, 126.4), (180.5, 126.4), (180.5, 141.3), (180.5, 163.7), (186.1, 178.7), (201.1, 180.5), (221.6, 180.5), (238.4, 184.3), (244.0, 199.2), (244.0, 216.0), (244.0, 236.5), (258.9, 244.0), (273.9, 244.0), (294.4, 244.0), (307.5, 255.2), (307.5, 270.1), (307.5, 290.7), (294.4, 305.6), (290.7, 301.9), (286.9, 305.6), (286.9, 305.6), (290.7, 301.9), (286.9, 305.6), (286.9, 305.6), (290.7, 301.9), (286.9, 305.6), (286.9, 305.6), (290.7, 301.9), (286.9, 305.6), (288.8, 307.5), (292.5, 307.5), (288.8, 307.5), (288.8, 307.5), (292.5, 307.5), (288.8, 307.5), (288.8, 307.5), (292.5, 307.5), (288.8, 307.5), (285.1, 307.5), (270.1, 307.5), (264.5, 307.5), (245.9, 307.5), (236.5, 322.4), (244.0, 337.3), (242.1, 357.9), (229.1, 372.8), (225.3, 370.9), (225.3, 370.9), (229.1, 367.2), (225.3, 370.9), (225.3, 370.9), (229.1, 367.2), (225.3, 370.9), (225.3, 370.9), (229.1, 367.2), (225.3, 370.9), (225.3, 370.9), (229.1, 367.2), (225.3, 370.9), (225.3, 372.8), (229.1, 372.8), (225.3, 372.8), (225.3, 372.8), (229.1, 372.8), (225.3, 369.1), (225.3, 369.1), (229.1, 372.8), (225.3, 369.1), (225.3, 369.1), (229.1, 372.8), (225.3, 369.1), (225.3, 369.1), (229.1, 372.8), (225.3, 369.1), (210.4, 372.8), (195.5, 372.8), (180.5, 372.8), (165.6, 372.8), (161.9, 367.2), (158.1, 370.9), (158.1, 370.9), (161.9, 367.2), (158.1, 370.9), (158.1, 370.9), (161.9, 367.2), (158.1, 370.9), (158.1, 370.9), (161.9, 372.8), (158.1, 372.8), (158.1, 372.8), (161.9, 372.8), (158.1, 372.8), (158.1, 372.8), (161.9, 372.8), (158.1, 372.8), (158.1, 372.8), (161.9, 372.8), (158.1, 372.8), (158.1, 372.8), (161.9, 372.8), (158.1, 372.8), (158.1, 372.8), (161.9, 372.8), (158.1, 369.1), (158.1, 369.1), (161.9, 372.8), (158.1, 369.1), (158.1, 369.1), (150.7, 372.8), (135.7, 372.8), (120.8, 372.8), (105.9, 372.8), (98.4, 369.1), (98.4, 369.1), (94.7, 372.8), (98.4, 369.1), (98.4, 369.1), (94.7, 372.8), (98.4, 372.8), (98.4, 372.8), (94.7, 372.8), (98.4, 372.8), (98.4, 372.8), (94.7, 372.8), (98.4, 372.8), (98.4, 372.8), (94.7, 372.8), (98.4, 372.8), (98.4, 372.8), (94.7, 372.8), (98.4, 372.8), (98.4, 372.8), (94.7, 372.8), (98.4, 372.8), (98.4, 372.8), (94.7, 372.8), (79.7, 372.8), (64.8, 372.8), (49.9, 372.8), (44.3, 372.8), (44.3, 372.8), (44.3, 372.8), (44.3, 372.8), (44.3, 372.8), (44.3, 372.8), (44.3, 372.8), (44.3, 372.8)]",0,0,21.1
novice,bomberman,0,Stuck,0,0,46.78,0.545,"[(48.0, 48.0), (62.9, 44.3), (77.9, 44.3), (92.8, 44.3), (107.7, 44.3), (122.7, 44.3), (137.6, 44.3), (152.5, 44.3), (167.5, 44.3), (182.4, 44.3), (197.3, 44.3), (212.3, 44.3), (227.2, 44.3), (242.1, 44.3), (257.1, 44.3), (272.0, 44.3), (286.9, 44.3), (301.9, 44.3), (316.8, 44.3), (331.7, 44.3), (346.7, 44.3), (361.6, 44.3), (376.5, 44.3), (391.5, 44.3), (406.4, 44.3), (421.3, 44.3), (436.3, 44.3), (436.3, 44.3), (436.3, 44.3), (436.3, 44.3), (436.3, 44.3), (436.3, 44.3), (436.3, 44.3), (436.3, 44.3), (436.3, 44.3), (436.3, 44.3), (436.3, 44.3), (436.3, 44.3), (436.3, 44.3), (436.3, 44.3), (436.3, 44.3), (436.3, 44.3), (436.3, 44.3), (436.3, 44.3), (436.3, 44.3), (436.3, 44.3), (436.3, 44.3), (436.3, 44.3), (436.3, 44.3), (436.3, 44.3), (436.3, 44.3), (436.3, 44.3), (436.3, 44.3), (436.3, 44.3), (436.3, 44.3), (436.3, 44.3), (436.3, 44.3), (436.3, 44.3), (436.3, 44.3), (436.3, 44.3), (436.3, 44.3), (436.3, 44.3), (436.3, 44.3)]",0,0,8.3
novice,bomberman,0,Bomb,2,0,27.06,0.364,"[(48.0, 48.0), (62.9, 44.3), (77.9, 44.3), (92.8, 44.3), (107.7, 44.3), (122.7, 44.3), (137.6, 44.3), (152.5, 44.3), (167.5, 44.3), (182.4, 44.3), (197.3, 44.3), (212.3, 44.3), (227.2, 44.3), (242.1, 44.3), (249.6, 44.3), (249.6, 44.3), (249.6, 44.3), (249.6, 44.3), (249.6, 44.3), (249.6, 44.3), (249.6, 44.3), (249.6, 44.3), (249.6, 44.3), (249.6, 44.3), (249.6, 44.3), (249.6, 44.3), (249.6, 44.3), (249.6, 44.3), (249.6, 44.3), (249.6, 44.3), (249.6, 44.3), (249.6, 44.3), (249.6, 44.3), (249.6, 44.3), (249.6, 44.3), (249.6, 44.3), (249.6, 44.3), (264.5, 44.3), (279.5, 44.3), (288.8, 44.3), (288.8, 44.3), (288.8, 44.3), (288.8, 44.3), (288.8, 44.3), (288.8, 44.3), (288.8, 44.3), (288.8, 44.3), (288.8, 44.3), (288.8, 44.3), (288.8, 44.3), (288.8, 44.3), (288.8, 44.3), (288.8, 44.3), (288.8, 44.3), (288.8, 44.3), (288.8, 44.3), (288.8, 44.3), (288.8, 44.3), (288.8, 44.3), (288.8, 44.3), (288.8, 44.3), (288.8, 44.3), (288.8, 44.3), (288.8, 44.3), (288.8, 44.3), (288.8, 44.3), (288.8, 44.3)]",0,0,8.9
novice,bomberman,0,Bomb,3,0,0.23,0.455,"[(48.0, 48.0), (48.0, 62.9), (51.7, 77.9), (51.7, 98.4), (51.7, 113.3), (51.7, 128.3), (51.7, 143.2), (51.7, 165.6), (44.3, 180.5), (44.3, 195.5), (44.3, 210.4), (44.3, 225.3), (44.3, 240.3), (44.3, 255.2), (44.3, 270.1), (44.3, 285.1), (44.3, 300.0), (44.3, 314.9), (44.3, 329.9), (44.3, 344.8), (44.3, 359.7), (44.3, 372.8), (44.3, 372.8), (44.3, 372.8), (44.3, 372.8), (44.3, 372.8), (44.3, 372.8), (44.3, 372.8), (44.3, 372.8), (44.3, 372.8), (44.3, 372.8), (44.3, 372.8), (44.3, 372.8), (44.3, 372.8), (44.3, 372.8), (44.3, 372.8), (44.3, 372.8), (44.3, 372.8), (44.3, 372.8), (44.3, 372.8), (44.3, 372.8), (44.3, 372.8), (44.3, 372.8), (44.3, 372.8), (44.3, 372.8), (44.3, 372.8), (44.3, 372.8), (44.3, 372.8), (44.3, 372.8), (44.3, 372.8), (44.3, 372.8), (44.3, 372.8), (44.3, 369.1), (44.3, 354.1), (44.3, 350.4), (44.3, 354.1), (44.3, 354.1), (49.9, 350.4), (46.1, 354.1), (46.1, 354.1), (49.9, 350.4)]",0,0,8.0
novice,bomberman,0,Stuck,0,0,2.47,0.318,"[(48.0, 48.0), (44.3, 62.9), (44.3, 77.9), (44.3, 92.8), (44.3, 107.7), (44.3, 122.7), (44.3, 137.6), (44.3, 152.5), (44.3, 167.5), (49.9, 182.4), (46.1, 197.3), (44.3, 212.3), (44.3, 227.2), (57.3, 242.1), (61.1, 244.0), (64.8, 244.0), (61.1, 244.0), (61.1, 244.0), (64.8, 244.0), (61.1, 244.0), (61.1, 244.0), (64.8, 244.0), (61.1, 244.0), (61.1, 244.0), (64.8, 244.0), (61.1, 244.0), (61.1, 244.0), (64.8, 244.0), (61.1, 244.0), (61.1, 244.0), (64.8, 244.0), (61.1, 244.0), (61.1, 244.0), (64.8, 244.0), (61.1, 244.0), (61.1, 244.0), (64.8, 244.0), (61.1, 244.0), (61.1, 244.0), (64.8, 244.0), (61.1, 244.0), (61.1, 244.0), (64.8, 244.0), (61.1, 244.0), (61.1, 244.0), (64.8, 244.0), (61.1, 244.0), (61.1, 244.0), (64.8, 244.0), (61.1, 244.0), (61.1, 244.0), (64.8, 244.0)]",0,0,6.8
novice,bomberman,0,Bomb,1,0,1.4,0.0,"[(48.0, 48.0), (53.6, 44.3), (53.6, 44.3), (53.6, 44.3), (53.6, 44.3), (53.6, 44.3), (53.6, 44.3), (53.6, 44.3), (53.6, 44.3), (53.6, 44.3), (53.6, 44.3), (53.6, 44.3), (53.6, 44.3), (53.6, 44.3), (53.6, 44.3), (53.6, 44.3), (53.6, 44.3), (53.6, 44.3), (53.6, 44.3), (53.6, 44.3), (53.6, 44.3), (53.6, 44.3), (53.6, 44.3), (53.6, 44.3), (53.6, 44.3), (53.6, 44.3), (53.6, 44.3), (53.6, 44.3), (53.6, 44.3), (53.6, 44.3), (53.6, 44.3)]",0,0,4.0
novice,bomberman,0,Stuck,5,0,41.01,0.545,"[(48.0, 48.0), (62.9, 44.3), (77.9, 44.3), (92.8, 44.3), (107.7, 44.3), (122.7, 44.3), (137.6, 44.3), (152.5, 44.3), (167.5, 44.3), (182.4, 44.3), (197.3, 44.3), (212.3, 44.3), (227.2, 44.3), (242.1, 44.3), (257.1, 44.3), (272.0, 44.3), (286.9, 44.3), (301.9, 44.3), (316.8, 44.3), (331.7, 44.3), (346.7, 44.3), (361.6, 44.3), (376.5, 44.3), (391.5, 44.3), (406.4, 44.3), (421.3, 44.3), (436.3, 44.3), (436.3, 44.3), (436.3, 44.3), (436.3, 44.3), (436.3, 44.3), (436.3, 44.3), (436.3, 44.3), (436.3, 44.3), (436.3, 44.3), (436.3, 44.3), (436.3, 44.3), (436.3, 44.3), (436.3, 44.3), (436.3, 44.3), (436.3, 44.3), (436.3, 44.3), (436.3, 44.3), (436.3, 44.3), (436.3, 44.3), (436.3, 44.3), (436.3, 44.3), (436.3, 44.3), (436.3, 44.3), (436.3, 44.3), (436.3, 44.3), (436.3, 44.3), (436.3, 44.3), (436.3, 44.3), (436.3, 44.3), (436.3, 44.3), (436.3, 44.3), (436.3, 44.3), (436.3, 44.3), (436.3, 44.3), (436.3, 44.3), (436.3, 44.3), (436.3, 44.3), (436.3, 44.3), (436.3, 44.3), (436.3, 44.3), (436.3, 44.3), (436.3, 44.3), (436.3, 44.3), (436.3, 44.3), (436.3, 44.3), (436.3, 44.3)]",0,0,9.47
novice,bomberman,0,Stuck,0,0,-0.75,0.0,"[(48.0, 48.0), (44.3, 44.3), (44.3, 44.3), (44.3, 44.3), (44.3, 44.3), (44.3, 44.3), (44.3, 44.3), (44.3, 44.3), (44.3, 44.3), (44.3, 44.3), (44.3, 44.3), (44.3, 44.3), (44.3, 44.3), (44.3, 44.3), (44.3, 44.3), (44.3, 44.3), (44.3, 44.3), (44.3, 44.3), (44.3, 44.3), (44.3, 44.3), (44.3, 44.3), (44.3, 44.3), (44.3, 44.3), (44.3, 44.3), (44.3, 44.3), (44.3, 44.3), (44.3, 44.3), (44.3, 44.3), (44.3, 44.3), (44.3, 44.3), (44.3, 44.3), (44.3, 44.3), (44.3, 44.3), (44.3, 44.3), (44.3, 44.3), (44.3, 44.3), (44.3, 44.3), (44.3, 44.3)]",0,0,5.0
novice,bomberman,0,Stuck,0,0,-0.75,0.0,"[(48.0, 48.0), (44.3, 48.0), (44.3, 48.0), (44.3, 48.0), (44.3, 48.0), (44.3, 48.0), (44.3, 48.0), (44.3, 48.0), (44.3, 48.0), (44.3, 48.0), (44.3, 48.0), (44.3, 48.0), (44.3, 48.0), (44.3, 48.0), (44.3, 48.0), (44.3, 48.0), (44.3, 48.0), (44.3, 48.0), (44.3, 48.0), (44.3, 48.0), (44.3, 48.0), (44.3, 48.0), (44.3, 48.0), (44.3, 48.0), (44.3, 48.0), (44.3, 48.0), (44.3, 48.0), (44.3, 48.0), (44.3, 48.0), (44.3, 48.0), (44.3, 48.0), (44.3, 48.0), (44.3, 48.0), (44.3, 48.0), (44.3, 48.0), (44.3, 48.0), (44.3, 48.0), (44.3, 48.0)]",0,0,5.0
novice,bomberman,0,Stuck,0,0,0.0,0.0,"[(48.0, 48.0), (48.0, 44.3), (48.0, 44.3), (48.0, 44.3), (48.0, 44.3), (48.0, 44.3), (48.0, 44.3), (48.0, 44.3), (48.0, 44.3), (48.0, 44.3), (48.0, 44.3), (48.0, 44.3), (48.0, 44.3), (48.0, 44.3), (48.0, 44.3), (48.0, 44.3), (48.0, 44.3), (48.0, 44.3), (48.0, 44.3), (48.0, 44.3), (48.0, 44.3), (48.0, 44.3), (48.0, 44.3), (48.0, 44.3), (48.0, 44.3), (48.0, 44.3), (48.0, 44.3), (48.0, 44.3), (48.0, 44.3), (48.0, 44.3), (48.0, 44.3), (48.0, 44.3), (48.0, 44.3), (48.0, 44.3), (48.0, 44.3), (48.0, 44.3), (48.0, 44.3), (48.0, 44.3)]",0,0,5.0
novice,bomberman,0,Bomb,39,0,-1.24,0.727,"[(48.0, 48.0), (62.9, 51.7), (77.9, 51.7), (98.4, 51.7), (113.3, 57.3), (115.2, 72.3), (115.2, 89.1), (115.2, 107.7), (128.3, 115.2), (143.2, 115.2), (165.6, 115.2), (180.5, 124.5), (180.5, 126.4), (180.5, 126.4), (180.5, 141.3), (180.5, 163.7), (186.1, 178.7), (201.1, 180.5), (221.6, 180.5), (238.4, 184.3), (244.0, 199.2), (244.0, 216.0), (244.0, 236.5), (258.9, 244.0), (273.9, 244.0), (294.4, 244.0), (307.5, 255.2), (307.5, 270.1), (307.5, 290.7), (294.4, 305.6), (290.7, 301.9), (286.9, 305.6), (286.9, 305.6), (290.7, 301.9), (286.9, 305.6), (286.9, 305.6), (290.7, 301.9), (286.9, 305.6), (286.9, 305.6), (290.7, 301.9), (286.9, 305.6), (288.8, 307.5), (292.5, 307.5), (288.8, 307.5), (288.8, 307.5), (292.5, 307.5), (288.8, 307.5), (288.8, 307.5), (292.5, 307.5), (288.8, 307.5), (285.1, 307.5), (270.1, 307.5), (264.5, 307.5), (245.9, 307.5), (236.5, 322.4), (244.0, 337.3), (242.1, 357.9), (229.1, 372.8), (225.3, 370.9), (225.3, 370.9), (229.1, 367.2), (225.3, 370.9), (225.3, 370.9), (229.1, 367.2), (225.3, 370.9), (225.3, 370.9), (229.1, 367.2), (225.3, 370.9), (225.3, 370.9), (229.1, 367.2), (225.3, 370.9), (225.3, 372.8), (229.1, 372.8), (225.3, 372.8), (225.3, 372.8), (229.1, 372.8), (225.3, 369.1), (225.3, 369.1), (229.1, 372.8), (225.3, 369.1), (225.3, 369.1), (229.1, 372.8), (225.3, 369.1), (225.3, 369.1), (229.1, 372.8), (225.3, 369.1), (210.4, 372.8), (195.5, 372.8), (180.5, 372.8), (165.6, 372.8), (161.9, 367.2), (158.1, 370.9), (158.1, 370.9), (161.9, 367.2), (158.1, 370.9), (158.1, 370.9), (161.9, 367.2), (158.1, 370.9), (158.1, 370.9), (161.9, 372.8), (158.1, 372.8), (158.1, 372.8), (161.9, 372.8), (158.1, 372.8), (158.1, 372.8), (161.9, 372.8), (158.1, 372.8), (158.1, 372.8), (161.9, 372.8), (158.1, 372.8), (158.1, 372.8), (161.9, 372.8), (158.1, 372.8), (158.1, 372.8), (161.9, 372.8), (158.1, 369.1), (158.1, 369.1), (161.9, 372.8), (158.1, 369.1), (158.1, 369.1), (150.7, 372.8), (135.7, 372.8), (120.8, 372.8), (105.9, 372.8), (98.4, 369.1), (98.4, 369.1), (94.7, 372.8), (98.4, 369.1), (98.4, 369.1), (94.7, 372.8), (98.4, 372.8), (98.4, 372.8), (94.7, 372.8), (98.4, 372.8), (98.4, 372.8), (94.7, 372.8), (98.4, 372.8), (98.4, 372.8), (94.7, 372.8), (98.4, 372.8), (98.4, 372.8), (94.7, 372.8), (98.4, 372.8), (98.4, 372.8), (94.7, 372.8), (98.4, 372.8), (98.4, 372.8), (94.7, 372.8), (79.7, 372.8), (64.8, 372.8), (49.9, 372.8), (44.3, 372.8), (44.3, 372.8), (44.3, 372.8), (44.3, 372.8), (44.3, 372.8), (44.3, 372.8), (44.3, 372.8), (44.3, 372.8)]",0,0,21.1
novice,bomberman,0,Stuck,5,0,41.01,0.545,"[(48.0, 48.0), (62.9, 44.3), (77.9, 44.3), (92.8, 44.3), (107.7, 44.3), (122.7, 44.3), (137.6, 44.3), (152.5, 44.3), (167.5, 44.3), (182.4, 44.3), (197.3, 44.3), (212.3, 44.3), (227.2, 44.3), (242.1, 44.3), (257.1, 44.3), (272.0, 44.3), (286.9, 44.3), (301.9, 44.3), (316.8, 44.3), (331.7, 44.3), (346.7, 44.3), (361.6, 44.3), (376.5, 44.3), (391.5, 44.3), (406.4, 44.3), (421.3, 44.3), (436.3, 44.3), (436.3, 44.3), (436.3, 44.3), (436.3, 44.3), (436.3, 44.3), (436.3, 44.3), (436.3, 44.3), (436.3, 44.3), (436.3, 44.3), (436.3, 44.3), (436.3, 44.3), (436.3, 44.3), (436.3, 44.3), (436.3, 44.3), (436.3, 44.3), (436.3, 44.3), (436.3, 44.3), (436.3, 44.3), (436.3, 44.3), (436.3, 44.3), (436.3, 44.3), (436.3, 44.3), (436.3, 44.3), (436.3, 44.3), (436.3, 44.3), (436.3, 44.3), (436.3, 44.3), (436.3, 44.3), (436.3, 44.3), (436.3, 44.3), (436.3, 44.3), (436.3, 44.3), (436.3, 44.3), (436.3, 44.3), (436.3, 44.3), (436.3, 44.3), (436.3, 44.3), (436.3, 44.3), (436.3, 44.3), (436.3, 44.3), (436.3, 44.3), (436.3, 44.3), (436.3, 44.3), (436.3, 44.3), (436.3, 44.3), (436.3, 44.3)]",0,0,9.47
novice,bomberman,0,Stuck,0,0,46.78,0.545,"[(48.0, 48.0), (62.9, 44.3), (77.9, 44.3), (92.8, 44.3), (107.7, 44.3), (122.7, 44.3), (137.6, 44.3), (152.5, 44.3), (167.5, 44.3), (182.4, 44.3), (197.3, 44.3), (212.3, 44.3), (227.2, 44.3), (242.1, 44.3), (257.1, 44.3), (272.0, 44.3), (286.9, 44.3), (301.9, 44.3), (316.8, 44.3), (331.7, 44.3), (346.7, 44.3), (361.6, 44.3), (376.5, 44.3), (391.5, 44.3), (406.4, 44.3), (421.3, 44.3), (436.3, 44.3), (436.3, 44.3), (436.3, 44.3), (436.3, 44.3), (436.3, 44.3), (436.3, 44.3), (436.3, 44.3), (436.3, 44.3), (436.3, 44.3), (436.3, 44.3), (436.3, 44.3), (436.3, 44.3), (436.3, 44.3), (436.3, 44.3), (436.3, 44.3), (436.3, 44.3), (436.3, 44.3), (436.3, 44.3), (436.3, 44.3), (436.3, 44.3), (436.3, 44.3), (436.3, 44.3), (436.3, 44.3), (436.3, 44.3), (436.3, 44.3), (436.3, 44.3), (436.3, 44.3), (436.3, 44.3), (436.3, 44.3), (436.3, 44.3), (436.3, 44.3), (436.3, 44.3), (436.3, 44.3), (436.3, 44.3), (436.3, 44.3), (436.3, 44.3), (436.3, 44.3)]",0,0,8.3
novice,bomberman,0,Bomb,3,0,0.23,0.455,"[(48.0, 48.0), (48.0, 62.9), (51.7, 77.9), (51.7, 98.4), (51.7, 113.3), (51.7, 128.3), (51.7, 143.2), (51.7, 165.6), (44.3, 180.5), (44.3, 195.5), (44.3, 210.4), (44.3, 225.3), (44.3, 240.3), (44.3, 255.2), (44.3, 270.1), (44.3, 285.1), (44.3, 300.0), (44.3, 314.9), (44.3, 329.9), (44.3, 344.8), (44.3, 359.7), (44.3, 372.8), (44.3, 372.8), (44.3, 372.8), (44.3, 372.8), (44.3, 372.8), (44.3, 372.8), (44.3, 372.8), (44.3, 372.8), (44.3, 372.8), (44.3, 372.8), (44.3, 372.8), (44.3, 372.8), (44.3, 372.8), (44.3, 372.8), (44.3, 372.8), (44.3, 372.8), (44.3, 372.8), (44.3, 372.8), (44.3, 372.8), (44.3, 372.8), (44.3, 372.8), (44.3, 372.8), (44.3, 372.8), (44.3, 372.8), (44.3, 372.8), (44.3, 372.8), (44.3, 372.8), (44.3, 372.8), (44.3, 372.8), (44.3, 372.8), (44.3, 372.8), (44.3, 369.1), (44.3, 354.1), (44.3, 350.4), (44.3, 354.1), (44.3, 354.1), (49.9, 350.4), (46.1, 354.1), (46.1, 354.1), (49.9, 350.4)]",0,0,8.0
novice,bomberman,0,Stuck,0,0,0.0,0.0,"[(48.0, 48.0), (48.0, 48.0), (48.0, 48.0), (48.0, 48.0), (48.0, 48.0), (48.0, 48.0), (48.0, 48.0), (48.0, 48.0), (48.0, 48.0), (48.0, 48.0), (48.0, 48.0), (48.0, 48.0), (48.0, 48.0), (48.0, 48.0), (48.0, 48.0), (48.0, 48.0), (48.0, 48.0), (48.0, 48.0), (48.0, 48.0), (48.0, 48.0), (48.0, 48.0), (48.0, 48.0), (48.0, 48.0), (48.0, 48.0), (48.0, 48.0), (48.0, 48.0), (48.0, 48.0), (48.0, 48.0), (48.0, 48.0), (48.0, 48.0), (48.0, 48.0), (48.0, 48.0), (48.0, 48.0), (48.0, 48.0), (48.0, 48.0), (48.0, 48.0), (48.0, 48.0), (48.0, 48.0)]",0,0,5.0
novice,bomberman,0,Stuck,0,0,46.78,0.545,"[(48.0, 48.0), (62.9, 44.3), (77.9, 44.3), (92.8, 44.3), (107.7, 44.3), (122.7, 44.3), (137.6, 44.3), (152.5, 44.3), (167.5, 44.3), (182.4, 44.3), (197.3, 44.3), (212.3, 44.3), (227.2, 44.3), (242.1, 44.3), (257.1, 44.3), (272.0, 44.3), (286.9, 44.3), (301.9, 44.3), (316.8, 44.3), (331.7, 44.3), (346.7, 44.3), (361.6, 44.3), (376.5, 44.3), (391.5, 44.3), (406.4, 44.3), (421.3, 44.3), (436.3, 44.3), (436.3, 44.3), (436.3, 44.3), (436.3, 44.3), (436.3, 44.3), (436.3, 44.3), (436.3, 44.3), (436.3, 44.3), (436.3, 44.3), (436.3, 44.3), (436.3, 44.3), (436.3, 44.3), (436.3, 44.3), (436.3, 44.3), (436.3, 44.3), (436.3, 44.3), (436.3, 44.3), (436.3, 44.3), (436.3, 44.3), (436.3, 44.3), (436.3, 44.3), (436.3, 44.3), (436.3, 44.3), (436.3, 44.3), (436.3, 44.3), (436.3, 44.3), (436.3, 44.3), (436.3, 44.3), (436.3, 44.3), (436.3, 44.3), (436.3, 44.3), (436.3, 44.3), (436.3, 44.3), (436.3, 44.3), (436.3, 44.3), (436.3, 44.3), (436.3, 44.3)]",0,0,8.3
novice,bomberman,0,Stuck,0,0,12.31,0.227,"[(48.0, 48.0), (62.9, 51.7), (77.9, 51.7), (98.4, 51.7), (113.3, 57.3), (115.2, 72.3), (115.2, 89.1), (115.2, 107.7), (128.3, 115.2), (132.0, 115.2), (128.3, 115.2), (128.3, 115.2), (132.0, 115.2), (128.3, 115.2), (128.3, 115.2), (132.0, 115.2), (128.3, 115.2), (128.3, 115.2), (132.0, 115.2), (128.3, 115.2), (128.3, 115.2), (132.0, 115.2), (128.3, 115.2), (128.3, 115.2), (132.0, 115.2), (128.3, 115.2), (128.3, 115.2), (132.0, 115.2), (128.3, 115.2), (128.3, 115.2), (132.0, 115.2), (128.3, 115.2), (128.3, 115.2), (132.0, 115.2), (128.3, 115.2), (128.3, 115.2), (132.0, 115.2), (128.3, 115.2), (128.3, 115.2), (132.0, 115.2), (128.3, 115.2), (128.3, 115.2), (132.0, 115.2), (128.3, 115.2), (128.3, 115.2), (132.0, 115.2)]",0,0,6.07
novice,bomberman,0,Bomb,2,0,29.37,0.364,"[(48.0, 48.0), (62.9, 44.3), (77.9, 44.3), (92.8, 44.3), (107.7, 44.3), (122.7, 44.3), (137.6, 44.3), (152.5, 44.3), (167.5, 44.3), (182.4, 44.3), (197.3, 44.3), (212.3, 44.3), (227.2, 44.3), (242.1, 44.3), (255.2, 44.3), (255.2, 44.3), (255.2, 44.3), (255.2, 44.3), (255.2, 44.3), (255.2, 44.3), (255.2, 44.3), (255.2, 44.3), (255.2, 44.3), (255.2, 44.3), (255.2, 44.3), (255.2, 44.3), (255.2, 44.3), (255.2, 44.3), (255.2, 44.3), (255.2, 44.3), (255.2, 44.3), (255.2, 44.3), (268.3, 44.3), (283.2, 44.3), (288.8, 44.3), (288.8, 44.3), (288.8, 44.3), (288.8, 44.3), (288.8, 44.3), (288.8, 44.3), (288.8, 44.3), (288.8, 44.3), (288.8, 44.3), (288.8, 44.3), (288.8, 44.3), (288.8, 44.3), (288.8, 44.3), (288.8, 44.3), (288.8, 44.3), (288.8, 44.3), (288.8, 44.3), (288.8, 44.3), (288.8, 44.3), (288.8, 44.3), (288.8, 44.3), (288.8, 44.3), (288.8, 44.3), (288.8, 44.3), (288.8, 44.3), (288.8, 44.3), (288.8, 44.3), (288.8, 44.3)]",0,0,8.2
novice,bomberman,0,Bomb,4,0,7.98,0.727,"[(48.0, 48.0), (62.9, 51.7), (77.9, 51.7), (98.4, 51.7), (113.3, 57.3), (115.2, 72.3), (115.2, 89.1), (115.2, 107.7), (128.3, 115.2), (143.2, 115.2), (165.6, 115.2), (180.5, 124.5), (180.5, 139.5), (180.5, 160.0), (184.3, 176.8), (199.2, 180.5), (217.9, 180.5), (236.5, 182.4), (244.0, 197.3), (244.0, 212.3), (244.0, 234.7), (257.1, 244.0), (272.0, 244.0), (292.5, 244.0), (307.5, 253.3), (307.5, 268.3), (305.6, 286.9), (298.1, 301.9), (290.7, 303.7), (290.7, 303.7), (286.9, 307.5), (290.7, 303.7), (290.7, 303.7), (286.9, 307.5), (290.7, 303.7), (290.7, 303.7), (286.9, 307.5), (290.7, 303.7), (290.7, 303.7), (286.9, 307.5), (290.7, 303.7), (290.7, 307.5), (286.9, 307.5), (290.7, 307.5), (290.7, 307.5), (286.9, 307.5), (290.7, 307.5), (290.7, 307.5), (286.9, 307.5), (290.7, 307.5), (290.7, 307.5), (275.7, 307.5), (272.0, 307.5), (262.7, 307.5), (244.0, 309.3), (240.3, 324.3), (244.0, 339.2), (238.4, 359.7), (227.2, 372.8), (223.5, 369.1), (219.7, 372.8), (223.5, 369.1), (223.5, 369.1), (219.7, 372.8), (223.5, 369.1), (223.5, 369.1), (219.7, 372.8), (223.5, 369.1), (223.5, 369.1), (219.7, 372.8), (223.5, 369.1), (223.5, 369.1), (219.7, 365.3), (223.5, 369.1), (223.5, 369.1), (219.7, 365.3), (223.5, 369.1), (223.5, 369.1), (219.7, 365.3), (223.5, 369.1), (223.5, 369.1), (219.7, 365.3), (223.5, 369.1), (223.5, 369.1), (219.7, 365.3), (223.5, 369.1), (223.5, 369.1), (208.5, 372.8), (193.6, 372.8), (178.7, 361.6), (173.1, 357.9), (173.1, 354.1), (173.1, 354.1), (173.1, 357.9), (173.1, 361.6), (173.1, 361.6), (173.1, 357.9), (173.1, 361.6), (173.1, 365.3)]",0,0,13.1
novice,bomberman,0,Stuck,0,0,46.78,0.545,"[(48.0, 48.0), (62.9, 44.3), (77.9, 44.3), (92.8, 44.3), (107.7, 44.3), (122.7, 44.3), (137.6, 44.3), (152.5, 44.3), (167.5, 44.3), (182.4, 44.3), (197.3, 44.3), (212.3, 44.3), (227.2, 44.3), (242.1, 44.3), (257.1, 44.3), (272.0, 44.3), (286.9, 44.3), (301.9, 44.3), (316.8, 44.3), (331.7, 44.3), (346.7, 44.3), (361.6, 44.3), (376.5, 44.3), (391.5, 44.3), (406.4, 44.3), (421.3, 44.3), (436.3, 44.3), (436.3, 44.3), (436.3, 44.3), (436.3, 44.3), (436.3, 44.3), (436.3, 44.3), (436.3, 44.3), (436.3, 44.3), (436.3, 44.3), (436.3, 44.3), (436.3, 44.3), (436.3, 44.3), (436.3, 44.3), (436.3, 44.3), (436.3, 44.3), (436.3, 44.3), (436.3, 44.3), (436.3, 44.3), (436.3, 44.3), (436.3, 44.3), (436.3, 44.3), (436.3, 44.3), (436.3, 44.3), (436.3, 44.3), (436.3, 44.3), (436.3, 44.3), (436.3, 44.3), (436.3, 44.3), (436.3, 44.3), (436.3, 44.3), (436.3, 44.3), (436.3, 44.3), (436.3, 44.3), (436.3, 44.3), (436.3, 44.3), (436.3, 44.3), (436.3, 44.3)]",0,0,8.3
novice,bomberman,0,Bomb,4,0,7.98,0.727,"[(48.0, 48.0), (62.9, 51.7), (77.9, 51.7), (98.4, 51.7), (113.3, 57.3), (115.2, 72.3), (115.2, 89.1), (115.2, 107.7), (128.3, 115.2), (143.2, 115.2), (165.6, 115.2), (180.5, 124.5), (180.5, 139.5), (180.5, 160.0), (184.3, 176.8), (199.2, 180.5), (217.9, 180.5), (236.5, 182.4), (244.0, 197.3), (244.0, 212.3), (244.0, 234.7), (257.1, 244.0), (272.0, 244.0), (292.5, 244.0), (307.5, 253.3), (307.5, 268.3), (305.6, 286.9), (298.1, 301.9), (290.7, 303.7), (290.7, 303.7), (286.9, 307.5), (290.7, 303.7), (290.7, 303.7), (286.9, 307.5), (290.7, 303.7), (290.7, 303.7), (286.9, 307.5), (290.7, 303.7), (290.7, 303.7), (286.9, 307.5), (290.7, 303.7), (290.7, 307.5), (286.9, 307.5), (290.7, 307.5), (290.7, 307.5), (286.9, 307.5), (290.7, 307.5), (290.7, 307.5), (286.9, 307.5), (290.7, 307.5), (290.7, 307.5), (275.7, 307.5), (272.0, 307.5), (262.7, 307.5), (244.0, 309.3), (240.3, 324.3), (244.0, 339.2), (238.4, 359.7), (227.2, 372.8), (223.5, 369.1), (219.7, 372.8), (223.5, 369.1), (223.5, 369.1), (219.7, 372.8), (223.5, 369.1), (223.5, 369.1), (219.7, 372.8), (223.5, 369.1), (223.5, 369.1), (219.7, 372.8), (223.5, 369.1), (223.5, 369.1), (219.7, 365.3), (223.5, 369.1), (223.5, 369.1), (219.7, 365.3), (223.5, 369.1), (223.5, 369.1), (219.7, 365.3), (223.5, 369.1), (223.5, 369.1), (219.7, 365.3), (223.5, 369.1), (223.5, 369.1), (219.7, 365.3), (223.5, 369.1), (223.5, 369.1), (208.5, 372.8), (193.6, 372.8), (178.7, 361.6), (173.1, 357.9), (173.1, 354.1), (173.1, 354.1), (173.1, 357.9), (173.1, 361.6), (173.1, 361.6), (173.1, 357.9), (173.1, 361.6), (173.1, 365.3)]",0,0,13.1
novice,bomberman,0,Bomb,39,0,-1.24,0.727,"[(48.0, 48.0), (62.9, 51.7), (77.9, 51.7), (98.4, 51.7), (113.3, 57.3), (115.2, 72.3), (115.2, 89.1), (115.2, 107.7), (128.3, 115.2), (143.2, 115.2), (165.6, 115.2), (180.5, 124.5), (180.5, 126.4), (180.5, 126.4), (180.5, 141.3), (180.5, 163.7), (186.1, 178.7), (201.1, 180.5), (221.6, 180.5), (238.4, 184.3), (244.0, 199.2), (244.0, 216.0), (244.0, 236.5), (258.9, 244.0), (273.9, 244.0), (294.4, 244.0), (307.5, 255.2), (307.5, 270.1), (307.5, 290.7), (294.4, 305.6), (290.7, 301.9), (286.9, 305.6), (286.9, 305.6), (290.7, 301.9), (286.9, 305.6), (286.9, 305.6), (290.7, 301.9), (286.9, 305.6), (286.9, 305.6), (290.7, 301.9), (286.9, 305.6), (288.8, 307.5), (292.5, 307.5), (288.8, 307.5), (288.8, 307.5), (292.5, 307.5), (288.8, 307.5), (288.8, 307.5), (292.5, 307.5), (288.8, 307.5), (285.1, 307.5), (270.1, 307.5), (264.5, 307.5), (245.9, 307.5), (236.5, 322.4), (244.0, 337.3), (242.1, 357.9), (229.1, 372.8), (225.3, 370.9), (225.3, 370.9), (229.1, 367.2), (225.3, 370.9), (225.3, 370.9), (229.1, 367.2), (225.3, 370.9), (225.3, 370.9), (229.1, 367.2), (225.3, 370.9), (225.3, 370.9), (229.1, 367.2), (225.3, 370.9), (225.3, 372.8), (229.1, 372.8), (225.3, 372.8), (225.3, 372.8), (229.1, 372.8), (225.3, 369.1), (225.3, 369.1), (229.1, 372.8), (225.3, 369.1), (225.3, 369.1), (229.1, 372.8), (225.3, 369.1), (225.3, 369.1), (229.1, 372.8), (225.3, 369.1), (210.4, 372.8), (195.5, 372.8), (180.5, 372.8), (165.6, 372.8), (161.9, 367.2), (158.1, 370.9), (158.1, 370.9), (161.9, 367.2), (158.1, 370.9), (158.1, 370.9), (161.9, 367.2), (158.1, 370.9), (158.1, 370.9), (161.9, 372.8), (158.1, 372.8), (158.1, 372.8), (161.9, 372.8), (158.1, 372.8), (158.1, 372.8), (161.9, 372.8), (158.1, 372.8), (158.1, 372.8), (161.9, 372.8), (158.1, 372.8), (158.1, 372.8), (161.9, 372.8), (158.1, 372.8), (158.1, 372.8), (161.9, 372.8), (158.1, 369.1), (158.1, 369.1), (161.9, 372.8), (158.1, 369.1), (158.1, 369.1), (150.7, 372.8), (135.7, 372.8), (120.8, 372.8), (105.9, 372.8), (98.4, 369.1), (98.4, 369.1), (94.7, 372.8), (98.4, 369.1), (98.4, 369.1), (94.7, 372.8), (98.4, 372.8), (98.4, 372.8), (94.7, 372.8), (98.4, 372.8), (98.4, 372.8), (94.7, 372.8), (98.4, 372.8), (98.4, 372.8), (94.7, 372.8), (98.4, 372.8), (98.4, 372.8), (94.7, 372.8), (98.4, 372.8), (98.4, 372.8), (94.7, 372.8), (98.4, 372.8), (98.4, 372.8), (94.7, 372.8), (79.7, 372.8), (64.8, 372.8), (49.9, 372.8), (44.3, 372.8), (44.3, 372.8), (44.3, 372.8), (44.3, 372.8), (44.3, 372.8), (44.3, 372.8), (44.3, 372.8), (44.3, 372.8)]",0,0,21.1
novice,bomberman,0,Stuck,5,0,41.01,0.545,"[(48.0, 48.0), (62.9, 44.3), (77.9, 44.3), (92.8, 44.3), (107.7, 44.3), (122.7, 44.3), (137.6, 44.3), (152.5, 44.3), (167.5, 44.3), (182.4, 44.3), (197.3, 44.3), (212.3, 44.3), (227.2, 44.3), (242.1, 44.3), (257.1, 44.3), (272.0, 44.3), (286.9, 44.3), (301.9, 44.3), (316.8, 44.3), (331.7, 44.3), (346.7, 44.3), (361.6, 44.3), (376.5, 44.3), (391.5, 44.3), (406.4, 44.3), (421.3, 44.3), (436.3, 44.3), (436.3, 44.3), (436.3, 44.3), (436.3, 44.3), (436.3, 44.3), (436.3, 44.3), (436.3, 44.3), (436.3, 44.3), (436.3, 44.3), (436.3, 44.3), (436.3, 44.3), (436.3, 44.3), (436.3, 44.3), (436.3, 44.3), (436.3, 44.3), (436.3, 44.3), (436.3, 44.3), (436.3, 44.3), (436.3, 44.3), (436.3, 44.3), (436.3, 44.3), (436.3, 44.3), (436.3, 44.3), (436.3, 44.3), (436.3, 44.3), (436.3, 44.3), (436.3, 44.3), (436.3, 44.3), (436.3, 44.3), (436.3, 44.3), (436.3, 44.3), (436.3, 44.3), (436.3, 44.3), (436.3, 44.3), (436.3, 44.3), (436.3, 44.3), (436.3, 44.3), (436.3, 44.3), (436.3, 44.3), (436.3, 44.3), (436.3, 44.3), (436.3, 44.3), (436.3, 44.3), (436.3, 44.3), (436.3, 44.3), (436.3, 44.3)]",0,0,9.47
novice,bomberman,0,Stuck,0,0,46.78,0.545,"[(48.0, 48.0), (62.9, 44.3), (77.9, 44.3), (92.8, 44.3), (107.7, 44.3), (122.7, 44.3), (137.6, 44.3), (152.5, 44.3), (167.5, 44.3), (182.4, 44.3), (197.3, 44.3), (212.3, 44.3), (227.2, 44.3), (242.1, 44.3), (257.1, 44.3), (272.0, 44.3), (286.9, 44.3), (301.9, 44.3), (316.8, 44.3), (331.7, 44.3), (346.7, 44.3), (361.6, 44.3), (376.5, 44.3), (391.5, 44.3), (406.4, 44.3), (421.3, 44.3), (436.3, 44.3), (436.3, 44.3), (436.3, 44.3), (436.3, 44.3), (436.3, 44.3), (436.3, 44.3), (436.3, 44.3), (436.3, 44.3), (436.3, 44.3), (436.3, 44.3), (436.3, 44.3), (436.3, 44.3), (436.3, 44.3), (436.3, 44.3), (436.3, 44.3), (436.3, 44.3), (436.3, 44.3), (436.3, 44.3), (436.3, 44.3), (436.3, 44.3), (436.3, 44.3), (436.3, 44.3), (436.3, 44.3), (436.3, 44.3), (436.3, 44.3), (436.3, 44.3), (436.3, 44.3), (436.3, 44.3), (436.3, 44.3), (436.3, 44.3), (436.3, 44.3), (436.3, 44.3), (436.3, 44.3), (436.3, 44.3), (436.3, 44.3), (436.3, 44.3), (436.3, 44.3)]",0,0,8.3
novice,bomberman,0,Bomb,8,0,19.24,0.227,"[(48.0, 48.0), (62.9, 51.7), (77.9, 51.7), (92.8, 51.7), (96.5, 51.7), (96.5, 51.7), (92.8, 51.7), (96.5, 51.7), (100.3, 51.7), (115.2, 51.7), (130.1, 51.7), (145.1, 51.7), (160.0, 51.7), (163.7, 51.7), (163.7, 51.7), (160.0, 51.7), (163.7, 51.7), (163.7, 51.7), (160.0, 51.7), (163.7, 51.7), (163.7, 51.7), (160.0, 51.7), (163.7, 51.7), (163.7, 51.7), (160.0, 51.7), (163.7, 51.7), (163.7, 51.7), (160.0, 51.7), (163.7, 51.7), (163.7, 51.7), (160.0, 51.7), (163.7, 51.7), (178.7, 51.7), (193.6, 51.7), (204.8, 51.7), (204.8, 51.7), (204.8, 51.7), (204.8, 51.7), (204.8, 51.7), (210.4, 51.7), (206.7, 51.7), (206.7, 51.7), (210.4, 51.7), (206.7, 51.7), (206.7, 51.7), (204.8, 51.7), (204.8, 51.7), (204.8, 51.7), (204.8, 51.7), (204.8, 51.7), (204.8, 51.7), (204.8, 51.7), (204.8, 51.7), (204.8, 51.7), (204.8, 51.7), (204.8, 51.7), (204.8, 51.7), (204.8, 51.7), (204.8, 51.7), (204.8, 51.7), (204.8, 51.7), (204.8, 51.7)]",0,0,8.15
novice,bomberman,0,Stuck,0,0,-0.75,0.0,"[(48.0, 48.0), (44.3, 44.3), (44.3, 44.3), (44.3, 44.3), (44.3, 44.3), (44.3, 44.3), (44.3, 44.3), (44.3, 44.3), (44.3, 44.3), (44.3, 44.3), (44.3, 44.3), (44.3, 44.3), (44.3, 44.3), (44.3, 44.3), (44.3, 44.3), (44.3, 44.3), (44.3, 44.3), (44.3, 44.3), (44.3, 44.3), (44.3, 44.3), (44.3, 44.3), (44.3, 44.3), (44.3, 44.3), (44.3, 44.3), (44.3, 44.3), (44.3, 44.3), (44.3, 44.3), (44.3, 44.3), (44.3, 44.3), (44.3, 44.3), (44.3, 44.3), (44.3, 44.3), (44.3, 44.3), (44.3, 44.3), (44.3, 44.3), (44.3, 44.3), (44.3, 44.3), (44.3, 44.3)]",0,0,5.0
novice,bomberman,0,Timeout,2,0,0.56,0.409,"[(48.0, 48.0), (62.9, 48.0), (77.9, 46.1), (92.8, 44.3), (107.7, 44.3), (122.7, 44.3), (137.6, 44.3), (152.5, 44.3), (167.5, 44.3), (182.4, 44.3), (197.3, 44.3), (208.5, 44.3), (204.8, 44.3), (208.5, 44.3), (208.5, 44.3), (204.8, 44.3), (208.5, 44.3), (208.5, 44.3), (204.8, 44.3), (208.5, 44.3), (208.5, 44.3), (204.8, 44.3), (208.5, 44.3), (208.5, 44.3), (204.8, 44.3), (208.5, 44.3), (208.5, 44.3), (204.8, 44.3), (208.5, 44.3), (208.5, 44.3), (204.8, 44.3), (201.1, 44.3), (201.1, 44.3), (204.8, 44.3), (208.5, 44.3), (212.3, 44.3), (216.0, 44.3), (223.5, 44.3), (223.5, 44.3), (227.2, 44.3), (230.9, 44.3), (234.7, 44.3), (249.6, 44.3), (264.5, 44.3), (279.5, 44.3), (283.2, 44.3), (298.1, 44.3), (313.1, 44.3), (316.8, 44.3), (320.5, 44.3), (320.5, 44.3), (316.8, 44.3), (320.5, 44.3), (320.5, 44.3), (316.8, 44.3), (320.5, 44.3), (320.5, 44.3), (316.8, 44.3), (320.5, 44.3), (320.5, 44.3), (316.8, 44.3), (301.9, 44.3), (286.9, 44.3), (272.0, 44.3), (257.1, 44.3), (242.1, 44.3), (227.2, 44.3), (212.3, 44.3), (197.3, 44.3), (182.4, 44.3), (167.5, 44.3), (152.5, 44.3), (137.6, 44.3), (122.7, 44.3), (118.9, 44.3), (115.2, 44.3), (118.9, 44.3), (118.9, 44.3), (115.2, 44.3), (118.9, 44.3), (118.9, 44.3), (115.2, 44.3), (118.9, 44.3), (118.9, 44.3), (115.2, 44.3), (118.9, 44.3), (118.9, 44.3), (115.2, 44.3), (118.9, 44.3), (118.9, 44.3), (115.2, 44.3), (130.1, 44.3), (145.1, 44.3), (160.0, 44.3), (174.9, 44.3), (189.9, 44.3), (204.8, 44.3), (219.7, 44.3), (234.7, 44.3), (249.6, 44.3), (245.9, 44.3), (245.9, 44.3), (249.6, 44.3), (245.9, 44.3), (245.9, 44.3), (249.6, 44.3), (245.9, 44.3), (245.9, 44.3), (249.6, 44.3), (245.9, 44.3), (245.9, 44.3), (249.6, 44.3), (245.9, 44.3), (245.9, 44.3), (249.6, 44.3), (245.9, 44.3), (245.9, 44.3), (249.6, 44.3), (245.9, 44.3), (245.9, 44.3), (249.6, 44.3), (234.7, 44.3), (219.7, 44.3), (204.8, 44.3), (189.9, 44.3), (174.9, 44.3), (160.0, 44.3), (145.1, 44.3), (130.1, 44.3), (115.2, 44.3), (100.3, 44.3), (85.3, 44.3), (81.6, 44.3), (77.9, 44.3), (77.9, 44.3), (81.6, 44.3), (77.9, 44.3), (77.9, 44.3), (81.6, 44.3), (77.9, 44.3), (77.9, 44.3), (81.6, 44.3), (77.9, 44.3), (77.9, 44.3), (81.6, 44.3), (77.9, 44.3), (77.9, 44.3), (81.6, 44.3), (77.9, 44.3), (77.9, 44.3), (81.6, 44.3), (96.5, 44.3), (111.5, 44.3), (126.4, 44.3), (141.3, 44.3), (156.3, 44.3), (171.2, 44.3), (186.1, 44.3), (201.1, 44.3), (216.0, 44.3), (230.9, 44.3), (230.9, 44.3), (227.2, 44.3), (230.9, 44.3), (230.9, 44.3), (227.2, 44.3), (230.9, 44.3), (230.9, 44.3), (227.2, 44.3), (230.9, 44.3), (230.9, 44.3), (227.2, 44.3), (230.9, 44.3), (230.9, 44.3), (227.2, 44.3), (230.9, 44.3), (230.9, 44.3), (227.2, 44.3), (230.9, 44.3), (230.9, 44.3), (227.2, 44.3), (223.5, 44.3), (208.5, 44.3), (193.6, 44.3), (178.7, 44.3), (163.7, 44.3), (148.8, 44.3), (133.9, 44.3), (118.9, 44.3), (104.0, 44.3), (89.1, 44.3), (77.9, 44.3), (81.6, 44.3), (77.9, 44.3), (77.9, 44.3), (81.6, 44.3), (77.9, 44.3), (77.9, 44.3), (81.6, 44.3), (77.9, 44.3), (77.9, 44.3), (81.6, 44.3), (77.9, 44.3), (77.9, 44.3), (81.6, 44.3), (77.9, 44.3), (77.9, 44.3), (81.6, 44.3), (77.9, 44.3), (77.9, 44.3), (81.6, 44.3), (96.5, 44.3), (111.5, 44.3), (126.4, 44.3), (141.3, 44.3), (156.3, 44.3), (171.2, 44.3), (186.1, 44.3), (201.1, 44.3), (216.0, 44.3), (230.9, 44.3), (230.9, 44.3), (227.2, 44.3), (230.9, 44.3), (230.9, 44.3), (227.2, 44.3), (230.9, 44.3), (230.9, 44.3), (227.2, 44.3), (230.9, 44.3), (230.9, 44.3), (227.2, 44.3), (230.9, 44.3), (230.9, 44.3), (227.2, 44.3), (230.9, 44.3), (230.9, 44.3), (227.2, 44.3), (230.9, 44.3), (230.9, 44.3), (227.2, 44.3), (223.5, 44.3), (208.5, 44.3), (193.6, 44.3), (178.7, 44.3), (163.7, 44.3), (148.8, 44.3), (133.9, 44.3), (118.9, 44.3), (104.0, 44.3), (89.1, 44.3), (77.9, 44.3), (81.6, 44.3), (77.9, 44.3), (77.9, 44.3), (81.6, 44.3), (77.9, 44.3), (77.9, 44.3), (81.6, 44.3), (77.9, 44.3), (77.9, 44.3), (81.6, 44.3), (77.9, 44.3), (77.9, 44.3), (81.6, 44.3), (77.9, 44.3), (77.9, 44.3), (81.6, 44.3), (77.9, 44.3), (77.9, 44.3), (81.6, 44.3), (96.5, 44.3), (111.5, 44.3), (126.4, 44.3), (141.3, 44.3), (156.3, 44.3), (171.2, 44.3), (186.1, 44.3), (201.1, 44.3), (216.0, 44.3), (230.9, 44.3), (230.9, 44.3), (227.2, 44.3), (230.9, 44.3), (230.9, 44.3), (227.2, 44.3), (230.9, 44.3), (230.9, 44.3), (227.2, 44.3), (230.9, 44.3), (230.9, 44.3), (227.2, 44.3), (230.9, 44.3), (230.9, 44.3), (227.2, 44.3), (230.9, 44.3), (230.9, 44.3), (227.2, 44.3), (230.9, 44.3), (230.9, 44.3), (227.2, 44.3), (223.5, 44.3), (208.5, 44.3), (193.6, 44.3), (178.7, 44.3), (163.7, 44.3), (148.8, 44.3), (133.9, 44.3), (118.9, 44.3), (104.0, 44.3), (89.1, 44.3), (77.9, 44.3), (81.6, 44.3), (77.9, 44.3), (77.9, 44.3), (81.6, 44.3), (77.9, 44.3), (77.9, 44.3), (81.6, 44.3), (77.9, 44.3), (77.9, 44.3), (81.6, 44.3), (77.9, 44.3), (77.9, 44.3), (81.6, 44.3), (77.9, 44.3), (77.9, 44.3), (81.6, 44.3), (77.9, 44.3), (77.9, 44.3), (81.6, 44.3), (96.5, 44.3), (111.5, 44.3), (126.4, 44.3), (141.3, 44.3), (156.3, 44.3), (171.2, 44.3), (186.1, 44.3), (201.1, 44.3), (216.0, 44.3), (230.9, 44.3), (230.9, 44.3), (227.2, 44.3), (230.9, 44.3), (230.9, 44.3), (227.2, 44.3), (230.9, 44.3), (230.9, 44.3), (227.2, 44.3), (230.9, 44.3), (230.9, 44.3), (227.2, 44.3), (230.9, 44.3), (230.9, 44.3), (227.2, 44.3), (230.9, 44.3), (230.9, 44.3), (227.2, 44.3), (230.9, 44.3), (230.9, 44.3), (227.2, 44.3), (223.5, 44.3), (208.5, 44.3), (193.6, 44.3), (178.7, 44.3), (163.7, 44.3), (148.8, 44.3), (133.9, 44.3), (118.9, 44.3), (104.0, 44.3), (89.1, 44.3), (77.9, 44.3), (81.6, 44.3), (77.9, 44.3), (77.9, 44.3), (81.6, 44.3), (77.9, 44.3), (77.9, 44.3), (81.6, 44.3), (77.9, 44.3), (77.9, 44.3), (81.6, 44.3), (77.9, 44.3), (77.9, 44.3), (81.6, 44.3), (77.9, 44.3), (77.9, 44.3), (81.6, 44.3), (77.9, 44.3), (77.9, 44.3), (81.6, 44.3), (96.5, 44.3), (111.5, 44.3), (126.4, 44.3), (141.3, 44.3), (156.3, 44.3), (171.2, 44.3), (186.1, 44.3), (201.1, 44.3), (216.0, 44.3), (230.9, 44.3), (230.9, 44.3), (227.2, 44.3), (230.9, 44.3), (230.9, 44.3), (227.2, 44.3), (230.9, 44.3), (230.9, 44.3), (227.2, 44.3), (230.9, 44.3), (230.9, 44.3), (227.2, 44.3), (230.9, 44.3), (230.9, 44.3), (227.2, 44.3), (230.9, 44.3), (230.9, 44.3), (227.2, 44.3), (230.9, 44.3), (230.9, 44.3), (227.2, 44.3), (223.5, 44.3), (208.5, 44.3), (193.6, 44.3), (178.7, 44.3), (163.7, 44.3), (148.8, 44.3), (133.9, 44.3), (118.9, 44.3), (104.0, 44.3), (89.1, 44.3), (77.9, 44.3), (81.6, 44.3), (77.9, 44.3), (77.9, 44.3), (81.6, 44.3), (77.9, 44.3), (77.9, 44.3), (81.6, 44.3), (77.9, 44.3), (77.9, 44.3), (81.6, 44.3), (77.9, 44.3), (77.9, 44.3), (81.6, 44.3), (77.9, 44.3), (77.9, 44.3), (81.6, 44.3), (77.9, 44.3), (77.9, 44.3), (81.6, 44.3)]",0,0,60.0
novice,bomberman,0,Stuck,6,0,41.01,0.545,"[(48.0, 48.0), (62.9, 44.3), (77.9, 44.3), (92.8, 44.3), (107.7, 44.3), (122.7, 44.3), (137.6, 44.3), (152.5, 44.3), (167.5, 44.3), (182.4, 44.3), (197.3, 44.3), (212.3, 44.3), (227.2, 44.3), (242.1, 44.3), (257.1, 44.3), (272.0, 44.3), (286.9, 44.3), (301.9, 44.3), (316.8, 44.3), (331.7, 44.3), (346.7, 44.3), (361.6, 44.3), (376.5, 44.3), (391.5, 44.3), (406.4, 44.3), (421.3, 44.3), (436.3, 44.3), (436.3, 44.3), (436.3, 44.3), (436.3, 44.3), (436.3, 44.3), (436.3, 44.3), (436.3, 44.3), (436.3, 44.3), (436.3, 44.3), (436.3, 44.3), (436.3, 44.3), (436.3, 44.3), (436.3, 44.3), (436.3, 44.3), (436.3, 44.3), (436.3, 44.3), (436.3, 44.3), (436.3, 44.3), (436.3, 44.3), (436.3, 44.3), (436.3, 44.3), (436.3, 44.3), (436.3, 44.3), (436.3, 44.3), (436.3, 44.3), (436.3, 44.3), (436.3, 44.3), (436.3, 44.3), (436.3, 44.3), (436.3, 44.3), (436.3, 44.3), (436.3, 44.3), (436.3, 44.3), (436.3, 44.3), (436.3, 44.3), (436.3, 44.3), (436.3, 44.3), (436.3, 44.3), (436.3, 44.3), (436.3, 44.3), (436.3, 44.3), (436.3, 44.3), (436.3, 44.3), (436.3, 44.3), (436.3, 44.3), (436.3, 44.3)]",0,0,9.47
novice,bomberman,0,Bomb,37,0,12.72,0.727,"[(48.0, 48.0), (62.9, 51.7), (77.9, 51.7), (98.4, 51.7), (113.3, 57.3), (115.2, 72.3), (115.2, 89.1), (115.2, 107.7), (128.3, 115.2), (143.2, 115.2), (165.6, 115.2), (180.5, 124.5), (180.5, 126.4), (180.5, 126.4), (180.5, 128.3), (180.5, 128.3), (180.5, 143.2), (180.5, 165.6), (188.0, 180.5), (202.9, 180.5), (225.3, 180.5), (240.3, 186.1), (244.0, 201.1), (244.0, 219.7), (245.9, 238.4), (260.8, 244.0), (275.7, 244.0), (296.3, 244.0), (307.5, 257.1), (300.0, 272.0), (300.0, 292.5), (292.5, 307.5), (288.8, 303.7), (285.1, 307.5), (288.8, 303.7), (288.8, 303.7), (285.1, 307.5), (288.8, 303.7), (288.8, 303.7), (286.9, 307.5), (290.7, 303.7), (290.7, 303.7), (286.9, 307.5), (290.7, 307.5), (290.7, 307.5), (286.9, 307.5), (290.7, 307.5), (290.7, 307.5), (286.9, 307.5), (283.2, 307.5), (268.3, 307.5), (255.2, 307.5), (240.3, 313.1), (244.0, 324.3), (244.0, 320.5), (244.0, 324.3), (244.0, 324.3), (244.0, 320.5), (244.0, 324.3), (244.0, 324.3), (244.0, 320.5), (242.1, 324.3), (242.1, 316.8), (244.0, 320.5), (242.1, 324.3), (242.1, 316.8), (244.0, 320.5), (242.1, 324.3), (242.1, 316.8), (244.0, 331.7), (244.0, 352.3), (236.5, 352.3), (244.0, 337.3), (244.0, 314.9), (236.5, 320.5), (236.5, 313.1), (236.5, 316.8), (236.5, 314.9), (236.5, 314.9), (236.5, 316.8), (236.5, 316.8), (236.5, 318.7), (236.5, 318.7), (236.5, 320.5), (236.5, 320.5), (244.0, 322.4), (242.1, 322.4), (238.4, 318.7), (242.1, 322.4), (242.1, 322.4), (238.4, 318.7), (242.1, 322.4), (242.1, 322.4), (238.4, 318.7), (242.1, 322.4), (242.1, 326.1), (236.5, 339.2), (236.5, 339.2), (236.5, 339.2), (236.5, 339.2), (236.5, 339.2)]",0,0,13.35
novice,bomberman,0,Stuck,0,0,46.78,0.545,"[(48.0, 48.0), (62.9, 44.3), (77.9, 44.3), (92.8, 44.3), (107.7, 44.3), (122.7, 44.3), (137.6, 44.3), (152.5, 44.3), (167.5, 44.3), (182.4, 44.3), (197.3, 44.3), (212.3, 44.3), (227.2, 44.3), (242.1, 44.3), (257.1, 44.3), (272.0, 44.3), (286.9, 44.3), (301.9, 44.3), (316.8, 44.3), (331.7, 44.3), (346.7, 44.3), (361.6, 44.3), (376.5, 44.3), (391.5, 44.3), (406.4, 44.3), (421.3, 44.3), (436.3, 44.3), (436.3, 44.3), (436.3, 44.3), (436.3, 44.3), (436.3, 44.3), (436.3, 44.3), (436.3, 44.3), (436.3, 44.3), (436.3, 44.3), (436.3, 44.3), (436.3, 44.3), (436.3, 44.3), (436.3, 44.3), (436.3, 44.3), (436.3, 44.3), (436.3, 44.3), (436.3, 44.3), (436.3, 44.3), (436.3, 44.3), (436.3, 44.3), (436.3, 44.3), (436.3, 44.3), (436.3, 44.3), (436.3, 44.3), (436.3, 44.3), (436.3, 44.3), (436.3, 44.3), (436.3, 44.3), (436.3, 44.3), (436.3, 44.3), (436.3, 44.3), (436.3, 44.3), (436.3, 44.3), (436.3, 44.3), (436.3, 44.3), (436.3, 44.3), (436.3, 44.3)]",0,0,8.3
novice,bomberman,0,Bomb,37,0,12.72,0.727,"[(48.0, 48.0), (62.9, 51.7), (77.9, 51.7), (98.4, 51.7), (113.3, 57.3), (115.2, 72.3), (115.2, 89.1), (115.2, 107.7), (128.3, 115.2), (143.2, 115.2), (165.6, 115.2), (180.5, 124.5), (180.5, 126.4), (180.5, 126.4), (180.5, 128.3), (180.5, 128.3), (180.5, 143.2), (180.5, 165.6), (188.0, 180.5), (202.9, 180.5), (225.3, 180.5), (240.3, 186.1), (244.0, 201.1), (244.0, 219.7), (245.9, 238.4), (260.8, 244.0), (275.7, 244.0), (296.3, 244.0), (307.5, 257.1), (300.0, 272.0), (300.0, 292.5), (292.5, 307.5), (288.8, 303.7), (285.1, 307.5), (288.8, 303.7), (288.8, 303.7), (285.1, 307.5), (288.8, 303.7), (288.8, 303.7), (286.9, 307.5), (290.7, 303.7), (290.7, 303.7), (286.9, 307.5), (290.7, 307.5), (290.7, 307.5), (286.9, 307.5), (290.7, 307.5), (290.7, 307.5), (286.9, 307.5), (283.2, 307.5), (268.3, 307.5), (255.2, 307.5), (240.3, 313.1), (244.0, 324.3), (244.0, 320.5), (244.0, 324.3), (244.0, 324.3), (244.0, 320.5), (244.0, 324.3), (244.0, 324.3), (244.0, 320.5), (242.1, 324.3), (242.1, 316.8), (244.0, 320.5), (242.1, 324.3), (242.1, 316.8), (244.0, 320.5), (242.1, 324.3), (242.1, 316.8), (244.0, 331.7), (244.0, 352.3), (236.5, 352.3), (244.0, 337.3), (244.0, 314.9), (236.5, 320.5), (236.5, 313.1), (236.5, 316.8), (236.5, 314.9), (236.5, 314.9), (236.5, 316.8), (236.5, 316.8), (236.5, 318.7), (236.5, 318.7), (236.5, 320.5), (236.5, 320.5), (244.0, 322.4), (242.1, 322.4), (238.4, 318.7), (242.1, 322.4), (242.1, 322.4), (238.4, 318.7), (242.1, 322.4), (242.1, 322.4), (238.4, 318.7), (242.1, 322.4), (242.1, 326.1), (236.5, 339.2), (236.5, 339.2), (236.5, 339.2), (236.5, 339.2), (236.5, 339.2)]",0,0,13.35
novice,bomberman,0,Bomb,39,0,-1.24,0.727,"[(48.0, 48.0), (62.9, 51.7), (77.9, 51.7), (98.4, 51.7), (113.3, 57.3), (115.2, 72.3), (115.2, 89.1), (115.2, 107.7), (128.3, 115.2), (143.2, 115.2), (165.6, 115.2), (180.5, 124.5), (180.5, 126.4), (180.5, 126.4), (180.5, 141.3), (180.5, 163.7), (186.1, 178.7), (201.1, 180.5), (221.6, 180.5), (238.4, 184.3), (244.0, 199.2), (244.0, 216.0), (244.0, 236.5), (258.9, 244.0), (273.9, 244.0), (294.4, 244.0), (307.5, 255.2), (307.5, 270.1), (307.5, 290.7), (294.4, 305.6), (290.7, 301.9), (286.9, 305.6), (286.9, 305.6), (290.7, 301.9), (286.9, 305.6), (286.9, 305.6), (290.7, 301.9), (286.9, 305.6), (286.9, 305.6), (290.7, 301.9), (286.9, 305.6), (288.8, 307.5), (292.5, 307.5), (288.8, 307.5), (288.8, 307.5), (292.5, 307.5), (288.8, 307.5), (288.8, 307.5), (292.5, 307.5), (288.8, 307.5), (285.1, 307.5), (270.1, 307.5), (264.5, 307.5), (245.9, 307.5), (236.5, 322.4), (244.0, 337.3), (242.1, 357.9), (229.1, 372.8), (225.3, 370.9), (225.3, 370.9), (229.1, 367.2), (225.3, 370.9), (225.3, 370.9), (229.1, 367.2), (225.3, 370.9), (225.3, 370.9), (229.1, 367.2), (225.3, 370.9), (225.3, 370.9), (229.1, 367.2), (225.3, 370.9), (225.3, 372.8), (229.1, 372.8), (225.3, 372.8), (225.3, 372.8), (229.1, 372.8), (225.3, 369.1), (225.3, 369.1), (229.1, 372.8), (225.3, 369.1), (225.3, 369.1), (229.1, 372.8), (225.3, 369.1), (225.3, 369.1), (229.1, 372.8), (225.3, 369.1), (210.4, 372.8), (195.5, 372.8), (180.5, 372.8), (165.6, 372.8), (161.9, 367.2), (158.1, 370.9), (158.1, 370.9), (161.9, 367.2), (158.1, 370.9), (158.1, 370.9), (161.9, 367.2), (158.1, 370.9), (158.1, 370.9), (161.9, 372.8), (158.1, 372.8), (158.1, 372.8), (161.9, 372.8), (158.1, 372.8), (158.1, 372.8), (161.9, 372.8), (158.1, 372.8), (158.1, 372.8), (161.9, 372.8), (158.1, 372.8), (158.1, 372.8), (161.9, 372.8), (158.1, 372.8), (158.1, 372.8), (161.9, 372.8), (158.1, 369.1), (158.1, 369.1), (161.9, 372.8), (158.1, 369.1), (158.1, 369.1), (150.7, 372.8), (135.7, 372.8), (120.8, 372.8), (105.9, 372.8), (98.4, 369.1), (98.4, 369.1), (94.7, 372.8), (98.4, 369.1), (98.4, 369.1), (94.7, 372.8), (98.4, 372.8), (98.4, 372.8), (94.7, 372.8), (98.4, 372.8), (98.4, 372.8), (94.7, 372.8), (98.4, 372.8), (98.4, 372.8), (94.7, 372.8), (98.4, 372.8), (98.4, 372.8), (94.7, 372.8), (98.4, 372.8), (98.4, 372.8), (94.7, 372.8), (98.4, 372.8), (98.4, 372.8), (94.7, 372.8), (79.7, 372.8), (64.8, 372.8), (49.9, 372.8), (44.3, 372.8), (44.3, 372.8), (44.3, 372.8), (44.3, 372.8), (44.3, 372.8), (44.3, 372.8), (44.3, 372.8), (44.3, 372.8)]",0,0,21.1
novice,bomberman,0,Bomb,4,0,7.98,0.727,"[(48.0, 48.0), (62.9, 51.7), (77.9, 51.7), (98.4, 51.7), (113.3, 57.3), (115.2, 72.3), (115.2, 89.1), (115.2, 107.7), (128.3, 115.2), (143.2, 115.2), (165.6, 115.2), (180.5, 124.5), (180.5, 139.5), (180.5, 160.0), (184.3, 176.8), (199.2, 180.5), (217.9, 180.5), (236.5, 182.4), (244.0, 197.3), (244.0, 212.3), (244.0, 234.7), (257.1, 244.0), (272.0, 244.0), (292.5, 244.0), (307.5, 253.3), (307.5, 268.3), (305.6, 286.9), (298.1, 301.9), (290.7, 303.7), (290.7, 303.7), (286.9, 307.5), (290.7, 303.7), (290.7, 303.7), (286.9, 307.5), (290.7, 303.7), (290.7, 303.7), (286.9, 307.5), (290.7, 303.7), (290.7, 303.7), (286.9, 307.5), (290.7, 303.7), (290.7, 307.5), (286.9, 307.5), (290.7, 307.5), (290.7, 307.5), (286.9, 307.5), (290.7, 307.5), (290.7, 307.5), (286.9, 307.5), (290.7, 307.5), (290.7, 307.5), (275.7, 307.5), (272.0, 307.5), (262.7, 307.5), (244.0, 309.3), (240.3, 324.3), (244.0, 339.2), (238.4, 359.7), (227.2, 372.8), (223.5, 369.1), (219.7, 372.8), (223.5, 369.1), (223.5, 369.1), (219.7, 372.8), (223.5, 369.1), (223.5, 369.1), (219.7, 372.8), (223.5, 369.1), (223.5, 369.1), (219.7, 372.8), (223.5, 369.1), (223.5, 369.1), (219.7, 365.3), (223.5, 369.1), (223.5, 369.1), (219.7, 365.3), (223.5, 369.1), (223.5, 369.1), (219.7, 365.3), (223.5, 369.1), (223.5, 369.1), (219.7, 365.3), (223.5, 369.1), (223.5, 369.1), (219.7, 365.3), (223.5, 369.1), (223.5, 369.1), (208.5, 372.8), (193.6, 372.8), (178.7, 361.6), (173.1, 357.9), (173.1, 354.1), (173.1, 354.1), (173.1, 357.9), (173.1, 361.6), (173.1, 361.6), (173.1, 357.9), (173.1, 361.6), (173.1, 365.3)]",0,0,13.1
novice,bomberman,0,Stuck,6,0,41.01,0.545,"[(48.0, 48.0), (62.9, 44.3), (77.9, 44.3), (92.8, 44.3), (107.7, 44.3), (122.7, 44.3), (137.6, 44.3), (152.5, 44.3), (167.5, 44.3), (182.4, 44.3), (197.3, 44.3), (212.3, 44.3), (227.2, 44.3), (242.1, 44.3), (257.1, 44.3), (272.0, 44.3), (286.9, 44.3), (301.9, 44.3), (316.8, 44.3), (331.7, 44.3), (346.7, 44.3), (361.6, 44.3), (376.5, 44.3), (391.5, 44.3), (406.4, 44.3), (421.3, 44.3), (436.3, 44.3), (436.3, 44.3), (436.3, 44.3), (436.3, 44.3), (436.3, 44.3), (436.3, 44.3), (436.3, 44.3), (436.3, 44.3), (436.3, 44.3), (436.3, 44.3), (436.3, 44.3), (436.3, 44.3), (436.3, 44.3), (436.3, 44.3), (436.3, 44.3), (436.3, 44.3), (436.3, 44.3), (436.3, 44.3), (436.3, 44.3), (436.3, 44.3), (436.3, 44.3), (436.3, 44.3), (436.3, 44.3), (436.3, 44.3), (436.3, 44.3), (436.3, 44.3), (436.3, 44.3), (436.3, 44.3), (436.3, 44.3), (436.3, 44.3), (436.3, 44.3), (436.3, 44.3), (436.3, 44.3), (436.3, 44.3), (436.3, 44.3), (436.3, 44.3), (436.3, 44.3), (436.3, 44.3), (436.3, 44.3), (436.3, 44.3), (436.3, 44.3), (436.3, 44.3), (436.3, 44.3), (436.3, 44.3), (436.3, 44.3), (436.3, 44.3)]",0,0,9.47
novice,bomberman,0,Bomb,4,0,25.44,0.773,"[(48.0, 48.0), (62.9, 51.7), (77.9, 51.7), (98.4, 51.7), (113.3, 57.3), (115.2, 72.3), (115.2, 89.1), (115.2, 107.7), (128.3, 115.2), (143.2, 115.2), (165.6, 115.2), (180.5, 124.5), (180.5, 126.4), (180.5, 141.3), (180.5, 163.7), (186.1, 178.7), (201.1, 180.5), (221.6, 180.5), (238.4, 184.3), (244.0, 199.2), (244.0, 216.0), (244.0, 236.5), (258.9, 244.0), (273.9, 244.0), (294.4, 244.0), (307.5, 255.2), (307.5, 270.1), (307.5, 290.7), (298.1, 305.6), (294.4, 307.5), (290.7, 307.5), (294.4, 307.5), (294.4, 307.5), (290.7, 307.5), (294.4, 307.5), (294.4, 307.5), (290.7, 307.5), (294.4, 307.5), (294.4, 307.5), (290.7, 301.9), (286.9, 307.5), (286.9, 305.6), (290.7, 301.9), (288.8, 307.5), (300.0, 309.3), (307.5, 324.3), (307.5, 333.6), (307.5, 333.6), (307.5, 333.6), (307.5, 333.6), (307.5, 333.6), (307.5, 333.6), (307.5, 333.6), (307.5, 333.6), (307.5, 333.6), (307.5, 333.6), (307.5, 333.6), (307.5, 333.6), (307.5, 333.6), (307.5, 333.6), (307.5, 333.6), (307.5, 333.6), (307.5, 333.6), (307.5, 333.6), (307.5, 333.6), (307.5, 335.5), (307.5, 339.2), (307.5, 335.5), (307.5, 335.5)]",0,0,9.1
novice,bomberman,0,Bomb,22,0,6.27,0.818,"[(48.0, 48.0), (62.9, 51.7), (77.9, 51.7), (98.4, 51.7), (113.3, 57.3), (115.2, 72.3), (115.2, 89.1), (115.2, 107.7), (128.3, 115.2), (143.2, 115.2), (165.6, 115.2), (180.5, 124.5), (180.5, 139.5), (180.5, 160.0), (184.3, 176.8), (199.2, 180.5), (217.9, 180.5), (236.5, 182.4), (244.0, 197.3), (244.0, 212.3), (244.0, 234.7), (257.1, 244.0), (272.0, 244.0), (290.7, 240.3), (305.6, 251.5), (307.5, 266.4), (307.5, 285.1), (309.3, 301.9), (300.0, 316.8), (307.5, 331.7), (301.9, 346.7), (300.0, 363.5), (286.9, 372.8), (283.2, 372.8), (286.9, 369.1), (286.9, 369.1), (283.2, 372.8), (286.9, 369.1), (286.9, 369.1), (283.2, 372.8), (286.9, 369.1), (286.9, 369.1), (283.2, 372.8), (286.9, 369.1), (286.9, 369.1), (283.2, 372.8), (286.9, 369.1), (286.9, 369.1), (283.2, 372.8), (286.9, 369.1), (288.8, 365.3), (285.1, 365.3), (288.8, 369.1), (288.8, 369.1), (285.1, 365.3), (288.8, 369.1), (277.6, 372.8), (262.7, 372.8), (247.7, 372.8), (232.8, 372.8), (229.1, 367.2), (225.3, 370.9), (225.3, 370.9), (229.1, 367.2), (225.3, 370.9), (225.3, 370.9), (229.1, 367.2), (225.3, 370.9), (225.3, 370.9), (229.1, 367.2), (225.3, 370.9), (225.3, 370.9), (229.1, 367.2), (225.3, 370.9), (225.3, 370.9), (229.1, 372.8), (225.3, 370.9), (225.3, 370.9), (229.1, 367.2), (225.3, 370.9), (225.3, 370.9), (229.1, 367.2), (225.3, 369.1), (225.3, 369.1), (229.1, 372.8), (225.3, 369.1), (225.3, 369.1), (229.1, 372.8), (225.3, 369.1), (225.3, 369.1), (229.1, 372.8), (225.3, 369.1), (225.3, 369.1), (217.9, 372.8), (202.9, 372.8), (188.0, 372.8), (173.1, 372.8), (158.1, 372.8), (158.1, 370.9), (161.9, 372.8), (158.1, 372.8), (158.1, 372.8), (161.9, 372.8), (158.1, 372.8), (158.1, 372.8), (161.9, 372.8)]",0,0,14.0
novice,bomberman,0,Bomb,4,0,25.64,0.818,"[(48.0, 48.0), (62.9, 51.7), (77.9, 51.7), (98.4, 51.7), (113.3, 57.3), (115.2, 72.3), (115.2, 89.1), (115.2, 107.7), (128.3, 115.2), (143.2, 115.2), (165.6, 115.2), (180.5, 124.5), (180.5, 139.5), (180.5, 160.0), (184.3, 176.8), (199.2, 180.5), (217.9, 180.5), (236.5, 182.4), (244.0, 197.3), (244.0, 212.3), (244.0, 234.7), (257.1, 244.0), (272.0, 244.0), (292.5, 244.0), (307.5, 253.3), (307.5, 268.3), (307.5, 288.8), (311.2, 303.7), (314.9, 307.5), (314.9, 307.5), (311.2, 307.5), (314.9, 307.5), (314.9, 307.5), (311.2, 307.5), (314.9, 307.5), (314.9, 307.5), (311.2, 307.5), (314.9, 307.5), (314.9, 307.5), (307.5, 316.8), (307.5, 331.7), (307.5, 333.6), (307.5, 333.6), (307.5, 333.6), (307.5, 333.6), (307.5, 333.6), (307.5, 333.6), (307.5, 333.6), (307.5, 333.6), (307.5, 333.6), (307.5, 333.6), (307.5, 333.6), (307.5, 333.6), (307.5, 333.6), (307.5, 333.6), (307.5, 333.6), (307.5, 333.6), (307.5, 333.6), (307.5, 337.3), (307.5, 337.3), (307.5, 333.6), (307.5, 344.8), (307.5, 342.9), (307.5, 342.9), (307.5, 344.8), (307.5, 346.7), (307.5, 348.5), (307.5, 350.4), (307.5, 339.2)]",0,0,9.1
novice,bomberman,0,Success,1,0,69.19,1.0,"[(48.0, 48.0), (62.9, 51.7), (77.9, 48.0), (98.4, 51.7), (113.3, 57.3), (115.2, 72.3), (115.2, 89.1), (115.2, 107.7), (128.3, 115.2), (143.2, 115.2), (165.6, 115.2), (180.5, 124.5), (180.5, 139.5), (180.5, 160.0), (184.3, 176.8), (199.2, 180.5), (217.9, 180.5), (236.5, 182.4), (244.0, 197.3), (244.0, 212.3), (244.0, 234.7), (257.1, 244.0), (272.0, 244.0), (292.5, 244.0), (307.5, 253.3), (307.5, 268.3), (307.5, 288.8), (311.2, 303.7), (326.1, 307.5), (342.9, 307.5), (361.6, 307.5), (372.8, 320.5), (372.8, 335.5), (372.8, 356.0), (378.4, 370.9), (393.3, 372.8), (408.3, 372.8)]",0,0,4.88
novice,bomberman,0,Bomb,40,0,1.68,0.727,"[(48.0, 48.0), (62.9, 51.7), (77.9, 51.7), (98.4, 51.7), (113.3, 57.3), (115.2, 72.3), (115.2, 89.1), (115.2, 107.7), (128.3, 115.2), (143.2, 115.2), (165.6, 115.2), (180.5, 124.5), (180.5, 139.5), (180.5, 160.0), (184.3, 176.8), (199.2, 180.5), (217.9, 180.5), (236.5, 182.4), (244.0, 197.3), (244.0, 212.3), (244.0, 234.7), (257.1, 244.0), (272.0, 244.0), (292.5, 244.0), (307.5, 253.3), (307.5, 268.3), (307.5, 283.2), (301.9, 298.1), (286.9, 307.5), (286.9, 305.6), (290.7, 301.9), (286.9, 305.6), (286.9, 305.6), (290.7, 301.9), (286.9, 305.6), (286.9, 305.6), (290.7, 301.9), (286.9, 305.6), (286.9, 305.6), (290.7, 301.9), (286.9, 305.6), (286.9, 305.6), (290.7, 301.9), (286.9, 305.6), (288.8, 305.6), (292.5, 301.9), (288.8, 307.5), (288.8, 307.5), (292.5, 307.5), (288.8, 307.5), (288.8, 307.5), (292.5, 307.5), (288.8, 307.5), (273.9, 307.5), (266.4, 307.5), (245.9, 307.5), (236.5, 322.4), (236.5, 337.3), (236.5, 352.3), (234.7, 367.2), (219.7, 372.8), (223.5, 369.1), (223.5, 369.1), (219.7, 372.8), (223.5, 369.1), (223.5, 369.1), (219.7, 372.8), (223.5, 369.1), (223.5, 369.1), (219.7, 372.8), (223.5, 369.1), (223.5, 369.1), (219.7, 372.8), (223.5, 369.1), (223.5, 369.1), (219.7, 372.8), (223.5, 372.8), (223.5, 372.8), (219.7, 372.8), (223.5, 372.8), (223.5, 372.8), (219.7, 372.8), (223.5, 372.8), (223.5, 372.8), (219.7, 372.8), (223.5, 372.8), (223.5, 370.9), (219.7, 367.2), (204.8, 372.8), (201.1, 372.8), (186.1, 372.8), (171.2, 372.8), (160.0, 370.9), (163.7, 367.2), (160.0, 370.9), (160.0, 370.9), (163.7, 367.2), (160.0, 370.9), (160.0, 370.9), (163.7, 367.2), (160.0, 370.9), (160.0, 370.9), (163.7, 367.2), (160.0, 370.9), (160.0, 372.8), (163.7, 372.8), (160.0, 372.8), (160.0, 372.8), (163.7, 372.8), (160.0, 372.8), (160.0, 372.8), (163.7, 372.8), (160.0, 372.8), (160.0, 372.8), (163.7, 372.8), (160.0, 372.8), (160.0, 372.8), (163.7, 372.8), (160.0, 372.8), (160.0, 372.8), (152.5, 372.8), (137.6, 372.8), (122.7, 372.8), (107.7, 372.8), (92.8, 372.8), (92.8, 370.9), (96.5, 367.2), (92.8, 370.9), (92.8, 370.9), (96.5, 367.2), (92.8, 370.9), (92.8, 370.9), (96.5, 372.8), (92.8, 369.1)]",0,0,17.8
novice,bomberman,0,Bomb,3,0,27.49,0.818,"[(48.0, 48.0), (62.9, 51.7), (77.9, 51.7), (98.4, 51.7), (113.3, 57.3), (115.2, 72.3), (115.2, 89.1), (115.2, 107.7), (128.3, 115.2), (143.2, 115.2), (165.6, 115.2), (180.5, 124.5), (180.5, 139.5), (180.5, 160.0), (184.3, 176.8), (199.2, 180.5), (217.9, 180.5), (236.5, 182.4), (244.0, 197.3), (244.0, 212.3), (244.0, 234.7), (257.1, 244.0), (272.0, 244.0), (292.5, 244.0), (307.5, 253.3), (307.5, 268.3), (300.0, 283.2), (300.0, 301.9), (292.5, 307.5), (292.5, 307.5), (288.8, 307.5), (292.5, 307.5), (292.5, 307.5), (288.8, 307.5), (292.5, 307.5), (292.5, 307.5), (288.8, 307.5), (292.5, 307.5), (292.5, 307.5), (288.8, 301.9), (285.1, 305.6), (288.8, 307.5), (292.5, 307.5), (288.8, 307.5), (288.8, 307.5), (292.5, 307.5), (288.8, 307.5), (288.8, 307.5), (292.5, 307.5), (296.3, 307.5), (307.5, 320.5), (307.5, 318.7), (307.5, 322.4), (309.3, 307.5), (324.3, 300.0), (339.2, 307.5), (348.5, 303.7), (352.3, 307.5), (348.5, 303.7), (348.5, 303.7), (352.3, 307.5), (348.5, 303.7), (344.8, 303.7), (333.6, 307.5), (333.6, 307.5), (333.6, 307.5), (333.6, 307.5), (333.6, 307.5), (333.6, 307.5)]",0,0,9.1
novice,bomberman,0,Success,1,0,69.19,1.0,"[(48.0, 48.0), (62.9, 51.7), (77.9, 48.0), (98.4, 51.7), (113.3, 57.3), (115.2, 72.3), (115.2, 89.1), (115.2, 107.7), (128.3, 115.2), (143.2, 115.2), (165.6, 115.2), (180.5, 124.5), (180.5, 139.5), (180.5, 160.0), (184.3, 176.8), (199.2, 180.5), (217.9, 180.5), (236.5, 182.4), (244.0, 197.3), (244.0, 212.3), (244.0, 234.7), (257.1, 244.0), (272.0, 244.0), (292.5, 244.0), (307.5, 253.3), (307.5, 268.3), (307.5, 288.8), (311.2, 303.7), (326.1, 307.5), (342.9, 307.5), (361.6, 307.5), (372.8, 320.5), (372.8, 335.5), (372.8, 356.0), (378.4, 370.9), (393.3, 372.8), (408.3, 372.8)]",0,0,4.88
novice,bomberman,0,Bomb,3,0,27.49,0.818,"[(48.0, 48.0), (62.9, 51.7), (77.9, 51.7), (98.4, 51.7), (113.3, 57.3), (115.2, 72.3), (115.2, 89.1), (115.2, 107.7), (128.3, 115.2), (143.2, 115.2), (165.6, 115.2), (180.5, 124.5), (180.5, 139.5), (180.5, 160.0), (184.3, 176.8), (199.2, 180.5), (217.9, 180.5), (236.5, 182.4), (244.0, 197.3), (244.0, 212.3), (244.0, 234.7), (257.1, 244.0), (272.0, 244.0), (292.5, 244.0), (307.5, 253.3), (307.5, 268.3), (300.0, 283.2), (300.0, 301.9), (292.5, 307.5), (292.5, 307.5), (288.8, 307.5), (292.5, 307.5), (292.5, 307.5), (288.8, 307.5), (292.5, 307.5), (292.5, 307.5), (288.8, 307.5), (292.5, 307.5), (292.5, 307.5), (288.8, 301.9), (285.1, 305.6), (288.8, 307.5), (292.5, 307.5), (288.8, 307.5), (288.8, 307.5), (292.5, 307.5), (288.8, 307.5), (288.8, 307.5), (292.5, 307.5), (296.3, 307.5), (307.5, 320.5), (307.5, 318.7), (307.5, 322.4), (309.3, 307.5), (324.3, 300.0), (339.2, 307.5), (348.5, 303.7), (352.3, 307.5), (348.5, 303.7), (348.5, 303.7), (352.3, 307.5), (348.5, 303.7), (344.8, 303.7), (333.6, 307.5), (333.6, 307.5), (333.6, 307.5), (333.6, 307.5), (333.6, 307.5), (333.6, 307.5)]",0,0,9.1
novice,bomberman,0,Bomb,4,0,25.64,0.818,"[(48.0, 48.0), (62.9, 51.7), (77.9, 51.7), (98.4, 51.7), (113.3, 57.3), (115.2, 72.3), (115.2, 89.1), (115.2, 107.7), (128.3, 115.2), (143.2, 115.2), (165.6, 115.2), (180.5, 124.5), (180.5, 139.5), (180.5, 160.0), (184.3, 176.8), (199.2, 180.5), (217.9, 180.5), (236.5, 182.4), (244.0, 197.3), (244.0, 212.3), (244.0, 234.7), (257.1, 244.0), (272.0, 244.0), (292.5, 244.0), (307.5, 253.3), (307.5, 268.3), (307.5, 288.8), (311.2, 303.7), (314.9, 307.5), (314.9, 307.5), (311.2, 307.5), (314.9, 307.5), (314.9, 307.5), (311.2, 307.5), (314.9, 307.5), (314.9, 307.5), (311.2, 307.5), (314.9, 307.5), (314.9, 307.5), (307.5, 316.8), (307.5, 331.7), (307.5, 333.6), (307.5, 333.6), (307.5, 333.6), (307.5, 333.6), (307.5, 333.6), (307.5, 333.6), (307.5, 333.6), (307.5, 333.6), (307.5, 333.6), (307.5, 333.6), (307.5, 333.6), (307.5, 333.6), (307.5, 333.6), (307.5, 333.6), (307.5, 333.6), (307.5, 333.6), (307.5, 333.6), (307.5, 337.3), (307.5, 337.3), (307.5, 333.6), (307.5, 344.8), (307.5, 342.9), (307.5, 342.9), (307.5, 344.8), (307.5, 346.7), (307.5, 348.5), (307.5, 350.4), (307.5, 339.2)]",0,0,9.1
novice,bomberman,0,Bomb,22,0,6.27,0.818,"[(48.0, 48.0), (62.9, 51.7), (77.9, 51.7), (98.4, 51.7), (113.3, 57.3), (115.2, 72.3), (115.2, 89.1), (115.2, 107.7), (128.3, 115.2), (143.2, 115.2), (165.6, 115.2), (180.5, 124.5), (180.5, 139.5), (180.5, 160.0), (184.3, 176.8), (199.2, 180.5), (217.9, 180.5), (236.5, 182.4), (244.0, 197.3), (244.0, 212.3), (244.0, 234.7), (257.1, 244.0), (272.0, 244.0), (290.7, 240.3), (305.6, 251.5), (307.5, 266.4), (307.5, 285.1), (309.3, 301.9), (300.0, 316.8), (307.5, 331.7), (301.9, 346.7), (300.0, 363.5), (286.9, 372.8), (283.2, 372.8), (286.9, 369.1), (286.9, 369.1), (283.2, 372.8), (286.9, 369.1), (286.9, 369.1), (283.2, 372.8), (286.9, 369.1), (286.9, 369.1), (283.2, 372.8), (286.9, 369.1), (286.9, 369.1), (283.2, 372.8), (286.9, 369.1), (286.9, 369.1), (283.2, 372.8), (286.9, 369.1), (288.8, 365.3), (285.1, 365.3), (288.8, 369.1), (288.8, 369.1), (285.1, 365.3), (288.8, 369.1), (277.6, 372.8), (262.7, 372.8), (247.7, 372.8), (232.8, 372.8), (229.1, 367.2), (225.3, 370.9), (225.3, 370.9), (229.1, 367.2), (225.3, 370.9), (225.3, 370.9), (229.1, 367.2), (225.3, 370.9), (225.3, 370.9), (229.1, 367.2), (225.3, 370.9), (225.3, 370.9), (229.1, 367.2), (225.3, 370.9), (225.3, 370.9), (229.1, 372.8), (225.3, 370.9), (225.3, 370.9), (229.1, 367.2), (225.3, 370.9), (225.3, 370.9), (229.1, 367.2), (225.3, 369.1), (225.3, 369.1), (229.1, 372.8), (225.3, 369.1), (225.3, 369.1), (229.1, 372.8), (225.3, 369.1), (225.3, 369.1), (229.1, 372.8), (225.3, 369.1), (225.3, 369.1), (217.9, 372.8), (202.9, 372.8), (188.0, 372.8), (173.1, 372.8), (158.1, 372.8), (158.1, 370.9), (161.9, 372.8), (158.1, 372.8), (158.1, 372.8), (161.9, 372.8), (158.1, 372.8), (158.1, 372.8), (161.9, 372.8)]",0,0,14.0
novice,bomberman,0,Bomb,3,0,12.25,0.818,"[(48.0, 48.0), (62.9, 51.7), (77.9, 51.7), (98.4, 51.7), (113.3, 57.3), (115.2, 72.3), (115.2, 89.1), (115.2, 107.7), (128.3, 115.2), (143.2, 115.2), (165.6, 115.2), (180.5, 124.5), (180.5, 139.5), (180.5, 160.0), (184.3, 176.8), (199.2, 180.5), (217.9, 180.5), (236.5, 182.4), (244.0, 197.3), (244.0, 212.3), (244.0, 234.7), (257.1, 244.0), (272.0, 244.0), (292.5, 244.0), (307.5, 253.3), (307.5, 268.3), (300.0, 283.2), (309.3, 301.9), (300.0, 316.8), (307.5, 331.7), (307.5, 352.3), (300.0, 359.7), (300.0, 359.7), (300.0, 363.5), (300.0, 359.7), (300.0, 359.7), (300.0, 363.5), (300.0, 359.7), (300.0, 359.7), (290.7, 365.3), (288.8, 365.3), (288.8, 365.3), (292.5, 365.3), (288.8, 365.3), (288.8, 367.2), (292.5, 370.9), (288.8, 367.2), (288.8, 367.2), (292.5, 370.9), (288.8, 367.2), (288.8, 367.2), (281.3, 370.9), (266.4, 372.8), (251.5, 372.8), (236.5, 372.8), (221.6, 372.8), (221.6, 370.9), (225.3, 367.2), (221.6, 370.9), (221.6, 370.9), (225.3, 367.2), (221.6, 370.9), (221.6, 370.9), (225.3, 367.2), (221.6, 370.9), (221.6, 370.9), (225.3, 367.2), (221.6, 370.9), (221.6, 370.9), (225.3, 367.2), (221.6, 370.9), (221.6, 370.9), (225.3, 367.2), (240.3, 359.7), (242.1, 348.5), (238.4, 352.3), (242.1, 348.5), (242.1, 348.5), (238.4, 341.1), (236.5, 354.1), (236.5, 344.8), (236.5, 356.0), (236.5, 352.3), (236.5, 346.7), (236.5, 356.0), (236.5, 354.1), (236.5, 354.1), (236.5, 352.3), (236.5, 352.3), (236.5, 350.4), (236.5, 350.4), (236.5, 348.5), (236.5, 354.1), (236.5, 346.7), (236.5, 356.0), (236.5, 350.4), (236.5, 357.9), (236.5, 354.1), (236.5, 356.0)]",0,0,13.1
novice,bomberman,0,Bomb,3,0,16.55,0.818,"[(48.0, 48.0), (62.9, 51.7), (77.9, 51.7), (98.4, 51.7), (113.3, 57.3), (115.2, 72.3), (115.2, 89.1), (115.2, 107.7), (128.3, 115.2), (143.2, 115.2), (165.6, 115.2), (180.5, 124.5), (180.5, 139.5), (180.5, 160.0), (184.3, 176.8), (199.2, 180.5), (217.9, 180.5), (236.5, 182.4), (244.0, 197.3), (244.0, 212.3), (244.0, 234.7), (257.1, 244.0), (272.0, 244.0), (292.5, 244.0), (307.5, 253.3), (307.5, 268.3), (300.0, 283.2), (309.3, 301.9), (300.0, 316.8), (300.0, 331.7), (300.0, 352.3), (298.1, 367.2), (286.9, 369.1), (290.7, 365.3), (286.9, 369.1), (286.9, 369.1), (290.7, 365.3), (286.9, 369.1), (286.9, 369.1), (290.7, 365.3), (286.9, 369.1), (288.8, 365.3), (292.5, 365.3), (288.8, 365.3), (288.8, 365.3), (292.5, 365.3), (288.8, 365.3), (288.8, 367.2), (292.5, 370.9), (288.8, 367.2), (288.8, 367.2), (292.5, 370.9), (288.8, 367.2), (288.8, 367.2), (292.5, 370.9), (277.6, 372.8), (262.7, 372.8), (247.7, 367.2), (236.5, 359.7), (236.5, 359.7), (236.5, 356.0), (236.5, 359.7), (236.5, 359.7), (236.5, 356.0), (236.5, 359.7), (236.5, 359.7), (236.5, 356.0), (236.5, 359.7), (236.5, 363.5), (223.5, 365.3)]",0,0,9.25
novice,bomberman,0,Bomb,38,0,1.31,0.818,"[(48.0, 48.0), (62.9, 51.7), (77.9, 51.7), (98.4, 51.7), (113.3, 57.3), (115.2, 72.3), (115.2, 89.1), (115.2, 107.7), (128.3, 115.2), (143.2, 115.2), (165.6, 115.2), (180.5, 124.5), (180.5, 126.4), (180.5, 141.3), (180.5, 163.7), (186.1, 178.7), (201.1, 180.5), (221.6, 180.5), (238.4, 184.3), (244.0, 199.2), (244.0, 216.0), (244.0, 236.5), (258.9, 244.0), (273.9, 244.0), (294.4, 244.0), (307.5, 255.2), (307.5, 270.1), (301.9, 286.9), (309.3, 301.9), (309.3, 307.5), (300.0, 322.4), (300.0, 337.3), (300.0, 357.9), (292.5, 372.8), (288.8, 370.9), (288.8, 370.9), (292.5, 367.2), (288.8, 370.9), (288.8, 370.9), (292.5, 367.2), (288.8, 370.9), (288.8, 370.9), (292.5, 367.2), (288.8, 369.1), (288.8, 369.1), (292.5, 372.8), (288.8, 369.1), (288.8, 369.1), (292.5, 372.8), (288.8, 369.1), (273.9, 372.8), (258.9, 372.8), (244.0, 372.8), (229.1, 372.8), (225.3, 367.2), (221.6, 370.9), (221.6, 370.9), (225.3, 367.2), (221.6, 370.9), (221.6, 370.9), (225.3, 367.2), (221.6, 370.9), (221.6, 370.9), (225.3, 367.2), (221.6, 370.9), (221.6, 370.9), (225.3, 367.2), (221.6, 370.9), (221.6, 370.9), (225.3, 367.2), (221.6, 372.8), (221.6, 372.8), (225.3, 372.8), (221.6, 372.8), (221.6, 372.8), (225.3, 372.8), (221.6, 369.1), (221.6, 369.1), (225.3, 372.8), (221.6, 369.1), (221.6, 369.1), (225.3, 372.8), (221.6, 369.1), (221.6, 369.1), (225.3, 372.8), (221.6, 369.1), (221.6, 369.1), (214.1, 372.8), (199.2, 372.8), (184.3, 372.8), (169.3, 372.8), (161.9, 369.1), (161.9, 369.1), (158.1, 372.8), (161.9, 369.1), (161.9, 369.1), (158.1, 372.8), (161.9, 369.1), (161.9, 369.1), (158.1, 372.8), (161.9, 372.8), (161.9, 372.8), (158.1, 372.8), (161.9, 372.8), (161.9, 372.8), (158.1, 372.8), (161.9, 372.8), (161.9, 372.8), (158.1, 372.8), (161.9, 372.8), (161.9, 372.8), (158.1, 372.8), (161.9, 372.8), (161.9, 372.8), (158.1, 372.8), (161.9, 372.8), (161.9, 372.8), (158.1, 372.8), (143.2, 372.8), (128.3, 372.8), (113.3, 372.8), (98.4, 372.8), (94.7, 369.1), (90.9, 372.8), (94.7, 369.1), (94.7, 369.1), (90.9, 372.8), (94.7, 372.8), (94.7, 372.8)]",0,0,17.15
novice,bomberman,0,Bomb,5,0,-0.47,0.091,"[(48.0, 48.0), (44.3, 44.3), (44.3, 44.3), (44.3, 44.3), (44.3, 44.3), (44.3, 44.3), (44.3, 44.3), (44.3, 44.3), (44.3, 44.3), (44.3, 44.3), (44.3, 44.3), (44.3, 44.3), (44.3, 44.3), (44.3, 44.3), (44.3, 51.7), (44.3, 66.7), (44.3, 62.9), (44.3, 62.9), (44.3, 66.7), (44.3, 62.9), (44.3, 62.9), (44.3, 66.7), (48.0, 62.9), (48.0, 62.9), (44.3, 66.7), (48.0, 70.4), (51.7, 85.3), (46.1, 94.7), (49.9, 98.4), (49.9, 98.4), (46.1, 94.7)]",0,0,4.0
novice,bomberman,0,Success,1,0,69.33,1.0,"[(48.0, 48.0), (62.9, 51.7), (77.9, 44.3), (96.5, 51.7), (111.5, 55.5), (115.2, 70.4), (115.2, 85.3), (115.2, 105.9), (126.4, 115.2), (141.3, 115.2), (163.7, 115.2), (178.7, 122.7), (180.5, 137.6), (180.5, 156.3), (182.4, 174.9), (197.3, 180.5), (214.1, 180.5), (234.7, 180.5), (244.0, 195.5), (244.0, 210.4), (244.0, 232.8), (255.2, 244.0), (270.1, 244.0), (290.7, 244.0), (305.6, 251.5), (307.5, 266.4), (307.5, 285.1), (309.3, 301.9), (324.3, 307.5), (339.2, 307.5), (359.7, 307.5), (372.8, 318.7), (372.8, 333.6), (372.8, 354.1), (376.5, 369.1), (391.5, 372.8), (406.4, 372.8)]",0,0,4.9
novice,bomberman,0,Bomb,15,0,29.17,0.682,"[(48.0, 48.0), (62.9, 51.7), (77.9, 51.7), (98.4, 51.7), (113.3, 57.3), (115.2, 72.3), (115.2, 89.1), (115.2, 107.7), (128.3, 115.2), (143.2, 115.2), (165.6, 115.2), (180.5, 124.5), (180.5, 139.5), (180.5, 160.0), (184.3, 176.8), (199.2, 180.5), (217.9, 180.5), (236.5, 182.4), (244.0, 197.3), (244.0, 212.3), (244.0, 234.7), (257.1, 244.0), (272.0, 244.0), (292.5, 244.0), (307.5, 253.3), (307.5, 255.2), (307.5, 257.1), (307.5, 257.1), (307.5, 258.9), (307.5, 253.3), (307.5, 260.8), (307.5, 258.9), (307.5, 253.3), (307.5, 260.8), (307.5, 251.5), (307.5, 257.1), (301.9, 251.5), (305.6, 255.2), (305.6, 255.2), (301.9, 251.5), (305.6, 251.5), (307.5, 251.5), (307.5, 251.5), (307.5, 251.5), (307.5, 251.5), (307.5, 251.5), (307.5, 251.5), (300.0, 251.5), (300.0, 251.5), (300.0, 251.5), (300.0, 251.5), (300.0, 251.5), (300.0, 251.5), (300.0, 251.5), (300.0, 251.5), (300.0, 251.5), (300.0, 251.5), (300.0, 251.5), (300.0, 251.5), (307.5, 251.5), (307.5, 251.5)]",0,0,8.0
novice,bomberman,0,Success,1,0,69.33,1.0,"[(48.0, 48.0), (62.9, 51.7), (77.9, 44.3), (96.5, 51.7), (111.5, 55.5), (115.2, 70.4), (115.2, 85.3), (115.2, 105.9), (126.4, 115.2), (141.3, 115.2), (163.7, 115.2), (178.7, 122.7), (180.5, 137.6), (180.5, 156.3), (182.4, 174.9), (197.3, 180.5), (214.1, 180.5), (234.7, 180.5), (244.0, 195.5), (244.0, 210.4), (244.0, 232.8), (255.2, 244.0), (270.1, 244.0), (290.7, 244.0), (305.6, 251.5), (307.5, 266.4), (307.5, 285.1), (309.3, 301.9), (324.3, 307.5), (339.2, 307.5), (359.7, 307.5), (372.8, 318.7), (372.8, 333.6), (372.8, 354.1), (376.5, 369.1), (391.5, 372.8), (406.4, 372.8)]",0,0,4.9
novice,bomberman,0,Success,1,0,69.19,1.0,"[(48.0, 48.0), (62.9, 51.7), (77.9, 48.0), (98.4, 51.7), (113.3, 57.3), (115.2, 72.3), (115.2, 89.1), (115.2, 107.7), (128.3, 115.2), (143.2, 115.2), (165.6, 115.2), (180.5, 124.5), (180.5, 139.5), (180.5, 160.0), (184.3, 176.8), (199.2, 180.5), (217.9, 180.5), (236.5, 182.4), (244.0, 197.3), (244.0, 212.3), (244.0, 234.7), (257.1, 244.0), (272.0, 244.0), (292.5, 244.0), (307.5, 253.3), (307.5, 268.3), (307.5, 288.8), (311.2, 303.7), (326.1, 307.5), (342.9, 307.5), (361.6, 307.5), (372.8, 320.5), (372.8, 335.5), (372.8, 356.0), (378.4, 370.9), (393.3, 372.8), (408.3, 372.8)]",0,0,4.88
novice,bomberman,0,Bomb,38,0,1.31,0.818,"[(48.0, 48.0), (62.9, 51.7), (77.9, 51.7), (98.4, 51.7), (113.3, 57.3), (115.2, 72.3), (115.2, 89.1), (115.2, 107.7), (128.3, 115.2), (143.2, 115.2), (165.6, 115.2), (180.5, 124.5), (180.5, 126.4), (180.5, 141.3), (180.5, 163.7), (186.1, 178.7), (201.1, 180.5), (221.6, 180.5), (238.4, 184.3), (244.0, 199.2), (244.0, 216.0), (244.0, 236.5), (258.9, 244.0), (273.9, 244.0), (294.4, 244.0), (307.5, 255.2), (307.5, 270.1), (301.9, 286.9), (309.3, 301.9), (309.3, 307.5), (300.0, 322.4), (300.0, 337.3), (300.0, 357.9), (292.5, 372.8), (288.8, 370.9), (288.8, 370.9), (292.5, 367.2), (288.8, 370.9), (288.8, 370.9), (292.5, 367.2), (288.8, 370.9), (288.8, 370.9), (292.5, 367.2), (288.8, 369.1), (288.8, 369.1), (292.5, 372.8), (288.8, 369.1), (288.8, 369.1), (292.5, 372.8), (288.8, 369.1), (273.9, 372.8), (258.9, 372.8), (244.0, 372.8), (229.1, 372.8), (225.3, 367.2), (221.6, 370.9), (221.6, 370.9), (225.3, 367.2), (221.6, 370.9), (221.6, 370.9), (225.3, 367.2), (221.6, 370.9), (221.6, 370.9), (225.3, 367.2), (221.6, 370.9), (221.6, 370.9), (225.3, 367.2), (221.6, 370.9), (221.6, 370.9), (225.3, 367.2), (221.6, 372.8), (221.6, 372.8), (225.3, 372.8), (221.6, 372.8), (221.6, 372.8), (225.3, 372.8), (221.6, 369.1), (221.6, 369.1), (225.3, 372.8), (221.6, 369.1), (221.6, 369.1), (225.3, 372.8), (221.6, 369.1), (221.6, 369.1), (225.3, 372.8), (221.6, 369.1), (221.6, 369.1), (214.1, 372.8), (199.2, 372.8), (184.3, 372.8), (169.3, 372.8), (161.9, 369.1), (161.9, 369.1), (158.1, 372.8), (161.9, 369.1), (161.9, 369.1), (158.1, 372.8), (161.9, 369.1), (161.9, 369.1), (158.1, 372.8), (161.9, 372.8), (161.9, 372.8), (158.1, 372.8), (161.9, 372.8), (161.9, 372.8), (158.1, 372.8), (161.9, 372.8), (161.9, 372.8), (158.1, 372.8), (161.9, 372.8), (161.9, 372.8), (158.1, 372.8), (161.9, 372.8), (161.9, 372.8), (158.1, 372.8), (161.9, 372.8), (161.9, 372.8), (158.1, 372.8), (143.2, 372.8), (128.3, 372.8), (113.3, 372.8), (98.4, 372.8), (94.7, 369.1), (90.9, 372.8), (94.7, 369.1), (94.7, 369.1), (90.9, 372.8), (94.7, 372.8), (94.7, 372.8)]",0,0,17.15
novice,bomberman,0,Bomb,3,0,16.55,0.818,"[(48.0, 48.0), (62.9, 51.7), (77.9, 51.7), (98.4, 51.7), (113.3, 57.3), (115.2, 72.3), (115.2, 89.1), (115.2, 107.7), (128.3, 115.2), (143.2, 115.2), (165.6, 115.2), (180.5, 124.5), (180.5, 139.5), (180.5, 160.0), (184.3, 176.8), (199.2, 180.5), (217.9, 180.5), (236.5, 182.4), (244.0, 197.3), (244.0, 212.3), (244.0, 234.7), (257.1, 244.0), (272.0, 244.0), (292.5, 244.0), (307.5, 253.3), (307.5, 268.3), (300.0, 283.2), (309.3, 301.9), (300.0, 316.8), (300.0, 331.7), (300.0, 352.3), (298.1, 367.2), (286.9, 369.1), (290.7, 365.3), (286.9, 369.1), (286.9, 369.1), (290.7, 365.3), (286.9, 369.1), (286.9, 369.1), (290.7, 365.3), (286.9, 369.1), (288.8, 365.3), (292.5, 365.3), (288.8, 365.3), (288.8, 365.3), (292.5, 365.3), (288.8, 365.3), (288.8, 367.2), (292.5, 370.9), (288.8, 367.2), (288.8, 367.2), (292.5, 370.9), (288.8, 367.2), (288.8, 367.2), (292.5, 370.9), (277.6, 372.8), (262.7, 372.8), (247.7, 367.2), (236.5, 359.7), (236.5, 359.7), (236.5, 356.0), (236.5, 359.7), (236.5, 359.7), (236.5, 356.0), (236.5, 359.7), (236.5, 359.7), (236.5, 356.0), (236.5, 359.7), (236.5, 363.5), (223.5, 365.3)]",0,0,9.25
novice,bomberman,0,Bomb,85,0,-0.12,0.364,"[(48.0, 48.0), (62.9, 51.7), (77.9, 51.7), (98.4, 51.7), (113.3, 57.3), (115.2, 72.3), (115.2, 89.1), (115.2, 107.7), (128.3, 115.2), (143.2, 115.2), (165.6, 115.2), (180.5, 124.5), (180.5, 139.5), (180.5, 160.0), (169.3, 176.8), (165.6, 180.5), (161.9, 180.5), (161.9, 180.5), (165.6, 180.5), (161.9, 180.5), (161.9, 180.5), (165.6, 180.5), (161.9, 180.5), (161.9, 180.5), (165.6, 180.5), (161.9, 180.5), (161.9, 180.5), (165.6, 180.5), (161.9, 180.5), (161.9, 180.5), (165.6, 180.5), (161.9, 180.5), (161.9, 180.5), (165.6, 180.5), (150.7, 180.5), (148.8, 180.5), (148.8, 180.5), (148.8, 180.5), (148.8, 180.5), (148.8, 180.5), (148.8, 180.5), (148.8, 180.5), (148.8, 180.5), (148.8, 180.5), (130.1, 180.5), (113.3, 184.3), (109.6, 199.2), (109.6, 216.0), (109.6, 236.5), (94.7, 244.0), (92.8, 244.0), (96.5, 244.0), (92.8, 244.0), (92.8, 244.0), (96.5, 244.0), (92.8, 244.0), (92.8, 244.0), (96.5, 244.0), (92.8, 244.0), (92.8, 244.0), (96.5, 244.0), (81.6, 244.0), (83.5, 244.0), (83.5, 244.0), (83.5, 244.0), (83.5, 244.0), (83.5, 244.0), (83.5, 244.0), (83.5, 244.0), (83.5, 244.0), (79.7, 244.0), (59.2, 244.0), (44.3, 253.3), (44.3, 257.1), (44.3, 257.1), (44.3, 253.3), (44.3, 257.1), (44.3, 257.1), (44.3, 253.3), (44.3, 257.1), (44.3, 257.1), (44.3, 253.3), (44.3, 257.1), (44.3, 257.1), (44.3, 253.3), (44.3, 257.1), (44.3, 257.1), (44.3, 253.3), (44.3, 257.1), (44.3, 257.1), (44.3, 253.3), (44.3, 257.1), (44.3, 257.1), (44.3, 253.3), (44.3, 249.6), (44.3, 234.7), (44.3, 219.7), (44.3, 204.8), (44.3, 189.9), (44.3, 174.9), (44.3, 160.0), (46.1, 145.1), (51.7, 122.7), (48.0, 126.4), (48.0, 126.4), (51.7, 122.7), (48.0, 126.4), (48.0, 126.4), (51.7, 122.7), (48.0, 126.4), (48.0, 126.4), (51.7, 122.7), (48.0, 126.4), (48.0, 126.4), (51.7, 122.7), (48.0, 126.4), (48.0, 126.4), (51.7, 122.7), (48.0, 126.4), (48.0, 126.4), (51.7, 122.7), (51.7, 137.6), (51.7, 156.3), (51.7, 163.7), (51.7, 167.5), (51.7, 182.4), (51.7, 197.3), (51.7, 212.3), (44.3, 234.7), (44.3, 249.6), (44.3, 257.1), (44.3, 257.1), (44.3, 260.8), (44.3, 257.1), (44.3, 257.1), (44.3, 260.8), (44.3, 257.1), (44.3, 257.1), (44.3, 260.8), (44.3, 257.1), (44.3, 257.1), (44.3, 260.8), (44.3, 257.1), (44.3, 257.1), (44.3, 260.8), (44.3, 257.1), (44.3, 257.1), (44.3, 260.8), (44.3, 257.1), (44.3, 257.1), (44.3, 260.8), (44.3, 257.1), (44.3, 242.1), (44.3, 227.2), (44.3, 212.3), (44.3, 197.3), (44.3, 182.4), (44.3, 167.5), (44.3, 167.5), (44.3, 171.2), (44.3, 167.5), (44.3, 167.5), (44.3, 171.2), (44.3, 167.5), (44.3, 167.5), (44.3, 171.2), (44.3, 167.5), (44.3, 167.5), (44.3, 171.2), (44.3, 167.5), (44.3, 167.5), (44.3, 171.2), (44.3, 167.5), (44.3, 167.5), (44.3, 171.2), (44.3, 167.5), (44.3, 167.5), (44.3, 171.2), (44.3, 167.5), (44.3, 167.5), (44.3, 171.2), (44.3, 186.1), (44.3, 186.1), (44.3, 171.2), (44.3, 167.5), (44.3, 163.7), (44.3, 148.8), (51.7, 128.3), (44.3, 111.5), (44.3, 96.5), (51.7, 92.8), (48.0, 90.9), (46.1, 90.9), (48.0, 92.8), (49.9, 94.7), (51.7, 96.5), (51.7, 94.7), (51.7, 92.8), (51.7, 90.9), (49.9, 90.9), (48.0, 90.9), (46.1, 90.9), (48.0, 92.8), (49.9, 94.7), (51.7, 96.5), (51.7, 94.7), (51.7, 92.8), (51.7, 90.9), (49.9, 90.9), (48.0, 90.9), (46.1, 90.9), (49.9, 94.7), (51.7, 92.8), (51.7, 90.9), (49.9, 90.9), (44.3, 104.0), (49.9, 118.9), (51.7, 133.9), (51.7, 145.1), (51.7, 122.7), (51.7, 124.5), (49.9, 128.3), (46.1, 132.0), (49.9, 128.3), (49.9, 128.3), (46.1, 132.0), (49.9, 128.3), (49.9, 128.3), (46.1, 132.0), (49.9, 128.3), (49.9, 128.3), (46.1, 132.0), (49.9, 128.3), (49.9, 128.3), (46.1, 132.0), (49.9, 128.3), (49.9, 128.3), (46.1, 132.0), (49.9, 128.3), (44.3, 117.1), (44.3, 109.6)]",0,0,32.0
novice,bomberman,0,Success,1,0,69.19,1.0,"[(48.0, 48.0), (62.9, 51.7), (77.9, 48.0), (98.4, 51.7), (113.3, 57.3), (115.2, 72.3), (115.2, 89.1), (115.2, 107.7), (128.3, 115.2), (143.2, 115.2), (165.6, 115.2), (180.5, 124.5), (180.5, 139.5), (180.5, 160.0), (184.3, 176.8), (199.2, 180.5), (217.9, 180.5), (236.5, 182.4), (244.0, 197.3), (244.0, 212.3), (244.0, 234.7), (257.1, 244.0), (272.0, 244.0), (292.5, 244.0), (307.5, 253.3), (307.5, 268.3), (307.5, 288.8), (311.2, 303.7), (326.1, 307.5), (342.9, 307.5), (361.6, 307.5), (372.8, 320.5), (372.8, 335.5), (372.8, 356.0), (378.4, 370.9), (393.3, 372.8), (408.3, 372.8)]",0,0,4.88
novice,bomberman,0,Success,2,0,69.62,1.0,"[(48.0, 48.0), (62.9, 51.7), (77.9, 51.7), (92.8, 51.7), (107.7, 51.7), (115.2, 66.7), (115.2, 81.6), (115.2, 102.1), (122.7, 115.2), (137.6, 115.2), (158.1, 115.2), (174.9, 118.9), (180.5, 133.9), (180.5, 148.8), (180.5, 171.2), (193.6, 180.5), (208.5, 180.5), (230.9, 180.5), (244.0, 191.7), (244.0, 206.7), (244.0, 229.1), (251.5, 244.0), (266.4, 244.0), (286.9, 244.0), (301.9, 247.7), (307.5, 262.7), (307.5, 277.6), (307.5, 298.1), (320.5, 307.5), (335.5, 307.5), (356.0, 307.5), (370.9, 314.9), (372.8, 329.9), (372.8, 348.5), (372.8, 365.3), (387.7, 372.8), (402.7, 372.8), (417.6, 372.8)]",0,0,4.93
novice,bomberman,0,Success,1,0,69.19,1.0,"[(48.0, 48.0), (62.9, 51.7), (77.9, 48.0), (98.4, 51.7), (113.3, 57.3), (115.2, 72.3), (115.2, 89.1), (115.2, 107.7), (128.3, 115.2), (143.2, 115.2), (165.6, 115.2), (180.5, 124.5), (180.5, 139.5), (180.5, 160.0), (184.3, 176.8), (199.2, 180.5), (217.9, 180.5), (236.5, 182.4), (244.0, 197.3), (244.0, 212.3), (244.0, 234.7), (257.1, 244.0), (272.0, 244.0), (292.5, 244.0), (307.5, 253.3), (307.5, 268.3), (307.5, 288.8), (311.2, 303.7), (326.1, 307.5), (342.9, 307.5), (361.6, 307.5), (372.8, 320.5), (372.8, 335.5), (372.8, 356.0), (378.4, 370.9), (393.3, 372.8), (408.3, 372.8)]",0,0,4.88
novice,bomberman,0,Timeout,107,0,-0.37,0.818,"[(48.0, 48.0), (62.9, 51.7), (77.9, 51.7), (98.4, 51.7), (113.3, 57.3), (115.2, 72.3), (115.2, 89.1), (115.2, 107.7), (128.3, 115.2), (143.2, 115.2), (163.7, 109.6), (178.7, 122.7), (180.5, 137.6), (180.5, 156.3), (182.4, 174.9), (197.3, 180.5), (214.1, 180.5), (234.7, 180.5), (244.0, 195.5), (244.0, 210.4), (244.0, 232.8), (255.2, 244.0), (270.1, 244.0), (290.7, 244.0), (305.6, 251.5), (307.5, 266.4), (307.5, 285.1), (309.3, 301.9), (300.0, 316.8), (300.0, 326.1), (300.0, 329.9), (300.0, 328.0), (300.0, 326.1), (300.0, 324.3), (300.0, 322.4), (300.0, 320.5), (300.0, 318.7), (300.0, 333.6), (301.9, 354.1), (296.3, 369.1), (288.8, 372.8), (288.8, 372.8), (285.1, 372.8), (288.8, 372.8), (288.8, 372.8), (285.1, 367.2), (270.1, 372.8), (255.2, 372.8), (240.3, 372.8), (225.3, 372.8), (225.3, 372.8), (229.1, 372.8), (225.3, 372.8), (225.3, 372.8), (229.1, 372.8), (225.3, 372.8), (225.3, 372.8), (229.1, 372.8), (225.3, 372.8), (225.3, 372.8), (229.1, 372.8), (225.3, 372.8), (225.3, 372.8), (229.1, 372.8), (225.3, 372.8), (225.3, 372.8), (229.1, 372.8), (225.3, 372.8), (225.3, 372.8), (229.1, 372.8), (225.3, 372.8), (225.3, 372.8), (229.1, 372.8), (225.3, 369.1), (225.3, 369.1), (229.1, 372.8), (225.3, 369.1), (210.4, 372.8), (195.5, 372.8), (180.5, 363.5), (165.6, 372.8), (150.7, 372.8), (135.7, 372.8), (120.8, 372.8), (105.9, 367.2), (98.4, 370.9), (98.4, 370.9), (94.7, 367.2), (98.4, 370.9), (98.4, 370.9), (94.7, 367.2), (98.4, 370.9), (98.4, 370.9), (94.7, 367.2), (98.4, 370.9), (98.4, 370.9), (94.7, 367.2), (98.4, 370.9), (98.4, 372.8), (94.7, 365.3), (98.4, 365.3), (98.4, 365.3), (94.7, 365.3), (90.9, 369.1), (76.0, 372.8), (61.1, 372.8), (46.1, 357.9), (44.3, 342.9), (44.3, 328.0), (44.3, 313.1), (44.3, 298.1), (44.3, 283.2), (44.3, 286.9), (44.3, 286.9), (44.3, 283.2), (44.3, 286.9), (44.3, 286.9), (44.3, 283.2), (44.3, 286.9), (44.3, 286.9), (44.3, 283.2), (44.3, 286.9), (44.3, 286.9), (44.3, 283.2), (44.3, 286.9), (44.3, 286.9), (44.3, 283.2), (44.3, 286.9), (44.3, 290.7), (44.3, 283.2), (44.3, 279.5), (44.3, 264.5), (44.3, 249.6), (44.3, 234.7), (46.1, 223.5), (49.9, 227.2), (46.1, 223.5), (46.1, 223.5), (49.9, 227.2), (46.1, 223.5), (46.1, 223.5), (49.9, 227.2), (46.1, 223.5), (46.1, 223.5), (49.9, 227.2), (46.1, 223.5), (46.1, 223.5), (49.9, 227.2), (46.1, 223.5), (46.1, 223.5), (49.9, 227.2), (46.1, 223.5), (46.1, 223.5), (49.9, 227.2), (46.1, 223.5), (46.1, 223.5), (49.9, 227.2), (46.1, 223.5), (44.3, 223.5), (44.3, 227.2), (44.3, 223.5), (44.3, 223.5), (44.3, 227.2), (44.3, 223.5), (44.3, 223.5), (44.3, 227.2), (44.3, 223.5), (44.3, 219.7), (44.3, 204.8), (44.3, 189.9), (44.3, 174.9), (44.3, 160.0), (48.0, 163.7), (48.0, 163.7), (44.3, 160.0), (48.0, 163.7), (48.0, 163.7), (44.3, 160.0), (48.0, 163.7), (48.0, 163.7), (44.3, 160.0), (48.0, 163.7), (48.0, 163.7), (44.3, 160.0), (48.0, 163.7), (48.0, 163.7), (44.3, 160.0), (48.0, 163.7), (48.0, 163.7), (44.3, 171.2), (48.0, 163.7), (48.0, 163.7), (44.3, 160.0), (44.3, 167.5), (44.3, 163.7), (44.3, 160.0), (48.0, 163.7), (48.0, 163.7), (44.3, 160.0), (48.0, 163.7), (44.3, 163.7), (44.3, 160.0), (44.3, 163.7), (44.3, 152.5), (44.3, 137.6), (48.0, 122.7), (59.2, 109.6), (74.1, 109.6), (94.7, 109.6), (109.6, 117.1), (115.2, 132.0), (115.2, 146.9), (115.2, 165.6), (115.2, 165.6), (115.2, 163.7), (115.2, 163.7), (115.2, 161.9), (115.2, 161.9), (115.2, 160.0), (115.2, 171.2), (115.2, 165.6), (115.2, 160.0), (115.2, 167.5), (115.2, 171.2), (128.3, 180.5), (143.2, 180.5), (163.7, 173.1), (178.7, 186.1), (180.5, 201.1), (180.5, 219.7), (182.4, 238.4), (174.9, 251.5), (180.5, 266.4), (173.1, 281.3), (173.1, 300.0), (158.1, 307.5), (161.9, 307.5), (165.6, 307.5), (161.9, 307.5), (161.9, 307.5), (165.6, 307.5), (161.9, 307.5), (161.9, 307.5), (165.6, 307.5), (161.9, 307.5), (161.9, 307.5), (165.6, 307.5), (161.9, 307.5), (161.9, 307.5), (165.6, 307.5), (161.9, 303.7), (161.9, 303.7), (165.6, 307.5), (161.9, 303.7), (161.9, 303.7), (165.6, 307.5), (161.9, 303.7), (161.9, 303.7), (165.6, 307.5), (150.7, 307.5), (130.1, 307.5), (113.3, 296.3), (98.4, 307.5), (83.5, 307.5), (61.1, 307.5), (46.1, 292.5), (44.3, 288.8), (44.3, 285.1), (44.3, 288.8), (44.3, 288.8), (44.3, 285.1), (44.3, 288.8), (44.3, 288.8), (44.3, 285.1), (44.3, 288.8), (44.3, 288.8), (44.3, 285.1), (44.3, 288.8), (44.3, 288.8), (44.3, 296.3), (44.3, 281.3), (44.3, 277.6), (44.3, 262.7), (44.3, 247.7), (44.3, 232.8), (49.9, 229.1), (46.1, 225.3), (46.1, 225.3), (49.9, 229.1), (46.1, 225.3), (46.1, 225.3), (49.9, 229.1), (46.1, 225.3), (46.1, 225.3), (49.9, 229.1), (46.1, 225.3), (46.1, 225.3), (49.9, 229.1), (46.1, 225.3), (46.1, 225.3), (49.9, 229.1), (46.1, 225.3), (46.1, 225.3), (49.9, 229.1), (46.1, 225.3), (46.1, 225.3), (49.9, 229.1), (46.1, 225.3), (46.1, 225.3), (44.3, 229.1), (44.3, 225.3), (44.3, 225.3), (44.3, 229.1), (44.3, 225.3), (44.3, 225.3), (44.3, 229.1), (44.3, 225.3), (44.3, 225.3), (44.3, 217.9), (44.3, 202.9), (44.3, 188.0), (44.3, 173.1), (44.3, 158.1), (46.1, 158.1), (49.9, 161.9), (46.1, 158.1), (46.1, 158.1), (49.9, 161.9), (46.1, 158.1), (46.1, 158.1), (49.9, 161.9), (46.1, 158.1), (46.1, 158.1), (49.9, 161.9), (46.1, 158.1), (46.1, 158.1), (49.9, 161.9), (46.1, 158.1), (46.1, 158.1), (49.9, 161.9), (44.3, 158.1), (46.1, 158.1), (49.9, 161.9), (46.1, 165.6), (44.3, 165.6), (49.9, 161.9), (46.1, 158.1), (46.1, 158.1), (49.9, 161.9), (46.1, 158.1), (46.1, 158.1), (44.3, 161.9), (44.3, 158.1), (44.3, 154.4), (44.3, 139.5), (44.3, 124.5), (57.3, 109.6), (72.3, 109.6), (90.9, 109.6), (107.7, 115.2), (115.2, 130.1), (115.2, 145.1), (115.2, 163.7), (115.2, 161.9), (115.2, 161.9), (115.2, 160.0), (115.2, 160.0), (115.2, 158.1), (115.2, 163.7), (115.2, 156.3), (115.2, 167.5), (115.2, 165.6), (115.2, 165.6), (115.2, 171.2), (128.3, 180.5), (143.2, 180.5), (163.7, 173.1), (178.7, 186.1), (180.5, 201.1), (180.5, 219.7), (182.4, 238.4), (174.9, 251.5), (180.5, 266.4), (173.1, 281.3), (173.1, 300.0), (158.1, 307.5), (161.9, 307.5), (165.6, 307.5), (161.9, 307.5), (161.9, 307.5), (165.6, 307.5), (161.9, 307.5), (161.9, 307.5), (165.6, 307.5), (161.9, 307.5), (161.9, 307.5), (165.6, 307.5), (161.9, 307.5), (161.9, 307.5), (165.6, 307.5), (161.9, 307.5), (161.9, 303.7), (165.6, 307.5), (161.9, 303.7), (161.9, 303.7), (165.6, 307.5), (161.9, 303.7), (161.9, 303.7), (165.6, 307.5), (161.9, 303.7), (146.9, 307.5), (124.5, 307.5), (109.6, 300.0), (94.7, 307.5), (79.7, 307.5), (57.3, 303.7), (44.3, 288.8), (44.3, 285.1), (44.3, 288.8), (44.3, 288.8), (44.3, 285.1), (44.3, 288.8), (44.3, 288.8), (44.3, 285.1), (44.3, 288.8), (44.3, 288.8), (44.3, 285.1), (44.3, 288.8), (44.3, 288.8), (44.3, 285.1), (44.3, 292.5), (44.3, 281.3), (44.3, 273.9), (44.3, 258.9), (44.3, 244.0), (44.3, 229.1), (46.1, 225.3), (46.1, 225.3), (49.9, 229.1), (46.1, 225.3), (46.1, 225.3), (49.9, 229.1), (46.1, 225.3), (46.1, 225.3), (49.9, 229.1), (46.1, 225.3), (46.1, 225.3), (49.9, 229.1), (46.1, 225.3), (46.1, 225.3), (49.9, 229.1)]",0,0,60.0
novice,bomberman,0,Success,1,0,69.19,1.0,"[(48.0, 48.0), (62.9, 51.7), (77.9, 48.0), (98.4, 51.7), (113.3, 57.3), (115.2, 72.3), (115.2, 89.1), (115.2, 107.7), (128.3, 115.2), (143.2, 115.2), (165.6, 115.2), (180.5, 124.5), (180.5, 139.5), (180.5, 160.0), (184.3, 176.8), (199.2, 180.5), (217.9, 180.5), (236.5, 182.4), (244.0, 197.3), (244.0, 212.3), (244.0, 234.7), (257.1, 244.0), (272.0, 244.0), (292.5, 244.0), (307.5, 253.3), (307.5, 268.3), (307.5, 288.8), (311.2, 303.7), (326.1, 307.5), (342.9, 307.5), (361.6, 307.5), (372.8, 320.5), (372.8, 335.5), (372.8, 356.0), (378.4, 370.9), (393.3, 372.8), (408.3, 372.8)]",0,0,4.88
novice,bomberman,0,Success,1,0,69.19,1.0,"[(48.0, 48.0), (62.9, 51.7), (77.9, 48.0), (98.4, 51.7), (113.3, 57.3), (115.2, 72.3), (115.2, 89.1), (115.2, 107.7), (128.3, 115.2), (143.2, 115.2), (165.6, 115.2), (180.5, 124.5), (180.5, 139.5), (180.5, 160.0), (184.3, 176.8), (199.2, 180.5), (217.9, 180.5), (236.5, 182.4), (244.0, 197.3), (244.0, 212.3), (244.0, 234.7), (257.1, 244.0), (272.0, 244.0), (292.5, 244.0), (307.5, 253.3), (307.5, 268.3), (307.5, 288.8), (311.2, 303.7), (326.1, 307.5), (342.9, 307.5), (361.6, 307.5), (372.8, 320.5), (372.8, 335.5), (372.8, 356.0), (378.4, 370.9), (393.3, 372.8), (408.3, 372.8)]",0,0,4.88
novice,bomberman,0,Success,1,0,69.19,1.0,"[(48.0, 48.0), (62.9, 51.7), (77.9, 48.0), (98.4, 51.7), (113.3, 57.3), (115.2, 72.3), (115.2, 89.1), (115.2, 107.7), (128.3, 115.2), (143.2, 115.2), (165.6, 115.2), (180.5, 124.5), (180.5, 139.5), (180.5, 160.0), (184.3, 176.8), (199.2, 180.5), (217.9, 180.5), (236.5, 182.4), (244.0, 197.3), (244.0, 212.3), (244.0, 234.7), (257.1, 244.0), (272.0, 244.0), (292.5, 244.0), (307.5, 253.3), (307.5, 268.3), (307.5, 288.8), (311.2, 303.7), (326.1, 307.5), (342.9, 307.5), (361.6, 307.5), (372.8, 320.5), (372.8, 335.5), (372.8, 356.0), (378.4, 370.9), (393.3, 372.8), (408.3, 372.8)]",0,0,4.88
novice,bomberman,0,Success,2,0,69.62,1.0,"[(48.0, 48.0), (62.9, 51.7), (77.9, 51.7), (92.8, 51.7), (107.7, 51.7), (115.2, 66.7), (115.2, 81.6), (115.2, 102.1), (122.7, 115.2), (137.6, 115.2), (158.1, 115.2), (174.9, 118.9), (180.5, 133.9), (180.5, 148.8), (180.5, 171.2), (193.6, 180.5), (208.5, 180.5), (230.9, 180.5), (244.0, 191.7), (244.0, 206.7), (244.0, 229.1), (251.5, 244.0), (266.4, 244.0), (286.9, 244.0), (301.9, 247.7), (307.5, 262.7), (307.5, 277.6), (307.5, 298.1), (320.5, 307.5), (335.5, 307.5), (356.0, 307.5), (370.9, 314.9), (372.8, 329.9), (372.8, 348.5), (372.8, 365.3), (387.7, 372.8), (402.7, 372.8), (417.6, 372.8)]",0,0,4.93
novice,bomberman,0,Success,1,0,69.19,1.0,"[(48.0, 48.0), (62.9, 51.7), (77.9, 48.0), (98.4, 51.7), (113.3, 57.3), (115.2, 72.3), (115.2, 89.1), (115.2, 107.7), (128.3, 115.2), (143.2, 115.2), (165.6, 115.2), (180.5, 124.5), (180.5, 139.5), (180.5, 160.0), (184.3, 176.8), (199.2, 180.5), (217.9, 180.5), (236.5, 182.4), (244.0, 197.3), (244.0, 212.3), (244.0, 234.7), (257.1, 244.0), (272.0, 244.0), (292.5, 244.0), (307.5, 253.3), (307.5, 268.3), (307.5, 288.8), (311.2, 303.7), (326.1, 307.5), (342.9, 307.5), (361.6, 307.5), (372.8, 320.5), (372.8, 335.5), (372.8, 356.0), (378.4, 370.9), (393.3, 372.8), (408.3, 372.8)]",0,0,4.88
novice,bomberman,0,Bomb,12,0,29.32,0.682,"[(48.0, 48.0), (62.9, 51.7), (77.9, 44.3), (92.8, 44.3), (107.7, 51.7), (115.2, 66.7), (115.2, 81.6), (115.2, 102.1), (122.7, 115.2), (137.6, 115.2), (158.1, 115.2), (174.9, 118.9), (180.5, 133.9), (180.5, 148.8), (180.5, 171.2), (193.6, 180.5), (208.5, 180.5), (230.9, 180.5), (244.0, 191.7), (244.0, 206.7), (244.0, 229.1), (251.5, 244.0), (266.4, 244.0), (286.9, 244.0), (301.9, 247.7), (307.5, 262.7), (300.0, 273.9), (300.0, 270.1), (300.0, 273.9), (300.0, 273.9), (300.0, 270.1), (300.0, 273.9), (305.6, 273.9), (300.0, 253.3), (307.5, 255.2), (307.5, 257.1), (307.5, 257.1), (307.5, 258.9), (307.5, 253.3), (307.5, 260.8), (307.5, 251.5), (307.5, 257.1), (307.5, 249.6), (307.5, 253.3), (307.5, 251.5), (307.5, 251.5), (307.5, 253.3), (307.5, 251.5), (307.5, 251.5), (307.5, 251.5), (307.5, 251.5), (307.5, 251.5), (307.5, 251.5), (307.5, 251.5), (307.5, 251.5), (307.5, 251.5), (307.5, 251.5), (307.5, 251.5), (307.5, 251.5), (307.5, 251.5), (307.5, 251.5), (307.5, 251.5)]",0,0,8.15
novice,bomberman,0,Success,1,0,69.62,1.0,"[(48.0, 48.0), (62.9, 51.7), (77.9, 44.3), (92.8, 44.3), (107.7, 51.7), (115.2, 66.7), (115.2, 81.6), (115.2, 102.1), (122.7, 115.2), (137.6, 115.2), (158.1, 115.2), (174.9, 118.9), (180.5, 133.9), (180.5, 148.8), (180.5, 171.2), (193.6, 180.5), (208.5, 180.5), (230.9, 180.5), (244.0, 191.7), (244.0, 206.7), (244.0, 229.1), (251.5, 244.0), (266.4, 244.0), (286.9, 244.0), (301.9, 247.7), (307.5, 262.7), (307.5, 277.6), (307.5, 298.1), (320.5, 307.5), (335.5, 307.5), (356.0, 307.5), (370.9, 314.9), (372.8, 329.9), (372.8, 348.5), (372.8, 365.3), (387.7, 372.8), (402.7, 372.8), (417.6, 372.8)]",0,0,4.93
novice,bomberman,0,Success,1,0,69.33,1.0,"[(48.0, 48.0), (62.9, 51.7), (77.9, 44.3), (96.5, 51.7), (111.5, 55.5), (115.2, 70.4), (115.2, 85.3), (115.2, 105.9), (126.4, 115.2), (141.3, 115.2), (163.7, 115.2), (178.7, 122.7), (180.5, 137.6), (180.5, 156.3), (182.4, 174.9), (197.3, 180.5), (214.1, 180.5), (234.7, 180.5), (244.0, 195.5), (244.0, 210.4), (244.0, 232.8), (255.2, 244.0), (270.1, 244.0), (290.7, 244.0), (305.6, 251.5), (307.5, 266.4), (307.5, 285.1), (309.3, 301.9), (324.3, 307.5), (339.2, 307.5), (359.7, 307.5), (372.8, 318.7), (372.8, 333.6), (372.8, 354.1), (376.5, 369.1), (391.5, 372.8), (406.4, 372.8)]",0,0,4.9
novice,bomberman,0,Success,1,0,69.19,1.0,"[(48.0, 48.0), (62.9, 51.7), (77.9, 48.0), (98.4, 51.7), (113.3, 57.3), (115.2, 72.3), (115.2, 89.1), (115.2, 107.7), (128.3, 115.2), (143.2, 115.2), (165.6, 115.2), (180.5, 124.5), (180.5, 139.5), (180.5, 160.0), (184.3, 176.8), (199.2, 180.5), (217.9, 180.5), (236.5, 182.4), (244.0, 197.3), (244.0, 212.3), (244.0, 234.7), (257.1, 244.0), (272.0, 244.0), (292.5, 244.0), (307.5, 253.3), (307.5, 268.3), (307.5, 288.8), (311.2, 303.7), (326.1, 307.5), (342.9, 307.5), (361.6, 307.5), (372.8, 320.5), (372.8, 335.5), (372.8, 356.0), (378.4, 370.9), (393.3, 372.8), (408.3, 372.8)]",0,0,4.88
novice,bomberman,0,Success,1,0,69.62,1.0,"[(48.0, 48.0), (62.9, 51.7), (77.9, 51.7), (92.8, 51.7), (107.7, 51.7), (115.2, 66.7), (115.2, 81.6), (115.2, 102.1), (122.7, 115.2), (137.6, 115.2), (158.1, 115.2), (174.9, 118.9), (180.5, 133.9), (180.5, 148.8), (180.5, 171.2), (193.6, 180.5), (208.5, 180.5), (230.9, 180.5), (244.0, 191.7), (244.0, 206.7), (244.0, 229.1), (251.5, 244.0), (266.4, 244.0), (286.9, 244.0), (301.9, 247.7), (307.5, 262.7), (307.5, 277.6), (307.5, 298.1), (320.5, 307.5), (335.5, 307.5), (356.0, 307.5), (370.9, 314.9), (372.8, 329.9), (372.8, 348.5), (372.8, 365.3), (387.7, 372.8), (402.7, 372.8), (417.6, 372.8)]",0,0,4.93
novice,bomberman,0,Bomb,17,0,20.32,0.591,"[(48.0, 48.0), (62.9, 51.7), (77.9, 44.3), (92.8, 44.3), (107.7, 51.7), (115.2, 66.7), (115.2, 81.6), (115.2, 102.1), (122.7, 115.2), (137.6, 115.2), (158.1, 115.2), (174.9, 118.9), (180.5, 133.9), (180.5, 148.8), (180.5, 171.2), (193.6, 180.5), (208.5, 180.5), (230.9, 180.5), (244.0, 191.7), (244.0, 206.7), (242.1, 229.1), (229.1, 244.0), (225.3, 244.0), (225.3, 244.0), (229.1, 244.0), (225.3, 244.0), (225.3, 244.0), (229.1, 244.0), (225.3, 244.0), (225.3, 244.0), (229.1, 244.0), (225.3, 244.0), (225.3, 244.0), (223.5, 244.0), (227.2, 244.0), (227.2, 244.0), (223.5, 244.0), (227.2, 244.0), (227.2, 244.0), (223.5, 244.0), (227.2, 244.0), (238.4, 251.5), (236.5, 255.2), (244.0, 257.1), (242.1, 255.2), (238.4, 251.5), (242.1, 255.2), (242.1, 255.2), (238.4, 251.5), (242.1, 255.2), (242.1, 255.2), (238.4, 251.5), (242.1, 255.2), (242.1, 255.2), (238.4, 251.5), (242.1, 255.2), (242.1, 255.2), (238.4, 251.5), (242.1, 255.2), (242.1, 255.2), (238.4, 251.5), (242.1, 255.2), (236.5, 255.2)]",0,0,8.27
novice,bomberman,0,Success,1,0,69.62,1.0,"[(48.0, 48.0), (62.9, 51.7), (77.9, 51.7), (92.8, 51.7), (107.7, 51.7), (115.2, 66.7), (115.2, 81.6), (115.2, 102.1), (122.7, 115.2), (137.6, 115.2), (158.1, 115.2), (174.9, 118.9), (180.5, 133.9), (180.5, 148.8), (180.5, 171.2), (193.6, 180.5), (208.5, 180.5), (230.9, 180.5), (244.0, 191.7), (244.0, 206.7), (244.0, 229.1), (251.5, 244.0), (266.4, 244.0), (286.9, 244.0), (301.9, 247.7), (307.5, 262.7), (307.5, 277.6), (307.5, 298.1), (320.5, 307.5), (335.5, 307.5), (356.0, 307.5), (370.9, 314.9), (372.8, 329.9), (372.8, 348.5), (372.8, 365.3), (387.7, 372.8), (402.7, 372.8), (417.6, 372.8)]",0,0,4.93
novice,bomberman,0,Success,1,0,69.19,1.0,"[(48.0, 48.0), (62.9, 51.7), (77.9, 48.0), (98.4, 51.7), (113.3, 57.3), (115.2, 72.3), (115.2, 89.1), (115.2, 107.7), (128.3, 115.2), (143.2, 115.2), (165.6, 115.2), (180.5, 124.5), (180.5, 139.5), (180.5, 160.0), (184.3, 176.8), (199.2, 180.5), (217.9, 180.5), (236.5, 182.4), (244.0, 197.3), (244.0, 212.3), (244.0, 234.7), (257.1, 244.0), (272.0, 244.0), (292.5, 244.0), (307.5, 253.3), (307.5, 268.3), (307.5, 288.8), (311.2, 303.7), (326.1, 307.5), (342.9, 307.5), (361.6, 307.5), (372.8, 320.5), (372.8, 335.5), (372.8, 356.0), (378.4, 370.9), (393.3, 372.8), (408.3, 372.8)]",0,0,4.88
novice,bomberman,0,Success,1,0,69.33,1.0,"[(48.0, 48.0), (62.9, 51.7), (77.9, 44.3), (96.5, 51.7), (111.5, 55.5), (115.2, 70.4), (115.2, 85.3), (115.2, 105.9), (126.4, 115.2), (141.3, 115.2), (163.7, 115.2), (178.7, 122.7), (180.5, 137.6), (180.5, 156.3), (182.4, 174.9), (197.3, 180.5), (214.1, 180.5), (234.7, 180.5), (244.0, 195.5), (244.0, 210.4), (244.0, 232.8), (255.2, 244.0), (270.1, 244.0), (290.7, 244.0), (305.6, 251.5), (307.5, 266.4), (307.5, 285.1), (309.3, 301.9), (324.3, 307.5), (339.2, 307.5), (359.7, 307.5), (372.8, 318.7), (372.8, 333.6), (372.8, 354.1), (376.5, 369.1), (391.5, 372.8), (406.4, 372.8)]",0,0,4.9
novice,bomberman,0,Success,1,0,69.62,1.0,"[(48.0, 48.0), (62.9, 51.7), (77.9, 44.3), (92.8, 44.3), (107.7, 51.7), (115.2, 66.7), (115.2, 81.6), (115.2, 102.1), (122.7, 115.2), (137.6, 115.2), (158.1, 115.2), (174.9, 118.9), (180.5, 133.9), (180.5, 148.8), (180.5, 171.2), (193.6, 180.5), (208.5, 180.5), (230.9, 180.5), (244.0, 191.7), (244.0, 206.7), (244.0, 229.1), (251.5, 244.0), (266.4, 244.0), (286.9, 244.0), (301.9, 247.7), (307.5, 262.7), (307.5, 277.6), (307.5, 298.1), (320.5, 307.5), (335.5, 307.5), (356.0, 307.5), (370.9, 314.9), (372.8, 329.9), (372.8, 348.5), (372.8, 365.3), (387.7, 372.8), (402.7, 372.8), (417.6, 372.8)]",0,0,4.93
novice,bomberman,0,Success,1,0,69.19,1.0,"[(48.0, 48.0), (62.9, 51.7), (77.9, 48.0), (98.4, 51.7), (113.3, 57.3), (115.2, 72.3), (115.2, 89.1), (115.2, 107.7), (128.3, 115.2), (143.2, 115.2), (165.6, 115.2), (180.5, 124.5), (180.5, 139.5), (180.5, 160.0), (184.3, 176.8), (199.2, 180.5), (217.9, 180.5), (236.5, 182.4), (244.0, 197.3), (244.0, 212.3), (244.0, 234.7), (257.1, 244.0), (272.0, 244.0), (292.5, 244.0), (307.5, 253.3), (307.5, 268.3), (307.5, 288.8), (311.2, 303.7), (326.1, 307.5), (342.9, 307.5), (361.6, 307.5), (372.8, 320.5), (372.8, 335.5), (372.8, 356.0), (378.4, 370.9), (393.3, 372.8), (408.3, 372.8)]",0,0,4.88
novice,bomberman,0,Success,1,0,69.19,1.0,"[(48.0, 48.0), (62.9, 51.7), (77.9, 51.7), (98.4, 51.7), (113.3, 57.3), (115.2, 72.3), (115.2, 89.1), (115.2, 107.7), (128.3, 115.2), (143.2, 115.2), (165.6, 115.2), (180.5, 124.5), (180.5, 139.5), (180.5, 160.0), (184.3, 176.8), (199.2, 180.5), (217.9, 180.5), (236.5, 182.4), (244.0, 197.3), (244.0, 212.3), (244.0, 234.7), (257.1, 244.0), (272.0, 244.0), (292.5, 244.0), (307.5, 253.3), (307.5, 268.3), (307.5, 288.8), (311.2, 303.7), (326.1, 307.5), (342.9, 307.5), (361.6, 307.5), (372.8, 320.5), (372.8, 335.5), (372.8, 356.0), (378.4, 370.9), (393.3, 372.8), (408.3, 372.8)]",0,0,4.88
novice,bomberman,0,Success,1,0,69.62,1.0,"[(48.0, 48.0), (62.9, 51.7), (77.9, 44.3), (92.8, 44.3), (107.7, 51.7), (115.2, 66.7), (115.2, 81.6), (115.2, 102.1), (122.7, 115.2), (137.6, 115.2), (158.1, 115.2), (174.9, 118.9), (180.5, 133.9), (180.5, 148.8), (180.5, 171.2), (193.6, 180.5), (208.5, 180.5), (230.9, 180.5), (244.0, 191.7), (244.0, 206.7), (244.0, 229.1), (251.5, 244.0), (266.4, 244.0), (286.9, 244.0), (301.9, 247.7), (307.5, 262.7), (307.5, 277.6), (307.5, 298.1), (320.5, 307.5), (335.5, 307.5), (356.0, 307.5), (370.9, 314.9), (372.8, 329.9), (372.8, 348.5), (372.8, 365.3), (387.7, 372.8), (402.7, 372.8), (417.6, 372.8)]",0,0,4.93
novice,bomberman,0,Success,2,0,69.62,1.0,"[(48.0, 48.0), (62.9, 51.7), (77.9, 51.7), (92.8, 51.7), (107.7, 51.7), (115.2, 66.7), (115.2, 81.6), (115.2, 102.1), (122.7, 115.2), (137.6, 115.2), (158.1, 115.2), (174.9, 118.9), (180.5, 133.9), (180.5, 148.8), (180.5, 171.2), (193.6, 180.5), (208.5, 180.5), (230.9, 180.5), (244.0, 191.7), (244.0, 206.7), (244.0, 229.1), (251.5, 244.0), (266.4, 244.0), (286.9, 244.0), (301.9, 247.7), (307.5, 262.7), (307.5, 277.6), (307.5, 298.1), (320.5, 307.5), (335.5, 307.5), (356.0, 307.5), (370.9, 314.9), (372.8, 329.9), (372.8, 348.5), (372.8, 365.3), (387.7, 372.8), (402.7, 372.8), (417.6, 372.8)]",0,0,4.93
novice,bomberman,0,Success,2,0,69.62,1.0,"[(48.0, 48.0), (62.9, 51.7), (77.9, 51.7), (92.8, 51.7), (107.7, 51.7), (115.2, 66.7), (115.2, 81.6), (115.2, 102.1), (122.7, 115.2), (137.6, 115.2), (158.1, 115.2), (174.9, 118.9), (180.5, 133.9), (180.5, 148.8), (180.5, 171.2), (193.6, 180.5), (208.5, 180.5), (230.9, 180.5), (244.0, 191.7), (244.0, 206.7), (244.0, 229.1), (251.5, 244.0), (266.4, 244.0), (286.9, 244.0), (301.9, 247.7), (307.5, 262.7), (307.5, 277.6), (307.5, 298.1), (320.5, 307.5), (335.5, 307.5), (356.0, 307.5), (370.9, 314.9), (372.8, 329.9), (372.8, 348.5), (372.8, 365.3), (387.7, 372.8), (402.7, 372.8), (417.6, 372.8)]",0,0,4.93
novice,bomberman,0,Success,1,0,69.62,1.0,"[(48.0, 48.0), (62.9, 51.7), (77.9, 44.3), (92.8, 44.3), (107.7, 51.7), (115.2, 66.7), (115.2, 81.6), (115.2, 102.1), (122.7, 115.2), (137.6, 115.2), (158.1, 115.2), (174.9, 118.9), (180.5, 133.9), (180.5, 148.8), (180.5, 171.2), (193.6, 180.5), (208.5, 180.5), (230.9, 180.5), (244.0, 191.7), (244.0, 206.7), (244.0, 229.1), (251.5, 244.0), (266.4, 244.0), (286.9, 244.0), (301.9, 247.7), (307.5, 262.7), (307.5, 277.6), (307.5, 298.1), (320.5, 307.5), (335.5, 307.5), (356.0, 307.5), (370.9, 314.9), (372.8, 329.9), (372.8, 348.5), (372.8, 365.3), (387.7, 372.8), (402.7, 372.8), (417.6, 372.8)]",0,0,4.93
novice,bomberman,0,Success,1,0,69.62,1.0,"[(48.0, 48.0), (62.9, 51.7), (77.9, 44.3), (92.8, 44.3), (107.7, 51.7), (115.2, 66.7), (115.2, 81.6), (115.2, 102.1), (122.7, 115.2), (137.6, 115.2), (158.1, 115.2), (174.9, 118.9), (180.5, 133.9), (180.5, 148.8), (180.5, 171.2), (193.6, 180.5), (208.5, 180.5), (230.9, 180.5), (244.0, 191.7), (244.0, 206.7), (244.0, 229.1), (251.5, 244.0), (266.4, 244.0), (286.9, 244.0), (301.9, 247.7), (307.5, 262.7), (307.5, 277.6), (307.5, 298.1), (320.5, 307.5), (335.5, 307.5), (356.0, 307.5), (370.9, 314.9), (372.8, 329.9), (372.8, 348.5), (372.8, 365.3), (387.7, 372.8), (402.7, 372.8), (417.6, 372.8)]",0,0,4.93
novice,bomberman,0,Success,2,0,69.62,1.0,"[(48.0, 48.0), (62.9, 51.7), (77.9, 51.7), (92.8, 51.7), (107.7, 51.7), (115.2, 66.7), (115.2, 81.6), (115.2, 102.1), (122.7, 115.2), (137.6, 115.2), (158.1, 115.2), (174.9, 118.9), (180.5, 133.9), (180.5, 148.8), (180.5, 171.2), (193.6, 180.5), (208.5, 180.5), (230.9, 180.5), (244.0, 191.7), (244.0, 206.7), (244.0, 229.1), (251.5, 244.0), (266.4, 244.0), (286.9, 244.0), (301.9, 247.7), (307.5, 262.7), (307.5, 277.6), (307.5, 298.1), (320.5, 307.5), (335.5, 307.5), (356.0, 307.5), (370.9, 314.9), (372.8, 329.9), (372.8, 348.5), (372.8, 365.3), (387.7, 372.8), (402.7, 372.8), (417.6, 372.8)]",0,0,4.93
novice,bomberman,0,Success,2,0,69.62,1.0,"[(48.0, 48.0), (62.9, 51.7), (77.9, 51.7), (92.8, 51.7), (107.7, 51.7), (115.2, 66.7), (115.2, 81.6), (115.2, 102.1), (122.7, 115.2), (137.6, 115.2), (158.1, 115.2), (174.9, 118.9), (180.5, 133.9), (180.5, 148.8), (180.5, 171.2), (193.6, 180.5), (208.5, 180.5), (230.9, 180.5), (244.0, 191.7), (244.0, 206.7), (244.0, 229.1), (251.5, 244.0), (266.4, 244.0), (286.9, 244.0), (301.9, 247.7), (307.5, 262.7), (307.5, 277.6), (307.5, 298.1), (320.5, 307.5), (335.5, 307.5), (356.0, 307.5), (370.9, 314.9), (372.8, 329.9), (372.8, 348.5), (372.8, 365.3), (387.7, 372.8), (402.7, 372.8), (417.6, 372.8)]",0,0,4.93
novice,bomberman,0,Success,1,0,69.62,1.0,"[(48.0, 48.0), (62.9, 51.7), (77.9, 44.3), (92.8, 44.3), (107.7, 51.7), (115.2, 66.7), (115.2, 81.6), (115.2, 102.1), (122.7, 115.2), (137.6, 115.2), (158.1, 115.2), (174.9, 118.9), (180.5, 133.9), (180.5, 148.8), (180.5, 171.2), (193.6, 180.5), (208.5, 180.5), (230.9, 180.5), (244.0, 191.7), (244.0, 206.7), (244.0, 229.1), (251.5, 244.0), (266.4, 244.0), (286.9, 244.0), (301.9, 247.7), (307.5, 262.7), (307.5, 277.6), (307.5, 298.1), (320.5, 307.5), (335.5, 307.5), (356.0, 307.5), (370.9, 314.9), (372.8, 329.9), (372.8, 348.5), (372.8, 365.3), (387.7, 372.8), (402.7, 372.8), (417.6, 372.8)]",0,0,4.93
novice,bomberman,0,Success,1,0,69.19,1.0,"[(48.0, 48.0), (62.9, 51.7), (77.9, 51.7), (98.4, 51.7), (113.3, 57.3), (115.2, 72.3), (115.2, 89.1), (115.2, 107.7), (128.3, 115.2), (143.2, 115.2), (165.6, 115.2), (180.5, 124.5), (180.5, 139.5), (180.5, 160.0), (184.3, 176.8), (199.2, 180.5), (217.9, 180.5), (236.5, 182.4), (244.0, 197.3), (244.0, 212.3), (244.0, 234.7), (257.1, 244.0), (272.0, 244.0), (292.5, 244.0), (307.5, 253.3), (307.5, 268.3), (307.5, 288.8), (311.2, 303.7), (326.1, 307.5), (342.9, 307.5), (361.6, 307.5), (372.8, 320.5), (372.8, 335.5), (372.8, 356.0), (378.4, 370.9), (393.3, 372.8), (408.3, 372.8)]",0,0,4.88
novice,bomberman,0,Success,1,0,69.33,1.0,"[(48.0, 48.0), (62.9, 51.7), (77.9, 51.7), (98.4, 51.7), (113.3, 57.3), (115.2, 72.3), (115.2, 89.1), (115.2, 107.7), (128.3, 115.2), (143.2, 115.2), (163.7, 109.6), (178.7, 122.7), (180.5, 137.6), (180.5, 156.3), (182.4, 174.9), (197.3, 180.5), (214.1, 180.5), (234.7, 180.5), (244.0, 195.5), (244.0, 210.4), (244.0, 232.8), (255.2, 244.0), (270.1, 244.0), (290.7, 244.0), (305.6, 251.5), (307.5, 266.4), (307.5, 285.1), (309.3, 301.9), (324.3, 307.5), (339.2, 307.5), (359.7, 307.5), (372.8, 318.7), (372.8, 333.6), (372.8, 354.1), (376.5, 369.1), (391.5, 372.8), (406.4, 372.8)]",0,0,4.9
novice,bomberman,0,Success,1,0,69.62,1.0,"[(48.0, 48.0), (62.9, 51.7), (77.9, 51.7), (92.8, 51.7), (107.7, 51.7), (115.2, 66.7), (115.2, 81.6), (115.2, 102.1), (122.7, 115.2), (137.6, 115.2), (158.1, 115.2), (174.9, 118.9), (180.5, 133.9), (180.5, 148.8), (180.5, 171.2), (193.6, 180.5), (208.5, 180.5), (230.9, 180.5), (244.0, 191.7), (244.0, 206.7), (244.0, 229.1), (251.5, 244.0), (266.4, 244.0), (286.9, 244.0), (301.9, 247.7), (307.5, 262.7), (307.5, 277.6), (307.5, 298.1), (320.5, 307.5), (335.5, 307.5), (356.0, 307.5), (370.9, 314.9), (372.8, 329.9), (372.8, 348.5), (372.8, 365.3), (387.7, 372.8), (402.7, 372.8), (417.6, 372.8)]",0,0,4.93
novice,bomberman,0,Success,1,0,69.19,1.0,"[(48.0, 48.0), (62.9, 51.7), (77.9, 48.0), (98.4, 51.7), (113.3, 57.3), (115.2, 72.3), (115.2, 89.1), (115.2, 107.7), (128.3, 115.2), (143.2, 115.2), (165.6, 115.2), (180.5, 124.5), (180.5, 139.5), (180.5, 160.0), (184.3, 176.8), (199.2, 180.5), (217.9, 180.5), (236.5, 182.4), (244.0, 197.3), (244.0, 212.3), (244.0, 234.7), (257.1, 244.0), (272.0, 244.0), (292.5, 244.0), (307.5, 253.3), (307.5, 268.3), (307.5, 288.8), (311.2, 303.7), (326.1, 307.5), (342.9, 307.5), (361.6, 307.5), (372.8, 320.5), (372.8, 335.5), (372.8, 356.0), (378.4, 370.9), (393.3, 372.8), (408.3, 372.8)]",0,0,4.88
novice,bomberman,0,Success,2,0,69.62,1.0,"[(48.0, 48.0), (62.9, 51.7), (77.9, 51.7), (92.8, 51.7), (107.7, 51.7), (115.2, 66.7), (115.2, 81.6), (115.2, 102.1), (122.7, 115.2), (137.6, 115.2), (158.1, 115.2), (174.9, 118.9), (180.5, 133.9), (180.5, 148.8), (180.5, 171.2), (193.6, 180.5), (208.5, 180.5), (230.9, 180.5), (244.0, 191.7), (244.0, 206.7), (244.0, 229.1), (251.5, 244.0), (266.4, 244.0), (286.9, 244.0), (301.9, 247.7), (307.5, 262.7), (307.5, 277.6), (307.5, 298.1), (320.5, 307.5), (335.5, 307.5), (356.0, 307.5), (370.9, 314.9), (372.8, 329.9), (372.8, 348.5), (372.8, 365.3), (387.7, 372.8), (402.7, 372.8), (417.6, 372.8)]",0,0,4.93
novice,bomberman,0,Success,1,0,69.19,1.0,"[(48.0, 48.0), (62.9, 51.7), (77.9, 51.7), (98.4, 51.7), (113.3, 57.3), (115.2, 72.3), (115.2, 89.1), (115.2, 107.7), (128.3, 115.2), (143.2, 115.2), (165.6, 115.2), (180.5, 124.5), (180.5, 139.5), (180.5, 160.0), (184.3, 176.8), (199.2, 180.5), (217.9, 180.5), (236.5, 182.4), (244.0, 197.3), (244.0, 212.3), (244.0, 234.7), (257.1, 244.0), (272.0, 244.0), (292.5, 244.0), (307.5, 253.3), (307.5, 268.3), (307.5, 288.8), (311.2, 303.7), (326.1, 307.5), (342.9, 307.5), (361.6, 307.5), (372.8, 320.5), (372.8, 335.5), (372.8, 356.0), (378.4, 370.9), (393.3, 372.8), (408.3, 372.8)]",0,0,4.88
novice,bomberman,0,Success,1,0,69.19,1.0,"[(48.0, 48.0), (62.9, 51.7), (77.9, 51.7), (98.4, 51.7), (113.3, 57.3), (115.2, 72.3), (115.2, 89.1), (115.2, 107.7), (128.3, 115.2), (143.2, 115.2), (165.6, 115.2), (180.5, 124.5), (180.5, 139.5), (180.5, 160.0), (184.3, 176.8), (199.2, 180.5), (217.9, 180.5), (236.5, 182.4), (244.0, 197.3), (244.0, 212.3), (244.0, 234.7), (257.1, 244.0), (272.0, 244.0), (292.5, 244.0), (307.5, 253.3), (307.5, 268.3), (307.5, 288.8), (311.2, 303.7), (326.1, 307.5), (342.9, 307.5), (361.6, 307.5), (372.8, 320.5), (372.8, 335.5), (372.8, 356.0), (378.4, 370.9), (393.3, 372.8), (408.3, 372.8)]",0,0,4.88
novice,bomberman,0,Success,2,0,69.62,1.0,"[(48.0, 48.0), (62.9, 51.7), (77.9, 51.7), (92.8, 51.7), (107.7, 51.7), (115.2, 66.7), (115.2, 81.6), (115.2, 102.1), (122.7, 115.2), (137.6, 115.2), (158.1, 115.2), (174.9, 118.9), (180.5, 133.9), (180.5, 148.8), (180.5, 171.2), (193.6, 180.5), (208.5, 180.5), (230.9, 180.5), (244.0, 191.7), (244.0, 206.7), (244.0, 229.1), (251.5, 244.0), (266.4, 244.0), (286.9, 244.0), (301.9, 247.7), (307.5, 262.7), (307.5, 277.6), (307.5, 298.1), (320.5, 307.5), (335.5, 307.5), (356.0, 307.5), (370.9, 314.9), (372.8, 329.9), (372.8, 348.5), (372.8, 365.3), (387.7, 372.8), (402.7, 372.8), (417.6, 372.8)]",0,0,4.93
novice,bomberman,0,Success,1,0,69.19,1.0,"[(48.0, 48.0), (62.9, 51.7), (77.9, 48.0), (98.4, 51.7), (113.3, 57.3), (115.2, 72.3), (115.2, 89.1), (115.2, 107.7), (128.3, 115.2), (143.2, 115.2), (165.6, 115.2), (180.5, 124.5), (180.5, 139.5), (180.5, 160.0), (184.3, 176.8), (199.2, 180.5), (217.9, 180.5), (236.5, 182.4), (244.0, 197.3), (244.0, 212.3), (244.0, 234.7), (257.1, 244.0), (272.0, 244.0), (292.5, 244.0), (307.5, 253.3), (307.5, 268.3), (307.5, 288.8), (311.2, 303.7), (326.1, 307.5), (342.9, 307.5), (361.6, 307.5), (372.8, 320.5), (372.8, 335.5), (372.8, 356.0), (378.4, 370.9), (393.3, 372.8), (408.3, 372.8)]",0,0,4.88
novice,bomberman,0,Success,1,0,69.62,1.0,"[(48.0, 48.0), (62.9, 51.7), (77.9, 51.7), (92.8, 51.7), (107.7, 51.7), (115.2, 66.7), (115.2, 81.6), (115.2, 102.1), (122.7, 115.2), (137.6, 115.2), (158.1, 115.2), (174.9, 118.9), (180.5, 133.9), (180.5, 148.8), (180.5, 171.2), (193.6, 180.5), (208.5, 180.5), (230.9, 180.5), (244.0, 191.7), (244.0, 206.7), (244.0, 229.1), (251.5, 244.0), (266.4, 244.0), (286.9, 244.0), (301.9, 247.7), (307.5, 262.7), (307.5, 277.6), (307.5, 298.1), (320.5, 307.5), (335.5, 307.5), (356.0, 307.5), (370.9, 314.9), (372.8, 329.9), (372.8, 348.5), (372.8, 365.3), (387.7, 372.8), (402.7, 372.8), (417.6, 372.8)]",0,0,4.93
novice,bomberman,0,Bomb,5,0,0.0,0.455,"[(48.0, 48.0), (62.9, 51.7), (77.9, 51.7), (92.8, 51.7), (107.7, 51.7), (115.2, 66.7), (115.2, 81.6), (115.2, 102.1), (122.7, 115.2), (137.6, 115.2), (158.1, 115.2), (174.9, 118.9), (180.5, 133.9), (180.5, 148.8), (173.1, 171.2), (160.0, 180.5), (163.7, 180.5), (163.7, 180.5), (160.0, 180.5), (163.7, 180.5), (163.7, 180.5), (160.0, 180.5), (163.7, 180.5), (163.7, 180.5), (160.0, 180.5), (163.7, 180.5), (163.7, 180.5), (160.0, 180.5), (163.7, 180.5), (163.7, 180.5), (160.0, 180.5), (163.7, 180.5), (163.7, 180.5), (160.0, 180.5), (163.7, 180.5), (163.7, 180.5), (160.0, 180.5), (145.1, 180.5), (122.7, 180.5), (115.2, 189.9), (115.2, 204.8), (115.2, 227.2), (104.0, 242.1), (98.4, 244.0), (98.4, 244.0), (94.7, 244.0), (98.4, 244.0), (98.4, 244.0), (94.7, 244.0), (98.4, 244.0), (98.4, 244.0), (94.7, 244.0), (98.4, 244.0), (98.4, 244.0), (94.7, 244.0), (98.4, 244.0), (98.4, 244.0), (94.7, 244.0), (98.4, 244.0), (98.4, 244.0), (94.7, 244.0), (90.9, 244.0), (76.0, 244.0), (55.5, 244.0), (51.7, 257.1), (51.7, 272.0), (51.7, 292.5), (44.3, 307.5), (46.1, 322.4), (51.7, 337.3), (48.0, 357.9), (44.3, 372.8), (44.3, 372.8), (44.3, 372.8), (44.3, 372.8), (44.3, 372.8), (44.3, 372.8), (44.3, 372.8), (44.3, 372.8), (44.3, 372.8), (44.3, 372.8), (44.3, 372.8), (44.3, 372.8), (44.3, 372.8), (44.3, 372.8), (44.3, 372.8), (44.3, 372.8), (44.3, 372.8), (44.3, 372.8), (44.3, 372.8), (44.3, 372.8), (44.3, 372.8), (44.3, 372.8), (44.3, 372.8), (44.3, 372.8), (44.3, 372.8), (44.3, 372.8), (44.3, 372.8), (44.3, 372.8), (44.3, 372.8), (44.3, 372.8), (44.3, 372.8), (44.3, 372.8), (44.3, 372.8), (44.3, 372.8), (44.3, 372.8), (44.3, 372.8), (44.3, 372.8), (44.3, 372.8), (44.3, 372.8), (44.3, 372.8), (44.3, 372.8), (44.3, 372.8), (44.3, 372.8), (44.3, 372.8), (44.3, 372.8), (44.3, 372.8), (44.3, 372.8), (44.3, 372.8), (44.3, 372.8), (44.3, 372.8)]",0,0,16.0
novice,bomberman,0,Success,6,0,26.67,1.0,"[(48.0, 48.0), (62.9, 51.7), (77.9, 51.7), (98.4, 51.7), (113.3, 57.3), (115.2, 72.3), (115.2, 89.1), (115.2, 107.7), (128.3, 115.2), (143.2, 115.2), (165.6, 115.2), (180.5, 124.5), (180.5, 139.5), (180.5, 160.0), (184.3, 176.8), (199.2, 180.5), (217.9, 180.5), (236.5, 182.4), (244.0, 197.3), (244.0, 212.3), (244.0, 234.7), (257.1, 244.0), (272.0, 244.0), (292.5, 244.0), (307.5, 253.3), (307.5, 258.9), (307.5, 258.9), (307.5, 255.2), (307.5, 258.9), (307.5, 258.9), (307.5, 255.2), (307.5, 258.9), (307.5, 258.9), (307.5, 255.2), (307.5, 258.9), (307.5, 258.9), (307.5, 255.2), (307.5, 258.9), (307.5, 258.9), (307.5, 255.2), (307.5, 258.9), (307.5, 258.9), (307.5, 255.2), (307.5, 258.9), (307.5, 258.9), (307.5, 255.2), (307.5, 258.9), (307.5, 258.9), (307.5, 255.2), (307.5, 258.9), (307.5, 258.9), (307.5, 255.2), (307.5, 262.7), (307.5, 273.9), (307.5, 294.4), (316.8, 307.5), (331.7, 307.5), (352.3, 307.5), (367.2, 311.2), (372.8, 322.4), (372.8, 318.7), (372.8, 322.4), (372.8, 322.4), (372.8, 318.7), (372.8, 322.4), (372.8, 322.4), (372.8, 318.7), (372.8, 322.4), (372.8, 322.4), (372.8, 318.7), (372.8, 322.4), (372.8, 322.4), (372.8, 318.7), (372.8, 322.4), (372.8, 322.4), (372.8, 318.7), (372.8, 322.4), (372.8, 322.4), (372.8, 318.7), (372.8, 322.4), (372.8, 322.4), (372.8, 318.7), (372.8, 322.4), (372.8, 322.4), (372.8, 318.7), (372.8, 322.4), (372.8, 322.4), (372.8, 318.7), (372.8, 322.4), (372.8, 322.4), (372.8, 329.9), (372.8, 348.5), (372.8, 365.3), (387.7, 372.8), (402.7, 372.8), (417.6, 372.8)]",0,0,12.67
novice,bomberman,0,Success,1,0,69.19,1.0,"[(48.0, 48.0), (62.9, 51.7), (77.9, 51.7), (98.4, 51.7), (113.3, 57.3), (115.2, 72.3), (115.2, 89.1), (115.2, 107.7), (128.3, 115.2), (143.2, 115.2), (165.6, 115.2), (180.5, 124.5), (180.5, 139.5), (180.5, 160.0), (184.3, 176.8), (199.2, 180.5), (217.9, 180.5), (236.5, 182.4), (244.0, 197.3), (244.0, 212.3), (244.0, 234.7), (257.1, 244.0), (272.0, 244.0), (292.5, 244.0), (307.5, 253.3), (307.5, 268.3), (307.5, 288.8), (311.2, 303.7), (326.1, 307.5), (342.9, 307.5), (361.6, 307.5), (372.8, 320.5), (372.8, 335.5), (372.8, 356.0), (378.4, 370.9), (393.3, 372.8), (408.3, 372.8)]",0,0,4.88
novice,bomberman,0,Bomb,12,0,-0.93,0.045,"[(48.0, 48.0), (44.3, 62.9), (44.3, 62.9), (44.3, 59.2), (44.3, 62.9), (44.3, 62.9), (44.3, 59.2), (44.3, 62.9), (44.3, 62.9), (49.9, 59.2), (46.1, 62.9), (46.1, 62.9), (49.9, 59.2), (46.1, 62.9), (46.1, 62.9), (49.9, 59.2), (46.1, 62.9), (46.1, 62.9), (49.9, 59.2), (46.1, 62.9), (46.1, 62.9), (49.9, 59.2), (46.1, 62.9), (46.1, 62.9), (49.9, 59.2), (44.3, 59.2), (44.3, 59.2), (44.3, 59.2), (44.3, 59.2), (44.3, 59.2), (44.3, 59.2)]",0,0,4.0
novice,bomberman,0,Success,1,0,69.62,1.0,"[(48.0, 48.0), (62.9, 51.7), (77.9, 44.3), (92.8, 44.3), (107.7, 51.7), (115.2, 66.7), (115.2, 81.6), (115.2, 102.1), (122.7, 115.2), (137.6, 115.2), (158.1, 115.2), (174.9, 118.9), (180.5, 133.9), (180.5, 148.8), (180.5, 171.2), (193.6, 180.5), (208.5, 180.5), (230.9, 180.5), (244.0, 191.7), (244.0, 206.7), (244.0, 229.1), (251.5, 244.0), (266.4, 244.0), (286.9, 244.0), (301.9, 247.7), (307.5, 262.7), (307.5, 277.6), (307.5, 298.1), (320.5, 307.5), (335.5, 307.5), (356.0, 307.5), (370.9, 314.9), (372.8, 329.9), (372.8, 348.5), (372.8, 365.3), (387.7, 372.8), (402.7, 372.8), (417.6, 372.8)]",0,0,4.93
novice,bomberman,0,Success,1,0,69.62,1.0,"[(48.0, 48.0), (62.9, 51.7), (77.9, 51.7), (92.8, 51.7), (107.7, 51.7), (115.2, 66.7), (115.2, 81.6), (115.2, 102.1), (122.7, 115.2), (137.6, 115.2), (158.1, 115.2), (174.9, 118.9), (180.5, 133.9), (180.5, 148.8), (180.5, 171.2), (193.6, 180.5), (208.5, 180.5), (230.9, 180.5), (244.0, 191.7), (244.0, 206.7), (244.0, 229.1), (251.5, 244.0), (266.4, 244.0), (286.9, 244.0), (301.9, 247.7), (307.5, 262.7), (307.5, 277.6), (307.5, 298.1), (320.5, 307.5), (335.5, 307.5), (356.0, 307.5), (370.9, 314.9), (372.8, 329.9), (372.8, 348.5), (372.8, 365.3), (387.7, 372.8), (402.7, 372.8), (417.6, 372.8)]",0,0,4.93
novice,bomberman,0,Success,1,0,69.62,1.0,"[(48.0, 48.0), (62.9, 51.7), (77.9, 51.7), (92.8, 51.7), (107.7, 51.7), (115.2, 66.7), (115.2, 81.6), (115.2, 102.1), (122.7, 115.2), (137.6, 115.2), (158.1, 115.2), (174.9, 118.9), (180.5, 133.9), (180.5, 148.8), (180.5, 171.2), (193.6, 180.5), (208.5, 180.5), (230.9, 180.5), (244.0, 191.7), (244.0, 206.7), (244.0, 229.1), (251.5, 244.0), (266.4, 244.0), (286.9, 244.0), (301.9, 247.7), (307.5, 262.7), (307.5, 277.6), (307.5, 298.1), (320.5, 307.5), (335.5, 307.5), (356.0, 307.5), (370.9, 314.9), (372.8, 329.9), (372.8, 348.5), (372.8, 365.3), (387.7, 372.8), (402.7, 372.8), (417.6, 372.8)]",0,0,4.93
novice,bomberman,0,Success,1,0,69.62,1.0,"[(48.0, 48.0), (62.9, 51.7), (77.9, 44.3), (92.8, 44.3), (107.7, 51.7), (115.2, 66.7), (115.2, 81.6), (115.2, 102.1), (122.7, 115.2), (137.6, 115.2), (158.1, 115.2), (174.9, 118.9), (180.5, 133.9), (180.5, 148.8), (180.5, 171.2), (193.6, 180.5), (208.5, 180.5), (230.9, 180.5), (244.0, 191.7), (244.0, 206.7), (244.0, 229.1), (251.5, 244.0), (266.4, 244.0), (286.9, 244.0), (301.9, 247.7), (307.5, 262.7), (307.5, 277.6), (307.5, 298.1), (320.5, 307.5), (335.5, 307.5), (356.0, 307.5), (370.9, 314.9), (372.8, 329.9), (372.8, 348.5), (372.8, 365.3), (387.7, 372.8), (402.7, 372.8), (417.6, 372.8)]",0,0,4.93
novice,bomberman,0,Success,6,0,26.67,1.0,"[(48.0, 48.0), (62.9, 51.7), (77.9, 51.7), (98.4, 51.7), (113.3, 57.3), (115.2, 72.3), (115.2, 89.1), (115.2, 107.7), (128.3, 115.2), (143.2, 115.2), (165.6, 115.2), (180.5, 124.5), (180.5, 139.5), (180.5, 160.0), (184.3, 176.8), (199.2, 180.5), (217.9, 180.5), (236.5, 182.4), (244.0, 197.3), (244.0, 212.3), (244.0, 234.7), (257.1, 244.0), (272.0, 244.0), (292.5, 244.0), (307.5, 253.3), (307.5, 258.9), (307.5, 258.9), (307.5, 255.2), (307.5, 258.9), (307.5, 258.9), (307.5, 255.2), (307.5, 258.9), (307.5, 258.9), (307.5, 255.2), (307.5, 258.9), (307.5, 258.9), (307.5, 255.2), (307.5, 258.9), (307.5, 258.9), (307.5, 255.2), (307.5, 258.9), (307.5, 258.9), (307.5, 255.2), (307.5, 258.9), (307.5, 258.9), (307.5, 255.2), (307.5, 258.9), (307.5, 258.9), (307.5, 255.2), (307.5, 258.9), (307.5, 258.9), (307.5, 255.2), (307.5, 262.7), (307.5, 273.9), (307.5, 294.4), (316.8, 307.5), (331.7, 307.5), (352.3, 307.5), (367.2, 311.2), (372.8, 322.4), (372.8, 318.7), (372.8, 322.4), (372.8, 322.4), (372.8, 318.7), (372.8, 322.4), (372.8, 322.4), (372.8, 318.7), (372.8, 322.4), (372.8, 322.4), (372.8, 318.7), (372.8, 322.4), (372.8, 322.4), (372.8, 318.7), (372.8, 322.4), (372.8, 322.4), (372.8, 318.7), (372.8, 322.4), (372.8, 322.4), (372.8, 318.7), (372.8, 322.4), (372.8, 322.4), (372.8, 318.7), (372.8, 322.4), (372.8, 322.4), (372.8, 318.7), (372.8, 322.4), (372.8, 322.4), (372.8, 318.7), (372.8, 322.4), (372.8, 322.4), (372.8, 329.9), (372.8, 348.5), (372.8, 365.3), (387.7, 372.8), (402.7, 372.8), (417.6, 372.8)]",0,0,12.67
novice,bomberman,0,Success,1,0,69.62,1.0,"[(48.0, 48.0), (62.9, 51.7), (77.9, 51.7), (92.8, 51.7), (107.7, 51.7), (115.2, 66.7), (115.2, 81.6), (115.2, 102.1), (122.7, 115.2), (137.6, 115.2), (158.1, 115.2), (174.9, 118.9), (180.5, 133.9), (180.5, 148.8), (180.5, 171.2), (193.6, 180.5), (208.5, 180.5), (230.9, 180.5), (244.0, 191.7), (244.0, 206.7), (244.0, 229.1), (251.5, 244.0), (266.4, 244.0), (286.9, 244.0), (301.9, 247.7), (307.5, 262.7), (307.5, 277.6), (307.5, 298.1), (320.5, 307.5), (335.5, 307.5), (356.0, 307.5), (370.9, 314.9), (372.8, 329.9), (372.8, 348.5), (372.8, 365.3), (387.7, 372.8), (402.7, 372.8), (417.6, 372.8)]",0,0,4.93
novice,bomberman,0,Success,0,0,69.19,1.0,"[(48.0, 48.0), (62.9, 51.7), (77.9, 51.7), (98.4, 51.7), (113.3, 57.3), (115.2, 72.3), (115.2, 89.1), (115.2, 107.7), (128.3, 115.2), (143.2, 115.2), (165.6, 115.2), (180.5, 124.5), (180.5, 139.5), (180.5, 160.0), (184.3, 176.8), (199.2, 180.5), (217.9, 180.5), (236.5, 182.4), (244.0, 197.3), (244.0, 212.3), (244.0, 234.7), (257.1, 244.0), (272.0, 244.0), (292.5, 244.0), (307.5, 253.3), (307.5, 268.3), (307.5, 288.8), (311.2, 303.7), (326.1, 307.5), (342.9, 307.5), (361.6, 307.5), (372.8, 320.5), (372.8, 335.5), (372.8, 356.0), (378.4, 370.9), (393.3, 372.8), (408.3, 372.8)]",0,0,4.88
novice,bomberman,0,Success,1,0,69.19,1.0,"[(48.0, 48.0), (62.9, 51.7), (77.9, 51.7), (98.4, 51.7), (113.3, 57.3), (115.2, 72.3), (115.2, 89.1), (115.2, 107.7), (128.3, 115.2), (143.2, 115.2), (165.6, 115.2), (180.5, 124.5), (180.5, 139.5), (180.5, 160.0), (184.3, 176.8), (199.2, 180.5), (217.9, 180.5), (236.5, 182.4), (244.0, 197.3), (244.0, 212.3), (244.0, 234.7), (257.1, 244.0), (272.0, 244.0), (292.5, 244.0), (307.5, 253.3), (307.5, 268.3), (307.5, 288.8), (311.2, 303.7), (326.1, 307.5), (342.9, 307.5), (361.6, 307.5), (372.8, 320.5), (372.8, 335.5), (372.8, 356.0), (378.4, 370.9), (393.3, 372.8), (408.3, 372.8)]",0,0,4.88
novice,bomberman,0,Success,1,0,69.33,1.0,"[(48.0, 48.0), (62.9, 51.7), (77.9, 44.3), (96.5, 51.7), (111.5, 55.5), (115.2, 70.4), (115.2, 85.3), (115.2, 105.9), (126.4, 115.2), (141.3, 115.2), (163.7, 115.2), (178.7, 122.7), (180.5, 137.6), (180.5, 156.3), (182.4, 174.9), (197.3, 180.5), (214.1, 180.5), (234.7, 180.5), (244.0, 195.5), (244.0, 210.4), (244.0, 232.8), (255.2, 244.0), (270.1, 244.0), (290.7, 244.0), (305.6, 251.5), (307.5, 266.4), (307.5, 285.1), (309.3, 301.9), (324.3, 307.5), (339.2, 307.5), (359.7, 307.5), (372.8, 318.7), (372.8, 333.6), (372.8, 354.1), (376.5, 369.1), (391.5, 372.8), (406.4, 372.8)]",0,0,4.9
novice,bomberman,0,Success,2,0,33.34,1.0,"[(48.0, 48.0), (62.9, 51.7), (77.9, 51.7), (98.4, 51.7), (113.3, 57.3), (115.2, 72.3), (115.2, 89.1), (115.2, 107.7), (128.3, 115.2), (143.2, 115.2), (165.6, 115.2), (180.5, 124.5), (180.5, 139.5), (180.5, 160.0), (184.3, 176.8), (199.2, 180.5), (214.1, 180.5), (229.1, 180.5), (244.0, 180.5), (258.9, 180.5), (273.9, 180.5), (294.4, 180.5), (307.5, 191.7), (307.5, 206.7), (307.5, 210.4), (307.5, 210.4), (307.5, 210.4), (307.5, 210.4), (307.5, 210.4), (307.5, 210.4), (307.5, 210.4), (307.5, 210.4), (307.5, 210.4), (307.5, 210.4), (307.5, 210.4), (307.5, 210.4), (307.5, 210.4), (307.5, 210.4), (307.5, 210.4), (307.5, 210.4), (307.5, 210.4), (307.5, 210.4), (307.5, 210.4), (307.5, 210.4), (307.5, 223.5), (311.2, 240.3), (326.1, 244.0), (341.1, 244.0), (359.7, 244.0), (374.7, 244.0), (389.6, 244.0), (406.4, 244.0), (426.9, 244.0), (436.3, 257.1), (436.3, 257.1), (436.3, 257.1), (436.3, 257.1), (436.3, 257.1), (436.3, 257.1), (436.3, 257.1), (436.3, 257.1), (436.3, 257.1), (436.3, 257.1), (436.3, 257.1), (436.3, 257.1), (436.3, 257.1), (436.3, 257.1), (436.3, 257.1), (436.3, 257.1), (436.3, 257.1), (436.3, 257.1), (436.3, 257.1), (436.3, 257.1), (436.3, 257.1), (436.3, 257.1), (436.3, 268.3), (436.3, 283.2), (436.3, 298.1), (436.3, 313.1), (436.3, 328.0), (436.3, 342.9)]",0,0,10.75
novice,bomberman,0,Success,1,0,69.19,1.0,"[(48.0, 48.0), (62.9, 51.7), (77.9, 51.7), (98.4, 51.7), (113.3, 57.3), (115.2, 72.3), (115.2, 89.1), (115.2, 107.7), (128.3, 115.2), (143.2, 115.2), (165.6, 115.2), (180.5, 124.5), (180.5, 139.5), (180.5, 160.0), (184.3, 176.8), (199.2, 180.5), (217.9, 180.5), (236.5, 182.4), (244.0, 197.3), (244.0, 212.3), (244.0, 234.7), (257.1, 244.0), (272.0, 244.0), (292.5, 244.0), (307.5, 253.3), (307.5, 268.3), (307.5, 288.8), (311.2, 303.7), (326.1, 307.5), (342.9, 307.5), (361.6, 307.5), (372.8, 320.5), (372.8, 335.5), (372.8, 356.0), (378.4, 370.9), (393.3, 372.8), (408.3, 372.8)]",0,0,4.88
novice,bomberman,0,Success,1,0,69.62,1.0,"[(48.0, 48.0), (62.9, 51.7), (77.9, 51.7), (92.8, 51.7), (107.7, 51.7), (115.2, 66.7), (115.2, 81.6), (115.2, 102.1), (122.7, 115.2), (137.6, 115.2), (158.1, 115.2), (174.9, 118.9), (180.5, 133.9), (180.5, 148.8), (180.5, 171.2), (193.6, 180.5), (208.5, 180.5), (230.9, 180.5), (244.0, 191.7), (244.0, 206.7), (244.0, 229.1), (251.5, 244.0), (266.4, 244.0), (286.9, 244.0), (301.9, 247.7), (307.5, 262.7), (307.5, 277.6), (307.5, 298.1), (320.5, 307.5), (335.5, 307.5), (356.0, 307.5), (370.9, 314.9), (372.8, 329.9), (372.8, 348.5), (372.8, 365.3), (387.7, 372.8), (402.7, 372.8), (417.6, 372.8)]",0,0,4.93
novice,bomberman,0,Success,1,0,69.62,1.0,"[(48.0, 48.0), (62.9, 51.7), (77.9, 51.7), (92.8, 51.7), (107.7, 51.7), (115.2, 66.7), (115.2, 81.6), (115.2, 102.1), (122.7, 115.2), (137.6, 115.2), (158.1, 115.2), (174.9, 118.9), (180.5, 133.9), (180.5, 148.8), (180.5, 171.2), (193.6, 180.5), (208.5, 180.5), (230.9, 180.5), (244.0, 191.7), (244.0, 206.7), (244.0, 229.1), (251.5, 244.0), (266.4, 244.0), (286.9, 244.0), (301.9, 247.7), (307.5, 262.7), (307.5, 277.6), (307.5, 298.1), (320.5, 307.5), (335.5, 307.5), (356.0, 307.5), (370.9, 314.9), (372.8, 329.9), (372.8, 348.5), (372.8, 365.3), (387.7, 372.8), (402.7, 372.8), (417.6, 372.8)]",0,0,4.93
novice,bomberman,0,Success,1,0,69.19,1.0,"[(48.0, 48.0), (62.9, 51.7), (77.9, 51.7), (98.4, 51.7), (113.3, 57.3), (115.2, 72.3), (115.2, 89.1), (115.2, 107.7), (128.3, 115.2), (143.2, 115.2), (165.6, 115.2), (180.5, 124.5), (180.5, 139.5), (180.5, 160.0), (184.3, 176.8), (199.2, 180.5), (217.9, 180.5), (236.5, 182.4), (244.0, 197.3), (244.0, 212.3), (244.0, 234.7), (257.1, 244.0), (272.0, 244.0), (292.5, 244.0), (307.5, 253.3), (307.5, 268.3), (307.5, 288.8), (311.2, 303.7), (326.1, 307.5), (342.9, 307.5), (361.6, 307.5), (372.8, 320.5), (372.8, 335.5), (372.8, 356.0), (378.4, 370.9), (393.3, 372.8), (408.3, 372.8)]",0,0,4.88
novice,bomberman,0,Success,2,0,33.34,1.0,"[(48.0, 48.0), (62.9, 51.7), (77.9, 51.7), (98.4, 51.7), (113.3, 57.3), (115.2, 72.3), (115.2, 89.1), (115.2, 107.7), (128.3, 115.2), (143.2, 115.2), (165.6, 115.2), (180.5, 124.5), (180.5, 139.5), (180.5, 160.0), (184.3, 176.8), (199.2, 180.5), (214.1, 180.5), (229.1, 180.5), (244.0, 180.5), (258.9, 180.5), (273.9, 180.5), (294.4, 180.5), (307.5, 191.7), (307.5, 206.7), (307.5, 210.4), (307.5, 210.4), (307.5, 210.4), (307.5, 210.4), (307.5, 210.4), (307.5, 210.4), (307.5, 210.4), (307.5, 210.4), (307.5, 210.4), (307.5, 210.4), (307.5, 210.4), (307.5, 210.4), (307.5, 210.4), (307.5, 210.4), (307.5, 210.4), (307.5, 210.4), (307.5, 210.4), (307.5, 210.4), (307.5, 210.4), (307.5, 210.4), (307.5, 223.5), (311.2, 240.3), (326.1, 244.0), (341.1, 244.0), (359.7, 244.0), (374.7, 244.0), (389.6, 244.0), (406.4, 244.0), (426.9, 244.0), (436.3, 257.1), (436.3, 257.1), (436.3, 257.1), (436.3, 257.1), (436.3, 257.1), (436.3, 257.1), (436.3, 257.1), (436.3, 257.1), (436.3, 257.1), (436.3, 257.1), (436.3, 257.1), (436.3, 257.1), (436.3, 257.1), (436.3, 257.1), (436.3, 257.1), (436.3, 257.1), (436.3, 257.1), (436.3, 257.1), (436.3, 257.1), (436.3, 257.1), (436.3, 257.1), (436.3, 257.1), (436.3, 268.3), (436.3, 283.2), (436.3, 298.1), (436.3, 313.1), (436.3, 328.0), (436.3, 342.9)]",0,0,10.75
novice,bomberman,0,Success,1,0,69.33,1.0,"[(48.0, 48.0), (62.9, 51.7), (77.9, 44.3), (96.5, 51.7), (111.5, 55.5), (115.2, 70.4), (115.2, 85.3), (115.2, 105.9), (126.4, 115.2), (141.3, 115.2), (163.7, 115.2), (178.7, 122.7), (180.5, 137.6), (180.5, 156.3), (182.4, 174.9), (197.3, 180.5), (214.1, 180.5), (234.7, 180.5), (244.0, 195.5), (244.0, 210.4), (244.0, 232.8), (255.2, 244.0), (270.1, 244.0), (290.7, 244.0), (305.6, 251.5), (307.5, 266.4), (307.5, 285.1), (309.3, 301.9), (324.3, 307.5), (339.2, 307.5), (359.7, 307.5), (372.8, 318.7), (372.8, 333.6), (372.8, 354.1), (376.5, 369.1), (391.5, 372.8), (406.4, 372.8)]",0,0,4.9
novice,bomberman,0,Bomb,2,0,-0.9,0.045,"[(48.0, 48.0), (62.9, 51.7), (62.9, 44.3), (48.0, 55.5), (44.3, 44.3), (44.3, 44.3), (44.3, 44.3), (44.3, 44.3), (44.3, 44.3), (44.3, 44.3), (44.3, 44.3), (44.3, 44.3), (44.3, 44.3), (44.3, 44.3), (44.3, 44.3), (44.3, 44.3), (44.3, 44.3), (44.3, 44.3), (44.3, 44.3), (44.3, 44.3), (44.3, 44.3), (44.3, 44.3), (44.3, 44.3), (44.3, 44.3), (44.3, 44.3), (44.3, 44.3), (44.3, 44.3), (44.3, 44.3), (44.3, 44.3), (44.3, 44.3), (44.3, 44.3), (44.3, 44.3)]",0,0,4.15
novice,bomberman,0,Success,1,0,69.62,1.0,"[(48.0, 48.0), (62.9, 51.7), (77.9, 51.7), (92.8, 51.7), (107.7, 51.7), (115.2, 66.7), (115.2, 81.6), (115.2, 102.1), (122.7, 115.2), (137.6, 115.2), (158.1, 115.2), (174.9, 118.9), (180.5, 133.9), (180.5, 148.8), (180.5, 171.2), (193.6, 180.5), (208.5, 180.5), (230.9, 180.5), (244.0, 191.7), (244.0, 206.7), (244.0, 229.1), (251.5, 244.0), (266.4, 244.0), (286.9, 244.0), (301.9, 247.7), (307.5, 262.7), (307.5, 277.6), (307.5, 298.1), (320.5, 307.5), (335.5, 307.5), (356.0, 307.5), (370.9, 314.9), (372.8, 329.9), (372.8, 348.5), (372.8, 365.3), (387.7, 372.8), (402.7, 372.8), (417.6, 372.8)]",0,0,4.93
novice,bomberman,0,Success,1,0,69.62,1.0,"[(48.0, 48.0), (62.9, 51.7), (77.9, 51.7), (92.8, 51.7), (107.7, 51.7), (115.2, 66.7), (115.2, 81.6), (115.2, 102.1), (122.7, 115.2), (137.6, 115.2), (158.1, 115.2), (174.9, 118.9), (180.5, 133.9), (180.5, 148.8), (180.5, 171.2), (193.6, 180.5), (208.5, 180.5), (230.9, 180.5), (244.0, 191.7), (244.0, 206.7), (244.0, 229.1), (251.5, 244.0), (266.4, 244.0), (286.9, 244.0), (301.9, 247.7), (307.5, 262.7), (307.5, 277.6), (307.5, 298.1), (320.5, 307.5), (335.5, 307.5), (356.0, 307.5), (370.9, 314.9), (372.8, 329.9), (372.8, 348.5), (372.8, 365.3), (387.7, 372.8), (402.7, 372.8), (417.6, 372.8)]",0,0,4.93
novice,bomberman,0,Success,0,0,69.62,1.0,"[(48.0, 48.0), (62.9, 51.7), (77.9, 51.7), (92.8, 51.7), (107.7, 51.7), (115.2, 66.7), (115.2, 81.6), (115.2, 102.1), (122.7, 115.2), (137.6, 115.2), (158.1, 115.2), (174.9, 118.9), (180.5, 133.9), (180.5, 148.8), (180.5, 171.2), (193.6, 180.5), (208.5, 180.5), (230.9, 180.5), (244.0, 191.7), (244.0, 206.7), (244.0, 229.1), (251.5, 244.0), (266.4, 244.0), (286.9, 244.0), (301.9, 247.7), (307.5, 262.7), (307.5, 277.6), (307.5, 298.1), (320.5, 307.5), (335.5, 307.5), (356.0, 307.5), (370.9, 314.9), (372.8, 329.9), (372.8, 348.5), (372.8, 365.3), (387.7, 372.8), (402.7, 372.8), (417.6, 372.8)]",0,0,4.93
novice,bomberman,0,Success,1,0,69.19,1.0,"[(48.0, 48.0), (62.9, 51.7), (77.9, 48.0), (98.4, 51.7), (113.3, 57.3), (115.2, 72.3), (115.2, 89.1), (115.2, 107.7), (128.3, 115.2), (143.2, 115.2), (165.6, 115.2), (180.5, 124.5), (180.5, 139.5), (180.5, 160.0), (184.3, 176.8), (199.2, 180.5), (217.9, 180.5), (236.5, 182.4), (244.0, 197.3), (244.0, 212.3), (244.0, 234.7), (257.1, 244.0), (272.0, 244.0), (292.5, 244.0), (307.5, 253.3), (307.5, 268.3), (307.5, 288.8), (311.2, 303.7), (326.1, 307.5), (342.9, 307.5), (361.6, 307.5), (372.8, 320.5), (372.8, 335.5), (372.8, 356.0), (378.4, 370.9), (393.3, 372.8), (408.3, 372.8)]",0,0,4.88
novice,bomberman,0,Success,1,0,69.62,1.0,"[(48.0, 48.0), (62.9, 51.7), (77.9, 51.7), (92.8, 51.7), (107.7, 51.7), (115.2, 66.7), (115.2, 81.6), (115.2, 102.1), (122.7, 115.2), (137.6, 115.2), (158.1, 115.2), (174.9, 118.9), (180.5, 133.9), (180.5, 148.8), (180.5, 171.2), (193.6, 180.5), (208.5, 180.5), (230.9, 180.5), (244.0, 191.7), (244.0, 206.7), (244.0, 229.1), (251.5, 244.0), (266.4, 244.0), (286.9, 244.0), (301.9, 247.7), (307.5, 262.7), (307.5, 277.6), (307.5, 298.1), (320.5, 307.5), (335.5, 307.5), (356.0, 307.5), (370.9, 314.9), (372.8, 329.9), (372.8, 348.5), (372.8, 365.3), (387.7, 372.8), (402.7, 372.8), (417.6, 372.8)]",0,0,4.93
novice,bomberman,0,Success,1,0,69.62,1.0,"[(48.0, 48.0), (62.9, 51.7), (77.9, 51.7), (92.8, 51.7), (107.7, 51.7), (115.2, 66.7), (115.2, 81.6), (115.2, 102.1), (122.7, 115.2), (137.6, 115.2), (158.1, 115.2), (174.9, 118.9), (180.5, 133.9), (180.5, 148.8), (180.5, 171.2), (193.6, 180.5), (208.5, 180.5), (230.9, 180.5), (244.0, 191.7), (244.0, 206.7), (244.0, 229.1), (251.5, 244.0), (266.4, 244.0), (286.9, 244.0), (301.9, 247.7), (307.5, 262.7), (307.5, 277.6), (307.5, 298.1), (320.5, 307.5), (335.5, 307.5), (356.0, 307.5), (370.9, 314.9), (372.8, 329.9), (372.8, 348.5), (372.8, 365.3), (387.7, 372.8), (402.7, 372.8), (417.6, 372.8)]",0,0,4.93
novice,bomberman,0,Success,1,0,69.19,1.0,"[(48.0, 48.0), (62.9, 51.7), (77.9, 48.0), (98.4, 51.7), (113.3, 57.3), (115.2, 72.3), (115.2, 89.1), (115.2, 107.7), (128.3, 115.2), (143.2, 115.2), (165.6, 115.2), (180.5, 124.5), (180.5, 139.5), (180.5, 160.0), (184.3, 176.8), (199.2, 180.5), (217.9, 180.5), (236.5, 182.4), (244.0, 197.3), (244.0, 212.3), (244.0, 234.7), (257.1, 244.0), (272.0, 244.0), (292.5, 244.0), (307.5, 253.3), (307.5, 268.3), (307.5, 288.8), (311.2, 303.7), (326.1, 307.5), (342.9, 307.5), (361.6, 307.5), (372.8, 320.5), (372.8, 335.5), (372.8, 356.0), (378.4, 370.9), (393.3, 372.8), (408.3, 372.8)]",0,0,4.88
novice,bomberman,0,Success,1,0,69.62,1.0,"[(48.0, 48.0), (62.9, 51.7), (77.9, 51.7), (92.8, 51.7), (107.7, 51.7), (115.2, 66.7), (115.2, 81.6), (115.2, 102.1), (122.7, 115.2), (137.6, 115.2), (158.1, 115.2), (174.9, 118.9), (180.5, 133.9), (180.5, 148.8), (180.5, 171.2), (193.6, 180.5), (208.5, 180.5), (230.9, 180.5), (244.0, 191.7), (244.0, 206.7), (244.0, 229.1), (251.5, 244.0), (266.4, 244.0), (286.9, 244.0), (301.9, 247.7), (307.5, 262.7), (307.5, 277.6), (307.5, 298.1), (320.5, 307.5), (335.5, 307.5), (356.0, 307.5), (370.9, 314.9), (372.8, 329.9), (372.8, 348.5), (372.8, 365.3), (387.7, 372.8), (402.7, 372.8), (417.6, 372.8)]",0,0,4.93
novice,bomberman,0,Success,1,0,69.62,1.0,"[(48.0, 48.0), (62.9, 51.7), (77.9, 51.7), (92.8, 51.7), (107.7, 51.7), (115.2, 66.7), (115.2, 81.6), (115.2, 102.1), (122.7, 115.2), (137.6, 115.2), (158.1, 115.2), (174.9, 118.9), (180.5, 133.9), (180.5, 148.8), (180.5, 171.2), (193.6, 180.5), (208.5, 180.5), (230.9, 180.5), (244.0, 191.7), (244.0, 206.7), (244.0, 229.1), (251.5, 244.0), (266.4, 244.0), (286.9, 244.0), (301.9, 247.7), (307.5, 262.7), (307.5, 277.6), (307.5, 298.1), (320.5, 307.5), (335.5, 307.5), (356.0, 307.5), (370.9, 314.9), (372.8, 329.9), (372.8, 348.5), (372.8, 365.3), (387.7, 372.8), (402.7, 372.8), (417.6, 372.8)]",0,0,4.93
novice,bomberman,0,Success,1,0,69.62,1.0,"[(48.0, 48.0), (62.9, 51.7), (77.9, 51.7), (92.8, 51.7), (107.7, 51.7), (115.2, 66.7), (115.2, 81.6), (115.2, 102.1), (122.7, 115.2), (137.6, 115.2), (158.1, 115.2), (174.9, 118.9), (180.5, 133.9), (180.5, 148.8), (180.5, 171.2), (193.6, 180.5), (208.5, 180.5), (230.9, 180.5), (244.0, 191.7), (244.0, 206.7), (244.0, 229.1), (251.5, 244.0), (266.4, 244.0), (286.9, 244.0), (301.9, 247.7), (307.5, 262.7), (307.5, 277.6), (307.5, 298.1), (320.5, 307.5), (335.5, 307.5), (356.0, 307.5), (370.9, 314.9), (372.8, 329.9), (372.8, 348.5), (372.8, 365.3), (387.7, 372.8), (402.7, 372.8), (417.6, 372.8)]",0,0,4.93
novice,bomberman,0,Bomb,3,0,7.7,0.136,"[(48.0, 48.0), (62.9, 51.7), (77.9, 51.7), (92.8, 51.7), (107.7, 51.7), (115.2, 62.9), (115.2, 62.9), (115.2, 66.7), (115.2, 66.7), (115.2, 62.9), (115.2, 66.7), (115.2, 66.7), (115.2, 62.9), (115.2, 66.7), (115.2, 66.7), (115.2, 62.9), (115.2, 66.7), (115.2, 66.7), (115.2, 62.9), (115.2, 66.7), (115.2, 66.7), (115.2, 62.9), (115.2, 66.7), (115.2, 66.7), (115.2, 62.9), (115.2, 66.7), (115.2, 66.7), (115.2, 62.9), (115.2, 66.7), (115.2, 66.7), (115.2, 62.9), (115.2, 66.7), (115.2, 66.7), (115.2, 62.9), (115.2, 66.7), (115.2, 66.7), (115.2, 62.9), (115.2, 66.7), (115.2, 66.7), (115.2, 68.5), (113.3, 68.5), (111.5, 68.5), (109.6, 68.5), (111.5, 66.7), (113.3, 64.8), (115.2, 62.9), (115.2, 64.8), (115.2, 66.7), (115.2, 68.5), (113.3, 68.5), (111.5, 68.5), (109.6, 68.5), (111.5, 66.7), (113.3, 64.8), (115.2, 62.9), (115.2, 64.8), (109.6, 62.9), (109.6, 62.9), (109.6, 62.9), (109.6, 62.9), (109.6, 62.9)]",0,0,8.0
novice,bomberman,0,Success,1,0,69.19,1.0,"[(48.0, 48.0), (62.9, 51.7), (77.9, 51.7), (98.4, 51.7), (113.3, 57.3), (115.2, 72.3), (115.2, 89.1), (115.2, 107.7), (128.3, 115.2), (143.2, 115.2), (165.6, 115.2), (180.5, 124.5), (180.5, 139.5), (180.5, 160.0), (184.3, 176.8), (199.2, 180.5), (217.9, 180.5), (236.5, 182.4), (244.0, 197.3), (244.0, 212.3), (244.0, 234.7), (257.1, 244.0), (272.0, 244.0), (292.5, 244.0), (307.5, 253.3), (307.5, 268.3), (307.5, 288.8), (311.2, 303.7), (326.1, 307.5), (342.9, 307.5), (361.6, 307.5), (372.8, 320.5), (372.8, 335.5), (372.8, 356.0), (378.4, 370.9), (393.3, 372.8), (408.3, 372.8)]",0,0,4.88
novice,bomberman,0,Success,1,0,69.62,1.0,"[(48.0, 48.0), (62.9, 51.7), (77.9, 44.3), (92.8, 44.3), (107.7, 51.7), (115.2, 66.7), (115.2, 81.6), (115.2, 102.1), (122.7, 115.2), (137.6, 115.2), (158.1, 115.2), (174.9, 118.9), (180.5, 133.9), (180.5, 148.8), (180.5, 171.2), (193.6, 180.5), (208.5, 180.5), (230.9, 180.5), (244.0, 191.7), (244.0, 206.7), (244.0, 229.1), (251.5, 244.0), (266.4, 244.0), (286.9, 244.0), (301.9, 247.7), (307.5, 262.7), (307.5, 277.6), (307.5, 298.1), (320.5, 307.5), (335.5, 307.5), (356.0, 307.5), (370.9, 314.9), (372.8, 329.9), (372.8, 348.5), (372.8, 365.3), (387.7, 372.8), (402.7, 372.8), (417.6, 372.8)]",0,0,4.93
novice,bomberman,0,Success,1,0,69.62,1.0,"[(48.0, 48.0), (62.9, 51.7), (77.9, 44.3), (92.8, 44.3), (107.7, 51.7), (115.2, 66.7), (115.2, 81.6), (115.2, 102.1), (122.7, 115.2), (137.6, 115.2), (158.1, 115.2), (174.9, 118.9), (180.5, 133.9), (180.5, 148.8), (180.5, 171.2), (193.6, 180.5), (208.5, 180.5), (230.9, 180.5), (244.0, 191.7), (244.0, 206.7), (244.0, 229.1), (251.5, 244.0), (266.4, 244.0), (286.9, 244.0), (301.9, 247.7), (307.5, 262.7), (307.5, 277.6), (307.5, 298.1), (320.5, 307.5), (335.5, 307.5), (356.0, 307.5), (370.9, 314.9), (372.8, 329.9), (372.8, 348.5), (372.8, 365.3), (387.7, 372.8), (402.7, 372.8), (417.6, 372.8)]",0,0,4.93
novice,bomberman,0,Success,1,0,69.48,1.0,"[(48.0, 48.0), (62.9, 51.7), (77.9, 51.7), (92.8, 51.7), (109.6, 53.6), (115.2, 68.5), (115.2, 83.5), (115.2, 104.0), (124.5, 115.2), (139.5, 115.2), (161.9, 115.2), (176.8, 120.8), (180.5, 135.7), (180.5, 152.5), (180.5, 173.1), (195.5, 180.5), (210.4, 180.5), (232.8, 180.5), (244.0, 193.6), (244.0, 208.5), (244.0, 230.9), (253.3, 244.0), (268.3, 244.0), (288.8, 244.0), (303.7, 249.6), (307.5, 264.5), (307.5, 281.3), (307.5, 300.0), (322.4, 307.5), (337.3, 307.5), (357.9, 307.5), (372.8, 316.8), (372.8, 331.7), (372.8, 352.3), (374.7, 367.2), (389.6, 372.8), (404.5, 372.8)]",0,0,4.92
novice,bomberman,0,Success,1,0,69.48,1.0,"[(48.0, 48.0), (62.9, 51.7), (77.9, 51.7), (92.8, 51.7), (109.6, 53.6), (115.2, 68.5), (115.2, 83.5), (115.2, 104.0), (124.5, 115.2), (139.5, 115.2), (161.9, 115.2), (176.8, 120.8), (180.5, 135.7), (180.5, 152.5), (180.5, 173.1), (195.5, 180.5), (210.4, 180.5), (232.8, 180.5), (244.0, 193.6), (244.0, 208.5), (244.0, 230.9), (253.3, 244.0), (268.3, 244.0), (288.8, 244.0), (303.7, 249.6), (307.5, 264.5), (307.5, 281.3), (307.5, 300.0), (322.4, 307.5), (337.3, 307.5), (357.9, 307.5), (372.8, 316.8), (372.8, 331.7), (372.8, 352.3), (374.7, 367.2), (389.6, 372.8), (404.5, 372.8)]",0,0,4.92
novice,bomberman,0,Success,1,0,69.62,1.0,"[(48.0, 48.0), (62.9, 51.7), (77.9, 44.3), (92.8, 44.3), (107.7, 51.7), (115.2, 66.7), (115.2, 81.6), (115.2, 102.1), (122.7, 115.2), (137.6, 115.2), (158.1, 115.2), (174.9, 118.9), (180.5, 133.9), (180.5, 148.8), (180.5, 171.2), (193.6, 180.5), (208.5, 180.5), (230.9, 180.5), (244.0, 191.7), (244.0, 206.7), (244.0, 229.1), (251.5, 244.0), (266.4, 244.0), (286.9, 244.0), (301.9, 247.7), (307.5, 262.7), (307.5, 277.6), (307.5, 298.1), (320.5, 307.5), (335.5, 307.5), (356.0, 307.5), (370.9, 314.9), (372.8, 329.9), (372.8, 348.5), (372.8, 365.3), (387.7, 372.8), (402.7, 372.8), (417.6, 372.8)]",0,0,4.93
novice,bomberman,0,Success,1,0,69.62,1.0,"[(48.0, 48.0), (62.9, 51.7), (77.9, 44.3), (92.8, 44.3), (107.7, 51.7), (115.2, 66.7), (115.2, 81.6), (115.2, 102.1), (122.7, 115.2), (137.6, 115.2), (158.1, 115.2), (174.9, 118.9), (180.5, 133.9), (180.5, 148.8), (180.5, 171.2), (193.6, 180.5), (208.5, 180.5), (230.9, 180.5), (244.0, 191.7), (244.0, 206.7), (244.0, 229.1), (251.5, 244.0), (266.4, 244.0), (286.9, 244.0), (301.9, 247.7), (307.5, 262.7), (307.5, 277.6), (307.5, 298.1), (320.5, 307.5), (335.5, 307.5), (356.0, 307.5), (370.9, 314.9), (372.8, 329.9), (372.8, 348.5), (372.8, 365.3), (387.7, 372.8), (402.7, 372.8), (417.6, 372.8)]",0,0,4.93
novice,bomberman,0,Success,1,0,69.62,1.0,"[(48.0, 48.0), (62.9, 51.7), (77.9, 51.7), (92.8, 51.7), (107.7, 51.7), (115.2, 66.7), (115.2, 81.6), (115.2, 102.1), (122.7, 115.2), (137.6, 115.2), (158.1, 115.2), (174.9, 118.9), (180.5, 133.9), (180.5, 148.8), (180.5, 171.2), (193.6, 180.5), (208.5, 180.5), (230.9, 180.5), (244.0, 191.7), (244.0, 206.7), (244.0, 229.1), (251.5, 244.0), (266.4, 244.0), (286.9, 244.0), (301.9, 247.7), (307.5, 262.7), (307.5, 277.6), (307.5, 298.1), (320.5, 307.5), (335.5, 307.5), (356.0, 307.5), (370.9, 314.9), (372.8, 329.9), (372.8, 348.5), (372.8, 365.3), (387.7, 372.8), (402.7, 372.8), (417.6, 372.8)]",0,0,4.93
novice,bomberman,0,Success,1,0,69.19,1.0,"[(48.0, 48.0), (62.9, 51.7), (77.9, 51.7), (98.4, 51.7), (113.3, 57.3), (115.2, 72.3), (115.2, 89.1), (115.2, 107.7), (128.3, 115.2), (143.2, 115.2), (165.6, 115.2), (180.5, 124.5), (180.5, 139.5), (180.5, 160.0), (184.3, 176.8), (199.2, 180.5), (217.9, 180.5), (236.5, 182.4), (244.0, 197.3), (244.0, 212.3), (244.0, 234.7), (257.1, 244.0), (272.0, 244.0), (292.5, 244.0), (307.5, 253.3), (307.5, 268.3), (307.5, 288.8), (311.2, 303.7), (326.1, 307.5), (342.9, 307.5), (361.6, 307.5), (372.8, 320.5), (372.8, 335.5), (372.8, 356.0), (378.4, 370.9), (393.3, 372.8), (408.3, 372.8)]",0,0,4.88
novice,bomberman,0,Success,1,0,69.62,1.0,"[(48.0, 48.0), (62.9, 51.7), (77.9, 51.7), (92.8, 51.7), (107.7, 51.7), (115.2, 66.7), (115.2, 81.6), (115.2, 102.1), (122.7, 115.2), (137.6, 115.2), (158.1, 115.2), (174.9, 118.9), (180.5, 133.9), (180.5, 148.8), (180.5, 171.2), (193.6, 180.5), (208.5, 180.5), (230.9, 180.5), (244.0, 191.7), (244.0, 206.7), (244.0, 229.1), (251.5, 244.0), (266.4, 244.0), (286.9, 244.0), (301.9, 247.7), (307.5, 262.7), (307.5, 277.6), (307.5, 298.1), (320.5, 307.5), (335.5, 307.5), (356.0, 307.5), (370.9, 314.9), (372.8, 329.9), (372.8, 348.5), (372.8, 365.3), (387.7, 372.8), (402.7, 372.8), (417.6, 372.8)]",0,0,4.93
novice,bomberman,0,Success,1,0,69.62,1.0,"[(48.0, 48.0), (62.9, 51.7), (77.9, 51.7), (92.8, 51.7), (107.7, 51.7), (115.2, 66.7), (115.2, 81.6), (115.2, 102.1), (122.7, 115.2), (137.6, 115.2), (158.1, 115.2), (174.9, 118.9), (180.5, 133.9), (180.5, 148.8), (180.5, 171.2), (193.6, 180.5), (208.5, 180.5), (230.9, 180.5), (244.0, 191.7), (244.0, 206.7), (244.0, 229.1), (251.5, 244.0), (266.4, 244.0), (286.9, 244.0), (301.9, 247.7), (307.5, 262.7), (307.5, 277.6), (307.5, 298.1), (320.5, 307.5), (335.5, 307.5), (356.0, 307.5), (370.9, 314.9), (372.8, 329.9), (372.8, 348.5), (372.8, 365.3), (387.7, 372.8), (402.7, 372.8), (417.6, 372.8)]",0,0,4.93
novice,bomberman,0,Success,1,0,69.62,1.0,"[(48.0, 48.0), (62.9, 51.7), (77.9, 51.7), (92.8, 51.7), (107.7, 51.7), (115.2, 66.7), (115.2, 81.6), (115.2, 102.1), (122.7, 115.2), (137.6, 115.2), (158.1, 115.2), (174.9, 118.9), (180.5, 133.9), (180.5, 148.8), (180.5, 171.2), (193.6, 180.5), (208.5, 180.5), (230.9, 180.5), (244.0, 191.7), (244.0, 206.7), (244.0, 229.1), (251.5, 244.0), (266.4, 244.0), (286.9, 244.0), (301.9, 247.7), (307.5, 262.7), (307.5, 277.6), (307.5, 298.1), (320.5, 307.5), (335.5, 307.5), (356.0, 307.5), (370.9, 314.9), (372.8, 329.9), (372.8, 348.5), (372.8, 365.3), (387.7, 372.8), (402.7, 372.8), (417.6, 372.8)]",0,0,4.93
novice,bomberman,0,Success,0,0,69.19,1.0,"[(48.0, 48.0), (62.9, 51.7), (77.9, 51.7), (98.4, 51.7), (113.3, 57.3), (115.2, 72.3), (115.2, 89.1), (115.2, 107.7), (128.3, 115.2), (143.2, 115.2), (165.6, 115.2), (180.5, 124.5), (180.5, 139.5), (180.5, 160.0), (184.3, 176.8), (199.2, 180.5), (217.9, 180.5), (236.5, 182.4), (244.0, 197.3), (244.0, 212.3), (244.0, 234.7), (257.1, 244.0), (272.0, 244.0), (292.5, 244.0), (307.5, 253.3), (307.5, 268.3), (307.5, 288.8), (311.2, 303.7), (326.1, 307.5), (342.9, 307.5), (361.6, 307.5), (372.8, 320.5), (372.8, 335.5), (372.8, 356.0), (378.4, 370.9), (393.3, 372.8), (408.3, 372.8)]",0,0,4.88
novice,bomberman,0,Success,1,0,69.62,1.0,"[(48.0, 48.0), (62.9, 51.7), (77.9, 51.7), (92.8, 51.7), (107.7, 51.7), (115.2, 66.7), (115.2, 81.6), (115.2, 102.1), (122.7, 115.2), (137.6, 115.2), (158.1, 115.2), (174.9, 118.9), (180.5, 133.9), (180.5, 148.8), (180.5, 171.2), (193.6, 180.5), (208.5, 180.5), (230.9, 180.5), (244.0, 191.7), (244.0, 206.7), (244.0, 229.1), (251.5, 244.0), (266.4, 244.0), (286.9, 244.0), (301.9, 247.7), (307.5, 262.7), (307.5, 277.6), (307.5, 298.1), (320.5, 307.5), (335.5, 307.5), (356.0, 307.5), (370.9, 314.9), (372.8, 329.9), (372.8, 348.5), (372.8, 365.3), (387.7, 372.8), (402.7, 372.8), (417.6, 372.8)]",0,0,4.93
