persona,game,world,cause_of_death,jump_count,coins_collected,avg_vx,progress_ratio,route,enemies_killed,bricks_destroyed,elapsed_time
novice,bomberman,2,Stuck,0,0,0.0,0.0,"[(48.0, 48.0), (48.0, 44.3), (48.0, 44.3), (48.0, 44.3), (48.0, 44.3), (48.0, 44.3), (48.0, 44.3), (48.0, 44.3), (48.0, 44.3), (48.0, 44.3), (48.0, 44.3), (48.0, 44.3), (48.0, 44.3), (48.0, 44.3), (48.0, 44.3), (48.0, 44.3), (48.0, 44.3), (48.0, 44.3), (48.0, 44.3), (48.0, 44.3), (48.0, 44.3), (48.0, 44.3), (48.0, 44.3), (48.0, 44.3), (48.0, 44.3), (48.0, 44.3), (48.0, 44.3), (48.0, 44.3), (48.0, 44.3), (48.0, 44.3), (48.0, 44.3), (48.0, 44.3), (48.0, 44.3), (48.0, 44.3), (48.0, 44.3), (48.0, 44.3), (48.0, 44.3), (48.0, 44.3)]",0,0,5.0
novice,bomberman,2,Stuck,2,0,-0.39,0.185,"[(48.0, 48.0), (44.3, 62.9), (44.3, 77.9), (44.3, 92.8), (44.3, 107.7), (44.3, 122.7), (44.3, 137.6), (44.3, 152.5), (44.3, 167.5), (44.3, 182.4), (44.3, 193.6), (44.3, 193.6), (44.3, 193.6), (44.3, 193.6), (44.3, 193.6), (44.3, 193.6), (44.3, 193.6), (44.3, 193.6), (44.3, 193.6), (44.3, 193.6), (44.3, 193.6), (44.3, 193.6), (44.3, 193.6), (44.3, 193.6), (44.3, 193.6), (44.3, 193.6), (44.3, 193.6), (44.3, 193.6), (44.3, 193.6), (44.3, 193.6), (44.3, 193.6), (44.3, 193.6), (44.3, 193.6), (44.3, 193.6), (44.3, 193.6), (44.3, 193.6), (44.3, 193.6), (44.3, 193.6), (44.3, 193.6), (44.3, 193.6), (44.3, 193.6), (44.3, 193.6), (44.3, 193.6), (44.3, 193.6), (44.3, 193.6), (44.3, 193.6), (44.3, 193.6), (44.3, 193.6), (44.3, 193.6), (44.3, 193.6), (44.3, 193.6), (44.3, 193.6), (44.3, 193.6), (44.3, 193.6), (44.3, 193.6), (44.3, 193.6), (44.3, 193.6), (44.3, 193.6), (44.3, 193.6), (44.3, 193.6), (44.3, 193.6), (44.3, 193.6), (44.3, 193.6), (44.3, 193.6), (44.3, 193.6), (44.3, 193.6), (44.3, 193.6), (44.3, 193.6), (44.3, 193.6), (44.3, 193.6), (44.3, 193.6), (44.3, 193.6)]",0,0,9.47
novice,bomberman,2,Bomb,1,0,7.7,0.111,"[(48.0, 48.0), (62.9, 44.3), (77.9, 51.7), (98.4, 51.7), (113.3, 57.3), (115.2, 59.2), (115.2, 59.2), (115.2, 61.1), (115.2, 61.1), (115.2, 62.9), (115.2, 62.9), (115.2, 64.8), (115.2, 64.8), (115.2, 66.7), (115.2, 61.1), (115.2, 68.5), (115.2, 59.2), (115.2, 64.8), (115.2, 57.3), (115.2, 61.1), (115.2, 59.2), (115.2, 59.2), (115.2, 61.1), (115.2, 61.1), (115.2, 62.9), (115.2, 62.9), (115.2, 64.8), (115.2, 64.8), (115.2, 66.7), (115.2, 61.1), (115.2, 68.5), (115.2, 59.2), (115.2, 64.8), (115.2, 57.3), (115.2, 61.1), (115.2, 59.2), (115.2, 59.2), (115.2, 61.1), (115.2, 61.1), (115.2, 62.9), (115.2, 62.9), (115.2, 64.8), (115.2, 64.8), (115.2, 66.7), (115.2, 61.1), (115.2, 68.5), (115.2, 59.2), (115.2, 64.8), (115.2, 57.3), (115.2, 61.1), (115.2, 59.2), (115.2, 59.2), (115.2, 61.1), (115.2, 61.1), (115.2, 62.9), (115.2, 62.9), (115.2, 64.8), (115.2, 64.8), (115.2, 66.7), (115.2, 61.1), (115.2, 68.5)]",0,0,8.0
novice,bomberman,2,Stuck,0,0,3.26,0.037,"[(48.0, 48.0), (62.9, 48.0), (61.1, 48.0), (59.2, 48.0), (61.1, 48.0), (62.9, 48.0), (64.8, 48.0), (64.8, 48.0), (64.8, 48.0), (64.8, 48.0), (62.9, 48.0), (61.1, 48.0), (59.2, 48.0), (61.1, 48.0), (62.9, 48.0), (64.8, 48.0), (64.8, 48.0), (64.8, 48.0), (64.8, 48.0), (62.9, 48.0), (61.1, 48.0), (59.2, 48.0), (61.1, 48.0), (62.9, 48.0), (64.8, 48.0), (64.8, 48.0), (64.8, 48.0), (64.8, 48.0), (62.9, 48.0), (61.1, 48.0), (59.2, 48.0), (61.1, 48.0), (62.9, 48.0), (64.8, 48.0), (64.8, 48.0), (64.8, 48.0), (64.8, 48.0), (62.9, 48.0), (61.1, 48.0)]",0,0,5.15
novice,bomberman,2,Bomb,1,0,7.7,0.111,"[(48.0, 48.0), (62.9, 48.0), (77.9, 51.7), (98.4, 51.7), (113.3, 57.3), (115.2, 64.8), (115.2, 68.5), (115.2, 64.8), (115.2, 64.8), (115.2, 68.5), (115.2, 64.8), (115.2, 64.8), (115.2, 68.5), (115.2, 64.8), (115.2, 64.8), (115.2, 68.5), (115.2, 64.8), (115.2, 64.8), (115.2, 68.5), (115.2, 64.8), (115.2, 64.8), (115.2, 68.5), (115.2, 64.8), (115.2, 64.8), (115.2, 68.5), (115.2, 64.8), (115.2, 64.8), (115.2, 68.5), (115.2, 64.8), (115.2, 64.8), (115.2, 68.5), (115.2, 64.8), (115.2, 64.8), (115.2, 68.5), (115.2, 64.8), (115.2, 64.8), (115.2, 68.5), (115.2, 64.8), (115.2, 64.8), (115.2, 68.5), (115.2, 64.8), (115.2, 64.8), (115.2, 68.5), (115.2, 64.8), (115.2, 64.8), (115.2, 68.5), (115.2, 64.8), (115.2, 64.8), (115.2, 68.5), (115.2, 64.8), (115.2, 64.8), (115.2, 68.5), (115.2, 64.8), (115.2, 64.8), (115.2, 68.5), (115.2, 64.8), (115.2, 64.8), (115.2, 68.5), (115.2, 64.8), (115.2, 64.8), (115.2, 68.5)]",0,0,8.0
novice,bomberman,2,Stuck,0,0,0.72,0.037,"[(48.0, 48.0), (48.0, 62.9), (51.7, 66.7), (51.7, 62.9), (51.7, 66.7), (51.7, 66.7), (51.7, 62.9), (51.7, 66.7), (51.7, 66.7), (51.7, 62.9), (51.7, 66.7), (51.7, 66.7), (51.7, 62.9), (51.7, 66.7), (51.7, 66.7), (51.7, 62.9), (51.7, 66.7), (51.7, 66.7), (51.7, 62.9), (51.7, 66.7), (51.7, 66.7), (51.7, 62.9), (51.7, 66.7), (51.7, 66.7), (51.7, 62.9), (51.7, 66.7), (51.7, 66.7), (51.7, 62.9), (51.7, 66.7), (51.7, 66.7), (51.7, 62.9), (51.7, 66.7), (51.7, 66.7), (51.7, 62.9), (51.7, 66.7), (51.7, 66.7), (51.7, 62.9), (51.7, 66.7), (51.7, 66.7)]",0,0,5.15
novice,bomberman,2,Stuck,0,0,0.0,0.0,"[(48.0, 48.0), (48.0, 48.0), (48.0, 48.0), (48.0, 48.0), (48.0, 48.0), (48.0, 48.0), (48.0, 48.0), (48.0, 48.0), (48.0, 48.0), (48.0, 48.0), (48.0, 48.0), (48.0, 48.0), (48.0, 48.0), (48.0, 48.0), (48.0, 48.0), (48.0, 48.0), (48.0, 48.0), (48.0, 48.0), (48.0, 48.0), (48.0, 48.0), (48.0, 48.0), (48.0, 48.0), (48.0, 48.0), (48.0, 48.0), (48.0, 48.0), (48.0, 48.0), (48.0, 48.0), (48.0, 48.0), (48.0, 48.0), (48.0, 48.0), (48.0, 48.0), (48.0, 48.0), (48.0, 48.0), (48.0, 48.0), (48.0, 48.0), (48.0, 48.0), (48.0, 48.0), (48.0, 48.0)]",0,0,5.0
novice,bomberman,2,Stuck,0,0,25.68,0.296,"[(48.0, 48.0), (62.9, 51.7), (77.9, 51.7), (98.4, 51.7), (113.3, 44.3), (128.3, 44.3), (143.2, 51.7), (165.6, 48.0), (180.5, 44.3), (195.5, 44.3), (210.4, 51.7), (232.8, 51.7), (244.0, 64.8), (244.0, 79.7), (244.0, 96.5), (244.0, 94.7), (244.0, 92.8), (244.0, 98.4), (244.0, 90.9), (244.0, 100.3), (244.0, 94.7), (244.0, 102.1), (244.0, 98.4), (244.0, 100.3), (244.0, 100.3), (244.0, 98.4), (244.0, 98.4), (244.0, 96.5), (244.0, 96.5), (244.0, 94.7), (244.0, 94.7), (244.0, 92.8), (244.0, 98.4), (244.0, 90.9), (244.0, 100.3), (244.0, 94.7), (244.0, 102.1), (244.0, 98.4), (244.0, 100.3), (244.0, 100.3), (244.0, 98.4), (244.0, 98.4), (244.0, 96.5), (244.0, 96.5), (244.0, 94.7), (244.0, 94.7), (244.0, 92.8), (244.0, 98.4), (244.0, 90.9), (244.0, 100.3), (244.0, 94.7), (244.0, 102.1)]",0,0,6.83
novice,bomberman,2,Bomb,1,0,-0.93,0.037,"[(48.0, 48.0), (48.0, 53.6), (46.1, 64.8), (44.3, 61.1), (44.3, 64.8), (44.3, 64.8), (44.3, 61.1), (44.3, 64.8), (44.3, 64.8), (44.3, 61.1), (44.3, 64.8), (44.3, 64.8), (44.3, 61.1), (44.3, 64.8), (44.3, 64.8), (44.3, 61.1), (44.3, 64.8), (44.3, 64.8), (44.3, 61.1), (44.3, 64.8), (44.3, 64.8), (44.3, 61.1), (44.3, 64.8), (44.3, 64.8), (44.3, 61.1), (44.3, 64.8), (44.3, 64.8), (44.3, 49.9), (44.3, 44.3), (44.3, 44.3), (44.3, 44.3)]",0,0,4.0
novice,bomberman,2,Bomb,8,0,8.4,0.111,"[(48.0, 48.0), (62.9, 51.7), (77.9, 51.7), (92.8, 51.7), (107.7, 51.7), (115.2, 64.8), (115.2, 64.8), (115.2, 64.8), (115.2, 64.8), (115.2, 64.8), (115.2, 64.8), (115.2, 64.8), (115.2, 64.8), (115.2, 64.8), (115.2, 64.8), (115.2, 64.8), (115.2, 64.8), (115.2, 64.8), (115.2, 64.8), (115.2, 64.8), (115.2, 64.8), (115.2, 64.8), (115.2, 64.8), (115.2, 64.8), (115.2, 64.8), (115.2, 64.8), (115.2, 64.8), (115.2, 68.5), (115.2, 64.8), (115.2, 64.8), (115.2, 68.5), (115.2, 68.5), (115.2, 68.5), (115.2, 68.5), (115.2, 68.5), (115.2, 68.5), (115.2, 68.5), (115.2, 68.5), (115.2, 68.5), (115.2, 68.5), (115.2, 68.5), (115.2, 68.5), (115.2, 68.5), (115.2, 68.5), (115.2, 68.5), (115.2, 68.5), (115.2, 68.5), (115.2, 68.5), (115.2, 68.5), (115.2, 68.5), (115.2, 68.5), (115.2, 68.5), (115.2, 68.5), (115.2, 68.5), (115.2, 68.5), (115.2, 68.5), (115.2, 68.5), (115.2, 68.5), (115.2, 68.5), (115.2, 68.5), (115.2, 68.5)]",0,0,8.0
novice,bomberman,2,Stuck,0,0,25.68,0.296,"[(48.0, 48.0), (62.9, 51.7), (77.9, 51.7), (98.4, 51.7), (113.3, 44.3), (128.3, 44.3), (143.2, 51.7), (165.6, 48.0), (180.5, 44.3), (195.5, 44.3), (210.4, 51.7), (232.8, 51.7), (244.0, 64.8), (244.0, 79.7), (244.0, 96.5), (244.0, 94.7), (244.0, 92.8), (244.0, 98.4), (244.0, 90.9), (244.0, 100.3), (244.0, 94.7), (244.0, 102.1), (244.0, 98.4), (244.0, 100.3), (244.0, 100.3), (244.0, 98.4), (244.0, 98.4), (244.0, 96.5), (244.0, 96.5), (244.0, 94.7), (244.0, 94.7), (244.0, 92.8), (244.0, 98.4), (244.0, 90.9), (244.0, 100.3), (244.0, 94.7), (244.0, 102.1), (244.0, 98.4), (244.0, 100.3), (244.0, 100.3), (244.0, 98.4), (244.0, 98.4), (244.0, 96.5), (244.0, 96.5), (244.0, 94.7), (244.0, 94.7), (244.0, 92.8), (244.0, 98.4), (244.0, 90.9), (244.0, 100.3), (244.0, 94.7), (244.0, 102.1)]",0,0,6.83
novice,bomberman,2,Stuck,2,0,-0.39,0.185,"[(48.0, 48.0), (44.3, 62.9), (44.3, 77.9), (44.3, 92.8), (44.3, 107.7), (44.3, 122.7), (44.3, 137.6), (44.3, 152.5), (44.3, 167.5), (44.3, 182.4), (44.3, 193.6), (44.3, 193.6), (44.3, 193.6), (44.3, 193.6), (44.3, 193.6), (44.3, 193.6), (44.3, 193.6), (44.3, 193.6), (44.3, 193.6), (44.3, 193.6), (44.3, 193.6), (44.3, 193.6), (44.3, 193.6), (44.3, 193.6), (44.3, 193.6), (44.3, 193.6), (44.3, 193.6), (44.3, 193.6), (44.3, 193.6), (44.3, 193.6), (44.3, 193.6), (44.3, 193.6), (44.3, 193.6), (44.3, 193.6), (44.3, 193.6), (44.3, 193.6), (44.3, 193.6), (44.3, 193.6), (44.3, 193.6), (44.3, 193.6), (44.3, 193.6), (44.3, 193.6), (44.3, 193.6), (44.3, 193.6), (44.3, 193.6), (44.3, 193.6), (44.3, 193.6), (44.3, 193.6), (44.3, 193.6), (44.3, 193.6), (44.3, 193.6), (44.3, 193.6), (44.3, 193.6), (44.3, 193.6), (44.3, 193.6), (44.3, 193.6), (44.3, 193.6), (44.3, 193.6), (44.3, 193.6), (44.3, 193.6), (44.3, 193.6), (44.3, 193.6), (44.3, 193.6), (44.3, 193.6), (44.3, 193.6), (44.3, 193.6), (44.3, 193.6), (44.3, 193.6), (44.3, 193.6), (44.3, 193.6), (44.3, 193.6), (44.3, 193.6)]",0,0,9.47
novice,bomberman,2,Bomb,8,0,8.4,0.111,"[(48.0, 48.0), (62.9, 51.7), (77.9, 51.7), (92.8, 51.7), (107.7, 51.7), (115.2, 64.8), (115.2, 64.8), (115.2, 64.8), (115.2, 64.8), (115.2, 64.8), (115.2, 64.8), (115.2, 64.8), (115.2, 64.8), (115.2, 64.8), (115.2, 64.8), (115.2, 64.8), (115.2, 64.8), (115.2, 64.8), (115.2, 64.8), (115.2, 64.8), (115.2, 64.8), (115.2, 64.8), (115.2, 64.8), (115.2, 64.8), (115.2, 64.8), (115.2, 64.8), (115.2, 64.8), (115.2, 68.5), (115.2, 64.8), (115.2, 64.8), (115.2, 68.5), (115.2, 68.5), (115.2, 68.5), (115.2, 68.5), (115.2, 68.5), (115.2, 68.5), (115.2, 68.5), (115.2, 68.5), (115.2, 68.5), (115.2, 68.5), (115.2, 68.5), (115.2, 68.5), (115.2, 68.5), (115.2, 68.5), (115.2, 68.5), (115.2, 68.5), (115.2, 68.5), (115.2, 68.5), (115.2, 68.5), (115.2, 68.5), (115.2, 68.5), (115.2, 68.5), (115.2, 68.5), (115.2, 68.5), (115.2, 68.5), (115.2, 68.5), (115.2, 68.5), (115.2, 68.5), (115.2, 68.5), (115.2, 68.5), (115.2, 68.5)]",0,0,8.0
novice,bomberman,2,Bomb,1,0,7.7,0.111,"[(48.0, 48.0), (62.9, 48.0), (77.9, 51.7), (98.4, 51.7), (113.3, 57.3), (115.2, 64.8), (115.2, 68.5), (115.2, 64.8), (115.2, 64.8), (115.2, 68.5), (115.2, 64.8), (115.2, 64.8), (115.2, 68.5), (115.2, 64.8), (115.2, 64.8), (115.2, 68.5), (115.2, 64.8), (115.2, 64.8), (115.2, 68.5), (115.2, 64.8), (115.2, 64.8), (115.2, 68.5), (115.2, 64.8), (115.2, 64.8), (115.2, 68.5), (115.2, 64.8), (115.2, 64.8), (115.2, 68.5), (115.2, 64.8), (115.2, 64.8), (115.2, 68.5), (115.2, 64.8), (115.2, 64.8), (115.2, 68.5), (115.2, 64.8), (115.2, 64.8), (115.2, 68.5), (115.2, 64.8), (115.2, 64.8), (115.2, 68.5), (115.2, 64.8), (115.2, 64.8), (115.2, 68.5), (115.2, 64.8), (115.2, 64.8), (115.2, 68.5), (115.2, 64.8), (115.2, 64.8), (115.2, 68.5), (115.2, 64.8), (115.2, 64.8), (115.2, 68.5), (115.2, 64.8), (115.2, 64.8), (115.2, 68.5), (115.2, 64.8), (115.2, 64.8), (115.2, 68.5), (115.2, 64.8), (115.2, 64.8), (115.2, 68.5)]",0,0,8.0
novice,bomberman,2,Stuck,0,0,25.68,0.296,"[(48.0, 48.0), (62.9, 51.7), (77.9, 51.7), (98.4, 51.7), (113.3, 44.3), (128.3, 44.3), (143.2, 51.7), (165.6, 48.0), (180.5, 44.3), (195.5, 44.3), (210.4, 51.7), (232.8, 51.7), (244.0, 64.8), (244.0, 79.7), (244.0, 96.5), (244.0, 94.7), (244.0, 92.8), (244.0, 98.4), (244.0, 90.9), (244.0, 100.3), (244.0, 94.7), (244.0, 102.1), (244.0, 98.4), (244.0, 100.3), (244.0, 100.3), (244.0, 98.4), (244.0, 98.4), (244.0, 96.5), (244.0, 96.5), (244.0, 94.7), (244.0, 94.7), (244.0, 92.8), (244.0, 98.4), (244.0, 90.9), (244.0, 100.3), (244.0, 94.7), (244.0, 102.1), (244.0, 98.4), (244.0, 100.3), (244.0, 100.3), (244.0, 98.4), (244.0, 98.4), (244.0, 96.5), (244.0, 96.5), (244.0, 94.7), (244.0, 94.7), (244.0, 92.8), (244.0, 98.4), (244.0, 90.9), (244.0, 100.3), (244.0, 94.7), (244.0, 102.1)]",0,0,6.83
novice,bomberman,2,Bomb,13,0,9.64,0.185,"[(48.0, 48.0), (62.9, 51.7), (77.9, 51.7), (92.8, 51.7), (107.7, 51.7), (115.2, 62.9), (115.2, 62.9), (115.2, 66.7), (115.2, 66.7), (115.2, 62.9), (115.2, 66.7), (115.2, 66.7), (115.2, 62.9), (115.2, 66.7), (115.2, 66.7), (115.2, 62.9), (115.2, 66.7), (115.2, 66.7), (115.2, 62.9), (115.2, 66.7), (115.2, 66.7), (115.2, 62.9), (115.2, 66.7), (115.2, 66.7), (115.2, 62.9), (115.2, 66.7), (115.2, 66.7), (115.2, 62.9), (115.2, 66.7), (115.2, 66.7), (115.2, 62.9), (115.2, 66.7), (115.2, 66.7), (115.2, 62.9), (115.2, 66.7), (115.2, 68.5), (115.2, 68.5), (115.2, 68.5), (115.2, 68.5), (115.2, 68.5), (115.2, 68.5), (115.2, 68.5), (115.2, 68.5), (115.2, 68.5), (115.2, 68.5), (115.2, 68.5), (115.2, 68.5), (115.2, 68.5), (115.2, 68.5), (115.2, 68.5), (115.2, 68.5), (115.2, 68.5), (115.2, 68.5), (115.2, 68.5), (115.2, 68.5), (115.2, 68.5), (115.2, 68.5), (115.2, 74.1), (115.2, 89.1), (115.2, 104.0), (124.5, 115.2), (126.4, 109.6)]",0,0,8.13
novice,bomberman,2,Bomb,40,0,4.56,0.222,"[(48.0, 48.0), (44.3, 57.3), (44.3, 72.3), (44.3, 87.2), (44.3, 98.4), (44.3, 98.4), (44.3, 98.4), (44.3, 98.4), (44.3, 98.4), (44.3, 98.4), (44.3, 98.4), (44.3, 98.4), (44.3, 98.4), (44.3, 98.4), (44.3, 98.4), (44.3, 98.4), (44.3, 98.4), (44.3, 98.4), (44.3, 98.4), (44.3, 98.4), (44.3, 98.4), (44.3, 98.4), (44.3, 98.4), (44.3, 98.4), (44.3, 98.4), (44.3, 98.4), (44.3, 98.4), (44.3, 109.6), (44.3, 124.5), (44.3, 132.0), (44.3, 132.0), (44.3, 132.0), (44.3, 132.0), (44.3, 132.0), (44.3, 135.7), (44.3, 150.7), (44.3, 165.6), (59.2, 180.5), (74.1, 180.5), (94.7, 180.5), (98.4, 180.5), (98.4, 180.5), (94.7, 180.5), (98.4, 180.5), (98.4, 180.5), (94.7, 180.5), (98.4, 180.5), (98.4, 180.5), (94.7, 180.5), (98.4, 180.5), (98.4, 180.5), (94.7, 180.5), (98.4, 180.5), (98.4, 180.5), (94.7, 180.5), (98.4, 180.5), (98.4, 180.5), (94.7, 180.5), (98.4, 180.5), (98.4, 180.5), (94.7, 180.5), (98.4, 180.5), (98.4, 180.5), (94.7, 180.5), (98.4, 180.5), (98.4, 180.5), (94.7, 180.5), (98.4, 180.5)]",0,0,9.0
novice,bomberman,2,Bomb,1,0,0.47,0.037,"[(48.0, 48.0), (44.3, 53.6), (46.1, 64.8), (49.9, 61.1), (46.1, 64.8), (46.1, 64.8), (49.9, 61.1), (46.1, 64.8), (46.1, 64.8), (49.9, 61.1), (46.1, 64.8), (46.1, 64.8), (49.9, 61.1), (46.1, 64.8), (46.1, 64.8), (49.9, 61.1), (46.1, 64.8), (46.1, 64.8), (49.9, 61.1), (46.1, 64.8), (46.1, 64.8), (49.9, 61.1), (46.1, 64.8), (46.1, 64.8), (49.9, 61.1), (46.1, 64.8), (46.1, 64.8), (49.9, 61.1), (46.1, 64.8), (46.1, 64.8), (49.9, 61.1)]",0,0,4.0
novice,bomberman,2,Bomb,1,0,46.9,0.37,"[(48.0, 48.0), (62.9, 51.7), (77.9, 51.7), (98.4, 51.7), (113.3, 44.3), (128.3, 44.3), (143.2, 44.3), (158.1, 44.3), (173.1, 44.3), (188.0, 44.3), (202.9, 44.3), (217.9, 44.3), (232.8, 44.3), (247.7, 44.3), (262.7, 44.3), (277.6, 44.3), (292.5, 44.3), (307.5, 44.3), (322.4, 44.3), (337.3, 44.3), (352.3, 44.3), (367.2, 44.3), (382.1, 44.3), (397.1, 51.7), (419.5, 51.7), (434.4, 44.3), (436.3, 44.3), (436.3, 44.3), (436.3, 44.3), (436.3, 44.3), (436.3, 44.3), (436.3, 44.3), (436.3, 44.3), (436.3, 44.3), (436.3, 44.3), (436.3, 44.3), (436.3, 44.3), (436.3, 44.3), (436.3, 44.3), (436.3, 44.3), (436.3, 44.3), (436.3, 44.3), (436.3, 44.3), (436.3, 44.3), (436.3, 44.3), (436.3, 44.3), (436.3, 44.3), (436.3, 44.3), (436.3, 44.3), (436.3, 44.3), (436.3, 44.3), (436.3, 44.3), (436.3, 44.3), (436.3, 44.3), (436.3, 44.3), (436.3, 44.3), (436.3, 44.3), (436.3, 44.3), (436.3, 44.3), (436.3, 44.3), (436.3, 44.3)]",0,0,8.0
novice,bomberman,2,Bomb,6,0,48.53,0.37,"[(48.0, 48.0), (62.9, 48.0), (77.9, 48.0), (92.8, 48.0), (107.7, 48.0), (122.7, 48.0), (137.6, 48.0), (152.5, 48.0), (167.5, 48.0), (182.4, 48.0), (197.3, 48.0), (212.3, 48.0), (227.2, 48.0), (242.1, 48.0), (257.1, 48.0), (272.0, 48.0), (286.9, 48.0), (301.9, 48.0), (316.8, 48.0), (331.7, 48.0), (346.7, 48.0), (361.6, 48.0), (376.5, 48.0), (391.5, 48.0), (406.4, 48.0), (417.6, 51.7), (417.6, 51.7), (417.6, 51.7), (417.6, 51.7), (417.6, 51.7), (417.6, 51.7), (417.6, 51.7), (417.6, 51.7), (417.6, 51.7), (417.6, 51.7), (417.6, 51.7), (417.6, 51.7), (417.6, 51.7), (417.6, 51.7), (417.6, 51.7), (417.6, 51.7), (417.6, 51.7), (417.6, 51.7), (417.6, 51.7), (417.6, 51.7), (417.6, 51.7), (417.6, 51.7), (417.6, 51.7), (417.6, 51.7), (417.6, 51.7), (417.6, 51.7), (417.6, 51.7), (417.6, 51.7), (417.6, 51.7), (417.6, 51.7), (417.6, 51.7), (417.6, 51.7), (428.8, 51.7), (436.3, 51.7), (436.3, 51.7), (436.3, 51.7)]",0,0,8.0
novice,bomberman,2,Bomb,6,0,48.53,0.37,"[(48.0, 48.0), (62.9, 48.0), (77.9, 48.0), (92.8, 48.0), (107.7, 48.0), (122.7, 48.0), (137.6, 48.0), (152.5, 48.0), (167.5, 48.0), (182.4, 48.0), (197.3, 48.0), (212.3, 48.0), (227.2, 48.0), (242.1, 48.0), (257.1, 48.0), (272.0, 48.0), (286.9, 48.0), (301.9, 48.0), (316.8, 48.0), (331.7, 48.0), (346.7, 48.0), (361.6, 48.0), (376.5, 48.0), (391.5, 48.0), (406.4, 48.0), (417.6, 51.7), (417.6, 51.7), (417.6, 51.7), (417.6, 51.7), (417.6, 51.7), (417.6, 51.7), (417.6, 51.7), (417.6, 51.7), (417.6, 51.7), (417.6, 51.7), (417.6, 51.7), (417.6, 51.7), (417.6, 51.7), (417.6, 51.7), (417.6, 51.7), (417.6, 51.7), (417.6, 51.7), (417.6, 51.7), (417.6, 51.7), (417.6, 51.7), (417.6, 51.7), (417.6, 51.7), (417.6, 51.7), (417.6, 51.7), (417.6, 51.7), (417.6, 51.7), (417.6, 51.7), (417.6, 51.7), (417.6, 51.7), (417.6, 51.7), (417.6, 51.7), (417.6, 51.7), (428.8, 51.7), (436.3, 51.7), (436.3, 51.7), (436.3, 51.7)]",0,0,8.0
novice,bomberman,2,Bomb,1,0,46.9,0.37,"[(48.0, 48.0), (62.9, 51.7), (77.9, 51.7), (98.4, 51.7), (113.3, 44.3), (128.3, 44.3), (143.2, 44.3), (158.1, 44.3), (173.1, 44.3), (188.0, 44.3), (202.9, 44.3), (217.9, 44.3), (232.8, 44.3), (247.7, 44.3), (262.7, 44.3), (277.6, 44.3), (292.5, 44.3), (307.5, 44.3), (322.4, 44.3), (337.3, 44.3), (352.3, 44.3), (367.2, 44.3), (382.1, 44.3), (397.1, 51.7), (419.5, 51.7), (434.4, 44.3), (436.3, 44.3), (436.3, 44.3), (436.3, 44.3), (436.3, 44.3), (436.3, 44.3), (436.3, 44.3), (436.3, 44.3), (436.3, 44.3), (436.3, 44.3), (436.3, 44.3), (436.3, 44.3), (436.3, 44.3), (436.3, 44.3), (436.3, 44.3), (436.3, 44.3), (436.3, 44.3), (436.3, 44.3), (436.3, 44.3), (436.3, 44.3), (436.3, 44.3), (436.3, 44.3), (436.3, 44.3), (436.3, 44.3), (436.3, 44.3), (436.3, 44.3), (436.3, 44.3), (436.3, 44.3), (436.3, 44.3), (436.3, 44.3), (436.3, 44.3), (436.3, 44.3), (436.3, 44.3), (436.3, 44.3), (436.3, 44.3), (436.3, 44.3)]",0,0,8.0
novice,bomberman,2,Stuck,0,0,25.68,0.296,"[(48.0, 48.0), (62.9, 51.7), (77.9, 51.7), (98.4, 51.7), (113.3, 44.3), (128.3, 44.3), (143.2, 51.7), (165.6, 48.0), (180.5, 44.3), (195.5, 44.3), (210.4, 51.7), (232.8, 51.7), (244.0, 64.8), (244.0, 79.7), (244.0, 96.5), (244.0, 94.7), (244.0, 92.8), (244.0, 98.4), (244.0, 90.9), (244.0, 100.3), (244.0, 94.7), (244.0, 102.1), (244.0, 98.4), (244.0, 100.3), (244.0, 100.3), (244.0, 98.4), (244.0, 98.4), (244.0, 96.5), (244.0, 96.5), (244.0, 94.7), (244.0, 94.7), (244.0, 92.8), (244.0, 98.4), (244.0, 90.9), (244.0, 100.3), (244.0, 94.7), (244.0, 102.1), (244.0, 98.4), (244.0, 100.3), (244.0, 100.3), (244.0, 98.4), (244.0, 98.4), (244.0, 96.5), (244.0, 96.5), (244.0, 94.7), (244.0, 94.7), (244.0, 92.8), (244.0, 98.4), (244.0, 90.9), (244.0, 100.3), (244.0, 94.7), (244.0, 102.1)]",0,0,6.83
novice,bomberman,2,Stuck,0,0,25.68,0.296,"[(48.0, 48.0), (62.9, 51.7), (77.9, 51.7), (98.4, 51.7), (113.3, 44.3), (128.3, 44.3), (143.2, 51.7), (165.6, 48.0), (180.5, 44.3), (195.5, 44.3), (210.4, 51.7), (232.8, 51.7), (244.0, 64.8), (244.0, 79.7), (244.0, 96.5), (244.0, 94.7), (244.0, 92.8), (244.0, 98.4), (244.0, 90.9), (244.0, 100.3), (244.0, 94.7), (244.0, 102.1), (244.0, 98.4), (244.0, 100.3), (244.0, 100.3), (244.0, 98.4), (244.0, 98.4), (244.0, 96.5), (244.0, 96.5), (244.0, 94.7), (244.0, 94.7), (244.0, 92.8), (244.0, 98.4), (244.0, 90.9), (244.0, 100.3), (244.0, 94.7), (244.0, 102.1), (244.0, 98.4), (244.0, 100.3), (244.0, 100.3), (244.0, 98.4), (244.0, 98.4), (244.0, 96.5), (244.0, 96.5), (244.0, 94.7), (244.0, 94.7), (244.0, 92.8), (244.0, 98.4), (244.0, 90.9), (244.0, 100.3), (244.0, 94.7), (244.0, 102.1)]",0,0,6.83
novice,bomberman,2,Bomb,5,0,46.2,0.37,"[(48.0, 48.0), (62.9, 48.0), (77.9, 48.0), (92.8, 48.0), (107.7, 48.0), (122.7, 48.0), (137.6, 48.0), (152.5, 48.0), (167.5, 48.0), (182.4, 48.0), (197.3, 48.0), (212.3, 48.0), (227.2, 48.0), (242.1, 48.0), (257.1, 48.0), (272.0, 48.0), (286.9, 48.0), (301.9, 48.0), (316.8, 48.0), (331.7, 48.0), (346.7, 48.0), (361.6, 48.0), (376.5, 48.0), (391.5, 48.0), (406.4, 48.0), (417.6, 51.7), (417.6, 51.7), (417.6, 51.7), (417.6, 51.7), (417.6, 51.7), (417.6, 51.7), (417.6, 51.7), (417.6, 51.7), (417.6, 51.7), (417.6, 51.7), (417.6, 51.7), (417.6, 51.7), (417.6, 51.7), (417.6, 51.7), (417.6, 51.7), (417.6, 51.7), (417.6, 51.7), (417.6, 51.7), (417.6, 51.7), (417.6, 51.7), (417.6, 51.7), (417.6, 51.7), (417.6, 51.7), (417.6, 51.7), (417.6, 51.7), (417.6, 51.7), (417.6, 51.7), (417.6, 51.7), (417.6, 51.7), (417.6, 51.7), (417.6, 51.7), (417.6, 51.7), (417.6, 51.7), (417.6, 51.7), (417.6, 51.7), (417.6, 51.7)]",0,0,8.0
novice,bomberman,2,Stuck,0,0,36.66,0.37,"[(48.0, 48.0), (62.9, 51.7), (77.9, 51.7), (98.4, 51.7), (113.3, 44.3), (128.3, 44.3), (143.2, 51.7), (165.6, 48.0), (180.5, 44.3), (195.5, 44.3), (210.4, 51.7), (232.8, 44.3), (247.7, 44.3), (262.7, 48.0), (279.5, 51.7), (298.1, 46.1), (313.1, 44.3), (328.0, 51.7), (346.7, 51.7), (352.3, 49.9), (352.3, 49.9), (348.5, 46.1), (352.3, 49.9), (352.3, 49.9), (348.5, 46.1), (352.3, 49.9), (352.3, 49.9), (348.5, 46.1), (352.3, 49.9), (352.3, 49.9), (348.5, 46.1), (352.3, 49.9), (352.3, 49.9), (348.5, 46.1), (352.3, 49.9), (352.3, 49.9), (348.5, 46.1), (352.3, 49.9), (352.3, 49.9), (348.5, 46.1), (352.3, 49.9), (352.3, 49.9), (348.5, 46.1), (352.3, 49.9), (352.3, 49.9), (348.5, 46.1), (352.3, 49.9), (352.3, 49.9), (348.5, 46.1), (352.3, 49.9), (352.3, 49.9), (348.5, 46.1), (352.3, 49.9), (352.3, 49.9), (348.5, 46.1), (352.3, 49.9)]",0,0,7.43
novice,bomberman,2,Bomb,4,0,14.0,0.222,"[(48.0, 48.0), (62.9, 51.7), (77.9, 51.7), (98.4, 51.7), (113.3, 57.3), (115.2, 72.3), (115.2, 89.1), (115.2, 98.4), (115.2, 98.4), (115.2, 98.4), (115.2, 98.4), (115.2, 98.4), (115.2, 98.4), (115.2, 98.4), (115.2, 98.4), (115.2, 98.4), (115.2, 98.4), (115.2, 98.4), (115.2, 98.4), (115.2, 98.4), (115.2, 98.4), (115.2, 98.4), (115.2, 98.4), (115.2, 98.4), (115.2, 98.4), (115.2, 98.4), (115.2, 98.4), (115.2, 109.6), (130.1, 115.2), (145.1, 115.2), (160.0, 115.2), (165.6, 115.2), (165.6, 115.2), (165.6, 115.2), (165.6, 115.2), (165.6, 115.2), (165.6, 115.2), (165.6, 115.2), (165.6, 115.2), (165.6, 115.2), (165.6, 115.2), (165.6, 115.2), (165.6, 115.2), (165.6, 115.2), (165.6, 115.2), (165.6, 115.2), (165.6, 115.2), (165.6, 115.2), (165.6, 115.2), (165.6, 115.2), (165.6, 115.2), (165.6, 115.2), (165.6, 115.2), (165.6, 115.2), (165.6, 115.2), (165.6, 115.2), (165.6, 115.2), (165.6, 115.2), (165.6, 115.2), (165.6, 115.2), (165.6, 115.2)]",0,0,8.0
novice,bomberman,2,Stuck,1,0,10.65,0.222,"[(48.0, 48.0), (62.9, 51.7), (77.9, 51.7), (98.4, 51.7), (113.3, 57.3), (115.2, 72.3), (115.2, 89.1), (115.2, 107.7), (128.3, 115.2), (143.2, 115.2), (161.9, 115.2), (161.9, 115.2), (161.9, 115.2), (161.9, 115.2), (161.9, 115.2), (161.9, 115.2), (161.9, 115.2), (161.9, 115.2), (161.9, 115.2), (161.9, 115.2), (161.9, 115.2), (161.9, 115.2), (161.9, 115.2), (161.9, 115.2), (161.9, 115.2), (161.9, 115.2), (161.9, 115.2), (161.9, 115.2), (161.9, 115.2), (161.9, 115.2), (161.9, 115.2), (161.9, 115.2), (161.9, 115.2), (161.9, 115.2), (161.9, 115.2), (161.9, 115.2), (161.9, 115.2), (161.9, 115.2), (161.9, 115.2), (161.9, 115.2), (161.9, 115.2), (161.9, 115.2), (161.9, 115.2), (161.9, 115.2), (161.9, 115.2), (161.9, 115.2), (161.9, 115.2), (161.9, 115.2), (161.9, 115.2), (161.9, 115.2), (161.9, 115.2), (161.9, 115.2), (161.9, 115.2), (161.9, 115.2), (161.9, 115.2), (161.9, 115.2), (161.9, 115.2), (161.9, 115.2), (161.9, 115.2), (161.9, 115.2), (161.9, 115.2), (161.9, 115.2), (161.9, 115.2), (161.9, 115.2), (161.9, 115.2), (161.9, 115.2), (161.9, 115.2), (161.9, 115.2), (161.9, 115.2), (161.9, 115.2), (161.9, 115.2), (161.9, 115.2)]",0,0,9.47
novice,bomberman,2,Stuck,5,0,39.04,0.37,"[(48.0, 48.0), (62.9, 48.0), (77.9, 48.0), (92.8, 48.0), (107.7, 48.0), (122.7, 48.0), (137.6, 48.0), (152.5, 48.0), (167.5, 48.0), (182.4, 48.0), (197.3, 48.0), (212.3, 48.0), (227.2, 48.0), (242.1, 48.0), (257.1, 48.0), (272.0, 48.0), (286.9, 48.0), (301.9, 48.0), (316.8, 48.0), (331.7, 48.0), (346.7, 48.0), (361.6, 48.0), (376.5, 48.0), (391.5, 48.0), (406.4, 48.0), (417.6, 51.7), (417.6, 51.7), (417.6, 51.7), (417.6, 51.7), (417.6, 51.7), (417.6, 51.7), (417.6, 51.7), (417.6, 51.7), (417.6, 51.7), (417.6, 51.7), (417.6, 51.7), (417.6, 51.7), (417.6, 51.7), (417.6, 51.7), (417.6, 51.7), (417.6, 51.7), (417.6, 51.7), (417.6, 51.7), (417.6, 51.7), (417.6, 51.7), (417.6, 51.7), (417.6, 51.7), (417.6, 51.7), (417.6, 51.7), (417.6, 51.7), (417.6, 51.7), (417.6, 51.7), (417.6, 51.7), (417.6, 51.7), (417.6, 51.7), (417.6, 51.7), (417.6, 51.7), (417.6, 51.7), (417.6, 51.7), (417.6, 51.7), (417.6, 51.7), (417.6, 51.7), (417.6, 51.7), (417.6, 51.7), (417.6, 51.7), (417.6, 51.7), (417.6, 51.7), (417.6, 51.7), (417.6, 51.7), (417.6, 51.7), (417.6, 51.7), (417.6, 51.7)]",0,0,9.47
novice,bomberman,2,Stuck,0,0,7.98,0.074,"[(48.0, 48.0), (62.9, 51.7), (77.9, 51.7), (98.4, 51.7), (96.5, 51.7), (96.5, 51.7), (100.3, 51.7), (96.5, 51.7), (96.5, 51.7), (100.3, 51.7), (96.5, 51.7), (96.5, 51.7), (100.3, 51.7), (96.5, 51.7), (96.5, 51.7), (100.3, 51.7), (96.5, 51.7), (96.5, 51.7), (100.3, 51.7), (96.5, 51.7), (96.5, 51.7), (100.3, 51.7), (96.5, 51.7), (96.5, 51.7), (100.3, 51.7), (96.5, 51.7), (96.5, 51.7), (100.3, 51.7), (96.5, 51.7), (96.5, 51.7), (100.3, 51.7), (96.5, 51.7), (96.5, 51.7), (100.3, 51.7), (96.5, 51.7), (96.5, 51.7), (100.3, 51.7), (96.5, 51.7), (96.5, 51.7), (100.3, 51.7), (96.5, 51.7)]",0,0,5.38
novice,bomberman,2,Stuck,5,0,39.04,0.37,"[(48.0, 48.0), (62.9, 48.0), (77.9, 48.0), (92.8, 48.0), (107.7, 48.0), (122.7, 48.0), (137.6, 48.0), (152.5, 48.0), (167.5, 48.0), (182.4, 48.0), (197.3, 48.0), (212.3, 48.0), (227.2, 48.0), (242.1, 48.0), (257.1, 48.0), (272.0, 48.0), (286.9, 48.0), (301.9, 48.0), (316.8, 48.0), (331.7, 48.0), (346.7, 48.0), (361.6, 48.0), (376.5, 48.0), (391.5, 48.0), (406.4, 48.0), (417.6, 51.7), (417.6, 51.7), (417.6, 51.7), (417.6, 51.7), (417.6, 51.7), (417.6, 51.7), (417.6, 51.7), (417.6, 51.7), (417.6, 51.7), (417.6, 51.7), (417.6, 51.7), (417.6, 51.7), (417.6, 51.7), (417.6, 51.7), (417.6, 51.7), (417.6, 51.7), (417.6, 51.7), (417.6, 51.7), (417.6, 51.7), (417.6, 51.7), (417.6, 51.7), (417.6, 51.7), (417.6, 51.7), (417.6, 51.7), (417.6, 51.7), (417.6, 51.7), (417.6, 51.7), (417.6, 51.7), (417.6, 51.7), (417.6, 51.7), (417.6, 51.7), (417.6, 51.7), (417.6, 51.7), (417.6, 51.7), (417.6, 51.7), (417.6, 51.7), (417.6, 51.7), (417.6, 51.7), (417.6, 51.7), (417.6, 51.7), (417.6, 51.7), (417.6, 51.7), (417.6, 51.7), (417.6, 51.7), (417.6, 51.7), (417.6, 51.7), (417.6, 51.7)]",0,0,9.47
novice,bomberman,2,Bomb,5,0,46.2,0.37,"[(48.0, 48.0), (62.9, 48.0), (77.9, 48.0), (92.8, 48.0), (107.7, 48.0), (122.7, 48.0), (137.6, 48.0), (152.5, 48.0), (167.5, 48.0), (182.4, 48.0), (197.3, 48.0), (212.3, 48.0), (227.2, 48.0), (242.1, 48.0), (257.1, 48.0), (272.0, 48.0), (286.9, 48.0), (301.9, 48.0), (316.8, 48.0), (331.7, 48.0), (346.7, 48.0), (361.6, 48.0), (376.5, 48.0), (391.5, 48.0), (406.4, 48.0), (417.6, 51.7), (417.6, 51.7), (417.6, 51.7), (417.6, 51.7), (417.6, 51.7), (417.6, 51.7), (417.6, 51.7), (417.6, 51.7), (417.6, 51.7), (417.6, 51.7), (417.6, 51.7), (417.6, 51.7), (417.6, 51.7), (417.6, 51.7), (417.6, 51.7), (417.6, 51.7), (417.6, 51.7), (417.6, 51.7), (417.6, 51.7), (417.6, 51.7), (417.6, 51.7), (417.6, 51.7), (417.6, 51.7), (417.6, 51.7), (417.6, 51.7), (417.6, 51.7), (417.6, 51.7), (417.6, 51.7), (417.6, 51.7), (417.6, 51.7), (417.6, 51.7), (417.6, 51.7), (417.6, 51.7), (417.6, 51.7), (417.6, 51.7), (417.6, 51.7)]",0,0,8.0
novice,bomberman,2,Bomb,1,0,46.9,0.37,"[(48.0, 48.0), (62.9, 51.7), (77.9, 51.7), (98.4, 51.7), (113.3, 44.3), (128.3, 44.3), (143.2, 44.3), (158.1, 44.3), (173.1, 44.3), (188.0, 44.3), (202.9, 44.3), (217.9, 44.3), (232.8, 44.3), (247.7, 44.3), (262.7, 44.3), (277.6, 44.3), (292.5, 44.3), (307.5, 44.3), (322.4, 44.3), (337.3, 44.3), (352.3, 44.3), (367.2, 44.3), (382.1, 44.3), (397.1, 51.7), (419.5, 51.7), (434.4, 44.3), (436.3, 44.3), (436.3, 44.3), (436.3, 44.3), (436.3, 44.3), (436.3, 44.3), (436.3, 44.3), (436.3, 44.3), (436.3, 44.3), (436.3, 44.3), (436.3, 44.3), (436.3, 44.3), (436.3, 44.3), (436.3, 44.3), (436.3, 44.3), (436.3, 44.3), (436.3, 44.3), (436.3, 44.3), (436.3, 44.3), (436.3, 44.3), (436.3, 44.3), (436.3, 44.3), (436.3, 44.3), (436.3, 44.3), (436.3, 44.3), (436.3, 44.3), (436.3, 44.3), (436.3, 44.3), (436.3, 44.3), (436.3, 44.3), (436.3, 44.3), (436.3, 44.3), (436.3, 44.3), (436.3, 44.3), (436.3, 44.3), (436.3, 44.3)]",0,0,8.0
novice,bomberman,2,Bomb,6,0,48.53,0.37,"[(48.0, 48.0), (62.9, 48.0), (77.9, 48.0), (92.8, 48.0), (107.7, 48.0), (122.7, 48.0), (137.6, 48.0), (152.5, 48.0), (167.5, 48.0), (182.4, 48.0), (197.3, 48.0), (212.3, 48.0), (227.2, 48.0), (242.1, 48.0), (257.1, 48.0), (272.0, 48.0), (286.9, 48.0), (301.9, 48.0), (316.8, 48.0), (331.7, 48.0), (346.7, 48.0), (361.6, 48.0), (376.5, 48.0), (391.5, 48.0), (406.4, 48.0), (417.6, 51.7), (417.6, 51.7), (417.6, 51.7), (417.6, 51.7), (417.6, 51.7), (417.6, 51.7), (417.6, 51.7), (417.6, 51.7), (417.6, 51.7), (417.6, 51.7), (417.6, 51.7), (417.6, 51.7), (417.6, 51.7), (417.6, 51.7), (417.6, 51.7), (417.6, 51.7), (417.6, 51.7), (417.6, 51.7), (417.6, 51.7), (417.6, 51.7), (417.6, 51.7), (417.6, 51.7), (417.6, 51.7), (417.6, 51.7), (417.6, 51.7), (417.6, 51.7), (417.6, 51.7), (417.6, 51.7), (417.6, 51.7), (417.6, 51.7), (417.6, 51.7), (417.6, 51.7), (428.8, 51.7), (436.3, 51.7), (436.3, 51.7), (436.3, 51.7)]",0,0,8.0
novice,bomberman,2,Bomb,1,0,46.2,0.37,"[(48.0, 48.0), (62.9, 48.0), (77.9, 48.0), (92.8, 48.0), (107.7, 48.0), (122.7, 48.0), (137.6, 48.0), (152.5, 48.0), (167.5, 48.0), (182.4, 48.0), (197.3, 48.0), (212.3, 48.0), (227.2, 48.0), (242.1, 48.0), (257.1, 48.0), (272.0, 48.0), (286.9, 48.0), (301.9, 48.0), (316.8, 48.0), (331.7, 48.0), (346.7, 48.0), (361.6, 48.0), (376.5, 48.0), (391.5, 48.0), (406.4, 48.0), (417.6, 48.0), (417.6, 48.0), (417.6, 48.0), (417.6, 48.0), (417.6, 48.0), (417.6, 48.0), (417.6, 48.0), (417.6, 48.0), (417.6, 48.0), (417.6, 48.0), (417.6, 48.0), (417.6, 48.0), (417.6, 48.0), (417.6, 48.0), (417.6, 48.0), (417.6, 48.0), (417.6, 48.0), (417.6, 48.0), (417.6, 48.0), (417.6, 48.0), (417.6, 48.0), (417.6, 48.0), (417.6, 48.0), (417.6, 48.0), (417.6, 48.0), (417.6, 48.0), (417.6, 48.0), (417.6, 48.0), (417.6, 48.0), (417.6, 48.0), (417.6, 48.0), (417.6, 48.0), (417.6, 48.0), (417.6, 48.0), (417.6, 48.0), (417.6, 48.0)]",0,0,8.0
novice,bomberman,2,Bomb,5,0,46.2,0.37,"[(48.0, 48.0), (62.9, 48.0), (77.9, 48.0), (92.8, 48.0), (107.7, 48.0), (122.7, 48.0), (137.6, 48.0), (152.5, 48.0), (167.5, 48.0), (182.4, 48.0), (197.3, 48.0), (212.3, 48.0), (227.2, 48.0), (242.1, 48.0), (257.1, 48.0), (272.0, 48.0), (286.9, 48.0), (301.9, 48.0), (316.8, 48.0), (331.7, 48.0), (346.7, 48.0), (361.6, 48.0), (376.5, 48.0), (391.5, 48.0), (406.4, 48.0), (417.6, 51.7), (417.6, 51.7), (417.6, 51.7), (417.6, 51.7), (417.6, 51.7), (417.6, 51.7), (417.6, 51.7), (417.6, 51.7), (417.6, 51.7), (417.6, 51.7), (417.6, 51.7), (417.6, 51.7), (417.6, 51.7), (417.6, 51.7), (417.6, 51.7), (417.6, 51.7), (417.6, 51.7), (417.6, 51.7), (417.6, 51.7), (417.6, 51.7), (417.6, 51.7), (417.6, 51.7), (417.6, 51.7), (417.6, 51.7), (417.6, 51.7), (417.6, 51.7), (417.6, 51.7), (417.6, 51.7), (417.6, 51.7), (417.6, 51.7), (417.6, 51.7), (417.6, 51.7), (417.6, 51.7), (417.6, 51.7), (417.6, 51.7), (417.6, 51.7)]",0,0,8.0
novice,bomberman,2,Bomb,6,0,46.2,0.37,"[(48.0, 48.0), (62.9, 48.0), (77.9, 48.0), (92.8, 48.0), (107.7, 48.0), (122.7, 48.0), (137.6, 48.0), (152.5, 48.0), (167.5, 48.0), (182.4, 48.0), (197.3, 48.0), (212.3, 48.0), (227.2, 48.0), (242.1, 48.0), (257.1, 48.0), (272.0, 48.0), (286.9, 48.0), (301.9, 48.0), (316.8, 48.0), (331.7, 48.0), (346.7, 48.0), (361.6, 48.0), (376.5, 48.0), (391.5, 48.0), (406.4, 48.0), (417.6, 51.7), (417.6, 51.7), (417.6, 51.7), (417.6, 51.7), (417.6, 51.7), (417.6, 51.7), (417.6, 51.7), (417.6, 51.7), (417.6, 51.7), (417.6, 51.7), (417.6, 51.7), (417.6, 51.7), (417.6, 51.7), (417.6, 51.7), (417.6, 51.7), (417.6, 51.7), (417.6, 51.7), (417.6, 51.7), (417.6, 51.7), (417.6, 51.7), (417.6, 51.7), (417.6, 51.7), (417.6, 51.7), (417.6, 51.7), (417.6, 51.7), (417.6, 51.7), (417.6, 51.7), (417.6, 51.7), (417.6, 51.7), (417.6, 51.7), (417.6, 51.7), (417.6, 51.7), (417.6, 51.7), (417.6, 51.7), (417.6, 51.7), (417.6, 51.7)]",0,0,8.0
novice,bomberman,2,Bomb,5,0,48.53,0.37,"[(48.0, 48.0), (62.9, 48.0), (77.9, 48.0), (92.8, 48.0), (107.7, 48.0), (122.7, 48.0), (137.6, 48.0), (152.5, 48.0), (167.5, 48.0), (182.4, 48.0), (197.3, 48.0), (212.3, 48.0), (227.2, 48.0), (242.1, 48.0), (257.1, 48.0), (272.0, 48.0), (286.9, 48.0), (301.9, 48.0), (316.8, 48.0), (331.7, 48.0), (346.7, 48.0), (361.6, 48.0), (376.5, 48.0), (391.5, 48.0), (406.4, 48.0), (417.6, 48.0), (417.6, 48.0), (417.6, 48.0), (417.6, 48.0), (417.6, 48.0), (417.6, 48.0), (423.2, 48.0), (423.2, 48.0), (423.2, 48.0), (423.2, 48.0), (423.2, 48.0), (423.2, 48.0), (423.2, 48.0), (423.2, 48.0), (423.2, 48.0), (423.2, 48.0), (423.2, 48.0), (423.2, 48.0), (423.2, 48.0), (423.2, 48.0), (423.2, 48.0), (423.2, 48.0), (423.2, 48.0), (423.2, 48.0), (423.2, 48.0), (423.2, 48.0), (423.2, 48.0), (423.2, 48.0), (423.2, 48.0), (423.2, 48.0), (423.2, 48.0), (423.2, 48.0), (434.4, 48.0), (436.3, 48.0), (436.3, 48.0), (436.3, 48.0)]",0,0,8.0
novice,bomberman,2,Bomb,1,0,45.97,0.37,"[(48.0, 48.0), (62.9, 51.7), (77.9, 51.7), (98.4, 51.7), (113.3, 44.3), (128.3, 44.3), (143.2, 51.7), (165.6, 48.0), (180.5, 44.3), (195.5, 44.3), (210.4, 44.3), (225.3, 44.3), (240.3, 44.3), (255.2, 44.3), (270.1, 44.3), (285.1, 44.3), (300.0, 44.3), (314.9, 44.3), (329.9, 44.3), (344.8, 44.3), (359.7, 44.3), (374.7, 44.3), (389.6, 48.0), (406.4, 51.7), (426.9, 46.1), (436.3, 44.3), (436.3, 44.3), (436.3, 44.3), (436.3, 44.3), (436.3, 44.3), (436.3, 44.3), (436.3, 44.3), (436.3, 44.3), (436.3, 44.3), (436.3, 44.3), (436.3, 44.3), (436.3, 44.3), (436.3, 44.3), (436.3, 44.3), (436.3, 44.3), (436.3, 44.3), (436.3, 44.3), (436.3, 44.3), (436.3, 44.3), (436.3, 44.3), (436.3, 44.3), (436.3, 44.3), (436.3, 44.3), (436.3, 44.3), (436.3, 44.3), (436.3, 44.3), (436.3, 44.3), (436.3, 44.3), (436.3, 44.3), (436.3, 44.3), (436.3, 44.3), (436.3, 44.3), (436.3, 44.3), (436.3, 44.3), (436.3, 44.3), (436.3, 44.3)]",0,0,8.0
novice,bomberman,2,Bomb,1,0,46.9,0.37,"[(48.0, 48.0), (62.9, 51.7), (77.9, 51.7), (98.4, 51.7), (113.3, 44.3), (128.3, 44.3), (143.2, 49.9), (165.6, 48.0), (180.5, 44.3), (195.5, 44.3), (210.4, 44.3), (225.3, 44.3), (240.3, 44.3), (255.2, 44.3), (270.1, 44.3), (285.1, 44.3), (300.0, 44.3), (314.9, 44.3), (329.9, 44.3), (344.8, 44.3), (359.7, 44.3), (374.7, 44.3), (389.6, 44.3), (404.5, 44.3), (419.5, 44.3), (434.4, 44.3), (436.3, 44.3), (436.3, 44.3), (436.3, 44.3), (436.3, 44.3), (436.3, 44.3), (436.3, 44.3), (436.3, 44.3), (436.3, 44.3), (436.3, 44.3), (436.3, 44.3), (436.3, 44.3), (436.3, 44.3), (436.3, 44.3), (436.3, 44.3), (436.3, 44.3), (436.3, 44.3), (436.3, 44.3), (436.3, 44.3), (436.3, 44.3), (436.3, 44.3), (436.3, 44.3), (436.3, 44.3), (436.3, 44.3), (436.3, 44.3), (436.3, 44.3), (436.3, 44.3), (436.3, 44.3), (436.3, 44.3), (436.3, 44.3), (436.3, 44.3), (436.3, 44.3), (436.3, 44.3), (436.3, 44.3), (436.3, 44.3), (436.3, 44.3)]",0,0,8.0
novice,bomberman,2,Bomb,1,0,46.9,0.37,"[(48.0, 48.0), (62.9, 51.7), (77.9, 51.7), (98.4, 51.7), (113.3, 44.3), (128.3, 44.3), (143.2, 49.9), (165.6, 48.0), (180.5, 44.3), (195.5, 44.3), (210.4, 44.3), (225.3, 44.3), (240.3, 44.3), (255.2, 44.3), (270.1, 44.3), (285.1, 44.3), (300.0, 44.3), (314.9, 44.3), (329.9, 44.3), (344.8, 44.3), (359.7, 44.3), (374.7, 44.3), (389.6, 44.3), (404.5, 44.3), (419.5, 44.3), (434.4, 44.3), (436.3, 44.3), (436.3, 44.3), (436.3, 44.3), (436.3, 44.3), (436.3, 44.3), (436.3, 44.3), (436.3, 44.3), (436.3, 44.3), (436.3, 44.3), (436.3, 44.3), (436.3, 44.3), (436.3, 44.3), (436.3, 44.3), (436.3, 44.3), (436.3, 44.3), (436.3, 44.3), (436.3, 44.3), (436.3, 44.3), (436.3, 44.3), (436.3, 44.3), (436.3, 44.3), (436.3, 44.3), (436.3, 44.3), (436.3, 44.3), (436.3, 44.3), (436.3, 44.3), (436.3, 44.3), (436.3, 44.3), (436.3, 44.3), (436.3, 44.3), (436.3, 44.3), (436.3, 44.3), (436.3, 44.3), (436.3, 44.3), (436.3, 44.3)]",0,0,8.0
novice,bomberman,2,Bomb,1,0,45.97,0.37,"[(48.0, 48.0), (62.9, 51.7), (77.9, 51.7), (98.4, 51.7), (113.3, 44.3), (128.3, 44.3), (143.2, 51.7), (165.6, 48.0), (180.5, 44.3), (195.5, 44.3), (210.4, 44.3), (225.3, 44.3), (240.3, 44.3), (255.2, 44.3), (270.1, 44.3), (285.1, 44.3), (300.0, 44.3), (314.9, 44.3), (329.9, 44.3), (344.8, 44.3), (359.7, 44.3), (374.7, 44.3), (389.6, 48.0), (406.4, 51.7), (426.9, 46.1), (436.3, 44.3), (436.3, 44.3), (436.3, 44.3), (436.3, 44.3), (436.3, 44.3), (436.3, 44.3), (436.3, 44.3), (436.3, 44.3), (436.3, 44.3), (436.3, 44.3), (436.3, 44.3), (436.3, 44.3), (436.3, 44.3), (436.3, 44.3), (436.3, 44.3), (436.3, 44.3), (436.3, 44.3), (436.3, 44.3), (436.3, 44.3), (436.3, 44.3), (436.3, 44.3), (436.3, 44.3), (436.3, 44.3), (436.3, 44.3), (436.3, 44.3), (436.3, 44.3), (436.3, 44.3), (436.3, 44.3), (436.3, 44.3), (436.3, 44.3), (436.3, 44.3), (436.3, 44.3), (436.3, 44.3), (436.3, 44.3), (436.3, 44.3), (436.3, 44.3)]",0,0,8.0
novice,bomberman,2,Bomb,5,0,48.53,0.37,"[(48.0, 48.0), (62.9, 48.0), (77.9, 48.0), (92.8, 48.0), (107.7, 48.0), (122.7, 48.0), (137.6, 48.0), (152.5, 48.0), (167.5, 48.0), (182.4, 48.0), (197.3, 48.0), (212.3, 48.0), (227.2, 48.0), (242.1, 48.0), (257.1, 48.0), (272.0, 48.0), (286.9, 48.0), (301.9, 48.0), (316.8, 48.0), (331.7, 48.0), (346.7, 48.0), (361.6, 48.0), (376.5, 48.0), (391.5, 48.0), (406.4, 48.0), (417.6, 48.0), (417.6, 48.0), (417.6, 48.0), (417.6, 48.0), (417.6, 48.0), (417.6, 48.0), (423.2, 48.0), (423.2, 48.0), (423.2, 48.0), (423.2, 48.0), (423.2, 48.0), (423.2, 48.0), (423.2, 48.0), (423.2, 48.0), (423.2, 48.0), (423.2, 48.0), (423.2, 48.0), (423.2, 48.0), (423.2, 48.0), (423.2, 48.0), (423.2, 48.0), (423.2, 48.0), (423.2, 48.0), (423.2, 48.0), (423.2, 48.0), (423.2, 48.0), (423.2, 48.0), (423.2, 48.0), (423.2, 48.0), (423.2, 48.0), (423.2, 48.0), (423.2, 48.0), (434.4, 48.0), (436.3, 48.0), (436.3, 48.0), (436.3, 48.0)]",0,0,8.0
novice,bomberman,2,Bomb,6,0,46.2,0.37,"[(48.0, 48.0), (62.9, 48.0), (77.9, 48.0), (92.8, 48.0), (107.7, 48.0), (122.7, 48.0), (137.6, 48.0), (152.5, 48.0), (167.5, 48.0), (182.4, 48.0), (197.3, 48.0), (212.3, 48.0), (227.2, 48.0), (242.1, 48.0), (257.1, 48.0), (272.0, 48.0), (286.9, 48.0), (301.9, 48.0), (316.8, 48.0), (331.7, 48.0), (346.7, 48.0), (361.6, 48.0), (376.5, 48.0), (391.5, 48.0), (406.4, 48.0), (417.6, 51.7), (417.6, 51.7), (417.6, 51.7), (417.6, 51.7), (417.6, 51.7), (417.6, 51.7), (417.6, 51.7), (417.6, 51.7), (417.6, 51.7), (417.6, 51.7), (417.6, 51.7), (417.6, 51.7), (417.6, 51.7), (417.6, 51.7), (417.6, 51.7), (417.6, 51.7), (417.6, 51.7), (417.6, 51.7), (417.6, 51.7), (417.6, 51.7), (417.6, 51.7), (417.6, 51.7), (417.6, 51.7), (417.6, 51.7), (417.6, 51.7), (417.6, 51.7), (417.6, 51.7), (417.6, 51.7), (417.6, 51.7), (417.6, 51.7), (417.6, 51.7), (417.6, 51.7), (417.6, 51.7), (417.6, 51.7), (417.6, 51.7), (417.6, 51.7)]",0,0,8.0
novice,bomberman,2,Bomb,1,0,46.9,0.37,"[(48.0, 48.0), (62.9, 51.7), (77.9, 51.7), (98.4, 51.7), (113.3, 44.3), (128.3, 44.3), (143.2, 51.7), (165.6, 48.0), (180.5, 44.3), (195.5, 44.3), (210.4, 44.3), (225.3, 44.3), (240.3, 44.3), (255.2, 44.3), (270.1, 44.3), (285.1, 44.3), (300.0, 44.3), (314.9, 44.3), (329.9, 44.3), (344.8, 44.3), (359.7, 44.3), (374.7, 44.3), (389.6, 44.3), (404.5, 44.3), (419.5, 44.3), (434.4, 44.3), (436.3, 44.3), (436.3, 44.3), (436.3, 44.3), (436.3, 44.3), (436.3, 44.3), (436.3, 44.3), (436.3, 44.3), (436.3, 44.3), (436.3, 44.3), (436.3, 44.3), (436.3, 44.3), (436.3, 44.3), (436.3, 44.3), (436.3, 44.3), (436.3, 44.3), (436.3, 44.3), (436.3, 44.3), (436.3, 44.3), (436.3, 44.3), (436.3, 44.3), (436.3, 44.3), (436.3, 44.3), (436.3, 44.3), (436.3, 44.3), (436.3, 44.3), (436.3, 44.3), (436.3, 44.3), (436.3, 44.3), (436.3, 44.3), (436.3, 44.3), (436.3, 44.3), (436.3, 44.3), (436.3, 44.3), (436.3, 44.3), (436.3, 44.3)]",0,0,8.0
novice,bomberman,2,Bomb,2,0,46.2,0.37,"[(48.0, 48.0), (62.9, 48.0), (77.9, 48.0), (92.8, 48.0), (107.7, 48.0), (122.7, 48.0), (137.6, 48.0), (152.5, 48.0), (167.5, 48.0), (182.4, 48.0), (197.3, 48.0), (212.3, 48.0), (227.2, 48.0), (242.1, 48.0), (257.1, 48.0), (272.0, 48.0), (286.9, 48.0), (301.9, 48.0), (316.8, 48.0), (331.7, 48.0), (346.7, 48.0), (361.6, 48.0), (376.5, 48.0), (391.5, 48.0), (406.4, 48.0), (417.6, 51.7), (417.6, 51.7), (417.6, 51.7), (417.6, 51.7), (417.6, 51.7), (417.6, 51.7), (417.6, 51.7), (417.6, 51.7), (417.6, 51.7), (417.6, 51.7), (417.6, 51.7), (417.6, 51.7), (417.6, 51.7), (417.6, 51.7), (417.6, 51.7), (417.6, 51.7), (417.6, 51.7), (417.6, 51.7), (417.6, 51.7), (417.6, 51.7), (417.6, 51.7), (417.6, 51.7), (417.6, 51.7), (417.6, 51.7), (417.6, 51.7), (417.6, 51.7), (417.6, 51.7), (417.6, 51.7), (417.6, 51.7), (417.6, 51.7), (417.6, 51.7), (417.6, 51.7), (417.6, 51.7), (417.6, 51.7), (417.6, 51.7), (417.6, 51.7)]",0,0,8.0
novice,bomberman,2,Bomb,67,0,14.93,0.259,"[(48.0, 48.0), (62.9, 51.7), (77.9, 51.7), (98.4, 51.7), (113.3, 57.3), (115.2, 72.3), (115.2, 89.1), (115.2, 107.7), (128.3, 115.2), (143.2, 115.2), (165.6, 115.2), (180.5, 124.5), (180.5, 132.0), (180.5, 128.3), (180.5, 128.3), (180.5, 132.0), (180.5, 128.3), (180.5, 128.3), (180.5, 132.0), (180.5, 128.3), (180.5, 128.3), (180.5, 132.0), (180.5, 128.3), (180.5, 128.3), (180.5, 132.0), (180.5, 128.3), (180.5, 128.3), (180.5, 132.0), (180.5, 128.3), (180.5, 128.3), (180.5, 132.0), (180.5, 128.3), (180.5, 128.3), (180.5, 132.0), (180.5, 128.3), (180.5, 128.3), (180.5, 132.0), (180.5, 128.3), (180.5, 128.3), (180.5, 132.0), (180.5, 128.3), (180.5, 128.3), (180.5, 132.0), (180.5, 128.3), (180.5, 128.3), (180.5, 132.0), (180.5, 128.3), (180.5, 128.3), (180.5, 132.0), (180.5, 128.3), (180.5, 128.3), (180.5, 132.0), (180.5, 128.3), (180.5, 128.3), (180.5, 132.0), (180.5, 128.3), (180.5, 128.3), (180.5, 132.0), (180.5, 128.3), (180.5, 128.3), (180.5, 132.0)]",0,0,8.0
novice,bomberman,2,Bomb,5,0,46.2,0.37,"[(48.0, 48.0), (62.9, 48.0), (77.9, 48.0), (92.8, 48.0), (107.7, 48.0), (122.7, 48.0), (137.6, 48.0), (152.5, 48.0), (167.5, 48.0), (182.4, 48.0), (197.3, 48.0), (212.3, 48.0), (227.2, 48.0), (242.1, 48.0), (257.1, 48.0), (272.0, 48.0), (286.9, 48.0), (301.9, 48.0), (316.8, 48.0), (331.7, 48.0), (346.7, 48.0), (361.6, 48.0), (376.5, 48.0), (391.5, 48.0), (406.4, 48.0), (417.6, 48.0), (417.6, 48.0), (417.6, 48.0), (417.6, 48.0), (417.6, 48.0), (417.6, 48.0), (417.6, 48.0), (417.6, 48.0), (417.6, 48.0), (417.6, 48.0), (417.6, 48.0), (417.6, 48.0), (417.6, 48.0), (417.6, 48.0), (417.6, 48.0), (417.6, 48.0), (417.6, 48.0), (417.6, 48.0), (417.6, 48.0), (417.6, 48.0), (417.6, 48.0), (417.6, 48.0), (417.6, 48.0), (417.6, 48.0), (417.6, 48.0), (417.6, 48.0), (417.6, 48.0), (417.6, 48.0), (417.6, 48.0), (417.6, 48.0), (417.6, 48.0), (417.6, 48.0), (417.6, 48.0), (417.6, 48.0), (417.6, 48.0), (417.6, 48.0)]",0,0,8.0
novice,bomberman,2,Bomb,1,0,47.83,0.37,"[(48.0, 48.0), (62.9, 51.7), (77.9, 51.7), (98.4, 51.7), (113.3, 44.3), (128.3, 44.3), (143.2, 44.3), (158.1, 44.3), (173.1, 44.3), (188.0, 44.3), (202.9, 44.3), (217.9, 44.3), (232.8, 44.3), (247.7, 44.3), (262.7, 44.3), (277.6, 44.3), (292.5, 44.3), (307.5, 44.3), (322.4, 44.3), (337.3, 44.3), (352.3, 44.3), (367.2, 44.3), (382.1, 44.3), (397.1, 44.3), (412.0, 44.3), (426.9, 44.3), (436.3, 44.3), (436.3, 44.3), (436.3, 44.3), (436.3, 44.3), (436.3, 44.3), (436.3, 44.3), (436.3, 44.3), (436.3, 44.3), (436.3, 44.3), (436.3, 44.3), (436.3, 44.3), (436.3, 44.3), (436.3, 44.3), (436.3, 44.3), (436.3, 44.3), (436.3, 44.3), (436.3, 44.3), (436.3, 44.3), (436.3, 44.3), (436.3, 44.3), (436.3, 44.3), (436.3, 44.3), (436.3, 44.3), (436.3, 44.3), (436.3, 44.3), (436.3, 44.3), (436.3, 44.3), (436.3, 44.3), (436.3, 44.3), (436.3, 44.3), (436.3, 44.3), (436.3, 44.3), (436.3, 44.3), (436.3, 44.3), (436.3, 44.3)]",0,0,8.0
novice,bomberman,2,Bomb,4,0,46.2,0.37,"[(48.0, 48.0), (62.9, 48.0), (77.9, 48.0), (92.8, 48.0), (107.7, 48.0), (122.7, 48.0), (137.6, 48.0), (152.5, 48.0), (167.5, 48.0), (182.4, 48.0), (197.3, 48.0), (212.3, 48.0), (227.2, 48.0), (242.1, 48.0), (257.1, 48.0), (272.0, 48.0), (286.9, 48.0), (301.9, 48.0), (316.8, 48.0), (331.7, 48.0), (346.7, 48.0), (361.6, 48.0), (376.5, 48.0), (391.5, 48.0), (406.4, 48.0), (417.6, 51.7), (417.6, 51.7), (417.6, 51.7), (417.6, 51.7), (417.6, 51.7), (417.6, 51.7), (417.6, 51.7), (417.6, 51.7), (417.6, 51.7), (417.6, 51.7), (417.6, 51.7), (417.6, 51.7), (417.6, 51.7), (417.6, 51.7), (417.6, 51.7), (417.6, 51.7), (417.6, 51.7), (417.6, 51.7), (417.6, 51.7), (417.6, 51.7), (417.6, 51.7), (417.6, 51.7), (417.6, 51.7), (417.6, 51.7), (417.6, 51.7), (417.6, 51.7), (417.6, 51.7), (417.6, 51.7), (417.6, 51.7), (417.6, 51.7), (417.6, 51.7), (417.6, 51.7), (417.6, 51.7), (417.6, 51.7), (417.6, 51.7), (417.6, 51.7)]",0,0,8.0
novice,bomberman,2,Bomb,4,0,46.2,0.37,"[(48.0, 48.0), (62.9, 48.0), (77.9, 48.0), (92.8, 48.0), (107.7, 48.0), (122.7, 48.0), (137.6, 48.0), (152.5, 48.0), (167.5, 48.0), (182.4, 48.0), (197.3, 48.0), (212.3, 48.0), (227.2, 48.0), (242.1, 48.0), (257.1, 48.0), (272.0, 48.0), (286.9, 48.0), (301.9, 48.0), (316.8, 48.0), (331.7, 48.0), (346.7, 48.0), (361.6, 48.0), (376.5, 48.0), (391.5, 48.0), (406.4, 48.0), (417.6, 51.7), (417.6, 51.7), (417.6, 51.7), (417.6, 51.7), (417.6, 51.7), (417.6, 51.7), (417.6, 51.7), (417.6, 51.7), (417.6, 51.7), (417.6, 51.7), (417.6, 51.7), (417.6, 51.7), (417.6, 51.7), (417.6, 51.7), (417.6, 51.7), (417.6, 51.7), (417.6, 51.7), (417.6, 51.7), (417.6, 51.7), (417.6, 51.7), (417.6, 51.7), (417.6, 51.7), (417.6, 51.7), (417.6, 51.7), (417.6, 51.7), (417.6, 51.7), (417.6, 51.7), (417.6, 51.7), (417.6, 51.7), (417.6, 51.7), (417.6, 51.7), (417.6, 51.7), (417.6, 51.7), (417.6, 51.7), (417.6, 51.7), (417.6, 51.7)]",0,0,8.0
novice,bomberman,2,Bomb,1,0,47.83,0.37,"[(48.0, 48.0), (62.9, 51.7), (77.9, 51.7), (98.4, 51.7), (113.3, 44.3), (128.3, 44.3), (143.2, 44.3), (158.1, 44.3), (173.1, 44.3), (188.0, 44.3), (202.9, 44.3), (217.9, 44.3), (232.8, 44.3), (247.7, 44.3), (262.7, 44.3), (277.6, 44.3), (292.5, 44.3), (307.5, 44.3), (322.4, 44.3), (337.3, 44.3), (352.3, 44.3), (367.2, 44.3), (382.1, 44.3), (397.1, 44.3), (412.0, 44.3), (426.9, 44.3), (436.3, 44.3), (436.3, 44.3), (436.3, 44.3), (436.3, 44.3), (436.3, 44.3), (436.3, 44.3), (436.3, 44.3), (436.3, 44.3), (436.3, 44.3), (436.3, 44.3), (436.3, 44.3), (436.3, 44.3), (436.3, 44.3), (436.3, 44.3), (436.3, 44.3), (436.3, 44.3), (436.3, 44.3), (436.3, 44.3), (436.3, 44.3), (436.3, 44.3), (436.3, 44.3), (436.3, 44.3), (436.3, 44.3), (436.3, 44.3), (436.3, 44.3), (436.3, 44.3), (436.3, 44.3), (436.3, 44.3), (436.3, 44.3), (436.3, 44.3), (436.3, 44.3), (436.3, 44.3), (436.3, 44.3), (436.3, 44.3), (436.3, 44.3)]",0,0,8.0
novice,bomberman,2,Bomb,5,0,46.2,0.37,"[(48.0, 48.0), (62.9, 48.0), (77.9, 48.0), (92.8, 48.0), (107.7, 48.0), (122.7, 48.0), (137.6, 48.0), (152.5, 48.0), (167.5, 48.0), (182.4, 48.0), (197.3, 48.0), (212.3, 48.0), (227.2, 48.0), (242.1, 48.0), (257.1, 48.0), (272.0, 48.0), (286.9, 48.0), (301.9, 48.0), (316.8, 48.0), (331.7, 48.0), (346.7, 48.0), (361.6, 48.0), (376.5, 48.0), (391.5, 48.0), (406.4, 48.0), (417.6, 48.0), (417.6, 48.0), (417.6, 48.0), (417.6, 48.0), (417.6, 48.0), (417.6, 48.0), (417.6, 48.0), (417.6, 48.0), (417.6, 48.0), (417.6, 48.0), (417.6, 48.0), (417.6, 48.0), (417.6, 48.0), (417.6, 48.0), (417.6, 48.0), (417.6, 48.0), (417.6, 48.0), (417.6, 48.0), (417.6, 48.0), (417.6, 48.0), (417.6, 48.0), (417.6, 48.0), (417.6, 48.0), (417.6, 48.0), (417.6, 48.0), (417.6, 48.0), (417.6, 48.0), (417.6, 48.0), (417.6, 48.0), (417.6, 48.0), (417.6, 48.0), (417.6, 48.0), (417.6, 48.0), (417.6, 48.0), (417.6, 48.0), (417.6, 48.0)]",0,0,8.0
novice,bomberman,2,Bomb,2,0,46.2,0.37,"[(48.0, 48.0), (62.9, 48.0), (77.9, 48.0), (92.8, 48.0), (107.7, 48.0), (122.7, 48.0), (137.6, 48.0), (152.5, 48.0), (167.5, 48.0), (182.4, 48.0), (197.3, 48.0), (212.3, 48.0), (227.2, 48.0), (242.1, 48.0), (257.1, 48.0), (272.0, 48.0), (286.9, 48.0), (301.9, 48.0), (316.8, 48.0), (331.7, 48.0), (346.7, 48.0), (361.6, 48.0), (376.5, 48.0), (391.5, 48.0), (406.4, 48.0), (417.6, 51.7), (417.6, 51.7), (417.6, 51.7), (417.6, 51.7), (417.6, 51.7), (417.6, 51.7), (417.6, 51.7), (417.6, 51.7), (417.6, 51.7), (417.6, 51.7), (417.6, 51.7), (417.6, 51.7), (417.6, 51.7), (417.6, 51.7), (417.6, 51.7), (417.6, 51.7), (417.6, 51.7), (417.6, 51.7), (417.6, 51.7), (417.6, 51.7), (417.6, 51.7), (417.6, 51.7), (417.6, 51.7), (417.6, 51.7), (417.6, 51.7), (417.6, 51.7), (417.6, 51.7), (417.6, 51.7), (417.6, 51.7), (417.6, 51.7), (417.6, 51.7), (417.6, 51.7), (417.6, 51.7), (417.6, 51.7), (417.6, 51.7), (417.6, 51.7)]",0,0,8.0
novice,bomberman,2,Bomb,7,0,14.93,0.259,"[(48.0, 48.0), (62.9, 51.7), (77.9, 51.7), (98.4, 51.7), (113.3, 57.3), (115.2, 72.3), (115.2, 89.1), (115.2, 107.7), (128.3, 115.2), (143.2, 115.2), (165.6, 115.2), (180.5, 124.5), (180.5, 132.0), (180.5, 128.3), (180.5, 128.3), (180.5, 132.0), (180.5, 128.3), (180.5, 128.3), (180.5, 132.0), (180.5, 128.3), (180.5, 128.3), (180.5, 132.0), (180.5, 128.3), (180.5, 128.3), (180.5, 132.0), (180.5, 128.3), (180.5, 128.3), (180.5, 132.0), (180.5, 128.3), (180.5, 128.3), (180.5, 132.0), (180.5, 126.4), (180.5, 126.4), (180.5, 126.4), (180.5, 126.4), (180.5, 126.4), (180.5, 126.4), (180.5, 126.4), (180.5, 126.4), (180.5, 126.4), (180.5, 126.4), (180.5, 126.4), (180.5, 126.4), (180.5, 126.4), (180.5, 126.4), (180.5, 126.4), (180.5, 126.4), (180.5, 126.4), (180.5, 126.4), (180.5, 126.4), (180.5, 126.4), (180.5, 126.4), (180.5, 126.4), (180.5, 126.4), (180.5, 126.4), (180.5, 126.4), (180.5, 126.4), (180.5, 126.4), (180.5, 126.4), (180.5, 126.4), (180.5, 126.4)]",0,0,8.0
novice,bomberman,2,Bomb,1,0,45.97,0.37,"[(48.0, 48.0), (62.9, 51.7), (77.9, 51.7), (98.4, 51.7), (113.3, 44.3), (128.3, 44.3), (143.2, 51.7), (165.6, 48.0), (180.5, 44.3), (195.5, 44.3), (210.4, 44.3), (225.3, 44.3), (240.3, 44.3), (255.2, 44.3), (270.1, 44.3), (285.1, 44.3), (300.0, 44.3), (314.9, 44.3), (329.9, 44.3), (344.8, 44.3), (359.7, 44.3), (374.7, 44.3), (389.6, 48.0), (406.4, 51.7), (426.9, 46.1), (436.3, 44.3), (436.3, 44.3), (436.3, 44.3), (436.3, 44.3), (436.3, 44.3), (436.3, 44.3), (436.3, 44.3), (436.3, 44.3), (436.3, 44.3), (436.3, 44.3), (436.3, 44.3), (436.3, 44.3), (436.3, 44.3), (436.3, 44.3), (436.3, 44.3), (436.3, 44.3), (436.3, 44.3), (436.3, 44.3), (436.3, 44.3), (436.3, 44.3), (436.3, 44.3), (436.3, 44.3), (436.3, 44.3), (436.3, 44.3), (436.3, 44.3), (436.3, 44.3), (436.3, 44.3), (436.3, 44.3), (436.3, 44.3), (436.3, 44.3), (436.3, 44.3), (436.3, 44.3), (436.3, 44.3), (436.3, 44.3), (436.3, 44.3), (436.3, 44.3)]",0,0,8.0
novice,bomberman,2,Bomb,37,0,18.78,0.926,"[(48.0, 48.0), (62.9, 51.7), (77.9, 51.7), (98.4, 51.7), (113.3, 57.3), (115.2, 72.3), (115.2, 89.1), (115.2, 102.1), (117.1, 109.6), (132.0, 115.2), (146.9, 115.2), (169.3, 115.2), (180.5, 128.3), (180.5, 128.3), (180.5, 128.3), (180.5, 132.0), (180.5, 128.3), (180.5, 128.3), (180.5, 132.0), (180.5, 128.3), (180.5, 128.3), (180.5, 132.0), (180.5, 128.3), (180.5, 128.3), (180.5, 132.0), (180.5, 128.3), (180.5, 128.3), (180.5, 132.0), (180.5, 128.3), (180.5, 128.3), (180.5, 132.0), (180.5, 128.3), (180.5, 128.3), (180.5, 132.0), (180.5, 128.3), (180.5, 126.4), (180.5, 126.4), (180.5, 126.4), (180.5, 126.4), (180.5, 126.4), (180.5, 126.4), (180.5, 126.4), (180.5, 126.4), (180.5, 126.4), (180.5, 126.4), (180.5, 126.4), (180.5, 126.4), (180.5, 126.4), (180.5, 126.4), (180.5, 126.4), (180.5, 126.4), (180.5, 126.4), (180.5, 126.4), (180.5, 126.4), (180.5, 126.4), (180.5, 126.4), (180.5, 126.4), (180.5, 137.6), (180.5, 156.3), (182.4, 174.9), (197.3, 180.5), (212.3, 180.5), (227.2, 180.5), (242.1, 188.0), (244.0, 202.9), (244.0, 217.9), (244.0, 232.8), (255.2, 244.0), (270.1, 244.0), (290.7, 244.0), (305.6, 251.5), (307.5, 266.4), (307.5, 285.1), (309.3, 301.9), (324.3, 307.5), (339.2, 307.5), (359.7, 307.5), (372.8, 318.7), (372.8, 333.6), (372.8, 348.5), (372.8, 363.5), (372.8, 372.8), (372.8, 372.8), (372.8, 372.8), (372.8, 372.8), (372.8, 372.8), (372.8, 372.8), (372.8, 372.8), (372.8, 372.8), (372.8, 372.8), (372.8, 372.8), (372.8, 372.8), (372.8, 372.8), (372.8, 372.8), (372.8, 372.8), (372.8, 372.8), (372.8, 372.8), (372.8, 372.8), (372.8, 372.8), (372.8, 372.8), (372.8, 372.8), (372.8, 372.8), (372.8, 372.8), (372.8, 372.8), (372.8, 372.8), (372.8, 372.8), (372.8, 372.8), (372.8, 372.8), (372.8, 372.8), (372.8, 372.8), (372.8, 372.8), (372.8, 372.8), (372.8, 372.8), (372.8, 372.8), (372.8, 372.8), (372.8, 372.8), (372.8, 372.8), (372.8, 372.8), (372.8, 372.8), (372.8, 372.8), (372.8, 372.8)]",0,1,16.0
novice,bomberman,2,Bomb,1,0,45.97,0.37,"[(48.0, 48.0), (62.9, 44.3), (77.9, 51.7), (98.4, 51.7), (113.3, 44.3), (128.3, 44.3), (143.2, 51.7), (165.6, 48.0), (180.5, 44.3), (195.5, 44.3), (210.4, 44.3), (225.3, 44.3), (240.3, 44.3), (255.2, 44.3), (270.1, 44.3), (285.1, 44.3), (300.0, 44.3), (314.9, 44.3), (329.9, 44.3), (344.8, 44.3), (359.7, 44.3), (374.7, 44.3), (389.6, 48.0), (406.4, 51.7), (426.9, 46.1), (436.3, 44.3), (436.3, 44.3), (436.3, 44.3), (436.3, 44.3), (436.3, 44.3), (436.3, 44.3), (436.3, 44.3), (436.3, 44.3), (436.3, 44.3), (436.3, 44.3), (436.3, 44.3), (436.3, 44.3), (436.3, 44.3), (436.3, 44.3), (436.3, 44.3), (436.3, 44.3), (436.3, 44.3), (436.3, 44.3), (436.3, 44.3), (436.3, 44.3), (436.3, 44.3), (436.3, 44.3), (436.3, 44.3), (436.3, 44.3), (436.3, 44.3), (436.3, 44.3), (436.3, 44.3), (436.3, 44.3), (436.3, 44.3), (436.3, 44.3), (436.3, 44.3), (436.3, 44.3), (436.3, 44.3), (436.3, 44.3), (436.3, 44.3), (436.3, 44.3)]",0,0,8.0
novice,bomberman,2,Bomb,1,0,3.73,0.037,"[(48.0, 48.0), (62.9, 51.7), (66.7, 51.7), (62.9, 51.7), (66.7, 51.7), (66.7, 51.7), (62.9, 51.7), (66.7, 51.7), (66.7, 51.7), (62.9, 51.7), (66.7, 51.7), (66.7, 51.7), (62.9, 51.7), (66.7, 51.7), (66.7, 51.7), (62.9, 51.7), (66.7, 51.7), (66.7, 51.7), (62.9, 51.7), (66.7, 51.7), (66.7, 51.7), (62.9, 51.7), (66.7, 51.7), (66.7, 51.7), (62.9, 51.7), (66.7, 51.7), (66.7, 51.7), (62.9, 51.7), (66.7, 51.7), (66.7, 51.7), (62.9, 51.7)]",0,0,4.0
novice,bomberman,2,Bomb,5,0,48.53,0.37,"[(48.0, 48.0), (62.9, 48.0), (77.9, 48.0), (92.8, 48.0), (107.7, 48.0), (122.7, 48.0), (137.6, 48.0), (152.5, 48.0), (167.5, 48.0), (182.4, 48.0), (197.3, 48.0), (212.3, 48.0), (227.2, 48.0), (242.1, 48.0), (257.1, 48.0), (272.0, 48.0), (286.9, 48.0), (301.9, 48.0), (316.8, 48.0), (331.7, 48.0), (346.7, 48.0), (361.6, 48.0), (376.5, 48.0), (391.5, 48.0), (406.4, 48.0), (417.6, 48.0), (417.6, 48.0), (417.6, 48.0), (417.6, 48.0), (417.6, 48.0), (417.6, 48.0), (423.2, 48.0), (423.2, 48.0), (423.2, 48.0), (423.2, 48.0), (423.2, 48.0), (423.2, 48.0), (423.2, 48.0), (423.2, 48.0), (423.2, 48.0), (423.2, 48.0), (423.2, 48.0), (423.2, 48.0), (423.2, 48.0), (423.2, 48.0), (423.2, 48.0), (423.2, 48.0), (423.2, 48.0), (423.2, 48.0), (423.2, 48.0), (423.2, 48.0), (423.2, 48.0), (423.2, 48.0), (423.2, 48.0), (423.2, 48.0), (423.2, 48.0), (423.2, 48.0), (434.4, 48.0), (436.3, 48.0), (436.3, 48.0), (436.3, 48.0)]",0,0,8.0
novice,bomberman,2,Bomb,37,0,18.78,0.926,"[(48.0, 48.0), (62.9, 51.7), (77.9, 51.7), (98.4, 51.7), (113.3, 57.3), (115.2, 72.3), (115.2, 89.1), (115.2, 102.1), (117.1, 109.6), (132.0, 115.2), (146.9, 115.2), (169.3, 115.2), (180.5, 128.3), (180.5, 128.3), (180.5, 128.3), (180.5, 132.0), (180.5, 128.3), (180.5, 128.3), (180.5, 132.0), (180.5, 128.3), (180.5, 128.3), (180.5, 132.0), (180.5, 128.3), (180.5, 128.3), (180.5, 132.0), (180.5, 128.3), (180.5, 128.3), (180.5, 132.0), (180.5, 128.3), (180.5, 128.3), (180.5, 132.0), (180.5, 128.3), (180.5, 128.3), (180.5, 132.0), (180.5, 128.3), (180.5, 126.4), (180.5, 126.4), (180.5, 126.4), (180.5, 126.4), (180.5, 126.4), (180.5, 126.4), (180.5, 126.4), (180.5, 126.4), (180.5, 126.4), (180.5, 126.4), (180.5, 126.4), (180.5, 126.4), (180.5, 126.4), (180.5, 126.4), (180.5, 126.4), (180.5, 126.4), (180.5, 126.4), (180.5, 126.4), (180.5, 126.4), (180.5, 126.4), (180.5, 126.4), (180.5, 126.4), (180.5, 137.6), (180.5, 156.3), (182.4, 174.9), (197.3, 180.5), (212.3, 180.5), (227.2, 180.5), (242.1, 188.0), (244.0, 202.9), (244.0, 217.9), (244.0, 232.8), (255.2, 244.0), (270.1, 244.0), (290.7, 244.0), (305.6, 251.5), (307.5, 266.4), (307.5, 285.1), (309.3, 301.9), (324.3, 307.5), (339.2, 307.5), (359.7, 307.5), (372.8, 318.7), (372.8, 333.6), (372.8, 348.5), (372.8, 363.5), (372.8, 372.8), (372.8, 372.8), (372.8, 372.8), (372.8, 372.8), (372.8, 372.8), (372.8, 372.8), (372.8, 372.8), (372.8, 372.8), (372.8, 372.8), (372.8, 372.8), (372.8, 372.8), (372.8, 372.8), (372.8, 372.8), (372.8, 372.8), (372.8, 372.8), (372.8, 372.8), (372.8, 372.8), (372.8, 372.8), (372.8, 372.8), (372.8, 372.8), (372.8, 372.8), (372.8, 372.8), (372.8, 372.8), (372.8, 372.8), (372.8, 372.8), (372.8, 372.8), (372.8, 372.8), (372.8, 372.8), (372.8, 372.8), (372.8, 372.8), (372.8, 372.8), (372.8, 372.8), (372.8, 372.8), (372.8, 372.8), (372.8, 372.8), (372.8, 372.8), (372.8, 372.8), (372.8, 372.8), (372.8, 372.8), (372.8, 372.8)]",0,1,16.0
novice,bomberman,2,Bomb,5,0,48.53,0.37,"[(48.0, 48.0), (62.9, 48.0), (77.9, 48.0), (92.8, 48.0), (107.7, 48.0), (122.7, 48.0), (137.6, 48.0), (152.5, 48.0), (167.5, 48.0), (182.4, 48.0), (197.3, 48.0), (212.3, 48.0), (227.2, 48.0), (242.1, 48.0), (257.1, 48.0), (272.0, 48.0), (286.9, 48.0), (301.9, 48.0), (316.8, 48.0), (331.7, 48.0), (346.7, 48.0), (361.6, 48.0), (376.5, 48.0), (391.5, 48.0), (406.4, 48.0), (417.6, 48.0), (417.6, 48.0), (417.6, 48.0), (417.6, 48.0), (417.6, 48.0), (417.6, 48.0), (423.2, 48.0), (423.2, 48.0), (423.2, 48.0), (423.2, 48.0), (423.2, 48.0), (423.2, 48.0), (423.2, 48.0), (423.2, 48.0), (423.2, 48.0), (423.2, 48.0), (423.2, 48.0), (423.2, 48.0), (423.2, 48.0), (423.2, 48.0), (423.2, 48.0), (423.2, 48.0), (423.2, 48.0), (423.2, 48.0), (423.2, 48.0), (423.2, 48.0), (423.2, 48.0), (423.2, 48.0), (423.2, 48.0), (423.2, 48.0), (423.2, 48.0), (423.2, 48.0), (434.4, 48.0), (436.3, 48.0), (436.3, 48.0), (436.3, 48.0)]",0,0,8.0
novice,bomberman,2,Bomb,1,0,45.97,0.37,"[(48.0, 48.0), (62.9, 44.3), (77.9, 51.7), (98.4, 51.7), (113.3, 44.3), (128.3, 44.3), (143.2, 51.7), (165.6, 48.0), (180.5, 44.3), (195.5, 44.3), (210.4, 44.3), (225.3, 44.3), (240.3, 44.3), (255.2, 44.3), (270.1, 44.3), (285.1, 44.3), (300.0, 44.3), (314.9, 44.3), (329.9, 44.3), (344.8, 44.3), (359.7, 44.3), (374.7, 44.3), (389.6, 48.0), (406.4, 51.7), (426.9, 46.1), (436.3, 44.3), (436.3, 44.3), (436.3, 44.3), (436.3, 44.3), (436.3, 44.3), (436.3, 44.3), (436.3, 44.3), (436.3, 44.3), (436.3, 44.3), (436.3, 44.3), (436.3, 44.3), (436.3, 44.3), (436.3, 44.3), (436.3, 44.3), (436.3, 44.3), (436.3, 44.3), (436.3, 44.3), (436.3, 44.3), (436.3, 44.3), (436.3, 44.3), (436.3, 44.3), (436.3, 44.3), (436.3, 44.3), (436.3, 44.3), (436.3, 44.3), (436.3, 44.3), (436.3, 44.3), (436.3, 44.3), (436.3, 44.3), (436.3, 44.3), (436.3, 44.3), (436.3, 44.3), (436.3, 44.3), (436.3, 44.3), (436.3, 44.3), (436.3, 44.3)]",0,0,8.0
novice,bomberman,2,Bomb,1,0,45.97,0.37,"[(48.0, 48.0), (62.9, 51.7), (77.9, 51.7), (98.4, 51.7), (113.3, 44.3), (128.3, 44.3), (143.2, 51.7), (165.6, 48.0), (180.5, 44.3), (195.5, 44.3), (210.4, 44.3), (225.3, 44.3), (240.3, 44.3), (255.2, 44.3), (270.1, 44.3), (285.1, 44.3), (300.0, 44.3), (314.9, 44.3), (329.9, 44.3), (344.8, 44.3), (359.7, 44.3), (374.7, 44.3), (389.6, 48.0), (406.4, 51.7), (426.9, 46.1), (436.3, 44.3), (436.3, 44.3), (436.3, 44.3), (436.3, 44.3), (436.3, 44.3), (436.3, 44.3), (436.3, 44.3), (436.3, 44.3), (436.3, 44.3), (436.3, 44.3), (436.3, 44.3), (436.3, 44.3), (436.3, 44.3), (436.3, 44.3), (436.3, 44.3), (436.3, 44.3), (436.3, 44.3), (436.3, 44.3), (436.3, 44.3), (436.3, 44.3), (436.3, 44.3), (436.3, 44.3), (436.3, 44.3), (436.3, 44.3), (436.3, 44.3), (436.3, 44.3), (436.3, 44.3), (436.3, 44.3), (436.3, 44.3), (436.3, 44.3), (436.3, 44.3), (436.3, 44.3), (436.3, 44.3), (436.3, 44.3), (436.3, 44.3), (436.3, 44.3)]",0,0,8.0
novice,bomberman,2,Bomb,5,0,46.9,0.37,"[(48.0, 48.0), (62.9, 48.0), (77.9, 48.0), (92.8, 48.0), (107.7, 48.0), (122.7, 48.0), (137.6, 48.0), (152.5, 48.0), (167.5, 48.0), (182.4, 48.0), (197.3, 48.0), (212.3, 48.0), (227.2, 48.0), (242.1, 48.0), (257.1, 48.0), (272.0, 48.0), (286.9, 48.0), (301.9, 48.0), (316.8, 48.0), (331.7, 48.0), (346.7, 48.0), (361.6, 48.0), (376.5, 48.0), (391.5, 48.0), (406.4, 48.0), (417.6, 48.0), (417.6, 48.0), (417.6, 48.0), (417.6, 48.0), (417.6, 48.0), (417.6, 48.0), (423.2, 48.0), (423.2, 48.0), (423.2, 48.0), (423.2, 48.0), (423.2, 48.0), (423.2, 48.0), (423.2, 48.0), (423.2, 48.0), (423.2, 48.0), (423.2, 48.0), (423.2, 48.0), (423.2, 48.0), (423.2, 48.0), (423.2, 48.0), (423.2, 48.0), (423.2, 48.0), (423.2, 48.0), (423.2, 48.0), (423.2, 48.0), (423.2, 48.0), (423.2, 48.0), (423.2, 48.0), (423.2, 48.0), (423.2, 48.0), (423.2, 48.0), (423.2, 48.0), (423.2, 48.0), (423.2, 48.0), (423.2, 48.0), (423.2, 48.0)]",0,0,8.0
novice,bomberman,2,Bomb,33,0,18.78,0.926,"[(48.0, 48.0), (62.9, 51.7), (77.9, 51.7), (98.4, 51.7), (113.3, 57.3), (115.2, 72.3), (115.2, 89.1), (115.2, 107.7), (128.3, 115.2), (143.2, 115.2), (165.6, 115.2), (180.5, 124.5), (180.5, 132.0), (180.5, 128.3), (180.5, 128.3), (180.5, 132.0), (180.5, 128.3), (180.5, 128.3), (180.5, 132.0), (180.5, 128.3), (180.5, 128.3), (180.5, 132.0), (180.5, 128.3), (180.5, 128.3), (180.5, 132.0), (180.5, 128.3), (180.5, 128.3), (180.5, 132.0), (180.5, 128.3), (180.5, 128.3), (180.5, 132.0), (180.5, 128.3), (180.5, 128.3), (180.5, 132.0), (180.5, 128.3), (180.5, 128.3), (180.5, 132.0), (180.5, 128.3), (180.5, 128.3), (180.5, 132.0), (180.5, 128.3), (180.5, 128.3), (180.5, 132.0), (180.5, 128.3), (180.5, 128.3), (180.5, 132.0), (180.5, 128.3), (180.5, 128.3), (180.5, 132.0), (180.5, 128.3), (180.5, 128.3), (180.5, 132.0), (180.5, 128.3), (180.5, 128.3), (180.5, 132.0), (180.5, 128.3), (180.5, 128.3), (180.5, 143.2), (180.5, 165.6), (188.0, 180.5), (202.9, 180.5), (217.9, 180.5), (232.8, 180.5), (244.0, 193.6), (244.0, 208.5), (244.0, 223.5), (245.9, 238.4), (260.8, 244.0), (275.7, 244.0), (296.3, 244.0), (307.5, 257.1), (307.5, 272.0), (307.5, 292.5), (314.9, 307.5), (329.9, 307.5), (350.4, 307.5), (365.3, 309.3), (372.8, 324.3), (372.8, 339.2), (372.8, 354.1), (372.8, 369.1), (372.8, 372.8), (372.8, 372.8), (372.8, 372.8), (372.8, 372.8), (372.8, 372.8), (372.8, 372.8), (372.8, 372.8), (372.8, 372.8), (372.8, 372.8), (372.8, 372.8), (372.8, 372.8), (372.8, 372.8), (372.8, 372.8), (372.8, 372.8), (372.8, 372.8), (372.8, 372.8), (372.8, 372.8), (372.8, 372.8), (372.8, 372.8), (372.8, 372.8), (372.8, 372.8), (372.8, 372.8), (372.8, 372.8), (372.8, 372.8), (372.8, 372.8), (372.8, 372.8), (372.8, 372.8), (372.8, 372.8), (372.8, 372.8), (372.8, 372.8), (372.8, 372.8), (372.8, 372.8), (372.8, 372.8), (372.8, 372.8), (372.8, 372.8), (372.8, 372.8), (372.8, 372.8), (372.8, 372.8), (372.8, 372.8), (372.8, 372.8)]",0,1,16.0
novice,bomberman,2,Stuck,1,0,41.01,0.37,"[(48.0, 48.0), (62.9, 48.0), (77.9, 48.0), (92.8, 48.0), (107.7, 44.3), (122.7, 44.3), (137.6, 44.3), (152.5, 44.3), (167.5, 44.3), (182.4, 44.3), (197.3, 44.3), (212.3, 44.3), (227.2, 44.3), (242.1, 44.3), (257.1, 44.3), (272.0, 44.3), (286.9, 44.3), (301.9, 44.3), (316.8, 44.3), (331.7, 44.3), (346.7, 44.3), (361.6, 44.3), (376.5, 44.3), (391.5, 44.3), (406.4, 44.3), (421.3, 44.3), (436.3, 44.3), (436.3, 44.3), (436.3, 44.3), (436.3, 44.3), (436.3, 44.3), (436.3, 44.3), (436.3, 44.3), (436.3, 44.3), (436.3, 44.3), (436.3, 44.3), (436.3, 44.3), (436.3, 44.3), (436.3, 44.3), (436.3, 44.3), (436.3, 44.3), (436.3, 44.3), (436.3, 44.3), (436.3, 44.3), (436.3, 44.3), (436.3, 44.3), (436.3, 44.3), (436.3, 44.3), (436.3, 44.3), (436.3, 44.3), (436.3, 44.3), (436.3, 44.3), (436.3, 44.3), (436.3, 44.3), (436.3, 44.3), (436.3, 44.3), (436.3, 44.3), (436.3, 44.3), (436.3, 44.3), (436.3, 44.3), (436.3, 44.3), (436.3, 44.3), (436.3, 44.3), (436.3, 44.3), (436.3, 44.3), (436.3, 44.3), (436.3, 44.3), (436.3, 44.3), (436.3, 44.3), (436.3, 44.3), (436.3, 44.3), (436.3, 44.3)]",0,0,9.47
novice,bomberman,2,Bomb,1,0,0.0,0.0,"[(48.0, 48.0), (48.0, 48.0), (48.0, 48.0), (48.0, 48.0), (48.0, 48.0), (48.0, 48.0), (48.0, 48.0), (48.0, 48.0), (48.0, 48.0), (48.0, 48.0), (48.0, 48.0), (48.0, 48.0), (48.0, 48.0), (48.0, 48.0), (48.0, 48.0), (48.0, 48.0), (48.0, 48.0), (48.0, 48.0), (48.0, 48.0), (48.0, 48.0), (48.0, 48.0), (48.0, 48.0), (48.0, 48.0), (48.0, 48.0), (48.0, 48.0), (48.0, 48.0), (48.0, 48.0), (48.0, 48.0), (48.0, 48.0), (48.0, 48.0), (48.0, 48.0)]",0,0,4.0
novice,bomberman,2,Bomb,3,0,23.57,0.407,"[(48.0, 48.0), (62.9, 51.7), (77.9, 51.7), (92.8, 51.7), (107.7, 51.7), (115.2, 66.7), (115.2, 81.6), (115.2, 102.1), (122.7, 115.2), (137.6, 115.2), (152.5, 115.2), (167.5, 115.2), (180.5, 126.4), (180.5, 141.3), (180.5, 163.7), (186.1, 178.7), (201.1, 180.5), (221.6, 180.5), (238.4, 184.3), (244.0, 191.7), (244.0, 193.6), (244.0, 197.3), (244.0, 193.6), (244.0, 193.6), (244.0, 197.3), (244.0, 193.6), (244.0, 193.6), (244.0, 197.3), (244.0, 193.6), (244.0, 193.6), (244.0, 197.3), (244.0, 193.6), (244.0, 193.6), (244.0, 197.3), (244.0, 193.6), (244.0, 193.6), (244.0, 197.3), (244.0, 193.6), (244.0, 193.6), (244.0, 197.3), (244.0, 193.6), (244.0, 193.6), (244.0, 197.3), (244.0, 193.6), (244.0, 193.6), (244.0, 197.3), (244.0, 193.6), (244.0, 193.6), (244.0, 197.3), (244.0, 193.6), (244.0, 193.6), (244.0, 197.3), (244.0, 193.6), (244.0, 193.6), (244.0, 197.3), (244.0, 193.6), (244.0, 193.6), (244.0, 197.3), (244.0, 193.6), (244.0, 193.6), (244.0, 197.3)]",0,0,8.0
novice,bomberman,2,Bomb,1,0,46.9,0.37,"[(48.0, 48.0), (62.9, 51.7), (77.9, 51.7), (98.4, 51.7), (113.3, 44.3), (128.3, 44.3), (143.2, 51.7), (165.6, 48.0), (180.5, 44.3), (195.5, 44.3), (210.4, 44.3), (225.3, 44.3), (240.3, 44.3), (255.2, 44.3), (270.1, 44.3), (285.1, 44.3), (300.0, 44.3), (314.9, 44.3), (329.9, 44.3), (344.8, 44.3), (359.7, 44.3), (374.7, 44.3), (389.6, 44.3), (404.5, 44.3), (419.5, 44.3), (434.4, 44.3), (436.3, 44.3), (436.3, 44.3), (436.3, 44.3), (436.3, 44.3), (436.3, 44.3), (436.3, 44.3), (436.3, 44.3), (436.3, 44.3), (436.3, 44.3), (436.3, 44.3), (436.3, 44.3), (436.3, 44.3), (436.3, 44.3), (436.3, 44.3), (436.3, 44.3), (436.3, 44.3), (436.3, 44.3), (436.3, 44.3), (436.3, 44.3), (436.3, 44.3), (436.3, 44.3), (436.3, 44.3), (436.3, 44.3), (436.3, 44.3), (436.3, 44.3), (436.3, 44.3), (436.3, 44.3), (436.3, 44.3), (436.3, 44.3), (436.3, 44.3), (436.3, 44.3), (436.3, 44.3), (436.3, 44.3), (436.3, 44.3), (436.3, 44.3)]",0,0,8.0
novice,bomberman,2,Bomb,33,0,18.78,0.926,"[(48.0, 48.0), (62.9, 51.7), (77.9, 51.7), (98.4, 51.7), (113.3, 57.3), (115.2, 72.3), (115.2, 89.1), (115.2, 107.7), (128.3, 115.2), (143.2, 115.2), (165.6, 115.2), (180.5, 124.5), (180.5, 132.0), (180.5, 128.3), (180.5, 128.3), (180.5, 132.0), (180.5, 128.3), (180.5, 128.3), (180.5, 132.0), (180.5, 128.3), (180.5, 128.3), (180.5, 132.0), (180.5, 128.3), (180.5, 128.3), (180.5, 132.0), (180.5, 128.3), (180.5, 128.3), (180.5, 132.0), (180.5, 128.3), (180.5, 128.3), (180.5, 132.0), (180.5, 128.3), (180.5, 128.3), (180.5, 132.0), (180.5, 128.3), (180.5, 128.3), (180.5, 132.0), (180.5, 128.3), (180.5, 128.3), (180.5, 132.0), (180.5, 128.3), (180.5, 128.3), (180.5, 132.0), (180.5, 128.3), (180.5, 128.3), (180.5, 132.0), (180.5, 128.3), (180.5, 128.3), (180.5, 132.0), (180.5, 128.3), (180.5, 128.3), (180.5, 132.0), (180.5, 128.3), (180.5, 128.3), (180.5, 132.0), (180.5, 128.3), (180.5, 128.3), (180.5, 143.2), (180.5, 165.6), (188.0, 180.5), (202.9, 180.5), (217.9, 180.5), (232.8, 180.5), (244.0, 193.6), (244.0, 208.5), (244.0, 223.5), (245.9, 238.4), (260.8, 244.0), (275.7, 244.0), (296.3, 244.0), (307.5, 257.1), (307.5, 272.0), (307.5, 292.5), (314.9, 307.5), (329.9, 307.5), (350.4, 307.5), (365.3, 309.3), (372.8, 324.3), (372.8, 339.2), (372.8, 354.1), (372.8, 369.1), (372.8, 372.8), (372.8, 372.8), (372.8, 372.8), (372.8, 372.8), (372.8, 372.8), (372.8, 372.8), (372.8, 372.8), (372.8, 372.8), (372.8, 372.8), (372.8, 372.8), (372.8, 372.8), (372.8, 372.8), (372.8, 372.8), (372.8, 372.8), (372.8, 372.8), (372.8, 372.8), (372.8, 372.8), (372.8, 372.8), (372.8, 372.8), (372.8, 372.8), (372.8, 372.8), (372.8, 372.8), (372.8, 372.8), (372.8, 372.8), (372.8, 372.8), (372.8, 372.8), (372.8, 372.8), (372.8, 372.8), (372.8, 372.8), (372.8, 372.8), (372.8, 372.8), (372.8, 372.8), (372.8, 372.8), (372.8, 372.8), (372.8, 372.8), (372.8, 372.8), (372.8, 372.8), (372.8, 372.8), (372.8, 372.8), (372.8, 372.8)]",0,1,16.0
novice,bomberman,2,Bomb,37,0,18.78,0.926,"[(48.0, 48.0), (62.9, 51.7), (77.9, 51.7), (98.4, 51.7), (113.3, 57.3), (115.2, 72.3), (115.2, 89.1), (115.2, 102.1), (117.1, 109.6), (132.0, 115.2), (146.9, 115.2), (169.3, 115.2), (180.5, 128.3), (180.5, 128.3), (180.5, 128.3), (180.5, 132.0), (180.5, 128.3), (180.5, 128.3), (180.5, 132.0), (180.5, 128.3), (180.5, 128.3), (180.5, 132.0), (180.5, 128.3), (180.5, 128.3), (180.5, 132.0), (180.5, 128.3), (180.5, 128.3), (180.5, 132.0), (180.5, 128.3), (180.5, 128.3), (180.5, 132.0), (180.5, 128.3), (180.5, 128.3), (180.5, 132.0), (180.5, 128.3), (180.5, 126.4), (180.5, 126.4), (180.5, 126.4), (180.5, 126.4), (180.5, 126.4), (180.5, 126.4), (180.5, 126.4), (180.5, 126.4), (180.5, 126.4), (180.5, 126.4), (180.5, 126.4), (180.5, 126.4), (180.5, 126.4), (180.5, 126.4), (180.5, 126.4), (180.5, 126.4), (180.5, 126.4), (180.5, 126.4), (180.5, 126.4), (180.5, 126.4), (180.5, 126.4), (180.5, 126.4), (180.5, 137.6), (180.5, 156.3), (182.4, 174.9), (197.3, 180.5), (212.3, 180.5), (227.2, 180.5), (242.1, 188.0), (244.0, 202.9), (244.0, 217.9), (244.0, 232.8), (255.2, 244.0), (270.1, 244.0), (290.7, 244.0), (305.6, 251.5), (307.5, 266.4), (307.5, 285.1), (309.3, 301.9), (324.3, 307.5), (339.2, 307.5), (359.7, 307.5), (372.8, 318.7), (372.8, 333.6), (372.8, 348.5), (372.8, 363.5), (372.8, 372.8), (372.8, 372.8), (372.8, 372.8), (372.8, 372.8), (372.8, 372.8), (372.8, 372.8), (372.8, 372.8), (372.8, 372.8), (372.8, 372.8), (372.8, 372.8), (372.8, 372.8), (372.8, 372.8), (372.8, 372.8), (372.8, 372.8), (372.8, 372.8), (372.8, 372.8), (372.8, 372.8), (372.8, 372.8), (372.8, 372.8), (372.8, 372.8), (372.8, 372.8), (372.8, 372.8), (372.8, 372.8), (372.8, 372.8), (372.8, 372.8), (372.8, 372.8), (372.8, 372.8), (372.8, 372.8), (372.8, 372.8), (372.8, 372.8), (372.8, 372.8), (372.8, 372.8), (372.8, 372.8), (372.8, 372.8), (372.8, 372.8), (372.8, 372.8), (372.8, 372.8), (372.8, 372.8), (372.8, 372.8), (372.8, 372.8)]",0,1,16.0
novice,bomberman,2,Bomb,3,0,23.57,0.407,"[(48.0, 48.0), (62.9, 51.7), (77.9, 51.7), (92.8, 51.7), (107.7, 51.7), (115.2, 66.7), (115.2, 81.6), (115.2, 102.1), (122.7, 115.2), (137.6, 115.2), (152.5, 115.2), (167.5, 115.2), (180.5, 126.4), (180.5, 141.3), (180.5, 163.7), (186.1, 178.7), (201.1, 180.5), (221.6, 180.5), (238.4, 184.3), (244.0, 191.7), (244.0, 193.6), (244.0, 197.3), (244.0, 193.6), (244.0, 193.6), (244.0, 197.3), (244.0, 193.6), (244.0, 193.6), (244.0, 197.3), (244.0, 193.6), (244.0, 193.6), (244.0, 197.3), (244.0, 193.6), (244.0, 193.6), (244.0, 197.3), (244.0, 193.6), (244.0, 193.6), (244.0, 197.3), (244.0, 193.6), (244.0, 193.6), (244.0, 197.3), (244.0, 193.6), (244.0, 193.6), (244.0, 197.3), (244.0, 193.6), (244.0, 193.6), (244.0, 197.3), (244.0, 193.6), (244.0, 193.6), (244.0, 197.3), (244.0, 193.6), (244.0, 193.6), (244.0, 197.3), (244.0, 193.6), (244.0, 193.6), (244.0, 197.3), (244.0, 193.6), (244.0, 193.6), (244.0, 197.3), (244.0, 193.6), (244.0, 193.6), (244.0, 197.3)]",0,0,8.0
novice,bomberman,2,Bomb,1,0,46.9,0.37,"[(48.0, 48.0), (62.9, 51.7), (77.9, 51.7), (98.4, 51.7), (113.3, 44.3), (128.3, 44.3), (143.2, 51.7), (165.6, 48.0), (180.5, 44.3), (195.5, 44.3), (210.4, 44.3), (225.3, 44.3), (240.3, 44.3), (255.2, 44.3), (270.1, 44.3), (285.1, 44.3), (300.0, 44.3), (314.9, 44.3), (329.9, 44.3), (344.8, 44.3), (359.7, 44.3), (374.7, 44.3), (389.6, 44.3), (404.5, 44.3), (419.5, 44.3), (434.4, 44.3), (436.3, 44.3), (436.3, 44.3), (436.3, 44.3), (436.3, 44.3), (436.3, 44.3), (436.3, 44.3), (436.3, 44.3), (436.3, 44.3), (436.3, 44.3), (436.3, 44.3), (436.3, 44.3), (436.3, 44.3), (436.3, 44.3), (436.3, 44.3), (436.3, 44.3), (436.3, 44.3), (436.3, 44.3), (436.3, 44.3), (436.3, 44.3), (436.3, 44.3), (436.3, 44.3), (436.3, 44.3), (436.3, 44.3), (436.3, 44.3), (436.3, 44.3), (436.3, 44.3), (436.3, 44.3), (436.3, 44.3), (436.3, 44.3), (436.3, 44.3), (436.3, 44.3), (436.3, 44.3), (436.3, 44.3), (436.3, 44.3), (436.3, 44.3)]",0,0,8.0
novice,bomberman,2,Bomb,1,0,38.97,0.407,"[(48.0, 48.0), (62.9, 48.0), (77.9, 48.0), (92.8, 48.0), (107.7, 48.0), (122.7, 48.0), (137.6, 48.0), (152.5, 48.0), (167.5, 48.0), (182.4, 48.0), (197.3, 51.7), (214.1, 51.7), (234.7, 51.7), (249.6, 51.7), (264.5, 51.7), (283.2, 51.7), (300.0, 51.7), (314.9, 51.7), (329.9, 51.7), (344.8, 51.7), (359.7, 51.7), (372.8, 62.9), (372.8, 66.7), (372.8, 66.7), (372.8, 62.9), (372.8, 66.7), (372.8, 66.7), (372.8, 62.9), (372.8, 66.7), (372.8, 66.7), (372.8, 62.9), (372.8, 62.9), (372.8, 62.9), (372.8, 62.9), (372.8, 62.9), (372.8, 62.9), (372.8, 62.9), (372.8, 62.9), (372.8, 62.9), (372.8, 62.9), (372.8, 62.9), (372.8, 62.9), (372.8, 62.9), (372.8, 62.9), (372.8, 62.9), (372.8, 62.9), (372.8, 62.9), (372.8, 62.9), (372.8, 62.9), (372.8, 62.9), (372.8, 62.9), (372.8, 62.9), (372.8, 62.9), (372.8, 62.9), (372.8, 62.9), (372.8, 62.9), (372.8, 62.9), (372.8, 62.9), (372.8, 62.9), (372.8, 62.9), (372.8, 62.9)]",0,0,8.0
novice,bomberman,2,Bomb,3,0,12.6,0.222,"[(48.0, 48.0), (62.9, 51.7), (77.9, 51.7), (98.4, 51.7), (113.3, 57.3), (115.2, 72.3), (115.2, 89.1), (115.2, 98.4), (115.2, 98.4), (115.2, 98.4), (115.2, 98.4), (115.2, 98.4), (115.2, 98.4), (115.2, 98.4), (115.2, 98.4), (115.2, 98.4), (115.2, 98.4), (115.2, 98.4), (115.2, 98.4), (115.2, 98.4), (115.2, 98.4), (115.2, 98.4), (115.2, 98.4), (115.2, 98.4), (115.2, 98.4), (115.2, 98.4), (115.2, 98.4), (115.2, 109.6), (130.1, 115.2), (145.1, 115.2), (161.9, 115.2), (161.9, 115.2), (161.9, 115.2), (161.9, 115.2), (161.9, 115.2), (161.9, 115.2), (161.9, 115.2), (161.9, 115.2), (161.9, 115.2), (161.9, 115.2), (161.9, 115.2), (161.9, 115.2), (161.9, 115.2), (161.9, 115.2), (161.9, 115.2), (161.9, 115.2), (161.9, 115.2), (161.9, 115.2), (161.9, 115.2), (161.9, 115.2), (161.9, 115.2), (161.9, 115.2), (161.9, 115.2), (161.9, 115.2), (161.9, 115.2), (161.9, 115.2), (161.9, 115.2), (161.9, 115.2), (161.9, 115.2), (161.9, 115.2), (161.9, 115.2)]",0,0,8.0
novice,bomberman,2,Bomb,43,0,14.99,0.926,"[(48.0, 48.0), (62.9, 51.7), (77.9, 51.7), (98.4, 51.7), (113.3, 57.3), (115.2, 64.8), (115.2, 68.5), (115.2, 64.8), (115.2, 64.8), (115.2, 68.5), (115.2, 64.8), (115.2, 64.8), (115.2, 68.5), (115.2, 64.8), (115.2, 64.8), (115.2, 68.5), (115.2, 64.8), (115.2, 64.8), (115.2, 68.5), (115.2, 64.8), (115.2, 64.8), (115.2, 68.5), (115.2, 64.8), (115.2, 64.8), (115.2, 68.5), (115.2, 64.8), (115.2, 64.8), (115.2, 68.5), (115.2, 64.8), (115.2, 64.8), (115.2, 68.5), (115.2, 72.3), (115.2, 89.1), (115.2, 107.7), (128.3, 115.2), (143.2, 115.2), (158.1, 115.2), (173.1, 117.1), (180.5, 128.3), (180.5, 126.4), (180.5, 130.1), (180.5, 130.1), (180.5, 126.4), (180.5, 130.1), (180.5, 130.1), (180.5, 126.4), (180.5, 130.1), (180.5, 130.1), (180.5, 126.4), (180.5, 130.1), (180.5, 130.1), (180.5, 126.4), (180.5, 130.1), (180.5, 130.1), (180.5, 126.4), (180.5, 130.1), (180.5, 130.1), (180.5, 126.4), (180.5, 130.1), (180.5, 130.1), (180.5, 126.4), (180.5, 126.4), (180.5, 126.4), (180.5, 126.4), (180.5, 130.1), (180.5, 126.4), (180.5, 126.4), (180.5, 126.4), (180.5, 126.4), (180.5, 126.4), (180.5, 126.4), (180.5, 126.4), (180.5, 126.4), (180.5, 126.4), (180.5, 126.4), (180.5, 126.4), (180.5, 126.4), (180.5, 126.4), (180.5, 126.4), (180.5, 126.4), (180.5, 126.4), (180.5, 126.4), (180.5, 126.4), (180.5, 126.4), (180.5, 126.4), (180.5, 126.4), (180.5, 126.4), (180.5, 126.4), (180.5, 126.4), (180.5, 126.4), (180.5, 126.4), (180.5, 135.7), (180.5, 152.5), (180.5, 173.1), (195.5, 180.5), (210.4, 180.5), (225.3, 180.5), (240.3, 186.1), (244.0, 201.1), (244.0, 219.7), (245.9, 238.4), (260.8, 244.0), (275.7, 244.0), (296.3, 244.0), (307.5, 257.1), (307.5, 272.0), (307.5, 292.5), (314.9, 307.5), (329.9, 307.5), (350.4, 307.5), (365.3, 309.3), (372.8, 324.3), (372.8, 339.2), (372.8, 354.1), (372.8, 369.1), (372.8, 372.8), (372.8, 372.8), (372.8, 372.8), (372.8, 372.8), (372.8, 372.8), (372.8, 372.8), (372.8, 372.8), (372.8, 372.8), (372.8, 372.8), (372.8, 372.8), (372.8, 372.8), (372.8, 372.8), (372.8, 372.8), (372.8, 372.8), (372.8, 372.8), (372.8, 372.8), (372.8, 372.8), (372.8, 372.8), (372.8, 372.8), (372.8, 372.8), (372.8, 372.8), (372.8, 372.8), (372.8, 372.8), (372.8, 372.8), (372.8, 372.8), (372.8, 372.8), (372.8, 372.8), (372.8, 372.8), (372.8, 372.8), (372.8, 372.8), (372.8, 372.8), (372.8, 372.8), (372.8, 372.8), (372.8, 372.8), (372.8, 372.8), (372.8, 372.8), (372.8, 372.8), (372.8, 372.8), (372.8, 372.8), (372.8, 372.8)]",0,1,20.55
novice,bomberman,2,Bomb,71,0,7.65,0.185,"[(48.0, 48.0), (62.9, 51.7), (77.9, 51.7), (98.4, 51.7), (113.3, 57.3), (115.2, 72.3), (115.2, 89.1), (115.2, 107.7), (115.2, 122.7), (115.2, 126.4), (115.2, 130.1), (115.2, 130.1), (115.2, 126.4), (115.2, 130.1), (115.2, 130.1), (115.2, 126.4), (115.2, 130.1), (115.2, 130.1), (115.2, 126.4), (115.2, 130.1), (115.2, 130.1), (115.2, 126.4), (115.2, 130.1), (115.2, 130.1), (115.2, 126.4), (115.2, 130.1), (115.2, 130.1), (115.2, 126.4), (115.2, 130.1), (115.2, 130.1), (115.2, 126.4), (115.2, 130.1), (115.2, 130.1), (115.2, 126.4), (115.2, 130.1), (115.2, 130.1), (115.2, 126.4), (115.2, 130.1), (115.2, 130.1), (115.2, 126.4), (115.2, 130.1), (115.2, 130.1), (115.2, 126.4), (115.2, 130.1), (115.2, 130.1), (115.2, 126.4), (115.2, 130.1), (115.2, 130.1), (115.2, 126.4), (115.2, 130.1), (115.2, 130.1), (115.2, 126.4), (115.2, 130.1), (115.2, 130.1), (115.2, 126.4), (115.2, 130.1), (115.2, 130.1), (115.2, 126.4), (115.2, 130.1), (115.2, 130.1), (115.2, 126.4)]",0,0,8.05
novice,bomberman,2,Bomb,1,0,45.97,0.37,"[(48.0, 48.0), (62.9, 51.7), (77.9, 51.7), (98.4, 51.7), (113.3, 44.3), (128.3, 44.3), (143.2, 51.7), (165.6, 48.0), (180.5, 44.3), (195.5, 44.3), (210.4, 44.3), (225.3, 44.3), (240.3, 44.3), (255.2, 44.3), (270.1, 44.3), (285.1, 44.3), (300.0, 44.3), (314.9, 44.3), (329.9, 44.3), (344.8, 44.3), (359.7, 44.3), (374.7, 44.3), (389.6, 48.0), (406.4, 51.7), (426.9, 51.7), (436.3, 59.2), (436.3, 44.3), (436.3, 44.3), (436.3, 44.3), (436.3, 44.3), (436.3, 44.3), (436.3, 44.3), (436.3, 44.3), (436.3, 44.3), (436.3, 44.3), (436.3, 44.3), (436.3, 44.3), (436.3, 44.3), (436.3, 44.3), (436.3, 44.3), (436.3, 44.3), (436.3, 44.3), (436.3, 44.3), (436.3, 44.3), (436.3, 44.3), (436.3, 44.3), (436.3, 44.3), (436.3, 44.3), (436.3, 44.3), (436.3, 44.3), (436.3, 44.3), (436.3, 44.3), (436.3, 44.3), (436.3, 44.3), (436.3, 44.3), (436.3, 44.3), (436.3, 44.3), (436.3, 44.3), (436.3, 44.3), (436.3, 44.3), (436.3, 44.3)]",0,0,8.0
novice,bomberman,2,Stuck,32,0,16.61,0.667,"[(48.0, 48.0), (62.9, 51.7), (77.9, 51.7), (98.4, 51.7), (113.3, 57.3), (115.2, 64.8), (115.2, 68.5), (115.2, 64.8), (115.2, 64.8), (115.2, 68.5), (115.2, 64.8), (115.2, 64.8), (115.2, 68.5), (115.2, 64.8), (115.2, 64.8), (115.2, 68.5), (115.2, 64.8), (115.2, 64.8), (115.2, 68.5), (115.2, 64.8), (115.2, 64.8), (115.2, 68.5), (115.2, 64.8), (115.2, 64.8), (115.2, 68.5), (115.2, 64.8), (115.2, 64.8), (115.2, 68.5), (115.2, 64.8), (115.2, 64.8), (115.2, 68.5), (115.2, 64.8), (115.2, 64.8), (115.2, 68.5), (115.2, 64.8), (115.2, 64.8), (115.2, 68.5), (115.2, 64.8), (115.2, 64.8), (115.2, 68.5), (115.2, 64.8), (115.2, 64.8), (115.2, 68.5), (115.2, 64.8), (115.2, 64.8), (115.2, 68.5), (115.2, 64.8), (115.2, 64.8), (115.2, 68.5), (115.2, 64.8), (115.2, 64.8), (115.2, 68.5), (115.2, 64.8), (115.2, 64.8), (115.2, 68.5), (115.2, 64.8), (115.2, 64.8), (115.2, 79.7), (115.2, 100.3), (120.8, 115.2), (135.7, 115.2), (154.4, 115.2), (165.6, 115.2), (165.6, 115.2), (169.3, 115.2), (184.3, 115.2), (199.2, 115.2), (217.9, 115.2), (236.5, 117.1), (244.0, 132.0), (244.0, 128.3), (244.0, 128.3), (244.0, 132.0), (244.0, 128.3), (244.0, 128.3), (244.0, 132.0), (244.0, 128.3), (244.0, 128.3), (244.0, 132.0), (244.0, 128.3), (244.0, 128.3), (244.0, 132.0), (244.0, 128.3), (244.0, 128.3), (244.0, 132.0), (244.0, 128.3), (244.0, 128.3), (244.0, 143.2), (244.0, 165.6), (251.5, 180.5), (266.4, 180.5), (257.1, 180.5), (257.1, 180.5), (260.8, 180.5), (264.5, 180.5), (283.2, 180.5), (300.0, 182.4), (307.5, 197.3), (307.5, 212.3), (307.5, 234.7), (320.5, 244.0), (335.5, 244.0), (356.0, 244.0), (370.9, 251.5), (372.8, 266.4), (372.8, 285.1), (374.7, 301.9), (389.6, 307.5), (404.5, 307.5), (419.5, 307.5), (434.4, 307.5), (436.3, 307.5), (436.3, 307.5), (436.3, 307.5), (436.3, 307.5), (436.3, 307.5), (436.3, 307.5), (436.3, 307.5), (436.3, 307.5), (436.3, 307.5), (436.3, 307.5), (436.3, 307.5), (436.3, 307.5), (436.3, 307.5), (436.3, 307.5), (436.3, 307.5), (436.3, 307.5), (436.3, 307.5), (436.3, 307.5), (436.3, 307.5), (436.3, 307.5), (436.3, 307.5), (436.3, 307.5), (436.3, 307.5), (436.3, 307.5), (436.3, 307.5), (436.3, 307.5), (436.3, 307.5), (436.3, 307.5), (436.3, 307.5), (436.3, 307.5), (436.3, 307.5), (436.3, 307.5), (436.3, 307.5), (436.3, 307.5), (436.3, 307.5), (436.3, 307.5), (436.3, 307.5), (436.3, 307.5), (436.3, 307.5), (436.3, 307.5), (436.3, 307.5), (436.3, 307.5), (436.3, 307.5), (436.3, 307.5), (436.3, 307.5), (436.3, 307.5), (436.3, 307.5), (436.3, 307.5), (436.3, 307.5), (436.3, 307.5), (436.3, 307.5)]",0,0,21.47
novice,bomberman,2,Bomb,43,0,14.99,0.926,"[(48.0, 48.0), (62.9, 51.7), (77.9, 51.7), (98.4, 51.7), (113.3, 57.3), (115.2, 64.8), (115.2, 68.5), (115.2, 64.8), (115.2, 64.8), (115.2, 68.5), (115.2, 64.8), (115.2, 64.8), (115.2, 68.5), (115.2, 64.8), (115.2, 64.8), (115.2, 68.5), (115.2, 64.8), (115.2, 64.8), (115.2, 68.5), (115.2, 64.8), (115.2, 64.8), (115.2, 68.5), (115.2, 64.8), (115.2, 64.8), (115.2, 68.5), (115.2, 64.8), (115.2, 64.8), (115.2, 68.5), (115.2, 64.8), (115.2, 64.8), (115.2, 68.5), (115.2, 72.3), (115.2, 89.1), (115.2, 107.7), (128.3, 115.2), (143.2, 115.2), (158.1, 115.2), (173.1, 117.1), (180.5, 128.3), (180.5, 126.4), (180.5, 130.1), (180.5, 130.1), (180.5, 126.4), (180.5, 130.1), (180.5, 130.1), (180.5, 126.4), (180.5, 130.1), (180.5, 130.1), (180.5, 126.4), (180.5, 130.1), (180.5, 130.1), (180.5, 126.4), (180.5, 130.1), (180.5, 130.1), (180.5, 126.4), (180.5, 130.1), (180.5, 130.1), (180.5, 126.4), (180.5, 130.1), (180.5, 130.1), (180.5, 126.4), (180.5, 126.4), (180.5, 126.4), (180.5, 126.4), (180.5, 130.1), (180.5, 126.4), (180.5, 126.4), (180.5, 126.4), (180.5, 126.4), (180.5, 126.4), (180.5, 126.4), (180.5, 126.4), (180.5, 126.4), (180.5, 126.4), (180.5, 126.4), (180.5, 126.4), (180.5, 126.4), (180.5, 126.4), (180.5, 126.4), (180.5, 126.4), (180.5, 126.4), (180.5, 126.4), (180.5, 126.4), (180.5, 126.4), (180.5, 126.4), (180.5, 126.4), (180.5, 126.4), (180.5, 126.4), (180.5, 126.4), (180.5, 126.4), (180.5, 126.4), (180.5, 135.7), (180.5, 152.5), (180.5, 173.1), (195.5, 180.5), (210.4, 180.5), (225.3, 180.5), (240.3, 186.1), (244.0, 201.1), (244.0, 219.7), (245.9, 238.4), (260.8, 244.0), (275.7, 244.0), (296.3, 244.0), (307.5, 257.1), (307.5, 272.0), (307.5, 292.5), (314.9, 307.5), (329.9, 307.5), (350.4, 307.5), (365.3, 309.3), (372.8, 324.3), (372.8, 339.2), (372.8, 354.1), (372.8, 369.1), (372.8, 372.8), (372.8, 372.8), (372.8, 372.8), (372.8, 372.8), (372.8, 372.8), (372.8, 372.8), (372.8, 372.8), (372.8, 372.8), (372.8, 372.8), (372.8, 372.8), (372.8, 372.8), (372.8, 372.8), (372.8, 372.8), (372.8, 372.8), (372.8, 372.8), (372.8, 372.8), (372.8, 372.8), (372.8, 372.8), (372.8, 372.8), (372.8, 372.8), (372.8, 372.8), (372.8, 372.8), (372.8, 372.8), (372.8, 372.8), (372.8, 372.8), (372.8, 372.8), (372.8, 372.8), (372.8, 372.8), (372.8, 372.8), (372.8, 372.8), (372.8, 372.8), (372.8, 372.8), (372.8, 372.8), (372.8, 372.8), (372.8, 372.8), (372.8, 372.8), (372.8, 372.8), (372.8, 372.8), (372.8, 372.8), (372.8, 372.8)]",0,1,20.55
novice,bomberman,2,Bomb,37,0,18.78,0.926,"[(48.0, 48.0), (62.9, 51.7), (77.9, 51.7), (98.4, 51.7), (113.3, 57.3), (115.2, 72.3), (115.2, 89.1), (115.2, 102.1), (117.1, 109.6), (132.0, 115.2), (146.9, 115.2), (169.3, 115.2), (180.5, 128.3), (180.5, 128.3), (180.5, 128.3), (180.5, 132.0), (180.5, 128.3), (180.5, 128.3), (180.5, 132.0), (180.5, 128.3), (180.5, 128.3), (180.5, 132.0), (180.5, 128.3), (180.5, 128.3), (180.5, 132.0), (180.5, 128.3), (180.5, 128.3), (180.5, 132.0), (180.5, 128.3), (180.5, 128.3), (180.5, 132.0), (180.5, 128.3), (180.5, 128.3), (180.5, 132.0), (180.5, 128.3), (180.5, 126.4), (180.5, 126.4), (180.5, 126.4), (180.5, 126.4), (180.5, 126.4), (180.5, 126.4), (180.5, 126.4), (180.5, 126.4), (180.5, 126.4), (180.5, 126.4), (180.5, 126.4), (180.5, 126.4), (180.5, 126.4), (180.5, 126.4), (180.5, 126.4), (180.5, 126.4), (180.5, 126.4), (180.5, 126.4), (180.5, 126.4), (180.5, 126.4), (180.5, 126.4), (180.5, 126.4), (180.5, 137.6), (180.5, 156.3), (182.4, 174.9), (197.3, 180.5), (212.3, 180.5), (227.2, 180.5), (242.1, 188.0), (244.0, 202.9), (244.0, 217.9), (244.0, 232.8), (255.2, 244.0), (270.1, 244.0), (290.7, 244.0), (305.6, 251.5), (307.5, 266.4), (307.5, 285.1), (309.3, 301.9), (324.3, 307.5), (339.2, 307.5), (359.7, 307.5), (372.8, 318.7), (372.8, 333.6), (372.8, 348.5), (372.8, 363.5), (372.8, 372.8), (372.8, 372.8), (372.8, 372.8), (372.8, 372.8), (372.8, 372.8), (372.8, 372.8), (372.8, 372.8), (372.8, 372.8), (372.8, 372.8), (372.8, 372.8), (372.8, 372.8), (372.8, 372.8), (372.8, 372.8), (372.8, 372.8), (372.8, 372.8), (372.8, 372.8), (372.8, 372.8), (372.8, 372.8), (372.8, 372.8), (372.8, 372.8), (372.8, 372.8), (372.8, 372.8), (372.8, 372.8), (372.8, 372.8), (372.8, 372.8), (372.8, 372.8), (372.8, 372.8), (372.8, 372.8), (372.8, 372.8), (372.8, 372.8), (372.8, 372.8), (372.8, 372.8), (372.8, 372.8), (372.8, 372.8), (372.8, 372.8), (372.8, 372.8), (372.8, 372.8), (372.8, 372.8), (372.8, 372.8), (372.8, 372.8)]",0,1,16.0
novice,bomberman,2,Bomb,33,0,18.78,0.926,"[(48.0, 48.0), (62.9, 51.7), (77.9, 51.7), (98.4, 51.7), (113.3, 57.3), (115.2, 72.3), (115.2, 89.1), (115.2, 107.7), (128.3, 115.2), (143.2, 115.2), (165.6, 115.2), (180.5, 124.5), (180.5, 132.0), (180.5, 128.3), (180.5, 128.3), (180.5, 132.0), (180.5, 128.3), (180.5, 128.3), (180.5, 132.0), (180.5, 128.3), (180.5, 128.3), (180.5, 132.0), (180.5, 128.3), (180.5, 128.3), (180.5, 132.0), (180.5, 128.3), (180.5, 128.3), (180.5, 132.0), (180.5, 128.3), (180.5, 128.3), (180.5, 132.0), (180.5, 128.3), (180.5, 128.3), (180.5, 132.0), (180.5, 128.3), (180.5, 128.3), (180.5, 132.0), (180.5, 128.3), (180.5, 128.3), (180.5, 132.0), (180.5, 128.3), (180.5, 128.3), (180.5, 132.0), (180.5, 128.3), (180.5, 128.3), (180.5, 132.0), (180.5, 128.3), (180.5, 128.3), (180.5, 132.0), (180.5, 128.3), (180.5, 128.3), (180.5, 132.0), (180.5, 128.3), (180.5, 128.3), (180.5, 132.0), (180.5, 128.3), (180.5, 128.3), (180.5, 143.2), (180.5, 165.6), (188.0, 180.5), (202.9, 180.5), (217.9, 180.5), (232.8, 180.5), (244.0, 193.6), (244.0, 208.5), (244.0, 223.5), (245.9, 238.4), (260.8, 244.0), (275.7, 244.0), (296.3, 244.0), (307.5, 257.1), (307.5, 272.0), (307.5, 292.5), (314.9, 307.5), (329.9, 307.5), (350.4, 307.5), (365.3, 309.3), (372.8, 324.3), (372.8, 339.2), (372.8, 354.1), (372.8, 369.1), (372.8, 372.8), (372.8, 372.8), (372.8, 372.8), (372.8, 372.8), (372.8, 372.8), (372.8, 372.8), (372.8, 372.8), (372.8, 372.8), (372.8, 372.8), (372.8, 372.8), (372.8, 372.8), (372.8, 372.8), (372.8, 372.8), (372.8, 372.8), (372.8, 372.8), (372.8, 372.8), (372.8, 372.8), (372.8, 372.8), (372.8, 372.8), (372.8, 372.8), (372.8, 372.8), (372.8, 372.8), (372.8, 372.8), (372.8, 372.8), (372.8, 372.8), (372.8, 372.8), (372.8, 372.8), (372.8, 372.8), (372.8, 372.8), (372.8, 372.8), (372.8, 372.8), (372.8, 372.8), (372.8, 372.8), (372.8, 372.8), (372.8, 372.8), (372.8, 372.8), (372.8, 372.8), (372.8, 372.8), (372.8, 372.8), (372.8, 372.8)]",0,1,16.0
novice,bomberman,2,Stuck,32,0,16.61,0.667,"[(48.0, 48.0), (62.9, 51.7), (77.9, 51.7), (98.4, 51.7), (113.3, 57.3), (115.2, 64.8), (115.2, 68.5), (115.2, 64.8), (115.2, 64.8), (115.2, 68.5), (115.2, 64.8), (115.2, 64.8), (115.2, 68.5), (115.2, 64.8), (115.2, 64.8), (115.2, 68.5), (115.2, 64.8), (115.2, 64.8), (115.2, 68.5), (115.2, 64.8), (115.2, 64.8), (115.2, 68.5), (115.2, 64.8), (115.2, 64.8), (115.2, 68.5), (115.2, 64.8), (115.2, 64.8), (115.2, 68.5), (115.2, 64.8), (115.2, 64.8), (115.2, 68.5), (115.2, 64.8), (115.2, 64.8), (115.2, 68.5), (115.2, 64.8), (115.2, 64.8), (115.2, 68.5), (115.2, 64.8), (115.2, 64.8), (115.2, 68.5), (115.2, 64.8), (115.2, 64.8), (115.2, 68.5), (115.2, 64.8), (115.2, 64.8), (115.2, 68.5), (115.2, 64.8), (115.2, 64.8), (115.2, 68.5), (115.2, 64.8), (115.2, 64.8), (115.2, 68.5), (115.2, 64.8), (115.2, 64.8), (115.2, 68.5), (115.2, 64.8), (115.2, 64.8), (115.2, 79.7), (115.2, 100.3), (120.8, 115.2), (135.7, 115.2), (154.4, 115.2), (165.6, 115.2), (165.6, 115.2), (169.3, 115.2), (184.3, 115.2), (199.2, 115.2), (217.9, 115.2), (236.5, 117.1), (244.0, 132.0), (244.0, 128.3), (244.0, 128.3), (244.0, 132.0), (244.0, 128.3), (244.0, 128.3), (244.0, 132.0), (244.0, 128.3), (244.0, 128.3), (244.0, 132.0), (244.0, 128.3), (244.0, 128.3), (244.0, 132.0), (244.0, 128.3), (244.0, 128.3), (244.0, 132.0), (244.0, 128.3), (244.0, 128.3), (244.0, 143.2), (244.0, 165.6), (251.5, 180.5), (266.4, 180.5), (257.1, 180.5), (257.1, 180.5), (260.8, 180.5), (264.5, 180.5), (283.2, 180.5), (300.0, 182.4), (307.5, 197.3), (307.5, 212.3), (307.5, 234.7), (320.5, 244.0), (335.5, 244.0), (356.0, 244.0), (370.9, 251.5), (372.8, 266.4), (372.8, 285.1), (374.7, 301.9), (389.6, 307.5), (404.5, 307.5), (419.5, 307.5), (434.4, 307.5), (436.3, 307.5), (436.3, 307.5), (436.3, 307.5), (436.3, 307.5), (436.3, 307.5), (436.3, 307.5), (436.3, 307.5), (436.3, 307.5), (436.3, 307.5), (436.3, 307.5), (436.3, 307.5), (436.3, 307.5), (436.3, 307.5), (436.3, 307.5), (436.3, 307.5), (436.3, 307.5), (436.3, 307.5), (436.3, 307.5), (436.3, 307.5), (436.3, 307.5), (436.3, 307.5), (436.3, 307.5), (436.3, 307.5), (436.3, 307.5), (436.3, 307.5), (436.3, 307.5), (436.3, 307.5), (436.3, 307.5), (436.3, 307.5), (436.3, 307.5), (436.3, 307.5), (436.3, 307.5), (436.3, 307.5), (436.3, 307.5), (436.3, 307.5), (436.3, 307.5), (436.3, 307.5), (436.3, 307.5), (436.3, 307.5), (436.3, 307.5), (436.3, 307.5), (436.3, 307.5), (436.3, 307.5), (436.3, 307.5), (436.3, 307.5), (436.3, 307.5), (436.3, 307.5), (436.3, 307.5), (436.3, 307.5), (436.3, 307.5), (436.3, 307.5)]",0,0,21.47
novice,bomberman,2,Bomb,76,0,15.03,0.926,"[(48.0, 48.0), (62.9, 51.7), (77.9, 51.7), (98.4, 51.7), (113.3, 57.3), (115.2, 64.8), (115.2, 68.5), (115.2, 64.8), (115.2, 64.8), (115.2, 68.5), (115.2, 64.8), (115.2, 64.8), (115.2, 68.5), (115.2, 64.8), (115.2, 64.8), (115.2, 68.5), (115.2, 64.8), (115.2, 64.8), (115.2, 68.5), (115.2, 64.8), (115.2, 64.8), (115.2, 68.5), (115.2, 64.8), (115.2, 64.8), (115.2, 68.5), (115.2, 64.8), (115.2, 64.8), (115.2, 68.5), (115.2, 64.8), (115.2, 64.8), (115.2, 68.5), (115.2, 64.8), (115.2, 64.8), (115.2, 68.5), (115.2, 64.8), (115.2, 64.8), (115.2, 68.5), (115.2, 64.8), (115.2, 64.8), (115.2, 68.5), (115.2, 64.8), (115.2, 64.8), (115.2, 68.5), (115.2, 64.8), (115.2, 64.8), (115.2, 68.5), (115.2, 64.8), (115.2, 64.8), (115.2, 68.5), (115.2, 64.8), (115.2, 64.8), (115.2, 68.5), (115.2, 64.8), (115.2, 64.8), (115.2, 68.5), (115.2, 64.8), (115.2, 64.8), (115.2, 79.7), (115.2, 100.3), (120.8, 115.2), (135.7, 115.2), (154.4, 115.2), (165.6, 109.6), (165.6, 109.6), (169.3, 113.3), (180.5, 128.3), (180.5, 132.0), (180.5, 132.0), (180.5, 132.0), (180.5, 132.0), (180.5, 132.0), (180.5, 132.0), (180.5, 132.0), (180.5, 132.0), (180.5, 132.0), (180.5, 132.0), (180.5, 132.0), (180.5, 132.0), (180.5, 132.0), (180.5, 132.0), (180.5, 132.0), (180.5, 132.0), (180.5, 132.0), (180.5, 132.0), (180.5, 132.0), (180.5, 132.0), (180.5, 132.0), (180.5, 143.2), (180.5, 158.1), (180.5, 173.1), (195.5, 180.5), (210.4, 180.5), (225.3, 180.5), (240.3, 186.1), (244.0, 201.1), (244.0, 216.0), (244.0, 230.9), (253.3, 244.0), (268.3, 244.0), (288.8, 244.0), (303.7, 249.6), (307.5, 264.5), (307.5, 281.3), (307.5, 300.0), (322.4, 307.5), (337.3, 307.5), (357.9, 307.5), (372.8, 316.8), (372.8, 331.7), (372.8, 346.7), (372.8, 361.6), (372.8, 372.8), (372.8, 372.8), (372.8, 372.8), (372.8, 372.8), (372.8, 372.8), (372.8, 372.8), (372.8, 372.8), (372.8, 372.8), (372.8, 372.8), (372.8, 372.8), (372.8, 372.8), (372.8, 372.8), (372.8, 372.8), (372.8, 372.8), (372.8, 372.8), (372.8, 372.8), (372.8, 372.8), (372.8, 372.8), (372.8, 372.8), (372.8, 372.8), (372.8, 372.8), (372.8, 372.8), (372.8, 372.8), (372.8, 372.8), (372.8, 372.8), (372.8, 372.8), (372.8, 372.8), (372.8, 372.8), (372.8, 372.8), (372.8, 372.8), (372.8, 372.8), (372.8, 372.8), (372.8, 372.8), (372.8, 372.8), (372.8, 372.8), (372.8, 372.8), (372.8, 372.8), (372.8, 372.8), (372.8, 372.8), (372.8, 372.8)]",0,1,20.0
novice,bomberman,2,Bomb,71,0,7.86,0.111,"[(48.0, 48.0), (62.9, 51.7), (77.9, 51.7), (92.8, 51.7), (107.7, 51.7), (115.2, 62.9), (115.2, 62.9), (115.2, 66.7), (115.2, 66.7), (115.2, 62.9), (115.2, 66.7), (115.2, 66.7), (115.2, 62.9), (115.2, 66.7), (115.2, 66.7), (115.2, 62.9), (115.2, 66.7), (115.2, 66.7), (115.2, 62.9), (115.2, 66.7), (115.2, 66.7), (115.2, 62.9), (115.2, 66.7), (115.2, 66.7), (115.2, 62.9), (115.2, 66.7), (115.2, 66.7), (115.2, 62.9), (115.2, 66.7), (115.2, 66.7), (115.2, 62.9), (115.2, 66.7), (115.2, 66.7), (115.2, 62.9), (115.2, 66.7), (115.2, 66.7), (115.2, 62.9), (115.2, 66.7), (115.2, 66.7), (115.2, 62.9), (115.2, 66.7), (115.2, 66.7), (115.2, 62.9), (115.2, 66.7), (115.2, 66.7), (115.2, 62.9), (115.2, 66.7), (115.2, 66.7), (115.2, 62.9), (115.2, 66.7), (115.2, 66.7), (115.2, 62.9), (115.2, 66.7), (115.2, 66.7), (115.2, 62.9), (115.2, 66.7), (115.2, 66.7), (115.2, 62.9), (115.2, 66.7), (115.2, 66.7), (115.2, 62.9), (115.2, 66.7), (115.2, 66.7), (115.2, 62.9), (115.2, 66.7)]",0,0,8.55
novice,bomberman,2,Bomb,37,0,8.81,0.222,"[(48.0, 48.0), (62.9, 51.7), (77.9, 51.7), (98.4, 51.7), (113.3, 57.3), (115.2, 64.8), (115.2, 68.5), (115.2, 64.8), (115.2, 64.8), (115.2, 68.5), (115.2, 64.8), (115.2, 64.8), (115.2, 68.5), (115.2, 64.8), (115.2, 64.8), (115.2, 68.5), (115.2, 64.8), (115.2, 64.8), (115.2, 68.5), (115.2, 64.8), (115.2, 64.8), (115.2, 68.5), (115.2, 64.8), (115.2, 64.8), (115.2, 68.5), (115.2, 64.8), (115.2, 64.8), (115.2, 68.5), (115.2, 64.8), (115.2, 64.8), (115.2, 68.5), (115.2, 64.8), (115.2, 64.8), (115.2, 68.5), (115.2, 64.8), (115.2, 64.8), (115.2, 68.5), (115.2, 64.8), (115.2, 64.8), (115.2, 68.5), (115.2, 64.8), (115.2, 64.8), (115.2, 68.5), (115.2, 64.8), (115.2, 64.8), (115.2, 68.5), (115.2, 64.8), (115.2, 64.8), (115.2, 68.5), (115.2, 64.8), (115.2, 64.8), (115.2, 68.5), (115.2, 64.8), (115.2, 64.8), (115.2, 68.5), (115.2, 64.8), (115.2, 64.8), (115.2, 68.5), (115.2, 64.8), (115.2, 64.8), (115.2, 68.5), (115.2, 83.5), (115.2, 104.0), (124.5, 115.2), (139.5, 115.2), (154.4, 115.2), (158.1, 115.2), (161.9, 115.2), (163.7, 115.2), (163.7, 115.2), (163.7, 115.2), (163.7, 115.2), (163.7, 115.2), (163.7, 115.2), (163.7, 115.2), (163.7, 115.2), (163.7, 115.2), (163.7, 115.2), (163.7, 115.2), (163.7, 115.2), (163.7, 115.2), (163.7, 115.2), (163.7, 115.2), (163.7, 115.2), (163.7, 115.2), (163.7, 115.2), (163.7, 115.2), (163.7, 115.2), (163.7, 115.2), (163.7, 115.2), (163.7, 115.2), (163.7, 115.2), (163.7, 115.2), (163.7, 115.2)]",0,0,12.5
novice,bomberman,2,Bomb,40,0,10.38,0.333,"[(48.0, 48.0), (62.9, 51.7), (77.9, 51.7), (92.8, 51.7), (107.7, 51.7), (115.2, 62.9), (115.2, 62.9), (115.2, 66.7), (115.2, 66.7), (115.2, 62.9), (115.2, 66.7), (115.2, 66.7), (115.2, 62.9), (115.2, 66.7), (115.2, 66.7), (115.2, 62.9), (115.2, 66.7), (115.2, 66.7), (115.2, 62.9), (115.2, 66.7), (115.2, 66.7), (115.2, 62.9), (115.2, 66.7), (115.2, 66.7), (115.2, 62.9), (115.2, 66.7), (115.2, 66.7), (115.2, 74.1), (115.2, 92.8), (115.2, 109.6), (115.2, 124.5), (115.2, 139.5), (115.2, 160.0), (118.9, 176.8), (133.9, 180.5), (150.7, 180.5), (171.2, 180.5), (180.5, 195.5), (180.5, 195.5), (180.5, 191.7), (180.5, 195.5), (180.5, 195.5), (180.5, 191.7), (180.5, 195.5), (180.5, 195.5), (180.5, 191.7), (180.5, 195.5), (180.5, 195.5), (180.5, 191.7), (180.5, 195.5), (180.5, 195.5), (180.5, 191.7), (180.5, 195.5), (180.5, 195.5), (180.5, 191.7), (180.5, 195.5), (180.5, 195.5), (180.5, 191.7), (180.5, 195.5), (180.5, 195.5), (180.5, 191.7), (180.5, 195.5), (180.5, 195.5), (180.5, 191.7), (180.5, 195.5), (180.5, 195.5), (180.5, 191.7), (180.5, 195.5), (180.5, 195.5), (180.5, 191.7), (180.5, 195.5), (180.5, 195.5), (180.5, 191.7), (180.5, 195.5), (180.5, 195.5), (180.5, 191.7), (180.5, 195.5), (180.5, 195.5), (180.5, 191.7), (180.5, 195.5), (180.5, 195.5), (180.5, 191.7), (180.5, 195.5), (180.5, 195.5), (180.5, 191.7), (180.5, 195.5), (180.5, 195.5), (180.5, 191.7), (180.5, 195.5), (180.5, 195.5), (180.5, 191.7)]",0,0,12.05
novice,bomberman,2,Stuck,30,0,6.51,0.111,"[(48.0, 48.0), (62.9, 51.7), (77.9, 51.7), (98.4, 51.7), (113.3, 57.3), (115.2, 64.8), (115.2, 68.5), (115.2, 64.8), (115.2, 64.8), (115.2, 68.5), (115.2, 64.8), (115.2, 64.8), (115.2, 68.5), (115.2, 64.8), (115.2, 64.8), (115.2, 68.5), (115.2, 64.8), (115.2, 64.8), (115.2, 68.5), (115.2, 64.8), (115.2, 64.8), (115.2, 68.5), (115.2, 64.8), (115.2, 64.8), (115.2, 68.5), (115.2, 64.8), (115.2, 64.8), (115.2, 68.5), (115.2, 64.8), (115.2, 64.8), (115.2, 68.5), (115.2, 64.8), (115.2, 64.8), (115.2, 68.5), (115.2, 64.8), (115.2, 64.8), (115.2, 68.5), (115.2, 64.8), (115.2, 64.8), (115.2, 68.5), (115.2, 64.8), (115.2, 64.8), (115.2, 68.5), (115.2, 64.8), (115.2, 64.8), (115.2, 68.5), (115.2, 64.8), (115.2, 64.8), (115.2, 68.5), (115.2, 64.8), (115.2, 64.8), (115.2, 68.5), (115.2, 64.8), (115.2, 64.8), (115.2, 68.5), (115.2, 64.8), (115.2, 64.8), (115.2, 68.5), (115.2, 64.8), (115.2, 64.8), (115.2, 68.5), (115.2, 64.8), (115.2, 64.8), (115.2, 68.5), (115.2, 64.8), (115.2, 64.8), (115.2, 68.5), (115.2, 64.8), (115.2, 64.8), (115.2, 68.5), (115.2, 64.8), (115.2, 64.8)]",0,0,9.47
novice,bomberman,2,Bomb,2,0,46.9,0.37,"[(48.0, 48.0), (62.9, 48.0), (77.9, 48.0), (92.8, 48.0), (107.7, 48.0), (122.7, 48.0), (137.6, 48.0), (152.5, 48.0), (167.5, 48.0), (182.4, 48.0), (197.3, 51.7), (214.1, 51.7), (234.7, 51.7), (249.6, 51.7), (264.5, 51.7), (283.2, 51.7), (300.0, 51.7), (314.9, 51.7), (329.9, 51.7), (344.8, 51.7), (359.7, 51.7), (374.7, 51.7), (389.6, 51.7), (404.5, 51.7), (419.5, 51.7), (434.4, 51.7), (436.3, 51.7), (436.3, 51.7), (436.3, 51.7), (436.3, 51.7), (436.3, 51.7), (436.3, 51.7), (436.3, 51.7), (436.3, 51.7), (436.3, 51.7), (436.3, 51.7), (436.3, 51.7), (436.3, 51.7), (436.3, 51.7), (436.3, 51.7), (436.3, 51.7), (436.3, 51.7), (436.3, 51.7), (436.3, 51.7), (436.3, 51.7), (436.3, 51.7), (436.3, 51.7), (436.3, 51.7), (436.3, 51.7), (436.3, 51.7), (436.3, 51.7), (436.3, 51.7), (436.3, 51.7), (436.3, 51.7), (436.3, 51.7), (436.3, 51.7), (436.3, 51.7), (436.3, 51.7), (436.3, 51.7), (436.3, 51.7), (436.3, 51.7)]",0,0,8.0
novice,bomberman,2,Bomb,76,0,15.03,0.926,"[(48.0, 48.0), (62.9, 51.7), (77.9, 51.7), (98.4, 51.7), (113.3, 57.3), (115.2, 64.8), (115.2, 68.5), (115.2, 64.8), (115.2, 64.8), (115.2, 68.5), (115.2, 64.8), (115.2, 64.8), (115.2, 68.5), (115.2, 64.8), (115.2, 64.8), (115.2, 68.5), (115.2, 64.8), (115.2, 64.8), (115.2, 68.5), (115.2, 64.8), (115.2, 64.8), (115.2, 68.5), (115.2, 64.8), (115.2, 64.8), (115.2, 68.5), (115.2, 64.8), (115.2, 64.8), (115.2, 68.5), (115.2, 64.8), (115.2, 64.8), (115.2, 68.5), (115.2, 64.8), (115.2, 64.8), (115.2, 68.5), (115.2, 64.8), (115.2, 64.8), (115.2, 68.5), (115.2, 64.8), (115.2, 64.8), (115.2, 68.5), (115.2, 64.8), (115.2, 64.8), (115.2, 68.5), (115.2, 64.8), (115.2, 64.8), (115.2, 68.5), (115.2, 64.8), (115.2, 64.8), (115.2, 68.5), (115.2, 64.8), (115.2, 64.8), (115.2, 68.5), (115.2, 64.8), (115.2, 64.8), (115.2, 68.5), (115.2, 64.8), (115.2, 64.8), (115.2, 79.7), (115.2, 100.3), (120.8, 115.2), (135.7, 115.2), (154.4, 115.2), (165.6, 109.6), (165.6, 109.6), (169.3, 113.3), (180.5, 128.3), (180.5, 132.0), (180.5, 132.0), (180.5, 132.0), (180.5, 132.0), (180.5, 132.0), (180.5, 132.0), (180.5, 132.0), (180.5, 132.0), (180.5, 132.0), (180.5, 132.0), (180.5, 132.0), (180.5, 132.0), (180.5, 132.0), (180.5, 132.0), (180.5, 132.0), (180.5, 132.0), (180.5, 132.0), (180.5, 132.0), (180.5, 132.0), (180.5, 132.0), (180.5, 132.0), (180.5, 143.2), (180.5, 158.1), (180.5, 173.1), (195.5, 180.5), (210.4, 180.5), (225.3, 180.5), (240.3, 186.1), (244.0, 201.1), (244.0, 216.0), (244.0, 230.9), (253.3, 244.0), (268.3, 244.0), (288.8, 244.0), (303.7, 249.6), (307.5, 264.5), (307.5, 281.3), (307.5, 300.0), (322.4, 307.5), (337.3, 307.5), (357.9, 307.5), (372.8, 316.8), (372.8, 331.7), (372.8, 346.7), (372.8, 361.6), (372.8, 372.8), (372.8, 372.8), (372.8, 372.8), (372.8, 372.8), (372.8, 372.8), (372.8, 372.8), (372.8, 372.8), (372.8, 372.8), (372.8, 372.8), (372.8, 372.8), (372.8, 372.8), (372.8, 372.8), (372.8, 372.8), (372.8, 372.8), (372.8, 372.8), (372.8, 372.8), (372.8, 372.8), (372.8, 372.8), (372.8, 372.8), (372.8, 372.8), (372.8, 372.8), (372.8, 372.8), (372.8, 372.8), (372.8, 372.8), (372.8, 372.8), (372.8, 372.8), (372.8, 372.8), (372.8, 372.8), (372.8, 372.8), (372.8, 372.8), (372.8, 372.8), (372.8, 372.8), (372.8, 372.8), (372.8, 372.8), (372.8, 372.8), (372.8, 372.8), (372.8, 372.8), (372.8, 372.8), (372.8, 372.8), (372.8, 372.8)]",0,1,20.0
novice,bomberman,2,Bomb,33,0,18.78,0.926,"[(48.0, 48.0), (62.9, 51.7), (77.9, 51.7), (98.4, 51.7), (113.3, 57.3), (115.2, 72.3), (115.2, 89.1), (115.2, 107.7), (128.3, 115.2), (143.2, 115.2), (165.6, 115.2), (180.5, 124.5), (180.5, 132.0), (180.5, 128.3), (180.5, 128.3), (180.5, 132.0), (180.5, 128.3), (180.5, 128.3), (180.5, 132.0), (180.5, 128.3), (180.5, 128.3), (180.5, 132.0), (180.5, 128.3), (180.5, 128.3), (180.5, 132.0), (180.5, 128.3), (180.5, 128.3), (180.5, 132.0), (180.5, 128.3), (180.5, 128.3), (180.5, 132.0), (180.5, 128.3), (180.5, 128.3), (180.5, 132.0), (180.5, 128.3), (180.5, 128.3), (180.5, 132.0), (180.5, 128.3), (180.5, 128.3), (180.5, 132.0), (180.5, 128.3), (180.5, 128.3), (180.5, 132.0), (180.5, 128.3), (180.5, 128.3), (180.5, 132.0), (180.5, 128.3), (180.5, 128.3), (180.5, 132.0), (180.5, 128.3), (180.5, 128.3), (180.5, 132.0), (180.5, 128.3), (180.5, 128.3), (180.5, 132.0), (180.5, 128.3), (180.5, 128.3), (180.5, 143.2), (180.5, 165.6), (188.0, 180.5), (202.9, 180.5), (217.9, 180.5), (232.8, 180.5), (244.0, 193.6), (244.0, 208.5), (244.0, 223.5), (245.9, 238.4), (260.8, 244.0), (275.7, 244.0), (296.3, 244.0), (307.5, 257.1), (307.5, 272.0), (307.5, 292.5), (314.9, 307.5), (329.9, 307.5), (350.4, 307.5), (365.3, 309.3), (372.8, 324.3), (372.8, 339.2), (372.8, 354.1), (372.8, 369.1), (372.8, 372.8), (372.8, 372.8), (372.8, 372.8), (372.8, 372.8), (372.8, 372.8), (372.8, 372.8), (372.8, 372.8), (372.8, 372.8), (372.8, 372.8), (372.8, 372.8), (372.8, 372.8), (372.8, 372.8), (372.8, 372.8), (372.8, 372.8), (372.8, 372.8), (372.8, 372.8), (372.8, 372.8), (372.8, 372.8), (372.8, 372.8), (372.8, 372.8), (372.8, 372.8), (372.8, 372.8), (372.8, 372.8), (372.8, 372.8), (372.8, 372.8), (372.8, 372.8), (372.8, 372.8), (372.8, 372.8), (372.8, 372.8), (372.8, 372.8), (372.8, 372.8), (372.8, 372.8), (372.8, 372.8), (372.8, 372.8), (372.8, 372.8), (372.8, 372.8), (372.8, 372.8), (372.8, 372.8), (372.8, 372.8), (372.8, 372.8)]",0,1,16.0
novice,bomberman,2,Bomb,37,0,18.78,0.926,"[(48.0, 48.0), (62.9, 51.7), (77.9, 51.7), (98.4, 51.7), (113.3, 57.3), (115.2, 72.3), (115.2, 89.1), (115.2, 102.1), (117.1, 109.6), (132.0, 115.2), (146.9, 115.2), (169.3, 115.2), (180.5, 128.3), (180.5, 128.3), (180.5, 128.3), (180.5, 132.0), (180.5, 128.3), (180.5, 128.3), (180.5, 132.0), (180.5, 128.3), (180.5, 128.3), (180.5, 132.0), (180.5, 128.3), (180.5, 128.3), (180.5, 132.0), (180.5, 128.3), (180.5, 128.3), (180.5, 132.0), (180.5, 128.3), (180.5, 128.3), (180.5, 132.0), (180.5, 128.3), (180.5, 128.3), (180.5, 132.0), (180.5, 128.3), (180.5, 126.4), (180.5, 126.4), (180.5, 126.4), (180.5, 126.4), (180.5, 126.4), (180.5, 126.4), (180.5, 126.4), (180.5, 126.4), (180.5, 126.4), (180.5, 126.4), (180.5, 126.4), (180.5, 126.4), (180.5, 126.4), (180.5, 126.4), (180.5, 126.4), (180.5, 126.4), (180.5, 126.4), (180.5, 126.4), (180.5, 126.4), (180.5, 126.4), (180.5, 126.4), (180.5, 126.4), (180.5, 137.6), (180.5, 156.3), (182.4, 174.9), (197.3, 180.5), (212.3, 180.5), (227.2, 180.5), (242.1, 188.0), (244.0, 202.9), (244.0, 217.9), (244.0, 232.8), (255.2, 244.0), (270.1, 244.0), (290.7, 244.0), (305.6, 251.5), (307.5, 266.4), (307.5, 285.1), (309.3, 301.9), (324.3, 307.5), (339.2, 307.5), (359.7, 307.5), (372.8, 318.7), (372.8, 333.6), (372.8, 348.5), (372.8, 363.5), (372.8, 372.8), (372.8, 372.8), (372.8, 372.8), (372.8, 372.8), (372.8, 372.8), (372.8, 372.8), (372.8, 372.8), (372.8, 372.8), (372.8, 372.8), (372.8, 372.8), (372.8, 372.8), (372.8, 372.8), (372.8, 372.8), (372.8, 372.8), (372.8, 372.8), (372.8, 372.8), (372.8, 372.8), (372.8, 372.8), (372.8, 372.8), (372.8, 372.8), (372.8, 372.8), (372.8, 372.8), (372.8, 372.8), (372.8, 372.8), (372.8, 372.8), (372.8, 372.8), (372.8, 372.8), (372.8, 372.8), (372.8, 372.8), (372.8, 372.8), (372.8, 372.8), (372.8, 372.8), (372.8, 372.8), (372.8, 372.8), (372.8, 372.8), (372.8, 372.8), (372.8, 372.8), (372.8, 372.8), (372.8, 372.8), (372.8, 372.8)]",0,1,16.0
novice,bomberman,2,Bomb,43,0,14.99,0.926,"[(48.0, 48.0), (62.9, 51.7), (77.9, 51.7), (98.4, 51.7), (113.3, 57.3), (115.2, 64.8), (115.2, 68.5), (115.2, 64.8), (115.2, 64.8), (115.2, 68.5), (115.2, 64.8), (115.2, 64.8), (115.2, 68.5), (115.2, 64.8), (115.2, 64.8), (115.2, 68.5), (115.2, 64.8), (115.2, 64.8), (115.2, 68.5), (115.2, 64.8), (115.2, 64.8), (115.2, 68.5), (115.2, 64.8), (115.2, 64.8), (115.2, 68.5), (115.2, 64.8), (115.2, 64.8), (115.2, 68.5), (115.2, 64.8), (115.2, 64.8), (115.2, 68.5), (115.2, 72.3), (115.2, 89.1), (115.2, 107.7), (128.3, 115.2), (143.2, 115.2), (158.1, 115.2), (173.1, 117.1), (180.5, 128.3), (180.5, 126.4), (180.5, 130.1), (180.5, 130.1), (180.5, 126.4), (180.5, 130.1), (180.5, 130.1), (180.5, 126.4), (180.5, 130.1), (180.5, 130.1), (180.5, 126.4), (180.5, 130.1), (180.5, 130.1), (180.5, 126.4), (180.5, 130.1), (180.5, 130.1), (180.5, 126.4), (180.5, 130.1), (180.5, 130.1), (180.5, 126.4), (180.5, 130.1), (180.5, 130.1), (180.5, 126.4), (180.5, 126.4), (180.5, 126.4), (180.5, 126.4), (180.5, 130.1), (180.5, 126.4), (180.5, 126.4), (180.5, 126.4), (180.5, 126.4), (180.5, 126.4), (180.5, 126.4), (180.5, 126.4), (180.5, 126.4), (180.5, 126.4), (180.5, 126.4), (180.5, 126.4), (180.5, 126.4), (180.5, 126.4), (180.5, 126.4), (180.5, 126.4), (180.5, 126.4), (180.5, 126.4), (180.5, 126.4), (180.5, 126.4), (180.5, 126.4), (180.5, 126.4), (180.5, 126.4), (180.5, 126.4), (180.5, 126.4), (180.5, 126.4), (180.5, 126.4), (180.5, 135.7), (180.5, 152.5), (180.5, 173.1), (195.5, 180.5), (210.4, 180.5), (225.3, 180.5), (240.3, 186.1), (244.0, 201.1), (244.0, 219.7), (245.9, 238.4), (260.8, 244.0), (275.7, 244.0), (296.3, 244.0), (307.5, 257.1), (307.5, 272.0), (307.5, 292.5), (314.9, 307.5), (329.9, 307.5), (350.4, 307.5), (365.3, 309.3), (372.8, 324.3), (372.8, 339.2), (372.8, 354.1), (372.8, 369.1), (372.8, 372.8), (372.8, 372.8), (372.8, 372.8), (372.8, 372.8), (372.8, 372.8), (372.8, 372.8), (372.8, 372.8), (372.8, 372.8), (372.8, 372.8), (372.8, 372.8), (372.8, 372.8), (372.8, 372.8), (372.8, 372.8), (372.8, 372.8), (372.8, 372.8), (372.8, 372.8), (372.8, 372.8), (372.8, 372.8), (372.8, 372.8), (372.8, 372.8), (372.8, 372.8), (372.8, 372.8), (372.8, 372.8), (372.8, 372.8), (372.8, 372.8), (372.8, 372.8), (372.8, 372.8), (372.8, 372.8), (372.8, 372.8), (372.8, 372.8), (372.8, 372.8), (372.8, 372.8), (372.8, 372.8), (372.8, 372.8), (372.8, 372.8), (372.8, 372.8), (372.8, 372.8), (372.8, 372.8), (372.8, 372.8), (372.8, 372.8)]",0,1,20.55
novice,bomberman,2,Bomb,75,0,8.35,0.111,"[(48.0, 48.0), (62.9, 51.7), (77.9, 51.7), (92.8, 51.7), (107.7, 51.7), (115.2, 62.9), (115.2, 62.9), (115.2, 66.7), (115.2, 66.7), (115.2, 62.9), (115.2, 66.7), (115.2, 66.7), (115.2, 62.9), (115.2, 66.7), (115.2, 66.7), (115.2, 62.9), (115.2, 66.7), (115.2, 66.7), (115.2, 62.9), (115.2, 66.7), (115.2, 66.7), (115.2, 62.9), (115.2, 66.7), (115.2, 66.7), (115.2, 62.9), (115.2, 66.7), (115.2, 66.7), (115.2, 62.9), (115.2, 66.7), (115.2, 66.7), (115.2, 62.9), (115.2, 66.7), (115.2, 66.7), (115.2, 62.9), (115.2, 66.7), (115.2, 66.7), (115.2, 62.9), (115.2, 66.7), (115.2, 66.7), (115.2, 62.9), (115.2, 66.7), (115.2, 66.7), (115.2, 62.9), (115.2, 66.7), (115.2, 66.7), (115.2, 62.9), (115.2, 66.7), (115.2, 66.7), (115.2, 62.9), (115.2, 66.7), (115.2, 66.7), (115.2, 62.9), (115.2, 66.7), (115.2, 66.7), (115.2, 62.9), (115.2, 66.7), (115.2, 66.7), (115.2, 62.9), (115.2, 66.7), (115.2, 66.7), (115.2, 62.9)]",0,0,8.05
novice,bomberman,2,Stuck,3,0,13.21,0.333,"[(48.0, 48.0), (62.9, 51.7), (77.9, 51.7), (92.8, 51.7), (107.7, 51.7), (115.2, 66.7), (115.2, 81.6), (115.2, 102.1), (115.2, 117.1), (115.2, 132.0), (115.2, 146.9), (115.2, 169.3), (126.4, 180.5), (141.3, 180.5), (163.7, 180.5), (178.7, 188.0), (180.5, 195.5), (180.5, 195.5), (180.5, 191.7), (180.5, 195.5), (180.5, 195.5), (180.5, 191.7), (180.5, 195.5), (180.5, 195.5), (180.5, 191.7), (180.5, 195.5), (180.5, 195.5), (180.5, 191.7), (180.5, 195.5), (180.5, 195.5), (180.5, 191.7), (180.5, 195.5), (180.5, 195.5), (180.5, 191.7), (180.5, 195.5), (180.5, 195.5), (180.5, 191.7), (180.5, 195.5), (180.5, 195.5), (180.5, 191.7), (180.5, 195.5), (180.5, 195.5), (180.5, 191.7), (180.5, 195.5), (180.5, 195.5), (180.5, 191.7), (180.5, 195.5), (180.5, 195.5), (180.5, 191.7), (180.5, 195.5), (180.5, 195.5), (180.5, 191.7), (180.5, 195.5), (180.5, 195.5), (180.5, 191.7), (180.5, 195.5), (180.5, 195.5), (180.5, 191.7), (180.5, 195.5), (180.5, 195.5), (180.5, 191.7), (180.5, 195.5), (180.5, 195.5), (180.5, 191.7), (180.5, 195.5), (180.5, 195.5), (180.5, 191.7), (180.5, 195.5), (180.5, 195.5), (180.5, 191.7), (180.5, 195.5), (180.5, 195.5)]",0,0,9.47
novice,bomberman,2,Bomb,8,0,24.42,0.926,"[(48.0, 48.0), (62.9, 51.7), (77.9, 51.7), (98.4, 51.7), (113.3, 57.3), (115.2, 72.3), (115.2, 89.1), (115.2, 107.7), (128.3, 115.2), (143.2, 115.2), (165.6, 115.2), (180.5, 124.5), (180.5, 139.5), (180.5, 160.0), (184.3, 176.8), (199.2, 180.5), (217.9, 180.5), (236.5, 182.4), (244.0, 197.3), (244.0, 212.3), (244.0, 227.2), (249.6, 242.1), (264.5, 244.0), (283.2, 244.0), (300.0, 245.9), (307.5, 260.8), (307.5, 275.7), (307.5, 296.3), (318.7, 307.5), (333.6, 307.5), (354.1, 307.5), (369.1, 313.1), (372.8, 328.0), (372.8, 342.9), (372.8, 357.9), (372.8, 372.8), (372.8, 372.8), (372.8, 372.8), (372.8, 372.8), (372.8, 372.8), (372.8, 372.8), (372.8, 372.8), (372.8, 372.8), (372.8, 372.8), (372.8, 372.8), (372.8, 372.8), (372.8, 372.8), (372.8, 372.8), (372.8, 372.8), (372.8, 372.8), (372.8, 372.8), (372.8, 372.8), (372.8, 372.8), (372.8, 372.8), (372.8, 372.8), (372.8, 372.8), (372.8, 372.8), (372.8, 372.8), (372.8, 372.8), (372.8, 372.8), (372.8, 372.8), (372.8, 372.8), (372.8, 372.8), (372.8, 372.8), (372.8, 372.8), (372.8, 372.8), (372.8, 372.8), (372.8, 372.8), (372.8, 372.8), (372.8, 372.8), (372.8, 372.8), (372.8, 372.8), (372.8, 372.8), (372.8, 372.8), (372.8, 372.8), (372.8, 372.8), (372.8, 372.8), (372.8, 372.8), (372.8, 372.8), (372.8, 372.8), (372.8, 372.8), (372.8, 372.8), (372.8, 372.8), (372.8, 372.8), (372.8, 372.8), (372.8, 372.8), (372.8, 372.8), (372.8, 372.8), (372.8, 372.8), (372.8, 372.8), (372.8, 372.8)]",0,1,12.0
novice,bomberman,2,Bomb,41,0,15.4,0.926,"[(48.0, 48.0), (62.9, 51.7), (77.9, 51.7), (98.4, 51.7), (113.3, 57.3), (115.2, 64.8), (115.2, 68.5), (115.2, 64.8), (115.2, 64.8), (115.2, 68.5), (115.2, 64.8), (115.2, 64.8), (115.2, 68.5), (115.2, 64.8), (115.2, 64.8), (115.2, 68.5), (115.2, 64.8), (115.2, 64.8), (115.2, 68.5), (115.2, 64.8), (115.2, 64.8), (115.2, 68.5), (115.2, 64.8), (115.2, 64.8), (115.2, 68.5), (115.2, 64.8), (115.2, 64.8), (115.2, 68.5), (115.2, 64.8), (115.2, 64.8), (115.2, 68.5), (115.2, 72.3), (115.2, 89.1), (115.2, 107.7), (128.3, 115.2), (143.2, 115.2), (158.1, 115.2), (173.1, 117.1), (180.5, 128.3), (180.5, 126.4), (180.5, 130.1), (180.5, 130.1), (180.5, 126.4), (180.5, 130.1), (180.5, 130.1), (180.5, 126.4), (180.5, 130.1), (180.5, 130.1), (180.5, 126.4), (180.5, 130.1), (180.5, 130.1), (180.5, 126.4), (180.5, 130.1), (180.5, 130.1), (180.5, 126.4), (180.5, 130.1), (180.5, 130.1), (180.5, 126.4), (180.5, 126.4), (180.5, 126.4), (180.5, 126.4), (180.5, 128.3), (180.5, 128.3), (180.5, 132.0), (180.5, 128.3), (180.5, 126.4), (180.5, 126.4), (180.5, 126.4), (180.5, 126.4), (180.5, 126.4), (180.5, 126.4), (180.5, 126.4), (180.5, 126.4), (180.5, 126.4), (180.5, 126.4), (180.5, 126.4), (180.5, 126.4), (180.5, 126.4), (180.5, 126.4), (180.5, 126.4), (180.5, 126.4), (180.5, 126.4), (180.5, 126.4), (180.5, 126.4), (180.5, 126.4), (180.5, 126.4), (180.5, 126.4), (180.5, 137.6), (180.5, 156.3), (182.4, 174.9), (197.3, 180.5), (212.3, 180.5), (227.2, 180.5), (242.1, 188.0), (244.0, 202.9), (244.0, 223.5), (247.7, 240.3), (262.7, 244.0), (279.5, 244.0), (298.1, 244.0), (307.5, 258.9), (307.5, 273.9), (307.5, 294.4), (316.8, 307.5), (331.7, 307.5), (352.3, 307.5), (367.2, 311.2), (372.8, 326.1), (372.8, 341.1), (372.8, 356.0), (372.8, 370.9), (372.8, 372.8), (372.8, 372.8), (372.8, 372.8), (372.8, 372.8), (372.8, 372.8), (372.8, 372.8), (372.8, 372.8), (372.8, 372.8), (372.8, 372.8), (372.8, 372.8), (372.8, 372.8), (372.8, 372.8), (372.8, 372.8), (372.8, 372.8), (372.8, 372.8), (372.8, 372.8), (372.8, 372.8), (372.8, 372.8), (372.8, 372.8), (372.8, 372.8), (372.8, 372.8), (372.8, 372.8), (372.8, 372.8), (372.8, 372.8), (372.8, 372.8), (372.8, 372.8), (372.8, 372.8), (372.8, 372.8), (372.8, 372.8), (372.8, 372.8), (372.8, 372.8), (372.8, 372.8), (372.8, 372.8), (372.8, 372.8), (372.8, 372.8), (372.8, 372.8), (372.8, 372.8), (372.8, 372.8), (372.8, 372.8), (372.8, 372.8)]",0,1,20.0
novice,bomberman,2,Bomb,37,0,18.78,0.926,"[(48.0, 48.0), (62.9, 51.7), (77.9, 51.7), (98.4, 51.7), (113.3, 57.3), (115.2, 72.3), (115.2, 89.1), (115.2, 107.7), (128.3, 115.2), (143.2, 115.2), (165.6, 115.2), (180.5, 124.5), (180.5, 132.0), (180.5, 128.3), (180.5, 128.3), (180.5, 132.0), (180.5, 128.3), (180.5, 128.3), (180.5, 132.0), (180.5, 128.3), (180.5, 128.3), (180.5, 132.0), (180.5, 128.3), (180.5, 128.3), (180.5, 132.0), (180.5, 128.3), (180.5, 128.3), (180.5, 132.0), (180.5, 128.3), (180.5, 128.3), (180.5, 132.0), (180.5, 128.3), (180.5, 128.3), (180.5, 132.0), (180.5, 128.3), (180.5, 128.3), (180.5, 132.0), (180.5, 128.3), (180.5, 128.3), (180.5, 132.0), (180.5, 128.3), (180.5, 128.3), (180.5, 132.0), (180.5, 128.3), (180.5, 128.3), (180.5, 132.0), (180.5, 128.3), (180.5, 128.3), (180.5, 132.0), (180.5, 128.3), (180.5, 128.3), (180.5, 132.0), (180.5, 128.3), (180.5, 128.3), (180.5, 132.0), (180.5, 128.3), (180.5, 128.3), (180.5, 143.2), (180.5, 165.6), (188.0, 180.5), (202.9, 180.5), (217.9, 180.5), (232.8, 180.5), (244.0, 193.6), (244.0, 208.5), (244.0, 223.5), (245.9, 238.4), (260.8, 244.0), (275.7, 244.0), (296.3, 244.0), (307.5, 257.1), (307.5, 272.0), (307.5, 292.5), (314.9, 307.5), (329.9, 307.5), (350.4, 307.5), (365.3, 309.3), (372.8, 324.3), (372.8, 339.2), (372.8, 354.1), (372.8, 369.1), (372.8, 372.8), (372.8, 372.8), (372.8, 372.8), (372.8, 372.8), (372.8, 372.8), (372.8, 372.8), (372.8, 372.8), (372.8, 372.8), (372.8, 372.8), (372.8, 372.8), (372.8, 372.8), (372.8, 372.8), (372.8, 372.8), (372.8, 372.8), (372.8, 372.8), (372.8, 372.8), (372.8, 372.8), (372.8, 372.8), (372.8, 372.8), (372.8, 372.8), (372.8, 372.8), (372.8, 372.8), (372.8, 372.8), (372.8, 372.8), (372.8, 372.8), (372.8, 372.8), (372.8, 372.8), (372.8, 372.8), (372.8, 372.8), (372.8, 372.8), (372.8, 372.8), (372.8, 372.8), (372.8, 372.8), (372.8, 372.8), (372.8, 372.8), (372.8, 372.8), (372.8, 372.8), (372.8, 372.8), (372.8, 372.8), (372.8, 372.8)]",0,1,16.0
novice,bomberman,2,Bomb,73,0,7.69,0.259,"[(48.0, 48.0), (62.9, 51.7), (77.9, 51.7), (98.4, 51.7), (113.3, 57.3), (115.2, 64.8), (115.2, 68.5), (115.2, 64.8), (115.2, 64.8), (115.2, 68.5), (115.2, 64.8), (115.2, 64.8), (115.2, 68.5), (115.2, 64.8), (115.2, 64.8), (115.2, 68.5), (115.2, 64.8), (115.2, 64.8), (115.2, 68.5), (115.2, 64.8), (115.2, 64.8), (115.2, 68.5), (115.2, 64.8), (115.2, 64.8), (115.2, 68.5), (115.2, 64.8), (115.2, 64.8), (115.2, 68.5), (115.2, 64.8), (115.2, 64.8), (115.2, 68.5), (115.2, 64.8), (115.2, 64.8), (115.2, 68.5), (115.2, 64.8), (115.2, 64.8), (115.2, 68.5), (115.2, 64.8), (115.2, 64.8), (115.2, 68.5), (115.2, 64.8), (115.2, 64.8), (115.2, 68.5), (115.2, 64.8), (115.2, 64.8), (115.2, 68.5), (115.2, 64.8), (115.2, 64.8), (115.2, 68.5), (115.2, 64.8), (115.2, 64.8), (115.2, 68.5), (115.2, 64.8), (115.2, 64.8), (115.2, 68.5), (115.2, 64.8), (115.2, 64.8), (115.2, 79.7), (115.2, 100.3), (120.8, 115.2), (135.7, 115.2), (150.7, 115.2), (163.7, 115.2), (163.7, 109.6), (163.7, 113.3), (163.7, 115.2), (163.7, 115.2), (163.7, 115.2), (163.7, 115.2), (163.7, 115.2), (163.7, 115.2), (163.7, 115.2), (163.7, 115.2), (163.7, 115.2), (163.7, 115.2), (163.7, 115.2), (163.7, 115.2), (163.7, 115.2), (163.7, 115.2), (163.7, 115.2), (163.7, 115.2), (163.7, 115.2), (163.7, 115.2), (163.7, 115.2), (163.7, 115.2), (163.7, 115.2), (163.7, 115.2), (174.9, 118.9), (180.5, 130.1), (180.5, 130.1), (180.5, 130.1), (180.5, 130.1), (180.5, 130.1), (180.5, 130.1), (180.5, 126.4), (180.5, 128.3), (180.5, 132.0), (180.5, 128.3), (180.5, 128.3), (180.5, 132.0), (180.5, 128.3), (180.5, 128.3), (180.5, 132.0), (180.5, 128.3), (180.5, 128.3), (180.5, 132.0), (180.5, 128.3), (180.5, 128.3), (180.5, 132.0), (180.5, 128.3), (180.5, 128.3), (180.5, 132.0), (180.5, 128.3), (180.5, 128.3), (180.5, 132.0), (180.5, 128.3), (180.5, 128.3), (180.5, 132.0), (180.5, 128.3), (180.5, 128.3), (180.5, 132.0), (180.5, 128.3), (180.5, 128.3), (180.5, 132.0)]",0,0,16.5
novice,bomberman,2,Bomb,37,0,18.78,0.926,"[(48.0, 48.0), (62.9, 51.7), (77.9, 51.7), (98.4, 51.7), (113.3, 57.3), (115.2, 72.3), (115.2, 89.1), (115.2, 107.7), (128.3, 115.2), (143.2, 115.2), (165.6, 115.2), (180.5, 124.5), (180.5, 132.0), (180.5, 128.3), (180.5, 128.3), (180.5, 132.0), (180.5, 128.3), (180.5, 128.3), (180.5, 132.0), (180.5, 128.3), (180.5, 128.3), (180.5, 132.0), (180.5, 128.3), (180.5, 128.3), (180.5, 132.0), (180.5, 128.3), (180.5, 128.3), (180.5, 132.0), (180.5, 128.3), (180.5, 128.3), (180.5, 132.0), (180.5, 128.3), (180.5, 128.3), (180.5, 132.0), (180.5, 128.3), (180.5, 128.3), (180.5, 132.0), (180.5, 128.3), (180.5, 128.3), (180.5, 132.0), (180.5, 128.3), (180.5, 128.3), (180.5, 132.0), (180.5, 128.3), (180.5, 128.3), (180.5, 132.0), (180.5, 128.3), (180.5, 128.3), (180.5, 132.0), (180.5, 128.3), (180.5, 128.3), (180.5, 132.0), (180.5, 128.3), (180.5, 128.3), (180.5, 132.0), (180.5, 128.3), (180.5, 128.3), (180.5, 143.2), (180.5, 165.6), (188.0, 180.5), (202.9, 180.5), (217.9, 180.5), (232.8, 180.5), (244.0, 193.6), (244.0, 208.5), (244.0, 223.5), (245.9, 238.4), (260.8, 244.0), (275.7, 244.0), (296.3, 244.0), (307.5, 257.1), (307.5, 272.0), (307.5, 292.5), (314.9, 307.5), (329.9, 307.5), (350.4, 307.5), (365.3, 309.3), (372.8, 324.3), (372.8, 339.2), (372.8, 354.1), (372.8, 369.1), (372.8, 372.8), (372.8, 372.8), (372.8, 372.8), (372.8, 372.8), (372.8, 372.8), (372.8, 372.8), (372.8, 372.8), (372.8, 372.8), (372.8, 372.8), (372.8, 372.8), (372.8, 372.8), (372.8, 372.8), (372.8, 372.8), (372.8, 372.8), (372.8, 372.8), (372.8, 372.8), (372.8, 372.8), (372.8, 372.8), (372.8, 372.8), (372.8, 372.8), (372.8, 372.8), (372.8, 372.8), (372.8, 372.8), (372.8, 372.8), (372.8, 372.8), (372.8, 372.8), (372.8, 372.8), (372.8, 372.8), (372.8, 372.8), (372.8, 372.8), (372.8, 372.8), (372.8, 372.8), (372.8, 372.8), (372.8, 372.8), (372.8, 372.8), (372.8, 372.8), (372.8, 372.8), (372.8, 372.8), (372.8, 372.8), (372.8, 372.8)]",0,1,16.0
novice,bomberman,2,Bomb,41,0,15.4,0.926,"[(48.0, 48.0), (62.9, 51.7), (77.9, 51.7), (98.4, 51.7), (113.3, 57.3), (115.2, 64.8), (115.2, 68.5), (115.2, 64.8), (115.2, 64.8), (115.2, 68.5), (115.2, 64.8), (115.2, 64.8), (115.2, 68.5), (115.2, 64.8), (115.2, 64.8), (115.2, 68.5), (115.2, 64.8), (115.2, 64.8), (115.2, 68.5), (115.2, 64.8), (115.2, 64.8), (115.2, 68.5), (115.2, 64.8), (115.2, 64.8), (115.2, 68.5), (115.2, 64.8), (115.2, 64.8), (115.2, 68.5), (115.2, 64.8), (115.2, 64.8), (115.2, 68.5), (115.2, 72.3), (115.2, 89.1), (115.2, 107.7), (128.3, 115.2), (143.2, 115.2), (158.1, 115.2), (173.1, 117.1), (180.5, 128.3), (180.5, 126.4), (180.5, 130.1), (180.5, 130.1), (180.5, 126.4), (180.5, 130.1), (180.5, 130.1), (180.5, 126.4), (180.5, 130.1), (180.5, 130.1), (180.5, 126.4), (180.5, 130.1), (180.5, 130.1), (180.5, 126.4), (180.5, 130.1), (180.5, 130.1), (180.5, 126.4), (180.5, 130.1), (180.5, 130.1), (180.5, 126.4), (180.5, 126.4), (180.5, 126.4), (180.5, 126.4), (180.5, 128.3), (180.5, 128.3), (180.5, 132.0), (180.5, 128.3), (180.5, 126.4), (180.5, 126.4), (180.5, 126.4), (180.5, 126.4), (180.5, 126.4), (180.5, 126.4), (180.5, 126.4), (180.5, 126.4), (180.5, 126.4), (180.5, 126.4), (180.5, 126.4), (180.5, 126.4), (180.5, 126.4), (180.5, 126.4), (180.5, 126.4), (180.5, 126.4), (180.5, 126.4), (180.5, 126.4), (180.5, 126.4), (180.5, 126.4), (180.5, 126.4), (180.5, 126.4), (180.5, 137.6), (180.5, 156.3), (182.4, 174.9), (197.3, 180.5), (212.3, 180.5), (227.2, 180.5), (242.1, 188.0), (244.0, 202.9), (244.0, 223.5), (247.7, 240.3), (262.7, 244.0), (279.5, 244.0), (298.1, 244.0), (307.5, 258.9), (307.5, 273.9), (307.5, 294.4), (316.8, 307.5), (331.7, 307.5), (352.3, 307.5), (367.2, 311.2), (372.8, 326.1), (372.8, 341.1), (372.8, 356.0), (372.8, 370.9), (372.8, 372.8), (372.8, 372.8), (372.8, 372.8), (372.8, 372.8), (372.8, 372.8), (372.8, 372.8), (372.8, 372.8), (372.8, 372.8), (372.8, 372.8), (372.8, 372.8), (372.8, 372.8), (372.8, 372.8), (372.8, 372.8), (372.8, 372.8), (372.8, 372.8), (372.8, 372.8), (372.8, 372.8), (372.8, 372.8), (372.8, 372.8), (372.8, 372.8), (372.8, 372.8), (372.8, 372.8), (372.8, 372.8), (372.8, 372.8), (372.8, 372.8), (372.8, 372.8), (372.8, 372.8), (372.8, 372.8), (372.8, 372.8), (372.8, 372.8), (372.8, 372.8), (372.8, 372.8), (372.8, 372.8), (372.8, 372.8), (372.8, 372.8), (372.8, 372.8), (372.8, 372.8), (372.8, 372.8), (372.8, 372.8), (372.8, 372.8)]",0,1,20.0
novice,bomberman,2,Bomb,8,0,24.42,0.926,"[(48.0, 48.0), (62.9, 51.7), (77.9, 51.7), (98.4, 51.7), (113.3, 57.3), (115.2, 72.3), (115.2, 89.1), (115.2, 107.7), (128.3, 115.2), (143.2, 115.2), (165.6, 115.2), (180.5, 124.5), (180.5, 139.5), (180.5, 160.0), (184.3, 176.8), (199.2, 180.5), (217.9, 180.5), (236.5, 182.4), (244.0, 197.3), (244.0, 212.3), (244.0, 227.2), (249.6, 242.1), (264.5, 244.0), (283.2, 244.0), (300.0, 245.9), (307.5, 260.8), (307.5, 275.7), (307.5, 296.3), (318.7, 307.5), (333.6, 307.5), (354.1, 307.5), (369.1, 313.1), (372.8, 328.0), (372.8, 342.9), (372.8, 357.9), (372.8, 372.8), (372.8, 372.8), (372.8, 372.8), (372.8, 372.8), (372.8, 372.8), (372.8, 372.8), (372.8, 372.8), (372.8, 372.8), (372.8, 372.8), (372.8, 372.8), (372.8, 372.8), (372.8, 372.8), (372.8, 372.8), (372.8, 372.8), (372.8, 372.8), (372.8, 372.8), (372.8, 372.8), (372.8, 372.8), (372.8, 372.8), (372.8, 372.8), (372.8, 372.8), (372.8, 372.8), (372.8, 372.8), (372.8, 372.8), (372.8, 372.8), (372.8, 372.8), (372.8, 372.8), (372.8, 372.8), (372.8, 372.8), (372.8, 372.8), (372.8, 372.8), (372.8, 372.8), (372.8, 372.8), (372.8, 372.8), (372.8, 372.8), (372.8, 372.8), (372.8, 372.8), (372.8, 372.8), (372.8, 372.8), (372.8, 372.8), (372.8, 372.8), (372.8, 372.8), (372.8, 372.8), (372.8, 372.8), (372.8, 372.8), (372.8, 372.8), (372.8, 372.8), (372.8, 372.8), (372.8, 372.8), (372.8, 372.8), (372.8, 372.8), (372.8, 372.8), (372.8, 372.8), (372.8, 372.8), (372.8, 372.8), (372.8, 372.8)]",0,1,12.0
novice,bomberman,2,Bomb,43,0,14.99,0.926,"[(48.0, 48.0), (62.9, 51.7), (77.9, 51.7), (98.4, 51.7), (113.3, 57.3), (115.2, 64.8), (115.2, 68.5), (115.2, 64.8), (115.2, 64.8), (115.2, 68.5), (115.2, 64.8), (115.2, 64.8), (115.2, 68.5), (115.2, 64.8), (115.2, 64.8), (115.2, 68.5), (115.2, 64.8), (115.2, 64.8), (115.2, 68.5), (115.2, 64.8), (115.2, 64.8), (115.2, 68.5), (115.2, 64.8), (115.2, 64.8), (115.2, 68.5), (115.2, 64.8), (115.2, 64.8), (115.2, 68.5), (115.2, 64.8), (115.2, 64.8), (115.2, 68.5), (115.2, 72.3), (115.2, 89.1), (115.2, 107.7), (128.3, 115.2), (143.2, 115.2), (158.1, 115.2), (173.1, 117.1), (180.5, 128.3), (180.5, 126.4), (180.5, 130.1), (180.5, 130.1), (180.5, 126.4), (180.5, 130.1), (180.5, 130.1), (180.5, 126.4), (180.5, 130.1), (180.5, 130.1), (180.5, 126.4), (180.5, 130.1), (180.5, 130.1), (180.5, 126.4), (180.5, 130.1), (180.5, 130.1), (180.5, 126.4), (180.5, 130.1), (180.5, 130.1), (180.5, 126.4), (180.5, 130.1), (180.5, 130.1), (180.5, 126.4), (180.5, 126.4), (180.5, 126.4), (180.5, 126.4), (180.5, 130.1), (180.5, 126.4), (180.5, 126.4), (180.5, 126.4), (180.5, 126.4), (180.5, 126.4), (180.5, 126.4), (180.5, 126.4), (180.5, 126.4), (180.5, 126.4), (180.5, 126.4), (180.5, 126.4), (180.5, 126.4), (180.5, 126.4), (180.5, 126.4), (180.5, 126.4), (180.5, 126.4), (180.5, 126.4), (180.5, 126.4), (180.5, 126.4), (180.5, 126.4), (180.5, 126.4), (180.5, 126.4), (180.5, 126.4), (180.5, 126.4), (180.5, 126.4), (180.5, 126.4), (180.5, 135.7), (180.5, 152.5), (180.5, 173.1), (195.5, 180.5), (210.4, 180.5), (225.3, 180.5), (240.3, 186.1), (244.0, 201.1), (244.0, 219.7), (245.9, 238.4), (260.8, 244.0), (275.7, 244.0), (296.3, 244.0), (307.5, 257.1), (307.5, 272.0), (307.5, 292.5), (314.9, 307.5), (329.9, 307.5), (350.4, 307.5), (365.3, 309.3), (372.8, 324.3), (372.8, 339.2), (372.8, 354.1), (372.8, 369.1), (372.8, 372.8), (372.8, 372.8), (372.8, 372.8), (372.8, 372.8), (372.8, 372.8), (372.8, 372.8), (372.8, 372.8), (372.8, 372.8), (372.8, 372.8), (372.8, 372.8), (372.8, 372.8), (372.8, 372.8), (372.8, 372.8), (372.8, 372.8), (372.8, 372.8), (372.8, 372.8), (372.8, 372.8), (372.8, 372.8), (372.8, 372.8), (372.8, 372.8), (372.8, 372.8), (372.8, 372.8), (372.8, 372.8), (372.8, 372.8), (372.8, 372.8), (372.8, 372.8), (372.8, 372.8), (372.8, 372.8), (372.8, 372.8), (372.8, 372.8), (372.8, 372.8), (372.8, 372.8), (372.8, 372.8), (372.8, 372.8), (372.8, 372.8), (372.8, 372.8), (372.8, 372.8), (372.8, 372.8), (372.8, 372.8), (372.8, 372.8)]",0,1,20.55
novice,bomberman,2,Bomb,68,0,18.32,0.926,"[(48.0, 48.0), (62.9, 51.7), (77.9, 51.7), (98.4, 51.7), (113.3, 57.3), (115.2, 72.3), (115.2, 89.1), (115.2, 107.7), (128.3, 115.2), (143.2, 115.2), (165.6, 115.2), (180.5, 124.5), (180.5, 132.0), (180.5, 128.3), (180.5, 128.3), (180.5, 132.0), (180.5, 128.3), (180.5, 128.3), (180.5, 132.0), (180.5, 128.3), (180.5, 128.3), (180.5, 132.0), (180.5, 128.3), (180.5, 128.3), (180.5, 132.0), (180.5, 128.3), (180.5, 128.3), (180.5, 132.0), (180.5, 128.3), (180.5, 128.3), (180.5, 132.0), (180.5, 128.3), (180.5, 128.3), (180.5, 132.0), (180.5, 128.3), (180.5, 128.3), (180.5, 132.0), (180.5, 128.3), (180.5, 128.3), (180.5, 132.0), (180.5, 128.3), (180.5, 128.3), (180.5, 132.0), (180.5, 128.3), (180.5, 128.3), (180.5, 132.0), (180.5, 128.3), (180.5, 128.3), (180.5, 132.0), (180.5, 128.3), (180.5, 128.3), (180.5, 132.0), (180.5, 128.3), (180.5, 128.3), (180.5, 132.0), (180.5, 128.3), (180.5, 128.3), (180.5, 143.2), (180.5, 165.6), (188.0, 180.5), (202.9, 180.5), (225.3, 180.5), (240.3, 186.1), (244.0, 201.1), (244.0, 216.0), (244.0, 230.9), (253.3, 244.0), (268.3, 244.0), (288.8, 244.0), (303.7, 249.6), (307.5, 264.5), (307.5, 281.3), (307.5, 300.0), (322.4, 307.5), (337.3, 307.5), (357.9, 307.5), (372.8, 316.8), (372.8, 331.7), (372.8, 346.7), (372.8, 361.6), (372.8, 372.8), (372.8, 372.8), (372.8, 372.8), (372.8, 372.8), (372.8, 372.8), (372.8, 372.8), (372.8, 372.8), (372.8, 372.8), (372.8, 372.8), (372.8, 372.8), (372.8, 372.8), (372.8, 372.8), (372.8, 372.8), (372.8, 372.8), (372.8, 372.8), (372.8, 372.8), (372.8, 372.8), (372.8, 372.8), (372.8, 372.8), (372.8, 372.8), (372.8, 372.8), (372.8, 372.8), (372.8, 372.8), (372.8, 372.8), (372.8, 372.8), (372.8, 372.8), (372.8, 372.8), (372.8, 372.8), (372.8, 372.8), (372.8, 372.8), (372.8, 372.8), (372.8, 372.8), (372.8, 372.8), (372.8, 372.8), (372.8, 372.8), (372.8, 372.8), (372.8, 372.8), (372.8, 372.8), (372.8, 372.8), (372.8, 372.8), (372.8, 372.8)]",0,1,16.0
novice,bomberman,2,Bomb,8,0,24.42,0.926,"[(48.0, 48.0), (62.9, 51.7), (77.9, 51.7), (98.4, 51.7), (113.3, 57.3), (115.2, 72.3), (115.2, 89.1), (115.2, 107.7), (128.3, 115.2), (143.2, 115.2), (165.6, 115.2), (180.5, 124.5), (180.5, 128.3), (180.5, 128.3), (180.5, 128.3), (180.5, 128.3), (180.5, 128.3), (180.5, 128.3), (180.5, 128.3), (180.5, 128.3), (180.5, 128.3), (180.5, 128.3), (180.5, 128.3), (180.5, 128.3), (180.5, 128.3), (180.5, 128.3), (180.5, 128.3), (180.5, 133.9), (180.5, 143.2), (180.5, 150.7), (180.5, 156.3), (180.5, 165.6), (188.0, 180.5), (202.9, 180.5), (225.3, 180.5), (240.3, 186.1), (244.0, 201.1), (244.0, 216.0), (244.0, 230.9), (253.3, 244.0), (268.3, 244.0), (288.8, 244.0), (303.7, 249.6), (307.5, 264.5), (307.5, 281.3), (307.5, 300.0), (322.4, 307.5), (337.3, 307.5), (357.9, 307.5), (372.8, 316.8), (372.8, 331.7), (372.8, 346.7), (372.8, 361.6), (372.8, 372.8), (372.8, 372.8), (372.8, 372.8), (372.8, 372.8), (372.8, 372.8), (372.8, 372.8), (372.8, 372.8), (372.8, 372.8), (372.8, 372.8), (372.8, 372.8), (372.8, 372.8), (372.8, 372.8), (372.8, 372.8), (372.8, 372.8), (372.8, 372.8), (372.8, 372.8), (372.8, 372.8), (372.8, 372.8), (372.8, 372.8), (372.8, 372.8), (372.8, 372.8), (372.8, 372.8), (372.8, 372.8), (372.8, 372.8), (372.8, 372.8), (372.8, 372.8), (372.8, 372.8), (372.8, 372.8), (372.8, 372.8), (372.8, 372.8), (372.8, 372.8), (372.8, 372.8), (372.8, 372.8), (372.8, 372.8), (372.8, 372.8), (372.8, 372.8), (372.8, 372.8), (372.8, 372.8)]",0,1,12.0
novice,bomberman,2,Stuck,61,0,7.76,0.222,"[(48.0, 48.0), (62.9, 51.7), (77.9, 51.7), (98.4, 51.7), (113.3, 57.3), (115.2, 64.8), (115.2, 68.5), (115.2, 64.8), (115.2, 64.8), (115.2, 68.5), (115.2, 64.8), (115.2, 64.8), (115.2, 68.5), (115.2, 64.8), (115.2, 64.8), (115.2, 68.5), (115.2, 64.8), (115.2, 64.8), (115.2, 68.5), (115.2, 64.8), (115.2, 64.8), (115.2, 68.5), (115.2, 64.8), (115.2, 64.8), (115.2, 68.5), (115.2, 64.8), (115.2, 64.8), (115.2, 68.5), (115.2, 64.8), (115.2, 64.8), (115.2, 68.5), (115.2, 64.8), (115.2, 64.8), (115.2, 68.5), (115.2, 64.8), (115.2, 64.8), (115.2, 68.5), (115.2, 64.8), (115.2, 64.8), (115.2, 68.5), (115.2, 64.8), (115.2, 64.8), (115.2, 68.5), (115.2, 64.8), (115.2, 64.8), (115.2, 68.5), (115.2, 64.8), (115.2, 64.8), (115.2, 68.5), (115.2, 64.8), (115.2, 64.8), (115.2, 68.5), (115.2, 64.8), (115.2, 64.8), (115.2, 68.5), (115.2, 64.8), (115.2, 64.8), (115.2, 79.7), (115.2, 100.3), (120.8, 115.2), (135.7, 115.2), (154.4, 115.2), (165.6, 115.2), (165.6, 115.2), (165.6, 115.2), (165.6, 115.2), (165.6, 115.2), (165.6, 115.2), (165.6, 115.2), (165.6, 115.2), (165.6, 115.2), (165.6, 115.2), (165.6, 115.2), (165.6, 115.2), (165.6, 115.2), (165.6, 115.2), (165.6, 115.2), (165.6, 115.2), (165.6, 115.2), (165.6, 115.2), (165.6, 115.2), (165.6, 115.2), (165.6, 115.2), (165.6, 115.2), (165.6, 115.2), (165.6, 115.2), (165.6, 115.2), (165.6, 115.2), (165.6, 115.2), (165.6, 115.2), (165.6, 115.2), (165.6, 115.2), (165.6, 115.2), (165.6, 115.2), (165.6, 115.2), (165.6, 115.2), (165.6, 115.2), (165.6, 115.2), (165.6, 115.2), (165.6, 115.2), (165.6, 115.2), (165.6, 115.2)]",0,0,13.47
novice,bomberman,2,Bomb,33,0,24.42,0.926,"[(48.0, 48.0), (62.9, 51.7), (77.9, 51.7), (98.4, 51.7), (113.3, 57.3), (115.2, 72.3), (115.2, 89.1), (115.2, 107.7), (128.3, 115.2), (143.2, 115.2), (165.6, 115.2), (180.5, 124.5), (180.5, 132.0), (180.5, 128.3), (180.5, 128.3), (180.5, 132.0), (180.5, 128.3), (180.5, 128.3), (180.5, 132.0), (180.5, 128.3), (180.5, 128.3), (180.5, 132.0), (180.5, 128.3), (180.5, 128.3), (180.5, 132.0), (180.5, 128.3), (180.5, 128.3), (180.5, 132.0), (180.5, 128.3), (180.5, 128.3), (180.5, 132.0), (180.5, 146.9), (180.5, 169.3), (191.7, 180.5), (206.7, 180.5), (229.1, 180.5), (244.0, 189.9), (244.0, 204.8), (244.0, 219.7), (244.0, 234.7), (257.1, 244.0), (272.0, 236.5), (292.5, 236.5), (307.5, 251.5), (307.5, 266.4), (307.5, 285.1), (309.3, 301.9), (324.3, 307.5), (339.2, 307.5), (359.7, 307.5), (372.8, 318.7), (372.8, 333.6), (372.8, 348.5), (372.8, 363.5), (372.8, 372.8), (372.8, 372.8), (372.8, 372.8), (372.8, 372.8), (372.8, 372.8), (372.8, 372.8), (372.8, 372.8), (372.8, 372.8), (372.8, 372.8), (372.8, 372.8), (372.8, 372.8), (372.8, 372.8), (372.8, 372.8), (372.8, 372.8), (372.8, 372.8), (372.8, 372.8), (372.8, 372.8), (372.8, 372.8), (372.8, 372.8), (372.8, 372.8), (372.8, 372.8), (372.8, 372.8), (372.8, 372.8), (372.8, 372.8), (372.8, 372.8), (372.8, 372.8), (372.8, 372.8), (372.8, 372.8), (372.8, 372.8), (372.8, 372.8), (372.8, 372.8), (372.8, 372.8), (372.8, 372.8), (372.8, 372.8), (372.8, 372.8), (372.8, 372.8), (372.8, 372.8)]",0,1,12.0
novice,bomberman,2,Bomb,4,0,14.66,0.259,"[(48.0, 48.0), (62.9, 51.7), (77.9, 51.7), (98.4, 51.7), (113.3, 57.3), (115.2, 72.3), (115.2, 89.1), (115.2, 98.4), (115.2, 98.4), (115.2, 98.4), (115.2, 98.4), (115.2, 98.4), (115.2, 98.4), (115.2, 98.4), (115.2, 98.4), (115.2, 98.4), (115.2, 98.4), (115.2, 98.4), (115.2, 98.4), (115.2, 98.4), (115.2, 98.4), (115.2, 98.4), (115.2, 98.4), (115.2, 98.4), (115.2, 98.4), (115.2, 98.4), (115.2, 98.4), (115.2, 109.6), (130.1, 115.2), (145.1, 115.2), (167.5, 115.2), (180.5, 126.4), (180.5, 126.4), (180.5, 126.4), (180.5, 126.4), (180.5, 126.4), (180.5, 126.4), (180.5, 126.4), (180.5, 126.4), (180.5, 126.4), (180.5, 126.4), (180.5, 126.4), (180.5, 126.4), (180.5, 126.4), (180.5, 126.4), (180.5, 126.4), (180.5, 126.4), (180.5, 126.4), (180.5, 126.4), (180.5, 126.4), (180.5, 126.4), (180.5, 126.4), (180.5, 126.4), (180.5, 126.4), (180.5, 126.4), (180.5, 126.4), (180.5, 126.4), (180.5, 126.4), (180.5, 126.4), (180.5, 126.4), (180.5, 126.4), (180.5, 126.4)]",0,0,8.15
novice,bomberman,2,Bomb,38,0,18.78,0.926,"[(48.0, 48.0), (62.9, 51.7), (77.9, 51.7), (98.4, 51.7), (113.3, 57.3), (115.2, 72.3), (115.2, 89.1), (115.2, 107.7), (128.3, 115.2), (143.2, 115.2), (165.6, 115.2), (180.5, 124.5), (180.5, 132.0), (180.5, 128.3), (180.5, 128.3), (180.5, 132.0), (180.5, 128.3), (180.5, 128.3), (180.5, 132.0), (180.5, 128.3), (180.5, 128.3), (180.5, 132.0), (180.5, 128.3), (180.5, 128.3), (180.5, 132.0), (180.5, 128.3), (180.5, 128.3), (180.5, 132.0), (180.5, 128.3), (180.5, 128.3), (180.5, 132.0), (180.5, 128.3), (180.5, 128.3), (180.5, 132.0), (180.5, 128.3), (180.5, 128.3), (180.5, 132.0), (180.5, 128.3), (180.5, 128.3), (180.5, 132.0), (180.5, 128.3), (180.5, 128.3), (180.5, 132.0), (180.5, 128.3), (180.5, 128.3), (180.5, 132.0), (180.5, 128.3), (180.5, 128.3), (180.5, 132.0), (180.5, 128.3), (180.5, 128.3), (180.5, 132.0), (180.5, 128.3), (180.5, 128.3), (180.5, 132.0), (180.5, 128.3), (180.5, 128.3), (180.5, 143.2), (180.5, 165.6), (188.0, 180.5), (202.9, 180.5), (217.9, 174.9), (232.8, 180.5), (244.0, 193.6), (244.0, 208.5), (244.0, 223.5), (245.9, 238.4), (260.8, 244.0), (275.7, 244.0), (296.3, 244.0), (307.5, 257.1), (307.5, 272.0), (307.5, 292.5), (314.9, 307.5), (329.9, 307.5), (350.4, 307.5), (365.3, 309.3), (372.8, 324.3), (372.8, 339.2), (372.8, 354.1), (372.8, 369.1), (372.8, 372.8), (372.8, 372.8), (372.8, 372.8), (372.8, 372.8), (372.8, 372.8), (372.8, 372.8), (372.8, 372.8), (372.8, 372.8), (372.8, 372.8), (372.8, 372.8), (372.8, 372.8), (372.8, 372.8), (372.8, 372.8), (372.8, 372.8), (372.8, 372.8), (372.8, 372.8), (372.8, 372.8), (372.8, 372.8), (372.8, 372.8), (372.8, 372.8), (372.8, 372.8), (372.8, 372.8), (372.8, 372.8), (372.8, 372.8), (372.8, 372.8), (372.8, 372.8), (372.8, 372.8), (372.8, 372.8), (372.8, 372.8), (372.8, 372.8), (372.8, 372.8), (372.8, 372.8), (372.8, 372.8), (372.8, 372.8), (372.8, 372.8), (372.8, 372.8), (372.8, 372.8), (372.8, 372.8), (372.8, 372.8), (372.8, 372.8)]",0,1,16.0
novice,bomberman,2,Bomb,38,0,18.78,0.926,"[(48.0, 48.0), (62.9, 51.7), (77.9, 51.7), (98.4, 51.7), (113.3, 57.3), (115.2, 72.3), (115.2, 89.1), (115.2, 107.7), (128.3, 115.2), (143.2, 115.2), (165.6, 115.2), (180.5, 124.5), (180.5, 132.0), (180.5, 128.3), (180.5, 128.3), (180.5, 132.0), (180.5, 128.3), (180.5, 128.3), (180.5, 132.0), (180.5, 128.3), (180.5, 128.3), (180.5, 132.0), (180.5, 128.3), (180.5, 128.3), (180.5, 132.0), (180.5, 128.3), (180.5, 128.3), (180.5, 132.0), (180.5, 128.3), (180.5, 128.3), (180.5, 132.0), (180.5, 128.3), (180.5, 128.3), (180.5, 132.0), (180.5, 128.3), (180.5, 128.3), (180.5, 132.0), (180.5, 128.3), (180.5, 128.3), (180.5, 132.0), (180.5, 128.3), (180.5, 128.3), (180.5, 132.0), (180.5, 128.3), (180.5, 128.3), (180.5, 132.0), (180.5, 128.3), (180.5, 128.3), (180.5, 132.0), (180.5, 128.3), (180.5, 128.3), (180.5, 132.0), (180.5, 128.3), (180.5, 128.3), (180.5, 132.0), (180.5, 128.3), (180.5, 128.3), (180.5, 143.2), (180.5, 165.6), (188.0, 180.5), (202.9, 180.5), (217.9, 174.9), (232.8, 180.5), (244.0, 193.6), (244.0, 208.5), (244.0, 223.5), (245.9, 238.4), (260.8, 244.0), (275.7, 244.0), (296.3, 244.0), (307.5, 257.1), (307.5, 272.0), (307.5, 292.5), (314.9, 307.5), (329.9, 307.5), (350.4, 307.5), (365.3, 309.3), (372.8, 324.3), (372.8, 339.2), (372.8, 354.1), (372.8, 369.1), (372.8, 372.8), (372.8, 372.8), (372.8, 372.8), (372.8, 372.8), (372.8, 372.8), (372.8, 372.8), (372.8, 372.8), (372.8, 372.8), (372.8, 372.8), (372.8, 372.8), (372.8, 372.8), (372.8, 372.8), (372.8, 372.8), (372.8, 372.8), (372.8, 372.8), (372.8, 372.8), (372.8, 372.8), (372.8, 372.8), (372.8, 372.8), (372.8, 372.8), (372.8, 372.8), (372.8, 372.8), (372.8, 372.8), (372.8, 372.8), (372.8, 372.8), (372.8, 372.8), (372.8, 372.8), (372.8, 372.8), (372.8, 372.8), (372.8, 372.8), (372.8, 372.8), (372.8, 372.8), (372.8, 372.8), (372.8, 372.8), (372.8, 372.8), (372.8, 372.8), (372.8, 372.8), (372.8, 372.8), (372.8, 372.8), (372.8, 372.8)]",0,1,16.0
novice,bomberman,2,Bomb,33,0,24.42,0.926,"[(48.0, 48.0), (62.9, 51.7), (77.9, 51.7), (98.4, 51.7), (113.3, 57.3), (115.2, 72.3), (115.2, 89.1), (115.2, 107.7), (128.3, 115.2), (143.2, 115.2), (165.6, 115.2), (180.5, 124.5), (180.5, 132.0), (180.5, 128.3), (180.5, 128.3), (180.5, 132.0), (180.5, 128.3), (180.5, 128.3), (180.5, 132.0), (180.5, 128.3), (180.5, 128.3), (180.5, 132.0), (180.5, 128.3), (180.5, 128.3), (180.5, 132.0), (180.5, 128.3), (180.5, 128.3), (180.5, 132.0), (180.5, 128.3), (180.5, 128.3), (180.5, 132.0), (180.5, 146.9), (180.5, 169.3), (191.7, 180.5), (206.7, 180.5), (229.1, 180.5), (244.0, 189.9), (244.0, 204.8), (244.0, 219.7), (244.0, 234.7), (257.1, 244.0), (272.0, 236.5), (292.5, 236.5), (307.5, 251.5), (307.5, 266.4), (307.5, 285.1), (309.3, 301.9), (324.3, 307.5), (339.2, 307.5), (359.7, 307.5), (372.8, 318.7), (372.8, 333.6), (372.8, 348.5), (372.8, 363.5), (372.8, 372.8), (372.8, 372.8), (372.8, 372.8), (372.8, 372.8), (372.8, 372.8), (372.8, 372.8), (372.8, 372.8), (372.8, 372.8), (372.8, 372.8), (372.8, 372.8), (372.8, 372.8), (372.8, 372.8), (372.8, 372.8), (372.8, 372.8), (372.8, 372.8), (372.8, 372.8), (372.8, 372.8), (372.8, 372.8), (372.8, 372.8), (372.8, 372.8), (372.8, 372.8), (372.8, 372.8), (372.8, 372.8), (372.8, 372.8), (372.8, 372.8), (372.8, 372.8), (372.8, 372.8), (372.8, 372.8), (372.8, 372.8), (372.8, 372.8), (372.8, 372.8), (372.8, 372.8), (372.8, 372.8), (372.8, 372.8), (372.8, 372.8), (372.8, 372.8), (372.8, 372.8)]",0,1,12.0
novice,bomberman,2,Bomb,8,0,24.42,0.926,"[(48.0, 48.0), (62.9, 51.7), (77.9, 51.7), (98.4, 51.7), (113.3, 57.3), (115.2, 72.3), (115.2, 89.1), (115.2, 107.7), (128.3, 115.2), (143.2, 115.2), (165.6, 115.2), (180.5, 124.5), (180.5, 128.3), (180.5, 128.3), (180.5, 128.3), (180.5, 128.3), (180.5, 128.3), (180.5, 128.3), (180.5, 128.3), (180.5, 128.3), (180.5, 128.3), (180.5, 128.3), (180.5, 128.3), (180.5, 128.3), (180.5, 128.3), (180.5, 128.3), (180.5, 128.3), (180.5, 133.9), (180.5, 143.2), (180.5, 150.7), (180.5, 156.3), (180.5, 165.6), (188.0, 180.5), (202.9, 180.5), (225.3, 180.5), (240.3, 186.1), (244.0, 201.1), (244.0, 216.0), (244.0, 230.9), (253.3, 244.0), (268.3, 244.0), (288.8, 244.0), (303.7, 249.6), (307.5, 264.5), (307.5, 281.3), (307.5, 300.0), (322.4, 307.5), (337.3, 307.5), (357.9, 307.5), (372.8, 316.8), (372.8, 331.7), (372.8, 346.7), (372.8, 361.6), (372.8, 372.8), (372.8, 372.8), (372.8, 372.8), (372.8, 372.8), (372.8, 372.8), (372.8, 372.8), (372.8, 372.8), (372.8, 372.8), (372.8, 372.8), (372.8, 372.8), (372.8, 372.8), (372.8, 372.8), (372.8, 372.8), (372.8, 372.8), (372.8, 372.8), (372.8, 372.8), (372.8, 372.8), (372.8, 372.8), (372.8, 372.8), (372.8, 372.8), (372.8, 372.8), (372.8, 372.8), (372.8, 372.8), (372.8, 372.8), (372.8, 372.8), (372.8, 372.8), (372.8, 372.8), (372.8, 372.8), (372.8, 372.8), (372.8, 372.8), (372.8, 372.8), (372.8, 372.8), (372.8, 372.8), (372.8, 372.8), (372.8, 372.8), (372.8, 372.8), (372.8, 372.8), (372.8, 372.8)]",0,1,12.0
novice,bomberman,2,Bomb,68,0,18.32,0.926,"[(48.0, 48.0), (62.9, 51.7), (77.9, 51.7), (98.4, 51.7), (113.3, 57.3), (115.2, 72.3), (115.2, 89.1), (115.2, 107.7), (128.3, 115.2), (143.2, 115.2), (165.6, 115.2), (180.5, 124.5), (180.5, 132.0), (180.5, 128.3), (180.5, 128.3), (180.5, 132.0), (180.5, 128.3), (180.5, 128.3), (180.5, 132.0), (180.5, 128.3), (180.5, 128.3), (180.5, 132.0), (180.5, 128.3), (180.5, 128.3), (180.5, 132.0), (180.5, 128.3), (180.5, 128.3), (180.5, 132.0), (180.5, 128.3), (180.5, 128.3), (180.5, 132.0), (180.5, 128.3), (180.5, 128.3), (180.5, 132.0), (180.5, 128.3), (180.5, 128.3), (180.5, 132.0), (180.5, 128.3), (180.5, 128.3), (180.5, 132.0), (180.5, 128.3), (180.5, 128.3), (180.5, 132.0), (180.5, 128.3), (180.5, 128.3), (180.5, 132.0), (180.5, 128.3), (180.5, 128.3), (180.5, 132.0), (180.5, 128.3), (180.5, 128.3), (180.5, 132.0), (180.5, 128.3), (180.5, 128.3), (180.5, 132.0), (180.5, 128.3), (180.5, 128.3), (180.5, 143.2), (180.5, 165.6), (188.0, 180.5), (202.9, 180.5), (225.3, 180.5), (240.3, 186.1), (244.0, 201.1), (244.0, 216.0), (244.0, 230.9), (253.3, 244.0), (268.3, 244.0), (288.8, 244.0), (303.7, 249.6), (307.5, 264.5), (307.5, 281.3), (307.5, 300.0), (322.4, 307.5), (337.3, 307.5), (357.9, 307.5), (372.8, 316.8), (372.8, 331.7), (372.8, 346.7), (372.8, 361.6), (372.8, 372.8), (372.8, 372.8), (372.8, 372.8), (372.8, 372.8), (372.8, 372.8), (372.8, 372.8), (372.8, 372.8), (372.8, 372.8), (372.8, 372.8), (372.8, 372.8), (372.8, 372.8), (372.8, 372.8), (372.8, 372.8), (372.8, 372.8), (372.8, 372.8), (372.8, 372.8), (372.8, 372.8), (372.8, 372.8), (372.8, 372.8), (372.8, 372.8), (372.8, 372.8), (372.8, 372.8), (372.8, 372.8), (372.8, 372.8), (372.8, 372.8), (372.8, 372.8), (372.8, 372.8), (372.8, 372.8), (372.8, 372.8), (372.8, 372.8), (372.8, 372.8), (372.8, 372.8), (372.8, 372.8), (372.8, 372.8), (372.8, 372.8), (372.8, 372.8), (372.8, 372.8), (372.8, 372.8), (372.8, 372.8), (372.8, 372.8), (372.8, 372.8)]",0,1,16.0
novice,bomberman,2,Bomb,33,0,24.42,0.926,"[(48.0, 48.0), (62.9, 51.7), (77.9, 51.7), (98.4, 51.7), (113.3, 57.3), (115.2, 72.3), (115.2, 89.1), (115.2, 107.7), (128.3, 115.2), (143.2, 115.2), (165.6, 115.2), (180.5, 124.5), (180.5, 132.0), (180.5, 128.3), (180.5, 128.3), (180.5, 132.0), (180.5, 128.3), (180.5, 128.3), (180.5, 132.0), (180.5, 128.3), (180.5, 128.3), (180.5, 132.0), (180.5, 128.3), (180.5, 128.3), (180.5, 132.0), (180.5, 128.3), (180.5, 128.3), (180.5, 132.0), (180.5, 128.3), (180.5, 128.3), (180.5, 132.0), (180.5, 135.7), (180.5, 152.5), (180.5, 173.1), (195.5, 180.5), (210.4, 180.5), (232.8, 180.5), (244.0, 193.6), (244.0, 208.5), (244.0, 230.9), (253.3, 244.0), (268.3, 244.0), (288.8, 244.0), (303.7, 249.6), (307.5, 264.5), (307.5, 281.3), (307.5, 300.0), (322.4, 307.5), (337.3, 307.5), (357.9, 307.5), (372.8, 316.8), (372.8, 331.7), (372.8, 346.7), (372.8, 361.6), (372.8, 372.8), (372.8, 372.8), (372.8, 372.8), (372.8, 372.8), (372.8, 372.8), (372.8, 372.8), (372.8, 372.8), (372.8, 372.8), (372.8, 372.8), (372.8, 372.8), (372.8, 372.8), (372.8, 372.8), (372.8, 372.8), (372.8, 372.8), (372.8, 372.8), (372.8, 372.8), (372.8, 372.8), (372.8, 372.8), (372.8, 372.8), (372.8, 372.8), (372.8, 372.8), (372.8, 372.8), (372.8, 372.8), (372.8, 372.8), (372.8, 372.8), (372.8, 372.8), (372.8, 372.8), (372.8, 372.8), (372.8, 372.8), (372.8, 372.8), (372.8, 372.8), (372.8, 372.8), (372.8, 372.8), (372.8, 372.8), (372.8, 372.8), (372.8, 372.8), (372.8, 372.8)]",0,1,12.0
novice,bomberman,2,Bomb,5,0,34.48,0.926,"[(48.0, 48.0), (62.9, 51.7), (77.9, 51.7), (98.4, 51.7), (113.3, 57.3), (115.2, 72.3), (115.2, 89.1), (115.2, 107.7), (128.3, 115.2), (143.2, 115.2), (165.6, 115.2), (180.5, 124.5), (180.5, 139.5), (180.5, 160.0), (184.3, 176.8), (199.2, 180.5), (217.9, 180.5), (236.5, 182.4), (244.0, 197.3), (244.0, 212.3), (244.0, 227.2), (249.6, 242.1), (264.5, 244.0), (283.2, 244.0), (300.0, 245.9), (307.5, 260.8), (307.5, 275.7), (307.5, 296.3), (318.7, 307.5), (333.6, 307.5), (354.1, 307.5), (369.1, 313.1), (372.8, 328.0), (372.8, 342.9), (372.8, 357.9), (372.8, 372.8), (372.8, 372.8), (372.8, 372.8), (372.8, 372.8), (372.8, 372.8), (372.8, 372.8), (372.8, 372.8), (372.8, 372.8), (372.8, 372.8), (372.8, 372.8), (372.8, 372.8), (372.8, 372.8), (372.8, 372.8), (372.8, 372.8), (372.8, 372.8), (372.8, 372.8), (372.8, 372.8), (372.8, 372.8), (372.8, 372.8), (372.8, 372.8), (372.8, 372.8), (372.8, 372.8), (372.8, 372.8), (372.8, 372.8), (372.8, 372.8), (372.8, 372.8), (372.8, 372.8), (372.8, 372.8), (372.8, 372.8)]",0,1,8.5
novice,bomberman,2,Bomb,11,0,25.04,0.926,"[(48.0, 48.0), (62.9, 51.7), (77.9, 51.7), (98.4, 51.7), (113.3, 57.3), (115.2, 72.3), (115.2, 89.1), (115.2, 107.7), (128.3, 115.2), (143.2, 115.2), (165.6, 115.2), (180.5, 124.5), (180.5, 132.0), (180.5, 128.3), (180.5, 128.3), (180.5, 132.0), (180.5, 128.3), (180.5, 128.3), (180.5, 132.0), (180.5, 128.3), (180.5, 128.3), (180.5, 132.0), (180.5, 128.3), (180.5, 128.3), (180.5, 132.0), (180.5, 128.3), (180.5, 128.3), (180.5, 132.0), (180.5, 128.3), (180.5, 128.3), (180.5, 132.0), (180.5, 135.7), (180.5, 152.5), (180.5, 173.1), (195.5, 180.5), (210.4, 180.5), (225.3, 180.5), (240.3, 186.1), (244.0, 201.1), (244.0, 216.0), (244.0, 230.9), (253.3, 244.0), (268.3, 236.5), (288.8, 236.5), (303.7, 249.6), (307.5, 264.5), (307.5, 281.3), (307.5, 300.0), (322.4, 307.5), (337.3, 307.5), (357.9, 307.5), (372.8, 316.8), (372.8, 331.7), (372.8, 346.7), (372.8, 361.6), (372.8, 372.8), (372.8, 372.8), (372.8, 372.8), (372.8, 372.8), (372.8, 372.8), (372.8, 372.8), (372.8, 372.8), (372.8, 372.8), (372.8, 372.8), (372.8, 372.8), (372.8, 372.8), (372.8, 372.8), (372.8, 372.8), (372.8, 372.8), (372.8, 372.8), (372.8, 372.8), (372.8, 372.8), (372.8, 372.8), (372.8, 372.8), (372.8, 372.8), (372.8, 372.8), (372.8, 372.8), (372.8, 372.8), (372.8, 372.8), (372.8, 372.8), (372.8, 372.8), (372.8, 372.8), (372.8, 372.8), (372.8, 372.8), (372.8, 372.8), (372.8, 372.8), (372.8, 372.8), (372.8, 372.8), (372.8, 372.8), (372.8, 372.8), (372.8, 372.8)]",0,1,12.0
novice,bomberman,2,Bomb,10,0,15.4,0.926,"[(48.0, 48.0), (62.9, 51.7), (77.9, 51.7), (98.4, 51.7), (113.3, 57.3), (115.2, 64.8), (115.2, 68.5), (115.2, 64.8), (115.2, 64.8), (115.2, 68.5), (115.2, 64.8), (115.2, 64.8), (115.2, 68.5), (115.2, 64.8), (115.2, 64.8), (115.2, 68.5), (115.2, 64.8), (115.2, 64.8), (115.2, 68.5), (115.2, 64.8), (115.2, 64.8), (115.2, 68.5), (115.2, 64.8), (115.2, 64.8), (115.2, 68.5), (115.2, 64.8), (115.2, 64.8), (115.2, 68.5), (115.2, 64.8), (115.2, 64.8), (115.2, 68.5), (115.2, 72.3), (115.2, 89.1), (115.2, 107.7), (128.3, 115.2), (143.2, 115.2), (158.1, 115.2), (173.1, 117.1), (180.5, 128.3), (180.5, 126.4), (180.5, 130.1), (180.5, 130.1), (180.5, 126.4), (180.5, 130.1), (180.5, 130.1), (180.5, 126.4), (180.5, 130.1), (180.5, 130.1), (180.5, 126.4), (180.5, 130.1), (180.5, 130.1), (180.5, 126.4), (180.5, 130.1), (180.5, 130.1), (180.5, 126.4), (180.5, 130.1), (180.5, 130.1), (180.5, 126.4), (180.5, 130.1), (180.5, 130.1), (180.5, 126.4), (180.5, 128.3), (180.5, 128.3), (180.5, 132.0), (180.5, 128.3), (180.5, 128.3), (180.5, 132.0), (180.5, 128.3), (180.5, 128.3), (180.5, 132.0), (180.5, 128.3), (180.5, 128.3), (180.5, 132.0), (180.5, 128.3), (180.5, 128.3), (180.5, 132.0), (180.5, 128.3), (180.5, 128.3), (180.5, 132.0), (180.5, 128.3), (180.5, 128.3), (180.5, 132.0), (180.5, 128.3), (180.5, 128.3), (180.5, 132.0), (180.5, 128.3), (180.5, 128.3), (180.5, 143.2), (180.5, 165.6), (188.0, 180.5), (202.9, 180.5), (217.9, 180.5), (232.8, 180.5), (244.0, 193.6), (244.0, 208.5), (244.0, 230.9), (253.3, 244.0), (268.3, 244.0), (288.8, 244.0), (303.7, 249.6), (307.5, 264.5), (307.5, 281.3), (307.5, 300.0), (322.4, 307.5), (337.3, 307.5), (357.9, 307.5), (372.8, 316.8), (372.8, 331.7), (372.8, 346.7), (372.8, 361.6), (372.8, 372.8), (372.8, 372.8), (372.8, 372.8), (372.8, 372.8), (372.8, 372.8), (372.8, 372.8), (372.8, 372.8), (372.8, 372.8), (372.8, 372.8), (372.8, 372.8), (372.8, 372.8), (372.8, 372.8), (372.8, 372.8), (372.8, 372.8), (372.8, 372.8), (372.8, 372.8), (372.8, 372.8), (372.8, 372.8), (372.8, 372.8), (372.8, 372.8), (372.8, 372.8), (372.8, 372.8), (372.8, 372.8), (372.8, 372.8), (372.8, 372.8), (372.8, 372.8), (372.8, 372.8), (372.8, 372.8), (372.8, 372.8), (372.8, 372.8), (372.8, 372.8), (372.8, 372.8), (372.8, 372.8), (372.8, 372.8), (372.8, 372.8), (372.8, 372.8), (372.8, 372.8), (372.8, 372.8), (372.8, 372.8), (372.8, 372.8), (372.8, 372.8)]",0,1,20.0
novice,bomberman,2,Bomb,40,0,18.03,0.926,"[(48.0, 48.0), (62.9, 51.7), (77.9, 51.7), (98.4, 51.7), (113.3, 57.3), (115.2, 72.3), (115.2, 89.1), (115.2, 107.7), (128.3, 115.2), (143.2, 115.2), (165.6, 115.2), (180.5, 124.5), (180.5, 128.3), (180.5, 128.3), (180.5, 128.3), (180.5, 128.3), (180.5, 128.3), (180.5, 128.3), (180.5, 128.3), (180.5, 128.3), (180.5, 128.3), (180.5, 128.3), (180.5, 128.3), (180.5, 128.3), (180.5, 128.3), (180.5, 128.3), (180.5, 128.3), (180.5, 133.9), (180.5, 143.2), (180.5, 150.7), (180.5, 156.3), (180.5, 165.6), (188.0, 180.5), (191.7, 180.5), (195.5, 180.5), (195.5, 180.5), (191.7, 180.5), (195.5, 180.5), (195.5, 180.5), (191.7, 180.5), (195.5, 180.5), (195.5, 180.5), (191.7, 180.5), (195.5, 180.5), (195.5, 180.5), (191.7, 180.5), (195.5, 180.5), (195.5, 180.5), (191.7, 180.5), (195.5, 180.5), (195.5, 180.5), (191.7, 180.5), (195.5, 180.5), (195.5, 180.5), (191.7, 180.5), (195.5, 180.5), (195.5, 180.5), (202.9, 180.5), (225.3, 180.5), (240.3, 186.1), (244.0, 201.1), (244.0, 216.0), (244.0, 230.9), (253.3, 244.0), (268.3, 244.0), (288.8, 244.0), (303.7, 249.6), (307.5, 264.5), (307.5, 281.3), (307.5, 300.0), (322.4, 307.5), (337.3, 307.5), (357.9, 307.5), (372.8, 316.8), (372.8, 331.7), (372.8, 346.7), (372.8, 361.6), (372.8, 372.8), (372.8, 372.8), (372.8, 372.8), (372.8, 372.8), (372.8, 372.8), (372.8, 372.8), (372.8, 372.8), (372.8, 372.8), (372.8, 372.8), (372.8, 372.8), (372.8, 372.8), (372.8, 372.8), (372.8, 372.8), (372.8, 372.8), (372.8, 372.8), (372.8, 372.8), (372.8, 372.8), (372.8, 372.8), (372.8, 372.8), (372.8, 372.8), (372.8, 372.8), (372.8, 372.8), (372.8, 372.8), (372.8, 372.8), (372.8, 372.8), (372.8, 372.8), (372.8, 372.8), (372.8, 372.8), (372.8, 372.8), (372.8, 372.8), (372.8, 372.8), (372.8, 372.8), (372.8, 372.8), (372.8, 372.8), (372.8, 372.8), (372.8, 372.8), (372.8, 372.8), (372.8, 372.8), (372.8, 372.8), (372.8, 372.8), (372.8, 372.8), (372.8, 372.8), (372.8, 372.8), (372.8, 372.8), (372.8, 372.8)]",0,1,16.25
novice,bomberman,2,Bomb,38,0,24.42,0.926,"[(48.0, 48.0), (62.9, 51.7), (77.9, 51.7), (98.4, 51.7), (113.3, 57.3), (115.2, 72.3), (115.2, 89.1), (115.2, 107.7), (128.3, 115.2), (143.2, 115.2), (165.6, 115.2), (180.5, 124.5), (180.5, 132.0), (180.5, 128.3), (180.5, 128.3), (180.5, 132.0), (180.5, 128.3), (180.5, 128.3), (180.5, 132.0), (180.5, 128.3), (180.5, 128.3), (180.5, 132.0), (180.5, 128.3), (180.5, 128.3), (180.5, 132.0), (180.5, 128.3), (180.5, 128.3), (180.5, 132.0), (180.5, 128.3), (180.5, 128.3), (180.5, 132.0), (180.5, 128.3), (180.5, 128.3), (180.5, 132.0), (180.5, 135.7), (180.5, 152.5), (180.5, 173.1), (195.5, 180.5), (210.4, 180.5), (232.8, 180.5), (244.0, 193.6), (244.0, 208.5), (244.0, 223.5), (245.9, 238.4), (260.8, 244.0), (275.7, 244.0), (296.3, 244.0), (307.5, 257.1), (307.5, 272.0), (307.5, 292.5), (314.9, 307.5), (329.9, 307.5), (350.4, 307.5), (365.3, 309.3), (372.8, 324.3), (372.8, 339.2), (372.8, 354.1), (372.8, 369.1), (372.8, 372.8), (372.8, 372.8), (372.8, 372.8), (372.8, 372.8), (372.8, 372.8), (372.8, 372.8), (372.8, 372.8), (372.8, 372.8), (372.8, 372.8), (372.8, 372.8), (372.8, 372.8), (372.8, 372.8), (372.8, 372.8), (372.8, 372.8), (372.8, 372.8), (372.8, 372.8), (372.8, 372.8), (372.8, 372.8), (372.8, 372.8), (372.8, 372.8), (372.8, 372.8), (372.8, 372.8), (372.8, 372.8), (372.8, 372.8), (372.8, 372.8), (372.8, 372.8), (372.8, 372.8), (372.8, 372.8), (372.8, 372.8), (372.8, 372.8), (372.8, 372.8), (372.8, 372.8), (372.8, 372.8)]",0,1,12.0
novice,bomberman,2,Bomb,38,0,24.42,0.926,"[(48.0, 48.0), (62.9, 51.7), (77.9, 51.7), (98.4, 51.7), (113.3, 57.3), (115.2, 72.3), (115.2, 89.1), (115.2, 107.7), (128.3, 115.2), (143.2, 115.2), (165.6, 115.2), (180.5, 124.5), (180.5, 132.0), (180.5, 128.3), (180.5, 128.3), (180.5, 132.0), (180.5, 128.3), (180.5, 128.3), (180.5, 132.0), (180.5, 128.3), (180.5, 128.3), (180.5, 132.0), (180.5, 128.3), (180.5, 128.3), (180.5, 132.0), (180.5, 128.3), (180.5, 128.3), (180.5, 132.0), (180.5, 128.3), (180.5, 128.3), (180.5, 132.0), (180.5, 128.3), (180.5, 128.3), (180.5, 132.0), (180.5, 135.7), (180.5, 152.5), (180.5, 173.1), (195.5, 180.5), (210.4, 180.5), (232.8, 180.5), (244.0, 193.6), (244.0, 208.5), (244.0, 223.5), (245.9, 238.4), (260.8, 244.0), (275.7, 244.0), (296.3, 244.0), (307.5, 257.1), (307.5, 272.0), (307.5, 292.5), (314.9, 307.5), (329.9, 307.5), (350.4, 307.5), (365.3, 309.3), (372.8, 324.3), (372.8, 339.2), (372.8, 354.1), (372.8, 369.1), (372.8, 372.8), (372.8, 372.8), (372.8, 372.8), (372.8, 372.8), (372.8, 372.8), (372.8, 372.8), (372.8, 372.8), (372.8, 372.8), (372.8, 372.8), (372.8, 372.8), (372.8, 372.8), (372.8, 372.8), (372.8, 372.8), (372.8, 372.8), (372.8, 372.8), (372.8, 372.8), (372.8, 372.8), (372.8, 372.8), (372.8, 372.8), (372.8, 372.8), (372.8, 372.8), (372.8, 372.8), (372.8, 372.8), (372.8, 372.8), (372.8, 372.8), (372.8, 372.8), (372.8, 372.8), (372.8, 372.8), (372.8, 372.8), (372.8, 372.8), (372.8, 372.8), (372.8, 372.8), (372.8, 372.8)]",0,1,12.0
novice,bomberman,2,Bomb,40,0,18.03,0.926,"[(48.0, 48.0), (62.9, 51.7), (77.9, 51.7), (98.4, 51.7), (113.3, 57.3), (115.2, 72.3), (115.2, 89.1), (115.2, 107.7), (128.3, 115.2), (143.2, 115.2), (165.6, 115.2), (180.5, 124.5), (180.5, 128.3), (180.5, 128.3), (180.5, 128.3), (180.5, 128.3), (180.5, 128.3), (180.5, 128.3), (180.5, 128.3), (180.5, 128.3), (180.5, 128.3), (180.5, 128.3), (180.5, 128.3), (180.5, 128.3), (180.5, 128.3), (180.5, 128.3), (180.5, 128.3), (180.5, 133.9), (180.5, 143.2), (180.5, 150.7), (180.5, 156.3), (180.5, 165.6), (188.0, 180.5), (191.7, 180.5), (195.5, 180.5), (195.5, 180.5), (191.7, 180.5), (195.5, 180.5), (195.5, 180.5), (191.7, 180.5), (195.5, 180.5), (195.5, 180.5), (191.7, 180.5), (195.5, 180.5), (195.5, 180.5), (191.7, 180.5), (195.5, 180.5), (195.5, 180.5), (191.7, 180.5), (195.5, 180.5), (195.5, 180.5), (191.7, 180.5), (195.5, 180.5), (195.5, 180.5), (191.7, 180.5), (195.5, 180.5), (195.5, 180.5), (202.9, 180.5), (225.3, 180.5), (240.3, 186.1), (244.0, 201.1), (244.0, 216.0), (244.0, 230.9), (253.3, 244.0), (268.3, 244.0), (288.8, 244.0), (303.7, 249.6), (307.5, 264.5), (307.5, 281.3), (307.5, 300.0), (322.4, 307.5), (337.3, 307.5), (357.9, 307.5), (372.8, 316.8), (372.8, 331.7), (372.8, 346.7), (372.8, 361.6), (372.8, 372.8), (372.8, 372.8), (372.8, 372.8), (372.8, 372.8), (372.8, 372.8), (372.8, 372.8), (372.8, 372.8), (372.8, 372.8), (372.8, 372.8), (372.8, 372.8), (372.8, 372.8), (372.8, 372.8), (372.8, 372.8), (372.8, 372.8), (372.8, 372.8), (372.8, 372.8), (372.8, 372.8), (372.8, 372.8), (372.8, 372.8), (372.8, 372.8), (372.8, 372.8), (372.8, 372.8), (372.8, 372.8), (372.8, 372.8), (372.8, 372.8), (372.8, 372.8), (372.8, 372.8), (372.8, 372.8), (372.8, 372.8), (372.8, 372.8), (372.8, 372.8), (372.8, 372.8), (372.8, 372.8), (372.8, 372.8), (372.8, 372.8), (372.8, 372.8), (372.8, 372.8), (372.8, 372.8), (372.8, 372.8), (372.8, 372.8), (372.8, 372.8), (372.8, 372.8), (372.8, 372.8), (372.8, 372.8), (372.8, 372.8)]",0,1,16.25
novice,bomberman,2,Bomb,10,0,15.4,0.926,"[(48.0, 48.0), (62.9, 51.7), (77.9, 51.7), (98.4, 51.7), (113.3, 57.3), (115.2, 64.8), (115.2, 68.5), (115.2, 64.8), (115.2, 64.8), (115.2, 68.5), (115.2, 64.8), (115.2, 64.8), (115.2, 68.5), (115.2, 64.8), (115.2, 64.8), (115.2, 68.5), (115.2, 64.8), (115.2, 64.8), (115.2, 68.5), (115.2, 64.8), (115.2, 64.8), (115.2, 68.5), (115.2, 64.8), (115.2, 64.8), (115.2, 68.5), (115.2, 64.8), (115.2, 64.8), (115.2, 68.5), (115.2, 64.8), (115.2, 64.8), (115.2, 68.5), (115.2, 72.3), (115.2, 89.1), (115.2, 107.7), (128.3, 115.2), (143.2, 115.2), (158.1, 115.2), (173.1, 117.1), (180.5, 128.3), (180.5, 126.4), (180.5, 130.1), (180.5, 130.1), (180.5, 126.4), (180.5, 130.1), (180.5, 130.1), (180.5, 126.4), (180.5, 130.1), (180.5, 130.1), (180.5, 126.4), (180.5, 130.1), (180.5, 130.1), (180.5, 126.4), (180.5, 130.1), (180.5, 130.1), (180.5, 126.4), (180.5, 130.1), (180.5, 130.1), (180.5, 126.4), (180.5, 130.1), (180.5, 130.1), (180.5, 126.4), (180.5, 128.3), (180.5, 128.3), (180.5, 132.0), (180.5, 128.3), (180.5, 128.3), (180.5, 132.0), (180.5, 128.3), (180.5, 128.3), (180.5, 132.0), (180.5, 128.3), (180.5, 128.3), (180.5, 132.0), (180.5, 128.3), (180.5, 128.3), (180.5, 132.0), (180.5, 128.3), (180.5, 128.3), (180.5, 132.0), (180.5, 128.3), (180.5, 128.3), (180.5, 132.0), (180.5, 128.3), (180.5, 128.3), (180.5, 132.0), (180.5, 128.3), (180.5, 128.3), (180.5, 143.2), (180.5, 165.6), (188.0, 180.5), (202.9, 180.5), (217.9, 180.5), (232.8, 180.5), (244.0, 193.6), (244.0, 208.5), (244.0, 230.9), (253.3, 244.0), (268.3, 244.0), (288.8, 244.0), (303.7, 249.6), (307.5, 264.5), (307.5, 281.3), (307.5, 300.0), (322.4, 307.5), (337.3, 307.5), (357.9, 307.5), (372.8, 316.8), (372.8, 331.7), (372.8, 346.7), (372.8, 361.6), (372.8, 372.8), (372.8, 372.8), (372.8, 372.8), (372.8, 372.8), (372.8, 372.8), (372.8, 372.8), (372.8, 372.8), (372.8, 372.8), (372.8, 372.8), (372.8, 372.8), (372.8, 372.8), (372.8, 372.8), (372.8, 372.8), (372.8, 372.8), (372.8, 372.8), (372.8, 372.8), (372.8, 372.8), (372.8, 372.8), (372.8, 372.8), (372.8, 372.8), (372.8, 372.8), (372.8, 372.8), (372.8, 372.8), (372.8, 372.8), (372.8, 372.8), (372.8, 372.8), (372.8, 372.8), (372.8, 372.8), (372.8, 372.8), (372.8, 372.8), (372.8, 372.8), (372.8, 372.8), (372.8, 372.8), (372.8, 372.8), (372.8, 372.8), (372.8, 372.8), (372.8, 372.8), (372.8, 372.8), (372.8, 372.8), (372.8, 372.8), (372.8, 372.8)]",0,1,20.0
novice,bomberman,2,Bomb,11,0,25.04,0.926,"[(48.0, 48.0), (62.9, 51.7), (77.9, 51.7), (98.4, 51.7), (113.3, 57.3), (115.2, 72.3), (115.2, 89.1), (115.2, 107.7), (128.3, 115.2), (143.2, 115.2), (165.6, 115.2), (180.5, 124.5), (180.5, 132.0), (180.5, 128.3), (180.5, 128.3), (180.5, 132.0), (180.5, 128.3), (180.5, 128.3), (180.5, 132.0), (180.5, 128.3), (180.5, 128.3), (180.5, 132.0), (180.5, 128.3), (180.5, 128.3), (180.5, 132.0), (180.5, 128.3), (180.5, 128.3), (180.5, 132.0), (180.5, 128.3), (180.5, 128.3), (180.5, 132.0), (180.5, 135.7), (180.5, 152.5), (180.5, 173.1), (195.5, 180.5), (210.4, 180.5), (225.3, 180.5), (240.3, 186.1), (244.0, 201.1), (244.0, 216.0), (244.0, 230.9), (253.3, 244.0), (268.3, 236.5), (288.8, 236.5), (303.7, 249.6), (307.5, 264.5), (307.5, 281.3), (307.5, 300.0), (322.4, 307.5), (337.3, 307.5), (357.9, 307.5), (372.8, 316.8), (372.8, 331.7), (372.8, 346.7), (372.8, 361.6), (372.8, 372.8), (372.8, 372.8), (372.8, 372.8), (372.8, 372.8), (372.8, 372.8), (372.8, 372.8), (372.8, 372.8), (372.8, 372.8), (372.8, 372.8), (372.8, 372.8), (372.8, 372.8), (372.8, 372.8), (372.8, 372.8), (372.8, 372.8), (372.8, 372.8), (372.8, 372.8), (372.8, 372.8), (372.8, 372.8), (372.8, 372.8), (372.8, 372.8), (372.8, 372.8), (372.8, 372.8), (372.8, 372.8), (372.8, 372.8), (372.8, 372.8), (372.8, 372.8), (372.8, 372.8), (372.8, 372.8), (372.8, 372.8), (372.8, 372.8), (372.8, 372.8), (372.8, 372.8), (372.8, 372.8), (372.8, 372.8), (372.8, 372.8), (372.8, 372.8)]",0,1,12.0
novice,bomberman,2,Bomb,6,0,24.12,0.926,"[(48.0, 48.0), (62.9, 51.7), (77.9, 51.7), (98.4, 51.7), (113.3, 57.3), (115.2, 72.3), (115.2, 89.1), (115.2, 107.7), (128.3, 115.2), (143.2, 115.2), (165.6, 115.2), (180.5, 124.5), (180.5, 139.5), (180.5, 160.0), (184.3, 176.8), (199.2, 180.5), (217.9, 180.5), (236.5, 182.4), (244.0, 197.3), (244.0, 212.3), (244.0, 227.2), (249.6, 242.1), (264.5, 240.3), (283.2, 236.5), (300.0, 245.9), (307.5, 260.8), (307.5, 275.7), (307.5, 296.3), (318.7, 307.5), (333.6, 307.5), (354.1, 307.5), (369.1, 313.1), (372.8, 328.0), (372.8, 342.9), (372.8, 357.9), (372.8, 372.8), (372.8, 372.8), (372.8, 372.8), (372.8, 372.8), (372.8, 372.8), (372.8, 372.8), (372.8, 372.8), (372.8, 372.8), (372.8, 372.8), (372.8, 372.8), (372.8, 372.8), (372.8, 372.8), (372.8, 372.8), (372.8, 372.8), (372.8, 372.8), (372.8, 372.8), (372.8, 372.8), (372.8, 372.8), (372.8, 372.8), (372.8, 372.8), (372.8, 372.8), (372.8, 372.8), (372.8, 372.8), (372.8, 372.8), (372.8, 372.8), (372.8, 372.8), (372.8, 372.8), (372.8, 372.8), (372.8, 372.8), (372.8, 372.8), (372.8, 372.8), (372.8, 372.8), (372.8, 372.8), (372.8, 372.8), (372.8, 372.8), (372.8, 372.8), (372.8, 372.8), (372.8, 372.8), (372.8, 372.8), (372.8, 372.8), (372.8, 372.8), (372.8, 372.8), (372.8, 372.8), (372.8, 372.8), (372.8, 372.8), (372.8, 372.8), (372.8, 372.8), (372.8, 372.8), (372.8, 372.8), (372.8, 372.8), (372.8, 372.8), (372.8, 372.8), (372.8, 372.8), (372.8, 372.8), (372.8, 372.8), (372.8, 372.8), (372.8, 372.8)]",0,1,12.15
novice,bomberman,2,Stuck,31,0,21.76,0.741,"[(48.0, 48.0), (62.9, 51.7), (77.9, 51.7), (98.4, 51.7), (113.3, 57.3), (115.2, 72.3), (115.2, 89.1), (115.2, 107.7), (128.3, 115.2), (143.2, 115.2), (165.6, 115.2), (180.5, 124.5), (180.5, 132.0), (180.5, 128.3), (180.5, 128.3), (180.5, 132.0), (180.5, 128.3), (180.5, 128.3), (180.5, 132.0), (180.5, 128.3), (180.5, 128.3), (180.5, 132.0), (180.5, 128.3), (180.5, 128.3), (180.5, 132.0), (180.5, 128.3), (180.5, 128.3), (180.5, 132.0), (180.5, 128.3), (180.5, 128.3), (180.5, 132.0), (180.5, 146.9), (180.5, 169.3), (191.7, 180.5), (206.7, 180.5), (229.1, 180.5), (244.0, 189.9), (244.0, 204.8), (244.0, 219.7), (244.0, 234.7), (257.1, 244.0), (272.0, 244.0), (292.5, 244.0), (307.5, 253.3), (307.5, 268.3), (307.5, 288.8), (311.2, 303.7), (326.1, 307.5), (342.9, 307.5), (361.6, 307.5), (372.8, 320.5), (372.8, 335.5), (372.8, 350.4), (372.8, 365.3), (372.8, 372.8), (372.8, 372.8), (372.8, 372.8), (372.8, 372.8), (372.8, 372.8), (372.8, 372.8), (372.8, 372.8), (372.8, 372.8), (372.8, 372.8), (372.8, 372.8), (372.8, 372.8), (372.8, 372.8), (372.8, 372.8), (372.8, 372.8), (372.8, 372.8), (372.8, 372.8), (372.8, 372.8), (372.8, 372.8), (372.8, 372.8), (372.8, 372.8), (372.8, 372.8), (372.8, 372.8), (372.8, 372.8), (372.8, 372.8), (372.8, 372.8), (372.8, 372.8), (372.8, 372.8), (372.8, 372.8), (372.8, 372.8), (372.8, 372.8), (372.8, 372.8), (372.8, 372.8), (372.8, 372.8), (372.8, 372.8), (372.8, 372.8), (372.8, 372.8), (372.8, 372.8), (372.8, 372.8), (372.8, 372.8), (372.8, 372.8), (372.8, 372.8), (372.8, 372.8), (372.8, 372.8), (372.8, 372.8), (372.8, 372.8), (372.8, 372.8), (372.8, 372.8), (372.8, 372.8)]",0,0,13.47
novice,bomberman,2,Bomb,33,0,24.42,0.926,"[(48.0, 48.0), (62.9, 51.7), (77.9, 51.7), (98.4, 51.7), (113.3, 57.3), (115.2, 72.3), (115.2, 89.1), (115.2, 107.7), (128.3, 115.2), (143.2, 115.2), (165.6, 115.2), (180.5, 124.5), (180.5, 132.0), (180.5, 128.3), (180.5, 128.3), (180.5, 132.0), (180.5, 128.3), (180.5, 128.3), (180.5, 132.0), (180.5, 128.3), (180.5, 128.3), (180.5, 132.0), (180.5, 128.3), (180.5, 128.3), (180.5, 132.0), (180.5, 128.3), (180.5, 128.3), (180.5, 132.0), (180.5, 128.3), (180.5, 128.3), (180.5, 132.0), (180.5, 135.7), (180.5, 152.5), (180.5, 173.1), (195.5, 180.5), (210.4, 180.5), (232.8, 180.5), (244.0, 193.6), (244.0, 208.5), (244.0, 230.9), (253.3, 244.0), (268.3, 244.0), (288.8, 244.0), (303.7, 249.6), (307.5, 264.5), (307.5, 281.3), (307.5, 300.0), (322.4, 307.5), (337.3, 307.5), (357.9, 307.5), (372.8, 316.8), (372.8, 331.7), (372.8, 346.7), (372.8, 361.6), (372.8, 372.8), (372.8, 372.8), (372.8, 372.8), (372.8, 372.8), (372.8, 372.8), (372.8, 372.8), (372.8, 372.8), (372.8, 372.8), (372.8, 372.8), (372.8, 372.8), (372.8, 372.8), (372.8, 372.8), (372.8, 372.8), (372.8, 372.8), (372.8, 372.8), (372.8, 372.8), (372.8, 372.8), (372.8, 372.8), (372.8, 372.8), (372.8, 372.8), (372.8, 372.8), (372.8, 372.8), (372.8, 372.8), (372.8, 372.8), (372.8, 372.8), (372.8, 372.8), (372.8, 372.8), (372.8, 372.8), (372.8, 372.8), (372.8, 372.8), (372.8, 372.8), (372.8, 372.8), (372.8, 372.8), (372.8, 372.8), (372.8, 372.8), (372.8, 372.8), (372.8, 372.8)]",0,1,12.0
novice,bomberman,2,Bomb,73,0,8.71,0.222,"[(48.0, 48.0), (62.9, 51.7), (77.9, 51.7), (98.4, 51.7), (113.3, 57.3), (115.2, 64.8), (115.2, 68.5), (115.2, 64.8), (115.2, 64.8), (115.2, 68.5), (115.2, 64.8), (115.2, 64.8), (115.2, 68.5), (115.2, 64.8), (115.2, 64.8), (115.2, 68.5), (115.2, 64.8), (115.2, 64.8), (115.2, 68.5), (115.2, 64.8), (115.2, 64.8), (115.2, 68.5), (115.2, 64.8), (115.2, 64.8), (115.2, 68.5), (115.2, 64.8), (115.2, 64.8), (115.2, 68.5), (115.2, 64.8), (115.2, 64.8), (115.2, 68.5), (115.2, 64.8), (115.2, 64.8), (115.2, 68.5), (115.2, 64.8), (115.2, 64.8), (115.2, 68.5), (115.2, 64.8), (115.2, 64.8), (115.2, 68.5), (115.2, 64.8), (115.2, 64.8), (115.2, 68.5), (115.2, 64.8), (115.2, 64.8), (115.2, 68.5), (115.2, 64.8), (115.2, 64.8), (115.2, 68.5), (115.2, 64.8), (115.2, 64.8), (115.2, 68.5), (115.2, 64.8), (115.2, 64.8), (115.2, 68.5), (115.2, 64.8), (115.2, 64.8), (115.2, 79.7), (115.2, 100.3), (120.8, 115.2), (135.7, 115.2), (154.4, 115.2), (165.6, 115.2), (165.6, 115.2), (165.6, 115.2), (165.6, 115.2), (165.6, 115.2), (165.6, 115.2), (165.6, 115.2), (165.6, 115.2), (165.6, 115.2), (165.6, 115.2), (165.6, 115.2), (165.6, 115.2), (165.6, 115.2), (165.6, 115.2), (165.6, 115.2), (165.6, 115.2), (165.6, 115.2), (165.6, 115.2), (165.6, 115.2), (165.6, 115.2), (165.6, 115.2), (165.6, 115.2), (165.6, 115.2), (165.6, 115.2), (165.6, 115.2), (165.6, 115.2), (165.6, 115.2), (165.6, 115.2), (165.6, 115.2)]",0,0,12.0
novice,bomberman,2,Bomb,33,0,24.42,0.926,"[(48.0, 48.0), (62.9, 51.7), (77.9, 51.7), (98.4, 51.7), (113.3, 57.3), (115.2, 72.3), (115.2, 89.1), (115.2, 107.7), (128.3, 115.2), (143.2, 115.2), (165.6, 115.2), (180.5, 124.5), (180.5, 132.0), (180.5, 128.3), (180.5, 128.3), (180.5, 132.0), (180.5, 128.3), (180.5, 128.3), (180.5, 132.0), (180.5, 128.3), (180.5, 128.3), (180.5, 132.0), (180.5, 128.3), (180.5, 128.3), (180.5, 132.0), (180.5, 128.3), (180.5, 128.3), (180.5, 132.0), (180.5, 128.3), (180.5, 128.3), (180.5, 132.0), (180.5, 135.7), (180.5, 152.5), (180.5, 173.1), (195.5, 180.5), (210.4, 180.5), (232.8, 180.5), (244.0, 193.6), (244.0, 208.5), (244.0, 223.5), (245.9, 238.4), (260.8, 244.0), (275.7, 244.0), (296.3, 244.0), (307.5, 257.1), (307.5, 272.0), (307.5, 292.5), (314.9, 307.5), (329.9, 307.5), (350.4, 307.5), (365.3, 309.3), (372.8, 324.3), (372.8, 339.2), (372.8, 354.1), (372.8, 369.1), (372.8, 372.8), (372.8, 372.8), (372.8, 372.8), (372.8, 372.8), (372.8, 372.8), (372.8, 372.8), (372.8, 372.8), (372.8, 372.8), (372.8, 372.8), (372.8, 372.8), (372.8, 372.8), (372.8, 372.8), (372.8, 372.8), (372.8, 372.8), (372.8, 372.8), (372.8, 372.8), (372.8, 372.8), (372.8, 372.8), (372.8, 372.8), (372.8, 372.8), (372.8, 372.8), (372.8, 372.8), (372.8, 372.8), (372.8, 372.8), (372.8, 372.8), (372.8, 372.8), (372.8, 372.8), (372.8, 372.8), (372.8, 372.8), (372.8, 372.8), (372.8, 372.8), (372.8, 372.8), (372.8, 372.8), (372.8, 372.8), (372.8, 372.8), (372.8, 372.8)]",0,1,12.0
novice,bomberman,2,Bomb,5,0,34.48,0.926,"[(48.0, 48.0), (62.9, 51.7), (77.9, 51.7), (98.4, 51.7), (113.3, 57.3), (115.2, 72.3), (115.2, 89.1), (115.2, 107.7), (128.3, 115.2), (143.2, 115.2), (165.6, 115.2), (180.5, 124.5), (180.5, 139.5), (180.5, 160.0), (184.3, 176.8), (199.2, 180.5), (217.9, 180.5), (236.5, 182.4), (244.0, 197.3), (244.0, 212.3), (244.0, 227.2), (249.6, 242.1), (264.5, 244.0), (283.2, 244.0), (300.0, 245.9), (307.5, 260.8), (307.5, 275.7), (307.5, 296.3), (318.7, 307.5), (333.6, 307.5), (354.1, 307.5), (369.1, 313.1), (372.8, 328.0), (372.8, 342.9), (372.8, 357.9), (372.8, 372.8), (372.8, 372.8), (372.8, 372.8), (372.8, 372.8), (372.8, 372.8), (372.8, 372.8), (372.8, 372.8), (372.8, 372.8), (372.8, 372.8), (372.8, 372.8), (372.8, 372.8), (372.8, 372.8), (372.8, 372.8), (372.8, 372.8), (372.8, 372.8), (372.8, 372.8), (372.8, 372.8), (372.8, 372.8), (372.8, 372.8), (372.8, 372.8), (372.8, 372.8), (372.8, 372.8), (372.8, 372.8), (372.8, 372.8), (372.8, 372.8), (372.8, 372.8), (372.8, 372.8), (372.8, 372.8), (372.8, 372.8)]",0,1,8.5
novice,bomberman,2,Bomb,5,0,34.48,0.926,"[(48.0, 48.0), (62.9, 51.7), (77.9, 51.7), (98.4, 51.7), (113.3, 57.3), (115.2, 72.3), (115.2, 89.1), (115.2, 107.7), (128.3, 115.2), (143.2, 115.2), (165.6, 115.2), (180.5, 124.5), (180.5, 139.5), (180.5, 160.0), (184.3, 176.8), (199.2, 180.5), (217.9, 180.5), (236.5, 182.4), (244.0, 197.3), (244.0, 212.3), (244.0, 227.2), (249.6, 242.1), (264.5, 244.0), (283.2, 244.0), (300.0, 245.9), (307.5, 260.8), (307.5, 275.7), (307.5, 296.3), (318.7, 307.5), (333.6, 307.5), (354.1, 307.5), (369.1, 313.1), (372.8, 328.0), (372.8, 342.9), (372.8, 357.9), (372.8, 372.8), (372.8, 372.8), (372.8, 372.8), (372.8, 372.8), (372.8, 372.8), (372.8, 372.8), (372.8, 372.8), (372.8, 372.8), (372.8, 372.8), (372.8, 372.8), (372.8, 372.8), (372.8, 372.8), (372.8, 372.8), (372.8, 372.8), (372.8, 372.8), (372.8, 372.8), (372.8, 372.8), (372.8, 372.8), (372.8, 372.8), (372.8, 372.8), (372.8, 372.8), (372.8, 372.8), (372.8, 372.8), (372.8, 372.8), (372.8, 372.8), (372.8, 372.8), (372.8, 372.8), (372.8, 372.8), (372.8, 372.8)]",0,1,8.5
novice,bomberman,2,Bomb,33,0,24.42,0.926,"[(48.0, 48.0), (62.9, 51.7), (77.9, 51.7), (98.4, 51.7), (113.3, 57.3), (115.2, 72.3), (115.2, 89.1), (115.2, 107.7), (128.3, 115.2), (143.2, 115.2), (165.6, 115.2), (180.5, 124.5), (180.5, 132.0), (180.5, 128.3), (180.5, 128.3), (180.5, 132.0), (180.5, 128.3), (180.5, 128.3), (180.5, 132.0), (180.5, 128.3), (180.5, 128.3), (180.5, 132.0), (180.5, 128.3), (180.5, 128.3), (180.5, 132.0), (180.5, 128.3), (180.5, 128.3), (180.5, 132.0), (180.5, 128.3), (180.5, 128.3), (180.5, 132.0), (180.5, 135.7), (180.5, 152.5), (180.5, 173.1), (195.5, 180.5), (210.4, 180.5), (232.8, 180.5), (244.0, 193.6), (244.0, 208.5), (244.0, 223.5), (245.9, 238.4), (260.8, 244.0), (275.7, 244.0), (296.3, 244.0), (307.5, 257.1), (307.5, 272.0), (307.5, 292.5), (314.9, 307.5), (329.9, 307.5), (350.4, 307.5), (365.3, 309.3), (372.8, 324.3), (372.8, 339.2), (372.8, 354.1), (372.8, 369.1), (372.8, 372.8), (372.8, 372.8), (372.8, 372.8), (372.8, 372.8), (372.8, 372.8), (372.8, 372.8), (372.8, 372.8), (372.8, 372.8), (372.8, 372.8), (372.8, 372.8), (372.8, 372.8), (372.8, 372.8), (372.8, 372.8), (372.8, 372.8), (372.8, 372.8), (372.8, 372.8), (372.8, 372.8), (372.8, 372.8), (372.8, 372.8), (372.8, 372.8), (372.8, 372.8), (372.8, 372.8), (372.8, 372.8), (372.8, 372.8), (372.8, 372.8), (372.8, 372.8), (372.8, 372.8), (372.8, 372.8), (372.8, 372.8), (372.8, 372.8), (372.8, 372.8), (372.8, 372.8), (372.8, 372.8), (372.8, 372.8), (372.8, 372.8), (372.8, 372.8)]",0,1,12.0
novice,bomberman,2,Bomb,33,0,24.42,0.926,"[(48.0, 48.0), (62.9, 51.7), (77.9, 51.7), (98.4, 51.7), (113.3, 57.3), (115.2, 72.3), (115.2, 89.1), (115.2, 107.7), (128.3, 115.2), (143.2, 115.2), (165.6, 115.2), (180.5, 124.5), (180.5, 132.0), (180.5, 128.3), (180.5, 128.3), (180.5, 132.0), (180.5, 128.3), (180.5, 128.3), (180.5, 132.0), (180.5, 128.3), (180.5, 128.3), (180.5, 132.0), (180.5, 128.3), (180.5, 128.3), (180.5, 132.0), (180.5, 128.3), (180.5, 128.3), (180.5, 132.0), (180.5, 128.3), (180.5, 128.3), (180.5, 132.0), (180.5, 135.7), (180.5, 152.5), (180.5, 173.1), (195.5, 180.5), (210.4, 180.5), (232.8, 180.5), (244.0, 193.6), (244.0, 208.5), (244.0, 230.9), (253.3, 244.0), (268.3, 244.0), (288.8, 244.0), (303.7, 249.6), (307.5, 264.5), (307.5, 281.3), (307.5, 300.0), (322.4, 307.5), (337.3, 307.5), (357.9, 307.5), (372.8, 316.8), (372.8, 331.7), (372.8, 346.7), (372.8, 361.6), (372.8, 372.8), (372.8, 372.8), (372.8, 372.8), (372.8, 372.8), (372.8, 372.8), (372.8, 372.8), (372.8, 372.8), (372.8, 372.8), (372.8, 372.8), (372.8, 372.8), (372.8, 372.8), (372.8, 372.8), (372.8, 372.8), (372.8, 372.8), (372.8, 372.8), (372.8, 372.8), (372.8, 372.8), (372.8, 372.8), (372.8, 372.8), (372.8, 372.8), (372.8, 372.8), (372.8, 372.8), (372.8, 372.8), (372.8, 372.8), (372.8, 372.8), (372.8, 372.8), (372.8, 372.8), (372.8, 372.8), (372.8, 372.8), (372.8, 372.8), (372.8, 372.8), (372.8, 372.8), (372.8, 372.8), (372.8, 372.8), (372.8, 372.8), (372.8, 372.8), (372.8, 372.8)]",0,1,12.0
novice,bomberman,2,Bomb,6,0,24.12,0.926,"[(48.0, 48.0), (62.9, 51.7), (77.9, 51.7), (98.4, 51.7), (113.3, 57.3), (115.2, 72.3), (115.2, 89.1), (115.2, 107.7), (128.3, 115.2), (143.2, 115.2), (165.6, 115.2), (180.5, 124.5), (180.5, 139.5), (180.5, 160.0), (184.3, 176.8), (199.2, 180.5), (217.9, 180.5), (236.5, 182.4), (244.0, 197.3), (244.0, 212.3), (244.0, 227.2), (249.6, 242.1), (264.5, 240.3), (283.2, 236.5), (300.0, 245.9), (307.5, 260.8), (307.5, 275.7), (307.5, 296.3), (318.7, 307.5), (333.6, 307.5), (354.1, 307.5), (369.1, 313.1), (372.8, 328.0), (372.8, 342.9), (372.8, 357.9), (372.8, 372.8), (372.8, 372.8), (372.8, 372.8), (372.8, 372.8), (372.8, 372.8), (372.8, 372.8), (372.8, 372.8), (372.8, 372.8), (372.8, 372.8), (372.8, 372.8), (372.8, 372.8), (372.8, 372.8), (372.8, 372.8), (372.8, 372.8), (372.8, 372.8), (372.8, 372.8), (372.8, 372.8), (372.8, 372.8), (372.8, 372.8), (372.8, 372.8), (372.8, 372.8), (372.8, 372.8), (372.8, 372.8), (372.8, 372.8), (372.8, 372.8), (372.8, 372.8), (372.8, 372.8), (372.8, 372.8), (372.8, 372.8), (372.8, 372.8), (372.8, 372.8), (372.8, 372.8), (372.8, 372.8), (372.8, 372.8), (372.8, 372.8), (372.8, 372.8), (372.8, 372.8), (372.8, 372.8), (372.8, 372.8), (372.8, 372.8), (372.8, 372.8), (372.8, 372.8), (372.8, 372.8), (372.8, 372.8), (372.8, 372.8), (372.8, 372.8), (372.8, 372.8), (372.8, 372.8), (372.8, 372.8), (372.8, 372.8), (372.8, 372.8), (372.8, 372.8), (372.8, 372.8), (372.8, 372.8), (372.8, 372.8), (372.8, 372.8), (372.8, 372.8)]",0,1,12.15
novice,bomberman,2,Bomb,34,0,24.42,0.926,"[(48.0, 48.0), (62.9, 51.7), (77.9, 51.7), (98.4, 51.7), (113.3, 57.3), (115.2, 72.3), (115.2, 89.1), (115.2, 107.7), (128.3, 115.2), (143.2, 115.2), (165.6, 115.2), (180.5, 124.5), (180.5, 132.0), (180.5, 128.3), (180.5, 128.3), (180.5, 132.0), (180.5, 128.3), (180.5, 128.3), (180.5, 132.0), (180.5, 128.3), (180.5, 128.3), (180.5, 132.0), (180.5, 128.3), (180.5, 128.3), (180.5, 132.0), (180.5, 128.3), (180.5, 128.3), (180.5, 132.0), (180.5, 128.3), (180.5, 128.3), (180.5, 132.0), (180.5, 135.7), (180.5, 152.5), (180.5, 173.1), (195.5, 180.5), (210.4, 180.5), (232.8, 180.5), (244.0, 193.6), (244.0, 208.5), (244.0, 230.9), (253.3, 244.0), (268.3, 244.0), (288.8, 244.0), (303.7, 249.6), (307.5, 264.5), (307.5, 281.3), (307.5, 300.0), (322.4, 307.5), (337.3, 307.5), (357.9, 307.5), (372.8, 316.8), (372.8, 331.7), (372.8, 346.7), (372.8, 361.6), (372.8, 372.8), (372.8, 372.8), (372.8, 372.8), (372.8, 372.8), (372.8, 372.8), (372.8, 372.8), (372.8, 372.8), (372.8, 372.8), (372.8, 372.8), (372.8, 372.8), (372.8, 372.8), (372.8, 372.8), (372.8, 372.8), (372.8, 372.8), (372.8, 372.8), (372.8, 372.8), (372.8, 372.8), (372.8, 372.8), (372.8, 372.8), (372.8, 372.8), (372.8, 372.8), (372.8, 372.8), (372.8, 372.8), (372.8, 372.8), (372.8, 372.8), (372.8, 372.8), (372.8, 372.8), (372.8, 372.8), (372.8, 372.8), (372.8, 372.8), (372.8, 372.8), (372.8, 372.8), (372.8, 372.8), (372.8, 372.8), (372.8, 372.8), (372.8, 372.8), (372.8, 372.8)]",0,1,12.0
novice,bomberman,2,Bomb,8,0,14.93,0.259,"[(48.0, 48.0), (62.9, 51.7), (77.9, 51.7), (98.4, 51.7), (113.3, 57.3), (115.2, 72.3), (115.2, 89.1), (115.2, 107.7), (128.3, 115.2), (143.2, 115.2), (165.6, 115.2), (180.5, 124.5), (180.5, 132.0), (180.5, 128.3), (180.5, 128.3), (180.5, 132.0), (180.5, 128.3), (180.5, 128.3), (180.5, 132.0), (180.5, 128.3), (180.5, 128.3), (180.5, 132.0), (180.5, 128.3), (180.5, 128.3), (180.5, 132.0), (180.5, 128.3), (180.5, 128.3), (180.5, 132.0), (180.5, 128.3), (180.5, 128.3), (180.5, 132.0), (180.5, 128.3), (180.5, 128.3), (180.5, 132.0), (180.5, 128.3), (180.5, 126.4), (180.5, 126.4), (180.5, 126.4), (180.5, 126.4), (180.5, 126.4), (180.5, 126.4), (180.5, 126.4), (180.5, 126.4), (180.5, 126.4), (180.5, 126.4), (180.5, 126.4), (180.5, 126.4), (180.5, 126.4), (180.5, 126.4), (180.5, 126.4), (180.5, 126.4), (180.5, 126.4), (180.5, 126.4), (180.5, 126.4), (180.5, 126.4), (180.5, 126.4), (180.5, 126.4), (180.5, 126.4), (180.5, 126.4), (180.5, 126.4), (180.5, 126.4)]",0,0,8.0
novice,bomberman,2,Bomb,29,0,14.93,0.259,"[(48.0, 48.0), (62.9, 51.7), (77.9, 51.7), (98.4, 51.7), (113.3, 57.3), (115.2, 72.3), (115.2, 89.1), (115.2, 107.7), (128.3, 115.2), (143.2, 115.2), (165.6, 115.2), (180.5, 124.5), (180.5, 132.0), (180.5, 128.3), (180.5, 128.3), (180.5, 132.0), (180.5, 128.3), (180.5, 128.3), (180.5, 132.0), (180.5, 128.3), (180.5, 128.3), (180.5, 132.0), (180.5, 128.3), (180.5, 128.3), (180.5, 132.0), (180.5, 128.3), (180.5, 128.3), (180.5, 132.0), (180.5, 128.3), (180.5, 128.3), (180.5, 132.0), (180.5, 128.3), (180.5, 128.3), (180.5, 132.0), (180.5, 128.3), (180.5, 128.3), (180.5, 132.0), (180.5, 128.3), (180.5, 128.3), (180.5, 132.0), (180.5, 128.3), (180.5, 128.3), (180.5, 132.0), (180.5, 128.3), (180.5, 128.3), (180.5, 132.0), (180.5, 128.3), (180.5, 128.3), (180.5, 132.0), (180.5, 128.3), (180.5, 128.3), (180.5, 132.0), (180.5, 128.3), (180.5, 128.3), (180.5, 132.0), (180.5, 128.3), (180.5, 128.3), (180.5, 132.0), (180.5, 128.3), (180.5, 128.3), (180.5, 132.0)]",0,0,8.0
novice,bomberman,2,Bomb,33,0,24.42,0.926,"[(48.0, 48.0), (62.9, 51.7), (77.9, 51.7), (98.4, 51.7), (113.3, 57.3), (115.2, 72.3), (115.2, 89.1), (115.2, 107.7), (128.3, 115.2), (143.2, 115.2), (165.6, 115.2), (180.5, 124.5), (180.5, 132.0), (180.5, 128.3), (180.5, 128.3), (180.5, 132.0), (180.5, 128.3), (180.5, 128.3), (180.5, 132.0), (180.5, 128.3), (180.5, 128.3), (180.5, 132.0), (180.5, 128.3), (180.5, 128.3), (180.5, 132.0), (180.5, 128.3), (180.5, 128.3), (180.5, 132.0), (180.5, 128.3), (180.5, 128.3), (180.5, 132.0), (180.5, 135.7), (180.5, 152.5), (180.5, 173.1), (195.5, 180.5), (210.4, 180.5), (232.8, 180.5), (244.0, 193.6), (244.0, 208.5), (244.0, 230.9), (253.3, 244.0), (268.3, 244.0), (288.8, 244.0), (303.7, 249.6), (307.5, 264.5), (307.5, 281.3), (307.5, 300.0), (322.4, 307.5), (337.3, 307.5), (357.9, 307.5), (372.8, 316.8), (372.8, 331.7), (372.8, 346.7), (372.8, 361.6), (372.8, 372.8), (372.8, 372.8), (372.8, 372.8), (372.8, 372.8), (372.8, 372.8), (372.8, 372.8), (372.8, 372.8), (372.8, 372.8), (372.8, 372.8), (372.8, 372.8), (372.8, 372.8), (372.8, 372.8), (372.8, 372.8), (372.8, 372.8), (372.8, 372.8), (372.8, 372.8), (372.8, 372.8), (372.8, 372.8), (372.8, 372.8), (372.8, 372.8), (372.8, 372.8), (372.8, 372.8), (372.8, 372.8), (372.8, 372.8), (372.8, 372.8), (372.8, 372.8), (372.8, 372.8), (372.8, 372.8), (372.8, 372.8), (372.8, 372.8), (372.8, 372.8), (372.8, 372.8), (372.8, 372.8), (372.8, 372.8), (372.8, 372.8), (372.8, 372.8), (372.8, 372.8)]",0,1,12.0
novice,bomberman,2,Bomb,28,0,25.04,0.926,"[(48.0, 48.0), (62.9, 51.7), (77.9, 51.7), (98.4, 51.7), (113.3, 57.3), (115.2, 72.3), (115.2, 89.1), (115.2, 107.7), (128.3, 115.2), (143.2, 115.2), (165.6, 115.2), (180.5, 124.5), (180.5, 132.0), (180.5, 128.3), (180.5, 128.3), (180.5, 132.0), (180.5, 128.3), (180.5, 128.3), (180.5, 132.0), (180.5, 128.3), (180.5, 128.3), (180.5, 132.0), (180.5, 128.3), (180.5, 128.3), (180.5, 132.0), (180.5, 128.3), (180.5, 128.3), (180.5, 143.2), (180.5, 165.6), (188.0, 180.5), (202.9, 180.5), (217.9, 180.5), (232.8, 180.5), (244.0, 193.6), (244.0, 208.5), (244.0, 223.5), (245.9, 238.4), (260.8, 244.0), (275.7, 244.0), (296.3, 244.0), (307.5, 257.1), (307.5, 272.0), (307.5, 292.5), (314.9, 307.5), (329.9, 307.5), (350.4, 307.5), (365.3, 309.3), (372.8, 324.3), (372.8, 339.2), (372.8, 354.1), (372.8, 369.1), (372.8, 372.8), (372.8, 372.8), (372.8, 372.8), (372.8, 372.8), (372.8, 372.8), (372.8, 372.8), (372.8, 372.8), (372.8, 372.8), (372.8, 372.8), (372.8, 372.8), (372.8, 372.8), (372.8, 372.8), (372.8, 372.8), (372.8, 372.8), (372.8, 372.8), (372.8, 372.8), (372.8, 372.8), (372.8, 372.8), (372.8, 372.8), (372.8, 372.8), (372.8, 372.8), (372.8, 372.8), (372.8, 372.8), (372.8, 372.8), (372.8, 372.8), (372.8, 372.8), (372.8, 372.8), (372.8, 372.8), (372.8, 372.8), (372.8, 372.8), (372.8, 372.8), (372.8, 372.8), (372.8, 372.8), (372.8, 372.8), (372.8, 372.8), (372.8, 372.8), (372.8, 372.8), (372.8, 372.8), (372.8, 372.8), (372.8, 372.8)]",0,1,12.0
novice,bomberman,2,Bomb,28,0,24.42,0.926,"[(48.0, 48.0), (62.9, 51.7), (77.9, 51.7), (98.4, 51.7), (113.3, 57.3), (115.2, 72.3), (115.2, 89.1), (115.2, 107.7), (128.3, 115.2), (143.2, 115.2), (165.6, 115.2), (180.5, 124.5), (180.5, 132.0), (180.5, 128.3), (180.5, 128.3), (180.5, 132.0), (180.5, 128.3), (180.5, 128.3), (180.5, 132.0), (180.5, 128.3), (180.5, 128.3), (180.5, 132.0), (180.5, 128.3), (180.5, 128.3), (180.5, 132.0), (180.5, 128.3), (180.5, 128.3), (180.5, 143.2), (180.5, 165.6), (188.0, 180.5), (202.9, 174.9), (225.3, 180.5), (240.3, 186.1), (244.0, 201.1), (244.0, 219.7), (245.9, 238.4), (260.8, 244.0), (275.7, 236.5), (296.3, 244.0), (307.5, 257.1), (307.5, 272.0), (307.5, 292.5), (314.9, 307.5), (329.9, 307.5), (350.4, 307.5), (365.3, 309.3), (372.8, 324.3), (372.8, 339.2), (372.8, 354.1), (372.8, 369.1), (372.8, 372.8), (372.8, 372.8), (372.8, 372.8), (372.8, 372.8), (372.8, 372.8), (372.8, 372.8), (372.8, 372.8), (372.8, 372.8), (372.8, 372.8), (372.8, 372.8), (372.8, 372.8), (372.8, 372.8), (372.8, 372.8), (372.8, 372.8), (372.8, 372.8), (372.8, 372.8), (372.8, 372.8), (372.8, 372.8), (372.8, 372.8), (372.8, 372.8), (372.8, 372.8), (372.8, 372.8), (372.8, 372.8), (372.8, 372.8), (372.8, 372.8), (372.8, 372.8), (372.8, 372.8), (372.8, 372.8), (372.8, 372.8), (372.8, 372.8), (372.8, 372.8), (372.8, 372.8), (372.8, 372.8), (372.8, 372.8), (372.8, 372.8), (372.8, 372.8), (372.8, 372.8), (372.8, 372.8), (372.8, 372.8), (372.8, 372.8), (372.8, 372.8)]",0,1,12.0
novice,bomberman,2,Bomb,28,0,24.42,0.926,"[(48.0, 48.0), (62.9, 51.7), (77.9, 51.7), (98.4, 51.7), (113.3, 57.3), (115.2, 72.3), (115.2, 89.1), (115.2, 107.7), (128.3, 115.2), (143.2, 115.2), (165.6, 115.2), (180.5, 124.5), (180.5, 132.0), (180.5, 128.3), (180.5, 128.3), (180.5, 132.0), (180.5, 128.3), (180.5, 128.3), (180.5, 132.0), (180.5, 128.3), (180.5, 128.3), (180.5, 132.0), (180.5, 128.3), (180.5, 128.3), (180.5, 132.0), (180.5, 128.3), (180.5, 128.3), (180.5, 143.2), (180.5, 165.6), (188.0, 180.5), (202.9, 174.9), (225.3, 180.5), (240.3, 186.1), (244.0, 201.1), (244.0, 219.7), (245.9, 238.4), (260.8, 244.0), (275.7, 236.5), (296.3, 244.0), (307.5, 257.1), (307.5, 272.0), (307.5, 292.5), (314.9, 307.5), (329.9, 307.5), (350.4, 307.5), (365.3, 309.3), (372.8, 324.3), (372.8, 339.2), (372.8, 354.1), (372.8, 369.1), (372.8, 372.8), (372.8, 372.8), (372.8, 372.8), (372.8, 372.8), (372.8, 372.8), (372.8, 372.8), (372.8, 372.8), (372.8, 372.8), (372.8, 372.8), (372.8, 372.8), (372.8, 372.8), (372.8, 372.8), (372.8, 372.8), (372.8, 372.8), (372.8, 372.8), (372.8, 372.8), (372.8, 372.8), (372.8, 372.8), (372.8, 372.8), (372.8, 372.8), (372.8, 372.8), (372.8, 372.8), (372.8, 372.8), (372.8, 372.8), (372.8, 372.8), (372.8, 372.8), (372.8, 372.8), (372.8, 372.8), (372.8, 372.8), (372.8, 372.8), (372.8, 372.8), (372.8, 372.8), (372.8, 372.8), (372.8, 372.8), (372.8, 372.8), (372.8, 372.8), (372.8, 372.8), (372.8, 372.8), (372.8, 372.8), (372.8, 372.8), (372.8, 372.8)]",0,1,12.0
novice,bomberman,2,Bomb,28,0,25.04,0.926,"[(48.0, 48.0), (62.9, 51.7), (77.9, 51.7), (98.4, 51.7), (113.3, 57.3), (115.2, 72.3), (115.2, 89.1), (115.2, 107.7), (128.3, 115.2), (143.2, 115.2), (165.6, 115.2), (180.5, 124.5), (180.5, 132.0), (180.5, 128.3), (180.5, 128.3), (180.5, 132.0), (180.5, 128.3), (180.5, 128.3), (180.5, 132.0), (180.5, 128.3), (180.5, 128.3), (180.5, 132.0), (180.5, 128.3), (180.5, 128.3), (180.5, 132.0), (180.5, 128.3), (180.5, 128.3), (180.5, 143.2), (180.5, 165.6), (188.0, 180.5), (202.9, 180.5), (217.9, 180.5), (232.8, 180.5), (244.0, 193.6), (244.0, 208.5), (244.0, 223.5), (245.9, 238.4), (260.8, 244.0), (275.7, 244.0), (296.3, 244.0), (307.5, 257.1), (307.5, 272.0), (307.5, 292.5), (314.9, 307.5), (329.9, 307.5), (350.4, 307.5), (365.3, 309.3), (372.8, 324.3), (372.8, 339.2), (372.8, 354.1), (372.8, 369.1), (372.8, 372.8), (372.8, 372.8), (372.8, 372.8), (372.8, 372.8), (372.8, 372.8), (372.8, 372.8), (372.8, 372.8), (372.8, 372.8), (372.8, 372.8), (372.8, 372.8), (372.8, 372.8), (372.8, 372.8), (372.8, 372.8), (372.8, 372.8), (372.8, 372.8), (372.8, 372.8), (372.8, 372.8), (372.8, 372.8), (372.8, 372.8), (372.8, 372.8), (372.8, 372.8), (372.8, 372.8), (372.8, 372.8), (372.8, 372.8), (372.8, 372.8), (372.8, 372.8), (372.8, 372.8), (372.8, 372.8), (372.8, 372.8), (372.8, 372.8), (372.8, 372.8), (372.8, 372.8), (372.8, 372.8), (372.8, 372.8), (372.8, 372.8), (372.8, 372.8), (372.8, 372.8), (372.8, 372.8), (372.8, 372.8), (372.8, 372.8)]",0,1,12.0
novice,bomberman,2,Bomb,33,0,24.42,0.926,"[(48.0, 48.0), (62.9, 51.7), (77.9, 51.7), (98.4, 51.7), (113.3, 57.3), (115.2, 72.3), (115.2, 89.1), (115.2, 107.7), (128.3, 115.2), (143.2, 115.2), (165.6, 115.2), (180.5, 124.5), (180.5, 132.0), (180.5, 128.3), (180.5, 128.3), (180.5, 132.0), (180.5, 128.3), (180.5, 128.3), (180.5, 132.0), (180.5, 128.3), (180.5, 128.3), (180.5, 132.0), (180.5, 128.3), (180.5, 128.3), (180.5, 132.0), (180.5, 128.3), (180.5, 128.3), (180.5, 132.0), (180.5, 128.3), (180.5, 128.3), (180.5, 132.0), (180.5, 135.7), (180.5, 152.5), (180.5, 173.1), (195.5, 180.5), (210.4, 180.5), (232.8, 180.5), (244.0, 193.6), (244.0, 208.5), (244.0, 230.9), (253.3, 244.0), (268.3, 244.0), (288.8, 244.0), (303.7, 249.6), (307.5, 264.5), (307.5, 281.3), (307.5, 300.0), (322.4, 307.5), (337.3, 307.5), (357.9, 307.5), (372.8, 316.8), (372.8, 331.7), (372.8, 346.7), (372.8, 361.6), (372.8, 372.8), (372.8, 372.8), (372.8, 372.8), (372.8, 372.8), (372.8, 372.8), (372.8, 372.8), (372.8, 372.8), (372.8, 372.8), (372.8, 372.8), (372.8, 372.8), (372.8, 372.8), (372.8, 372.8), (372.8, 372.8), (372.8, 372.8), (372.8, 372.8), (372.8, 372.8), (372.8, 372.8), (372.8, 372.8), (372.8, 372.8), (372.8, 372.8), (372.8, 372.8), (372.8, 372.8), (372.8, 372.8), (372.8, 372.8), (372.8, 372.8), (372.8, 372.8), (372.8, 372.8), (372.8, 372.8), (372.8, 372.8), (372.8, 372.8), (372.8, 372.8), (372.8, 372.8), (372.8, 372.8), (372.8, 372.8), (372.8, 372.8), (372.8, 372.8), (372.8, 372.8)]",0,1,12.0
novice,bomberman,2,Bomb,34,0,24.42,0.926,"[(48.0, 48.0), (62.9, 51.7), (77.9, 51.7), (98.4, 51.7), (113.3, 57.3), (115.2, 72.3), (115.2, 89.1), (115.2, 107.7), (128.3, 115.2), (143.2, 115.2), (165.6, 115.2), (180.5, 124.5), (180.5, 132.0), (180.5, 128.3), (180.5, 128.3), (180.5, 132.0), (180.5, 128.3), (180.5, 128.3), (180.5, 132.0), (180.5, 128.3), (180.5, 128.3), (180.5, 132.0), (180.5, 128.3), (180.5, 128.3), (180.5, 132.0), (180.5, 128.3), (180.5, 128.3), (180.5, 132.0), (180.5, 128.3), (180.5, 128.3), (180.5, 132.0), (180.5, 135.7), (180.5, 152.5), (180.5, 173.1), (195.5, 180.5), (210.4, 180.5), (232.8, 180.5), (244.0, 193.6), (244.0, 208.5), (244.0, 230.9), (253.3, 244.0), (268.3, 244.0), (288.8, 244.0), (303.7, 249.6), (307.5, 264.5), (307.5, 281.3), (307.5, 300.0), (322.4, 307.5), (337.3, 307.5), (357.9, 307.5), (372.8, 316.8), (372.8, 331.7), (372.8, 346.7), (372.8, 361.6), (372.8, 372.8), (372.8, 372.8), (372.8, 372.8), (372.8, 372.8), (372.8, 372.8), (372.8, 372.8), (372.8, 372.8), (372.8, 372.8), (372.8, 372.8), (372.8, 372.8), (372.8, 372.8), (372.8, 372.8), (372.8, 372.8), (372.8, 372.8), (372.8, 372.8), (372.8, 372.8), (372.8, 372.8), (372.8, 372.8), (372.8, 372.8), (372.8, 372.8), (372.8, 372.8), (372.8, 372.8), (372.8, 372.8), (372.8, 372.8), (372.8, 372.8), (372.8, 372.8), (372.8, 372.8), (372.8, 372.8), (372.8, 372.8), (372.8, 372.8), (372.8, 372.8), (372.8, 372.8), (372.8, 372.8), (372.8, 372.8), (372.8, 372.8), (372.8, 372.8), (372.8, 372.8)]",0,1,12.0
novice,bomberman,2,Bomb,33,0,14.93,0.259,"[(48.0, 48.0), (62.9, 51.7), (77.9, 51.7), (98.4, 51.7), (113.3, 57.3), (115.2, 72.3), (115.2, 89.1), (115.2, 107.7), (128.3, 115.2), (143.2, 115.2), (165.6, 115.2), (180.5, 124.5), (180.5, 132.0), (180.5, 128.3), (180.5, 128.3), (180.5, 132.0), (180.5, 128.3), (180.5, 128.3), (180.5, 132.0), (180.5, 128.3), (180.5, 128.3), (180.5, 132.0), (180.5, 128.3), (180.5, 128.3), (180.5, 132.0), (180.5, 128.3), (180.5, 128.3), (180.5, 132.0), (180.5, 128.3), (180.5, 128.3), (180.5, 132.0), (180.5, 128.3), (180.5, 128.3), (180.5, 132.0), (180.5, 128.3), (180.5, 126.4), (180.5, 126.4), (180.5, 126.4), (180.5, 126.4), (180.5, 126.4), (180.5, 126.4), (180.5, 126.4), (180.5, 126.4), (180.5, 126.4), (180.5, 126.4), (180.5, 126.4), (180.5, 126.4), (180.5, 126.4), (180.5, 126.4), (180.5, 126.4), (180.5, 126.4), (180.5, 126.4), (180.5, 126.4), (180.5, 126.4), (180.5, 126.4), (180.5, 126.4), (180.5, 126.4), (180.5, 115.2), (180.5, 100.3), (180.5, 100.3), (180.5, 102.1)]",0,0,8.0
novice,bomberman,2,Bomb,11,0,24.42,0.926,"[(48.0, 48.0), (62.9, 51.7), (77.9, 51.7), (98.4, 51.7), (113.3, 57.3), (115.2, 72.3), (115.2, 89.1), (115.2, 107.7), (128.3, 115.2), (143.2, 115.2), (165.6, 115.2), (180.5, 124.5), (180.5, 132.0), (180.5, 128.3), (180.5, 128.3), (180.5, 132.0), (180.5, 128.3), (180.5, 128.3), (180.5, 132.0), (180.5, 128.3), (180.5, 128.3), (180.5, 132.0), (180.5, 128.3), (180.5, 128.3), (180.5, 132.0), (180.5, 128.3), (180.5, 128.3), (180.5, 132.0), (180.5, 128.3), (180.5, 128.3), (180.5, 132.0), (180.5, 135.7), (180.5, 152.5), (180.5, 173.1), (195.5, 180.5), (210.4, 180.5), (232.8, 180.5), (244.0, 193.6), (244.0, 208.5), (244.0, 230.9), (253.3, 244.0), (268.3, 236.5), (288.8, 236.5), (303.7, 249.6), (307.5, 264.5), (307.5, 281.3), (307.5, 300.0), (322.4, 307.5), (337.3, 307.5), (357.9, 307.5), (372.8, 316.8), (372.8, 331.7), (372.8, 346.7), (372.8, 361.6), (372.8, 372.8), (372.8, 372.8), (372.8, 372.8), (372.8, 372.8), (372.8, 372.8), (372.8, 372.8), (372.8, 372.8), (372.8, 372.8), (372.8, 372.8), (372.8, 372.8), (372.8, 372.8), (372.8, 372.8), (372.8, 372.8), (372.8, 372.8), (372.8, 372.8), (372.8, 372.8), (372.8, 372.8), (372.8, 372.8), (372.8, 372.8), (372.8, 372.8), (372.8, 372.8), (372.8, 372.8), (372.8, 372.8), (372.8, 372.8), (372.8, 372.8), (372.8, 372.8), (372.8, 372.8), (372.8, 372.8), (372.8, 372.8), (372.8, 372.8), (372.8, 372.8), (372.8, 372.8), (372.8, 372.8), (372.8, 372.8), (372.8, 372.8), (372.8, 372.8), (372.8, 372.8)]",0,1,12.0
novice,bomberman,2,Bomb,7,0,24.42,0.926,"[(48.0, 48.0), (62.9, 51.7), (77.9, 51.7), (98.4, 51.7), (113.3, 57.3), (115.2, 72.3), (115.2, 89.1), (115.2, 107.7), (128.3, 115.2), (143.2, 115.2), (165.6, 115.2), (180.5, 124.5), (180.5, 139.5), (180.5, 154.4), (180.5, 169.3), (191.7, 180.5), (206.7, 180.5), (229.1, 180.5), (244.0, 189.9), (244.0, 204.8), (244.0, 219.7), (244.0, 234.7), (257.1, 244.0), (272.0, 244.0), (292.5, 244.0), (307.5, 253.3), (307.5, 268.3), (307.5, 288.8), (311.2, 303.7), (326.1, 307.5), (342.9, 307.5), (361.6, 307.5), (372.8, 320.5), (372.8, 335.5), (372.8, 350.4), (372.8, 365.3), (372.8, 372.8), (372.8, 372.8), (372.8, 372.8), (372.8, 372.8), (372.8, 372.8), (372.8, 372.8), (372.8, 372.8), (372.8, 372.8), (372.8, 372.8), (372.8, 372.8), (372.8, 372.8), (372.8, 372.8), (372.8, 372.8), (372.8, 372.8), (372.8, 372.8), (372.8, 372.8), (372.8, 372.8), (372.8, 372.8), (372.8, 372.8), (372.8, 372.8), (372.8, 372.8), (372.8, 372.8), (372.8, 372.8), (372.8, 372.8), (372.8, 372.8), (372.8, 372.8), (372.8, 372.8), (372.8, 372.8), (372.8, 372.8), (372.8, 372.8), (372.8, 372.8), (372.8, 372.8), (372.8, 372.8), (372.8, 372.8), (372.8, 372.8), (372.8, 372.8), (372.8, 372.8), (372.8, 372.8), (372.8, 372.8), (372.8, 372.8), (372.8, 372.8), (372.8, 372.8), (372.8, 372.8), (372.8, 372.8), (372.8, 372.8), (372.8, 372.8), (372.8, 372.8), (372.8, 372.8), (372.8, 372.8), (372.8, 372.8), (372.8, 372.8), (372.8, 372.8), (372.8, 372.8), (372.8, 372.8), (372.8, 372.8)]",0,1,12.0
novice,bomberman,2,Bomb,34,0,25.04,0.926,"[(48.0, 48.0), (62.9, 51.7), (77.9, 51.7), (98.4, 51.7), (113.3, 57.3), (115.2, 72.3), (115.2, 89.1), (115.2, 107.7), (128.3, 115.2), (143.2, 115.2), (165.6, 115.2), (180.5, 124.5), (180.5, 132.0), (180.5, 128.3), (180.5, 128.3), (180.5, 132.0), (180.5, 128.3), (180.5, 128.3), (180.5, 132.0), (180.5, 128.3), (180.5, 128.3), (180.5, 132.0), (180.5, 128.3), (180.5, 128.3), (180.5, 132.0), (180.5, 128.3), (180.5, 128.3), (180.5, 132.0), (180.5, 128.3), (180.5, 128.3), (180.5, 132.0), (180.5, 135.7), (180.5, 152.5), (180.5, 173.1), (195.5, 180.5), (210.4, 180.5), (225.3, 180.5), (240.3, 186.1), (244.0, 201.1), (244.0, 216.0), (244.0, 230.9), (253.3, 244.0), (268.3, 236.5), (288.8, 236.5), (303.7, 249.6), (307.5, 264.5), (307.5, 281.3), (307.5, 300.0), (322.4, 307.5), (337.3, 307.5), (357.9, 307.5), (372.8, 316.8), (372.8, 331.7), (372.8, 346.7), (372.8, 361.6), (372.8, 372.8), (372.8, 372.8), (372.8, 372.8), (372.8, 372.8), (372.8, 372.8), (372.8, 372.8), (372.8, 372.8), (372.8, 372.8), (372.8, 372.8), (372.8, 372.8), (372.8, 372.8), (372.8, 372.8), (372.8, 372.8), (372.8, 372.8), (372.8, 372.8), (372.8, 372.8), (372.8, 372.8), (372.8, 372.8), (372.8, 372.8), (372.8, 372.8), (372.8, 372.8), (372.8, 372.8), (372.8, 372.8), (372.8, 372.8), (372.8, 372.8), (372.8, 372.8), (372.8, 372.8), (372.8, 372.8), (372.8, 372.8), (372.8, 372.8), (372.8, 372.8), (372.8, 372.8), (372.8, 372.8), (372.8, 372.8), (372.8, 372.8), (372.8, 372.8)]",0,1,12.0
novice,bomberman,2,Bomb,6,0,24.12,0.926,"[(48.0, 48.0), (62.9, 51.7), (77.9, 51.7), (98.4, 51.7), (113.3, 57.3), (115.2, 72.3), (115.2, 89.1), (115.2, 98.4), (115.2, 98.4), (115.2, 98.4), (115.2, 98.4), (115.2, 98.4), (115.2, 98.4), (115.2, 98.4), (115.2, 98.4), (115.2, 98.4), (115.2, 98.4), (115.2, 98.4), (115.2, 98.4), (115.2, 98.4), (115.2, 98.4), (115.2, 98.4), (115.2, 98.4), (115.2, 98.4), (115.2, 98.4), (115.2, 98.4), (115.2, 98.4), (115.2, 109.6), (130.1, 115.2), (145.1, 115.2), (167.5, 115.2), (180.5, 126.4), (180.5, 141.3), (180.5, 163.7), (186.1, 178.7), (201.1, 180.5), (221.6, 180.5), (238.4, 184.3), (244.0, 199.2), (244.0, 214.1), (244.0, 229.1), (251.5, 244.0), (266.4, 238.4), (286.9, 236.5), (301.9, 247.7), (307.5, 262.7), (307.5, 277.6), (307.5, 298.1), (320.5, 307.5), (335.5, 307.5), (356.0, 307.5), (370.9, 314.9), (372.8, 329.9), (372.8, 344.8), (372.8, 359.7), (372.8, 372.8), (372.8, 372.8), (372.8, 372.8), (372.8, 372.8), (372.8, 372.8), (372.8, 372.8), (372.8, 372.8), (372.8, 372.8), (372.8, 372.8), (372.8, 372.8), (372.8, 372.8), (372.8, 372.8), (372.8, 372.8), (372.8, 372.8), (372.8, 372.8), (372.8, 372.8), (372.8, 372.8), (372.8, 372.8), (372.8, 372.8), (372.8, 372.8), (372.8, 372.8), (372.8, 372.8), (372.8, 372.8), (372.8, 372.8), (372.8, 372.8), (372.8, 372.8), (372.8, 372.8), (372.8, 372.8), (372.8, 372.8), (372.8, 372.8), (372.8, 372.8), (372.8, 372.8), (372.8, 372.8), (372.8, 372.8), (372.8, 372.8), (372.8, 372.8), (372.8, 372.8)]",0,1,12.15
novice,bomberman,2,Bomb,31,0,24.42,0.926,"[(48.0, 48.0), (62.9, 51.7), (77.9, 51.7), (98.4, 51.7), (113.3, 57.3), (115.2, 72.3), (115.2, 89.1), (115.2, 107.7), (128.3, 115.2), (143.2, 115.2), (165.6, 115.2), (180.5, 124.5), (180.5, 132.0), (180.5, 128.3), (180.5, 128.3), (180.5, 132.0), (180.5, 128.3), (180.5, 128.3), (180.5, 132.0), (180.5, 128.3), (180.5, 128.3), (180.5, 132.0), (180.5, 128.3), (180.5, 128.3), (180.5, 132.0), (180.5, 128.3), (180.5, 128.3), (180.5, 132.0), (180.5, 128.3), (180.5, 128.3), (180.5, 132.0), (180.5, 135.7), (180.5, 152.5), (180.5, 173.1), (195.5, 180.5), (210.4, 180.5), (232.8, 180.5), (244.0, 193.6), (244.0, 208.5), (244.0, 230.9), (253.3, 244.0), (268.3, 244.0), (288.8, 244.0), (303.7, 249.6), (307.5, 264.5), (307.5, 281.3), (307.5, 300.0), (322.4, 307.5), (337.3, 307.5), (357.9, 307.5), (372.8, 316.8), (372.8, 331.7), (372.8, 346.7), (372.8, 361.6), (372.8, 372.8), (372.8, 372.8), (372.8, 372.8), (372.8, 372.8), (372.8, 372.8), (372.8, 372.8), (372.8, 372.8), (372.8, 372.8), (372.8, 372.8), (372.8, 372.8), (372.8, 372.8), (372.8, 372.8), (372.8, 372.8), (372.8, 372.8), (372.8, 372.8), (372.8, 372.8), (372.8, 372.8), (372.8, 372.8), (372.8, 372.8), (372.8, 372.8), (372.8, 372.8), (372.8, 372.8), (372.8, 372.8), (372.8, 372.8), (372.8, 372.8), (372.8, 372.8), (372.8, 372.8), (372.8, 372.8), (372.8, 372.8), (372.8, 372.8), (372.8, 372.8), (372.8, 372.8), (372.8, 372.8), (372.8, 372.8), (372.8, 372.8), (372.8, 372.8), (372.8, 372.8)]",0,1,12.0
novice,bomberman,2,Bomb,31,0,24.42,0.926,"[(48.0, 48.0), (62.9, 51.7), (77.9, 51.7), (98.4, 51.7), (113.3, 57.3), (115.2, 72.3), (115.2, 89.1), (115.2, 107.7), (128.3, 115.2), (143.2, 115.2), (165.6, 115.2), (180.5, 124.5), (180.5, 132.0), (180.5, 128.3), (180.5, 128.3), (180.5, 132.0), (180.5, 128.3), (180.5, 128.3), (180.5, 132.0), (180.5, 128.3), (180.5, 128.3), (180.5, 132.0), (180.5, 128.3), (180.5, 128.3), (180.5, 132.0), (180.5, 128.3), (180.5, 128.3), (180.5, 132.0), (180.5, 128.3), (180.5, 128.3), (180.5, 132.0), (180.5, 135.7), (180.5, 152.5), (180.5, 173.1), (195.5, 180.5), (210.4, 180.5), (232.8, 180.5), (244.0, 193.6), (244.0, 208.5), (244.0, 230.9), (253.3, 244.0), (268.3, 244.0), (288.8, 244.0), (303.7, 249.6), (307.5, 264.5), (307.5, 281.3), (307.5, 300.0), (322.4, 307.5), (337.3, 307.5), (357.9, 307.5), (372.8, 316.8), (372.8, 331.7), (372.8, 346.7), (372.8, 361.6), (372.8, 372.8), (372.8, 372.8), (372.8, 372.8), (372.8, 372.8), (372.8, 372.8), (372.8, 372.8), (372.8, 372.8), (372.8, 372.8), (372.8, 372.8), (372.8, 372.8), (372.8, 372.8), (372.8, 372.8), (372.8, 372.8), (372.8, 372.8), (372.8, 372.8), (372.8, 372.8), (372.8, 372.8), (372.8, 372.8), (372.8, 372.8), (372.8, 372.8), (372.8, 372.8), (372.8, 372.8), (372.8, 372.8), (372.8, 372.8), (372.8, 372.8), (372.8, 372.8), (372.8, 372.8), (372.8, 372.8), (372.8, 372.8), (372.8, 372.8), (372.8, 372.8), (372.8, 372.8), (372.8, 372.8), (372.8, 372.8), (372.8, 372.8), (372.8, 372.8), (372.8, 372.8)]",0,1,12.0
novice,bomberman,2,Bomb,6,0,24.12,0.926,"[(48.0, 48.0), (62.9, 51.7), (77.9, 51.7), (98.4, 51.7), (113.3, 57.3), (115.2, 72.3), (115.2, 89.1), (115.2, 98.4), (115.2, 98.4), (115.2, 98.4), (115.2, 98.4), (115.2, 98.4), (115.2, 98.4), (115.2, 98.4), (115.2, 98.4), (115.2, 98.4), (115.2, 98.4), (115.2, 98.4), (115.2, 98.4), (115.2, 98.4), (115.2, 98.4), (115.2, 98.4), (115.2, 98.4), (115.2, 98.4), (115.2, 98.4), (115.2, 98.4), (115.2, 98.4), (115.2, 109.6), (130.1, 115.2), (145.1, 115.2), (167.5, 115.2), (180.5, 126.4), (180.5, 141.3), (180.5, 163.7), (186.1, 178.7), (201.1, 180.5), (221.6, 180.5), (238.4, 184.3), (244.0, 199.2), (244.0, 214.1), (244.0, 229.1), (251.5, 244.0), (266.4, 238.4), (286.9, 236.5), (301.9, 247.7), (307.5, 262.7), (307.5, 277.6), (307.5, 298.1), (320.5, 307.5), (335.5, 307.5), (356.0, 307.5), (370.9, 314.9), (372.8, 329.9), (372.8, 344.8), (372.8, 359.7), (372.8, 372.8), (372.8, 372.8), (372.8, 372.8), (372.8, 372.8), (372.8, 372.8), (372.8, 372.8), (372.8, 372.8), (372.8, 372.8), (372.8, 372.8), (372.8, 372.8), (372.8, 372.8), (372.8, 372.8), (372.8, 372.8), (372.8, 372.8), (372.8, 372.8), (372.8, 372.8), (372.8, 372.8), (372.8, 372.8), (372.8, 372.8), (372.8, 372.8), (372.8, 372.8), (372.8, 372.8), (372.8, 372.8), (372.8, 372.8), (372.8, 372.8), (372.8, 372.8), (372.8, 372.8), (372.8, 372.8), (372.8, 372.8), (372.8, 372.8), (372.8, 372.8), (372.8, 372.8), (372.8, 372.8), (372.8, 372.8), (372.8, 372.8), (372.8, 372.8), (372.8, 372.8)]",0,1,12.15
novice,bomberman,2,Bomb,34,0,25.04,0.926,"[(48.0, 48.0), (62.9, 51.7), (77.9, 51.7), (98.4, 51.7), (113.3, 57.3), (115.2, 72.3), (115.2, 89.1), (115.2, 107.7), (128.3, 115.2), (143.2, 115.2), (165.6, 115.2), (180.5, 124.5), (180.5, 132.0), (180.5, 128.3), (180.5, 128.3), (180.5, 132.0), (180.5, 128.3), (180.5, 128.3), (180.5, 132.0), (180.5, 128.3), (180.5, 128.3), (180.5, 132.0), (180.5, 128.3), (180.5, 128.3), (180.5, 132.0), (180.5, 128.3), (180.5, 128.3), (180.5, 132.0), (180.5, 128.3), (180.5, 128.3), (180.5, 132.0), (180.5, 135.7), (180.5, 152.5), (180.5, 173.1), (195.5, 180.5), (210.4, 180.5), (225.3, 180.5), (240.3, 186.1), (244.0, 201.1), (244.0, 216.0), (244.0, 230.9), (253.3, 244.0), (268.3, 236.5), (288.8, 236.5), (303.7, 249.6), (307.5, 264.5), (307.5, 281.3), (307.5, 300.0), (322.4, 307.5), (337.3, 307.5), (357.9, 307.5), (372.8, 316.8), (372.8, 331.7), (372.8, 346.7), (372.8, 361.6), (372.8, 372.8), (372.8, 372.8), (372.8, 372.8), (372.8, 372.8), (372.8, 372.8), (372.8, 372.8), (372.8, 372.8), (372.8, 372.8), (372.8, 372.8), (372.8, 372.8), (372.8, 372.8), (372.8, 372.8), (372.8, 372.8), (372.8, 372.8), (372.8, 372.8), (372.8, 372.8), (372.8, 372.8), (372.8, 372.8), (372.8, 372.8), (372.8, 372.8), (372.8, 372.8), (372.8, 372.8), (372.8, 372.8), (372.8, 372.8), (372.8, 372.8), (372.8, 372.8), (372.8, 372.8), (372.8, 372.8), (372.8, 372.8), (372.8, 372.8), (372.8, 372.8), (372.8, 372.8), (372.8, 372.8), (372.8, 372.8), (372.8, 372.8), (372.8, 372.8)]",0,1,12.0
novice,bomberman,2,Bomb,7,0,24.42,0.926,"[(48.0, 48.0), (62.9, 51.7), (77.9, 51.7), (98.4, 51.7), (113.3, 57.3), (115.2, 72.3), (115.2, 89.1), (115.2, 107.7), (128.3, 115.2), (143.2, 115.2), (165.6, 115.2), (180.5, 124.5), (180.5, 139.5), (180.5, 154.4), (180.5, 169.3), (191.7, 180.5), (206.7, 180.5), (229.1, 180.5), (244.0, 189.9), (244.0, 204.8), (244.0, 219.7), (244.0, 234.7), (257.1, 244.0), (272.0, 244.0), (292.5, 244.0), (307.5, 253.3), (307.5, 268.3), (307.5, 288.8), (311.2, 303.7), (326.1, 307.5), (342.9, 307.5), (361.6, 307.5), (372.8, 320.5), (372.8, 335.5), (372.8, 350.4), (372.8, 365.3), (372.8, 372.8), (372.8, 372.8), (372.8, 372.8), (372.8, 372.8), (372.8, 372.8), (372.8, 372.8), (372.8, 372.8), (372.8, 372.8), (372.8, 372.8), (372.8, 372.8), (372.8, 372.8), (372.8, 372.8), (372.8, 372.8), (372.8, 372.8), (372.8, 372.8), (372.8, 372.8), (372.8, 372.8), (372.8, 372.8), (372.8, 372.8), (372.8, 372.8), (372.8, 372.8), (372.8, 372.8), (372.8, 372.8), (372.8, 372.8), (372.8, 372.8), (372.8, 372.8), (372.8, 372.8), (372.8, 372.8), (372.8, 372.8), (372.8, 372.8), (372.8, 372.8), (372.8, 372.8), (372.8, 372.8), (372.8, 372.8), (372.8, 372.8), (372.8, 372.8), (372.8, 372.8), (372.8, 372.8), (372.8, 372.8), (372.8, 372.8), (372.8, 372.8), (372.8, 372.8), (372.8, 372.8), (372.8, 372.8), (372.8, 372.8), (372.8, 372.8), (372.8, 372.8), (372.8, 372.8), (372.8, 372.8), (372.8, 372.8), (372.8, 372.8), (372.8, 372.8), (372.8, 372.8), (372.8, 372.8), (372.8, 372.8)]",0,1,12.0
novice,bomberman,2,Stuck,5,0,30.47,0.741,"[(48.0, 48.0), (62.9, 51.7), (77.9, 51.7), (98.4, 51.7), (113.3, 57.3), (115.2, 72.3), (115.2, 89.1), (115.2, 107.7), (128.3, 115.2), (143.2, 115.2), (165.6, 115.2), (180.5, 124.5), (180.5, 139.5), (180.5, 160.0), (184.3, 176.8), (199.2, 180.5), (217.9, 180.5), (236.5, 182.4), (244.0, 197.3), (244.0, 212.3), (244.0, 234.7), (257.1, 244.0), (272.0, 244.0), (292.5, 244.0), (307.5, 253.3), (307.5, 268.3), (307.5, 288.8), (311.2, 303.7), (326.1, 307.5), (342.9, 307.5), (361.6, 307.5), (372.8, 320.5), (372.8, 335.5), (372.8, 350.4), (372.8, 365.3), (372.8, 372.8), (372.8, 372.8), (372.8, 372.8), (372.8, 372.8), (372.8, 372.8), (372.8, 372.8), (372.8, 372.8), (372.8, 372.8), (372.8, 372.8), (372.8, 372.8), (372.8, 372.8), (372.8, 372.8), (372.8, 372.8), (372.8, 372.8), (372.8, 372.8), (372.8, 372.8), (372.8, 372.8), (372.8, 372.8), (372.8, 372.8), (372.8, 372.8), (372.8, 372.8), (372.8, 372.8), (372.8, 372.8), (372.8, 372.8), (372.8, 372.8), (372.8, 372.8), (372.8, 372.8), (372.8, 372.8), (372.8, 372.8), (372.8, 372.8), (372.8, 372.8), (372.8, 372.8), (372.8, 372.8), (372.8, 372.8), (372.8, 372.8), (372.8, 372.8), (372.8, 372.8), (372.8, 372.8)]",0,0,9.62
novice,bomberman,2,Bomb,6,0,24.42,0.926,"[(48.0, 48.0), (62.9, 51.7), (77.9, 51.7), (98.4, 51.7), (113.3, 57.3), (115.2, 72.3), (115.2, 89.1), (115.2, 107.7), (128.3, 115.2), (143.2, 115.2), (165.6, 115.2), (180.5, 124.5), (180.5, 139.5), (180.5, 154.4), (180.5, 169.3), (191.7, 180.5), (206.7, 180.5), (229.1, 180.5), (244.0, 189.9), (244.0, 204.8), (244.0, 219.7), (244.0, 234.7), (257.1, 244.0), (272.0, 244.0), (292.5, 244.0), (307.5, 253.3), (307.5, 268.3), (307.5, 288.8), (311.2, 303.7), (326.1, 307.5), (342.9, 307.5), (361.6, 307.5), (372.8, 320.5), (372.8, 335.5), (372.8, 350.4), (372.8, 365.3), (372.8, 372.8), (372.8, 372.8), (372.8, 372.8), (372.8, 372.8), (372.8, 372.8), (372.8, 372.8), (372.8, 372.8), (372.8, 372.8), (372.8, 372.8), (372.8, 372.8), (372.8, 372.8), (372.8, 372.8), (372.8, 372.8), (372.8, 372.8), (372.8, 372.8), (372.8, 372.8), (372.8, 372.8), (372.8, 372.8), (372.8, 372.8), (372.8, 372.8), (372.8, 372.8), (372.8, 372.8), (372.8, 372.8), (372.8, 372.8), (372.8, 372.8), (372.8, 372.8), (372.8, 372.8), (372.8, 372.8), (372.8, 372.8), (372.8, 372.8), (372.8, 372.8), (372.8, 372.8), (372.8, 372.8), (372.8, 372.8), (372.8, 372.8), (372.8, 372.8), (372.8, 372.8), (372.8, 372.8), (372.8, 372.8), (372.8, 372.8), (372.8, 372.8), (372.8, 372.8), (372.8, 372.8), (372.8, 372.8), (372.8, 372.8), (372.8, 372.8), (372.8, 372.8), (372.8, 372.8), (372.8, 372.8), (372.8, 372.8), (372.8, 372.8), (372.8, 372.8), (372.8, 372.8), (372.8, 372.8), (372.8, 372.8)]",0,1,12.0
novice,bomberman,2,Bomb,33,0,24.42,0.926,"[(48.0, 48.0), (62.9, 51.7), (77.9, 51.7), (98.4, 51.7), (113.3, 57.3), (115.2, 72.3), (115.2, 89.1), (115.2, 107.7), (128.3, 115.2), (143.2, 115.2), (165.6, 115.2), (180.5, 124.5), (180.5, 132.0), (180.5, 128.3), (180.5, 128.3), (180.5, 132.0), (180.5, 128.3), (180.5, 128.3), (180.5, 132.0), (180.5, 128.3), (180.5, 128.3), (180.5, 132.0), (180.5, 128.3), (180.5, 128.3), (180.5, 132.0), (180.5, 128.3), (180.5, 128.3), (180.5, 132.0), (180.5, 128.3), (180.5, 128.3), (180.5, 132.0), (180.5, 126.4), (180.5, 126.4), (180.5, 126.4), (180.5, 130.1), (180.5, 145.1), (180.5, 167.5), (189.9, 180.5), (204.8, 180.5), (227.2, 180.5), (242.1, 188.0), (244.0, 202.9), (244.0, 217.9), (244.0, 232.8), (255.2, 244.0), (270.1, 236.5), (290.7, 236.5), (305.6, 249.6), (307.5, 264.5), (307.5, 281.3), (307.5, 300.0), (322.4, 307.5), (337.3, 307.5), (357.9, 307.5), (372.8, 316.8), (372.8, 331.7), (372.8, 346.7), (372.8, 361.6), (372.8, 372.8), (372.8, 372.8), (372.8, 372.8), (372.8, 372.8), (372.8, 372.8), (372.8, 372.8), (372.8, 372.8), (372.8, 372.8), (372.8, 372.8), (372.8, 372.8), (372.8, 372.8), (372.8, 372.8), (372.8, 372.8), (372.8, 372.8), (372.8, 372.8), (372.8, 372.8), (372.8, 372.8), (372.8, 372.8), (372.8, 372.8), (372.8, 372.8), (372.8, 372.8), (372.8, 372.8), (372.8, 372.8), (372.8, 372.8), (372.8, 372.8), (372.8, 372.8), (372.8, 372.8), (372.8, 372.8), (372.8, 372.8), (372.8, 372.8), (372.8, 372.8), (372.8, 372.8), (372.8, 372.8)]",0,1,12.0
novice,bomberman,2,Bomb,23,0,14.93,0.259,"[(48.0, 48.0), (62.9, 51.7), (77.9, 51.7), (98.4, 51.7), (113.3, 57.3), (115.2, 72.3), (115.2, 89.1), (115.2, 107.7), (128.3, 115.2), (143.2, 115.2), (165.6, 115.2), (180.5, 124.5), (180.5, 132.0), (180.5, 128.3), (180.5, 128.3), (180.5, 132.0), (180.5, 128.3), (180.5, 128.3), (180.5, 132.0), (180.5, 128.3), (180.5, 128.3), (180.5, 132.0), (180.5, 128.3), (180.5, 128.3), (180.5, 132.0), (180.5, 128.3), (180.5, 128.3), (180.5, 132.0), (180.5, 132.0), (180.5, 132.0), (180.5, 132.0), (180.5, 128.3), (180.5, 128.3), (180.5, 132.0), (180.5, 128.3), (180.5, 128.3), (180.5, 132.0), (180.5, 128.3), (180.5, 128.3), (180.5, 132.0), (180.5, 128.3), (180.5, 128.3), (180.5, 132.0), (180.5, 128.3), (180.5, 128.3), (180.5, 132.0), (180.5, 128.3), (180.5, 128.3), (180.5, 132.0), (180.5, 128.3), (180.5, 128.3), (180.5, 132.0), (180.5, 128.3), (180.5, 128.3), (180.5, 132.0), (180.5, 128.3), (180.5, 128.3), (180.5, 132.0), (180.5, 128.3), (180.5, 128.3), (180.5, 132.0)]",0,0,8.0
novice,bomberman,2,Bomb,67,0,18.78,0.926,"[(48.0, 48.0), (62.9, 51.7), (77.9, 51.7), (98.4, 51.7), (113.3, 57.3), (115.2, 72.3), (115.2, 89.1), (115.2, 107.7), (128.3, 115.2), (143.2, 115.2), (165.6, 115.2), (180.5, 124.5), (180.5, 132.0), (180.5, 128.3), (180.5, 128.3), (180.5, 132.0), (180.5, 128.3), (180.5, 128.3), (180.5, 132.0), (180.5, 128.3), (180.5, 128.3), (180.5, 132.0), (180.5, 128.3), (180.5, 128.3), (180.5, 132.0), (180.5, 128.3), (180.5, 128.3), (180.5, 132.0), (180.5, 128.3), (180.5, 128.3), (180.5, 132.0), (180.5, 128.3), (180.5, 128.3), (180.5, 132.0), (180.5, 128.3), (180.5, 128.3), (180.5, 132.0), (180.5, 128.3), (180.5, 128.3), (180.5, 132.0), (180.5, 128.3), (180.5, 128.3), (180.5, 132.0), (180.5, 128.3), (180.5, 128.3), (180.5, 132.0), (180.5, 128.3), (180.5, 128.3), (180.5, 132.0), (180.5, 128.3), (180.5, 128.3), (180.5, 132.0), (180.5, 128.3), (180.5, 128.3), (180.5, 132.0), (180.5, 128.3), (180.5, 128.3), (180.5, 143.2), (180.5, 165.6), (188.0, 180.5), (202.9, 180.5), (217.9, 180.5), (232.8, 180.5), (244.0, 193.6), (244.0, 208.5), (244.0, 223.5), (245.9, 238.4), (260.8, 244.0), (275.7, 244.0), (296.3, 244.0), (307.5, 257.1), (307.5, 272.0), (307.5, 292.5), (314.9, 307.5), (329.9, 307.5), (350.4, 307.5), (365.3, 309.3), (372.8, 324.3), (372.8, 339.2), (372.8, 354.1), (372.8, 369.1), (372.8, 372.8), (372.8, 372.8), (372.8, 372.8), (372.8, 372.8), (372.8, 372.8), (372.8, 372.8), (372.8, 372.8), (372.8, 372.8), (372.8, 372.8), (372.8, 372.8), (372.8, 372.8), (372.8, 372.8), (372.8, 372.8), (372.8, 372.8), (372.8, 372.8), (372.8, 372.8), (372.8, 372.8), (372.8, 372.8), (372.8, 372.8), (372.8, 372.8), (372.8, 372.8), (372.8, 372.8), (372.8, 372.8), (372.8, 372.8), (372.8, 372.8), (372.8, 372.8), (372.8, 372.8), (372.8, 372.8), (372.8, 372.8), (372.8, 372.8), (372.8, 372.8), (372.8, 372.8), (372.8, 372.8), (372.8, 372.8), (372.8, 372.8), (372.8, 372.8), (372.8, 372.8), (372.8, 372.8), (372.8, 372.8), (372.8, 372.8)]",0,1,16.0
novice,bomberman,2,Bomb,33,0,24.42,0.926,"[(48.0, 48.0), (62.9, 51.7), (77.9, 51.7), (98.4, 51.7), (113.3, 57.3), (115.2, 72.3), (115.2, 89.1), (115.2, 107.7), (128.3, 115.2), (143.2, 115.2), (165.6, 115.2), (180.5, 124.5), (180.5, 132.0), (180.5, 128.3), (180.5, 128.3), (180.5, 132.0), (180.5, 128.3), (180.5, 128.3), (180.5, 132.0), (180.5, 128.3), (180.5, 128.3), (180.5, 132.0), (180.5, 128.3), (180.5, 128.3), (180.5, 132.0), (180.5, 128.3), (180.5, 128.3), (180.5, 132.0), (180.5, 128.3), (180.5, 128.3), (180.5, 132.0), (180.5, 135.7), (180.5, 152.5), (180.5, 173.1), (195.5, 180.5), (210.4, 180.5), (232.8, 180.5), (244.0, 193.6), (244.0, 208.5), (244.0, 223.5), (245.9, 238.4), (260.8, 244.0), (275.7, 244.0), (296.3, 244.0), (307.5, 257.1), (307.5, 272.0), (307.5, 292.5), (314.9, 307.5), (329.9, 307.5), (350.4, 307.5), (365.3, 309.3), (372.8, 324.3), (372.8, 339.2), (372.8, 354.1), (372.8, 369.1), (372.8, 372.8), (372.8, 372.8), (372.8, 372.8), (372.8, 372.8), (372.8, 372.8), (372.8, 372.8), (372.8, 372.8), (372.8, 372.8), (372.8, 372.8), (372.8, 372.8), (372.8, 372.8), (372.8, 372.8), (372.8, 372.8), (372.8, 372.8), (372.8, 372.8), (372.8, 372.8), (372.8, 372.8), (372.8, 372.8), (372.8, 372.8), (372.8, 372.8), (372.8, 372.8), (372.8, 372.8), (372.8, 372.8), (372.8, 372.8), (372.8, 372.8), (372.8, 372.8), (372.8, 372.8), (372.8, 372.8), (372.8, 372.8), (372.8, 372.8), (372.8, 372.8), (372.8, 372.8), (372.8, 372.8), (372.8, 372.8), (372.8, 372.8), (372.8, 372.8)]",0,1,12.0
novice,bomberman,2,Bomb,33,0,24.42,0.926,"[(48.0, 48.0), (62.9, 51.7), (77.9, 51.7), (98.4, 51.7), (113.3, 57.3), (115.2, 72.3), (115.2, 89.1), (115.2, 107.7), (128.3, 115.2), (143.2, 115.2), (165.6, 115.2), (180.5, 124.5), (180.5, 132.0), (180.5, 128.3), (180.5, 128.3), (180.5, 132.0), (180.5, 128.3), (180.5, 128.3), (180.5, 132.0), (180.5, 128.3), (180.5, 128.3), (180.5, 132.0), (180.5, 128.3), (180.5, 128.3), (180.5, 132.0), (180.5, 128.3), (180.5, 128.3), (180.5, 132.0), (180.5, 128.3), (180.5, 128.3), (180.5, 132.0), (180.5, 135.7), (180.5, 152.5), (180.5, 173.1), (195.5, 180.5), (210.4, 180.5), (232.8, 180.5), (244.0, 193.6), (244.0, 208.5), (244.0, 223.5), (245.9, 238.4), (260.8, 244.0), (275.7, 244.0), (296.3, 244.0), (307.5, 257.1), (307.5, 272.0), (307.5, 292.5), (314.9, 307.5), (329.9, 307.5), (350.4, 307.5), (365.3, 309.3), (372.8, 324.3), (372.8, 339.2), (372.8, 354.1), (372.8, 369.1), (372.8, 372.8), (372.8, 372.8), (372.8, 372.8), (372.8, 372.8), (372.8, 372.8), (372.8, 372.8), (372.8, 372.8), (372.8, 372.8), (372.8, 372.8), (372.8, 372.8), (372.8, 372.8), (372.8, 372.8), (372.8, 372.8), (372.8, 372.8), (372.8, 372.8), (372.8, 372.8), (372.8, 372.8), (372.8, 372.8), (372.8, 372.8), (372.8, 372.8), (372.8, 372.8), (372.8, 372.8), (372.8, 372.8), (372.8, 372.8), (372.8, 372.8), (372.8, 372.8), (372.8, 372.8), (372.8, 372.8), (372.8, 372.8), (372.8, 372.8), (372.8, 372.8), (372.8, 372.8), (372.8, 372.8), (372.8, 372.8), (372.8, 372.8), (372.8, 372.8)]",0,1,12.0
novice,bomberman,2,Bomb,67,0,18.78,0.926,"[(48.0, 48.0), (62.9, 51.7), (77.9, 51.7), (98.4, 51.7), (113.3, 57.3), (115.2, 72.3), (115.2, 89.1), (115.2, 107.7), (128.3, 115.2), (143.2, 115.2), (165.6, 115.2), (180.5, 124.5), (180.5, 132.0), (180.5, 128.3), (180.5, 128.3), (180.5, 132.0), (180.5, 128.3), (180.5, 128.3), (180.5, 132.0), (180.5, 128.3), (180.5, 128.3), (180.5, 132.0), (180.5, 128.3), (180.5, 128.3), (180.5, 132.0), (180.5, 128.3), (180.5, 128.3), (180.5, 132.0), (180.5, 128.3), (180.5, 128.3), (180.5, 132.0), (180.5, 128.3), (180.5, 128.3), (180.5, 132.0), (180.5, 128.3), (180.5, 128.3), (180.5, 132.0), (180.5, 128.3), (180.5, 128.3), (180.5, 132.0), (180.5, 128.3), (180.5, 128.3), (180.5, 132.0), (180.5, 128.3), (180.5, 128.3), (180.5, 132.0), (180.5, 128.3), (180.5, 128.3), (180.5, 132.0), (180.5, 128.3), (180.5, 128.3), (180.5, 132.0), (180.5, 128.3), (180.5, 128.3), (180.5, 132.0), (180.5, 128.3), (180.5, 128.3), (180.5, 143.2), (180.5, 165.6), (188.0, 180.5), (202.9, 180.5), (217.9, 180.5), (232.8, 180.5), (244.0, 193.6), (244.0, 208.5), (244.0, 223.5), (245.9, 238.4), (260.8, 244.0), (275.7, 244.0), (296.3, 244.0), (307.5, 257.1), (307.5, 272.0), (307.5, 292.5), (314.9, 307.5), (329.9, 307.5), (350.4, 307.5), (365.3, 309.3), (372.8, 324.3), (372.8, 339.2), (372.8, 354.1), (372.8, 369.1), (372.8, 372.8), (372.8, 372.8), (372.8, 372.8), (372.8, 372.8), (372.8, 372.8), (372.8, 372.8), (372.8, 372.8), (372.8, 372.8), (372.8, 372.8), (372.8, 372.8), (372.8, 372.8), (372.8, 372.8), (372.8, 372.8), (372.8, 372.8), (372.8, 372.8), (372.8, 372.8), (372.8, 372.8), (372.8, 372.8), (372.8, 372.8), (372.8, 372.8), (372.8, 372.8), (372.8, 372.8), (372.8, 372.8), (372.8, 372.8), (372.8, 372.8), (372.8, 372.8), (372.8, 372.8), (372.8, 372.8), (372.8, 372.8), (372.8, 372.8), (372.8, 372.8), (372.8, 372.8), (372.8, 372.8), (372.8, 372.8), (372.8, 372.8), (372.8, 372.8), (372.8, 372.8), (372.8, 372.8), (372.8, 372.8), (372.8, 372.8)]",0,1,16.0
novice,bomberman,2,Bomb,33,0,24.42,0.926,"[(48.0, 48.0), (62.9, 51.7), (77.9, 51.7), (98.4, 51.7), (113.3, 57.3), (115.2, 72.3), (115.2, 89.1), (115.2, 107.7), (128.3, 115.2), (143.2, 115.2), (165.6, 115.2), (180.5, 124.5), (180.5, 132.0), (180.5, 128.3), (180.5, 128.3), (180.5, 132.0), (180.5, 128.3), (180.5, 128.3), (180.5, 132.0), (180.5, 128.3), (180.5, 128.3), (180.5, 132.0), (180.5, 128.3), (180.5, 128.3), (180.5, 132.0), (180.5, 128.3), (180.5, 128.3), (180.5, 132.0), (180.5, 128.3), (180.5, 128.3), (180.5, 132.0), (180.5, 126.4), (180.5, 126.4), (180.5, 126.4), (180.5, 130.1), (180.5, 145.1), (180.5, 167.5), (189.9, 180.5), (204.8, 180.5), (227.2, 180.5), (242.1, 188.0), (244.0, 202.9), (244.0, 217.9), (244.0, 232.8), (255.2, 244.0), (270.1, 236.5), (290.7, 236.5), (305.6, 249.6), (307.5, 264.5), (307.5, 281.3), (307.5, 300.0), (322.4, 307.5), (337.3, 307.5), (357.9, 307.5), (372.8, 316.8), (372.8, 331.7), (372.8, 346.7), (372.8, 361.6), (372.8, 372.8), (372.8, 372.8), (372.8, 372.8), (372.8, 372.8), (372.8, 372.8), (372.8, 372.8), (372.8, 372.8), (372.8, 372.8), (372.8, 372.8), (372.8, 372.8), (372.8, 372.8), (372.8, 372.8), (372.8, 372.8), (372.8, 372.8), (372.8, 372.8), (372.8, 372.8), (372.8, 372.8), (372.8, 372.8), (372.8, 372.8), (372.8, 372.8), (372.8, 372.8), (372.8, 372.8), (372.8, 372.8), (372.8, 372.8), (372.8, 372.8), (372.8, 372.8), (372.8, 372.8), (372.8, 372.8), (372.8, 372.8), (372.8, 372.8), (372.8, 372.8), (372.8, 372.8), (372.8, 372.8)]",0,1,12.0
novice,bomberman,2,Bomb,6,0,24.42,0.926,"[(48.0, 48.0), (62.9, 51.7), (77.9, 51.7), (98.4, 51.7), (113.3, 57.3), (115.2, 72.3), (115.2, 89.1), (115.2, 107.7), (128.3, 115.2), (143.2, 115.2), (165.6, 115.2), (180.5, 124.5), (180.5, 139.5), (180.5, 154.4), (180.5, 169.3), (191.7, 180.5), (206.7, 180.5), (229.1, 180.5), (244.0, 189.9), (244.0, 204.8), (244.0, 219.7), (244.0, 234.7), (257.1, 244.0), (272.0, 244.0), (292.5, 244.0), (307.5, 253.3), (307.5, 268.3), (307.5, 288.8), (311.2, 303.7), (326.1, 307.5), (342.9, 307.5), (361.6, 307.5), (372.8, 320.5), (372.8, 335.5), (372.8, 350.4), (372.8, 365.3), (372.8, 372.8), (372.8, 372.8), (372.8, 372.8), (372.8, 372.8), (372.8, 372.8), (372.8, 372.8), (372.8, 372.8), (372.8, 372.8), (372.8, 372.8), (372.8, 372.8), (372.8, 372.8), (372.8, 372.8), (372.8, 372.8), (372.8, 372.8), (372.8, 372.8), (372.8, 372.8), (372.8, 372.8), (372.8, 372.8), (372.8, 372.8), (372.8, 372.8), (372.8, 372.8), (372.8, 372.8), (372.8, 372.8), (372.8, 372.8), (372.8, 372.8), (372.8, 372.8), (372.8, 372.8), (372.8, 372.8), (372.8, 372.8), (372.8, 372.8), (372.8, 372.8), (372.8, 372.8), (372.8, 372.8), (372.8, 372.8), (372.8, 372.8), (372.8, 372.8), (372.8, 372.8), (372.8, 372.8), (372.8, 372.8), (372.8, 372.8), (372.8, 372.8), (372.8, 372.8), (372.8, 372.8), (372.8, 372.8), (372.8, 372.8), (372.8, 372.8), (372.8, 372.8), (372.8, 372.8), (372.8, 372.8), (372.8, 372.8), (372.8, 372.8), (372.8, 372.8), (372.8, 372.8), (372.8, 372.8), (372.8, 372.8)]",0,1,12.0
novice,bomberman,2,Bomb,7,0,35.61,0.926,"[(48.0, 48.0), (62.9, 51.7), (77.9, 51.7), (98.4, 51.7), (113.3, 57.3), (115.2, 72.3), (115.2, 89.1), (115.2, 107.7), (128.3, 115.2), (143.2, 115.2), (158.1, 115.2), (173.1, 117.1), (180.5, 132.0), (180.5, 146.9), (180.5, 169.3), (191.7, 180.5), (206.7, 180.5), (221.6, 180.5), (236.5, 182.4), (244.0, 197.3), (244.0, 212.3), (244.0, 227.2), (249.6, 242.1), (264.5, 236.5), (283.2, 236.5), (300.0, 245.9), (307.5, 260.8), (307.5, 275.7), (307.5, 296.3), (318.7, 307.5), (333.6, 307.5), (354.1, 307.5), (369.1, 313.1), (372.8, 328.0), (372.8, 342.9), (372.8, 357.9), (372.8, 372.8), (372.8, 372.8), (372.8, 372.8), (372.8, 372.8), (372.8, 372.8), (372.8, 372.8), (372.8, 372.8), (372.8, 372.8), (372.8, 372.8), (372.8, 372.8), (372.8, 372.8), (372.8, 372.8), (372.8, 372.8), (372.8, 372.8), (372.8, 372.8), (372.8, 372.8), (372.8, 372.8), (372.8, 372.8), (372.8, 372.8), (372.8, 372.8), (372.8, 372.8), (372.8, 372.8), (372.8, 372.8), (372.8, 372.8), (372.8, 372.8), (372.8, 372.8), (372.8, 372.8), (372.8, 372.8), (372.8, 372.8)]",0,1,8.65
novice,bomberman,2,Bomb,6,0,24.42,0.926,"[(48.0, 48.0), (62.9, 51.7), (77.9, 51.7), (98.4, 51.7), (113.3, 57.3), (115.2, 72.3), (115.2, 89.1), (115.2, 107.7), (128.3, 115.2), (143.2, 115.2), (165.6, 115.2), (180.5, 124.5), (180.5, 139.5), (180.5, 160.0), (184.3, 176.8), (199.2, 180.5), (217.9, 180.5), (236.5, 182.4), (244.0, 197.3), (244.0, 212.3), (244.0, 227.2), (249.6, 242.1), (264.5, 244.0), (283.2, 244.0), (300.0, 245.9), (307.5, 260.8), (307.5, 275.7), (307.5, 296.3), (318.7, 307.5), (333.6, 307.5), (354.1, 307.5), (369.1, 313.1), (372.8, 328.0), (372.8, 342.9), (372.8, 357.9), (372.8, 372.8), (372.8, 372.8), (372.8, 372.8), (372.8, 372.8), (372.8, 372.8), (372.8, 372.8), (372.8, 372.8), (372.8, 372.8), (372.8, 372.8), (372.8, 372.8), (372.8, 372.8), (372.8, 372.8), (372.8, 372.8), (372.8, 372.8), (372.8, 372.8), (372.8, 372.8), (372.8, 372.8), (372.8, 372.8), (372.8, 372.8), (372.8, 372.8), (372.8, 372.8), (372.8, 372.8), (372.8, 372.8), (372.8, 372.8), (372.8, 372.8), (372.8, 372.8), (372.8, 372.8), (372.8, 372.8), (372.8, 372.8), (372.8, 372.8), (372.8, 372.8), (372.8, 372.8), (372.8, 372.8), (372.8, 372.8), (372.8, 372.8), (372.8, 372.8), (372.8, 372.8), (372.8, 372.8), (372.8, 372.8), (372.8, 372.8), (372.8, 372.8), (372.8, 372.8), (372.8, 372.8), (372.8, 372.8), (372.8, 372.8), (372.8, 372.8), (372.8, 372.8), (372.8, 372.8), (372.8, 372.8), (372.8, 372.8), (372.8, 372.8), (372.8, 372.8), (372.8, 372.8), (372.8, 372.8), (372.8, 372.8), (372.8, 372.8)]",0,1,12.0
novice,bomberman,2,Bomb,8,0,24.42,0.926,"[(48.0, 48.0), (62.9, 51.7), (77.9, 51.7), (98.4, 51.7), (113.3, 57.3), (115.2, 72.3), (115.2, 89.1), (115.2, 107.7), (128.3, 115.2), (143.2, 115.2), (165.6, 115.2), (180.5, 124.5), (180.5, 139.5), (180.5, 160.0), (184.3, 176.8), (199.2, 180.5), (217.9, 180.5), (236.5, 182.4), (244.0, 197.3), (244.0, 212.3), (244.0, 234.7), (257.1, 244.0), (272.0, 244.0), (292.5, 244.0), (307.5, 253.3), (307.5, 268.3), (307.5, 288.8), (311.2, 303.7), (326.1, 307.5), (342.9, 307.5), (361.6, 307.5), (372.8, 320.5), (372.8, 335.5), (372.8, 350.4), (372.8, 365.3), (372.8, 372.8), (372.8, 372.8), (372.8, 372.8), (372.8, 372.8), (372.8, 372.8), (372.8, 372.8), (372.8, 372.8), (372.8, 372.8), (372.8, 372.8), (372.8, 372.8), (372.8, 372.8), (372.8, 372.8), (372.8, 372.8), (372.8, 372.8), (372.8, 372.8), (372.8, 372.8), (372.8, 372.8), (372.8, 372.8), (372.8, 372.8), (372.8, 372.8), (372.8, 372.8), (372.8, 372.8), (372.8, 372.8), (372.8, 372.8), (372.8, 372.8), (372.8, 372.8), (372.8, 372.8), (372.8, 372.8), (372.8, 372.8), (372.8, 372.8), (372.8, 372.8), (372.8, 372.8), (372.8, 372.8), (372.8, 372.8), (372.8, 372.8), (372.8, 372.8), (372.8, 372.8), (372.8, 372.8), (372.8, 372.8), (372.8, 372.8), (372.8, 372.8), (372.8, 372.8), (372.8, 372.8), (372.8, 372.8), (372.8, 372.8), (372.8, 372.8), (372.8, 372.8), (372.8, 372.8), (372.8, 372.8), (372.8, 372.8), (372.8, 372.8), (372.8, 372.8), (372.8, 372.8), (372.8, 372.8), (372.8, 372.8), (372.8, 372.8)]",0,1,12.0
novice,bomberman,2,Bomb,31,0,24.42,0.926,"[(48.0, 48.0), (62.9, 51.7), (77.9, 51.7), (98.4, 51.7), (113.3, 57.3), (115.2, 72.3), (115.2, 89.1), (115.2, 107.7), (128.3, 115.2), (143.2, 115.2), (165.6, 115.2), (180.5, 124.5), (180.5, 132.0), (180.5, 128.3), (180.5, 128.3), (180.5, 132.0), (180.5, 128.3), (180.5, 128.3), (180.5, 132.0), (180.5, 128.3), (180.5, 128.3), (180.5, 132.0), (180.5, 128.3), (180.5, 128.3), (180.5, 132.0), (180.5, 128.3), (180.5, 128.3), (180.5, 132.0), (180.5, 128.3), (180.5, 128.3), (180.5, 132.0), (180.5, 135.7), (180.5, 152.5), (180.5, 173.1), (195.5, 180.5), (210.4, 180.5), (232.8, 180.5), (244.0, 193.6), (244.0, 208.5), (244.0, 230.9), (253.3, 244.0), (268.3, 244.0), (288.8, 244.0), (303.7, 249.6), (307.5, 264.5), (307.5, 281.3), (307.5, 300.0), (322.4, 307.5), (337.3, 307.5), (357.9, 307.5), (372.8, 316.8), (372.8, 331.7), (372.8, 346.7), (372.8, 361.6), (372.8, 372.8), (372.8, 372.8), (372.8, 372.8), (372.8, 372.8), (372.8, 372.8), (372.8, 372.8), (372.8, 372.8), (372.8, 372.8), (372.8, 372.8), (372.8, 372.8), (372.8, 372.8), (372.8, 372.8), (372.8, 372.8), (372.8, 372.8), (372.8, 372.8), (372.8, 372.8), (372.8, 372.8), (372.8, 372.8), (372.8, 372.8), (372.8, 372.8), (372.8, 372.8), (372.8, 372.8), (372.8, 372.8), (372.8, 372.8), (372.8, 372.8), (372.8, 372.8), (372.8, 372.8), (372.8, 372.8), (372.8, 372.8), (372.8, 372.8), (372.8, 372.8), (372.8, 372.8), (372.8, 372.8), (372.8, 372.8), (372.8, 372.8), (372.8, 372.8), (372.8, 372.8)]",0,1,12.0
novice,bomberman,2,Bomb,6,0,24.89,0.926,"[(48.0, 48.0), (62.9, 51.7), (77.9, 51.7), (98.4, 51.7), (113.3, 57.3), (115.2, 72.3), (115.2, 89.1), (115.2, 107.7), (115.2, 122.7), (115.2, 137.6), (115.2, 156.3), (117.1, 174.9), (132.0, 180.5), (146.9, 173.1), (169.3, 180.5), (180.5, 193.6), (180.5, 208.5), (180.5, 230.9), (189.9, 244.0), (204.8, 244.0), (227.2, 244.0), (242.1, 251.5), (244.0, 266.4), (244.0, 285.1), (245.9, 301.9), (260.8, 307.5), (275.7, 307.5), (296.3, 307.5), (307.5, 320.5), (307.5, 335.5), (307.5, 356.0), (313.1, 370.9), (328.0, 372.8), (342.9, 372.8), (357.9, 372.8), (372.8, 372.8), (372.8, 372.8), (372.8, 372.8), (372.8, 372.8), (372.8, 372.8), (372.8, 372.8), (372.8, 372.8), (372.8, 372.8), (372.8, 372.8), (372.8, 372.8), (372.8, 372.8), (372.8, 372.8), (372.8, 372.8), (372.8, 372.8), (372.8, 372.8), (372.8, 372.8), (372.8, 372.8), (372.8, 372.8), (372.8, 372.8), (372.8, 372.8), (372.8, 372.8), (372.8, 372.8), (372.8, 372.8), (372.8, 372.8), (372.8, 372.8), (372.8, 372.8), (372.8, 372.8), (372.8, 372.8), (372.8, 372.8), (372.8, 372.8), (372.8, 372.8), (372.8, 372.8), (372.8, 372.8), (372.8, 372.8), (372.8, 372.8), (372.8, 372.8), (372.8, 372.8), (372.8, 372.8), (372.8, 372.8), (372.8, 372.8), (372.8, 372.8), (372.8, 372.8), (372.8, 372.8), (372.8, 372.8), (372.8, 372.8), (372.8, 372.8), (372.8, 372.8), (372.8, 372.8), (372.8, 372.8), (372.8, 372.8), (372.8, 372.8), (372.8, 372.8), (372.8, 372.8), (372.8, 372.8), (372.8, 372.8), (372.8, 372.8)]",0,1,12.0
novice,bomberman,2,Bomb,32,0,24.42,0.926,"[(48.0, 48.0), (62.9, 51.7), (77.9, 51.7), (98.4, 51.7), (113.3, 57.3), (115.2, 72.3), (115.2, 89.1), (115.2, 107.7), (128.3, 115.2), (143.2, 115.2), (165.6, 115.2), (180.5, 124.5), (180.5, 132.0), (180.5, 128.3), (180.5, 128.3), (180.5, 132.0), (180.5, 128.3), (180.5, 128.3), (180.5, 132.0), (180.5, 128.3), (180.5, 128.3), (180.5, 132.0), (180.5, 128.3), (180.5, 128.3), (180.5, 132.0), (180.5, 128.3), (180.5, 128.3), (180.5, 132.0), (180.5, 128.3), (180.5, 128.3), (180.5, 132.0), (180.5, 135.7), (180.5, 152.5), (180.5, 173.1), (195.5, 180.5), (210.4, 180.5), (232.8, 180.5), (244.0, 193.6), (244.0, 208.5), (244.0, 230.9), (253.3, 244.0), (268.3, 244.0), (288.8, 244.0), (303.7, 249.6), (307.5, 264.5), (307.5, 281.3), (307.5, 300.0), (322.4, 307.5), (337.3, 307.5), (357.9, 307.5), (372.8, 316.8), (372.8, 331.7), (372.8, 346.7), (372.8, 361.6), (372.8, 372.8), (372.8, 372.8), (372.8, 372.8), (372.8, 372.8), (372.8, 372.8), (372.8, 372.8), (372.8, 372.8), (372.8, 372.8), (372.8, 372.8), (372.8, 372.8), (372.8, 372.8), (372.8, 372.8), (372.8, 372.8), (372.8, 372.8), (372.8, 372.8), (372.8, 372.8), (372.8, 372.8), (372.8, 372.8), (372.8, 372.8), (372.8, 372.8), (372.8, 372.8), (372.8, 372.8), (372.8, 372.8), (372.8, 372.8), (372.8, 372.8), (372.8, 372.8), (372.8, 372.8), (372.8, 372.8), (372.8, 372.8), (372.8, 372.8), (372.8, 372.8), (372.8, 372.8), (372.8, 372.8), (372.8, 372.8), (372.8, 372.8), (372.8, 372.8), (372.8, 372.8)]",0,1,12.0
novice,bomberman,2,Bomb,32,0,24.42,0.926,"[(48.0, 48.0), (62.9, 51.7), (77.9, 51.7), (98.4, 51.7), (113.3, 57.3), (115.2, 72.3), (115.2, 89.1), (115.2, 107.7), (128.3, 115.2), (143.2, 115.2), (165.6, 115.2), (180.5, 124.5), (180.5, 132.0), (180.5, 128.3), (180.5, 128.3), (180.5, 132.0), (180.5, 128.3), (180.5, 128.3), (180.5, 132.0), (180.5, 128.3), (180.5, 128.3), (180.5, 132.0), (180.5, 128.3), (180.5, 128.3), (180.5, 132.0), (180.5, 128.3), (180.5, 128.3), (180.5, 132.0), (180.5, 128.3), (180.5, 128.3), (180.5, 132.0), (180.5, 135.7), (180.5, 152.5), (180.5, 173.1), (195.5, 180.5), (210.4, 180.5), (232.8, 180.5), (244.0, 193.6), (244.0, 208.5), (244.0, 230.9), (253.3, 244.0), (268.3, 244.0), (288.8, 244.0), (303.7, 249.6), (307.5, 264.5), (307.5, 281.3), (307.5, 300.0), (322.4, 307.5), (337.3, 307.5), (357.9, 307.5), (372.8, 316.8), (372.8, 331.7), (372.8, 346.7), (372.8, 361.6), (372.8, 372.8), (372.8, 372.8), (372.8, 372.8), (372.8, 372.8), (372.8, 372.8), (372.8, 372.8), (372.8, 372.8), (372.8, 372.8), (372.8, 372.8), (372.8, 372.8), (372.8, 372.8), (372.8, 372.8), (372.8, 372.8), (372.8, 372.8), (372.8, 372.8), (372.8, 372.8), (372.8, 372.8), (372.8, 372.8), (372.8, 372.8), (372.8, 372.8), (372.8, 372.8), (372.8, 372.8), (372.8, 372.8), (372.8, 372.8), (372.8, 372.8), (372.8, 372.8), (372.8, 372.8), (372.8, 372.8), (372.8, 372.8), (372.8, 372.8), (372.8, 372.8), (372.8, 372.8), (372.8, 372.8), (372.8, 372.8), (372.8, 372.8), (372.8, 372.8), (372.8, 372.8)]",0,1,12.0
novice,bomberman,2,Bomb,6,0,24.89,0.926,"[(48.0, 48.0), (62.9, 51.7), (77.9, 51.7), (98.4, 51.7), (113.3, 57.3), (115.2, 72.3), (115.2, 89.1), (115.2, 107.7), (115.2, 122.7), (115.2, 137.6), (115.2, 156.3), (117.1, 174.9), (132.0, 180.5), (146.9, 173.1), (169.3, 180.5), (180.5, 193.6), (180.5, 208.5), (180.5, 230.9), (189.9, 244.0), (204.8, 244.0), (227.2, 244.0), (242.1, 251.5), (244.0, 266.4), (244.0, 285.1), (245.9, 301.9), (260.8, 307.5), (275.7, 307.5), (296.3, 307.5), (307.5, 320.5), (307.5, 335.5), (307.5, 356.0), (313.1, 370.9), (328.0, 372.8), (342.9, 372.8), (357.9, 372.8), (372.8, 372.8), (372.8, 372.8), (372.8, 372.8), (372.8, 372.8), (372.8, 372.8), (372.8, 372.8), (372.8, 372.8), (372.8, 372.8), (372.8, 372.8), (372.8, 372.8), (372.8, 372.8), (372.8, 372.8), (372.8, 372.8), (372.8, 372.8), (372.8, 372.8), (372.8, 372.8), (372.8, 372.8), (372.8, 372.8), (372.8, 372.8), (372.8, 372.8), (372.8, 372.8), (372.8, 372.8), (372.8, 372.8), (372.8, 372.8), (372.8, 372.8), (372.8, 372.8), (372.8, 372.8), (372.8, 372.8), (372.8, 372.8), (372.8, 372.8), (372.8, 372.8), (372.8, 372.8), (372.8, 372.8), (372.8, 372.8), (372.8, 372.8), (372.8, 372.8), (372.8, 372.8), (372.8, 372.8), (372.8, 372.8), (372.8, 372.8), (372.8, 372.8), (372.8, 372.8), (372.8, 372.8), (372.8, 372.8), (372.8, 372.8), (372.8, 372.8), (372.8, 372.8), (372.8, 372.8), (372.8, 372.8), (372.8, 372.8), (372.8, 372.8), (372.8, 372.8), (372.8, 372.8), (372.8, 372.8), (372.8, 372.8), (372.8, 372.8)]",0,1,12.0
novice,bomberman,2,Bomb,31,0,24.42,0.926,"[(48.0, 48.0), (62.9, 51.7), (77.9, 51.7), (98.4, 51.7), (113.3, 57.3), (115.2, 72.3), (115.2, 89.1), (115.2, 107.7), (128.3, 115.2), (143.2, 115.2), (165.6, 115.2), (180.5, 124.5), (180.5, 132.0), (180.5, 128.3), (180.5, 128.3), (180.5, 132.0), (180.5, 128.3), (180.5, 128.3), (180.5, 132.0), (180.5, 128.3), (180.5, 128.3), (180.5, 132.0), (180.5, 128.3), (180.5, 128.3), (180.5, 132.0), (180.5, 128.3), (180.5, 128.3), (180.5, 132.0), (180.5, 128.3), (180.5, 128.3), (180.5, 132.0), (180.5, 135.7), (180.5, 152.5), (180.5, 173.1), (195.5, 180.5), (210.4, 180.5), (232.8, 180.5), (244.0, 193.6), (244.0, 208.5), (244.0, 230.9), (253.3, 244.0), (268.3, 244.0), (288.8, 244.0), (303.7, 249.6), (307.5, 264.5), (307.5, 281.3), (307.5, 300.0), (322.4, 307.5), (337.3, 307.5), (357.9, 307.5), (372.8, 316.8), (372.8, 331.7), (372.8, 346.7), (372.8, 361.6), (372.8, 372.8), (372.8, 372.8), (372.8, 372.8), (372.8, 372.8), (372.8, 372.8), (372.8, 372.8), (372.8, 372.8), (372.8, 372.8), (372.8, 372.8), (372.8, 372.8), (372.8, 372.8), (372.8, 372.8), (372.8, 372.8), (372.8, 372.8), (372.8, 372.8), (372.8, 372.8), (372.8, 372.8), (372.8, 372.8), (372.8, 372.8), (372.8, 372.8), (372.8, 372.8), (372.8, 372.8), (372.8, 372.8), (372.8, 372.8), (372.8, 372.8), (372.8, 372.8), (372.8, 372.8), (372.8, 372.8), (372.8, 372.8), (372.8, 372.8), (372.8, 372.8), (372.8, 372.8), (372.8, 372.8), (372.8, 372.8), (372.8, 372.8), (372.8, 372.8), (372.8, 372.8)]",0,1,12.0
novice,bomberman,2,Bomb,8,0,24.42,0.926,"[(48.0, 48.0), (62.9, 51.7), (77.9, 51.7), (98.4, 51.7), (113.3, 57.3), (115.2, 72.3), (115.2, 89.1), (115.2, 107.7), (128.3, 115.2), (143.2, 115.2), (165.6, 115.2), (180.5, 124.5), (180.5, 139.5), (180.5, 160.0), (184.3, 176.8), (199.2, 180.5), (217.9, 180.5), (236.5, 182.4), (244.0, 197.3), (244.0, 212.3), (244.0, 234.7), (257.1, 244.0), (272.0, 244.0), (292.5, 244.0), (307.5, 253.3), (307.5, 268.3), (307.5, 288.8), (311.2, 303.7), (326.1, 307.5), (342.9, 307.5), (361.6, 307.5), (372.8, 320.5), (372.8, 335.5), (372.8, 350.4), (372.8, 365.3), (372.8, 372.8), (372.8, 372.8), (372.8, 372.8), (372.8, 372.8), (372.8, 372.8), (372.8, 372.8), (372.8, 372.8), (372.8, 372.8), (372.8, 372.8), (372.8, 372.8), (372.8, 372.8), (372.8, 372.8), (372.8, 372.8), (372.8, 372.8), (372.8, 372.8), (372.8, 372.8), (372.8, 372.8), (372.8, 372.8), (372.8, 372.8), (372.8, 372.8), (372.8, 372.8), (372.8, 372.8), (372.8, 372.8), (372.8, 372.8), (372.8, 372.8), (372.8, 372.8), (372.8, 372.8), (372.8, 372.8), (372.8, 372.8), (372.8, 372.8), (372.8, 372.8), (372.8, 372.8), (372.8, 372.8), (372.8, 372.8), (372.8, 372.8), (372.8, 372.8), (372.8, 372.8), (372.8, 372.8), (372.8, 372.8), (372.8, 372.8), (372.8, 372.8), (372.8, 372.8), (372.8, 372.8), (372.8, 372.8), (372.8, 372.8), (372.8, 372.8), (372.8, 372.8), (372.8, 372.8), (372.8, 372.8), (372.8, 372.8), (372.8, 372.8), (372.8, 372.8), (372.8, 372.8), (372.8, 372.8), (372.8, 372.8), (372.8, 372.8)]",0,1,12.0
novice,bomberman,2,Bomb,68,0,11.88,0.333,"[(48.0, 48.0), (62.9, 51.7), (77.9, 51.7), (92.8, 51.7), (107.7, 51.7), (115.2, 62.9), (115.2, 62.9), (115.2, 66.7), (115.2, 66.7), (115.2, 62.9), (115.2, 66.7), (115.2, 66.7), (115.2, 62.9), (115.2, 66.7), (115.2, 66.7), (115.2, 62.9), (115.2, 66.7), (115.2, 66.7), (115.2, 62.9), (115.2, 66.7), (115.2, 66.7), (115.2, 62.9), (115.2, 66.7), (115.2, 66.7), (115.2, 62.9), (115.2, 66.7), (115.2, 66.7), (115.2, 62.9), (115.2, 66.7), (115.2, 66.7), (115.2, 62.9), (115.2, 66.7), (115.2, 66.7), (115.2, 62.9), (115.2, 66.7), (115.2, 81.6), (115.2, 96.5), (115.2, 96.5), (115.2, 96.5), (115.2, 96.5), (115.2, 96.5), (115.2, 96.5), (115.2, 96.5), (115.2, 96.5), (115.2, 96.5), (115.2, 96.5), (115.2, 96.5), (115.2, 96.5), (115.2, 96.5), (115.2, 96.5), (115.2, 96.5), (115.2, 96.5), (115.2, 96.5), (115.2, 96.5), (115.2, 96.5), (115.2, 96.5), (115.2, 96.5), (115.2, 107.7), (128.3, 115.2), (143.2, 115.2), (158.1, 115.2), (173.1, 117.1), (180.5, 128.3), (180.5, 115.2), (195.5, 115.2), (210.4, 115.2), (225.3, 115.2), (240.3, 120.8), (244.0, 128.3), (244.0, 132.0), (244.0, 128.3), (244.0, 128.3), (244.0, 132.0), (244.0, 128.3), (244.0, 128.3), (244.0, 132.0), (244.0, 128.3), (244.0, 128.3), (244.0, 132.0), (244.0, 128.3), (244.0, 128.3), (244.0, 132.0), (244.0, 128.3), (244.0, 128.3), (244.0, 132.0), (244.0, 128.3), (244.0, 128.3), (244.0, 132.0), (244.0, 128.3), (244.0, 128.3), (244.0, 132.0), (244.0, 132.0), (244.0, 132.0), (244.0, 132.0), (244.0, 132.0), (244.0, 130.1), (244.0, 126.4), (244.0, 130.1), (244.0, 130.1), (244.0, 126.4), (244.0, 130.1), (244.0, 130.1), (244.0, 126.4), (244.0, 130.1), (244.0, 130.1), (244.0, 126.4), (244.0, 130.1), (244.0, 130.1), (244.0, 126.4), (244.0, 130.1), (244.0, 130.1), (244.0, 126.4), (244.0, 130.1), (244.0, 130.1), (244.0, 126.4), (244.0, 130.1), (244.0, 130.1), (244.0, 126.4), (244.0, 130.1), (244.0, 130.1), (244.0, 126.4), (244.0, 126.4), (244.0, 126.4), (244.0, 126.4)]",0,0,16.5
novice,bomberman,2,Bomb,34,0,24.42,0.926,"[(48.0, 48.0), (62.9, 51.7), (77.9, 51.7), (98.4, 51.7), (113.3, 57.3), (115.2, 72.3), (115.2, 89.1), (115.2, 107.7), (128.3, 115.2), (143.2, 115.2), (165.6, 115.2), (180.5, 124.5), (180.5, 132.0), (180.5, 128.3), (180.5, 128.3), (180.5, 132.0), (180.5, 128.3), (180.5, 128.3), (180.5, 132.0), (180.5, 128.3), (180.5, 128.3), (180.5, 132.0), (180.5, 128.3), (180.5, 128.3), (180.5, 132.0), (180.5, 128.3), (180.5, 128.3), (180.5, 132.0), (180.5, 128.3), (180.5, 128.3), (180.5, 132.0), (180.5, 135.7), (180.5, 152.5), (180.5, 173.1), (195.5, 180.5), (210.4, 180.5), (232.8, 180.5), (244.0, 193.6), (244.0, 208.5), (244.0, 230.9), (253.3, 244.0), (268.3, 244.0), (288.8, 244.0), (303.7, 249.6), (307.5, 264.5), (307.5, 281.3), (307.5, 300.0), (322.4, 307.5), (337.3, 307.5), (357.9, 307.5), (372.8, 316.8), (372.8, 331.7), (372.8, 346.7), (372.8, 361.6), (372.8, 372.8), (372.8, 372.8), (372.8, 372.8), (372.8, 372.8), (372.8, 372.8), (372.8, 372.8), (372.8, 372.8), (372.8, 372.8), (372.8, 372.8), (372.8, 372.8), (372.8, 372.8), (372.8, 372.8), (372.8, 372.8), (372.8, 372.8), (372.8, 372.8), (372.8, 372.8), (372.8, 372.8), (372.8, 372.8), (372.8, 372.8), (372.8, 372.8), (372.8, 372.8), (372.8, 372.8), (372.8, 372.8), (372.8, 372.8), (372.8, 372.8), (372.8, 372.8), (372.8, 372.8), (372.8, 372.8), (372.8, 372.8), (372.8, 372.8), (372.8, 372.8), (372.8, 372.8), (372.8, 372.8), (372.8, 372.8), (372.8, 372.8), (372.8, 372.8), (372.8, 372.8)]",0,1,12.0
novice,bomberman,2,Stuck,32,0,21.76,0.741,"[(48.0, 48.0), (62.9, 51.7), (77.9, 51.7), (98.4, 51.7), (113.3, 57.3), (115.2, 72.3), (115.2, 89.1), (115.2, 107.7), (128.3, 115.2), (143.2, 115.2), (165.6, 115.2), (180.5, 124.5), (180.5, 132.0), (180.5, 128.3), (180.5, 128.3), (180.5, 132.0), (180.5, 128.3), (180.5, 128.3), (180.5, 132.0), (180.5, 128.3), (180.5, 128.3), (180.5, 132.0), (180.5, 128.3), (180.5, 128.3), (180.5, 132.0), (180.5, 128.3), (180.5, 128.3), (180.5, 132.0), (180.5, 128.3), (180.5, 128.3), (180.5, 132.0), (180.5, 135.7), (180.5, 152.5), (180.5, 173.1), (195.5, 180.5), (210.4, 180.5), (232.8, 180.5), (244.0, 193.6), (244.0, 208.5), (244.0, 230.9), (253.3, 244.0), (268.3, 244.0), (288.8, 244.0), (303.7, 249.6), (307.5, 264.5), (307.5, 281.3), (307.5, 300.0), (322.4, 307.5), (337.3, 307.5), (357.9, 307.5), (372.8, 316.8), (372.8, 331.7), (372.8, 346.7), (372.8, 361.6), (372.8, 372.8), (372.8, 372.8), (372.8, 372.8), (372.8, 372.8), (372.8, 372.8), (372.8, 372.8), (372.8, 372.8), (372.8, 372.8), (372.8, 372.8), (372.8, 372.8), (372.8, 372.8), (372.8, 372.8), (372.8, 372.8), (372.8, 372.8), (372.8, 372.8), (372.8, 372.8), (372.8, 372.8), (372.8, 372.8), (372.8, 372.8), (372.8, 372.8), (372.8, 372.8), (372.8, 372.8), (372.8, 372.8), (372.8, 372.8), (372.8, 372.8), (372.8, 372.8), (372.8, 372.8), (372.8, 372.8), (372.8, 372.8), (372.8, 372.8), (372.8, 372.8), (372.8, 372.8), (372.8, 372.8), (372.8, 372.8), (372.8, 372.8), (372.8, 372.8), (372.8, 372.8), (372.8, 372.8), (372.8, 372.8), (372.8, 372.8), (372.8, 372.8), (372.8, 372.8), (372.8, 372.8), (372.8, 372.8), (372.8, 372.8), (372.8, 372.8), (372.8, 372.8), (372.8, 372.8)]",0,0,13.47
novice,bomberman,2,Bomb,7,0,36.42,0.741,"[(48.0, 48.0), (62.9, 51.7), (77.9, 51.7), (98.4, 51.7), (113.3, 57.3), (115.2, 72.3), (115.2, 89.1), (115.2, 107.7), (115.2, 122.7), (115.2, 137.6), (115.2, 156.3), (117.1, 174.9), (132.0, 180.5), (146.9, 180.5), (169.3, 180.5), (180.5, 193.6), (180.5, 208.5), (180.5, 230.9), (189.9, 244.0), (204.8, 244.0), (227.2, 244.0), (242.1, 251.5), (244.0, 266.4), (244.0, 285.1), (245.9, 301.9), (260.8, 307.5), (275.7, 307.5), (296.3, 307.5), (307.5, 320.5), (307.5, 335.5), (307.5, 356.0), (313.1, 370.9), (328.0, 372.8), (342.9, 372.8), (357.9, 372.8), (372.8, 372.8), (372.8, 372.8), (372.8, 372.8), (372.8, 372.8), (372.8, 372.8), (372.8, 372.8), (372.8, 372.8), (372.8, 372.8), (372.8, 372.8), (372.8, 372.8), (372.8, 372.8), (372.8, 372.8), (372.8, 372.8), (372.8, 372.8), (372.8, 372.8), (372.8, 372.8), (372.8, 372.8), (372.8, 372.8), (372.8, 372.8), (372.8, 372.8), (372.8, 372.8), (372.8, 372.8), (372.8, 372.8), (372.8, 372.8), (372.8, 372.8), (372.8, 372.8), (372.8, 372.8)]",0,0,8.2
novice,bomberman,2,Bomb,7,0,35.61,0.926,"[(48.0, 48.0), (62.9, 51.7), (77.9, 51.7), (98.4, 51.7), (113.3, 57.3), (115.2, 72.3), (115.2, 89.1), (115.2, 107.7), (128.3, 115.2), (143.2, 115.2), (158.1, 115.2), (173.1, 117.1), (180.5, 132.0), (180.5, 146.9), (180.5, 169.3), (191.7, 180.5), (206.7, 180.5), (221.6, 180.5), (236.5, 182.4), (244.0, 197.3), (244.0, 212.3), (244.0, 227.2), (249.6, 242.1), (264.5, 236.5), (283.2, 236.5), (300.0, 245.9), (307.5, 260.8), (307.5, 275.7), (307.5, 296.3), (318.7, 307.5), (333.6, 307.5), (354.1, 307.5), (369.1, 313.1), (372.8, 328.0), (372.8, 342.9), (372.8, 357.9), (372.8, 372.8), (372.8, 372.8), (372.8, 372.8), (372.8, 372.8), (372.8, 372.8), (372.8, 372.8), (372.8, 372.8), (372.8, 372.8), (372.8, 372.8), (372.8, 372.8), (372.8, 372.8), (372.8, 372.8), (372.8, 372.8), (372.8, 372.8), (372.8, 372.8), (372.8, 372.8), (372.8, 372.8), (372.8, 372.8), (372.8, 372.8), (372.8, 372.8), (372.8, 372.8), (372.8, 372.8), (372.8, 372.8), (372.8, 372.8), (372.8, 372.8), (372.8, 372.8), (372.8, 372.8), (372.8, 372.8), (372.8, 372.8)]",0,1,8.65
novice,bomberman,2,Bomb,7,0,34.68,0.926,"[(48.0, 48.0), (62.9, 51.7), (77.9, 51.7), (98.4, 51.7), (113.3, 57.3), (115.2, 72.3), (115.2, 89.1), (115.2, 107.7), (128.3, 115.2), (143.2, 115.2), (165.6, 115.2), (180.5, 124.5), (180.5, 139.5), (180.5, 160.0), (184.3, 176.8), (199.2, 180.5), (217.9, 180.5), (236.5, 182.4), (244.0, 197.3), (244.0, 212.3), (244.0, 234.7), (257.1, 244.0), (272.0, 244.0), (292.5, 244.0), (307.5, 253.3), (307.5, 268.3), (307.5, 288.8), (311.2, 303.7), (326.1, 307.5), (342.9, 307.5), (361.6, 307.5), (372.8, 320.5), (372.8, 335.5), (372.8, 350.4), (372.8, 365.3), (372.8, 372.8), (372.8, 372.8), (372.8, 372.8), (372.8, 372.8), (372.8, 372.8), (372.8, 372.8), (372.8, 372.8), (372.8, 372.8), (372.8, 372.8), (372.8, 372.8), (372.8, 372.8), (372.8, 372.8), (372.8, 372.8), (372.8, 372.8), (372.8, 372.8), (372.8, 372.8), (372.8, 372.8), (372.8, 372.8), (372.8, 372.8), (372.8, 372.8), (372.8, 372.8), (372.8, 372.8), (372.8, 372.8), (372.8, 372.8), (372.8, 372.8), (372.8, 372.8), (372.8, 372.8), (372.8, 372.8), (372.8, 372.8)]",0,1,8.45
novice,bomberman,2,Bomb,7,0,34.68,0.926,"[(48.0, 48.0), (62.9, 51.7), (77.9, 51.7), (98.4, 51.7), (113.3, 57.3), (115.2, 72.3), (115.2, 89.1), (115.2, 107.7), (128.3, 115.2), (143.2, 115.2), (165.6, 115.2), (180.5, 124.5), (180.5, 139.5), (180.5, 160.0), (184.3, 176.8), (199.2, 180.5), (217.9, 180.5), (236.5, 182.4), (244.0, 197.3), (244.0, 212.3), (244.0, 234.7), (257.1, 244.0), (272.0, 244.0), (292.5, 244.0), (307.5, 253.3), (307.5, 268.3), (307.5, 288.8), (311.2, 303.7), (326.1, 307.5), (342.9, 307.5), (361.6, 307.5), (372.8, 320.5), (372.8, 335.5), (372.8, 350.4), (372.8, 365.3), (372.8, 372.8), (372.8, 372.8), (372.8, 372.8), (372.8, 372.8), (372.8, 372.8), (372.8, 372.8), (372.8, 372.8), (372.8, 372.8), (372.8, 372.8), (372.8, 372.8), (372.8, 372.8), (372.8, 372.8), (372.8, 372.8), (372.8, 372.8), (372.8, 372.8), (372.8, 372.8), (372.8, 372.8), (372.8, 372.8), (372.8, 372.8), (372.8, 372.8), (372.8, 372.8), (372.8, 372.8), (372.8, 372.8), (372.8, 372.8), (372.8, 372.8), (372.8, 372.8), (372.8, 372.8), (372.8, 372.8), (372.8, 372.8)]",0,1,8.45
novice,bomberman,2,Bomb,7,0,35.61,0.926,"[(48.0, 48.0), (62.9, 51.7), (77.9, 51.7), (98.4, 51.7), (113.3, 57.3), (115.2, 72.3), (115.2, 89.1), (115.2, 107.7), (128.3, 115.2), (143.2, 115.2), (158.1, 115.2), (173.1, 117.1), (180.5, 132.0), (180.5, 146.9), (180.5, 169.3), (191.7, 180.5), (206.7, 180.5), (221.6, 180.5), (236.5, 182.4), (244.0, 197.3), (244.0, 212.3), (244.0, 227.2), (249.6, 242.1), (264.5, 236.5), (283.2, 236.5), (300.0, 245.9), (307.5, 260.8), (307.5, 275.7), (307.5, 296.3), (318.7, 307.5), (333.6, 307.5), (354.1, 307.5), (369.1, 313.1), (372.8, 328.0), (372.8, 342.9), (372.8, 357.9), (372.8, 372.8), (372.8, 372.8), (372.8, 372.8), (372.8, 372.8), (372.8, 372.8), (372.8, 372.8), (372.8, 372.8), (372.8, 372.8), (372.8, 372.8), (372.8, 372.8), (372.8, 372.8), (372.8, 372.8), (372.8, 372.8), (372.8, 372.8), (372.8, 372.8), (372.8, 372.8), (372.8, 372.8), (372.8, 372.8), (372.8, 372.8), (372.8, 372.8), (372.8, 372.8), (372.8, 372.8), (372.8, 372.8), (372.8, 372.8), (372.8, 372.8), (372.8, 372.8), (372.8, 372.8), (372.8, 372.8), (372.8, 372.8)]",0,1,8.65
novice,bomberman,2,Bomb,34,0,24.42,0.926,"[(48.0, 48.0), (62.9, 51.7), (77.9, 51.7), (98.4, 51.7), (113.3, 57.3), (115.2, 72.3), (115.2, 89.1), (115.2, 107.7), (128.3, 115.2), (143.2, 115.2), (165.6, 115.2), (180.5, 124.5), (180.5, 132.0), (180.5, 128.3), (180.5, 128.3), (180.5, 132.0), (180.5, 128.3), (180.5, 128.3), (180.5, 132.0), (180.5, 128.3), (180.5, 128.3), (180.5, 132.0), (180.5, 128.3), (180.5, 128.3), (180.5, 132.0), (180.5, 128.3), (180.5, 128.3), (180.5, 132.0), (180.5, 128.3), (180.5, 128.3), (180.5, 132.0), (180.5, 135.7), (180.5, 152.5), (180.5, 173.1), (195.5, 180.5), (210.4, 180.5), (232.8, 180.5), (244.0, 193.6), (244.0, 208.5), (244.0, 230.9), (253.3, 244.0), (268.3, 244.0), (288.8, 244.0), (303.7, 249.6), (307.5, 264.5), (307.5, 281.3), (307.5, 300.0), (322.4, 307.5), (337.3, 307.5), (357.9, 307.5), (372.8, 316.8), (372.8, 331.7), (372.8, 346.7), (372.8, 361.6), (372.8, 372.8), (372.8, 372.8), (372.8, 372.8), (372.8, 372.8), (372.8, 372.8), (372.8, 372.8), (372.8, 372.8), (372.8, 372.8), (372.8, 372.8), (372.8, 372.8), (372.8, 372.8), (372.8, 372.8), (372.8, 372.8), (372.8, 372.8), (372.8, 372.8), (372.8, 372.8), (372.8, 372.8), (372.8, 372.8), (372.8, 372.8), (372.8, 372.8), (372.8, 372.8), (372.8, 372.8), (372.8, 372.8), (372.8, 372.8), (372.8, 372.8), (372.8, 372.8), (372.8, 372.8), (372.8, 372.8), (372.8, 372.8), (372.8, 372.8), (372.8, 372.8), (372.8, 372.8), (372.8, 372.8), (372.8, 372.8), (372.8, 372.8), (372.8, 372.8), (372.8, 372.8)]",0,1,12.0
novice,bomberman,2,Bomb,8,0,24.42,0.926,"[(48.0, 48.0), (62.9, 51.7), (77.9, 51.7), (98.4, 51.7), (113.3, 57.3), (115.2, 72.3), (115.2, 89.1), (115.2, 107.7), (128.3, 115.2), (143.2, 115.2), (165.6, 115.2), (180.5, 124.5), (180.5, 139.5), (180.5, 160.0), (184.3, 176.8), (199.2, 180.5), (217.9, 180.5), (236.5, 182.4), (244.0, 197.3), (244.0, 212.3), (244.0, 234.7), (257.1, 244.0), (272.0, 244.0), (292.5, 244.0), (307.5, 253.3), (307.5, 268.3), (307.5, 288.8), (311.2, 303.7), (326.1, 307.5), (342.9, 307.5), (361.6, 307.5), (372.8, 320.5), (372.8, 335.5), (372.8, 350.4), (372.8, 365.3), (372.8, 372.8), (372.8, 372.8), (372.8, 372.8), (372.8, 372.8), (372.8, 372.8), (372.8, 372.8), (372.8, 372.8), (372.8, 372.8), (372.8, 372.8), (372.8, 372.8), (372.8, 372.8), (372.8, 372.8), (372.8, 372.8), (372.8, 372.8), (372.8, 372.8), (372.8, 372.8), (372.8, 372.8), (372.8, 372.8), (372.8, 372.8), (372.8, 372.8), (372.8, 372.8), (372.8, 372.8), (372.8, 372.8), (372.8, 372.8), (372.8, 372.8), (372.8, 372.8), (372.8, 372.8), (372.8, 372.8), (372.8, 372.8), (372.8, 372.8), (372.8, 372.8), (372.8, 372.8), (372.8, 372.8), (372.8, 372.8), (372.8, 372.8), (372.8, 372.8), (372.8, 372.8), (372.8, 372.8), (372.8, 372.8), (372.8, 372.8), (372.8, 372.8), (372.8, 372.8), (372.8, 372.8), (372.8, 372.8), (372.8, 372.8), (372.8, 372.8), (372.8, 372.8), (372.8, 372.8), (372.8, 372.8), (372.8, 372.8), (372.8, 372.8), (372.8, 372.8), (372.8, 372.8), (372.8, 372.8), (372.8, 372.8), (372.8, 372.8)]",0,1,12.0
novice,bomberman,2,Bomb,35,0,24.42,0.926,"[(48.0, 48.0), (62.9, 51.7), (77.9, 51.7), (98.4, 51.7), (113.3, 57.3), (115.2, 64.8), (115.2, 68.5), (115.2, 64.8), (115.2, 64.8), (115.2, 68.5), (115.2, 64.8), (115.2, 64.8), (115.2, 68.5), (115.2, 64.8), (115.2, 64.8), (115.2, 68.5), (115.2, 64.8), (115.2, 64.8), (115.2, 68.5), (115.2, 64.8), (115.2, 64.8), (115.2, 68.5), (115.2, 64.8), (115.2, 64.8), (115.2, 68.5), (115.2, 64.8), (115.2, 64.8), (115.2, 79.7), (115.2, 100.3), (120.8, 115.2), (135.7, 115.2), (154.4, 115.2), (173.1, 117.1), (180.5, 132.0), (180.5, 146.9), (180.5, 169.3), (191.7, 180.5), (206.7, 180.5), (229.1, 180.5), (244.0, 189.9), (244.0, 204.8), (244.0, 227.2), (249.6, 242.1), (264.5, 244.0), (283.2, 244.0), (300.0, 245.9), (307.5, 260.8), (307.5, 275.7), (307.5, 296.3), (318.7, 307.5), (333.6, 307.5), (354.1, 307.5), (369.1, 313.1), (372.8, 328.0), (372.8, 342.9), (372.8, 357.9), (372.8, 372.8), (372.8, 372.8), (372.8, 372.8), (372.8, 372.8), (372.8, 372.8), (372.8, 372.8), (372.8, 372.8), (372.8, 372.8), (372.8, 372.8), (372.8, 372.8), (372.8, 372.8), (372.8, 372.8), (372.8, 372.8), (372.8, 372.8), (372.8, 372.8), (372.8, 372.8), (372.8, 372.8), (372.8, 372.8), (372.8, 372.8), (372.8, 372.8), (372.8, 372.8), (372.8, 372.8), (372.8, 372.8), (372.8, 372.8), (372.8, 372.8), (372.8, 372.8), (372.8, 372.8), (372.8, 372.8), (372.8, 372.8), (372.8, 372.8), (372.8, 372.8), (372.8, 372.8), (372.8, 372.8), (372.8, 372.8), (372.8, 372.8)]",0,1,12.0
novice,bomberman,2,Bomb,8,0,24.42,0.926,"[(48.0, 48.0), (62.9, 51.7), (77.9, 51.7), (98.4, 51.7), (113.3, 57.3), (115.2, 72.3), (115.2, 89.1), (115.2, 107.7), (128.3, 115.2), (143.2, 115.2), (165.6, 115.2), (180.5, 124.5), (180.5, 139.5), (180.5, 160.0), (184.3, 176.8), (199.2, 180.5), (217.9, 180.5), (236.5, 182.4), (244.0, 197.3), (244.0, 212.3), (244.0, 227.2), (249.6, 242.1), (264.5, 244.0), (283.2, 244.0), (300.0, 245.9), (307.5, 260.8), (307.5, 275.7), (307.5, 296.3), (318.7, 307.5), (333.6, 307.5), (354.1, 307.5), (369.1, 313.1), (372.8, 328.0), (372.8, 342.9), (372.8, 357.9), (372.8, 372.8), (372.8, 372.8), (372.8, 372.8), (372.8, 372.8), (372.8, 372.8), (372.8, 372.8), (372.8, 372.8), (372.8, 372.8), (372.8, 372.8), (372.8, 372.8), (372.8, 372.8), (372.8, 372.8), (372.8, 372.8), (372.8, 372.8), (372.8, 372.8), (372.8, 372.8), (372.8, 372.8), (372.8, 372.8), (372.8, 372.8), (372.8, 372.8), (372.8, 372.8), (372.8, 372.8), (372.8, 372.8), (372.8, 372.8), (372.8, 372.8), (372.8, 372.8), (372.8, 372.8), (372.8, 372.8), (372.8, 372.8), (372.8, 372.8), (372.8, 372.8), (372.8, 372.8), (372.8, 372.8), (372.8, 372.8), (372.8, 372.8), (372.8, 372.8), (372.8, 372.8), (372.8, 372.8), (372.8, 372.8), (372.8, 372.8), (372.8, 372.8), (372.8, 372.8), (372.8, 372.8), (372.8, 372.8), (372.8, 372.8), (372.8, 372.8), (372.8, 372.8), (372.8, 372.8), (372.8, 372.8), (372.8, 372.8), (372.8, 372.8), (372.8, 372.8), (372.8, 372.8), (372.8, 372.8), (372.8, 372.8), (372.8, 372.8)]",0,1,12.0
novice,bomberman,2,Bomb,10,0,24.42,0.926,"[(48.0, 48.0), (62.9, 51.7), (77.9, 51.7), (98.4, 51.7), (113.3, 57.3), (115.2, 72.3), (115.2, 89.1), (115.2, 107.7), (128.3, 115.2), (143.2, 115.2), (165.6, 115.2), (180.5, 124.5), (180.5, 132.0), (180.5, 128.3), (180.5, 128.3), (180.5, 132.0), (180.5, 128.3), (180.5, 128.3), (180.5, 132.0), (180.5, 128.3), (180.5, 128.3), (180.5, 132.0), (180.5, 128.3), (180.5, 128.3), (180.5, 132.0), (180.5, 128.3), (180.5, 128.3), (180.5, 132.0), (180.5, 128.3), (180.5, 128.3), (180.5, 132.0), (180.5, 135.7), (180.5, 152.5), (180.5, 173.1), (195.5, 180.5), (210.4, 180.5), (232.8, 180.5), (244.0, 193.6), (244.0, 208.5), (244.0, 230.9), (253.3, 244.0), (268.3, 244.0), (288.8, 244.0), (303.7, 249.6), (307.5, 264.5), (307.5, 281.3), (307.5, 300.0), (322.4, 307.5), (337.3, 307.5), (357.9, 307.5), (372.8, 316.8), (372.8, 331.7), (372.8, 346.7), (372.8, 361.6), (372.8, 372.8), (372.8, 372.8), (372.8, 372.8), (372.8, 372.8), (372.8, 372.8), (372.8, 372.8), (372.8, 372.8), (372.8, 372.8), (372.8, 372.8), (372.8, 372.8), (372.8, 372.8), (372.8, 372.8), (372.8, 372.8), (372.8, 372.8), (372.8, 372.8), (372.8, 372.8), (372.8, 372.8), (372.8, 372.8), (372.8, 372.8), (372.8, 372.8), (372.8, 372.8), (372.8, 372.8), (372.8, 372.8), (372.8, 372.8), (372.8, 372.8), (372.8, 372.8), (372.8, 372.8), (372.8, 372.8), (372.8, 372.8), (372.8, 372.8), (372.8, 372.8), (372.8, 372.8), (372.8, 372.8), (372.8, 372.8), (372.8, 372.8), (372.8, 372.8), (372.8, 372.8)]",0,1,12.0
novice,bomberman,2,Bomb,31,0,24.42,0.926,"[(48.0, 48.0), (62.9, 51.7), (77.9, 51.7), (98.4, 51.7), (113.3, 57.3), (115.2, 72.3), (115.2, 89.1), (115.2, 107.7), (128.3, 115.2), (143.2, 115.2), (165.6, 115.2), (180.5, 124.5), (180.5, 132.0), (180.5, 128.3), (180.5, 128.3), (180.5, 132.0), (180.5, 128.3), (180.5, 128.3), (180.5, 132.0), (180.5, 128.3), (180.5, 128.3), (180.5, 132.0), (180.5, 128.3), (180.5, 128.3), (180.5, 132.0), (180.5, 128.3), (180.5, 128.3), (180.5, 132.0), (180.5, 128.3), (180.5, 128.3), (180.5, 132.0), (180.5, 135.7), (180.5, 152.5), (180.5, 173.1), (195.5, 180.5), (210.4, 180.5), (232.8, 180.5), (244.0, 193.6), (244.0, 208.5), (244.0, 230.9), (253.3, 244.0), (268.3, 244.0), (288.8, 244.0), (303.7, 249.6), (307.5, 264.5), (307.5, 281.3), (307.5, 300.0), (322.4, 307.5), (337.3, 307.5), (357.9, 307.5), (372.8, 316.8), (372.8, 331.7), (372.8, 346.7), (372.8, 361.6), (372.8, 372.8), (372.8, 372.8), (372.8, 372.8), (372.8, 372.8), (372.8, 372.8), (372.8, 372.8), (372.8, 372.8), (372.8, 372.8), (372.8, 372.8), (372.8, 372.8), (372.8, 372.8), (372.8, 372.8), (372.8, 372.8), (372.8, 372.8), (372.8, 372.8), (372.8, 372.8), (372.8, 372.8), (372.8, 372.8), (372.8, 372.8), (372.8, 372.8), (372.8, 372.8), (372.8, 372.8), (372.8, 372.8), (372.8, 372.8), (372.8, 372.8), (372.8, 372.8), (372.8, 372.8), (372.8, 372.8), (372.8, 372.8), (372.8, 372.8), (372.8, 372.8), (372.8, 372.8), (372.8, 372.8), (372.8, 372.8), (372.8, 372.8), (372.8, 372.8), (372.8, 372.8)]",0,1,12.0
novice,bomberman,2,Bomb,7,0,18.55,0.926,"[(48.0, 48.0), (62.9, 51.7), (77.9, 51.7), (98.4, 51.7), (113.3, 57.3), (115.2, 72.3), (115.2, 89.1), (115.2, 107.7), (128.3, 115.2), (143.2, 115.2), (161.9, 115.2), (161.9, 115.2), (161.9, 115.2), (161.9, 115.2), (161.9, 115.2), (161.9, 115.2), (161.9, 115.2), (161.9, 115.2), (161.9, 115.2), (161.9, 115.2), (161.9, 115.2), (161.9, 115.2), (161.9, 115.2), (161.9, 115.2), (161.9, 115.2), (161.9, 115.2), (161.9, 115.2), (161.9, 115.2), (161.9, 115.2), (161.9, 115.2), (161.9, 115.2), (161.9, 115.2), (161.9, 115.2), (161.9, 115.2), (161.9, 115.2), (161.9, 115.2), (161.9, 115.2), (161.9, 115.2), (161.9, 115.2), (161.9, 115.2), (161.9, 115.2), (161.9, 115.2), (161.9, 115.2), (161.9, 115.2), (161.9, 115.2), (161.9, 115.2), (161.9, 115.2), (161.9, 115.2), (161.9, 115.2), (161.9, 115.2), (161.9, 115.2), (161.9, 115.2), (161.9, 115.2), (161.9, 115.2), (161.9, 115.2), (161.9, 115.2), (161.9, 115.2), (161.9, 115.2), (161.9, 115.2), (161.9, 115.2), (161.9, 115.2), (176.8, 120.8), (180.5, 135.7), (180.5, 152.5), (180.5, 173.1), (195.5, 180.5), (210.4, 180.5), (225.3, 180.5), (240.3, 186.1), (244.0, 201.1), (244.0, 216.0), (244.0, 230.9), (253.3, 244.0), (268.3, 242.1), (283.2, 242.1), (298.1, 244.0), (307.5, 258.9), (307.5, 273.9), (307.5, 294.4), (316.8, 307.5), (331.7, 307.5), (352.3, 307.5), (367.2, 311.2), (372.8, 326.1), (372.8, 341.1), (372.8, 356.0), (372.8, 370.9), (372.8, 372.8), (372.8, 372.8), (372.8, 372.8), (372.8, 372.8), (372.8, 372.8), (372.8, 372.8), (372.8, 372.8), (372.8, 372.8), (372.8, 372.8), (372.8, 372.8), (372.8, 372.8), (372.8, 372.8), (372.8, 372.8), (372.8, 372.8), (372.8, 372.8), (372.8, 372.8), (372.8, 372.8), (372.8, 372.8), (372.8, 372.8), (372.8, 372.8), (372.8, 372.8), (372.8, 372.8), (372.8, 372.8), (372.8, 372.8), (372.8, 372.8), (372.8, 372.8), (372.8, 372.8), (372.8, 372.8), (372.8, 372.8), (372.8, 372.8), (372.8, 372.8), (372.8, 372.8), (372.8, 372.8), (372.8, 372.8), (372.8, 372.8), (372.8, 372.8), (372.8, 372.8)]",0,1,16.5
novice,bomberman,2,Bomb,32,0,13.77,0.222,"[(48.0, 48.0), (62.9, 51.7), (77.9, 51.7), (98.4, 51.7), (113.3, 57.3), (115.2, 64.8), (115.2, 68.5), (115.2, 64.8), (115.2, 64.8), (115.2, 68.5), (115.2, 64.8), (115.2, 64.8), (115.2, 68.5), (115.2, 64.8), (115.2, 64.8), (115.2, 68.5), (115.2, 64.8), (115.2, 64.8), (115.2, 68.5), (115.2, 64.8), (115.2, 64.8), (115.2, 68.5), (115.2, 64.8), (115.2, 64.8), (115.2, 68.5), (115.2, 64.8), (115.2, 64.8), (115.2, 79.7), (115.2, 100.3), (120.8, 115.2), (135.7, 115.2), (150.7, 115.2), (163.7, 115.2), (163.7, 115.2), (163.7, 115.2), (163.7, 115.2), (163.7, 115.2), (163.7, 115.2), (163.7, 115.2), (163.7, 115.2), (163.7, 115.2), (163.7, 115.2), (163.7, 115.2), (163.7, 115.2), (163.7, 115.2), (163.7, 115.2), (163.7, 115.2), (163.7, 115.2), (163.7, 115.2), (163.7, 115.2), (163.7, 115.2), (163.7, 115.2), (163.7, 115.2), (163.7, 115.2), (163.7, 115.2), (163.7, 115.2), (163.7, 115.2), (163.7, 115.2), (163.7, 115.2), (163.7, 115.2), (163.7, 115.2)]",0,0,8.0
novice,bomberman,2,Bomb,7,0,18.55,0.926,"[(48.0, 48.0), (62.9, 51.7), (77.9, 51.7), (98.4, 51.7), (113.3, 57.3), (115.2, 72.3), (115.2, 89.1), (115.2, 107.7), (128.3, 115.2), (143.2, 115.2), (161.9, 115.2), (161.9, 115.2), (161.9, 115.2), (161.9, 115.2), (161.9, 115.2), (161.9, 115.2), (161.9, 115.2), (161.9, 115.2), (161.9, 115.2), (161.9, 115.2), (161.9, 115.2), (161.9, 115.2), (161.9, 115.2), (161.9, 115.2), (161.9, 115.2), (161.9, 115.2), (161.9, 115.2), (161.9, 115.2), (161.9, 115.2), (161.9, 115.2), (161.9, 115.2), (161.9, 115.2), (161.9, 115.2), (161.9, 115.2), (161.9, 115.2), (161.9, 115.2), (161.9, 115.2), (161.9, 115.2), (161.9, 115.2), (161.9, 115.2), (161.9, 115.2), (161.9, 115.2), (161.9, 115.2), (161.9, 115.2), (161.9, 115.2), (161.9, 115.2), (161.9, 115.2), (161.9, 115.2), (161.9, 115.2), (161.9, 115.2), (161.9, 115.2), (161.9, 115.2), (161.9, 115.2), (161.9, 115.2), (161.9, 115.2), (161.9, 115.2), (161.9, 115.2), (161.9, 115.2), (161.9, 115.2), (161.9, 115.2), (161.9, 115.2), (176.8, 120.8), (180.5, 135.7), (180.5, 152.5), (180.5, 173.1), (195.5, 180.5), (210.4, 180.5), (225.3, 180.5), (240.3, 186.1), (244.0, 201.1), (244.0, 216.0), (244.0, 230.9), (253.3, 244.0), (268.3, 242.1), (283.2, 242.1), (298.1, 244.0), (307.5, 258.9), (307.5, 273.9), (307.5, 294.4), (316.8, 307.5), (331.7, 307.5), (352.3, 307.5), (367.2, 311.2), (372.8, 326.1), (372.8, 341.1), (372.8, 356.0), (372.8, 370.9), (372.8, 372.8), (372.8, 372.8), (372.8, 372.8), (372.8, 372.8), (372.8, 372.8), (372.8, 372.8), (372.8, 372.8), (372.8, 372.8), (372.8, 372.8), (372.8, 372.8), (372.8, 372.8), (372.8, 372.8), (372.8, 372.8), (372.8, 372.8), (372.8, 372.8), (372.8, 372.8), (372.8, 372.8), (372.8, 372.8), (372.8, 372.8), (372.8, 372.8), (372.8, 372.8), (372.8, 372.8), (372.8, 372.8), (372.8, 372.8), (372.8, 372.8), (372.8, 372.8), (372.8, 372.8), (372.8, 372.8), (372.8, 372.8), (372.8, 372.8), (372.8, 372.8), (372.8, 372.8), (372.8, 372.8), (372.8, 372.8), (372.8, 372.8), (372.8, 372.8), (372.8, 372.8)]",0,1,16.5
novice,bomberman,2,Bomb,31,0,24.42,0.926,"[(48.0, 48.0), (62.9, 51.7), (77.9, 51.7), (98.4, 51.7), (113.3, 57.3), (115.2, 72.3), (115.2, 89.1), (115.2, 107.7), (128.3, 115.2), (143.2, 115.2), (165.6, 115.2), (180.5, 124.5), (180.5, 132.0), (180.5, 128.3), (180.5, 128.3), (180.5, 132.0), (180.5, 128.3), (180.5, 128.3), (180.5, 132.0), (180.5, 128.3), (180.5, 128.3), (180.5, 132.0), (180.5, 128.3), (180.5, 128.3), (180.5, 132.0), (180.5, 128.3), (180.5, 128.3), (180.5, 132.0), (180.5, 128.3), (180.5, 128.3), (180.5, 132.0), (180.5, 135.7), (180.5, 152.5), (180.5, 173.1), (195.5, 180.5), (210.4, 180.5), (232.8, 180.5), (244.0, 193.6), (244.0, 208.5), (244.0, 230.9), (253.3, 244.0), (268.3, 244.0), (288.8, 244.0), (303.7, 249.6), (307.5, 264.5), (307.5, 281.3), (307.5, 300.0), (322.4, 307.5), (337.3, 307.5), (357.9, 307.5), (372.8, 316.8), (372.8, 331.7), (372.8, 346.7), (372.8, 361.6), (372.8, 372.8), (372.8, 372.8), (372.8, 372.8), (372.8, 372.8), (372.8, 372.8), (372.8, 372.8), (372.8, 372.8), (372.8, 372.8), (372.8, 372.8), (372.8, 372.8), (372.8, 372.8), (372.8, 372.8), (372.8, 372.8), (372.8, 372.8), (372.8, 372.8), (372.8, 372.8), (372.8, 372.8), (372.8, 372.8), (372.8, 372.8), (372.8, 372.8), (372.8, 372.8), (372.8, 372.8), (372.8, 372.8), (372.8, 372.8), (372.8, 372.8), (372.8, 372.8), (372.8, 372.8), (372.8, 372.8), (372.8, 372.8), (372.8, 372.8), (372.8, 372.8), (372.8, 372.8), (372.8, 372.8), (372.8, 372.8), (372.8, 372.8), (372.8, 372.8), (372.8, 372.8)]",0,1,12.0
novice,bomberman,2,Bomb,10,0,24.42,0.926,"[(48.0, 48.0), (62.9, 51.7), (77.9, 51.7), (98.4, 51.7), (113.3, 57.3), (115.2, 72.3), (115.2, 89.1), (115.2, 107.7), (128.3, 115.2), (143.2, 115.2), (165.6, 115.2), (180.5, 124.5), (180.5, 132.0), (180.5, 128.3), (180.5, 128.3), (180.5, 132.0), (180.5, 128.3), (180.5, 128.3), (180.5, 132.0), (180.5, 128.3), (180.5, 128.3), (180.5, 132.0), (180.5, 128.3), (180.5, 128.3), (180.5, 132.0), (180.5, 128.3), (180.5, 128.3), (180.5, 132.0), (180.5, 128.3), (180.5, 128.3), (180.5, 132.0), (180.5, 135.7), (180.5, 152.5), (180.5, 173.1), (195.5, 180.5), (210.4, 180.5), (232.8, 180.5), (244.0, 193.6), (244.0, 208.5), (244.0, 230.9), (253.3, 244.0), (268.3, 244.0), (288.8, 244.0), (303.7, 249.6), (307.5, 264.5), (307.5, 281.3), (307.5, 300.0), (322.4, 307.5), (337.3, 307.5), (357.9, 307.5), (372.8, 316.8), (372.8, 331.7), (372.8, 346.7), (372.8, 361.6), (372.8, 372.8), (372.8, 372.8), (372.8, 372.8), (372.8, 372.8), (372.8, 372.8), (372.8, 372.8), (372.8, 372.8), (372.8, 372.8), (372.8, 372.8), (372.8, 372.8), (372.8, 372.8), (372.8, 372.8), (372.8, 372.8), (372.8, 372.8), (372.8, 372.8), (372.8, 372.8), (372.8, 372.8), (372.8, 372.8), (372.8, 372.8), (372.8, 372.8), (372.8, 372.8), (372.8, 372.8), (372.8, 372.8), (372.8, 372.8), (372.8, 372.8), (372.8, 372.8), (372.8, 372.8), (372.8, 372.8), (372.8, 372.8), (372.8, 372.8), (372.8, 372.8), (372.8, 372.8), (372.8, 372.8), (372.8, 372.8), (372.8, 372.8), (372.8, 372.8), (372.8, 372.8)]",0,1,12.0
novice,bomberman,2,Bomb,8,0,24.42,0.926,"[(48.0, 48.0), (62.9, 51.7), (77.9, 51.7), (98.4, 51.7), (113.3, 57.3), (115.2, 72.3), (115.2, 89.1), (115.2, 107.7), (128.3, 115.2), (143.2, 115.2), (165.6, 115.2), (180.5, 124.5), (180.5, 139.5), (180.5, 160.0), (184.3, 176.8), (199.2, 180.5), (217.9, 180.5), (236.5, 182.4), (244.0, 197.3), (244.0, 212.3), (244.0, 227.2), (249.6, 242.1), (264.5, 244.0), (283.2, 244.0), (300.0, 245.9), (307.5, 260.8), (307.5, 275.7), (307.5, 296.3), (318.7, 307.5), (333.6, 307.5), (354.1, 307.5), (369.1, 313.1), (372.8, 328.0), (372.8, 342.9), (372.8, 357.9), (372.8, 372.8), (372.8, 372.8), (372.8, 372.8), (372.8, 372.8), (372.8, 372.8), (372.8, 372.8), (372.8, 372.8), (372.8, 372.8), (372.8, 372.8), (372.8, 372.8), (372.8, 372.8), (372.8, 372.8), (372.8, 372.8), (372.8, 372.8), (372.8, 372.8), (372.8, 372.8), (372.8, 372.8), (372.8, 372.8), (372.8, 372.8), (372.8, 372.8), (372.8, 372.8), (372.8, 372.8), (372.8, 372.8), (372.8, 372.8), (372.8, 372.8), (372.8, 372.8), (372.8, 372.8), (372.8, 372.8), (372.8, 372.8), (372.8, 372.8), (372.8, 372.8), (372.8, 372.8), (372.8, 372.8), (372.8, 372.8), (372.8, 372.8), (372.8, 372.8), (372.8, 372.8), (372.8, 372.8), (372.8, 372.8), (372.8, 372.8), (372.8, 372.8), (372.8, 372.8), (372.8, 372.8), (372.8, 372.8), (372.8, 372.8), (372.8, 372.8), (372.8, 372.8), (372.8, 372.8), (372.8, 372.8), (372.8, 372.8), (372.8, 372.8), (372.8, 372.8), (372.8, 372.8), (372.8, 372.8), (372.8, 372.8), (372.8, 372.8)]",0,1,12.0
novice,bomberman,2,Bomb,33,0,24.42,0.926,"[(48.0, 48.0), (62.9, 51.7), (77.9, 51.7), (98.4, 51.7), (113.3, 57.3), (115.2, 72.3), (115.2, 89.1), (115.2, 107.7), (128.3, 115.2), (143.2, 115.2), (165.6, 115.2), (180.5, 124.5), (180.5, 132.0), (180.5, 128.3), (180.5, 128.3), (180.5, 132.0), (180.5, 128.3), (180.5, 128.3), (180.5, 132.0), (180.5, 128.3), (180.5, 128.3), (180.5, 132.0), (180.5, 128.3), (180.5, 128.3), (180.5, 132.0), (180.5, 128.3), (180.5, 128.3), (180.5, 132.0), (180.5, 128.3), (180.5, 128.3), (180.5, 132.0), (180.5, 135.7), (180.5, 152.5), (180.5, 173.1), (195.5, 180.5), (210.4, 180.5), (232.8, 180.5), (244.0, 193.6), (244.0, 208.5), (244.0, 230.9), (253.3, 244.0), (268.3, 244.0), (288.8, 244.0), (303.7, 249.6), (307.5, 264.5), (307.5, 281.3), (307.5, 300.0), (322.4, 307.5), (337.3, 307.5), (357.9, 307.5), (372.8, 316.8), (372.8, 331.7), (372.8, 346.7), (372.8, 361.6), (372.8, 372.8), (372.8, 372.8), (372.8, 372.8), (372.8, 372.8), (372.8, 372.8), (372.8, 372.8), (372.8, 372.8), (372.8, 372.8), (372.8, 372.8), (372.8, 372.8), (372.8, 372.8), (372.8, 372.8), (372.8, 372.8), (372.8, 372.8), (372.8, 372.8), (372.8, 372.8), (372.8, 372.8), (372.8, 372.8), (372.8, 372.8), (372.8, 372.8), (372.8, 372.8), (372.8, 372.8), (372.8, 372.8), (372.8, 372.8), (372.8, 372.8), (372.8, 372.8), (372.8, 372.8), (372.8, 372.8), (372.8, 372.8), (372.8, 372.8), (372.8, 372.8), (372.8, 372.8), (372.8, 372.8), (372.8, 372.8), (372.8, 372.8), (372.8, 372.8), (372.8, 372.8)]",0,1,12.0
novice,bomberman,2,Bomb,37,0,18.78,0.926,"[(48.0, 48.0), (62.9, 51.7), (77.9, 51.7), (98.4, 51.7), (113.3, 57.3), (115.2, 64.8), (115.2, 68.5), (115.2, 64.8), (115.2, 64.8), (115.2, 68.5), (115.2, 64.8), (115.2, 64.8), (115.2, 68.5), (115.2, 64.8), (115.2, 64.8), (115.2, 68.5), (115.2, 64.8), (115.2, 64.8), (115.2, 68.5), (115.2, 64.8), (115.2, 64.8), (115.2, 68.5), (115.2, 64.8), (115.2, 64.8), (115.2, 68.5), (115.2, 64.8), (115.2, 64.8), (115.2, 79.7), (115.2, 100.3), (120.8, 115.2), (135.7, 115.2), (150.7, 115.2), (165.6, 115.2), (180.5, 124.5), (180.5, 130.1), (180.5, 130.1), (180.5, 126.4), (180.5, 130.1), (180.5, 130.1), (180.5, 126.4), (180.5, 130.1), (180.5, 130.1), (180.5, 126.4), (180.5, 130.1), (180.5, 130.1), (180.5, 126.4), (180.5, 130.1), (180.5, 130.1), (180.5, 126.4), (180.5, 130.1), (180.5, 130.1), (180.5, 126.4), (180.5, 130.1), (180.5, 130.1), (180.5, 126.4), (180.5, 130.1), (180.5, 130.1), (180.5, 137.6), (180.5, 156.3), (182.4, 174.9), (197.3, 180.5), (214.1, 173.1), (234.7, 180.5), (244.0, 195.5), (244.0, 210.4), (244.0, 225.3), (247.7, 240.3), (262.7, 240.3), (279.5, 236.5), (298.1, 242.1), (307.5, 257.1), (307.5, 272.0), (307.5, 292.5), (314.9, 307.5), (329.9, 307.5), (350.4, 307.5), (365.3, 309.3), (372.8, 324.3), (372.8, 339.2), (372.8, 354.1), (372.8, 369.1), (372.8, 372.8), (372.8, 372.8), (372.8, 372.8), (372.8, 372.8), (372.8, 372.8), (372.8, 372.8), (372.8, 372.8), (372.8, 372.8), (372.8, 372.8), (372.8, 372.8), (372.8, 372.8), (372.8, 372.8), (372.8, 372.8), (372.8, 372.8), (372.8, 372.8), (372.8, 372.8), (372.8, 372.8), (372.8, 372.8), (372.8, 372.8), (372.8, 372.8), (372.8, 372.8), (372.8, 372.8), (372.8, 372.8), (372.8, 372.8), (372.8, 372.8), (372.8, 372.8), (372.8, 372.8), (372.8, 372.8), (372.8, 372.8), (372.8, 372.8), (372.8, 372.8), (372.8, 372.8), (372.8, 372.8), (372.8, 372.8), (372.8, 372.8), (372.8, 372.8), (372.8, 372.8), (372.8, 372.8), (372.8, 372.8), (372.8, 372.8)]",0,1,16.0
novice,bomberman,2,Bomb,7,0,18.78,0.926,"[(48.0, 48.0), (62.9, 51.7), (77.9, 51.7), (98.4, 51.7), (113.3, 57.3), (115.2, 72.3), (115.2, 89.1), (115.2, 107.7), (128.3, 115.2), (143.2, 115.2), (161.9, 115.2), (161.9, 115.2), (161.9, 115.2), (161.9, 115.2), (161.9, 115.2), (161.9, 115.2), (161.9, 115.2), (161.9, 115.2), (161.9, 115.2), (161.9, 115.2), (161.9, 115.2), (161.9, 115.2), (161.9, 115.2), (161.9, 115.2), (161.9, 115.2), (161.9, 115.2), (161.9, 115.2), (161.9, 115.2), (161.9, 115.2), (161.9, 115.2), (161.9, 115.2), (161.9, 115.2), (161.9, 115.2), (161.9, 115.2), (161.9, 111.5), (161.9, 109.6), (161.9, 109.6), (161.9, 109.6), (161.9, 109.6), (161.9, 109.6), (161.9, 109.6), (161.9, 109.6), (161.9, 109.6), (161.9, 109.6), (161.9, 109.6), (161.9, 109.6), (161.9, 109.6), (161.9, 109.6), (161.9, 109.6), (161.9, 109.6), (161.9, 109.6), (161.9, 109.6), (161.9, 109.6), (161.9, 109.6), (161.9, 109.6), (161.9, 109.6), (161.9, 109.6), (173.1, 117.1), (180.5, 132.0), (180.5, 146.9), (180.5, 169.3), (191.7, 180.5), (206.7, 180.5), (221.6, 180.5), (236.5, 182.4), (244.0, 197.3), (244.0, 212.3), (244.0, 227.2), (249.6, 242.1), (264.5, 238.4), (283.2, 236.5), (300.0, 244.0), (307.5, 258.9), (307.5, 273.9), (307.5, 294.4), (316.8, 307.5), (331.7, 307.5), (352.3, 307.5), (367.2, 311.2), (372.8, 326.1), (372.8, 341.1), (372.8, 356.0), (372.8, 370.9), (372.8, 372.8), (372.8, 372.8), (372.8, 372.8), (372.8, 372.8), (372.8, 372.8), (372.8, 372.8), (372.8, 372.8), (372.8, 372.8), (372.8, 372.8), (372.8, 372.8), (372.8, 372.8), (372.8, 372.8), (372.8, 372.8), (372.8, 372.8), (372.8, 372.8), (372.8, 372.8), (372.8, 372.8), (372.8, 372.8), (372.8, 372.8), (372.8, 372.8), (372.8, 372.8), (372.8, 372.8), (372.8, 372.8), (372.8, 372.8), (372.8, 372.8), (372.8, 372.8), (372.8, 372.8), (372.8, 372.8), (372.8, 372.8), (372.8, 372.8), (372.8, 372.8), (372.8, 372.8), (372.8, 372.8), (372.8, 372.8), (372.8, 372.8), (372.8, 372.8), (372.8, 372.8), (372.8, 372.8)]",0,1,16.0
novice,bomberman,2,Stuck,7,0,21.76,0.741,"[(48.0, 48.0), (62.9, 51.7), (77.9, 51.7), (98.4, 51.7), (113.3, 57.3), (115.2, 72.3), (115.2, 89.1), (115.2, 107.7), (128.3, 115.2), (143.2, 115.2), (165.6, 115.2), (180.5, 124.5), (180.5, 139.5), (180.5, 160.0), (184.3, 176.8), (199.2, 180.5), (217.9, 180.5), (236.5, 182.4), (244.0, 197.3), (244.0, 212.3), (244.0, 234.7), (257.1, 244.0), (272.0, 244.0), (292.5, 244.0), (307.5, 253.3), (307.5, 268.3), (307.5, 288.8), (311.2, 303.7), (326.1, 307.5), (342.9, 307.5), (361.6, 307.5), (372.8, 320.5), (372.8, 335.5), (372.8, 350.4), (372.8, 365.3), (372.8, 372.8), (372.8, 372.8), (372.8, 372.8), (372.8, 372.8), (372.8, 372.8), (372.8, 372.8), (372.8, 372.8), (372.8, 372.8), (372.8, 372.8), (372.8, 372.8), (372.8, 372.8), (372.8, 372.8), (372.8, 372.8), (372.8, 372.8), (372.8, 372.8), (372.8, 372.8), (372.8, 372.8), (372.8, 372.8), (372.8, 372.8), (372.8, 372.8), (372.8, 372.8), (372.8, 372.8), (372.8, 372.8), (372.8, 372.8), (372.8, 372.8), (372.8, 372.8), (372.8, 372.8), (372.8, 372.8), (372.8, 372.8), (372.8, 372.8), (372.8, 372.8), (372.8, 372.8), (372.8, 372.8), (372.8, 372.8), (372.8, 372.8), (372.8, 372.8), (372.8, 372.8), (372.8, 372.8), (372.8, 372.8), (372.8, 372.8), (372.8, 372.8), (372.8, 372.8), (372.8, 372.8), (372.8, 372.8), (372.8, 372.8), (372.8, 372.8), (372.8, 372.8), (372.8, 372.8), (372.8, 372.8), (372.8, 372.8), (372.8, 372.8), (372.8, 372.8), (372.8, 372.8), (372.8, 372.8), (372.8, 372.8), (372.8, 372.8), (372.8, 372.8), (372.8, 372.8), (372.8, 372.8), (372.8, 372.8), (372.8, 372.8), (372.8, 372.8), (372.8, 372.8), (372.8, 372.8), (372.8, 372.8), (372.8, 372.8), (372.8, 372.8)]",0,0,13.47
novice,bomberman,2,Bomb,8,0,34.48,0.926,"[(48.0, 48.0), (62.9, 51.7), (77.9, 51.7), (98.4, 51.7), (113.3, 57.3), (115.2, 72.3), (115.2, 89.1), (115.2, 107.7), (128.3, 115.2), (143.2, 115.2), (165.6, 115.2), (180.5, 124.5), (180.5, 139.5), (180.5, 160.0), (184.3, 176.8), (199.2, 180.5), (217.9, 180.5), (236.5, 182.4), (244.0, 197.3), (244.0, 212.3), (244.0, 227.2), (249.6, 242.1), (264.5, 244.0), (283.2, 244.0), (300.0, 245.9), (307.5, 260.8), (307.5, 275.7), (307.5, 296.3), (318.7, 307.5), (333.6, 307.5), (354.1, 307.5), (369.1, 313.1), (372.8, 328.0), (372.8, 342.9), (372.8, 357.9), (372.8, 372.8), (372.8, 372.8), (372.8, 372.8), (372.8, 372.8), (372.8, 372.8), (372.8, 372.8), (372.8, 372.8), (372.8, 372.8), (372.8, 372.8), (372.8, 372.8), (372.8, 372.8), (372.8, 372.8), (372.8, 372.8), (372.8, 372.8), (372.8, 372.8), (372.8, 372.8), (372.8, 372.8), (372.8, 372.8), (372.8, 372.8), (372.8, 372.8), (372.8, 372.8), (372.8, 372.8), (372.8, 372.8), (372.8, 372.8), (372.8, 372.8), (372.8, 372.8), (372.8, 372.8), (372.8, 372.8), (372.8, 372.8)]",0,1,8.5
novice,bomberman,2,Bomb,8,0,24.42,0.926,"[(48.0, 48.0), (62.9, 51.7), (77.9, 51.7), (98.4, 51.7), (113.3, 57.3), (115.2, 72.3), (115.2, 89.1), (115.2, 107.7), (128.3, 115.2), (143.2, 115.2), (165.6, 115.2), (180.5, 124.5), (180.5, 139.5), (180.5, 154.4), (180.5, 169.3), (191.7, 180.5), (206.7, 180.5), (229.1, 180.5), (244.0, 189.9), (244.0, 204.8), (244.0, 219.7), (244.0, 234.7), (257.1, 244.0), (272.0, 236.5), (292.5, 236.5), (307.5, 251.5), (307.5, 266.4), (307.5, 285.1), (309.3, 301.9), (324.3, 307.5), (339.2, 307.5), (359.7, 307.5), (372.8, 318.7), (372.8, 333.6), (372.8, 348.5), (372.8, 363.5), (372.8, 372.8), (372.8, 372.8), (372.8, 372.8), (372.8, 372.8), (372.8, 372.8), (372.8, 372.8), (372.8, 372.8), (372.8, 372.8), (372.8, 372.8), (372.8, 372.8), (372.8, 372.8), (372.8, 372.8), (372.8, 372.8), (372.8, 372.8), (372.8, 372.8), (372.8, 372.8), (372.8, 372.8), (372.8, 372.8), (372.8, 372.8), (372.8, 372.8), (372.8, 372.8), (372.8, 372.8), (372.8, 372.8), (372.8, 372.8), (372.8, 372.8), (372.8, 372.8), (372.8, 372.8), (372.8, 372.8), (372.8, 372.8), (372.8, 372.8), (372.8, 372.8), (372.8, 372.8), (372.8, 372.8), (372.8, 372.8), (372.8, 372.8), (372.8, 372.8), (372.8, 372.8), (372.8, 372.8), (372.8, 372.8), (372.8, 372.8), (372.8, 372.8), (372.8, 372.8), (372.8, 372.8), (372.8, 372.8), (372.8, 372.8), (372.8, 372.8), (372.8, 372.8), (372.8, 372.8), (372.8, 372.8), (372.8, 372.8), (372.8, 372.8), (372.8, 372.8), (372.8, 372.8), (372.8, 372.8), (372.8, 372.8)]",0,1,12.0
novice,bomberman,2,Bomb,8,0,24.42,0.926,"[(48.0, 48.0), (62.9, 51.7), (77.9, 51.7), (98.4, 51.7), (113.3, 57.3), (115.2, 72.3), (115.2, 89.1), (115.2, 107.7), (128.3, 115.2), (143.2, 115.2), (165.6, 115.2), (180.5, 124.5), (180.5, 139.5), (180.5, 154.4), (180.5, 169.3), (191.7, 180.5), (206.7, 180.5), (229.1, 180.5), (244.0, 189.9), (244.0, 204.8), (244.0, 219.7), (244.0, 234.7), (257.1, 244.0), (272.0, 236.5), (292.5, 236.5), (307.5, 251.5), (307.5, 266.4), (307.5, 285.1), (309.3, 301.9), (324.3, 307.5), (339.2, 307.5), (359.7, 307.5), (372.8, 318.7), (372.8, 333.6), (372.8, 348.5), (372.8, 363.5), (372.8, 372.8), (372.8, 372.8), (372.8, 372.8), (372.8, 372.8), (372.8, 372.8), (372.8, 372.8), (372.8, 372.8), (372.8, 372.8), (372.8, 372.8), (372.8, 372.8), (372.8, 372.8), (372.8, 372.8), (372.8, 372.8), (372.8, 372.8), (372.8, 372.8), (372.8, 372.8), (372.8, 372.8), (372.8, 372.8), (372.8, 372.8), (372.8, 372.8), (372.8, 372.8), (372.8, 372.8), (372.8, 372.8), (372.8, 372.8), (372.8, 372.8), (372.8, 372.8), (372.8, 372.8), (372.8, 372.8), (372.8, 372.8), (372.8, 372.8), (372.8, 372.8), (372.8, 372.8), (372.8, 372.8), (372.8, 372.8), (372.8, 372.8), (372.8, 372.8), (372.8, 372.8), (372.8, 372.8), (372.8, 372.8), (372.8, 372.8), (372.8, 372.8), (372.8, 372.8), (372.8, 372.8), (372.8, 372.8), (372.8, 372.8), (372.8, 372.8), (372.8, 372.8), (372.8, 372.8), (372.8, 372.8), (372.8, 372.8), (372.8, 372.8), (372.8, 372.8), (372.8, 372.8), (372.8, 372.8), (372.8, 372.8)]",0,1,12.0
novice,bomberman,2,Bomb,8,0,34.48,0.926,"[(48.0, 48.0), (62.9, 51.7), (77.9, 51.7), (98.4, 51.7), (113.3, 57.3), (115.2, 72.3), (115.2, 89.1), (115.2, 107.7), (128.3, 115.2), (143.2, 115.2), (165.6, 115.2), (180.5, 124.5), (180.5, 139.5), (180.5, 160.0), (184.3, 176.8), (199.2, 180.5), (217.9, 180.5), (236.5, 182.4), (244.0, 197.3), (244.0, 212.3), (244.0, 227.2), (249.6, 242.1), (264.5, 244.0), (283.2, 244.0), (300.0, 245.9), (307.5, 260.8), (307.5, 275.7), (307.5, 296.3), (318.7, 307.5), (333.6, 307.5), (354.1, 307.5), (369.1, 313.1), (372.8, 328.0), (372.8, 342.9), (372.8, 357.9), (372.8, 372.8), (372.8, 372.8), (372.8, 372.8), (372.8, 372.8), (372.8, 372.8), (372.8, 372.8), (372.8, 372.8), (372.8, 372.8), (372.8, 372.8), (372.8, 372.8), (372.8, 372.8), (372.8, 372.8), (372.8, 372.8), (372.8, 372.8), (372.8, 372.8), (372.8, 372.8), (372.8, 372.8), (372.8, 372.8), (372.8, 372.8), (372.8, 372.8), (372.8, 372.8), (372.8, 372.8), (372.8, 372.8), (372.8, 372.8), (372.8, 372.8), (372.8, 372.8), (372.8, 372.8), (372.8, 372.8), (372.8, 372.8)]",0,1,8.5
novice,bomberman,2,Bomb,7,0,18.78,0.926,"[(48.0, 48.0), (62.9, 51.7), (77.9, 51.7), (98.4, 51.7), (113.3, 57.3), (115.2, 72.3), (115.2, 89.1), (115.2, 107.7), (128.3, 115.2), (143.2, 115.2), (161.9, 115.2), (161.9, 115.2), (161.9, 115.2), (161.9, 115.2), (161.9, 115.2), (161.9, 115.2), (161.9, 115.2), (161.9, 115.2), (161.9, 115.2), (161.9, 115.2), (161.9, 115.2), (161.9, 115.2), (161.9, 115.2), (161.9, 115.2), (161.9, 115.2), (161.9, 115.2), (161.9, 115.2), (161.9, 115.2), (161.9, 115.2), (161.9, 115.2), (161.9, 115.2), (161.9, 115.2), (161.9, 115.2), (161.9, 115.2), (161.9, 111.5), (161.9, 109.6), (161.9, 109.6), (161.9, 109.6), (161.9, 109.6), (161.9, 109.6), (161.9, 109.6), (161.9, 109.6), (161.9, 109.6), (161.9, 109.6), (161.9, 109.6), (161.9, 109.6), (161.9, 109.6), (161.9, 109.6), (161.9, 109.6), (161.9, 109.6), (161.9, 109.6), (161.9, 109.6), (161.9, 109.6), (161.9, 109.6), (161.9, 109.6), (161.9, 109.6), (161.9, 109.6), (173.1, 117.1), (180.5, 132.0), (180.5, 146.9), (180.5, 169.3), (191.7, 180.5), (206.7, 180.5), (221.6, 180.5), (236.5, 182.4), (244.0, 197.3), (244.0, 212.3), (244.0, 227.2), (249.6, 242.1), (264.5, 238.4), (283.2, 236.5), (300.0, 244.0), (307.5, 258.9), (307.5, 273.9), (307.5, 294.4), (316.8, 307.5), (331.7, 307.5), (352.3, 307.5), (367.2, 311.2), (372.8, 326.1), (372.8, 341.1), (372.8, 356.0), (372.8, 370.9), (372.8, 372.8), (372.8, 372.8), (372.8, 372.8), (372.8, 372.8), (372.8, 372.8), (372.8, 372.8), (372.8, 372.8), (372.8, 372.8), (372.8, 372.8), (372.8, 372.8), (372.8, 372.8), (372.8, 372.8), (372.8, 372.8), (372.8, 372.8), (372.8, 372.8), (372.8, 372.8), (372.8, 372.8), (372.8, 372.8), (372.8, 372.8), (372.8, 372.8), (372.8, 372.8), (372.8, 372.8), (372.8, 372.8), (372.8, 372.8), (372.8, 372.8), (372.8, 372.8), (372.8, 372.8), (372.8, 372.8), (372.8, 372.8), (372.8, 372.8), (372.8, 372.8), (372.8, 372.8), (372.8, 372.8), (372.8, 372.8), (372.8, 372.8), (372.8, 372.8), (372.8, 372.8), (372.8, 372.8)]",0,1,16.0
novice,bomberman,2,Bomb,37,0,18.78,0.926,"[(48.0, 48.0), (62.9, 51.7), (77.9, 51.7), (98.4, 51.7), (113.3, 57.3), (115.2, 64.8), (115.2, 68.5), (115.2, 64.8), (115.2, 64.8), (115.2, 68.5), (115.2, 64.8), (115.2, 64.8), (115.2, 68.5), (115.2, 64.8), (115.2, 64.8), (115.2, 68.5), (115.2, 64.8), (115.2, 64.8), (115.2, 68.5), (115.2, 64.8), (115.2, 64.8), (115.2, 68.5), (115.2, 64.8), (115.2, 64.8), (115.2, 68.5), (115.2, 64.8), (115.2, 64.8), (115.2, 79.7), (115.2, 100.3), (120.8, 115.2), (135.7, 115.2), (150.7, 115.2), (165.6, 115.2), (180.5, 124.5), (180.5, 130.1), (180.5, 130.1), (180.5, 126.4), (180.5, 130.1), (180.5, 130.1), (180.5, 126.4), (180.5, 130.1), (180.5, 130.1), (180.5, 126.4), (180.5, 130.1), (180.5, 130.1), (180.5, 126.4), (180.5, 130.1), (180.5, 130.1), (180.5, 126.4), (180.5, 130.1), (180.5, 130.1), (180.5, 126.4), (180.5, 130.1), (180.5, 130.1), (180.5, 126.4), (180.5, 130.1), (180.5, 130.1), (180.5, 137.6), (180.5, 156.3), (182.4, 174.9), (197.3, 180.5), (214.1, 173.1), (234.7, 180.5), (244.0, 195.5), (244.0, 210.4), (244.0, 225.3), (247.7, 240.3), (262.7, 240.3), (279.5, 236.5), (298.1, 242.1), (307.5, 257.1), (307.5, 272.0), (307.5, 292.5), (314.9, 307.5), (329.9, 307.5), (350.4, 307.5), (365.3, 309.3), (372.8, 324.3), (372.8, 339.2), (372.8, 354.1), (372.8, 369.1), (372.8, 372.8), (372.8, 372.8), (372.8, 372.8), (372.8, 372.8), (372.8, 372.8), (372.8, 372.8), (372.8, 372.8), (372.8, 372.8), (372.8, 372.8), (372.8, 372.8), (372.8, 372.8), (372.8, 372.8), (372.8, 372.8), (372.8, 372.8), (372.8, 372.8), (372.8, 372.8), (372.8, 372.8), (372.8, 372.8), (372.8, 372.8), (372.8, 372.8), (372.8, 372.8), (372.8, 372.8), (372.8, 372.8), (372.8, 372.8), (372.8, 372.8), (372.8, 372.8), (372.8, 372.8), (372.8, 372.8), (372.8, 372.8), (372.8, 372.8), (372.8, 372.8), (372.8, 372.8), (372.8, 372.8), (372.8, 372.8), (372.8, 372.8), (372.8, 372.8), (372.8, 372.8), (372.8, 372.8), (372.8, 372.8), (372.8, 372.8)]",0,1,16.0
novice,bomberman,2,Bomb,8,0,21.61,0.667,"[(48.0, 48.0), (62.9, 51.7), (77.9, 51.7), (98.4, 51.7), (113.3, 57.3), (115.2, 72.3), (115.2, 89.1), (115.2, 107.7), (128.3, 115.2), (143.2, 115.2), (165.6, 111.5), (180.5, 100.3), (180.5, 100.3), (180.5, 98.4), (180.5, 98.4), (180.5, 96.5), (180.5, 96.5), (180.5, 94.7), (180.5, 94.7), (180.5, 92.8), (180.5, 98.4), (180.5, 90.9), (180.5, 100.3), (180.5, 94.7), (180.5, 102.1), (180.5, 98.4), (180.5, 100.3), (180.5, 107.7), (193.6, 115.2), (208.5, 115.2), (230.9, 115.2), (244.0, 126.4), (244.0, 130.1), (244.0, 126.4), (244.0, 130.1), (244.0, 130.1), (244.0, 126.4), (244.0, 130.1), (244.0, 130.1), (244.0, 126.4), (244.0, 130.1), (244.0, 130.1), (244.0, 126.4), (244.0, 130.1), (244.0, 130.1), (244.0, 126.4), (244.0, 130.1), (244.0, 130.1), (244.0, 126.4), (244.0, 130.1), (244.0, 130.1), (244.0, 126.4), (244.0, 130.1), (244.0, 130.1), (244.0, 126.4), (244.0, 130.1), (244.0, 130.1), (244.0, 137.6), (244.0, 156.3), (245.9, 174.9), (260.8, 180.5), (275.7, 180.5), (296.3, 180.5), (307.5, 193.6), (307.5, 208.5), (307.5, 230.9), (316.8, 244.0), (331.7, 244.0), (352.3, 244.0), (367.2, 247.7), (372.8, 262.7), (372.8, 277.6), (372.8, 298.1), (385.9, 307.5), (400.8, 307.5), (415.7, 307.5), (430.7, 307.5), (436.3, 307.5), (436.3, 307.5), (436.3, 307.5), (436.3, 307.5), (436.3, 307.5), (436.3, 307.5), (436.3, 307.5), (436.3, 307.5), (436.3, 307.5), (436.3, 307.5), (436.3, 307.5), (436.3, 307.5), (436.3, 307.5), (436.3, 307.5), (436.3, 307.5), (436.3, 307.5), (436.3, 307.5), (436.3, 307.5), (436.3, 307.5), (436.3, 307.5), (436.3, 307.5), (436.3, 307.5), (436.3, 307.5), (436.3, 307.5), (436.3, 307.5), (436.3, 307.5), (436.3, 307.5), (436.3, 307.5), (436.3, 307.5), (436.3, 307.5), (436.3, 307.5), (436.3, 307.5), (436.3, 307.5), (436.3, 307.5), (436.3, 307.5), (436.3, 307.5), (436.3, 307.5), (436.3, 307.5), (436.3, 307.5), (436.3, 307.5), (436.3, 307.5), (436.3, 307.5), (436.3, 307.5), (436.3, 307.5), (436.3, 307.5), (436.3, 307.5), (436.3, 307.5)]",0,0,16.5
novice,bomberman,2,Bomb,7,0,24.32,0.926,"[(48.0, 48.0), (62.9, 51.7), (77.9, 51.7), (98.4, 51.7), (113.3, 57.3), (115.2, 72.3), (115.2, 89.1), (115.2, 107.7), (128.3, 115.2), (143.2, 115.2), (165.6, 115.2), (180.5, 124.5), (180.5, 128.3), (180.5, 128.3), (180.5, 128.3), (180.5, 128.3), (180.5, 128.3), (180.5, 128.3), (180.5, 128.3), (180.5, 128.3), (180.5, 128.3), (180.5, 128.3), (180.5, 128.3), (180.5, 128.3), (180.5, 128.3), (180.5, 128.3), (180.5, 128.3), (180.5, 139.5), (180.5, 154.4), (180.5, 169.3), (191.7, 180.5), (206.7, 173.1), (229.1, 174.9), (244.0, 189.9), (244.0, 204.8), (244.0, 219.7), (244.0, 234.7), (257.1, 244.0), (272.0, 236.5), (292.5, 236.5), (307.5, 251.5), (307.5, 266.4), (307.5, 285.1), (309.3, 301.9), (324.3, 307.5), (339.2, 307.5), (359.7, 307.5), (372.8, 318.7), (372.8, 333.6), (372.8, 348.5), (372.8, 363.5), (372.8, 372.8), (372.8, 372.8), (372.8, 372.8), (372.8, 372.8), (372.8, 372.8), (372.8, 372.8), (372.8, 372.8), (372.8, 372.8), (372.8, 372.8), (372.8, 372.8), (372.8, 372.8), (372.8, 372.8), (372.8, 372.8), (372.8, 372.8), (372.8, 372.8), (372.8, 372.8), (372.8, 372.8), (372.8, 372.8), (372.8, 372.8), (372.8, 372.8), (372.8, 372.8), (372.8, 372.8), (372.8, 372.8), (372.8, 372.8), (372.8, 372.8), (372.8, 372.8), (372.8, 372.8), (372.8, 372.8), (372.8, 372.8), (372.8, 372.8), (372.8, 372.8), (372.8, 372.8), (372.8, 372.8), (372.8, 372.8), (372.8, 372.8), (372.8, 372.8), (372.8, 372.8), (372.8, 372.8), (372.8, 372.8), (372.8, 372.8)]",0,1,12.05
novice,bomberman,2,Bomb,7,0,18.78,0.926,"[(48.0, 48.0), (62.9, 51.7), (77.9, 51.7), (98.4, 51.7), (113.3, 57.3), (115.2, 72.3), (115.2, 89.1), (115.2, 107.7), (128.3, 115.2), (143.2, 115.2), (161.9, 115.2), (161.9, 115.2), (161.9, 115.2), (161.9, 115.2), (161.9, 115.2), (161.9, 115.2), (161.9, 115.2), (161.9, 115.2), (161.9, 115.2), (161.9, 115.2), (161.9, 115.2), (161.9, 115.2), (161.9, 115.2), (161.9, 115.2), (161.9, 115.2), (161.9, 115.2), (161.9, 115.2), (161.9, 115.2), (161.9, 115.2), (161.9, 115.2), (161.9, 115.2), (161.9, 115.2), (161.9, 115.2), (161.9, 115.2), (161.9, 115.2), (161.9, 115.2), (161.9, 115.2), (161.9, 115.2), (161.9, 115.2), (161.9, 115.2), (161.9, 115.2), (161.9, 115.2), (161.9, 115.2), (161.9, 115.2), (161.9, 115.2), (161.9, 115.2), (161.9, 115.2), (161.9, 115.2), (161.9, 115.2), (161.9, 115.2), (161.9, 115.2), (161.9, 115.2), (161.9, 115.2), (161.9, 115.2), (161.9, 115.2), (161.9, 115.2), (161.9, 115.2), (173.1, 117.1), (180.5, 132.0), (180.5, 146.9), (180.5, 169.3), (191.7, 180.5), (206.7, 180.5), (221.6, 180.5), (236.5, 182.4), (244.0, 197.3), (244.0, 212.3), (244.0, 234.7), (257.1, 244.0), (272.0, 236.5), (292.5, 240.3), (307.5, 253.3), (307.5, 268.3), (307.5, 288.8), (311.2, 303.7), (326.1, 307.5), (342.9, 307.5), (361.6, 307.5), (372.8, 320.5), (372.8, 335.5), (372.8, 350.4), (372.8, 365.3), (372.8, 372.8), (372.8, 372.8), (372.8, 372.8), (372.8, 372.8), (372.8, 372.8), (372.8, 372.8), (372.8, 372.8), (372.8, 372.8), (372.8, 372.8), (372.8, 372.8), (372.8, 372.8), (372.8, 372.8), (372.8, 372.8), (372.8, 372.8), (372.8, 372.8), (372.8, 372.8), (372.8, 372.8), (372.8, 372.8), (372.8, 372.8), (372.8, 372.8), (372.8, 372.8), (372.8, 372.8), (372.8, 372.8), (372.8, 372.8), (372.8, 372.8), (372.8, 372.8), (372.8, 372.8), (372.8, 372.8), (372.8, 372.8), (372.8, 372.8), (372.8, 372.8), (372.8, 372.8), (372.8, 372.8), (372.8, 372.8), (372.8, 372.8), (372.8, 372.8), (372.8, 372.8), (372.8, 372.8), (372.8, 372.8)]",0,1,16.0
novice,bomberman,2,Bomb,4,0,25.67,0.926,"[(48.0, 48.0), (62.9, 51.7), (77.9, 51.7), (98.4, 51.7), (113.3, 57.3), (115.2, 72.3), (115.2, 89.1), (115.2, 107.7), (128.3, 115.2), (143.2, 115.2), (158.1, 115.2), (173.1, 117.1), (180.5, 132.0), (180.5, 132.0), (180.5, 132.0), (180.5, 132.0), (180.5, 132.0), (180.5, 132.0), (180.5, 132.0), (180.5, 132.0), (180.5, 132.0), (180.5, 132.0), (180.5, 132.0), (180.5, 132.0), (180.5, 132.0), (180.5, 132.0), (180.5, 132.0), (180.5, 132.0), (180.5, 132.0), (180.5, 132.0), (180.5, 132.0), (180.5, 141.3), (180.5, 163.7), (186.1, 178.7), (201.1, 180.5), (216.0, 180.5), (230.9, 180.5), (244.0, 191.7), (244.0, 206.7), (244.0, 221.6), (244.0, 236.5), (258.9, 242.1), (273.9, 236.5), (294.4, 240.3), (307.5, 255.2), (307.5, 270.1), (307.5, 290.7), (313.1, 305.6), (328.0, 307.5), (346.7, 307.5), (363.5, 307.5), (372.8, 322.4), (372.8, 337.3), (372.8, 352.3), (372.8, 367.2), (372.8, 372.8), (372.8, 372.8), (372.8, 372.8), (372.8, 372.8), (372.8, 372.8), (372.8, 372.8), (372.8, 372.8), (372.8, 372.8), (372.8, 372.8), (372.8, 372.8), (372.8, 372.8), (372.8, 372.8), (372.8, 372.8), (372.8, 372.8), (372.8, 372.8), (372.8, 372.8), (372.8, 372.8), (372.8, 372.8), (372.8, 372.8), (372.8, 372.8), (372.8, 372.8), (372.8, 372.8), (372.8, 372.8), (372.8, 372.8), (372.8, 372.8), (372.8, 372.8), (372.8, 372.8), (372.8, 372.8), (372.8, 372.8), (372.8, 372.8), (372.8, 372.8), (372.8, 372.8), (372.8, 372.8), (372.8, 372.8), (372.8, 372.8), (372.8, 372.8)]",0,1,12.0
novice,bomberman,2,Stuck,8,0,21.76,0.741,"[(48.0, 48.0), (62.9, 51.7), (77.9, 51.7), (98.4, 51.7), (113.3, 57.3), (115.2, 72.3), (115.2, 89.1), (115.2, 107.7), (128.3, 115.2), (143.2, 115.2), (165.6, 115.2), (180.5, 124.5), (180.5, 139.5), (180.5, 154.4), (180.5, 169.3), (191.7, 180.5), (206.7, 180.5), (229.1, 180.5), (244.0, 189.9), (244.0, 204.8), (244.0, 219.7), (244.0, 234.7), (257.1, 244.0), (272.0, 244.0), (292.5, 244.0), (307.5, 253.3), (307.5, 268.3), (307.5, 288.8), (311.2, 303.7), (326.1, 307.5), (342.9, 307.5), (361.6, 307.5), (372.8, 320.5), (372.8, 335.5), (372.8, 350.4), (372.8, 365.3), (372.8, 372.8), (372.8, 372.8), (372.8, 372.8), (372.8, 372.8), (372.8, 372.8), (372.8, 372.8), (372.8, 372.8), (372.8, 372.8), (372.8, 372.8), (372.8, 372.8), (372.8, 372.8), (372.8, 372.8), (372.8, 372.8), (372.8, 372.8), (372.8, 372.8), (372.8, 372.8), (372.8, 372.8), (372.8, 372.8), (372.8, 372.8), (372.8, 372.8), (372.8, 372.8), (372.8, 372.8), (372.8, 372.8), (372.8, 372.8), (372.8, 372.8), (372.8, 372.8), (372.8, 372.8), (372.8, 372.8), (372.8, 372.8), (372.8, 372.8), (372.8, 372.8), (372.8, 372.8), (372.8, 372.8), (372.8, 372.8), (372.8, 372.8), (372.8, 372.8), (372.8, 372.8), (372.8, 372.8), (372.8, 372.8), (372.8, 372.8), (372.8, 372.8), (372.8, 372.8), (372.8, 372.8), (372.8, 372.8), (372.8, 372.8), (372.8, 372.8), (372.8, 372.8), (372.8, 372.8), (372.8, 372.8), (372.8, 372.8), (372.8, 372.8), (372.8, 372.8), (372.8, 372.8), (372.8, 372.8), (372.8, 372.8), (372.8, 372.8), (372.8, 372.8), (372.8, 372.8), (372.8, 372.8), (372.8, 372.8), (372.8, 372.8), (372.8, 372.8), (372.8, 372.8), (372.8, 372.8), (372.8, 372.8), (372.8, 372.8)]",0,0,13.47
novice,bomberman,2,Bomb,33,0,24.42,0.926,"[(48.0, 48.0), (62.9, 51.7), (77.9, 51.7), (98.4, 51.7), (113.3, 57.3), (115.2, 72.3), (115.2, 89.1), (115.2, 107.7), (128.3, 115.2), (143.2, 115.2), (165.6, 115.2), (180.5, 124.5), (180.5, 132.0), (180.5, 128.3), (180.5, 128.3), (180.5, 132.0), (180.5, 128.3), (180.5, 128.3), (180.5, 132.0), (180.5, 128.3), (180.5, 128.3), (180.5, 132.0), (180.5, 128.3), (180.5, 128.3), (180.5, 132.0), (180.5, 128.3), (180.5, 128.3), (180.5, 132.0), (180.5, 128.3), (180.5, 128.3), (180.5, 132.0), (180.5, 135.7), (180.5, 152.5), (180.5, 173.1), (195.5, 180.5), (210.4, 180.5), (232.8, 180.5), (244.0, 193.6), (244.0, 208.5), (244.0, 223.5), (245.9, 238.4), (260.8, 244.0), (275.7, 244.0), (296.3, 244.0), (307.5, 257.1), (307.5, 272.0), (307.5, 292.5), (314.9, 307.5), (329.9, 307.5), (350.4, 307.5), (365.3, 309.3), (372.8, 324.3), (372.8, 339.2), (372.8, 354.1), (372.8, 369.1), (372.8, 372.8), (372.8, 372.8), (372.8, 372.8), (372.8, 372.8), (372.8, 372.8), (372.8, 372.8), (372.8, 372.8), (372.8, 372.8), (372.8, 372.8), (372.8, 372.8), (372.8, 372.8), (372.8, 372.8), (372.8, 372.8), (372.8, 372.8), (372.8, 372.8), (372.8, 372.8), (372.8, 372.8), (372.8, 372.8), (372.8, 372.8), (372.8, 372.8), (372.8, 372.8), (372.8, 372.8), (372.8, 372.8), (372.8, 372.8), (372.8, 372.8), (372.8, 372.8), (372.8, 372.8), (372.8, 372.8), (372.8, 372.8), (372.8, 372.8), (372.8, 372.8), (372.8, 372.8), (372.8, 372.8), (372.8, 372.8), (372.8, 372.8), (372.8, 372.8)]",0,1,12.0
novice,bomberman,2,Bomb,33,0,24.42,0.926,"[(48.0, 48.0), (62.9, 51.7), (77.9, 51.7), (98.4, 51.7), (113.3, 57.3), (115.2, 72.3), (115.2, 89.1), (115.2, 107.7), (128.3, 115.2), (143.2, 115.2), (165.6, 115.2), (180.5, 124.5), (180.5, 132.0), (180.5, 128.3), (180.5, 128.3), (180.5, 132.0), (180.5, 128.3), (180.5, 128.3), (180.5, 132.0), (180.5, 128.3), (180.5, 128.3), (180.5, 132.0), (180.5, 128.3), (180.5, 128.3), (180.5, 132.0), (180.5, 128.3), (180.5, 128.3), (180.5, 132.0), (180.5, 128.3), (180.5, 128.3), (180.5, 132.0), (180.5, 135.7), (180.5, 152.5), (180.5, 173.1), (195.5, 180.5), (210.4, 180.5), (232.8, 180.5), (244.0, 193.6), (244.0, 208.5), (244.0, 223.5), (245.9, 238.4), (260.8, 244.0), (275.7, 244.0), (296.3, 244.0), (307.5, 257.1), (307.5, 272.0), (307.5, 292.5), (314.9, 307.5), (329.9, 307.5), (350.4, 307.5), (365.3, 309.3), (372.8, 324.3), (372.8, 339.2), (372.8, 354.1), (372.8, 369.1), (372.8, 372.8), (372.8, 372.8), (372.8, 372.8), (372.8, 372.8), (372.8, 372.8), (372.8, 372.8), (372.8, 372.8), (372.8, 372.8), (372.8, 372.8), (372.8, 372.8), (372.8, 372.8), (372.8, 372.8), (372.8, 372.8), (372.8, 372.8), (372.8, 372.8), (372.8, 372.8), (372.8, 372.8), (372.8, 372.8), (372.8, 372.8), (372.8, 372.8), (372.8, 372.8), (372.8, 372.8), (372.8, 372.8), (372.8, 372.8), (372.8, 372.8), (372.8, 372.8), (372.8, 372.8), (372.8, 372.8), (372.8, 372.8), (372.8, 372.8), (372.8, 372.8), (372.8, 372.8), (372.8, 372.8), (372.8, 372.8), (372.8, 372.8), (372.8, 372.8)]",0,1,12.0
novice,bomberman,2,Bomb,4,0,25.67,0.926,"[(48.0, 48.0), (62.9, 51.7), (77.9, 51.7), (98.4, 51.7), (113.3, 57.3), (115.2, 72.3), (115.2, 89.1), (115.2, 107.7), (128.3, 115.2), (143.2, 115.2), (158.1, 115.2), (173.1, 117.1), (180.5, 132.0), (180.5, 132.0), (180.5, 132.0), (180.5, 132.0), (180.5, 132.0), (180.5, 132.0), (180.5, 132.0), (180.5, 132.0), (180.5, 132.0), (180.5, 132.0), (180.5, 132.0), (180.5, 132.0), (180.5, 132.0), (180.5, 132.0), (180.5, 132.0), (180.5, 132.0), (180.5, 132.0), (180.5, 132.0), (180.5, 132.0), (180.5, 141.3), (180.5, 163.7), (186.1, 178.7), (201.1, 180.5), (216.0, 180.5), (230.9, 180.5), (244.0, 191.7), (244.0, 206.7), (244.0, 221.6), (244.0, 236.5), (258.9, 242.1), (273.9, 236.5), (294.4, 240.3), (307.5, 255.2), (307.5, 270.1), (307.5, 290.7), (313.1, 305.6), (328.0, 307.5), (346.7, 307.5), (363.5, 307.5), (372.8, 322.4), (372.8, 337.3), (372.8, 352.3), (372.8, 367.2), (372.8, 372.8), (372.8, 372.8), (372.8, 372.8), (372.8, 372.8), (372.8, 372.8), (372.8, 372.8), (372.8, 372.8), (372.8, 372.8), (372.8, 372.8), (372.8, 372.8), (372.8, 372.8), (372.8, 372.8), (372.8, 372.8), (372.8, 372.8), (372.8, 372.8), (372.8, 372.8), (372.8, 372.8), (372.8, 372.8), (372.8, 372.8), (372.8, 372.8), (372.8, 372.8), (372.8, 372.8), (372.8, 372.8), (372.8, 372.8), (372.8, 372.8), (372.8, 372.8), (372.8, 372.8), (372.8, 372.8), (372.8, 372.8), (372.8, 372.8), (372.8, 372.8), (372.8, 372.8), (372.8, 372.8), (372.8, 372.8), (372.8, 372.8), (372.8, 372.8)]",0,1,12.0
novice,bomberman,2,Bomb,7,0,18.78,0.926,"[(48.0, 48.0), (62.9, 51.7), (77.9, 51.7), (98.4, 51.7), (113.3, 57.3), (115.2, 72.3), (115.2, 89.1), (115.2, 107.7), (128.3, 115.2), (143.2, 115.2), (161.9, 115.2), (161.9, 115.2), (161.9, 115.2), (161.9, 115.2), (161.9, 115.2), (161.9, 115.2), (161.9, 115.2), (161.9, 115.2), (161.9, 115.2), (161.9, 115.2), (161.9, 115.2), (161.9, 115.2), (161.9, 115.2), (161.9, 115.2), (161.9, 115.2), (161.9, 115.2), (161.9, 115.2), (161.9, 115.2), (161.9, 115.2), (161.9, 115.2), (161.9, 115.2), (161.9, 115.2), (161.9, 115.2), (161.9, 115.2), (161.9, 115.2), (161.9, 115.2), (161.9, 115.2), (161.9, 115.2), (161.9, 115.2), (161.9, 115.2), (161.9, 115.2), (161.9, 115.2), (161.9, 115.2), (161.9, 115.2), (161.9, 115.2), (161.9, 115.2), (161.9, 115.2), (161.9, 115.2), (161.9, 115.2), (161.9, 115.2), (161.9, 115.2), (161.9, 115.2), (161.9, 115.2), (161.9, 115.2), (161.9, 115.2), (161.9, 115.2), (161.9, 115.2), (173.1, 117.1), (180.5, 132.0), (180.5, 146.9), (180.5, 169.3), (191.7, 180.5), (206.7, 180.5), (221.6, 180.5), (236.5, 182.4), (244.0, 197.3), (244.0, 212.3), (244.0, 234.7), (257.1, 244.0), (272.0, 236.5), (292.5, 240.3), (307.5, 253.3), (307.5, 268.3), (307.5, 288.8), (311.2, 303.7), (326.1, 307.5), (342.9, 307.5), (361.6, 307.5), (372.8, 320.5), (372.8, 335.5), (372.8, 350.4), (372.8, 365.3), (372.8, 372.8), (372.8, 372.8), (372.8, 372.8), (372.8, 372.8), (372.8, 372.8), (372.8, 372.8), (372.8, 372.8), (372.8, 372.8), (372.8, 372.8), (372.8, 372.8), (372.8, 372.8), (372.8, 372.8), (372.8, 372.8), (372.8, 372.8), (372.8, 372.8), (372.8, 372.8), (372.8, 372.8), (372.8, 372.8), (372.8, 372.8), (372.8, 372.8), (372.8, 372.8), (372.8, 372.8), (372.8, 372.8), (372.8, 372.8), (372.8, 372.8), (372.8, 372.8), (372.8, 372.8), (372.8, 372.8), (372.8, 372.8), (372.8, 372.8), (372.8, 372.8), (372.8, 372.8), (372.8, 372.8), (372.8, 372.8), (372.8, 372.8), (372.8, 372.8), (372.8, 372.8), (372.8, 372.8), (372.8, 372.8)]",0,1,16.0
novice,bomberman,2,Bomb,7,0,24.32,0.926,"[(48.0, 48.0), (62.9, 51.7), (77.9, 51.7), (98.4, 51.7), (113.3, 57.3), (115.2, 72.3), (115.2, 89.1), (115.2, 107.7), (128.3, 115.2), (143.2, 115.2), (165.6, 115.2), (180.5, 124.5), (180.5, 128.3), (180.5, 128.3), (180.5, 128.3), (180.5, 128.3), (180.5, 128.3), (180.5, 128.3), (180.5, 128.3), (180.5, 128.3), (180.5, 128.3), (180.5, 128.3), (180.5, 128.3), (180.5, 128.3), (180.5, 128.3), (180.5, 128.3), (180.5, 128.3), (180.5, 139.5), (180.5, 154.4), (180.5, 169.3), (191.7, 180.5), (206.7, 173.1), (229.1, 174.9), (244.0, 189.9), (244.0, 204.8), (244.0, 219.7), (244.0, 234.7), (257.1, 244.0), (272.0, 236.5), (292.5, 236.5), (307.5, 251.5), (307.5, 266.4), (307.5, 285.1), (309.3, 301.9), (324.3, 307.5), (339.2, 307.5), (359.7, 307.5), (372.8, 318.7), (372.8, 333.6), (372.8, 348.5), (372.8, 363.5), (372.8, 372.8), (372.8, 372.8), (372.8, 372.8), (372.8, 372.8), (372.8, 372.8), (372.8, 372.8), (372.8, 372.8), (372.8, 372.8), (372.8, 372.8), (372.8, 372.8), (372.8, 372.8), (372.8, 372.8), (372.8, 372.8), (372.8, 372.8), (372.8, 372.8), (372.8, 372.8), (372.8, 372.8), (372.8, 372.8), (372.8, 372.8), (372.8, 372.8), (372.8, 372.8), (372.8, 372.8), (372.8, 372.8), (372.8, 372.8), (372.8, 372.8), (372.8, 372.8), (372.8, 372.8), (372.8, 372.8), (372.8, 372.8), (372.8, 372.8), (372.8, 372.8), (372.8, 372.8), (372.8, 372.8), (372.8, 372.8), (372.8, 372.8), (372.8, 372.8), (372.8, 372.8), (372.8, 372.8), (372.8, 372.8), (372.8, 372.8)]",0,1,12.05
novice,bomberman,2,Bomb,7,0,24.32,0.926,"[(48.0, 48.0), (62.9, 51.7), (77.9, 51.7), (98.4, 51.7), (113.3, 57.3), (115.2, 72.3), (115.2, 89.1), (115.2, 107.7), (128.3, 115.2), (143.2, 115.2), (165.6, 115.2), (180.5, 124.5), (180.5, 128.3), (180.5, 128.3), (180.5, 128.3), (180.5, 128.3), (180.5, 128.3), (180.5, 128.3), (180.5, 128.3), (180.5, 128.3), (180.5, 128.3), (180.5, 128.3), (180.5, 128.3), (180.5, 128.3), (180.5, 128.3), (180.5, 128.3), (180.5, 128.3), (180.5, 139.5), (180.5, 154.4), (180.5, 169.3), (191.7, 180.5), (206.7, 173.1), (229.1, 174.9), (244.0, 189.9), (244.0, 204.8), (244.0, 219.7), (244.0, 234.7), (257.1, 244.0), (272.0, 236.5), (292.5, 236.5), (307.5, 251.5), (307.5, 266.4), (307.5, 285.1), (309.3, 301.9), (324.3, 307.5), (339.2, 307.5), (359.7, 307.5), (372.8, 318.7), (372.8, 333.6), (372.8, 348.5), (372.8, 363.5), (372.8, 372.8), (372.8, 372.8), (372.8, 372.8), (372.8, 372.8), (372.8, 372.8), (372.8, 372.8), (372.8, 372.8), (372.8, 372.8), (372.8, 372.8), (372.8, 372.8), (372.8, 372.8), (372.8, 372.8), (372.8, 372.8), (372.8, 372.8), (372.8, 372.8), (372.8, 372.8), (372.8, 372.8), (372.8, 372.8), (372.8, 372.8), (372.8, 372.8), (372.8, 372.8), (372.8, 372.8), (372.8, 372.8), (372.8, 372.8), (372.8, 372.8), (372.8, 372.8), (372.8, 372.8), (372.8, 372.8), (372.8, 372.8), (372.8, 372.8), (372.8, 372.8), (372.8, 372.8), (372.8, 372.8), (372.8, 372.8), (372.8, 372.8), (372.8, 372.8), (372.8, 372.8), (372.8, 372.8), (372.8, 372.8), (372.8, 372.8)]",0,1,12.05
novice,bomberman,2,Bomb,7,0,34.95,0.926,"[(48.0, 48.0), (62.9, 51.7), (77.9, 51.7), (98.4, 51.7), (113.3, 57.3), (115.2, 72.3), (115.2, 89.1), (115.2, 107.7), (128.3, 115.2), (143.2, 115.2), (165.6, 115.2), (180.5, 124.5), (180.5, 139.5), (180.5, 160.0), (184.3, 176.8), (199.2, 180.5), (214.1, 180.5), (229.1, 180.5), (244.0, 189.9), (244.0, 204.8), (244.0, 219.7), (244.0, 234.7), (257.1, 244.0), (272.0, 236.5), (292.5, 236.5), (307.5, 251.5), (307.5, 266.4), (307.5, 285.1), (309.3, 301.9), (324.3, 307.5), (339.2, 307.5), (359.7, 307.5), (372.8, 318.7), (372.8, 333.6), (372.8, 348.5), (372.8, 363.5), (372.8, 372.8), (372.8, 372.8), (372.8, 372.8), (372.8, 372.8), (372.8, 372.8), (372.8, 372.8), (372.8, 372.8), (372.8, 372.8), (372.8, 372.8), (372.8, 372.8), (372.8, 372.8), (372.8, 372.8), (372.8, 372.8), (372.8, 372.8), (372.8, 372.8), (372.8, 372.8), (372.8, 372.8), (372.8, 372.8), (372.8, 372.8), (372.8, 372.8), (372.8, 372.8), (372.8, 372.8), (372.8, 372.8), (372.8, 372.8), (372.8, 372.8), (372.8, 372.8), (372.8, 372.8), (372.8, 372.8), (372.8, 372.8)]",0,1,8.6
novice,bomberman,2,Bomb,7,0,18.78,0.926,"[(48.0, 48.0), (62.9, 51.7), (77.9, 51.7), (98.4, 51.7), (113.3, 57.3), (115.2, 72.3), (115.2, 89.1), (115.2, 107.7), (128.3, 115.2), (143.2, 115.2), (161.9, 115.2), (161.9, 115.2), (161.9, 115.2), (161.9, 115.2), (161.9, 115.2), (161.9, 115.2), (161.9, 115.2), (161.9, 115.2), (161.9, 115.2), (161.9, 115.2), (161.9, 115.2), (161.9, 115.2), (161.9, 115.2), (161.9, 115.2), (161.9, 115.2), (161.9, 115.2), (161.9, 115.2), (161.9, 115.2), (161.9, 115.2), (161.9, 115.2), (161.9, 115.2), (161.9, 115.2), (161.9, 115.2), (161.9, 115.2), (161.9, 115.2), (161.9, 115.2), (161.9, 115.2), (161.9, 115.2), (161.9, 115.2), (161.9, 115.2), (161.9, 115.2), (161.9, 115.2), (161.9, 115.2), (161.9, 115.2), (161.9, 115.2), (161.9, 115.2), (161.9, 115.2), (161.9, 115.2), (161.9, 115.2), (161.9, 115.2), (161.9, 115.2), (161.9, 115.2), (161.9, 115.2), (161.9, 115.2), (161.9, 115.2), (161.9, 115.2), (161.9, 115.2), (173.1, 117.1), (180.5, 132.0), (180.5, 146.9), (180.5, 169.3), (191.7, 180.5), (206.7, 180.5), (221.6, 180.5), (236.5, 182.4), (244.0, 197.3), (244.0, 212.3), (244.0, 227.2), (249.6, 242.1), (264.5, 238.4), (283.2, 236.5), (300.0, 244.0), (307.5, 258.9), (307.5, 273.9), (307.5, 294.4), (316.8, 307.5), (331.7, 307.5), (352.3, 307.5), (367.2, 311.2), (372.8, 326.1), (372.8, 341.1), (372.8, 356.0), (372.8, 370.9), (372.8, 372.8), (372.8, 372.8), (372.8, 372.8), (372.8, 372.8), (372.8, 372.8), (372.8, 372.8), (372.8, 372.8), (372.8, 372.8), (372.8, 372.8), (372.8, 372.8), (372.8, 372.8), (372.8, 372.8), (372.8, 372.8), (372.8, 372.8), (372.8, 372.8), (372.8, 372.8), (372.8, 372.8), (372.8, 372.8), (372.8, 372.8), (372.8, 372.8), (372.8, 372.8), (372.8, 372.8), (372.8, 372.8), (372.8, 372.8), (372.8, 372.8), (372.8, 372.8), (372.8, 372.8), (372.8, 372.8), (372.8, 372.8), (372.8, 372.8), (372.8, 372.8), (372.8, 372.8), (372.8, 372.8), (372.8, 372.8), (372.8, 372.8), (372.8, 372.8), (372.8, 372.8), (372.8, 372.8)]",0,1,16.0
novice,bomberman,2,Stuck,6,0,30.47,0.741,"[(48.0, 48.0), (62.9, 51.7), (77.9, 51.7), (98.4, 51.7), (113.3, 57.3), (115.2, 72.3), (115.2, 89.1), (115.2, 107.7), (128.3, 115.2), (143.2, 115.2), (165.6, 115.2), (180.5, 124.5), (180.5, 139.5), (180.5, 160.0), (184.3, 176.8), (199.2, 180.5), (217.9, 180.5), (236.5, 182.4), (244.0, 197.3), (244.0, 212.3), (244.0, 227.2), (249.6, 242.1), (264.5, 244.0), (283.2, 244.0), (300.0, 245.9), (307.5, 260.8), (307.5, 275.7), (307.5, 296.3), (318.7, 307.5), (333.6, 307.5), (354.1, 307.5), (369.1, 313.1), (372.8, 328.0), (372.8, 342.9), (372.8, 357.9), (372.8, 372.8), (372.8, 372.8), (372.8, 372.8), (372.8, 372.8), (372.8, 372.8), (372.8, 372.8), (372.8, 372.8), (372.8, 372.8), (372.8, 372.8), (372.8, 372.8), (372.8, 372.8), (372.8, 372.8), (372.8, 372.8), (372.8, 372.8), (372.8, 372.8), (372.8, 372.8), (372.8, 372.8), (372.8, 372.8), (372.8, 372.8), (372.8, 372.8), (372.8, 372.8), (372.8, 372.8), (372.8, 372.8), (372.8, 372.8), (372.8, 372.8), (372.8, 372.8), (372.8, 372.8), (372.8, 372.8), (372.8, 372.8), (372.8, 372.8), (372.8, 372.8), (372.8, 372.8), (372.8, 372.8), (372.8, 372.8), (372.8, 372.8), (372.8, 372.8), (372.8, 372.8), (372.8, 372.8)]",0,0,9.62
novice,bomberman,2,Bomb,67,0,7.65,0.185,"[(48.0, 48.0), (62.9, 51.7), (77.9, 51.7), (98.4, 51.7), (113.3, 57.3), (115.2, 72.3), (115.2, 89.1), (115.2, 107.7), (115.2, 122.7), (115.2, 126.4), (115.2, 130.1), (115.2, 130.1), (115.2, 126.4), (115.2, 130.1), (115.2, 130.1), (115.2, 126.4), (115.2, 130.1), (115.2, 130.1), (115.2, 126.4), (115.2, 130.1), (115.2, 130.1), (115.2, 126.4), (115.2, 130.1), (115.2, 130.1), (115.2, 126.4), (115.2, 130.1), (115.2, 130.1), (115.2, 126.4), (115.2, 130.1), (115.2, 130.1), (115.2, 126.4), (115.2, 130.1), (115.2, 130.1), (115.2, 126.4), (115.2, 130.1), (115.2, 130.1), (115.2, 126.4), (115.2, 130.1), (115.2, 130.1), (115.2, 126.4), (115.2, 130.1), (115.2, 130.1), (115.2, 126.4), (115.2, 130.1), (115.2, 130.1), (115.2, 126.4), (115.2, 130.1), (115.2, 130.1), (115.2, 126.4), (115.2, 130.1), (115.2, 130.1), (115.2, 126.4), (115.2, 130.1), (115.2, 130.1), (115.2, 126.4), (115.2, 130.1), (115.2, 130.1), (115.2, 126.4), (115.2, 130.1), (115.2, 130.1), (115.2, 126.4)]",0,0,8.05
novice,bomberman,2,Bomb,29,0,24.42,0.926,"[(48.0, 48.0), (62.9, 51.7), (77.9, 51.7), (98.4, 51.7), (113.3, 57.3), (115.2, 72.3), (115.2, 89.1), (115.2, 107.7), (128.3, 115.2), (143.2, 115.2), (165.6, 115.2), (180.5, 124.5), (180.5, 126.4), (180.5, 126.4), (180.5, 128.3), (180.5, 128.3), (180.5, 130.1), (180.5, 124.5), (180.5, 132.0), (180.5, 122.7), (180.5, 128.3), (180.5, 120.8), (180.5, 124.5), (180.5, 122.7), (180.5, 122.7), (180.5, 124.5), (180.5, 124.5), (180.5, 132.0), (180.5, 128.3), (180.5, 128.3), (180.5, 132.0), (180.5, 135.7), (180.5, 152.5), (180.5, 173.1), (195.5, 180.5), (210.4, 173.1), (232.8, 178.7), (244.0, 193.6), (244.0, 208.5), (244.0, 223.5), (245.9, 238.4), (260.8, 242.1), (275.7, 236.5), (296.3, 240.3), (307.5, 255.2), (307.5, 270.1), (307.5, 290.7), (313.1, 305.6), (328.0, 307.5), (346.7, 307.5), (363.5, 307.5), (372.8, 322.4), (372.8, 337.3), (372.8, 352.3), (372.8, 367.2), (372.8, 372.8), (372.8, 372.8), (372.8, 372.8), (372.8, 372.8), (372.8, 372.8), (372.8, 372.8), (372.8, 372.8), (372.8, 372.8), (372.8, 372.8), (372.8, 372.8), (372.8, 372.8), (372.8, 372.8), (372.8, 372.8), (372.8, 372.8), (372.8, 372.8), (372.8, 372.8), (372.8, 372.8), (372.8, 372.8), (372.8, 372.8), (372.8, 372.8), (372.8, 372.8), (372.8, 372.8), (372.8, 372.8), (372.8, 372.8), (372.8, 372.8), (372.8, 372.8), (372.8, 372.8), (372.8, 372.8), (372.8, 372.8), (372.8, 372.8), (372.8, 372.8), (372.8, 372.8), (372.8, 372.8), (372.8, 372.8), (372.8, 372.8), (372.8, 372.8)]",0,1,12.0
novice,bomberman,2,Bomb,29,0,24.42,0.926,"[(48.0, 48.0), (62.9, 51.7), (77.9, 51.7), (98.4, 51.7), (113.3, 57.3), (115.2, 72.3), (115.2, 89.1), (115.2, 107.7), (128.3, 115.2), (143.2, 115.2), (165.6, 115.2), (180.5, 124.5), (180.5, 126.4), (180.5, 126.4), (180.5, 128.3), (180.5, 128.3), (180.5, 130.1), (180.5, 124.5), (180.5, 132.0), (180.5, 122.7), (180.5, 128.3), (180.5, 120.8), (180.5, 124.5), (180.5, 122.7), (180.5, 122.7), (180.5, 124.5), (180.5, 124.5), (180.5, 132.0), (180.5, 128.3), (180.5, 128.3), (180.5, 132.0), (180.5, 135.7), (180.5, 152.5), (180.5, 173.1), (195.5, 180.5), (210.4, 173.1), (232.8, 178.7), (244.0, 193.6), (244.0, 208.5), (244.0, 223.5), (245.9, 238.4), (260.8, 242.1), (275.7, 236.5), (296.3, 240.3), (307.5, 255.2), (307.5, 270.1), (307.5, 290.7), (313.1, 305.6), (328.0, 307.5), (346.7, 307.5), (363.5, 307.5), (372.8, 322.4), (372.8, 337.3), (372.8, 352.3), (372.8, 367.2), (372.8, 372.8), (372.8, 372.8), (372.8, 372.8), (372.8, 372.8), (372.8, 372.8), (372.8, 372.8), (372.8, 372.8), (372.8, 372.8), (372.8, 372.8), (372.8, 372.8), (372.8, 372.8), (372.8, 372.8), (372.8, 372.8), (372.8, 372.8), (372.8, 372.8), (372.8, 372.8), (372.8, 372.8), (372.8, 372.8), (372.8, 372.8), (372.8, 372.8), (372.8, 372.8), (372.8, 372.8), (372.8, 372.8), (372.8, 372.8), (372.8, 372.8), (372.8, 372.8), (372.8, 372.8), (372.8, 372.8), (372.8, 372.8), (372.8, 372.8), (372.8, 372.8), (372.8, 372.8), (372.8, 372.8), (372.8, 372.8), (372.8, 372.8), (372.8, 372.8)]",0,1,12.0
novice,bomberman,2,Bomb,7,0,18.78,0.926,"[(48.0, 48.0), (62.9, 51.7), (77.9, 51.7), (98.4, 51.7), (113.3, 57.3), (115.2, 72.3), (115.2, 89.1), (115.2, 107.7), (128.3, 115.2), (143.2, 115.2), (161.9, 115.2), (161.9, 115.2), (161.9, 115.2), (161.9, 115.2), (161.9, 115.2), (161.9, 115.2), (161.9, 115.2), (161.9, 115.2), (161.9, 115.2), (161.9, 115.2), (161.9, 115.2), (161.9, 115.2), (161.9, 115.2), (161.9, 115.2), (161.9, 115.2), (161.9, 115.2), (161.9, 115.2), (161.9, 115.2), (161.9, 115.2), (161.9, 115.2), (161.9, 115.2), (161.9, 115.2), (161.9, 115.2), (161.9, 115.2), (161.9, 115.2), (161.9, 115.2), (161.9, 115.2), (161.9, 115.2), (161.9, 115.2), (161.9, 115.2), (161.9, 115.2), (161.9, 115.2), (161.9, 115.2), (161.9, 115.2), (161.9, 115.2), (161.9, 115.2), (161.9, 115.2), (161.9, 115.2), (161.9, 115.2), (161.9, 115.2), (161.9, 115.2), (161.9, 115.2), (161.9, 115.2), (161.9, 115.2), (161.9, 115.2), (161.9, 115.2), (161.9, 115.2), (173.1, 117.1), (180.5, 132.0), (180.5, 146.9), (180.5, 169.3), (191.7, 180.5), (206.7, 180.5), (221.6, 180.5), (236.5, 182.4), (244.0, 197.3), (244.0, 212.3), (244.0, 227.2), (249.6, 242.1), (264.5, 238.4), (283.2, 236.5), (300.0, 244.0), (307.5, 258.9), (307.5, 273.9), (307.5, 294.4), (316.8, 307.5), (331.7, 307.5), (352.3, 307.5), (367.2, 311.2), (372.8, 326.1), (372.8, 341.1), (372.8, 356.0), (372.8, 370.9), (372.8, 372.8), (372.8, 372.8), (372.8, 372.8), (372.8, 372.8), (372.8, 372.8), (372.8, 372.8), (372.8, 372.8), (372.8, 372.8), (372.8, 372.8), (372.8, 372.8), (372.8, 372.8), (372.8, 372.8), (372.8, 372.8), (372.8, 372.8), (372.8, 372.8), (372.8, 372.8), (372.8, 372.8), (372.8, 372.8), (372.8, 372.8), (372.8, 372.8), (372.8, 372.8), (372.8, 372.8), (372.8, 372.8), (372.8, 372.8), (372.8, 372.8), (372.8, 372.8), (372.8, 372.8), (372.8, 372.8), (372.8, 372.8), (372.8, 372.8), (372.8, 372.8), (372.8, 372.8), (372.8, 372.8), (372.8, 372.8), (372.8, 372.8), (372.8, 372.8), (372.8, 372.8), (372.8, 372.8)]",0,1,16.0
novice,bomberman,2,Bomb,7,0,34.95,0.926,"[(48.0, 48.0), (62.9, 51.7), (77.9, 51.7), (98.4, 51.7), (113.3, 57.3), (115.2, 72.3), (115.2, 89.1), (115.2, 107.7), (128.3, 115.2), (143.2, 115.2), (165.6, 115.2), (180.5, 124.5), (180.5, 139.5), (180.5, 160.0), (184.3, 176.8), (199.2, 180.5), (214.1, 180.5), (229.1, 180.5), (244.0, 189.9), (244.0, 204.8), (244.0, 219.7), (244.0, 234.7), (257.1, 244.0), (272.0, 236.5), (292.5, 236.5), (307.5, 251.5), (307.5, 266.4), (307.5, 285.1), (309.3, 301.9), (324.3, 307.5), (339.2, 307.5), (359.7, 307.5), (372.8, 318.7), (372.8, 333.6), (372.8, 348.5), (372.8, 363.5), (372.8, 372.8), (372.8, 372.8), (372.8, 372.8), (372.8, 372.8), (372.8, 372.8), (372.8, 372.8), (372.8, 372.8), (372.8, 372.8), (372.8, 372.8), (372.8, 372.8), (372.8, 372.8), (372.8, 372.8), (372.8, 372.8), (372.8, 372.8), (372.8, 372.8), (372.8, 372.8), (372.8, 372.8), (372.8, 372.8), (372.8, 372.8), (372.8, 372.8), (372.8, 372.8), (372.8, 372.8), (372.8, 372.8), (372.8, 372.8), (372.8, 372.8), (372.8, 372.8), (372.8, 372.8), (372.8, 372.8), (372.8, 372.8)]",0,1,8.6
novice,bomberman,2,Bomb,7,0,24.32,0.926,"[(48.0, 48.0), (62.9, 51.7), (77.9, 51.7), (98.4, 51.7), (113.3, 57.3), (115.2, 72.3), (115.2, 89.1), (115.2, 107.7), (128.3, 115.2), (143.2, 115.2), (165.6, 115.2), (180.5, 124.5), (180.5, 128.3), (180.5, 128.3), (180.5, 128.3), (180.5, 128.3), (180.5, 128.3), (180.5, 128.3), (180.5, 128.3), (180.5, 128.3), (180.5, 128.3), (180.5, 128.3), (180.5, 128.3), (180.5, 128.3), (180.5, 128.3), (180.5, 128.3), (180.5, 128.3), (180.5, 139.5), (180.5, 154.4), (180.5, 169.3), (191.7, 180.5), (206.7, 173.1), (229.1, 174.9), (244.0, 189.9), (244.0, 204.8), (244.0, 219.7), (244.0, 234.7), (257.1, 244.0), (272.0, 236.5), (292.5, 236.5), (307.5, 251.5), (307.5, 266.4), (307.5, 285.1), (309.3, 301.9), (324.3, 307.5), (339.2, 307.5), (359.7, 307.5), (372.8, 318.7), (372.8, 333.6), (372.8, 348.5), (372.8, 363.5), (372.8, 372.8), (372.8, 372.8), (372.8, 372.8), (372.8, 372.8), (372.8, 372.8), (372.8, 372.8), (372.8, 372.8), (372.8, 372.8), (372.8, 372.8), (372.8, 372.8), (372.8, 372.8), (372.8, 372.8), (372.8, 372.8), (372.8, 372.8), (372.8, 372.8), (372.8, 372.8), (372.8, 372.8), (372.8, 372.8), (372.8, 372.8), (372.8, 372.8), (372.8, 372.8), (372.8, 372.8), (372.8, 372.8), (372.8, 372.8), (372.8, 372.8), (372.8, 372.8), (372.8, 372.8), (372.8, 372.8), (372.8, 372.8), (372.8, 372.8), (372.8, 372.8), (372.8, 372.8), (372.8, 372.8), (372.8, 372.8), (372.8, 372.8), (372.8, 372.8), (372.8, 372.8), (372.8, 372.8), (372.8, 372.8), (372.8, 372.8)]",0,1,12.05
novice,bomberman,2,Bomb,23,0,24.45,0.926,"[(48.0, 48.0), (62.9, 51.7), (77.9, 51.7), (98.4, 51.7), (113.3, 57.3), (115.2, 72.3), (115.2, 89.1), (115.2, 107.7), (115.2, 122.7), (115.2, 137.6), (115.2, 156.3), (115.2, 160.0), (115.2, 160.0), (115.2, 158.1), (115.2, 163.7), (115.2, 156.3), (115.2, 165.6), (115.2, 160.0), (115.2, 167.5), (115.2, 163.7), (115.2, 165.6), (115.2, 165.6), (115.2, 163.7), (115.2, 163.7), (115.2, 161.9), (115.2, 161.9), (115.2, 160.0), (115.2, 171.2), (115.2, 186.1), (115.2, 201.1), (115.2, 219.7), (115.2, 238.4), (115.2, 253.3), (115.2, 268.3), (115.2, 288.8), (118.9, 303.7), (133.9, 307.5), (150.7, 307.5), (171.2, 307.5), (180.5, 322.4), (180.5, 337.3), (180.5, 357.9), (188.0, 372.8), (202.9, 372.8), (217.9, 372.8), (232.8, 372.8), (247.7, 372.8), (262.7, 372.8), (277.6, 372.8), (292.5, 372.8), (307.5, 372.8), (322.4, 372.8), (337.3, 372.8), (352.3, 372.8), (367.2, 372.8), (372.8, 372.8), (372.8, 372.8), (372.8, 372.8), (372.8, 372.8), (372.8, 372.8), (372.8, 372.8), (372.8, 372.8), (372.8, 372.8), (372.8, 372.8), (372.8, 372.8), (372.8, 372.8), (372.8, 372.8), (372.8, 372.8), (372.8, 372.8), (372.8, 372.8), (372.8, 372.8), (372.8, 372.8), (372.8, 372.8), (372.8, 372.8), (372.8, 372.8), (372.8, 372.8), (372.8, 372.8), (372.8, 372.8), (372.8, 372.8), (372.8, 372.8), (372.8, 372.8), (372.8, 372.8), (372.8, 372.8), (372.8, 372.8), (372.8, 372.8), (372.8, 372.8), (372.8, 372.8), (372.8, 372.8), (372.8, 372.8), (372.8, 372.8), (372.8, 372.8), (372.8, 372.8), (372.8, 372.8), (372.8, 372.8), (372.8, 372.8), (372.8, 372.8)]",0,1,12.75
novice,bomberman,2,Bomb,7,0,36.88,0.741,"[(48.0, 48.0), (62.9, 51.7), (77.9, 51.7), (98.4, 51.7), (113.3, 57.3), (115.2, 72.3), (115.2, 89.1), (115.2, 107.7), (115.2, 122.7), (115.2, 137.6), (115.2, 156.3), (117.1, 174.9), (132.0, 180.5), (146.9, 180.5), (161.9, 180.5), (176.8, 186.1), (180.5, 201.1), (180.5, 219.7), (182.4, 238.4), (197.3, 240.3), (214.1, 236.5), (234.7, 242.1), (244.0, 257.1), (244.0, 272.0), (244.0, 292.5), (251.5, 307.5), (266.4, 300.0), (286.9, 300.0), (301.9, 309.3), (307.5, 324.3), (307.5, 339.2), (307.5, 359.7), (316.8, 372.8), (331.7, 372.8), (346.7, 372.8), (361.6, 372.8), (372.8, 372.8), (372.8, 372.8), (372.8, 372.8), (372.8, 372.8), (372.8, 372.8), (372.8, 372.8), (372.8, 372.8), (372.8, 372.8), (372.8, 372.8), (372.8, 372.8), (372.8, 372.8), (372.8, 372.8), (372.8, 372.8), (372.8, 372.8), (372.8, 372.8), (372.8, 372.8), (372.8, 372.8), (372.8, 372.8), (372.8, 372.8), (372.8, 372.8), (372.8, 372.8), (372.8, 372.8), (372.8, 372.8), (372.8, 372.8), (372.8, 372.8), (372.8, 372.8), (372.8, 372.8)]",0,0,8.3
novice,bomberman,2,Bomb,6,0,24.42,0.926,"[(48.0, 48.0), (62.9, 51.7), (77.9, 51.7), (98.4, 51.7), (113.3, 57.3), (115.2, 72.3), (115.2, 89.1), (115.2, 107.7), (128.3, 115.2), (143.2, 115.2), (165.6, 115.2), (180.5, 124.5), (180.5, 139.5), (180.5, 160.0), (184.3, 176.8), (199.2, 180.5), (217.9, 180.5), (236.5, 182.4), (244.0, 197.3), (244.0, 212.3), (244.0, 227.2), (249.6, 242.1), (264.5, 240.3), (283.2, 236.5), (300.0, 245.9), (307.5, 260.8), (307.5, 275.7), (307.5, 296.3), (318.7, 307.5), (333.6, 307.5), (354.1, 307.5), (369.1, 313.1), (372.8, 328.0), (372.8, 342.9), (372.8, 357.9), (372.8, 372.8), (372.8, 372.8), (372.8, 372.8), (372.8, 372.8), (372.8, 372.8), (372.8, 372.8), (372.8, 372.8), (372.8, 372.8), (372.8, 372.8), (372.8, 372.8), (372.8, 372.8), (372.8, 372.8), (372.8, 372.8), (372.8, 372.8), (372.8, 372.8), (372.8, 372.8), (372.8, 372.8), (372.8, 372.8), (372.8, 372.8), (372.8, 372.8), (372.8, 372.8), (372.8, 372.8), (372.8, 372.8), (372.8, 372.8), (372.8, 372.8), (372.8, 372.8), (372.8, 372.8), (372.8, 372.8), (372.8, 372.8), (372.8, 372.8), (372.8, 372.8), (372.8, 372.8), (372.8, 372.8), (372.8, 372.8), (372.8, 372.8), (372.8, 372.8), (372.8, 372.8), (372.8, 372.8), (372.8, 372.8), (372.8, 372.8), (372.8, 372.8), (372.8, 372.8), (372.8, 372.8), (372.8, 372.8), (372.8, 372.8), (372.8, 372.8), (372.8, 372.8), (372.8, 372.8), (372.8, 372.8), (372.8, 372.8), (372.8, 372.8), (372.8, 372.8), (372.8, 372.8), (372.8, 372.8), (372.8, 372.8), (372.8, 372.8)]",0,1,12.0
novice,bomberman,2,Bomb,1,0,12.6,0.222,"[(48.0, 48.0), (62.9, 51.7), (77.9, 51.7), (98.4, 51.7), (113.3, 57.3), (115.2, 72.3), (115.2, 89.1), (115.2, 107.7), (128.3, 115.2), (143.2, 115.2), (161.9, 111.5), (161.9, 109.6), (161.9, 109.6), (161.9, 109.6), (161.9, 109.6), (161.9, 109.6), (161.9, 109.6), (161.9, 109.6), (161.9, 109.6), (161.9, 109.6), (161.9, 109.6), (161.9, 109.6), (161.9, 109.6), (161.9, 109.6), (161.9, 109.6), (161.9, 109.6), (161.9, 109.6), (161.9, 109.6), (161.9, 109.6), (161.9, 109.6), (161.9, 109.6), (161.9, 115.2), (161.9, 115.2), (161.9, 115.2), (161.9, 111.5), (161.9, 109.6), (161.9, 109.6), (161.9, 109.6), (161.9, 109.6), (161.9, 109.6), (161.9, 109.6), (161.9, 109.6), (161.9, 109.6), (161.9, 109.6), (161.9, 109.6), (161.9, 109.6), (161.9, 109.6), (161.9, 109.6), (161.9, 109.6), (161.9, 109.6), (161.9, 109.6), (161.9, 109.6), (161.9, 109.6), (161.9, 109.6), (161.9, 109.6), (161.9, 109.6), (161.9, 109.6), (161.9, 109.6), (161.9, 109.6), (161.9, 109.6), (161.9, 109.6)]",0,0,8.0
novice,bomberman,2,Bomb,6,0,18.78,0.926,"[(48.0, 48.0), (62.9, 51.7), (77.9, 51.7), (98.4, 51.7), (113.3, 57.3), (115.2, 72.3), (115.2, 89.1), (115.2, 107.7), (128.3, 115.2), (143.2, 115.2), (161.9, 115.2), (161.9, 115.2), (161.9, 115.2), (161.9, 115.2), (161.9, 115.2), (161.9, 115.2), (161.9, 115.2), (161.9, 115.2), (161.9, 115.2), (161.9, 115.2), (161.9, 115.2), (161.9, 115.2), (161.9, 115.2), (161.9, 115.2), (161.9, 115.2), (161.9, 115.2), (161.9, 115.2), (161.9, 115.2), (161.9, 115.2), (161.9, 115.2), (161.9, 115.2), (161.9, 115.2), (161.9, 115.2), (161.9, 115.2), (161.9, 115.2), (161.9, 115.2), (161.9, 115.2), (161.9, 115.2), (161.9, 115.2), (161.9, 115.2), (161.9, 115.2), (161.9, 115.2), (161.9, 115.2), (161.9, 115.2), (161.9, 115.2), (161.9, 115.2), (161.9, 115.2), (161.9, 115.2), (161.9, 115.2), (161.9, 115.2), (161.9, 115.2), (161.9, 115.2), (161.9, 115.2), (161.9, 115.2), (161.9, 115.2), (161.9, 115.2), (161.9, 115.2), (173.1, 117.1), (180.5, 132.0), (180.5, 146.9), (180.5, 169.3), (191.7, 180.5), (206.7, 180.5), (221.6, 180.5), (236.5, 182.4), (244.0, 197.3), (244.0, 212.3), (244.0, 227.2), (249.6, 242.1), (264.5, 238.4), (283.2, 236.5), (300.0, 244.0), (307.5, 258.9), (307.5, 273.9), (307.5, 294.4), (316.8, 307.5), (331.7, 300.0), (352.3, 300.0), (367.2, 311.2), (372.8, 326.1), (372.8, 341.1), (372.8, 356.0), (372.8, 370.9), (372.8, 372.8), (372.8, 372.8), (372.8, 372.8), (372.8, 372.8), (372.8, 372.8), (372.8, 372.8), (372.8, 372.8), (372.8, 372.8), (372.8, 372.8), (372.8, 372.8), (372.8, 372.8), (372.8, 372.8), (372.8, 372.8), (372.8, 372.8), (372.8, 372.8), (372.8, 372.8), (372.8, 372.8), (372.8, 372.8), (372.8, 372.8), (372.8, 372.8), (372.8, 372.8), (372.8, 372.8), (372.8, 372.8), (372.8, 372.8), (372.8, 372.8), (372.8, 372.8), (372.8, 372.8), (372.8, 372.8), (372.8, 372.8), (372.8, 372.8), (372.8, 372.8), (372.8, 372.8), (372.8, 372.8), (372.8, 372.8), (372.8, 372.8), (372.8, 372.8), (372.8, 372.8), (372.8, 372.8)]",0,1,16.0
novice,bomberman,2,Bomb,2,0,12.6,0.222,"[(48.0, 48.0), (62.9, 51.7), (77.9, 51.7), (98.4, 51.7), (113.3, 57.3), (115.2, 72.3), (115.2, 89.1), (115.2, 107.7), (128.3, 115.2), (143.2, 115.2), (161.9, 115.2), (161.9, 115.2), (161.9, 115.2), (161.9, 115.2), (161.9, 115.2), (161.9, 115.2), (161.9, 115.2), (161.9, 115.2), (161.9, 115.2), (161.9, 115.2), (161.9, 115.2), (161.9, 115.2), (161.9, 115.2), (161.9, 115.2), (161.9, 115.2), (161.9, 115.2), (161.9, 115.2), (161.9, 115.2), (161.9, 115.2), (161.9, 115.2), (161.9, 115.2), (161.9, 115.2), (161.9, 115.2), (161.9, 115.2), (161.9, 115.2), (161.9, 115.2), (161.9, 115.2), (161.9, 115.2), (161.9, 115.2), (161.9, 115.2), (161.9, 115.2), (161.9, 115.2), (161.9, 115.2), (161.9, 115.2), (161.9, 115.2), (161.9, 115.2), (161.9, 115.2), (161.9, 115.2), (161.9, 115.2), (161.9, 115.2), (161.9, 115.2), (161.9, 115.2), (161.9, 115.2), (161.9, 115.2), (161.9, 115.2), (161.9, 115.2), (161.9, 115.2), (161.9, 115.2), (161.9, 115.2), (161.9, 115.2), (161.9, 115.2)]",0,0,8.0
novice,bomberman,2,Bomb,6,0,18.78,0.926,"[(48.0, 48.0), (62.9, 51.7), (77.9, 51.7), (98.4, 51.7), (113.3, 57.3), (115.2, 72.3), (115.2, 89.1), (115.2, 107.7), (128.3, 115.2), (143.2, 115.2), (161.9, 115.2), (161.9, 115.2), (161.9, 115.2), (161.9, 115.2), (161.9, 115.2), (161.9, 115.2), (161.9, 115.2), (161.9, 115.2), (161.9, 115.2), (161.9, 115.2), (161.9, 115.2), (161.9, 115.2), (161.9, 115.2), (161.9, 115.2), (161.9, 115.2), (161.9, 115.2), (161.9, 115.2), (161.9, 115.2), (161.9, 115.2), (161.9, 115.2), (161.9, 115.2), (161.9, 115.2), (161.9, 115.2), (161.9, 115.2), (161.9, 115.2), (161.9, 115.2), (161.9, 115.2), (161.9, 115.2), (161.9, 115.2), (161.9, 115.2), (161.9, 115.2), (161.9, 115.2), (161.9, 115.2), (161.9, 115.2), (161.9, 115.2), (161.9, 115.2), (161.9, 115.2), (161.9, 115.2), (161.9, 115.2), (161.9, 115.2), (161.9, 115.2), (161.9, 115.2), (161.9, 115.2), (161.9, 115.2), (161.9, 115.2), (161.9, 115.2), (161.9, 115.2), (173.1, 117.1), (180.5, 132.0), (180.5, 146.9), (180.5, 169.3), (191.7, 180.5), (206.7, 180.5), (221.6, 180.5), (236.5, 182.4), (244.0, 197.3), (244.0, 212.3), (244.0, 227.2), (249.6, 242.1), (264.5, 238.4), (283.2, 236.5), (300.0, 244.0), (307.5, 258.9), (307.5, 273.9), (307.5, 294.4), (316.8, 307.5), (331.7, 300.0), (352.3, 300.0), (367.2, 311.2), (372.8, 326.1), (372.8, 341.1), (372.8, 356.0), (372.8, 370.9), (372.8, 372.8), (372.8, 372.8), (372.8, 372.8), (372.8, 372.8), (372.8, 372.8), (372.8, 372.8), (372.8, 372.8), (372.8, 372.8), (372.8, 372.8), (372.8, 372.8), (372.8, 372.8), (372.8, 372.8), (372.8, 372.8), (372.8, 372.8), (372.8, 372.8), (372.8, 372.8), (372.8, 372.8), (372.8, 372.8), (372.8, 372.8), (372.8, 372.8), (372.8, 372.8), (372.8, 372.8), (372.8, 372.8), (372.8, 372.8), (372.8, 372.8), (372.8, 372.8), (372.8, 372.8), (372.8, 372.8), (372.8, 372.8), (372.8, 372.8), (372.8, 372.8), (372.8, 372.8), (372.8, 372.8), (372.8, 372.8), (372.8, 372.8), (372.8, 372.8), (372.8, 372.8), (372.8, 372.8)]",0,1,16.0
novice,bomberman,2,Bomb,6,0,24.42,0.926,"[(48.0, 48.0), (62.9, 51.7), (77.9, 51.7), (98.4, 51.7), (113.3, 57.3), (115.2, 72.3), (115.2, 89.1), (115.2, 107.7), (128.3, 115.2), (143.2, 115.2), (165.6, 115.2), (180.5, 124.5), (180.5, 139.5), (180.5, 160.0), (184.3, 176.8), (199.2, 180.5), (217.9, 180.5), (236.5, 182.4), (244.0, 197.3), (244.0, 212.3), (244.0, 227.2), (249.6, 242.1), (264.5, 240.3), (283.2, 236.5), (300.0, 245.9), (307.5, 260.8), (307.5, 275.7), (307.5, 296.3), (318.7, 307.5), (333.6, 307.5), (354.1, 307.5), (369.1, 313.1), (372.8, 328.0), (372.8, 342.9), (372.8, 357.9), (372.8, 372.8), (372.8, 372.8), (372.8, 372.8), (372.8, 372.8), (372.8, 372.8), (372.8, 372.8), (372.8, 372.8), (372.8, 372.8), (372.8, 372.8), (372.8, 372.8), (372.8, 372.8), (372.8, 372.8), (372.8, 372.8), (372.8, 372.8), (372.8, 372.8), (372.8, 372.8), (372.8, 372.8), (372.8, 372.8), (372.8, 372.8), (372.8, 372.8), (372.8, 372.8), (372.8, 372.8), (372.8, 372.8), (372.8, 372.8), (372.8, 372.8), (372.8, 372.8), (372.8, 372.8), (372.8, 372.8), (372.8, 372.8), (372.8, 372.8), (372.8, 372.8), (372.8, 372.8), (372.8, 372.8), (372.8, 372.8), (372.8, 372.8), (372.8, 372.8), (372.8, 372.8), (372.8, 372.8), (372.8, 372.8), (372.8, 372.8), (372.8, 372.8), (372.8, 372.8), (372.8, 372.8), (372.8, 372.8), (372.8, 372.8), (372.8, 372.8), (372.8, 372.8), (372.8, 372.8), (372.8, 372.8), (372.8, 372.8), (372.8, 372.8), (372.8, 372.8), (372.8, 372.8), (372.8, 372.8), (372.8, 372.8), (372.8, 372.8)]",0,1,12.0
novice,bomberman,2,Bomb,23,0,24.45,0.926,"[(48.0, 48.0), (62.9, 51.7), (77.9, 51.7), (98.4, 51.7), (113.3, 57.3), (115.2, 72.3), (115.2, 89.1), (115.2, 107.7), (115.2, 122.7), (115.2, 137.6), (115.2, 156.3), (115.2, 160.0), (115.2, 160.0), (115.2, 158.1), (115.2, 163.7), (115.2, 156.3), (115.2, 165.6), (115.2, 160.0), (115.2, 167.5), (115.2, 163.7), (115.2, 165.6), (115.2, 165.6), (115.2, 163.7), (115.2, 163.7), (115.2, 161.9), (115.2, 161.9), (115.2, 160.0), (115.2, 171.2), (115.2, 186.1), (115.2, 201.1), (115.2, 219.7), (115.2, 238.4), (115.2, 253.3), (115.2, 268.3), (115.2, 288.8), (118.9, 303.7), (133.9, 307.5), (150.7, 307.5), (171.2, 307.5), (180.5, 322.4), (180.5, 337.3), (180.5, 357.9), (188.0, 372.8), (202.9, 372.8), (217.9, 372.8), (232.8, 372.8), (247.7, 372.8), (262.7, 372.8), (277.6, 372.8), (292.5, 372.8), (307.5, 372.8), (322.4, 372.8), (337.3, 372.8), (352.3, 372.8), (367.2, 372.8), (372.8, 372.8), (372.8, 372.8), (372.8, 372.8), (372.8, 372.8), (372.8, 372.8), (372.8, 372.8), (372.8, 372.8), (372.8, 372.8), (372.8, 372.8), (372.8, 372.8), (372.8, 372.8), (372.8, 372.8), (372.8, 372.8), (372.8, 372.8), (372.8, 372.8), (372.8, 372.8), (372.8, 372.8), (372.8, 372.8), (372.8, 372.8), (372.8, 372.8), (372.8, 372.8), (372.8, 372.8), (372.8, 372.8), (372.8, 372.8), (372.8, 372.8), (372.8, 372.8), (372.8, 372.8), (372.8, 372.8), (372.8, 372.8), (372.8, 372.8), (372.8, 372.8), (372.8, 372.8), (372.8, 372.8), (372.8, 372.8), (372.8, 372.8), (372.8, 372.8), (372.8, 372.8), (372.8, 372.8), (372.8, 372.8), (372.8, 372.8), (372.8, 372.8)]",0,1,12.75
novice,bomberman,2,Bomb,7,0,24.32,0.926,"[(48.0, 48.0), (62.9, 51.7), (77.9, 51.7), (98.4, 51.7), (113.3, 57.3), (115.2, 72.3), (115.2, 89.1), (115.2, 107.7), (128.3, 115.2), (143.2, 115.2), (165.6, 115.2), (180.5, 124.5), (180.5, 128.3), (180.5, 128.3), (180.5, 128.3), (180.5, 128.3), (180.5, 128.3), (180.5, 128.3), (180.5, 128.3), (180.5, 128.3), (180.5, 128.3), (180.5, 128.3), (180.5, 128.3), (180.5, 128.3), (180.5, 128.3), (180.5, 128.3), (180.5, 128.3), (180.5, 139.5), (180.5, 154.4), (180.5, 169.3), (191.7, 180.5), (206.7, 173.1), (229.1, 174.9), (244.0, 189.9), (244.0, 204.8), (244.0, 219.7), (244.0, 234.7), (257.1, 244.0), (272.0, 236.5), (292.5, 236.5), (307.5, 251.5), (307.5, 266.4), (307.5, 285.1), (309.3, 301.9), (324.3, 307.5), (339.2, 307.5), (359.7, 307.5), (372.8, 318.7), (372.8, 333.6), (372.8, 348.5), (372.8, 363.5), (372.8, 372.8), (372.8, 372.8), (372.8, 372.8), (372.8, 372.8), (372.8, 372.8), (372.8, 372.8), (372.8, 372.8), (372.8, 372.8), (372.8, 372.8), (372.8, 372.8), (372.8, 372.8), (372.8, 372.8), (372.8, 372.8), (372.8, 372.8), (372.8, 372.8), (372.8, 372.8), (372.8, 372.8), (372.8, 372.8), (372.8, 372.8), (372.8, 372.8), (372.8, 372.8), (372.8, 372.8), (372.8, 372.8), (372.8, 372.8), (372.8, 372.8), (372.8, 372.8), (372.8, 372.8), (372.8, 372.8), (372.8, 372.8), (372.8, 372.8), (372.8, 372.8), (372.8, 372.8), (372.8, 372.8), (372.8, 372.8), (372.8, 372.8), (372.8, 372.8), (372.8, 372.8), (372.8, 372.8), (372.8, 372.8), (372.8, 372.8)]",0,1,12.05
novice,bomberman,2,Bomb,28,0,24.32,0.926,"[(48.0, 48.0), (62.9, 51.7), (77.9, 51.7), (98.4, 51.7), (113.3, 57.3), (115.2, 72.3), (115.2, 89.1), (115.2, 107.7), (128.3, 115.2), (143.2, 115.2), (165.6, 115.2), (180.5, 124.5), (180.5, 128.3), (180.5, 124.5), (180.5, 124.5), (180.5, 128.3), (180.5, 124.5), (180.5, 124.5), (180.5, 128.3), (180.5, 124.5), (180.5, 124.5), (180.5, 128.3), (180.5, 124.5), (180.5, 124.5), (180.5, 128.3), (180.5, 124.5), (180.5, 124.5), (180.5, 139.5), (180.5, 154.4), (180.5, 169.3), (191.7, 180.5), (206.7, 173.1), (229.1, 174.9), (244.0, 189.9), (244.0, 204.8), (244.0, 219.7), (244.0, 234.7), (257.1, 244.0), (272.0, 236.5), (292.5, 236.5), (307.5, 251.5), (307.5, 266.4), (307.5, 285.1), (309.3, 301.9), (324.3, 307.5), (339.2, 307.5), (359.7, 307.5), (372.8, 318.7), (372.8, 333.6), (372.8, 348.5), (372.8, 363.5), (372.8, 372.8), (372.8, 372.8), (372.8, 372.8), (372.8, 372.8), (372.8, 372.8), (372.8, 372.8), (372.8, 372.8), (372.8, 372.8), (372.8, 372.8), (372.8, 372.8), (372.8, 372.8), (372.8, 372.8), (372.8, 372.8), (372.8, 372.8), (372.8, 372.8), (372.8, 372.8), (372.8, 372.8), (372.8, 372.8), (372.8, 372.8), (372.8, 372.8), (372.8, 372.8), (372.8, 372.8), (372.8, 372.8), (372.8, 372.8), (372.8, 372.8), (372.8, 372.8), (372.8, 372.8), (372.8, 372.8), (372.8, 372.8), (372.8, 372.8), (372.8, 372.8), (372.8, 372.8), (372.8, 372.8), (372.8, 372.8), (372.8, 372.8), (372.8, 372.8), (372.8, 372.8), (372.8, 372.8), (372.8, 372.8), (372.8, 372.8)]",0,1,12.05
novice,bomberman,2,Bomb,5,0,24.42,0.926,"[(48.0, 48.0), (62.9, 51.7), (77.9, 51.7), (98.4, 51.7), (113.3, 57.3), (115.2, 72.3), (115.2, 89.1), (115.2, 107.7), (128.3, 115.2), (143.2, 115.2), (165.6, 115.2), (180.5, 124.5), (180.5, 139.5), (180.5, 160.0), (184.3, 176.8), (199.2, 180.5), (217.9, 180.5), (236.5, 182.4), (244.0, 197.3), (244.0, 212.3), (244.0, 227.2), (249.6, 242.1), (264.5, 240.3), (283.2, 236.5), (300.0, 245.9), (307.5, 260.8), (307.5, 275.7), (307.5, 296.3), (318.7, 307.5), (333.6, 307.5), (354.1, 307.5), (369.1, 313.1), (372.8, 328.0), (372.8, 342.9), (372.8, 357.9), (372.8, 372.8), (372.8, 372.8), (372.8, 372.8), (372.8, 372.8), (372.8, 372.8), (372.8, 372.8), (372.8, 372.8), (372.8, 372.8), (372.8, 372.8), (372.8, 372.8), (372.8, 372.8), (372.8, 372.8), (372.8, 372.8), (372.8, 372.8), (372.8, 372.8), (372.8, 372.8), (372.8, 372.8), (372.8, 372.8), (372.8, 372.8), (372.8, 372.8), (372.8, 372.8), (372.8, 372.8), (372.8, 372.8), (372.8, 372.8), (372.8, 372.8), (372.8, 372.8), (372.8, 372.8), (372.8, 372.8), (372.8, 372.8), (372.8, 372.8), (372.8, 372.8), (372.8, 372.8), (372.8, 372.8), (372.8, 372.8), (372.8, 372.8), (372.8, 372.8), (372.8, 372.8), (372.8, 372.8), (372.8, 372.8), (372.8, 372.8), (372.8, 372.8), (372.8, 372.8), (372.8, 372.8), (372.8, 372.8), (372.8, 372.8), (372.8, 372.8), (372.8, 372.8), (372.8, 372.8), (372.8, 372.8), (372.8, 372.8), (372.8, 372.8), (372.8, 372.8), (372.8, 372.8), (372.8, 372.8), (372.8, 372.8), (372.8, 372.8)]",0,1,12.0
novice,bomberman,2,Bomb,4,0,24.42,0.926,"[(48.0, 48.0), (62.9, 51.7), (77.9, 51.7), (98.4, 51.7), (113.3, 57.3), (115.2, 72.3), (115.2, 89.1), (115.2, 107.7), (128.3, 115.2), (143.2, 115.2), (165.6, 115.2), (180.5, 124.5), (180.5, 139.5), (180.5, 160.0), (184.3, 176.8), (199.2, 180.5), (217.9, 180.5), (236.5, 182.4), (244.0, 197.3), (244.0, 212.3), (244.0, 227.2), (249.6, 242.1), (264.5, 244.0), (283.2, 244.0), (300.0, 245.9), (307.5, 260.8), (307.5, 275.7), (307.5, 296.3), (318.7, 307.5), (333.6, 307.5), (354.1, 307.5), (369.1, 313.1), (372.8, 328.0), (372.8, 342.9), (372.8, 357.9), (372.8, 372.8), (372.8, 372.8), (372.8, 372.8), (372.8, 372.8), (372.8, 372.8), (372.8, 372.8), (372.8, 372.8), (372.8, 372.8), (372.8, 372.8), (372.8, 372.8), (372.8, 372.8), (372.8, 372.8), (372.8, 372.8), (372.8, 372.8), (372.8, 372.8), (372.8, 372.8), (372.8, 372.8), (372.8, 372.8), (372.8, 372.8), (372.8, 372.8), (372.8, 372.8), (372.8, 372.8), (372.8, 372.8), (372.8, 372.8), (372.8, 372.8), (372.8, 372.8), (372.8, 372.8), (372.8, 372.8), (372.8, 372.8), (372.8, 372.8), (372.8, 372.8), (372.8, 372.8), (372.8, 372.8), (372.8, 372.8), (372.8, 372.8), (372.8, 372.8), (372.8, 372.8), (372.8, 372.8), (372.8, 372.8), (372.8, 372.8), (372.8, 372.8), (372.8, 372.8), (372.8, 372.8), (372.8, 372.8), (372.8, 372.8), (372.8, 372.8), (372.8, 372.8), (372.8, 372.8), (372.8, 372.8), (372.8, 372.8), (372.8, 372.8), (372.8, 372.8), (372.8, 372.8), (372.8, 372.8), (372.8, 372.8), (372.8, 372.8)]",0,1,12.0
novice,bomberman,2,Bomb,33,0,25.04,0.926,"[(48.0, 48.0), (62.9, 51.7), (77.9, 51.7), (98.4, 51.7), (113.3, 57.3), (115.2, 72.3), (115.2, 89.1), (115.2, 107.7), (128.3, 115.2), (143.2, 115.2), (165.6, 115.2), (180.5, 124.5), (180.5, 132.0), (180.5, 128.3), (180.5, 128.3), (180.5, 132.0), (180.5, 128.3), (180.5, 128.3), (180.5, 132.0), (180.5, 128.3), (180.5, 128.3), (180.5, 132.0), (180.5, 128.3), (180.5, 128.3), (180.5, 132.0), (180.5, 128.3), (180.5, 128.3), (180.5, 132.0), (180.5, 128.3), (180.5, 128.3), (180.5, 132.0), (180.5, 135.7), (180.5, 150.7), (180.5, 165.6), (188.0, 180.5), (202.9, 180.5), (217.9, 180.5), (232.8, 180.5), (244.0, 193.6), (244.0, 208.5), (244.0, 223.5), (245.9, 238.4), (260.8, 244.0), (275.7, 236.5), (296.3, 244.0), (307.5, 257.1), (307.5, 272.0), (307.5, 292.5), (314.9, 307.5), (329.9, 307.5), (350.4, 307.5), (365.3, 309.3), (372.8, 324.3), (372.8, 339.2), (372.8, 354.1), (372.8, 369.1), (372.8, 372.8), (372.8, 372.8), (372.8, 372.8), (372.8, 372.8), (372.8, 372.8), (372.8, 372.8), (372.8, 372.8), (372.8, 372.8), (372.8, 372.8), (372.8, 372.8), (372.8, 372.8), (372.8, 372.8), (372.8, 372.8), (372.8, 372.8), (372.8, 372.8), (372.8, 372.8), (372.8, 372.8), (372.8, 372.8), (372.8, 372.8), (372.8, 372.8), (372.8, 372.8), (372.8, 372.8), (372.8, 372.8), (372.8, 372.8), (372.8, 372.8), (372.8, 372.8), (372.8, 372.8), (372.8, 372.8), (372.8, 372.8), (372.8, 372.8), (372.8, 372.8), (372.8, 372.8), (372.8, 372.8), (372.8, 372.8), (372.8, 372.8)]",0,1,12.0
novice,bomberman,2,Bomb,6,0,25.41,0.926,"[(48.0, 48.0), (62.9, 51.7), (77.9, 51.7), (98.4, 51.7), (113.3, 57.3), (115.2, 72.3), (115.2, 89.1), (115.2, 107.7), (128.3, 115.2), (143.2, 115.2), (165.6, 115.2), (180.5, 124.5), (180.5, 128.3), (180.5, 128.3), (180.5, 128.3), (180.5, 128.3), (180.5, 128.3), (180.5, 128.3), (180.5, 128.3), (180.5, 128.3), (180.5, 128.3), (180.5, 128.3), (180.5, 128.3), (180.5, 128.3), (180.5, 128.3), (180.5, 128.3), (180.5, 128.3), (180.5, 139.5), (180.5, 154.4), (180.5, 169.3), (191.7, 180.5), (206.7, 180.5), (221.6, 180.5), (236.5, 182.4), (244.0, 197.3), (244.0, 212.3), (244.0, 227.2), (249.6, 242.1), (264.5, 240.3), (279.5, 244.0), (294.4, 244.0), (307.5, 255.2), (307.5, 270.1), (307.5, 290.7), (313.1, 305.6), (328.0, 307.5), (346.7, 307.5), (363.5, 307.5), (372.8, 322.4), (372.8, 337.3), (372.8, 352.3), (372.8, 367.2), (372.8, 372.8), (372.8, 372.8), (372.8, 372.8), (372.8, 372.8), (372.8, 372.8), (372.8, 372.8), (372.8, 372.8), (372.8, 372.8), (372.8, 372.8), (372.8, 372.8), (372.8, 372.8), (372.8, 372.8), (372.8, 372.8), (372.8, 372.8), (372.8, 372.8), (372.8, 372.8), (372.8, 372.8), (372.8, 372.8), (372.8, 372.8), (372.8, 372.8), (372.8, 372.8), (372.8, 372.8), (372.8, 372.8), (372.8, 372.8), (372.8, 372.8), (372.8, 372.8), (372.8, 372.8), (372.8, 372.8), (372.8, 372.8), (372.8, 372.8), (372.8, 372.8), (372.8, 372.8), (372.8, 372.8), (372.8, 372.8), (372.8, 372.8), (372.8, 372.8), (372.8, 372.8), (372.8, 372.8), (372.8, 372.8)]",0,1,12.05
novice,bomberman,2,Bomb,15,0,24.53,0.926,"[(48.0, 48.0), (62.9, 51.7), (77.9, 51.7), (98.4, 51.7), (113.3, 57.3), (115.2, 72.3), (115.2, 89.1), (115.2, 107.7), (128.3, 115.2), (143.2, 115.2), (165.6, 115.2), (180.5, 124.5), (180.5, 139.5), (180.5, 160.0), (184.3, 176.8), (193.6, 174.9), (201.1, 174.9), (193.6, 174.9), (197.3, 173.1), (201.1, 174.9), (193.6, 174.9), (197.3, 173.1), (201.1, 174.9), (193.6, 174.9), (197.3, 173.1), (201.1, 174.9), (193.6, 174.9), (208.5, 178.7), (223.5, 174.9), (238.4, 184.3), (244.0, 199.2), (244.0, 214.1), (244.0, 229.1), (251.5, 244.0), (266.4, 236.5), (286.9, 236.5), (301.9, 247.7), (307.5, 262.7), (307.5, 277.6), (307.5, 298.1), (320.5, 307.5), (335.5, 307.5), (356.0, 307.5), (370.9, 314.9), (372.8, 329.9), (372.8, 344.8), (372.8, 359.7), (372.8, 372.8), (372.8, 372.8), (372.8, 372.8), (372.8, 372.8), (372.8, 372.8), (372.8, 372.8), (372.8, 372.8), (372.8, 372.8), (372.8, 372.8), (372.8, 372.8), (372.8, 372.8), (372.8, 372.8), (372.8, 372.8), (372.8, 372.8), (372.8, 372.8), (372.8, 372.8), (372.8, 372.8), (372.8, 372.8), (372.8, 372.8), (372.8, 372.8), (372.8, 372.8), (372.8, 372.8), (372.8, 372.8), (372.8, 372.8), (372.8, 372.8), (372.8, 372.8), (372.8, 372.8), (372.8, 372.8), (372.8, 372.8), (372.8, 372.8), (372.8, 372.8), (372.8, 372.8), (372.8, 372.8), (372.8, 372.8), (372.8, 372.8), (372.8, 372.8), (372.8, 372.8), (372.8, 372.8), (372.8, 372.8), (372.8, 372.8), (372.8, 372.8), (372.8, 372.8), (372.8, 372.8), (372.8, 372.8), (372.8, 372.8)]",0,1,12.25
novice,bomberman,2,Bomb,15,0,24.53,0.926,"[(48.0, 48.0), (62.9, 51.7), (77.9, 51.7), (98.4, 51.7), (113.3, 57.3), (115.2, 72.3), (115.2, 89.1), (115.2, 107.7), (128.3, 115.2), (143.2, 115.2), (165.6, 115.2), (180.5, 124.5), (180.5, 139.5), (180.5, 160.0), (184.3, 176.8), (193.6, 174.9), (201.1, 174.9), (193.6, 174.9), (197.3, 173.1), (201.1, 174.9), (193.6, 174.9), (197.3, 173.1), (201.1, 174.9), (193.6, 174.9), (197.3, 173.1), (201.1, 174.9), (193.6, 174.9), (208.5, 178.7), (223.5, 174.9), (238.4, 184.3), (244.0, 199.2), (244.0, 214.1), (244.0, 229.1), (251.5, 244.0), (266.4, 236.5), (286.9, 236.5), (301.9, 247.7), (307.5, 262.7), (307.5, 277.6), (307.5, 298.1), (320.5, 307.5), (335.5, 307.5), (356.0, 307.5), (370.9, 314.9), (372.8, 329.9), (372.8, 344.8), (372.8, 359.7), (372.8, 372.8), (372.8, 372.8), (372.8, 372.8), (372.8, 372.8), (372.8, 372.8), (372.8, 372.8), (372.8, 372.8), (372.8, 372.8), (372.8, 372.8), (372.8, 372.8), (372.8, 372.8), (372.8, 372.8), (372.8, 372.8), (372.8, 372.8), (372.8, 372.8), (372.8, 372.8), (372.8, 372.8), (372.8, 372.8), (372.8, 372.8), (372.8, 372.8), (372.8, 372.8), (372.8, 372.8), (372.8, 372.8), (372.8, 372.8), (372.8, 372.8), (372.8, 372.8), (372.8, 372.8), (372.8, 372.8), (372.8, 372.8), (372.8, 372.8), (372.8, 372.8), (372.8, 372.8), (372.8, 372.8), (372.8, 372.8), (372.8, 372.8), (372.8, 372.8), (372.8, 372.8), (372.8, 372.8), (372.8, 372.8), (372.8, 372.8), (372.8, 372.8), (372.8, 372.8), (372.8, 372.8), (372.8, 372.8), (372.8, 372.8)]",0,1,12.25
novice,bomberman,2,Bomb,6,0,25.41,0.926,"[(48.0, 48.0), (62.9, 51.7), (77.9, 51.7), (98.4, 51.7), (113.3, 57.3), (115.2, 72.3), (115.2, 89.1), (115.2, 107.7), (128.3, 115.2), (143.2, 115.2), (165.6, 115.2), (180.5, 124.5), (180.5, 128.3), (180.5, 128.3), (180.5, 128.3), (180.5, 128.3), (180.5, 128.3), (180.5, 128.3), (180.5, 128.3), (180.5, 128.3), (180.5, 128.3), (180.5, 128.3), (180.5, 128.3), (180.5, 128.3), (180.5, 128.3), (180.5, 128.3), (180.5, 128.3), (180.5, 139.5), (180.5, 154.4), (180.5, 169.3), (191.7, 180.5), (206.7, 180.5), (221.6, 180.5), (236.5, 182.4), (244.0, 197.3), (244.0, 212.3), (244.0, 227.2), (249.6, 242.1), (264.5, 240.3), (279.5, 244.0), (294.4, 244.0), (307.5, 255.2), (307.5, 270.1), (307.5, 290.7), (313.1, 305.6), (328.0, 307.5), (346.7, 307.5), (363.5, 307.5), (372.8, 322.4), (372.8, 337.3), (372.8, 352.3), (372.8, 367.2), (372.8, 372.8), (372.8, 372.8), (372.8, 372.8), (372.8, 372.8), (372.8, 372.8), (372.8, 372.8), (372.8, 372.8), (372.8, 372.8), (372.8, 372.8), (372.8, 372.8), (372.8, 372.8), (372.8, 372.8), (372.8, 372.8), (372.8, 372.8), (372.8, 372.8), (372.8, 372.8), (372.8, 372.8), (372.8, 372.8), (372.8, 372.8), (372.8, 372.8), (372.8, 372.8), (372.8, 372.8), (372.8, 372.8), (372.8, 372.8), (372.8, 372.8), (372.8, 372.8), (372.8, 372.8), (372.8, 372.8), (372.8, 372.8), (372.8, 372.8), (372.8, 372.8), (372.8, 372.8), (372.8, 372.8), (372.8, 372.8), (372.8, 372.8), (372.8, 372.8), (372.8, 372.8), (372.8, 372.8), (372.8, 372.8)]",0,1,12.05
novice,bomberman,2,Bomb,33,0,25.04,0.926,"[(48.0, 48.0), (62.9, 51.7), (77.9, 51.7), (98.4, 51.7), (113.3, 57.3), (115.2, 72.3), (115.2, 89.1), (115.2, 107.7), (128.3, 115.2), (143.2, 115.2), (165.6, 115.2), (180.5, 124.5), (180.5, 132.0), (180.5, 128.3), (180.5, 128.3), (180.5, 132.0), (180.5, 128.3), (180.5, 128.3), (180.5, 132.0), (180.5, 128.3), (180.5, 128.3), (180.5, 132.0), (180.5, 128.3), (180.5, 128.3), (180.5, 132.0), (180.5, 128.3), (180.5, 128.3), (180.5, 132.0), (180.5, 128.3), (180.5, 128.3), (180.5, 132.0), (180.5, 135.7), (180.5, 150.7), (180.5, 165.6), (188.0, 180.5), (202.9, 180.5), (217.9, 180.5), (232.8, 180.5), (244.0, 193.6), (244.0, 208.5), (244.0, 223.5), (245.9, 238.4), (260.8, 244.0), (275.7, 236.5), (296.3, 244.0), (307.5, 257.1), (307.5, 272.0), (307.5, 292.5), (314.9, 307.5), (329.9, 307.5), (350.4, 307.5), (365.3, 309.3), (372.8, 324.3), (372.8, 339.2), (372.8, 354.1), (372.8, 369.1), (372.8, 372.8), (372.8, 372.8), (372.8, 372.8), (372.8, 372.8), (372.8, 372.8), (372.8, 372.8), (372.8, 372.8), (372.8, 372.8), (372.8, 372.8), (372.8, 372.8), (372.8, 372.8), (372.8, 372.8), (372.8, 372.8), (372.8, 372.8), (372.8, 372.8), (372.8, 372.8), (372.8, 372.8), (372.8, 372.8), (372.8, 372.8), (372.8, 372.8), (372.8, 372.8), (372.8, 372.8), (372.8, 372.8), (372.8, 372.8), (372.8, 372.8), (372.8, 372.8), (372.8, 372.8), (372.8, 372.8), (372.8, 372.8), (372.8, 372.8), (372.8, 372.8), (372.8, 372.8), (372.8, 372.8), (372.8, 372.8), (372.8, 372.8)]",0,1,12.0
novice,bomberman,2,Bomb,4,0,24.42,0.926,"[(48.0, 48.0), (62.9, 51.7), (77.9, 51.7), (98.4, 51.7), (113.3, 57.3), (115.2, 72.3), (115.2, 89.1), (115.2, 107.7), (128.3, 115.2), (143.2, 115.2), (165.6, 115.2), (180.5, 124.5), (180.5, 139.5), (180.5, 160.0), (184.3, 176.8), (199.2, 180.5), (217.9, 180.5), (236.5, 182.4), (244.0, 197.3), (244.0, 212.3), (244.0, 227.2), (249.6, 242.1), (264.5, 244.0), (283.2, 244.0), (300.0, 245.9), (307.5, 260.8), (307.5, 275.7), (307.5, 296.3), (318.7, 307.5), (333.6, 307.5), (354.1, 307.5), (369.1, 313.1), (372.8, 328.0), (372.8, 342.9), (372.8, 357.9), (372.8, 372.8), (372.8, 372.8), (372.8, 372.8), (372.8, 372.8), (372.8, 372.8), (372.8, 372.8), (372.8, 372.8), (372.8, 372.8), (372.8, 372.8), (372.8, 372.8), (372.8, 372.8), (372.8, 372.8), (372.8, 372.8), (372.8, 372.8), (372.8, 372.8), (372.8, 372.8), (372.8, 372.8), (372.8, 372.8), (372.8, 372.8), (372.8, 372.8), (372.8, 372.8), (372.8, 372.8), (372.8, 372.8), (372.8, 372.8), (372.8, 372.8), (372.8, 372.8), (372.8, 372.8), (372.8, 372.8), (372.8, 372.8), (372.8, 372.8), (372.8, 372.8), (372.8, 372.8), (372.8, 372.8), (372.8, 372.8), (372.8, 372.8), (372.8, 372.8), (372.8, 372.8), (372.8, 372.8), (372.8, 372.8), (372.8, 372.8), (372.8, 372.8), (372.8, 372.8), (372.8, 372.8), (372.8, 372.8), (372.8, 372.8), (372.8, 372.8), (372.8, 372.8), (372.8, 372.8), (372.8, 372.8), (372.8, 372.8), (372.8, 372.8), (372.8, 372.8), (372.8, 372.8), (372.8, 372.8), (372.8, 372.8), (372.8, 372.8)]",0,1,12.0
novice,bomberman,2,Bomb,8,0,25.04,0.926,"[(48.0, 48.0), (62.9, 51.7), (77.9, 51.7), (98.4, 51.7), (113.3, 57.3), (115.2, 72.3), (115.2, 89.1), (115.2, 107.7), (128.3, 115.2), (143.2, 115.2), (165.6, 115.2), (180.5, 124.5), (180.5, 128.3), (180.5, 128.3), (180.5, 128.3), (180.5, 128.3), (180.5, 128.3), (180.5, 128.3), (180.5, 128.3), (180.5, 128.3), (180.5, 128.3), (180.5, 128.3), (180.5, 128.3), (180.5, 128.3), (180.5, 128.3), (180.5, 128.3), (180.5, 128.3), (180.5, 128.3), (180.5, 128.3), (180.5, 128.3), (180.5, 128.3), (180.5, 135.7), (180.5, 152.5), (180.5, 173.1), (195.5, 180.5), (210.4, 180.5), (225.3, 180.5), (240.3, 186.1), (244.0, 201.1), (244.0, 216.0), (244.0, 230.9), (253.3, 244.0), (268.3, 236.5), (288.8, 236.5), (303.7, 249.6), (307.5, 264.5), (307.5, 281.3), (307.5, 300.0), (322.4, 307.5), (337.3, 307.5), (357.9, 307.5), (372.8, 316.8), (372.8, 331.7), (372.8, 346.7), (372.8, 361.6), (372.8, 372.8), (372.8, 372.8), (372.8, 372.8), (372.8, 372.8), (372.8, 372.8), (372.8, 372.8), (372.8, 372.8), (372.8, 372.8), (372.8, 372.8), (372.8, 372.8), (372.8, 372.8), (372.8, 372.8), (372.8, 372.8), (372.8, 372.8), (372.8, 372.8), (372.8, 372.8), (372.8, 372.8), (372.8, 372.8), (372.8, 372.8), (372.8, 372.8), (372.8, 372.8), (372.8, 372.8), (372.8, 372.8), (372.8, 372.8), (372.8, 372.8), (372.8, 372.8), (372.8, 372.8), (372.8, 372.8), (372.8, 372.8), (372.8, 372.8), (372.8, 372.8), (372.8, 372.8), (372.8, 372.8), (372.8, 372.8), (372.8, 372.8), (372.8, 372.8)]",0,1,12.0
novice,bomberman,2,Bomb,4,0,24.42,0.926,"[(48.0, 48.0), (62.9, 51.7), (77.9, 51.7), (98.4, 51.7), (113.3, 57.3), (115.2, 72.3), (115.2, 89.1), (115.2, 107.7), (128.3, 115.2), (143.2, 115.2), (165.6, 115.2), (180.5, 124.5), (180.5, 128.3), (180.5, 128.3), (180.5, 128.3), (180.5, 128.3), (180.5, 128.3), (180.5, 128.3), (180.5, 128.3), (180.5, 128.3), (180.5, 128.3), (180.5, 128.3), (180.5, 128.3), (180.5, 128.3), (180.5, 128.3), (180.5, 128.3), (180.5, 128.3), (180.5, 128.3), (180.5, 128.3), (180.5, 128.3), (180.5, 128.3), (180.5, 137.6), (180.5, 152.5), (180.5, 167.5), (189.9, 180.5), (204.8, 180.5), (227.2, 180.5), (242.1, 188.0), (244.0, 202.9), (244.0, 217.9), (244.0, 232.8), (255.2, 244.0), (270.1, 236.5), (290.7, 236.5), (305.6, 249.6), (307.5, 264.5), (307.5, 281.3), (307.5, 300.0), (322.4, 307.5), (337.3, 307.5), (357.9, 307.5), (372.8, 316.8), (372.8, 331.7), (372.8, 346.7), (372.8, 361.6), (372.8, 372.8), (372.8, 372.8), (372.8, 372.8), (372.8, 372.8), (372.8, 372.8), (372.8, 372.8), (372.8, 372.8), (372.8, 372.8), (372.8, 372.8), (372.8, 372.8), (372.8, 372.8), (372.8, 372.8), (372.8, 372.8), (372.8, 372.8), (372.8, 372.8), (372.8, 372.8), (372.8, 372.8), (372.8, 372.8), (372.8, 372.8), (372.8, 372.8), (372.8, 372.8), (372.8, 372.8), (372.8, 372.8), (372.8, 372.8), (372.8, 372.8), (372.8, 372.8), (372.8, 372.8), (372.8, 372.8), (372.8, 372.8), (372.8, 372.8), (372.8, 372.8), (372.8, 372.8), (372.8, 372.8), (372.8, 372.8), (372.8, 372.8), (372.8, 372.8)]",0,1,12.0
novice,bomberman,2,Bomb,2,0,21.0,0.259,"[(48.0, 48.0), (62.9, 51.7), (77.9, 51.7), (98.4, 51.7), (113.3, 57.3), (115.2, 72.3), (115.2, 89.1), (115.2, 107.7), (128.3, 115.2), (143.2, 115.2), (158.1, 115.2), (165.6, 115.2), (165.6, 115.2), (165.6, 115.2), (165.6, 115.2), (165.6, 115.2), (165.6, 115.2), (165.6, 115.2), (165.6, 115.2), (165.6, 115.2), (165.6, 115.2), (165.6, 115.2), (165.6, 115.2), (165.6, 115.2), (165.6, 115.2), (165.6, 115.2), (165.6, 115.2), (165.6, 115.2), (165.6, 115.2), (165.6, 115.2), (165.6, 115.2), (165.6, 109.6), (165.6, 109.6), (165.6, 109.6), (165.6, 109.6), (165.6, 109.6), (165.6, 109.6), (165.6, 109.6), (165.6, 109.6), (165.6, 109.6), (165.6, 109.6), (165.6, 109.6), (165.6, 109.6), (165.6, 109.6), (165.6, 109.6), (165.6, 109.6), (165.6, 109.6), (165.6, 109.6), (165.6, 109.6), (165.6, 109.6), (165.6, 109.6), (165.6, 109.6), (165.6, 109.6), (165.6, 109.6), (165.6, 109.6), (165.6, 109.6), (165.6, 109.6), (176.8, 109.6), (191.7, 109.6), (206.7, 109.6), (221.6, 109.6)]",0,0,8.0
novice,bomberman,2,Bomb,28,0,25.51,0.926,"[(48.0, 48.0), (62.9, 51.7), (77.9, 51.7), (98.4, 51.7), (113.3, 57.3), (115.2, 72.3), (115.2, 89.1), (115.2, 107.7), (128.3, 115.2), (143.2, 115.2), (165.6, 115.2), (180.5, 124.5), (180.5, 132.0), (180.5, 128.3), (180.5, 128.3), (180.5, 132.0), (180.5, 128.3), (180.5, 128.3), (180.5, 132.0), (180.5, 128.3), (180.5, 128.3), (180.5, 132.0), (180.5, 128.3), (180.5, 128.3), (180.5, 132.0), (180.5, 128.3), (180.5, 128.3), (180.5, 143.2), (180.5, 165.6), (188.0, 180.5), (202.9, 180.5), (217.9, 180.5), (232.8, 180.5), (244.0, 193.6), (244.0, 208.5), (244.0, 223.5), (245.9, 238.4), (260.8, 244.0), (275.7, 244.0), (290.7, 244.0), (305.6, 251.5), (307.5, 266.4), (307.5, 285.1), (309.3, 301.9), (324.3, 307.5), (339.2, 307.5), (359.7, 307.5), (372.8, 318.7), (372.8, 333.6), (372.8, 348.5), (372.8, 363.5), (372.8, 372.8), (372.8, 372.8), (372.8, 372.8), (372.8, 372.8), (372.8, 372.8), (372.8, 372.8), (372.8, 372.8), (372.8, 372.8), (372.8, 372.8), (372.8, 372.8), (372.8, 372.8), (372.8, 372.8), (372.8, 372.8), (372.8, 372.8), (372.8, 372.8), (372.8, 372.8), (372.8, 372.8), (372.8, 372.8), (372.8, 372.8), (372.8, 372.8), (372.8, 372.8), (372.8, 372.8), (372.8, 372.8), (372.8, 372.8), (372.8, 372.8), (372.8, 372.8), (372.8, 372.8), (372.8, 372.8), (372.8, 372.8), (372.8, 372.8), (372.8, 372.8), (372.8, 372.8), (372.8, 372.8), (372.8, 372.8), (372.8, 372.8), (372.8, 372.8), (372.8, 372.8), (372.8, 372.8), (372.8, 372.8), (372.8, 372.8)]",0,1,12.0
novice,bomberman,2,Bomb,3,0,23.83,0.926,"[(48.0, 48.0), (62.9, 51.7), (77.9, 51.7), (98.4, 51.7), (113.3, 57.3), (115.2, 72.3), (115.2, 89.1), (115.2, 107.7), (128.3, 115.2), (143.2, 115.2), (165.6, 115.2), (180.5, 124.5), (180.5, 139.5), (180.5, 160.0), (184.3, 176.8), (193.6, 174.9), (197.3, 174.9), (197.3, 176.8), (197.3, 178.7), (195.5, 176.8), (193.6, 174.9), (191.7, 173.1), (193.6, 173.1), (195.5, 173.1), (197.3, 173.1), (197.3, 174.9), (197.3, 176.8), (197.3, 178.7), (214.1, 173.1), (234.7, 180.5), (244.0, 195.5), (244.0, 210.4), (244.0, 225.3), (247.7, 240.3), (262.7, 240.3), (279.5, 236.5), (298.1, 242.1), (307.5, 257.1), (307.5, 272.0), (307.5, 292.5), (314.9, 307.5), (329.9, 307.5), (350.4, 307.5), (365.3, 309.3), (372.8, 324.3), (372.8, 339.2), (372.8, 354.1), (372.8, 369.1), (372.8, 372.8), (372.8, 372.8), (372.8, 372.8), (372.8, 372.8), (372.8, 372.8), (372.8, 372.8), (372.8, 372.8), (372.8, 372.8), (372.8, 372.8), (372.8, 372.8), (372.8, 372.8), (372.8, 372.8), (372.8, 372.8), (372.8, 372.8), (372.8, 372.8), (372.8, 372.8), (372.8, 372.8), (372.8, 372.8), (372.8, 372.8), (372.8, 372.8), (372.8, 372.8), (372.8, 372.8), (372.8, 372.8), (372.8, 372.8), (372.8, 372.8), (372.8, 372.8), (372.8, 372.8), (372.8, 372.8), (372.8, 372.8), (372.8, 372.8), (372.8, 372.8), (372.8, 372.8), (372.8, 372.8), (372.8, 372.8), (372.8, 372.8), (372.8, 372.8), (372.8, 372.8), (372.8, 372.8), (372.8, 372.8), (372.8, 372.8), (372.8, 372.8), (372.8, 372.8), (372.8, 372.8), (372.8, 372.8), (372.8, 372.8)]",0,1,12.3
novice,bomberman,2,Bomb,6,0,22.2,0.926,"[(48.0, 48.0), (62.9, 51.7), (77.9, 51.7), (98.4, 51.7), (113.3, 57.3), (115.2, 72.3), (115.2, 89.1), (115.2, 107.7), (128.3, 115.2), (143.2, 115.2), (165.6, 115.2), (180.5, 124.5), (180.5, 139.5), (180.5, 154.4), (180.5, 169.3), (191.7, 180.5), (206.7, 180.5), (227.2, 180.5), (227.2, 180.5), (227.2, 180.5), (227.2, 180.5), (227.2, 180.5), (227.2, 180.5), (227.2, 180.5), (227.2, 180.5), (227.2, 180.5), (227.2, 180.5), (227.2, 180.5), (227.2, 180.5), (227.2, 180.5), (227.2, 180.5), (227.2, 180.5), (227.2, 180.5), (227.2, 180.5), (230.9, 180.5), (244.0, 191.7), (244.0, 206.7), (244.0, 221.6), (244.0, 236.5), (258.9, 244.0), (273.9, 244.0), (294.4, 244.0), (307.5, 255.2), (307.5, 270.1), (307.5, 290.7), (313.1, 305.6), (328.0, 307.5), (346.7, 307.5), (363.5, 307.5), (372.8, 322.4), (372.8, 337.3), (372.8, 352.3), (372.8, 367.2), (372.8, 372.8), (372.8, 372.8), (372.8, 372.8), (372.8, 372.8), (372.8, 372.8), (372.8, 372.8), (372.8, 372.8), (372.8, 372.8), (372.8, 372.8), (372.8, 372.8), (372.8, 372.8), (372.8, 372.8), (372.8, 372.8), (372.8, 372.8), (372.8, 372.8), (372.8, 372.8), (372.8, 372.8), (372.8, 372.8), (372.8, 372.8), (372.8, 372.8), (372.8, 372.8), (372.8, 372.8), (372.8, 372.8), (372.8, 372.8), (372.8, 372.8), (372.8, 372.8), (372.8, 372.8), (372.8, 372.8), (372.8, 372.8), (372.8, 372.8), (372.8, 372.8), (372.8, 372.8), (372.8, 372.8), (372.8, 372.8), (372.8, 372.8), (372.8, 372.8), (372.8, 372.8), (372.8, 372.8), (372.8, 372.8), (372.8, 372.8), (372.8, 372.8), (372.8, 372.8), (372.8, 372.8), (372.8, 372.8), (372.8, 372.8), (372.8, 372.8), (372.8, 372.8)]",0,1,13.2
novice,bomberman,2,Bomb,6,0,22.2,0.926,"[(48.0, 48.0), (62.9, 51.7), (77.9, 51.7), (98.4, 51.7), (113.3, 57.3), (115.2, 72.3), (115.2, 89.1), (115.2, 107.7), (128.3, 115.2), (143.2, 115.2), (165.6, 115.2), (180.5, 124.5), (180.5, 139.5), (180.5, 154.4), (180.5, 169.3), (191.7, 180.5), (206.7, 180.5), (227.2, 180.5), (227.2, 180.5), (227.2, 180.5), (227.2, 180.5), (227.2, 180.5), (227.2, 180.5), (227.2, 180.5), (227.2, 180.5), (227.2, 180.5), (227.2, 180.5), (227.2, 180.5), (227.2, 180.5), (227.2, 180.5), (227.2, 180.5), (227.2, 180.5), (227.2, 180.5), (227.2, 180.5), (230.9, 180.5), (244.0, 191.7), (244.0, 206.7), (244.0, 221.6), (244.0, 236.5), (258.9, 244.0), (273.9, 244.0), (294.4, 244.0), (307.5, 255.2), (307.5, 270.1), (307.5, 290.7), (313.1, 305.6), (328.0, 307.5), (346.7, 307.5), (363.5, 307.5), (372.8, 322.4), (372.8, 337.3), (372.8, 352.3), (372.8, 367.2), (372.8, 372.8), (372.8, 372.8), (372.8, 372.8), (372.8, 372.8), (372.8, 372.8), (372.8, 372.8), (372.8, 372.8), (372.8, 372.8), (372.8, 372.8), (372.8, 372.8), (372.8, 372.8), (372.8, 372.8), (372.8, 372.8), (372.8, 372.8), (372.8, 372.8), (372.8, 372.8), (372.8, 372.8), (372.8, 372.8), (372.8, 372.8), (372.8, 372.8), (372.8, 372.8), (372.8, 372.8), (372.8, 372.8), (372.8, 372.8), (372.8, 372.8), (372.8, 372.8), (372.8, 372.8), (372.8, 372.8), (372.8, 372.8), (372.8, 372.8), (372.8, 372.8), (372.8, 372.8), (372.8, 372.8), (372.8, 372.8), (372.8, 372.8), (372.8, 372.8), (372.8, 372.8), (372.8, 372.8), (372.8, 372.8), (372.8, 372.8), (372.8, 372.8), (372.8, 372.8), (372.8, 372.8), (372.8, 372.8), (372.8, 372.8), (372.8, 372.8), (372.8, 372.8)]",0,1,13.2
novice,bomberman,2,Bomb,3,0,23.83,0.926,"[(48.0, 48.0), (62.9, 51.7), (77.9, 51.7), (98.4, 51.7), (113.3, 57.3), (115.2, 72.3), (115.2, 89.1), (115.2, 107.7), (128.3, 115.2), (143.2, 115.2), (165.6, 115.2), (180.5, 124.5), (180.5, 139.5), (180.5, 160.0), (184.3, 176.8), (193.6, 174.9), (197.3, 174.9), (197.3, 176.8), (197.3, 178.7), (195.5, 176.8), (193.6, 174.9), (191.7, 173.1), (193.6, 173.1), (195.5, 173.1), (197.3, 173.1), (197.3, 174.9), (197.3, 176.8), (197.3, 178.7), (214.1, 173.1), (234.7, 180.5), (244.0, 195.5), (244.0, 210.4), (244.0, 225.3), (247.7, 240.3), (262.7, 240.3), (279.5, 236.5), (298.1, 242.1), (307.5, 257.1), (307.5, 272.0), (307.5, 292.5), (314.9, 307.5), (329.9, 307.5), (350.4, 307.5), (365.3, 309.3), (372.8, 324.3), (372.8, 339.2), (372.8, 354.1), (372.8, 369.1), (372.8, 372.8), (372.8, 372.8), (372.8, 372.8), (372.8, 372.8), (372.8, 372.8), (372.8, 372.8), (372.8, 372.8), (372.8, 372.8), (372.8, 372.8), (372.8, 372.8), (372.8, 372.8), (372.8, 372.8), (372.8, 372.8), (372.8, 372.8), (372.8, 372.8), (372.8, 372.8), (372.8, 372.8), (372.8, 372.8), (372.8, 372.8), (372.8, 372.8), (372.8, 372.8), (372.8, 372.8), (372.8, 372.8), (372.8, 372.8), (372.8, 372.8), (372.8, 372.8), (372.8, 372.8), (372.8, 372.8), (372.8, 372.8), (372.8, 372.8), (372.8, 372.8), (372.8, 372.8), (372.8, 372.8), (372.8, 372.8), (372.8, 372.8), (372.8, 372.8), (372.8, 372.8), (372.8, 372.8), (372.8, 372.8), (372.8, 372.8), (372.8, 372.8), (372.8, 372.8), (372.8, 372.8), (372.8, 372.8), (372.8, 372.8)]",0,1,12.3
novice,bomberman,2,Bomb,28,0,25.51,0.926,"[(48.0, 48.0), (62.9, 51.7), (77.9, 51.7), (98.4, 51.7), (113.3, 57.3), (115.2, 72.3), (115.2, 89.1), (115.2, 107.7), (128.3, 115.2), (143.2, 115.2), (165.6, 115.2), (180.5, 124.5), (180.5, 132.0), (180.5, 128.3), (180.5, 128.3), (180.5, 132.0), (180.5, 128.3), (180.5, 128.3), (180.5, 132.0), (180.5, 128.3), (180.5, 128.3), (180.5, 132.0), (180.5, 128.3), (180.5, 128.3), (180.5, 132.0), (180.5, 128.3), (180.5, 128.3), (180.5, 143.2), (180.5, 165.6), (188.0, 180.5), (202.9, 180.5), (217.9, 180.5), (232.8, 180.5), (244.0, 193.6), (244.0, 208.5), (244.0, 223.5), (245.9, 238.4), (260.8, 244.0), (275.7, 244.0), (290.7, 244.0), (305.6, 251.5), (307.5, 266.4), (307.5, 285.1), (309.3, 301.9), (324.3, 307.5), (339.2, 307.5), (359.7, 307.5), (372.8, 318.7), (372.8, 333.6), (372.8, 348.5), (372.8, 363.5), (372.8, 372.8), (372.8, 372.8), (372.8, 372.8), (372.8, 372.8), (372.8, 372.8), (372.8, 372.8), (372.8, 372.8), (372.8, 372.8), (372.8, 372.8), (372.8, 372.8), (372.8, 372.8), (372.8, 372.8), (372.8, 372.8), (372.8, 372.8), (372.8, 372.8), (372.8, 372.8), (372.8, 372.8), (372.8, 372.8), (372.8, 372.8), (372.8, 372.8), (372.8, 372.8), (372.8, 372.8), (372.8, 372.8), (372.8, 372.8), (372.8, 372.8), (372.8, 372.8), (372.8, 372.8), (372.8, 372.8), (372.8, 372.8), (372.8, 372.8), (372.8, 372.8), (372.8, 372.8), (372.8, 372.8), (372.8, 372.8), (372.8, 372.8), (372.8, 372.8), (372.8, 372.8), (372.8, 372.8), (372.8, 372.8), (372.8, 372.8)]",0,1,12.0
novice,bomberman,2,Bomb,4,0,24.42,0.926,"[(48.0, 48.0), (62.9, 51.7), (77.9, 51.7), (98.4, 51.7), (113.3, 57.3), (115.2, 72.3), (115.2, 89.1), (115.2, 107.7), (128.3, 115.2), (143.2, 115.2), (165.6, 115.2), (180.5, 124.5), (180.5, 128.3), (180.5, 128.3), (180.5, 128.3), (180.5, 128.3), (180.5, 128.3), (180.5, 128.3), (180.5, 128.3), (180.5, 128.3), (180.5, 128.3), (180.5, 128.3), (180.5, 128.3), (180.5, 128.3), (180.5, 128.3), (180.5, 128.3), (180.5, 128.3), (180.5, 128.3), (180.5, 128.3), (180.5, 128.3), (180.5, 128.3), (180.5, 137.6), (180.5, 152.5), (180.5, 167.5), (189.9, 180.5), (204.8, 180.5), (227.2, 180.5), (242.1, 188.0), (244.0, 202.9), (244.0, 217.9), (244.0, 232.8), (255.2, 244.0), (270.1, 236.5), (290.7, 236.5), (305.6, 249.6), (307.5, 264.5), (307.5, 281.3), (307.5, 300.0), (322.4, 307.5), (337.3, 307.5), (357.9, 307.5), (372.8, 316.8), (372.8, 331.7), (372.8, 346.7), (372.8, 361.6), (372.8, 372.8), (372.8, 372.8), (372.8, 372.8), (372.8, 372.8), (372.8, 372.8), (372.8, 372.8), (372.8, 372.8), (372.8, 372.8), (372.8, 372.8), (372.8, 372.8), (372.8, 372.8), (372.8, 372.8), (372.8, 372.8), (372.8, 372.8), (372.8, 372.8), (372.8, 372.8), (372.8, 372.8), (372.8, 372.8), (372.8, 372.8), (372.8, 372.8), (372.8, 372.8), (372.8, 372.8), (372.8, 372.8), (372.8, 372.8), (372.8, 372.8), (372.8, 372.8), (372.8, 372.8), (372.8, 372.8), (372.8, 372.8), (372.8, 372.8), (372.8, 372.8), (372.8, 372.8), (372.8, 372.8), (372.8, 372.8), (372.8, 372.8), (372.8, 372.8)]",0,1,12.0
novice,bomberman,2,Bomb,13,0,24.42,0.926,"[(48.0, 48.0), (62.9, 51.7), (77.9, 51.7), (98.4, 51.7), (113.3, 57.3), (115.2, 72.3), (115.2, 89.1), (115.2, 107.7), (128.3, 115.2), (143.2, 115.2), (165.6, 115.2), (180.5, 124.5), (180.5, 128.3), (180.5, 128.3), (180.5, 128.3), (180.5, 128.3), (180.5, 128.3), (180.5, 128.3), (180.5, 128.3), (180.5, 128.3), (180.5, 128.3), (180.5, 128.3), (180.5, 128.3), (180.5, 128.3), (180.5, 128.3), (180.5, 128.3), (180.5, 128.3), (180.5, 132.0), (180.5, 128.3), (180.5, 128.3), (180.5, 132.0), (180.5, 135.7), (180.5, 152.5), (180.5, 173.1), (195.5, 180.5), (210.4, 180.5), (232.8, 180.5), (244.0, 193.6), (244.0, 208.5), (244.0, 223.5), (245.9, 238.4), (260.8, 242.1), (275.7, 236.5), (296.3, 240.3), (307.5, 255.2), (307.5, 270.1), (307.5, 290.7), (313.1, 305.6), (328.0, 307.5), (346.7, 307.5), (363.5, 307.5), (372.8, 322.4), (372.8, 337.3), (372.8, 352.3), (372.8, 367.2), (372.8, 372.8), (372.8, 372.8), (372.8, 372.8), (372.8, 372.8), (372.8, 372.8), (372.8, 372.8), (372.8, 372.8), (372.8, 372.8), (372.8, 372.8), (372.8, 372.8), (372.8, 372.8), (372.8, 372.8), (372.8, 372.8), (372.8, 372.8), (372.8, 372.8), (372.8, 372.8), (372.8, 372.8), (372.8, 372.8), (372.8, 372.8), (372.8, 372.8), (372.8, 372.8), (372.8, 372.8), (372.8, 372.8), (372.8, 372.8), (372.8, 372.8), (372.8, 372.8), (372.8, 372.8), (372.8, 372.8), (372.8, 372.8), (372.8, 372.8), (372.8, 372.8), (372.8, 372.8), (372.8, 372.8), (372.8, 372.8), (372.8, 372.8), (372.8, 372.8)]",0,1,12.0
novice,bomberman,2,Bomb,35,0,18.78,0.926,"[(48.0, 48.0), (62.9, 51.7), (77.9, 51.7), (98.4, 51.7), (113.3, 57.3), (115.2, 72.3), (115.2, 89.1), (115.2, 107.7), (128.3, 115.2), (143.2, 115.2), (165.6, 115.2), (180.5, 124.5), (180.5, 132.0), (180.5, 128.3), (180.5, 128.3), (180.5, 132.0), (180.5, 128.3), (180.5, 128.3), (180.5, 132.0), (180.5, 128.3), (180.5, 128.3), (180.5, 132.0), (180.5, 128.3), (180.5, 128.3), (180.5, 132.0), (180.5, 128.3), (180.5, 128.3), (180.5, 132.0), (180.5, 128.3), (180.5, 128.3), (180.5, 132.0), (180.5, 132.0), (180.5, 132.0), (180.5, 132.0), (180.5, 132.0), (180.5, 132.0), (180.5, 132.0), (180.5, 132.0), (180.5, 132.0), (180.5, 132.0), (180.5, 132.0), (180.5, 132.0), (180.5, 132.0), (180.5, 132.0), (180.5, 132.0), (180.5, 132.0), (180.5, 132.0), (180.5, 132.0), (180.5, 132.0), (180.5, 132.0), (180.5, 132.0), (180.5, 132.0), (180.5, 132.0), (180.5, 132.0), (180.5, 132.0), (180.5, 132.0), (180.5, 132.0), (180.5, 143.2), (180.5, 158.1), (180.5, 173.1), (195.5, 180.5), (210.4, 180.5), (225.3, 180.5), (240.3, 186.1), (244.0, 201.1), (244.0, 216.0), (244.0, 230.9), (253.3, 244.0), (268.3, 244.0), (288.8, 244.0), (303.7, 249.6), (307.5, 264.5), (307.5, 281.3), (307.5, 300.0), (322.4, 307.5), (337.3, 307.5), (357.9, 307.5), (372.8, 316.8), (372.8, 331.7), (372.8, 346.7), (372.8, 361.6), (372.8, 372.8), (372.8, 372.8), (372.8, 372.8), (372.8, 372.8), (372.8, 372.8), (372.8, 372.8), (372.8, 372.8), (372.8, 372.8), (372.8, 372.8), (372.8, 372.8), (372.8, 372.8), (372.8, 372.8), (372.8, 372.8), (372.8, 372.8), (372.8, 372.8), (372.8, 372.8), (372.8, 372.8), (372.8, 372.8), (372.8, 372.8), (372.8, 372.8), (372.8, 372.8), (372.8, 372.8), (372.8, 372.8), (372.8, 372.8), (372.8, 372.8), (372.8, 372.8), (372.8, 372.8), (372.8, 372.8), (372.8, 372.8), (372.8, 372.8), (372.8, 372.8), (372.8, 372.8), (372.8, 372.8), (372.8, 372.8), (372.8, 372.8), (372.8, 372.8), (372.8, 372.8), (372.8, 372.8), (372.8, 372.8), (372.8, 372.8)]",0,1,16.0
novice,bomberman,2,Bomb,6,0,25.04,0.926,"[(48.0, 48.0), (62.9, 51.7), (77.9, 51.7), (98.4, 51.7), (113.3, 57.3), (115.2, 72.3), (115.2, 89.1), (115.2, 107.7), (128.3, 115.2), (143.2, 115.2), (165.6, 115.2), (180.5, 124.5), (180.5, 132.0), (180.5, 128.3), (180.5, 128.3), (180.5, 132.0), (180.5, 128.3), (180.5, 128.3), (180.5, 132.0), (180.5, 128.3), (180.5, 128.3), (180.5, 132.0), (180.5, 128.3), (180.5, 128.3), (180.5, 132.0), (180.5, 128.3), (180.5, 128.3), (180.5, 132.0), (180.5, 128.3), (180.5, 128.3), (180.5, 132.0), (180.5, 135.7), (180.5, 152.5), (180.5, 173.1), (195.5, 180.5), (210.4, 180.5), (225.3, 180.5), (240.3, 186.1), (244.0, 201.1), (244.0, 216.0), (244.0, 230.9), (253.3, 244.0), (268.3, 236.5), (288.8, 236.5), (303.7, 249.6), (307.5, 264.5), (307.5, 281.3), (307.5, 300.0), (322.4, 307.5), (337.3, 300.0), (357.9, 301.9), (372.8, 316.8), (372.8, 331.7), (372.8, 346.7), (372.8, 361.6), (372.8, 372.8), (372.8, 372.8), (372.8, 372.8), (372.8, 372.8), (372.8, 372.8), (372.8, 372.8), (372.8, 372.8), (372.8, 372.8), (372.8, 372.8), (372.8, 372.8), (372.8, 372.8), (372.8, 372.8), (372.8, 372.8), (372.8, 372.8), (372.8, 372.8), (372.8, 372.8), (372.8, 372.8), (372.8, 372.8), (372.8, 372.8), (372.8, 372.8), (372.8, 372.8), (372.8, 372.8), (372.8, 372.8), (372.8, 372.8), (372.8, 372.8), (372.8, 372.8), (372.8, 372.8), (372.8, 372.8), (372.8, 372.8), (372.8, 372.8), (372.8, 372.8), (372.8, 372.8), (372.8, 372.8), (372.8, 372.8), (372.8, 372.8), (372.8, 372.8)]",0,1,12.0
novice,bomberman,2,Bomb,5,0,24.42,0.926,"[(48.0, 48.0), (62.9, 51.7), (77.9, 51.7), (98.4, 51.7), (113.3, 57.3), (115.2, 72.3), (115.2, 89.1), (115.2, 107.7), (128.3, 115.2), (143.2, 115.2), (165.6, 115.2), (180.5, 124.5), (180.5, 139.5), (180.5, 160.0), (184.3, 176.8), (199.2, 180.5), (217.9, 180.5), (236.5, 182.4), (244.0, 197.3), (244.0, 212.3), (244.0, 227.2), (249.6, 242.1), (264.5, 240.3), (283.2, 236.5), (300.0, 245.9), (307.5, 260.8), (307.5, 275.7), (307.5, 296.3), (318.7, 307.5), (333.6, 307.5), (354.1, 307.5), (369.1, 313.1), (372.8, 328.0), (372.8, 342.9), (372.8, 357.9), (372.8, 372.8), (372.8, 372.8), (372.8, 372.8), (372.8, 372.8), (372.8, 372.8), (372.8, 372.8), (372.8, 372.8), (372.8, 372.8), (372.8, 372.8), (372.8, 372.8), (372.8, 372.8), (372.8, 372.8), (372.8, 372.8), (372.8, 372.8), (372.8, 372.8), (372.8, 372.8), (372.8, 372.8), (372.8, 372.8), (372.8, 372.8), (372.8, 372.8), (372.8, 372.8), (372.8, 372.8), (372.8, 372.8), (372.8, 372.8), (372.8, 372.8), (372.8, 372.8), (372.8, 372.8), (372.8, 372.8), (372.8, 372.8), (372.8, 372.8), (372.8, 372.8), (372.8, 372.8), (372.8, 372.8), (372.8, 372.8), (372.8, 372.8), (372.8, 372.8), (372.8, 372.8), (372.8, 372.8), (372.8, 372.8), (372.8, 372.8), (372.8, 372.8), (372.8, 372.8), (372.8, 372.8), (372.8, 372.8), (372.8, 372.8), (372.8, 372.8), (372.8, 372.8), (372.8, 372.8), (372.8, 372.8), (372.8, 372.8), (372.8, 372.8), (372.8, 372.8), (372.8, 372.8), (372.8, 372.8), (372.8, 372.8), (372.8, 372.8)]",0,1,12.0
novice,bomberman,2,Bomb,7,0,24.32,0.926,"[(48.0, 48.0), (62.9, 51.7), (77.9, 51.7), (98.4, 51.7), (113.3, 57.3), (115.2, 72.3), (115.2, 89.1), (115.2, 107.7), (128.3, 115.2), (143.2, 115.2), (165.6, 115.2), (180.5, 124.5), (180.5, 139.5), (180.5, 154.4), (180.5, 169.3), (191.7, 180.5), (206.7, 180.5), (229.1, 180.5), (244.0, 189.9), (244.0, 204.8), (244.0, 219.7), (244.0, 234.7), (257.1, 244.0), (272.0, 244.0), (292.5, 244.0), (307.5, 253.3), (307.5, 268.3), (307.5, 288.8), (311.2, 303.7), (326.1, 307.5), (342.9, 307.5), (361.6, 307.5), (372.8, 320.5), (372.8, 335.5), (372.8, 350.4), (372.8, 365.3), (372.8, 372.8), (372.8, 372.8), (372.8, 372.8), (372.8, 372.8), (372.8, 372.8), (372.8, 372.8), (372.8, 372.8), (372.8, 372.8), (372.8, 372.8), (372.8, 372.8), (372.8, 372.8), (372.8, 372.8), (372.8, 372.8), (372.8, 372.8), (372.8, 372.8), (372.8, 372.8), (372.8, 372.8), (372.8, 372.8), (372.8, 372.8), (372.8, 372.8), (372.8, 372.8), (372.8, 372.8), (372.8, 372.8), (372.8, 372.8), (372.8, 372.8), (372.8, 372.8), (372.8, 372.8), (372.8, 372.8), (372.8, 372.8), (372.8, 372.8), (372.8, 372.8), (372.8, 372.8), (372.8, 372.8), (372.8, 372.8), (372.8, 372.8), (372.8, 372.8), (372.8, 372.8), (372.8, 372.8), (372.8, 372.8), (372.8, 372.8), (372.8, 372.8), (372.8, 372.8), (372.8, 372.8), (372.8, 372.8), (372.8, 372.8), (372.8, 372.8), (372.8, 372.8), (372.8, 372.8), (372.8, 372.8), (372.8, 372.8), (372.8, 372.8), (372.8, 372.8), (372.8, 372.8), (372.8, 372.8), (372.8, 372.8)]",0,1,12.05
novice,bomberman,2,Bomb,6,0,35.14,0.926,"[(48.0, 48.0), (62.9, 51.7), (77.9, 51.7), (98.4, 51.7), (113.3, 57.3), (115.2, 72.3), (115.2, 89.1), (115.2, 107.7), (128.3, 115.2), (143.2, 115.2), (165.6, 115.2), (180.5, 124.5), (180.5, 139.5), (180.5, 160.0), (184.3, 176.8), (199.2, 180.5), (217.9, 180.5), (236.5, 182.4), (244.0, 197.3), (244.0, 212.3), (244.0, 234.7), (257.1, 244.0), (272.0, 240.3), (286.9, 240.3), (301.9, 247.7), (307.5, 262.7), (307.5, 277.6), (307.5, 298.1), (320.5, 307.5), (335.5, 307.5), (356.0, 307.5), (370.9, 314.9), (372.8, 329.9), (372.8, 344.8), (372.8, 359.7), (372.8, 372.8), (372.8, 372.8), (372.8, 372.8), (372.8, 372.8), (372.8, 372.8), (372.8, 372.8), (372.8, 372.8), (372.8, 372.8), (372.8, 372.8), (372.8, 372.8), (372.8, 372.8), (372.8, 372.8), (372.8, 372.8), (372.8, 372.8), (372.8, 372.8), (372.8, 372.8), (372.8, 372.8), (372.8, 372.8), (372.8, 372.8), (372.8, 372.8), (372.8, 372.8), (372.8, 372.8), (372.8, 372.8), (372.8, 372.8), (372.8, 372.8), (372.8, 372.8), (372.8, 372.8), (372.8, 372.8), (372.8, 372.8)]",0,1,8.5
novice,bomberman,2,Bomb,6,0,35.14,0.926,"[(48.0, 48.0), (62.9, 51.7), (77.9, 51.7), (98.4, 51.7), (113.3, 57.3), (115.2, 72.3), (115.2, 89.1), (115.2, 107.7), (128.3, 115.2), (143.2, 115.2), (165.6, 115.2), (180.5, 124.5), (180.5, 139.5), (180.5, 160.0), (184.3, 176.8), (199.2, 180.5), (217.9, 180.5), (236.5, 182.4), (244.0, 197.3), (244.0, 212.3), (244.0, 234.7), (257.1, 244.0), (272.0, 240.3), (286.9, 240.3), (301.9, 247.7), (307.5, 262.7), (307.5, 277.6), (307.5, 298.1), (320.5, 307.5), (335.5, 307.5), (356.0, 307.5), (370.9, 314.9), (372.8, 329.9), (372.8, 344.8), (372.8, 359.7), (372.8, 372.8), (372.8, 372.8), (372.8, 372.8), (372.8, 372.8), (372.8, 372.8), (372.8, 372.8), (372.8, 372.8), (372.8, 372.8), (372.8, 372.8), (372.8, 372.8), (372.8, 372.8), (372.8, 372.8), (372.8, 372.8), (372.8, 372.8), (372.8, 372.8), (372.8, 372.8), (372.8, 372.8), (372.8, 372.8), (372.8, 372.8), (372.8, 372.8), (372.8, 372.8), (372.8, 372.8), (372.8, 372.8), (372.8, 372.8), (372.8, 372.8), (372.8, 372.8), (372.8, 372.8), (372.8, 372.8), (372.8, 372.8)]",0,1,8.5
novice,bomberman,2,Bomb,7,0,24.32,0.926,"[(48.0, 48.0), (62.9, 51.7), (77.9, 51.7), (98.4, 51.7), (113.3, 57.3), (115.2, 72.3), (115.2, 89.1), (115.2, 107.7), (128.3, 115.2), (143.2, 115.2), (165.6, 115.2), (180.5, 124.5), (180.5, 139.5), (180.5, 154.4), (180.5, 169.3), (191.7, 180.5), (206.7, 180.5), (229.1, 180.5), (244.0, 189.9), (244.0, 204.8), (244.0, 219.7), (244.0, 234.7), (257.1, 244.0), (272.0, 244.0), (292.5, 244.0), (307.5, 253.3), (307.5, 268.3), (307.5, 288.8), (311.2, 303.7), (326.1, 307.5), (342.9, 307.5), (361.6, 307.5), (372.8, 320.5), (372.8, 335.5), (372.8, 350.4), (372.8, 365.3), (372.8, 372.8), (372.8, 372.8), (372.8, 372.8), (372.8, 372.8), (372.8, 372.8), (372.8, 372.8), (372.8, 372.8), (372.8, 372.8), (372.8, 372.8), (372.8, 372.8), (372.8, 372.8), (372.8, 372.8), (372.8, 372.8), (372.8, 372.8), (372.8, 372.8), (372.8, 372.8), (372.8, 372.8), (372.8, 372.8), (372.8, 372.8), (372.8, 372.8), (372.8, 372.8), (372.8, 372.8), (372.8, 372.8), (372.8, 372.8), (372.8, 372.8), (372.8, 372.8), (372.8, 372.8), (372.8, 372.8), (372.8, 372.8), (372.8, 372.8), (372.8, 372.8), (372.8, 372.8), (372.8, 372.8), (372.8, 372.8), (372.8, 372.8), (372.8, 372.8), (372.8, 372.8), (372.8, 372.8), (372.8, 372.8), (372.8, 372.8), (372.8, 372.8), (372.8, 372.8), (372.8, 372.8), (372.8, 372.8), (372.8, 372.8), (372.8, 372.8), (372.8, 372.8), (372.8, 372.8), (372.8, 372.8), (372.8, 372.8), (372.8, 372.8), (372.8, 372.8), (372.8, 372.8), (372.8, 372.8), (372.8, 372.8)]",0,1,12.05
novice,bomberman,2,Bomb,5,0,24.42,0.926,"[(48.0, 48.0), (62.9, 51.7), (77.9, 51.7), (98.4, 51.7), (113.3, 57.3), (115.2, 72.3), (115.2, 89.1), (115.2, 107.7), (128.3, 115.2), (143.2, 115.2), (165.6, 115.2), (180.5, 124.5), (180.5, 139.5), (180.5, 160.0), (184.3, 176.8), (199.2, 180.5), (217.9, 180.5), (236.5, 182.4), (244.0, 197.3), (244.0, 212.3), (244.0, 227.2), (249.6, 242.1), (264.5, 240.3), (283.2, 236.5), (300.0, 245.9), (307.5, 260.8), (307.5, 275.7), (307.5, 296.3), (318.7, 307.5), (333.6, 307.5), (354.1, 307.5), (369.1, 313.1), (372.8, 328.0), (372.8, 342.9), (372.8, 357.9), (372.8, 372.8), (372.8, 372.8), (372.8, 372.8), (372.8, 372.8), (372.8, 372.8), (372.8, 372.8), (372.8, 372.8), (372.8, 372.8), (372.8, 372.8), (372.8, 372.8), (372.8, 372.8), (372.8, 372.8), (372.8, 372.8), (372.8, 372.8), (372.8, 372.8), (372.8, 372.8), (372.8, 372.8), (372.8, 372.8), (372.8, 372.8), (372.8, 372.8), (372.8, 372.8), (372.8, 372.8), (372.8, 372.8), (372.8, 372.8), (372.8, 372.8), (372.8, 372.8), (372.8, 372.8), (372.8, 372.8), (372.8, 372.8), (372.8, 372.8), (372.8, 372.8), (372.8, 372.8), (372.8, 372.8), (372.8, 372.8), (372.8, 372.8), (372.8, 372.8), (372.8, 372.8), (372.8, 372.8), (372.8, 372.8), (372.8, 372.8), (372.8, 372.8), (372.8, 372.8), (372.8, 372.8), (372.8, 372.8), (372.8, 372.8), (372.8, 372.8), (372.8, 372.8), (372.8, 372.8), (372.8, 372.8), (372.8, 372.8), (372.8, 372.8), (372.8, 372.8), (372.8, 372.8), (372.8, 372.8), (372.8, 372.8), (372.8, 372.8)]",0,1,12.0
novice,bomberman,2,Bomb,6,0,25.04,0.926,"[(48.0, 48.0), (62.9, 51.7), (77.9, 51.7), (98.4, 51.7), (113.3, 57.3), (115.2, 72.3), (115.2, 89.1), (115.2, 107.7), (128.3, 115.2), (143.2, 115.2), (165.6, 115.2), (180.5, 124.5), (180.5, 132.0), (180.5, 128.3), (180.5, 128.3), (180.5, 132.0), (180.5, 128.3), (180.5, 128.3), (180.5, 132.0), (180.5, 128.3), (180.5, 128.3), (180.5, 132.0), (180.5, 128.3), (180.5, 128.3), (180.5, 132.0), (180.5, 128.3), (180.5, 128.3), (180.5, 132.0), (180.5, 128.3), (180.5, 128.3), (180.5, 132.0), (180.5, 135.7), (180.5, 152.5), (180.5, 173.1), (195.5, 180.5), (210.4, 180.5), (225.3, 180.5), (240.3, 186.1), (244.0, 201.1), (244.0, 216.0), (244.0, 230.9), (253.3, 244.0), (268.3, 236.5), (288.8, 236.5), (303.7, 249.6), (307.5, 264.5), (307.5, 281.3), (307.5, 300.0), (322.4, 307.5), (337.3, 300.0), (357.9, 301.9), (372.8, 316.8), (372.8, 331.7), (372.8, 346.7), (372.8, 361.6), (372.8, 372.8), (372.8, 372.8), (372.8, 372.8), (372.8, 372.8), (372.8, 372.8), (372.8, 372.8), (372.8, 372.8), (372.8, 372.8), (372.8, 372.8), (372.8, 372.8), (372.8, 372.8), (372.8, 372.8), (372.8, 372.8), (372.8, 372.8), (372.8, 372.8), (372.8, 372.8), (372.8, 372.8), (372.8, 372.8), (372.8, 372.8), (372.8, 372.8), (372.8, 372.8), (372.8, 372.8), (372.8, 372.8), (372.8, 372.8), (372.8, 372.8), (372.8, 372.8), (372.8, 372.8), (372.8, 372.8), (372.8, 372.8), (372.8, 372.8), (372.8, 372.8), (372.8, 372.8), (372.8, 372.8), (372.8, 372.8), (372.8, 372.8), (372.8, 372.8)]",0,1,12.0
novice,bomberman,2,Bomb,4,0,18.32,0.926,"[(48.0, 48.0), (62.9, 51.7), (77.9, 51.7), (98.4, 51.7), (113.3, 57.3), (115.2, 72.3), (115.2, 89.1), (115.2, 107.7), (128.3, 115.2), (143.2, 115.2), (165.6, 115.2), (180.5, 124.5), (180.5, 128.3), (180.5, 124.5), (180.5, 124.5), (180.5, 128.3), (180.5, 124.5), (180.5, 124.5), (180.5, 128.3), (180.5, 124.5), (180.5, 124.5), (180.5, 128.3), (180.5, 124.5), (180.5, 124.5), (180.5, 128.3), (180.5, 124.5), (180.5, 124.5), (180.5, 122.7), (180.5, 124.5), (180.5, 126.4), (180.5, 128.3), (180.5, 137.6), (180.5, 152.5), (180.5, 167.5), (189.9, 180.5), (191.7, 180.5), (193.6, 180.5), (189.9, 180.5), (189.9, 180.5), (193.6, 180.5), (189.9, 180.5), (189.9, 180.5), (193.6, 180.5), (189.9, 180.5), (189.9, 180.5), (193.6, 180.5), (189.9, 180.5), (189.9, 180.5), (193.6, 180.5), (189.9, 180.5), (189.9, 180.5), (193.6, 180.5), (189.9, 180.5), (189.9, 180.5), (193.6, 180.5), (189.9, 180.5), (189.9, 180.5), (204.8, 180.5), (227.2, 180.5), (242.1, 188.0), (244.0, 202.9), (244.0, 217.9), (244.0, 232.8), (255.2, 244.0), (270.1, 236.5), (290.7, 238.4), (305.6, 251.5), (307.5, 266.4), (307.5, 285.1), (309.3, 301.9), (324.3, 307.5), (339.2, 307.5), (359.7, 307.5), (372.8, 318.7), (372.8, 333.6), (372.8, 348.5), (372.8, 363.5), (372.8, 372.8), (372.8, 372.8), (372.8, 372.8), (372.8, 372.8), (372.8, 372.8), (372.8, 372.8), (372.8, 372.8), (372.8, 372.8), (372.8, 372.8), (372.8, 372.8), (372.8, 372.8), (372.8, 372.8), (372.8, 372.8), (372.8, 372.8), (372.8, 372.8), (372.8, 372.8), (372.8, 372.8), (372.8, 372.8), (372.8, 372.8), (372.8, 372.8), (372.8, 372.8), (372.8, 372.8), (372.8, 372.8), (372.8, 372.8), (372.8, 372.8), (372.8, 372.8), (372.8, 372.8), (372.8, 372.8), (372.8, 372.8), (372.8, 372.8), (372.8, 372.8), (372.8, 372.8), (372.8, 372.8), (372.8, 372.8), (372.8, 372.8), (372.8, 372.8), (372.8, 372.8), (372.8, 372.8), (372.8, 372.8), (372.8, 372.8), (372.8, 372.8), (372.8, 372.8), (372.8, 372.8), (372.8, 372.8), (372.8, 372.8)]",0,1,16.2
novice,bomberman,2,Bomb,9,0,24.22,0.926,"[(48.0, 48.0), (62.9, 51.7), (77.9, 51.7), (98.4, 51.7), (113.3, 57.3), (115.2, 72.3), (115.2, 89.1), (115.2, 107.7), (128.3, 115.2), (143.2, 115.2), (165.6, 115.2), (180.5, 124.5), (180.5, 139.5), (180.5, 154.4), (180.5, 169.3), (191.7, 180.5), (206.7, 180.5), (229.1, 180.5), (244.0, 189.9), (244.0, 204.8), (244.0, 219.7), (244.0, 234.7), (257.1, 244.0), (272.0, 236.5), (292.5, 236.5), (307.5, 251.5), (307.5, 266.4), (307.5, 285.1), (309.3, 301.9), (324.3, 307.5), (339.2, 307.5), (359.7, 307.5), (372.8, 318.7), (372.8, 333.6), (372.8, 348.5), (372.8, 363.5), (372.8, 372.8), (372.8, 372.8), (372.8, 372.8), (372.8, 372.8), (372.8, 372.8), (372.8, 372.8), (372.8, 372.8), (372.8, 372.8), (372.8, 372.8), (372.8, 372.8), (372.8, 372.8), (372.8, 372.8), (372.8, 372.8), (372.8, 372.8), (372.8, 372.8), (372.8, 372.8), (372.8, 372.8), (372.8, 372.8), (372.8, 372.8), (372.8, 372.8), (372.8, 372.8), (372.8, 372.8), (372.8, 372.8), (372.8, 372.8), (372.8, 372.8), (372.8, 372.8), (372.8, 372.8), (372.8, 372.8), (372.8, 372.8), (372.8, 372.8), (372.8, 372.8), (372.8, 372.8), (372.8, 372.8), (372.8, 372.8), (372.8, 372.8), (372.8, 372.8), (372.8, 372.8), (372.8, 372.8), (372.8, 372.8), (372.8, 372.8), (372.8, 372.8), (372.8, 372.8), (372.8, 372.8), (372.8, 372.8), (372.8, 372.8), (372.8, 372.8), (372.8, 372.8), (372.8, 372.8), (372.8, 372.8), (372.8, 372.8), (372.8, 372.8), (372.8, 372.8), (372.8, 372.8), (372.8, 372.8), (372.8, 372.8)]",0,1,12.1
novice,bomberman,2,Bomb,8,0,24.32,0.926,"[(48.0, 48.0), (62.9, 51.7), (77.9, 51.7), (98.4, 51.7), (113.3, 57.3), (115.2, 72.3), (115.2, 89.1), (115.2, 107.7), (128.3, 115.2), (143.2, 115.2), (165.6, 115.2), (180.5, 124.5), (180.5, 139.5), (180.5, 154.4), (180.5, 169.3), (191.7, 180.5), (206.7, 180.5), (229.1, 180.5), (244.0, 189.9), (244.0, 204.8), (244.0, 219.7), (244.0, 234.7), (257.1, 244.0), (272.0, 244.0), (292.5, 244.0), (307.5, 253.3), (307.5, 268.3), (307.5, 288.8), (311.2, 303.7), (326.1, 307.5), (342.9, 307.5), (361.6, 307.5), (372.8, 320.5), (372.8, 335.5), (372.8, 350.4), (372.8, 365.3), (372.8, 372.8), (372.8, 372.8), (372.8, 372.8), (372.8, 372.8), (372.8, 372.8), (372.8, 372.8), (372.8, 372.8), (372.8, 372.8), (372.8, 372.8), (372.8, 372.8), (372.8, 372.8), (372.8, 372.8), (372.8, 372.8), (372.8, 372.8), (372.8, 372.8), (372.8, 372.8), (372.8, 372.8), (372.8, 372.8), (372.8, 372.8), (372.8, 372.8), (372.8, 372.8), (372.8, 372.8), (372.8, 372.8), (372.8, 372.8), (372.8, 372.8), (372.8, 372.8), (372.8, 372.8), (372.8, 372.8), (372.8, 372.8), (372.8, 372.8), (372.8, 372.8), (372.8, 372.8), (372.8, 372.8), (372.8, 372.8), (372.8, 372.8), (372.8, 372.8), (372.8, 372.8), (372.8, 372.8), (372.8, 372.8), (372.8, 372.8), (372.8, 372.8), (372.8, 372.8), (372.8, 372.8), (372.8, 372.8), (372.8, 372.8), (372.8, 372.8), (372.8, 372.8), (372.8, 372.8), (372.8, 372.8), (372.8, 372.8), (372.8, 372.8), (372.8, 372.8), (372.8, 372.8), (372.8, 372.8), (372.8, 372.8)]",0,1,12.05
novice,bomberman,2,Bomb,6,0,24.42,0.926,"[(48.0, 48.0), (62.9, 51.7), (77.9, 51.7), (98.4, 51.7), (113.3, 57.3), (115.2, 72.3), (115.2, 89.1), (115.2, 107.7), (128.3, 115.2), (143.2, 115.2), (165.6, 115.2), (180.5, 124.5), (180.5, 128.3), (180.5, 124.5), (180.5, 124.5), (180.5, 128.3), (180.5, 124.5), (180.5, 124.5), (180.5, 128.3), (180.5, 124.5), (180.5, 124.5), (180.5, 128.3), (180.5, 124.5), (180.5, 124.5), (180.5, 128.3), (180.5, 124.5), (180.5, 124.5), (180.5, 132.0), (180.5, 128.3), (180.5, 128.3), (180.5, 132.0), (180.5, 135.7), (180.5, 152.5), (180.5, 173.1), (195.5, 180.5), (210.4, 180.5), (232.8, 180.5), (244.0, 193.6), (244.0, 208.5), (244.0, 223.5), (245.9, 238.4), (260.8, 244.0), (275.7, 244.0), (296.3, 244.0), (307.5, 257.1), (307.5, 272.0), (307.5, 292.5), (314.9, 307.5), (329.9, 307.5), (350.4, 307.5), (365.3, 309.3), (372.8, 324.3), (372.8, 339.2), (372.8, 354.1), (372.8, 369.1), (372.8, 372.8), (372.8, 372.8), (372.8, 372.8), (372.8, 372.8), (372.8, 372.8), (372.8, 372.8), (372.8, 372.8), (372.8, 372.8), (372.8, 372.8), (372.8, 372.8), (372.8, 372.8), (372.8, 372.8), (372.8, 372.8), (372.8, 372.8), (372.8, 372.8), (372.8, 372.8), (372.8, 372.8), (372.8, 372.8), (372.8, 372.8), (372.8, 372.8), (372.8, 372.8), (372.8, 372.8), (372.8, 372.8), (372.8, 372.8), (372.8, 372.8), (372.8, 372.8), (372.8, 372.8), (372.8, 372.8), (372.8, 372.8), (372.8, 372.8), (372.8, 372.8), (372.8, 372.8), (372.8, 372.8), (372.8, 372.8), (372.8, 372.8), (372.8, 372.8)]",0,1,12.0
novice,bomberman,2,Stuck,5,0,30.47,0.741,"[(48.0, 48.0), (62.9, 51.7), (77.9, 51.7), (98.4, 51.7), (113.3, 57.3), (115.2, 72.3), (115.2, 89.1), (115.2, 107.7), (128.3, 115.2), (143.2, 115.2), (165.6, 115.2), (180.5, 124.5), (180.5, 139.5), (180.5, 160.0), (184.3, 176.8), (199.2, 180.5), (217.9, 180.5), (236.5, 182.4), (244.0, 197.3), (244.0, 212.3), (244.0, 234.7), (257.1, 244.0), (272.0, 236.5), (292.5, 238.4), (307.5, 253.3), (307.5, 268.3), (307.5, 288.8), (311.2, 303.7), (326.1, 307.5), (342.9, 307.5), (361.6, 307.5), (372.8, 320.5), (372.8, 335.5), (372.8, 350.4), (372.8, 365.3), (372.8, 372.8), (372.8, 372.8), (372.8, 372.8), (372.8, 372.8), (372.8, 372.8), (372.8, 372.8), (372.8, 372.8), (372.8, 372.8), (372.8, 372.8), (372.8, 372.8), (372.8, 372.8), (372.8, 372.8), (372.8, 372.8), (372.8, 372.8), (372.8, 372.8), (372.8, 372.8), (372.8, 372.8), (372.8, 372.8), (372.8, 372.8), (372.8, 372.8), (372.8, 372.8), (372.8, 372.8), (372.8, 372.8), (372.8, 372.8), (372.8, 372.8), (372.8, 372.8), (372.8, 372.8), (372.8, 372.8), (372.8, 372.8), (372.8, 372.8), (372.8, 372.8), (372.8, 372.8), (372.8, 372.8), (372.8, 372.8), (372.8, 372.8), (372.8, 372.8), (372.8, 372.8), (372.8, 372.8)]",0,0,9.62
novice,bomberman,2,Bomb,28,0,25.04,0.926,"[(48.0, 48.0), (62.9, 51.7), (77.9, 51.7), (98.4, 51.7), (113.3, 57.3), (115.2, 72.3), (115.2, 89.1), (115.2, 107.7), (128.3, 115.2), (143.2, 115.2), (165.6, 115.2), (180.5, 124.5), (180.5, 132.0), (180.5, 128.3), (180.5, 128.3), (180.5, 132.0), (180.5, 128.3), (180.5, 128.3), (180.5, 132.0), (180.5, 128.3), (180.5, 128.3), (180.5, 132.0), (180.5, 128.3), (180.5, 128.3), (180.5, 132.0), (180.5, 128.3), (180.5, 128.3), (180.5, 143.2), (180.5, 165.6), (188.0, 180.5), (202.9, 180.5), (217.9, 180.5), (232.8, 180.5), (244.0, 193.6), (244.0, 208.5), (244.0, 223.5), (245.9, 238.4), (260.8, 244.0), (275.7, 244.0), (296.3, 244.0), (307.5, 257.1), (307.5, 272.0), (307.5, 292.5), (314.9, 307.5), (329.9, 307.5), (350.4, 307.5), (365.3, 309.3), (372.8, 324.3), (372.8, 339.2), (372.8, 354.1), (372.8, 369.1), (372.8, 372.8), (372.8, 372.8), (372.8, 372.8), (372.8, 372.8), (372.8, 372.8), (372.8, 372.8), (372.8, 372.8), (372.8, 372.8), (372.8, 372.8), (372.8, 372.8), (372.8, 372.8), (372.8, 372.8), (372.8, 372.8), (372.8, 372.8), (372.8, 372.8), (372.8, 372.8), (372.8, 372.8), (372.8, 372.8), (372.8, 372.8), (372.8, 372.8), (372.8, 372.8), (372.8, 372.8), (372.8, 372.8), (372.8, 372.8), (372.8, 372.8), (372.8, 372.8), (372.8, 372.8), (372.8, 372.8), (372.8, 372.8), (372.8, 372.8), (372.8, 372.8), (372.8, 372.8), (372.8, 372.8), (372.8, 372.8), (372.8, 372.8), (372.8, 372.8), (372.8, 372.8), (372.8, 372.8), (372.8, 372.8), (372.8, 372.8)]",0,1,12.0
novice,bomberman,2,Bomb,28,0,25.04,0.926,"[(48.0, 48.0), (62.9, 51.7), (77.9, 51.7), (98.4, 51.7), (113.3, 57.3), (115.2, 72.3), (115.2, 89.1), (115.2, 107.7), (128.3, 115.2), (143.2, 115.2), (165.6, 115.2), (180.5, 124.5), (180.5, 132.0), (180.5, 128.3), (180.5, 128.3), (180.5, 132.0), (180.5, 128.3), (180.5, 128.3), (180.5, 132.0), (180.5, 128.3), (180.5, 128.3), (180.5, 132.0), (180.5, 128.3), (180.5, 128.3), (180.5, 132.0), (180.5, 128.3), (180.5, 128.3), (180.5, 143.2), (180.5, 165.6), (188.0, 180.5), (202.9, 180.5), (217.9, 180.5), (232.8, 180.5), (244.0, 193.6), (244.0, 208.5), (244.0, 223.5), (245.9, 238.4), (260.8, 244.0), (275.7, 244.0), (296.3, 244.0), (307.5, 257.1), (307.5, 272.0), (307.5, 292.5), (314.9, 307.5), (329.9, 307.5), (350.4, 307.5), (365.3, 309.3), (372.8, 324.3), (372.8, 339.2), (372.8, 354.1), (372.8, 369.1), (372.8, 372.8), (372.8, 372.8), (372.8, 372.8), (372.8, 372.8), (372.8, 372.8), (372.8, 372.8), (372.8, 372.8), (372.8, 372.8), (372.8, 372.8), (372.8, 372.8), (372.8, 372.8), (372.8, 372.8), (372.8, 372.8), (372.8, 372.8), (372.8, 372.8), (372.8, 372.8), (372.8, 372.8), (372.8, 372.8), (372.8, 372.8), (372.8, 372.8), (372.8, 372.8), (372.8, 372.8), (372.8, 372.8), (372.8, 372.8), (372.8, 372.8), (372.8, 372.8), (372.8, 372.8), (372.8, 372.8), (372.8, 372.8), (372.8, 372.8), (372.8, 372.8), (372.8, 372.8), (372.8, 372.8), (372.8, 372.8), (372.8, 372.8), (372.8, 372.8), (372.8, 372.8), (372.8, 372.8), (372.8, 372.8), (372.8, 372.8)]",0,1,12.0
novice,bomberman,2,Bomb,6,0,24.42,0.926,"[(48.0, 48.0), (62.9, 51.7), (77.9, 51.7), (98.4, 51.7), (113.3, 57.3), (115.2, 72.3), (115.2, 89.1), (115.2, 107.7), (128.3, 115.2), (143.2, 115.2), (165.6, 115.2), (180.5, 124.5), (180.5, 128.3), (180.5, 124.5), (180.5, 124.5), (180.5, 128.3), (180.5, 124.5), (180.5, 124.5), (180.5, 128.3), (180.5, 124.5), (180.5, 124.5), (180.5, 128.3), (180.5, 124.5), (180.5, 124.5), (180.5, 128.3), (180.5, 124.5), (180.5, 124.5), (180.5, 132.0), (180.5, 128.3), (180.5, 128.3), (180.5, 132.0), (180.5, 135.7), (180.5, 152.5), (180.5, 173.1), (195.5, 180.5), (210.4, 180.5), (232.8, 180.5), (244.0, 193.6), (244.0, 208.5), (244.0, 223.5), (245.9, 238.4), (260.8, 244.0), (275.7, 244.0), (296.3, 244.0), (307.5, 257.1), (307.5, 272.0), (307.5, 292.5), (314.9, 307.5), (329.9, 307.5), (350.4, 307.5), (365.3, 309.3), (372.8, 324.3), (372.8, 339.2), (372.8, 354.1), (372.8, 369.1), (372.8, 372.8), (372.8, 372.8), (372.8, 372.8), (372.8, 372.8), (372.8, 372.8), (372.8, 372.8), (372.8, 372.8), (372.8, 372.8), (372.8, 372.8), (372.8, 372.8), (372.8, 372.8), (372.8, 372.8), (372.8, 372.8), (372.8, 372.8), (372.8, 372.8), (372.8, 372.8), (372.8, 372.8), (372.8, 372.8), (372.8, 372.8), (372.8, 372.8), (372.8, 372.8), (372.8, 372.8), (372.8, 372.8), (372.8, 372.8), (372.8, 372.8), (372.8, 372.8), (372.8, 372.8), (372.8, 372.8), (372.8, 372.8), (372.8, 372.8), (372.8, 372.8), (372.8, 372.8), (372.8, 372.8), (372.8, 372.8), (372.8, 372.8), (372.8, 372.8)]",0,1,12.0
novice,bomberman,2,Bomb,8,0,24.32,0.926,"[(48.0, 48.0), (62.9, 51.7), (77.9, 51.7), (98.4, 51.7), (113.3, 57.3), (115.2, 72.3), (115.2, 89.1), (115.2, 107.7), (128.3, 115.2), (143.2, 115.2), (165.6, 115.2), (180.5, 124.5), (180.5, 139.5), (180.5, 154.4), (180.5, 169.3), (191.7, 180.5), (206.7, 180.5), (229.1, 180.5), (244.0, 189.9), (244.0, 204.8), (244.0, 219.7), (244.0, 234.7), (257.1, 244.0), (272.0, 244.0), (292.5, 244.0), (307.5, 253.3), (307.5, 268.3), (307.5, 288.8), (311.2, 303.7), (326.1, 307.5), (342.9, 307.5), (361.6, 307.5), (372.8, 320.5), (372.8, 335.5), (372.8, 350.4), (372.8, 365.3), (372.8, 372.8), (372.8, 372.8), (372.8, 372.8), (372.8, 372.8), (372.8, 372.8), (372.8, 372.8), (372.8, 372.8), (372.8, 372.8), (372.8, 372.8), (372.8, 372.8), (372.8, 372.8), (372.8, 372.8), (372.8, 372.8), (372.8, 372.8), (372.8, 372.8), (372.8, 372.8), (372.8, 372.8), (372.8, 372.8), (372.8, 372.8), (372.8, 372.8), (372.8, 372.8), (372.8, 372.8), (372.8, 372.8), (372.8, 372.8), (372.8, 372.8), (372.8, 372.8), (372.8, 372.8), (372.8, 372.8), (372.8, 372.8), (372.8, 372.8), (372.8, 372.8), (372.8, 372.8), (372.8, 372.8), (372.8, 372.8), (372.8, 372.8), (372.8, 372.8), (372.8, 372.8), (372.8, 372.8), (372.8, 372.8), (372.8, 372.8), (372.8, 372.8), (372.8, 372.8), (372.8, 372.8), (372.8, 372.8), (372.8, 372.8), (372.8, 372.8), (372.8, 372.8), (372.8, 372.8), (372.8, 372.8), (372.8, 372.8), (372.8, 372.8), (372.8, 372.8), (372.8, 372.8), (372.8, 372.8), (372.8, 372.8)]",0,1,12.05
novice,bomberman,2,Bomb,9,0,24.22,0.926,"[(48.0, 48.0), (62.9, 51.7), (77.9, 51.7), (98.4, 51.7), (113.3, 57.3), (115.2, 72.3), (115.2, 89.1), (115.2, 107.7), (128.3, 115.2), (143.2, 115.2), (165.6, 115.2), (180.5, 124.5), (180.5, 139.5), (180.5, 154.4), (180.5, 169.3), (191.7, 180.5), (206.7, 180.5), (229.1, 180.5), (244.0, 189.9), (244.0, 204.8), (244.0, 219.7), (244.0, 234.7), (257.1, 244.0), (272.0, 236.5), (292.5, 236.5), (307.5, 251.5), (307.5, 266.4), (307.5, 285.1), (309.3, 301.9), (324.3, 307.5), (339.2, 307.5), (359.7, 307.5), (372.8, 318.7), (372.8, 333.6), (372.8, 348.5), (372.8, 363.5), (372.8, 372.8), (372.8, 372.8), (372.8, 372.8), (372.8, 372.8), (372.8, 372.8), (372.8, 372.8), (372.8, 372.8), (372.8, 372.8), (372.8, 372.8), (372.8, 372.8), (372.8, 372.8), (372.8, 372.8), (372.8, 372.8), (372.8, 372.8), (372.8, 372.8), (372.8, 372.8), (372.8, 372.8), (372.8, 372.8), (372.8, 372.8), (372.8, 372.8), (372.8, 372.8), (372.8, 372.8), (372.8, 372.8), (372.8, 372.8), (372.8, 372.8), (372.8, 372.8), (372.8, 372.8), (372.8, 372.8), (372.8, 372.8), (372.8, 372.8), (372.8, 372.8), (372.8, 372.8), (372.8, 372.8), (372.8, 372.8), (372.8, 372.8), (372.8, 372.8), (372.8, 372.8), (372.8, 372.8), (372.8, 372.8), (372.8, 372.8), (372.8, 372.8), (372.8, 372.8), (372.8, 372.8), (372.8, 372.8), (372.8, 372.8), (372.8, 372.8), (372.8, 372.8), (372.8, 372.8), (372.8, 372.8), (372.8, 372.8), (372.8, 372.8), (372.8, 372.8), (372.8, 372.8), (372.8, 372.8), (372.8, 372.8)]",0,1,12.1
novice,bomberman,2,Bomb,6,0,34.68,0.926,"[(48.0, 48.0), (62.9, 51.7), (77.9, 51.7), (98.4, 51.7), (113.3, 57.3), (115.2, 72.3), (115.2, 89.1), (115.2, 107.7), (128.3, 115.2), (143.2, 115.2), (165.6, 115.2), (180.5, 124.5), (180.5, 139.5), (180.5, 160.0), (184.3, 176.8), (199.2, 180.5), (217.9, 180.5), (236.5, 182.4), (244.0, 197.3), (244.0, 212.3), (244.0, 234.7), (257.1, 244.0), (272.0, 244.0), (292.5, 244.0), (307.5, 253.3), (307.5, 268.3), (307.5, 288.8), (311.2, 303.7), (326.1, 307.5), (342.9, 307.5), (361.6, 307.5), (372.8, 320.5), (372.8, 335.5), (372.8, 350.4), (372.8, 365.3), (372.8, 372.8), (372.8, 372.8), (372.8, 372.8), (372.8, 372.8), (372.8, 372.8), (372.8, 372.8), (372.8, 372.8), (372.8, 372.8), (372.8, 372.8), (372.8, 372.8), (372.8, 372.8), (372.8, 372.8), (372.8, 372.8), (372.8, 372.8), (372.8, 372.8), (372.8, 372.8), (372.8, 372.8), (372.8, 372.8), (372.8, 372.8), (372.8, 372.8), (372.8, 372.8), (372.8, 372.8), (372.8, 372.8), (372.8, 372.8), (372.8, 372.8), (372.8, 372.8), (372.8, 372.8), (372.8, 372.8), (372.8, 372.8)]",0,1,8.45
novice,bomberman,2,Stuck,4,0,26.03,0.63,"[(48.0, 48.0), (62.9, 51.7), (77.9, 51.7), (98.4, 51.7), (113.3, 57.3), (115.2, 72.3), (115.2, 89.1), (115.2, 107.7), (128.3, 115.2), (143.2, 115.2), (165.6, 115.2), (180.5, 124.5), (180.5, 139.5), (180.5, 160.0), (184.3, 176.8), (199.2, 180.5), (217.9, 180.5), (236.5, 182.4), (244.0, 197.3), (244.0, 212.3), (244.0, 234.7), (257.1, 244.0), (272.0, 236.5), (292.5, 238.4), (307.5, 253.3), (307.5, 268.3), (307.5, 288.8), (311.2, 303.7), (318.7, 307.5), (320.5, 307.5), (324.3, 307.5), (320.5, 307.5), (320.5, 307.5), (324.3, 307.5), (320.5, 307.5), (320.5, 307.5), (324.3, 307.5), (320.5, 307.5), (320.5, 307.5), (324.3, 307.5), (320.5, 307.5), (320.5, 307.5), (324.3, 307.5), (320.5, 307.5), (320.5, 307.5), (324.3, 307.5), (320.5, 307.5), (320.5, 307.5), (324.3, 307.5), (320.5, 307.5), (320.5, 307.5), (324.3, 307.5), (320.5, 307.5), (320.5, 307.5), (324.3, 307.5), (320.5, 307.5), (320.5, 307.5), (324.3, 307.5), (320.5, 307.5), (320.5, 307.5), (324.3, 307.5), (320.5, 307.5), (320.5, 307.5), (324.3, 307.5), (320.5, 307.5), (320.5, 307.5), (324.3, 307.5), (320.5, 307.5), (320.5, 307.5), (324.3, 307.5), (320.5, 307.5), (320.5, 307.5)]",0,0,9.47
novice,bomberman,2,Bomb,6,0,25.04,0.926,"[(48.0, 48.0), (62.9, 51.7), (77.9, 51.7), (98.4, 51.7), (113.3, 57.3), (115.2, 72.3), (115.2, 89.1), (115.2, 107.7), (128.3, 115.2), (143.2, 115.2), (165.6, 115.2), (180.5, 124.5), (180.5, 128.3), (180.5, 128.3), (180.5, 128.3), (180.5, 128.3), (180.5, 128.3), (180.5, 128.3), (180.5, 128.3), (180.5, 128.3), (180.5, 128.3), (180.5, 128.3), (180.5, 128.3), (180.5, 128.3), (180.5, 128.3), (180.5, 128.3), (180.5, 128.3), (180.5, 128.3), (180.5, 128.3), (180.5, 128.3), (180.5, 128.3), (180.5, 135.7), (180.5, 152.5), (180.5, 173.1), (195.5, 180.5), (210.4, 180.5), (225.3, 180.5), (240.3, 186.1), (244.0, 201.1), (244.0, 216.0), (244.0, 230.9), (253.3, 244.0), (268.3, 236.5), (288.8, 236.5), (303.7, 249.6), (307.5, 264.5), (307.5, 281.3), (307.5, 300.0), (322.4, 307.5), (337.3, 307.5), (357.9, 307.5), (372.8, 316.8), (372.8, 331.7), (372.8, 346.7), (372.8, 361.6), (372.8, 372.8), (372.8, 372.8), (372.8, 372.8), (372.8, 372.8), (372.8, 372.8), (372.8, 372.8), (372.8, 372.8), (372.8, 372.8), (372.8, 372.8), (372.8, 372.8), (372.8, 372.8), (372.8, 372.8), (372.8, 372.8), (372.8, 372.8), (372.8, 372.8), (372.8, 372.8), (372.8, 372.8), (372.8, 372.8), (372.8, 372.8), (372.8, 372.8), (372.8, 372.8), (372.8, 372.8), (372.8, 372.8), (372.8, 372.8), (372.8, 372.8), (372.8, 372.8), (372.8, 372.8), (372.8, 372.8), (372.8, 372.8), (372.8, 372.8), (372.8, 372.8), (372.8, 372.8), (372.8, 372.8), (372.8, 372.8), (372.8, 372.8), (372.8, 372.8)]",0,1,12.0
novice,bomberman,2,Bomb,32,0,27.53,0.519,"[(48.0, 48.0), (62.9, 51.7), (77.9, 51.7), (98.4, 51.7), (113.3, 57.3), (115.2, 72.3), (115.2, 89.1), (115.2, 107.7), (128.3, 115.2), (143.2, 115.2), (165.6, 115.2), (180.5, 124.5), (180.5, 139.5), (180.5, 160.0), (184.3, 176.8), (199.2, 180.5), (217.9, 180.5), (236.5, 182.4), (244.0, 197.3), (244.0, 212.3), (244.0, 234.7), (257.1, 244.0), (258.9, 240.3), (257.1, 238.4), (255.2, 236.5), (257.1, 236.5), (258.9, 236.5), (260.8, 236.5), (260.8, 238.4), (260.8, 240.3), (260.8, 242.1), (258.9, 240.3), (258.9, 236.5), (266.4, 236.5), (258.9, 240.3), (258.9, 236.5), (266.4, 236.5), (258.9, 240.3), (258.9, 236.5), (266.4, 236.5), (258.9, 240.3), (258.9, 236.5), (266.4, 236.5), (258.9, 240.3), (258.9, 236.5), (266.4, 236.5), (258.9, 240.3), (258.9, 236.5), (266.4, 236.5), (258.9, 240.3), (258.9, 236.5), (266.4, 236.5), (258.9, 240.3), (258.9, 236.5), (266.4, 236.5), (258.9, 240.3), (258.9, 236.5), (266.4, 236.5), (272.0, 240.3), (279.5, 240.3), (288.8, 236.5)]",0,0,8.0
novice,bomberman,2,Bomb,7,0,36.88,0.741,"[(48.0, 48.0), (62.9, 51.7), (77.9, 51.7), (98.4, 51.7), (113.3, 57.3), (115.2, 72.3), (115.2, 89.1), (115.2, 107.7), (115.2, 122.7), (115.2, 137.6), (115.2, 156.3), (117.1, 174.9), (132.0, 180.5), (146.9, 180.5), (161.9, 180.5), (176.8, 186.1), (180.5, 201.1), (180.5, 219.7), (182.4, 238.4), (197.3, 240.3), (214.1, 236.5), (234.7, 242.1), (244.0, 257.1), (244.0, 272.0), (244.0, 292.5), (251.5, 307.5), (266.4, 300.0), (286.9, 300.0), (301.9, 309.3), (307.5, 324.3), (307.5, 339.2), (307.5, 359.7), (316.8, 372.8), (331.7, 372.8), (346.7, 372.8), (361.6, 372.8), (372.8, 372.8), (372.8, 372.8), (372.8, 372.8), (372.8, 372.8), (372.8, 372.8), (372.8, 372.8), (372.8, 372.8), (372.8, 372.8), (372.8, 372.8), (372.8, 372.8), (372.8, 372.8), (372.8, 372.8), (372.8, 372.8), (372.8, 372.8), (372.8, 372.8), (372.8, 372.8), (372.8, 372.8), (372.8, 372.8), (372.8, 372.8), (372.8, 372.8), (372.8, 372.8), (372.8, 372.8), (372.8, 372.8), (372.8, 372.8), (372.8, 372.8), (372.8, 372.8), (372.8, 372.8)]",0,0,8.3
novice,bomberman,2,Bomb,21,0,24.42,0.926,"[(48.0, 48.0), (62.9, 51.7), (77.9, 51.7), (98.4, 51.7), (113.3, 57.3), (115.2, 72.3), (115.2, 89.1), (115.2, 107.7), (128.3, 115.2), (143.2, 115.2), (165.6, 115.2), (180.5, 124.5), (180.5, 122.7), (180.5, 124.5), (180.5, 126.4), (180.5, 128.3), (180.5, 128.3), (180.5, 128.3), (180.5, 128.3), (180.5, 126.4), (180.5, 124.5), (180.5, 122.7), (180.5, 124.5), (180.5, 126.4), (180.5, 128.3), (180.5, 128.3), (180.5, 128.3), (180.5, 132.0), (180.5, 128.3), (180.5, 128.3), (180.5, 132.0), (180.5, 146.9), (180.5, 169.3), (191.7, 180.5), (206.7, 180.5), (229.1, 180.5), (244.0, 189.9), (244.0, 204.8), (244.0, 219.7), (244.0, 234.7), (257.1, 244.0), (272.0, 244.0), (292.5, 244.0), (307.5, 253.3), (307.5, 268.3), (307.5, 288.8), (311.2, 303.7), (326.1, 307.5), (342.9, 307.5), (361.6, 307.5), (372.8, 320.5), (372.8, 335.5), (372.8, 350.4), (372.8, 365.3), (372.8, 372.8), (372.8, 372.8), (372.8, 372.8), (372.8, 372.8), (372.8, 372.8), (372.8, 372.8), (372.8, 372.8), (372.8, 372.8), (372.8, 372.8), (372.8, 372.8), (372.8, 372.8), (372.8, 372.8), (372.8, 372.8), (372.8, 372.8), (372.8, 372.8), (372.8, 372.8), (372.8, 372.8), (372.8, 372.8), (372.8, 372.8), (372.8, 372.8), (372.8, 372.8), (372.8, 372.8), (372.8, 372.8), (372.8, 372.8), (372.8, 372.8), (372.8, 372.8), (372.8, 372.8), (372.8, 372.8), (372.8, 372.8), (372.8, 372.8), (372.8, 372.8), (372.8, 372.8), (372.8, 372.8), (372.8, 372.8), (372.8, 372.8), (372.8, 372.8), (372.8, 372.8)]",0,1,12.0
novice,bomberman,2,Bomb,21,0,24.42,0.926,"[(48.0, 48.0), (62.9, 51.7), (77.9, 51.7), (98.4, 51.7), (113.3, 57.3), (115.2, 72.3), (115.2, 89.1), (115.2, 107.7), (128.3, 115.2), (143.2, 115.2), (165.6, 115.2), (180.5, 124.5), (180.5, 122.7), (180.5, 124.5), (180.5, 126.4), (180.5, 128.3), (180.5, 128.3), (180.5, 128.3), (180.5, 128.3), (180.5, 126.4), (180.5, 124.5), (180.5, 122.7), (180.5, 124.5), (180.5, 126.4), (180.5, 128.3), (180.5, 128.3), (180.5, 128.3), (180.5, 132.0), (180.5, 128.3), (180.5, 128.3), (180.5, 132.0), (180.5, 146.9), (180.5, 169.3), (191.7, 180.5), (206.7, 180.5), (229.1, 180.5), (244.0, 189.9), (244.0, 204.8), (244.0, 219.7), (244.0, 234.7), (257.1, 244.0), (272.0, 244.0), (292.5, 244.0), (307.5, 253.3), (307.5, 268.3), (307.5, 288.8), (311.2, 303.7), (326.1, 307.5), (342.9, 307.5), (361.6, 307.5), (372.8, 320.5), (372.8, 335.5), (372.8, 350.4), (372.8, 365.3), (372.8, 372.8), (372.8, 372.8), (372.8, 372.8), (372.8, 372.8), (372.8, 372.8), (372.8, 372.8), (372.8, 372.8), (372.8, 372.8), (372.8, 372.8), (372.8, 372.8), (372.8, 372.8), (372.8, 372.8), (372.8, 372.8), (372.8, 372.8), (372.8, 372.8), (372.8, 372.8), (372.8, 372.8), (372.8, 372.8), (372.8, 372.8), (372.8, 372.8), (372.8, 372.8), (372.8, 372.8), (372.8, 372.8), (372.8, 372.8), (372.8, 372.8), (372.8, 372.8), (372.8, 372.8), (372.8, 372.8), (372.8, 372.8), (372.8, 372.8), (372.8, 372.8), (372.8, 372.8), (372.8, 372.8), (372.8, 372.8), (372.8, 372.8), (372.8, 372.8), (372.8, 372.8)]",0,1,12.0
novice,bomberman,2,Bomb,6,0,25.04,0.926,"[(48.0, 48.0), (62.9, 51.7), (77.9, 51.7), (98.4, 51.7), (113.3, 57.3), (115.2, 72.3), (115.2, 89.1), (115.2, 107.7), (128.3, 115.2), (143.2, 115.2), (165.6, 115.2), (180.5, 124.5), (180.5, 128.3), (180.5, 128.3), (180.5, 128.3), (180.5, 128.3), (180.5, 128.3), (180.5, 128.3), (180.5, 128.3), (180.5, 128.3), (180.5, 128.3), (180.5, 128.3), (180.5, 128.3), (180.5, 128.3), (180.5, 128.3), (180.5, 128.3), (180.5, 128.3), (180.5, 128.3), (180.5, 128.3), (180.5, 128.3), (180.5, 128.3), (180.5, 135.7), (180.5, 152.5), (180.5, 173.1), (195.5, 180.5), (210.4, 180.5), (225.3, 180.5), (240.3, 186.1), (244.0, 201.1), (244.0, 216.0), (244.0, 230.9), (253.3, 244.0), (268.3, 236.5), (288.8, 236.5), (303.7, 249.6), (307.5, 264.5), (307.5, 281.3), (307.5, 300.0), (322.4, 307.5), (337.3, 307.5), (357.9, 307.5), (372.8, 316.8), (372.8, 331.7), (372.8, 346.7), (372.8, 361.6), (372.8, 372.8), (372.8, 372.8), (372.8, 372.8), (372.8, 372.8), (372.8, 372.8), (372.8, 372.8), (372.8, 372.8), (372.8, 372.8), (372.8, 372.8), (372.8, 372.8), (372.8, 372.8), (372.8, 372.8), (372.8, 372.8), (372.8, 372.8), (372.8, 372.8), (372.8, 372.8), (372.8, 372.8), (372.8, 372.8), (372.8, 372.8), (372.8, 372.8), (372.8, 372.8), (372.8, 372.8), (372.8, 372.8), (372.8, 372.8), (372.8, 372.8), (372.8, 372.8), (372.8, 372.8), (372.8, 372.8), (372.8, 372.8), (372.8, 372.8), (372.8, 372.8), (372.8, 372.8), (372.8, 372.8), (372.8, 372.8), (372.8, 372.8), (372.8, 372.8)]",0,1,12.0
novice,bomberman,2,Bomb,6,0,34.68,0.926,"[(48.0, 48.0), (62.9, 51.7), (77.9, 51.7), (98.4, 51.7), (113.3, 57.3), (115.2, 72.3), (115.2, 89.1), (115.2, 107.7), (128.3, 115.2), (143.2, 115.2), (165.6, 115.2), (180.5, 124.5), (180.5, 139.5), (180.5, 160.0), (184.3, 176.8), (199.2, 180.5), (217.9, 180.5), (236.5, 182.4), (244.0, 197.3), (244.0, 212.3), (244.0, 234.7), (257.1, 244.0), (272.0, 244.0), (292.5, 244.0), (307.5, 253.3), (307.5, 268.3), (307.5, 288.8), (311.2, 303.7), (326.1, 307.5), (342.9, 307.5), (361.6, 307.5), (372.8, 320.5), (372.8, 335.5), (372.8, 350.4), (372.8, 365.3), (372.8, 372.8), (372.8, 372.8), (372.8, 372.8), (372.8, 372.8), (372.8, 372.8), (372.8, 372.8), (372.8, 372.8), (372.8, 372.8), (372.8, 372.8), (372.8, 372.8), (372.8, 372.8), (372.8, 372.8), (372.8, 372.8), (372.8, 372.8), (372.8, 372.8), (372.8, 372.8), (372.8, 372.8), (372.8, 372.8), (372.8, 372.8), (372.8, 372.8), (372.8, 372.8), (372.8, 372.8), (372.8, 372.8), (372.8, 372.8), (372.8, 372.8), (372.8, 372.8), (372.8, 372.8), (372.8, 372.8), (372.8, 372.8)]",0,1,8.45
novice,bomberman,2,Bomb,9,0,24.22,0.926,"[(48.0, 48.0), (62.9, 51.7), (77.9, 51.7), (98.4, 51.7), (113.3, 57.3), (115.2, 72.3), (115.2, 89.1), (115.2, 107.7), (128.3, 115.2), (143.2, 115.2), (165.6, 115.2), (180.5, 124.5), (180.5, 139.5), (180.5, 154.4), (180.5, 169.3), (191.7, 180.5), (206.7, 180.5), (229.1, 180.5), (244.0, 189.9), (244.0, 204.8), (244.0, 219.7), (244.0, 234.7), (257.1, 244.0), (272.0, 236.5), (292.5, 236.5), (307.5, 251.5), (307.5, 266.4), (307.5, 285.1), (309.3, 301.9), (324.3, 307.5), (339.2, 307.5), (359.7, 307.5), (372.8, 318.7), (372.8, 333.6), (372.8, 348.5), (372.8, 363.5), (372.8, 372.8), (372.8, 372.8), (372.8, 372.8), (372.8, 372.8), (372.8, 372.8), (372.8, 372.8), (372.8, 372.8), (372.8, 372.8), (372.8, 372.8), (372.8, 372.8), (372.8, 372.8), (372.8, 372.8), (372.8, 372.8), (372.8, 372.8), (372.8, 372.8), (372.8, 372.8), (372.8, 372.8), (372.8, 372.8), (372.8, 372.8), (372.8, 372.8), (372.8, 372.8), (372.8, 372.8), (372.8, 372.8), (372.8, 372.8), (372.8, 372.8), (372.8, 372.8), (372.8, 372.8), (372.8, 372.8), (372.8, 372.8), (372.8, 372.8), (372.8, 372.8), (372.8, 372.8), (372.8, 372.8), (372.8, 372.8), (372.8, 372.8), (372.8, 372.8), (372.8, 372.8), (372.8, 372.8), (372.8, 372.8), (372.8, 372.8), (372.8, 372.8), (372.8, 372.8), (372.8, 372.8), (372.8, 372.8), (372.8, 372.8), (372.8, 372.8), (372.8, 372.8), (372.8, 372.8), (372.8, 372.8), (372.8, 372.8), (372.8, 372.8), (372.8, 372.8), (372.8, 372.8), (372.8, 372.8), (372.8, 372.8)]",0,1,12.1
novice,bomberman,2,Bomb,3,0,11.82,0.333,"[(48.0, 48.0), (62.9, 51.7), (77.9, 51.7), (98.4, 51.7), (113.3, 57.3), (115.2, 64.8), (115.2, 68.5), (115.2, 64.8), (115.2, 64.8), (115.2, 68.5), (115.2, 64.8), (115.2, 64.8), (115.2, 68.5), (115.2, 64.8), (115.2, 64.8), (115.2, 68.5), (115.2, 64.8), (115.2, 64.8), (115.2, 68.5), (115.2, 64.8), (115.2, 64.8), (115.2, 68.5), (115.2, 64.8), (115.2, 64.8), (115.2, 68.5), (115.2, 64.8), (115.2, 64.8), (115.2, 79.7), (115.2, 100.3), (120.8, 115.2), (135.7, 115.2), (150.7, 115.2), (165.6, 115.2), (180.5, 124.5), (180.5, 130.1), (180.5, 132.0), (180.5, 132.0), (180.5, 132.0), (180.5, 132.0), (180.5, 132.0), (180.5, 132.0), (180.5, 132.0), (180.5, 132.0), (180.5, 132.0), (180.5, 132.0), (180.5, 132.0), (180.5, 132.0), (180.5, 132.0), (180.5, 132.0), (180.5, 132.0), (180.5, 132.0), (180.5, 132.0), (180.5, 132.0), (180.5, 132.0), (180.5, 132.0), (180.5, 132.0), (180.5, 132.0), (180.5, 143.2), (180.5, 158.1), (180.5, 173.1), (195.5, 180.5), (191.7, 180.5), (191.7, 180.5), (195.5, 180.5), (191.7, 180.5), (191.7, 180.5), (195.5, 180.5), (191.7, 180.5), (191.7, 180.5), (195.5, 180.5), (191.7, 180.5), (191.7, 180.5), (195.5, 180.5), (191.7, 180.5), (191.7, 180.5), (195.5, 180.5), (191.7, 180.5), (191.7, 180.5), (195.5, 180.5), (191.7, 180.5), (191.7, 180.5), (195.5, 180.5), (191.7, 180.5), (191.7, 180.5), (195.5, 180.5), (191.7, 180.5), (191.7, 180.5), (193.6, 180.5), (189.9, 180.5), (189.9, 180.5), (193.6, 180.5)]",0,0,12.0
novice,bomberman,2,Bomb,9,0,24.22,0.926,"[(48.0, 48.0), (62.9, 51.7), (77.9, 51.7), (98.4, 51.7), (113.3, 57.3), (115.2, 72.3), (115.2, 89.1), (115.2, 107.7), (128.3, 115.2), (143.2, 115.2), (165.6, 115.2), (180.5, 124.5), (180.5, 139.5), (180.5, 154.4), (180.5, 169.3), (191.7, 180.5), (206.7, 180.5), (229.1, 180.5), (244.0, 189.9), (244.0, 204.8), (244.0, 219.7), (244.0, 234.7), (257.1, 244.0), (272.0, 236.5), (292.5, 236.5), (307.5, 251.5), (307.5, 266.4), (307.5, 285.1), (309.3, 301.9), (324.3, 307.5), (339.2, 307.5), (359.7, 307.5), (372.8, 318.7), (372.8, 333.6), (372.8, 348.5), (372.8, 363.5), (372.8, 372.8), (372.8, 372.8), (372.8, 372.8), (372.8, 372.8), (372.8, 372.8), (372.8, 372.8), (372.8, 372.8), (372.8, 372.8), (372.8, 372.8), (372.8, 372.8), (372.8, 372.8), (372.8, 372.8), (372.8, 372.8), (372.8, 372.8), (372.8, 372.8), (372.8, 372.8), (372.8, 372.8), (372.8, 372.8), (372.8, 372.8), (372.8, 372.8), (372.8, 372.8), (372.8, 372.8), (372.8, 372.8), (372.8, 372.8), (372.8, 372.8), (372.8, 372.8), (372.8, 372.8), (372.8, 372.8), (372.8, 372.8), (372.8, 372.8), (372.8, 372.8), (372.8, 372.8), (372.8, 372.8), (372.8, 372.8), (372.8, 372.8), (372.8, 372.8), (372.8, 372.8), (372.8, 372.8), (372.8, 372.8), (372.8, 372.8), (372.8, 372.8), (372.8, 372.8), (372.8, 372.8), (372.8, 372.8), (372.8, 372.8), (372.8, 372.8), (372.8, 372.8), (372.8, 372.8), (372.8, 372.8), (372.8, 372.8), (372.8, 372.8), (372.8, 372.8), (372.8, 372.8), (372.8, 372.8), (372.8, 372.8)]",0,1,12.1
novice,bomberman,2,Bomb,35,0,17.71,0.926,"[(48.0, 48.0), (62.9, 51.7), (77.9, 51.7), (98.4, 51.7), (113.3, 57.3), (115.2, 72.3), (115.2, 89.1), (115.2, 107.7), (128.3, 115.2), (143.2, 115.2), (165.6, 115.2), (180.5, 124.5), (180.5, 132.0), (180.5, 128.3), (180.5, 128.3), (180.5, 132.0), (180.5, 128.3), (180.5, 128.3), (180.5, 132.0), (180.5, 128.3), (180.5, 128.3), (180.5, 132.0), (180.5, 128.3), (180.5, 128.3), (180.5, 132.0), (180.5, 128.3), (180.5, 128.3), (180.5, 132.0), (180.5, 128.3), (180.5, 128.3), (180.5, 132.0), (180.5, 146.9), (180.5, 169.3), (191.7, 180.5), (206.7, 180.5), (229.1, 180.5), (244.0, 189.9), (244.0, 204.8), (244.0, 219.7), (244.0, 234.7), (257.1, 244.0), (272.0, 244.0), (292.5, 244.0), (307.5, 253.3), (307.5, 268.3), (307.5, 288.8), (311.2, 303.7), (322.4, 307.5), (324.3, 307.5), (322.4, 307.5), (320.5, 307.5), (318.7, 307.5), (318.7, 307.5), (318.7, 307.5), (318.7, 307.5), (320.5, 307.5), (322.4, 307.5), (318.7, 307.5), (318.7, 307.5), (318.7, 307.5), (318.7, 307.5), (318.7, 307.5), (318.7, 307.5), (318.7, 307.5), (322.4, 307.5), (337.3, 307.5), (357.9, 307.5), (372.8, 316.8), (372.8, 331.7), (372.8, 346.7), (372.8, 361.6), (372.8, 372.8), (372.8, 372.8), (372.8, 372.8), (372.8, 372.8), (372.8, 372.8), (372.8, 372.8), (372.8, 372.8), (372.8, 372.8), (372.8, 372.8), (372.8, 372.8), (372.8, 372.8), (372.8, 372.8), (372.8, 372.8), (372.8, 372.8), (372.8, 372.8), (372.8, 372.8), (372.8, 372.8), (372.8, 372.8), (372.8, 372.8), (372.8, 372.8), (372.8, 372.8), (372.8, 372.8), (372.8, 372.8), (372.8, 372.8), (372.8, 372.8), (372.8, 372.8), (372.8, 372.8), (372.8, 372.8), (372.8, 372.8), (372.8, 372.8), (372.8, 372.8), (372.8, 372.8), (372.8, 372.8), (372.8, 372.8), (372.8, 372.8), (372.8, 372.8), (372.8, 372.8), (372.8, 372.8), (372.8, 372.8), (372.8, 372.8), (372.8, 372.8), (372.8, 372.8), (372.8, 372.8), (372.8, 372.8), (372.8, 372.8), (372.8, 372.8), (372.8, 372.8), (372.8, 372.8), (372.8, 372.8), (372.8, 372.8), (372.8, 372.8), (372.8, 372.8), (372.8, 372.8), (372.8, 372.8)]",0,1,16.55
novice,bomberman,2,Stuck,2,0,10.65,0.222,"[(48.0, 48.0), (62.9, 51.7), (77.9, 51.7), (98.4, 51.7), (113.3, 57.3), (115.2, 72.3), (115.2, 89.1), (115.2, 107.7), (128.3, 115.2), (143.2, 115.2), (161.9, 115.2), (161.9, 115.2), (161.9, 115.2), (161.9, 115.2), (161.9, 115.2), (161.9, 115.2), (161.9, 115.2), (161.9, 115.2), (161.9, 115.2), (161.9, 115.2), (161.9, 115.2), (161.9, 115.2), (161.9, 115.2), (161.9, 115.2), (161.9, 115.2), (161.9, 115.2), (161.9, 115.2), (161.9, 115.2), (161.9, 115.2), (161.9, 115.2), (161.9, 115.2), (161.9, 115.2), (161.9, 115.2), (161.9, 115.2), (161.9, 115.2), (161.9, 115.2), (161.9, 115.2), (161.9, 115.2), (161.9, 115.2), (161.9, 115.2), (161.9, 115.2), (161.9, 115.2), (161.9, 115.2), (161.9, 115.2), (161.9, 115.2), (161.9, 115.2), (161.9, 115.2), (161.9, 115.2), (161.9, 115.2), (161.9, 115.2), (161.9, 115.2), (161.9, 115.2), (161.9, 115.2), (161.9, 115.2), (161.9, 115.2), (161.9, 115.2), (161.9, 115.2), (161.9, 115.2), (161.9, 115.2), (161.9, 115.2), (161.9, 115.2), (161.9, 115.2), (161.9, 115.2), (161.9, 115.2), (161.9, 115.2), (161.9, 115.2), (161.9, 115.2), (161.9, 115.2), (161.9, 115.2), (161.9, 115.2), (161.9, 115.2), (161.9, 115.2)]",0,0,9.47
novice,bomberman,2,Bomb,27,0,25.04,0.926,"[(48.0, 48.0), (62.9, 51.7), (77.9, 51.7), (98.4, 51.7), (113.3, 57.3), (115.2, 72.3), (115.2, 89.1), (115.2, 107.7), (128.3, 115.2), (143.2, 115.2), (165.6, 115.2), (180.5, 124.5), (180.5, 132.0), (180.5, 128.3), (180.5, 128.3), (180.5, 132.0), (180.5, 128.3), (180.5, 128.3), (180.5, 132.0), (180.5, 128.3), (180.5, 128.3), (180.5, 132.0), (180.5, 128.3), (180.5, 128.3), (180.5, 132.0), (180.5, 128.3), (180.5, 128.3), (180.5, 143.2), (180.5, 165.6), (188.0, 180.5), (202.9, 180.5), (217.9, 180.5), (232.8, 180.5), (244.0, 193.6), (244.0, 208.5), (244.0, 223.5), (245.9, 238.4), (260.8, 244.0), (275.7, 244.0), (296.3, 244.0), (307.5, 257.1), (307.5, 272.0), (307.5, 292.5), (314.9, 307.5), (329.9, 307.5), (350.4, 307.5), (365.3, 309.3), (372.8, 324.3), (372.8, 339.2), (372.8, 354.1), (372.8, 369.1), (372.8, 372.8), (372.8, 372.8), (372.8, 372.8), (372.8, 372.8), (372.8, 372.8), (372.8, 372.8), (372.8, 372.8), (372.8, 372.8), (372.8, 372.8), (372.8, 372.8), (372.8, 372.8), (372.8, 372.8), (372.8, 372.8), (372.8, 372.8), (372.8, 372.8), (372.8, 372.8), (372.8, 372.8), (372.8, 372.8), (372.8, 372.8), (372.8, 372.8), (372.8, 372.8), (372.8, 372.8), (372.8, 372.8), (372.8, 372.8), (372.8, 372.8), (372.8, 372.8), (372.8, 372.8), (372.8, 372.8), (372.8, 372.8), (372.8, 372.8), (372.8, 372.8), (372.8, 372.8), (372.8, 372.8), (372.8, 372.8), (372.8, 372.8), (372.8, 372.8), (372.8, 372.8), (372.8, 372.8), (372.8, 372.8), (372.8, 372.8)]",0,1,12.0
novice,bomberman,2,Bomb,8,0,25.04,0.926,"[(48.0, 48.0), (62.9, 51.7), (77.9, 51.7), (98.4, 51.7), (113.3, 57.3), (115.2, 72.3), (115.2, 89.1), (115.2, 107.7), (128.3, 115.2), (143.2, 115.2), (165.6, 115.2), (180.5, 124.5), (180.5, 139.5), (180.5, 154.4), (180.5, 169.3), (191.7, 180.5), (206.7, 180.5), (221.6, 180.5), (236.5, 182.4), (244.0, 197.3), (244.0, 212.3), (244.0, 227.2), (249.6, 242.1), (264.5, 244.0), (283.2, 244.0), (300.0, 245.9), (307.5, 260.8), (307.5, 275.7), (307.5, 296.3), (318.7, 307.5), (333.6, 307.5), (354.1, 307.5), (369.1, 313.1), (372.8, 328.0), (372.8, 342.9), (372.8, 357.9), (372.8, 372.8), (372.8, 372.8), (372.8, 372.8), (372.8, 372.8), (372.8, 372.8), (372.8, 372.8), (372.8, 372.8), (372.8, 372.8), (372.8, 372.8), (372.8, 372.8), (372.8, 372.8), (372.8, 372.8), (372.8, 372.8), (372.8, 372.8), (372.8, 372.8), (372.8, 372.8), (372.8, 372.8), (372.8, 372.8), (372.8, 372.8), (372.8, 372.8), (372.8, 372.8), (372.8, 372.8), (372.8, 372.8), (372.8, 372.8), (372.8, 372.8), (372.8, 372.8), (372.8, 372.8), (372.8, 372.8), (372.8, 372.8), (372.8, 372.8), (372.8, 372.8), (372.8, 372.8), (372.8, 372.8), (372.8, 372.8), (372.8, 372.8), (372.8, 372.8), (372.8, 372.8), (372.8, 372.8), (372.8, 372.8), (372.8, 372.8), (372.8, 372.8), (372.8, 372.8), (372.8, 372.8), (372.8, 372.8), (372.8, 372.8), (372.8, 372.8), (372.8, 372.8), (372.8, 372.8), (372.8, 372.8), (372.8, 372.8), (372.8, 372.8), (372.8, 372.8), (372.8, 372.8), (372.8, 372.8), (372.8, 372.8)]",0,1,12.0
novice,bomberman,2,Bomb,8,0,25.04,0.926,"[(48.0, 48.0), (62.9, 51.7), (77.9, 51.7), (98.4, 51.7), (113.3, 57.3), (115.2, 72.3), (115.2, 89.1), (115.2, 107.7), (128.3, 115.2), (143.2, 115.2), (165.6, 115.2), (180.5, 124.5), (180.5, 139.5), (180.5, 154.4), (180.5, 169.3), (191.7, 180.5), (206.7, 180.5), (221.6, 180.5), (236.5, 182.4), (244.0, 197.3), (244.0, 212.3), (244.0, 227.2), (249.6, 242.1), (264.5, 244.0), (283.2, 244.0), (300.0, 245.9), (307.5, 260.8), (307.5, 275.7), (307.5, 296.3), (318.7, 307.5), (333.6, 307.5), (354.1, 307.5), (369.1, 313.1), (372.8, 328.0), (372.8, 342.9), (372.8, 357.9), (372.8, 372.8), (372.8, 372.8), (372.8, 372.8), (372.8, 372.8), (372.8, 372.8), (372.8, 372.8), (372.8, 372.8), (372.8, 372.8), (372.8, 372.8), (372.8, 372.8), (372.8, 372.8), (372.8, 372.8), (372.8, 372.8), (372.8, 372.8), (372.8, 372.8), (372.8, 372.8), (372.8, 372.8), (372.8, 372.8), (372.8, 372.8), (372.8, 372.8), (372.8, 372.8), (372.8, 372.8), (372.8, 372.8), (372.8, 372.8), (372.8, 372.8), (372.8, 372.8), (372.8, 372.8), (372.8, 372.8), (372.8, 372.8), (372.8, 372.8), (372.8, 372.8), (372.8, 372.8), (372.8, 372.8), (372.8, 372.8), (372.8, 372.8), (372.8, 372.8), (372.8, 372.8), (372.8, 372.8), (372.8, 372.8), (372.8, 372.8), (372.8, 372.8), (372.8, 372.8), (372.8, 372.8), (372.8, 372.8), (372.8, 372.8), (372.8, 372.8), (372.8, 372.8), (372.8, 372.8), (372.8, 372.8), (372.8, 372.8), (372.8, 372.8), (372.8, 372.8), (372.8, 372.8), (372.8, 372.8), (372.8, 372.8)]",0,1,12.0
novice,bomberman,2,Bomb,27,0,25.04,0.926,"[(48.0, 48.0), (62.9, 51.7), (77.9, 51.7), (98.4, 51.7), (113.3, 57.3), (115.2, 72.3), (115.2, 89.1), (115.2, 107.7), (128.3, 115.2), (143.2, 115.2), (165.6, 115.2), (180.5, 124.5), (180.5, 132.0), (180.5, 128.3), (180.5, 128.3), (180.5, 132.0), (180.5, 128.3), (180.5, 128.3), (180.5, 132.0), (180.5, 128.3), (180.5, 128.3), (180.5, 132.0), (180.5, 128.3), (180.5, 128.3), (180.5, 132.0), (180.5, 128.3), (180.5, 128.3), (180.5, 143.2), (180.5, 165.6), (188.0, 180.5), (202.9, 180.5), (217.9, 180.5), (232.8, 180.5), (244.0, 193.6), (244.0, 208.5), (244.0, 223.5), (245.9, 238.4), (260.8, 244.0), (275.7, 244.0), (296.3, 244.0), (307.5, 257.1), (307.5, 272.0), (307.5, 292.5), (314.9, 307.5), (329.9, 307.5), (350.4, 307.5), (365.3, 309.3), (372.8, 324.3), (372.8, 339.2), (372.8, 354.1), (372.8, 369.1), (372.8, 372.8), (372.8, 372.8), (372.8, 372.8), (372.8, 372.8), (372.8, 372.8), (372.8, 372.8), (372.8, 372.8), (372.8, 372.8), (372.8, 372.8), (372.8, 372.8), (372.8, 372.8), (372.8, 372.8), (372.8, 372.8), (372.8, 372.8), (372.8, 372.8), (372.8, 372.8), (372.8, 372.8), (372.8, 372.8), (372.8, 372.8), (372.8, 372.8), (372.8, 372.8), (372.8, 372.8), (372.8, 372.8), (372.8, 372.8), (372.8, 372.8), (372.8, 372.8), (372.8, 372.8), (372.8, 372.8), (372.8, 372.8), (372.8, 372.8), (372.8, 372.8), (372.8, 372.8), (372.8, 372.8), (372.8, 372.8), (372.8, 372.8), (372.8, 372.8), (372.8, 372.8), (372.8, 372.8), (372.8, 372.8), (372.8, 372.8)]",0,1,12.0
novice,bomberman,2,Bomb,35,0,17.71,0.926,"[(48.0, 48.0), (62.9, 51.7), (77.9, 51.7), (98.4, 51.7), (113.3, 57.3), (115.2, 72.3), (115.2, 89.1), (115.2, 107.7), (128.3, 115.2), (143.2, 115.2), (165.6, 115.2), (180.5, 124.5), (180.5, 132.0), (180.5, 128.3), (180.5, 128.3), (180.5, 132.0), (180.5, 128.3), (180.5, 128.3), (180.5, 132.0), (180.5, 128.3), (180.5, 128.3), (180.5, 132.0), (180.5, 128.3), (180.5, 128.3), (180.5, 132.0), (180.5, 128.3), (180.5, 128.3), (180.5, 132.0), (180.5, 128.3), (180.5, 128.3), (180.5, 132.0), (180.5, 146.9), (180.5, 169.3), (191.7, 180.5), (206.7, 180.5), (229.1, 180.5), (244.0, 189.9), (244.0, 204.8), (244.0, 219.7), (244.0, 234.7), (257.1, 244.0), (272.0, 244.0), (292.5, 244.0), (307.5, 253.3), (307.5, 268.3), (307.5, 288.8), (311.2, 303.7), (322.4, 307.5), (324.3, 307.5), (322.4, 307.5), (320.5, 307.5), (318.7, 307.5), (318.7, 307.5), (318.7, 307.5), (318.7, 307.5), (320.5, 307.5), (322.4, 307.5), (318.7, 307.5), (318.7, 307.5), (318.7, 307.5), (318.7, 307.5), (318.7, 307.5), (318.7, 307.5), (318.7, 307.5), (322.4, 307.5), (337.3, 307.5), (357.9, 307.5), (372.8, 316.8), (372.8, 331.7), (372.8, 346.7), (372.8, 361.6), (372.8, 372.8), (372.8, 372.8), (372.8, 372.8), (372.8, 372.8), (372.8, 372.8), (372.8, 372.8), (372.8, 372.8), (372.8, 372.8), (372.8, 372.8), (372.8, 372.8), (372.8, 372.8), (372.8, 372.8), (372.8, 372.8), (372.8, 372.8), (372.8, 372.8), (372.8, 372.8), (372.8, 372.8), (372.8, 372.8), (372.8, 372.8), (372.8, 372.8), (372.8, 372.8), (372.8, 372.8), (372.8, 372.8), (372.8, 372.8), (372.8, 372.8), (372.8, 372.8), (372.8, 372.8), (372.8, 372.8), (372.8, 372.8), (372.8, 372.8), (372.8, 372.8), (372.8, 372.8), (372.8, 372.8), (372.8, 372.8), (372.8, 372.8), (372.8, 372.8), (372.8, 372.8), (372.8, 372.8), (372.8, 372.8), (372.8, 372.8), (372.8, 372.8), (372.8, 372.8), (372.8, 372.8), (372.8, 372.8), (372.8, 372.8), (372.8, 372.8), (372.8, 372.8), (372.8, 372.8), (372.8, 372.8), (372.8, 372.8), (372.8, 372.8), (372.8, 372.8), (372.8, 372.8), (372.8, 372.8)]",0,1,16.55
novice,bomberman,2,Bomb,9,0,24.22,0.926,"[(48.0, 48.0), (62.9, 51.7), (77.9, 51.7), (98.4, 51.7), (113.3, 57.3), (115.2, 72.3), (115.2, 89.1), (115.2, 107.7), (128.3, 115.2), (143.2, 115.2), (165.6, 115.2), (180.5, 124.5), (180.5, 139.5), (180.5, 154.4), (180.5, 169.3), (191.7, 180.5), (206.7, 180.5), (229.1, 180.5), (244.0, 189.9), (244.0, 204.8), (244.0, 219.7), (244.0, 234.7), (257.1, 244.0), (272.0, 236.5), (292.5, 236.5), (307.5, 251.5), (307.5, 266.4), (307.5, 285.1), (309.3, 301.9), (324.3, 307.5), (339.2, 307.5), (359.7, 307.5), (372.8, 318.7), (372.8, 333.6), (372.8, 348.5), (372.8, 363.5), (372.8, 372.8), (372.8, 372.8), (372.8, 372.8), (372.8, 372.8), (372.8, 372.8), (372.8, 372.8), (372.8, 372.8), (372.8, 372.8), (372.8, 372.8), (372.8, 372.8), (372.8, 372.8), (372.8, 372.8), (372.8, 372.8), (372.8, 372.8), (372.8, 372.8), (372.8, 372.8), (372.8, 372.8), (372.8, 372.8), (372.8, 372.8), (372.8, 372.8), (372.8, 372.8), (372.8, 372.8), (372.8, 372.8), (372.8, 372.8), (372.8, 372.8), (372.8, 372.8), (372.8, 372.8), (372.8, 372.8), (372.8, 372.8), (372.8, 372.8), (372.8, 372.8), (372.8, 372.8), (372.8, 372.8), (372.8, 372.8), (372.8, 372.8), (372.8, 372.8), (372.8, 372.8), (372.8, 372.8), (372.8, 372.8), (372.8, 372.8), (372.8, 372.8), (372.8, 372.8), (372.8, 372.8), (372.8, 372.8), (372.8, 372.8), (372.8, 372.8), (372.8, 372.8), (372.8, 372.8), (372.8, 372.8), (372.8, 372.8), (372.8, 372.8), (372.8, 372.8), (372.8, 372.8), (372.8, 372.8), (372.8, 372.8)]",0,1,12.1
novice,bomberman,2,Bomb,8,0,24.74,0.926,"[(48.0, 48.0), (62.9, 51.7), (77.9, 51.7), (98.4, 51.7), (113.3, 57.3), (115.2, 72.3), (115.2, 89.1), (115.2, 107.7), (128.3, 115.2), (143.2, 115.2), (165.6, 115.2), (180.5, 124.5), (180.5, 139.5), (180.5, 154.4), (180.5, 169.3), (191.7, 180.5), (206.7, 180.5), (221.6, 180.5), (236.5, 182.4), (244.0, 197.3), (244.0, 212.3), (244.0, 227.2), (249.6, 242.1), (264.5, 244.0), (283.2, 244.0), (300.0, 245.9), (307.5, 260.8), (307.5, 275.7), (307.5, 296.3), (318.7, 307.5), (333.6, 307.5), (354.1, 307.5), (369.1, 313.1), (372.8, 328.0), (372.8, 342.9), (372.8, 357.9), (372.8, 372.8), (372.8, 372.8), (372.8, 372.8), (372.8, 372.8), (372.8, 372.8), (372.8, 372.8), (372.8, 372.8), (372.8, 372.8), (372.8, 372.8), (372.8, 372.8), (372.8, 372.8), (372.8, 372.8), (372.8, 372.8), (372.8, 372.8), (372.8, 372.8), (372.8, 372.8), (372.8, 372.8), (372.8, 372.8), (372.8, 372.8), (372.8, 372.8), (372.8, 372.8), (372.8, 372.8), (372.8, 372.8), (372.8, 372.8), (372.8, 372.8), (372.8, 372.8), (372.8, 372.8), (372.8, 372.8), (372.8, 372.8), (372.8, 372.8), (372.8, 372.8), (372.8, 372.8), (372.8, 372.8), (372.8, 372.8), (372.8, 372.8), (372.8, 372.8), (372.8, 372.8), (372.8, 372.8), (372.8, 372.8), (372.8, 372.8), (372.8, 372.8), (372.8, 372.8), (372.8, 372.8), (372.8, 372.8), (372.8, 372.8), (372.8, 372.8), (372.8, 372.8), (372.8, 372.8), (372.8, 372.8), (372.8, 372.8), (372.8, 372.8), (372.8, 372.8), (372.8, 372.8), (372.8, 372.8), (372.8, 372.8), (372.8, 372.8)]",0,1,12.15
novice,bomberman,2,Bomb,7,0,18.44,0.926,"[(48.0, 48.0), (62.9, 51.7), (77.9, 51.7), (98.4, 51.7), (113.3, 57.3), (115.2, 72.3), (115.2, 89.1), (115.2, 107.7), (128.3, 115.2), (143.2, 115.2), (165.6, 115.2), (180.5, 124.5), (180.5, 128.3), (180.5, 128.3), (180.5, 128.3), (180.5, 128.3), (180.5, 128.3), (180.5, 128.3), (180.5, 128.3), (180.5, 128.3), (180.5, 128.3), (180.5, 128.3), (180.5, 128.3), (180.5, 128.3), (180.5, 128.3), (180.5, 128.3), (180.5, 128.3), (180.5, 128.3), (180.5, 128.3), (180.5, 128.3), (180.5, 128.3), (180.5, 137.6), (180.5, 156.3), (182.4, 174.9), (193.6, 180.5), (193.6, 180.5), (193.6, 180.5), (193.6, 180.5), (193.6, 180.5), (193.6, 180.5), (193.6, 180.5), (193.6, 180.5), (193.6, 180.5), (193.6, 180.5), (193.6, 180.5), (193.6, 180.5), (193.6, 180.5), (193.6, 180.5), (193.6, 180.5), (193.6, 180.5), (193.6, 180.5), (193.6, 180.5), (193.6, 180.5), (193.6, 180.5), (193.6, 180.5), (193.6, 180.5), (193.6, 180.5), (204.8, 180.5), (219.7, 180.5), (234.7, 180.5), (244.0, 195.5), (244.0, 210.4), (244.0, 225.3), (247.7, 240.3), (262.7, 244.0), (279.5, 244.0), (298.1, 244.0), (307.5, 258.9), (307.5, 273.9), (307.5, 294.4), (316.8, 307.5), (331.7, 307.5), (352.3, 307.5), (367.2, 311.2), (372.8, 326.1), (372.8, 341.1), (372.8, 356.0), (372.8, 370.9), (372.8, 372.8), (372.8, 372.8), (372.8, 372.8), (372.8, 372.8), (372.8, 372.8), (372.8, 372.8), (372.8, 372.8), (372.8, 372.8), (372.8, 372.8), (372.8, 372.8), (372.8, 372.8), (372.8, 372.8), (372.8, 372.8), (372.8, 372.8), (372.8, 372.8), (372.8, 372.8), (372.8, 372.8), (372.8, 372.8), (372.8, 372.8), (372.8, 372.8), (372.8, 372.8), (372.8, 372.8), (372.8, 372.8), (372.8, 372.8), (372.8, 372.8), (372.8, 372.8), (372.8, 372.8), (372.8, 372.8), (372.8, 372.8), (372.8, 372.8), (372.8, 372.8), (372.8, 372.8), (372.8, 372.8), (372.8, 372.8), (372.8, 372.8), (372.8, 372.8), (372.8, 372.8), (372.8, 372.8), (372.8, 372.8), (372.8, 372.8), (372.8, 372.8), (372.8, 372.8), (372.8, 372.8), (372.8, 372.8), (372.8, 372.8)]",0,1,16.3
novice,bomberman,2,Bomb,32,0,24.42,0.926,"[(48.0, 48.0), (62.9, 51.7), (77.9, 51.7), (98.4, 51.7), (113.3, 57.3), (115.2, 72.3), (115.2, 89.1), (115.2, 107.7), (128.3, 115.2), (143.2, 115.2), (165.6, 115.2), (180.5, 124.5), (180.5, 128.3), (180.5, 124.5), (180.5, 124.5), (180.5, 128.3), (180.5, 124.5), (180.5, 124.5), (180.5, 128.3), (180.5, 124.5), (180.5, 124.5), (180.5, 128.3), (180.5, 124.5), (180.5, 124.5), (180.5, 128.3), (180.5, 124.5), (180.5, 124.5), (180.5, 132.0), (180.5, 128.3), (180.5, 128.3), (180.5, 132.0), (180.5, 146.9), (180.5, 169.3), (191.7, 180.5), (206.7, 180.5), (229.1, 180.5), (244.0, 189.9), (244.0, 204.8), (244.0, 219.7), (244.0, 234.7), (257.1, 244.0), (272.0, 244.0), (292.5, 244.0), (307.5, 253.3), (307.5, 268.3), (307.5, 288.8), (311.2, 303.7), (326.1, 307.5), (342.9, 307.5), (361.6, 307.5), (372.8, 320.5), (372.8, 335.5), (372.8, 350.4), (372.8, 365.3), (372.8, 372.8), (372.8, 372.8), (372.8, 372.8), (372.8, 372.8), (372.8, 372.8), (372.8, 372.8), (372.8, 372.8), (372.8, 372.8), (372.8, 372.8), (372.8, 372.8), (372.8, 372.8), (372.8, 372.8), (372.8, 372.8), (372.8, 372.8), (372.8, 372.8), (372.8, 372.8), (372.8, 372.8), (372.8, 372.8), (372.8, 372.8), (372.8, 372.8), (372.8, 372.8), (372.8, 372.8), (372.8, 372.8), (372.8, 372.8), (372.8, 372.8), (372.8, 372.8), (372.8, 372.8), (372.8, 372.8), (372.8, 372.8), (372.8, 372.8), (372.8, 372.8), (372.8, 372.8), (372.8, 372.8), (372.8, 372.8), (372.8, 372.8), (372.8, 372.8), (372.8, 372.8)]",0,1,12.0
novice,bomberman,2,Bomb,7,0,24.42,0.926,"[(48.0, 48.0), (62.9, 51.7), (77.9, 51.7), (98.4, 51.7), (113.3, 57.3), (115.2, 72.3), (115.2, 89.1), (115.2, 107.7), (128.3, 115.2), (143.2, 115.2), (165.6, 115.2), (180.5, 124.5), (180.5, 139.5), (180.5, 154.4), (180.5, 169.3), (191.7, 180.5), (206.7, 180.5), (229.1, 180.5), (244.0, 189.9), (244.0, 204.8), (244.0, 227.2), (249.6, 242.1), (264.5, 244.0), (283.2, 244.0), (300.0, 245.9), (307.5, 260.8), (307.5, 275.7), (307.5, 296.3), (318.7, 307.5), (333.6, 307.5), (354.1, 307.5), (369.1, 313.1), (372.8, 328.0), (372.8, 342.9), (372.8, 357.9), (372.8, 372.8), (372.8, 372.8), (372.8, 372.8), (372.8, 372.8), (372.8, 372.8), (372.8, 372.8), (372.8, 372.8), (372.8, 372.8), (372.8, 372.8), (372.8, 372.8), (372.8, 372.8), (372.8, 372.8), (372.8, 372.8), (372.8, 372.8), (372.8, 372.8), (372.8, 372.8), (372.8, 372.8), (372.8, 372.8), (372.8, 372.8), (372.8, 372.8), (372.8, 372.8), (372.8, 372.8), (372.8, 372.8), (372.8, 372.8), (372.8, 372.8), (372.8, 372.8), (372.8, 372.8), (372.8, 372.8), (372.8, 372.8), (372.8, 372.8), (372.8, 372.8), (372.8, 372.8), (372.8, 372.8), (372.8, 372.8), (372.8, 372.8), (372.8, 372.8), (372.8, 372.8), (372.8, 372.8), (372.8, 372.8), (372.8, 372.8), (372.8, 372.8), (372.8, 372.8), (372.8, 372.8), (372.8, 372.8), (372.8, 372.8), (372.8, 372.8), (372.8, 372.8), (372.8, 372.8), (372.8, 372.8), (372.8, 372.8), (372.8, 372.8), (372.8, 372.8), (372.8, 372.8), (372.8, 372.8), (372.8, 372.8), (372.8, 372.8)]",0,1,12.0
novice,bomberman,2,Bomb,12,0,24.42,0.926,"[(48.0, 48.0), (62.9, 51.7), (77.9, 51.7), (98.4, 51.7), (113.3, 57.3), (115.2, 72.3), (115.2, 89.1), (115.2, 107.7), (128.3, 115.2), (143.2, 115.2), (165.6, 115.2), (180.5, 124.5), (180.5, 128.3), (180.5, 128.3), (180.5, 128.3), (180.5, 128.3), (180.5, 128.3), (180.5, 128.3), (180.5, 128.3), (180.5, 128.3), (180.5, 128.3), (180.5, 128.3), (180.5, 128.3), (180.5, 128.3), (180.5, 128.3), (180.5, 128.3), (180.5, 128.3), (180.5, 132.0), (180.5, 128.3), (180.5, 128.3), (180.5, 132.0), (180.5, 135.7), (180.5, 152.5), (180.5, 173.1), (195.5, 180.5), (210.4, 180.5), (232.8, 180.5), (244.0, 193.6), (244.0, 208.5), (244.0, 223.5), (245.9, 238.4), (260.8, 244.0), (275.7, 244.0), (296.3, 244.0), (307.5, 257.1), (307.5, 272.0), (307.5, 292.5), (314.9, 307.5), (329.9, 307.5), (350.4, 307.5), (365.3, 309.3), (372.8, 324.3), (372.8, 339.2), (372.8, 354.1), (372.8, 369.1), (372.8, 372.8), (372.8, 372.8), (372.8, 372.8), (372.8, 372.8), (372.8, 372.8), (372.8, 372.8), (372.8, 372.8), (372.8, 372.8), (372.8, 372.8), (372.8, 372.8), (372.8, 372.8), (372.8, 372.8), (372.8, 372.8), (372.8, 372.8), (372.8, 372.8), (372.8, 372.8), (372.8, 372.8), (372.8, 372.8), (372.8, 372.8), (372.8, 372.8), (372.8, 372.8), (372.8, 372.8), (372.8, 372.8), (372.8, 372.8), (372.8, 372.8), (372.8, 372.8), (372.8, 372.8), (372.8, 372.8), (372.8, 372.8), (372.8, 372.8), (372.8, 372.8), (372.8, 372.8), (372.8, 372.8), (372.8, 372.8), (372.8, 372.8), (372.8, 372.8)]",0,1,12.0
novice,bomberman,2,Bomb,71,0,7.65,0.185,"[(48.0, 48.0), (62.9, 51.7), (77.9, 51.7), (98.4, 51.7), (113.3, 57.3), (115.2, 72.3), (115.2, 89.1), (115.2, 107.7), (115.2, 122.7), (115.2, 126.4), (115.2, 130.1), (115.2, 130.1), (115.2, 126.4), (115.2, 130.1), (115.2, 130.1), (115.2, 126.4), (115.2, 130.1), (115.2, 130.1), (115.2, 126.4), (115.2, 130.1), (115.2, 130.1), (115.2, 126.4), (115.2, 130.1), (115.2, 130.1), (115.2, 126.4), (115.2, 130.1), (115.2, 130.1), (115.2, 126.4), (115.2, 130.1), (115.2, 130.1), (115.2, 126.4), (115.2, 130.1), (115.2, 130.1), (115.2, 126.4), (115.2, 130.1), (115.2, 130.1), (115.2, 126.4), (115.2, 130.1), (115.2, 130.1), (115.2, 126.4), (115.2, 130.1), (115.2, 130.1), (115.2, 126.4), (115.2, 130.1), (115.2, 130.1), (115.2, 126.4), (115.2, 130.1), (115.2, 130.1), (115.2, 126.4), (115.2, 130.1), (115.2, 130.1), (115.2, 126.4), (115.2, 130.1), (115.2, 130.1), (115.2, 126.4), (115.2, 130.1), (115.2, 130.1), (115.2, 126.4), (115.2, 130.1), (115.2, 130.1), (115.2, 126.4)]",0,0,8.05
novice,bomberman,2,Bomb,12,0,24.42,0.926,"[(48.0, 48.0), (62.9, 51.7), (77.9, 51.7), (98.4, 51.7), (113.3, 57.3), (115.2, 72.3), (115.2, 89.1), (115.2, 107.7), (128.3, 115.2), (143.2, 115.2), (165.6, 115.2), (180.5, 124.5), (180.5, 128.3), (180.5, 128.3), (180.5, 128.3), (180.5, 128.3), (180.5, 128.3), (180.5, 128.3), (180.5, 128.3), (180.5, 128.3), (180.5, 128.3), (180.5, 128.3), (180.5, 128.3), (180.5, 128.3), (180.5, 128.3), (180.5, 128.3), (180.5, 128.3), (180.5, 132.0), (180.5, 128.3), (180.5, 128.3), (180.5, 132.0), (180.5, 135.7), (180.5, 152.5), (180.5, 173.1), (195.5, 180.5), (210.4, 180.5), (232.8, 180.5), (244.0, 193.6), (244.0, 208.5), (244.0, 223.5), (245.9, 238.4), (260.8, 244.0), (275.7, 244.0), (296.3, 244.0), (307.5, 257.1), (307.5, 272.0), (307.5, 292.5), (314.9, 307.5), (329.9, 307.5), (350.4, 307.5), (365.3, 309.3), (372.8, 324.3), (372.8, 339.2), (372.8, 354.1), (372.8, 369.1), (372.8, 372.8), (372.8, 372.8), (372.8, 372.8), (372.8, 372.8), (372.8, 372.8), (372.8, 372.8), (372.8, 372.8), (372.8, 372.8), (372.8, 372.8), (372.8, 372.8), (372.8, 372.8), (372.8, 372.8), (372.8, 372.8), (372.8, 372.8), (372.8, 372.8), (372.8, 372.8), (372.8, 372.8), (372.8, 372.8), (372.8, 372.8), (372.8, 372.8), (372.8, 372.8), (372.8, 372.8), (372.8, 372.8), (372.8, 372.8), (372.8, 372.8), (372.8, 372.8), (372.8, 372.8), (372.8, 372.8), (372.8, 372.8), (372.8, 372.8), (372.8, 372.8), (372.8, 372.8), (372.8, 372.8), (372.8, 372.8), (372.8, 372.8), (372.8, 372.8)]",0,1,12.0
novice,bomberman,2,Bomb,7,0,24.42,0.926,"[(48.0, 48.0), (62.9, 51.7), (77.9, 51.7), (98.4, 51.7), (113.3, 57.3), (115.2, 72.3), (115.2, 89.1), (115.2, 107.7), (128.3, 115.2), (143.2, 115.2), (165.6, 115.2), (180.5, 124.5), (180.5, 139.5), (180.5, 154.4), (180.5, 169.3), (191.7, 180.5), (206.7, 180.5), (229.1, 180.5), (244.0, 189.9), (244.0, 204.8), (244.0, 227.2), (249.6, 242.1), (264.5, 244.0), (283.2, 244.0), (300.0, 245.9), (307.5, 260.8), (307.5, 275.7), (307.5, 296.3), (318.7, 307.5), (333.6, 307.5), (354.1, 307.5), (369.1, 313.1), (372.8, 328.0), (372.8, 342.9), (372.8, 357.9), (372.8, 372.8), (372.8, 372.8), (372.8, 372.8), (372.8, 372.8), (372.8, 372.8), (372.8, 372.8), (372.8, 372.8), (372.8, 372.8), (372.8, 372.8), (372.8, 372.8), (372.8, 372.8), (372.8, 372.8), (372.8, 372.8), (372.8, 372.8), (372.8, 372.8), (372.8, 372.8), (372.8, 372.8), (372.8, 372.8), (372.8, 372.8), (372.8, 372.8), (372.8, 372.8), (372.8, 372.8), (372.8, 372.8), (372.8, 372.8), (372.8, 372.8), (372.8, 372.8), (372.8, 372.8), (372.8, 372.8), (372.8, 372.8), (372.8, 372.8), (372.8, 372.8), (372.8, 372.8), (372.8, 372.8), (372.8, 372.8), (372.8, 372.8), (372.8, 372.8), (372.8, 372.8), (372.8, 372.8), (372.8, 372.8), (372.8, 372.8), (372.8, 372.8), (372.8, 372.8), (372.8, 372.8), (372.8, 372.8), (372.8, 372.8), (372.8, 372.8), (372.8, 372.8), (372.8, 372.8), (372.8, 372.8), (372.8, 372.8), (372.8, 372.8), (372.8, 372.8), (372.8, 372.8), (372.8, 372.8), (372.8, 372.8), (372.8, 372.8)]",0,1,12.0
novice,bomberman,2,Bomb,32,0,24.42,0.926,"[(48.0, 48.0), (62.9, 51.7), (77.9, 51.7), (98.4, 51.7), (113.3, 57.3), (115.2, 72.3), (115.2, 89.1), (115.2, 107.7), (128.3, 115.2), (143.2, 115.2), (165.6, 115.2), (180.5, 124.5), (180.5, 128.3), (180.5, 124.5), (180.5, 124.5), (180.5, 128.3), (180.5, 124.5), (180.5, 124.5), (180.5, 128.3), (180.5, 124.5), (180.5, 124.5), (180.5, 128.3), (180.5, 124.5), (180.5, 124.5), (180.5, 128.3), (180.5, 124.5), (180.5, 124.5), (180.5, 132.0), (180.5, 128.3), (180.5, 128.3), (180.5, 132.0), (180.5, 146.9), (180.5, 169.3), (191.7, 180.5), (206.7, 180.5), (229.1, 180.5), (244.0, 189.9), (244.0, 204.8), (244.0, 219.7), (244.0, 234.7), (257.1, 244.0), (272.0, 244.0), (292.5, 244.0), (307.5, 253.3), (307.5, 268.3), (307.5, 288.8), (311.2, 303.7), (326.1, 307.5), (342.9, 307.5), (361.6, 307.5), (372.8, 320.5), (372.8, 335.5), (372.8, 350.4), (372.8, 365.3), (372.8, 372.8), (372.8, 372.8), (372.8, 372.8), (372.8, 372.8), (372.8, 372.8), (372.8, 372.8), (372.8, 372.8), (372.8, 372.8), (372.8, 372.8), (372.8, 372.8), (372.8, 372.8), (372.8, 372.8), (372.8, 372.8), (372.8, 372.8), (372.8, 372.8), (372.8, 372.8), (372.8, 372.8), (372.8, 372.8), (372.8, 372.8), (372.8, 372.8), (372.8, 372.8), (372.8, 372.8), (372.8, 372.8), (372.8, 372.8), (372.8, 372.8), (372.8, 372.8), (372.8, 372.8), (372.8, 372.8), (372.8, 372.8), (372.8, 372.8), (372.8, 372.8), (372.8, 372.8), (372.8, 372.8), (372.8, 372.8), (372.8, 372.8), (372.8, 372.8), (372.8, 372.8)]",0,1,12.0
novice,bomberman,2,Bomb,7,0,18.44,0.926,"[(48.0, 48.0), (62.9, 51.7), (77.9, 51.7), (98.4, 51.7), (113.3, 57.3), (115.2, 72.3), (115.2, 89.1), (115.2, 107.7), (128.3, 115.2), (143.2, 115.2), (165.6, 115.2), (180.5, 124.5), (180.5, 128.3), (180.5, 128.3), (180.5, 128.3), (180.5, 128.3), (180.5, 128.3), (180.5, 128.3), (180.5, 128.3), (180.5, 128.3), (180.5, 128.3), (180.5, 128.3), (180.5, 128.3), (180.5, 128.3), (180.5, 128.3), (180.5, 128.3), (180.5, 128.3), (180.5, 128.3), (180.5, 128.3), (180.5, 128.3), (180.5, 128.3), (180.5, 137.6), (180.5, 156.3), (182.4, 174.9), (193.6, 180.5), (193.6, 180.5), (193.6, 180.5), (193.6, 180.5), (193.6, 180.5), (193.6, 180.5), (193.6, 180.5), (193.6, 180.5), (193.6, 180.5), (193.6, 180.5), (193.6, 180.5), (193.6, 180.5), (193.6, 180.5), (193.6, 180.5), (193.6, 180.5), (193.6, 180.5), (193.6, 180.5), (193.6, 180.5), (193.6, 180.5), (193.6, 180.5), (193.6, 180.5), (193.6, 180.5), (193.6, 180.5), (204.8, 180.5), (219.7, 180.5), (234.7, 180.5), (244.0, 195.5), (244.0, 210.4), (244.0, 225.3), (247.7, 240.3), (262.7, 244.0), (279.5, 244.0), (298.1, 244.0), (307.5, 258.9), (307.5, 273.9), (307.5, 294.4), (316.8, 307.5), (331.7, 307.5), (352.3, 307.5), (367.2, 311.2), (372.8, 326.1), (372.8, 341.1), (372.8, 356.0), (372.8, 370.9), (372.8, 372.8), (372.8, 372.8), (372.8, 372.8), (372.8, 372.8), (372.8, 372.8), (372.8, 372.8), (372.8, 372.8), (372.8, 372.8), (372.8, 372.8), (372.8, 372.8), (372.8, 372.8), (372.8, 372.8), (372.8, 372.8), (372.8, 372.8), (372.8, 372.8), (372.8, 372.8), (372.8, 372.8), (372.8, 372.8), (372.8, 372.8), (372.8, 372.8), (372.8, 372.8), (372.8, 372.8), (372.8, 372.8), (372.8, 372.8), (372.8, 372.8), (372.8, 372.8), (372.8, 372.8), (372.8, 372.8), (372.8, 372.8), (372.8, 372.8), (372.8, 372.8), (372.8, 372.8), (372.8, 372.8), (372.8, 372.8), (372.8, 372.8), (372.8, 372.8), (372.8, 372.8), (372.8, 372.8), (372.8, 372.8), (372.8, 372.8), (372.8, 372.8), (372.8, 372.8), (372.8, 372.8), (372.8, 372.8), (372.8, 372.8)]",0,1,16.3
novice,bomberman,2,Bomb,32,0,7.65,0.185,"[(48.0, 48.0), (62.9, 51.7), (77.9, 51.7), (98.4, 51.7), (113.3, 57.3), (115.2, 72.3), (115.2, 89.1), (115.2, 107.7), (115.2, 122.7), (115.2, 126.4), (115.2, 130.1), (115.2, 130.1), (115.2, 126.4), (115.2, 130.1), (115.2, 130.1), (115.2, 126.4), (115.2, 130.1), (115.2, 130.1), (115.2, 126.4), (115.2, 130.1), (115.2, 130.1), (115.2, 126.4), (115.2, 130.1), (115.2, 130.1), (115.2, 126.4), (115.2, 130.1), (115.2, 130.1), (115.2, 126.4), (115.2, 130.1), (115.2, 130.1), (115.2, 126.4), (115.2, 132.0), (115.2, 132.0), (115.2, 132.0), (115.2, 132.0), (115.2, 132.0), (115.2, 132.0), (115.2, 132.0), (115.2, 132.0), (115.2, 132.0), (115.2, 132.0), (115.2, 132.0), (115.2, 132.0), (115.2, 132.0), (115.2, 132.0), (115.2, 132.0), (115.2, 132.0), (115.2, 132.0), (115.2, 132.0), (115.2, 132.0), (115.2, 132.0), (115.2, 132.0), (115.2, 132.0), (115.2, 132.0), (115.2, 132.0), (115.2, 132.0), (115.2, 132.0), (115.2, 132.0), (115.2, 132.0), (115.2, 132.0), (115.2, 132.0)]",0,0,8.05
novice,bomberman,2,Bomb,15,0,24.42,0.926,"[(48.0, 48.0), (62.9, 51.7), (77.9, 51.7), (98.4, 51.7), (113.3, 57.3), (115.2, 72.3), (115.2, 89.1), (115.2, 107.7), (128.3, 115.2), (143.2, 115.2), (165.6, 115.2), (180.5, 124.5), (180.5, 139.5), (180.5, 160.0), (184.3, 176.8), (193.6, 180.5), (193.6, 180.5), (193.6, 180.5), (193.6, 180.5), (193.6, 180.5), (193.6, 180.5), (193.6, 180.5), (193.6, 180.5), (193.6, 180.5), (193.6, 180.5), (193.6, 180.5), (193.6, 180.5), (193.6, 180.5), (189.9, 180.5), (189.9, 180.5), (193.6, 180.5), (197.3, 180.5), (214.1, 180.5), (234.7, 180.5), (244.0, 195.5), (244.0, 210.4), (244.0, 225.3), (247.7, 240.3), (262.7, 244.0), (279.5, 244.0), (298.1, 244.0), (307.5, 258.9), (307.5, 273.9), (307.5, 294.4), (316.8, 307.5), (331.7, 307.5), (352.3, 307.5), (367.2, 311.2), (372.8, 326.1), (372.8, 341.1), (372.8, 356.0), (372.8, 370.9), (372.8, 372.8), (372.8, 372.8), (372.8, 372.8), (372.8, 372.8), (372.8, 372.8), (372.8, 372.8), (372.8, 372.8), (372.8, 372.8), (372.8, 372.8), (372.8, 372.8), (372.8, 372.8), (372.8, 372.8), (372.8, 372.8), (372.8, 372.8), (372.8, 372.8), (372.8, 372.8), (372.8, 372.8), (372.8, 372.8), (372.8, 372.8), (372.8, 372.8), (372.8, 372.8), (372.8, 372.8), (372.8, 372.8), (372.8, 372.8), (372.8, 372.8), (372.8, 372.8), (372.8, 372.8), (372.8, 372.8), (372.8, 372.8), (372.8, 372.8), (372.8, 372.8), (372.8, 372.8), (372.8, 372.8), (372.8, 372.8), (372.8, 372.8), (372.8, 372.8), (372.8, 372.8), (372.8, 372.8), (372.8, 372.8)]",0,1,12.0
novice,bomberman,2,Bomb,6,0,35.15,0.926,"[(48.0, 48.0), (62.9, 51.7), (77.9, 51.7), (98.4, 51.7), (113.3, 57.3), (115.2, 72.3), (115.2, 89.1), (115.2, 107.7), (128.3, 115.2), (143.2, 115.2), (165.6, 115.2), (180.5, 124.5), (180.5, 139.5), (180.5, 160.0), (184.3, 176.8), (199.2, 180.5), (214.1, 180.5), (229.1, 180.5), (244.0, 189.9), (244.0, 204.8), (244.0, 219.7), (244.0, 234.7), (257.1, 244.0), (272.0, 244.0), (292.5, 244.0), (307.5, 253.3), (307.5, 268.3), (307.5, 288.8), (311.2, 303.7), (326.1, 307.5), (342.9, 307.5), (361.6, 307.5), (372.8, 320.5), (372.8, 335.5), (372.8, 350.4), (372.8, 365.3), (372.8, 372.8), (372.8, 372.8), (372.8, 372.8), (372.8, 372.8), (372.8, 372.8), (372.8, 372.8), (372.8, 372.8), (372.8, 372.8), (372.8, 372.8), (372.8, 372.8), (372.8, 372.8), (372.8, 372.8), (372.8, 372.8), (372.8, 372.8), (372.8, 372.8), (372.8, 372.8), (372.8, 372.8), (372.8, 372.8), (372.8, 372.8), (372.8, 372.8), (372.8, 372.8), (372.8, 372.8), (372.8, 372.8), (372.8, 372.8), (372.8, 372.8), (372.8, 372.8), (372.8, 372.8), (372.8, 372.8), (372.8, 372.8)]",0,1,8.55
novice,bomberman,2,Bomb,32,0,24.42,0.926,"[(48.0, 48.0), (62.9, 51.7), (77.9, 51.7), (98.4, 51.7), (113.3, 57.3), (115.2, 72.3), (115.2, 89.1), (115.2, 107.7), (128.3, 115.2), (143.2, 115.2), (165.6, 115.2), (180.5, 124.5), (180.5, 132.0), (180.5, 128.3), (180.5, 128.3), (180.5, 132.0), (180.5, 128.3), (180.5, 128.3), (180.5, 132.0), (180.5, 128.3), (180.5, 128.3), (180.5, 132.0), (180.5, 128.3), (180.5, 128.3), (180.5, 132.0), (180.5, 128.3), (180.5, 128.3), (180.5, 132.0), (180.5, 128.3), (180.5, 128.3), (180.5, 132.0), (180.5, 135.7), (180.5, 152.5), (180.5, 173.1), (195.5, 180.5), (210.4, 180.5), (232.8, 180.5), (244.0, 193.6), (244.0, 208.5), (244.0, 230.9), (253.3, 244.0), (268.3, 244.0), (288.8, 244.0), (303.7, 249.6), (307.5, 264.5), (307.5, 281.3), (307.5, 300.0), (322.4, 307.5), (337.3, 307.5), (357.9, 307.5), (372.8, 316.8), (372.8, 331.7), (372.8, 346.7), (372.8, 361.6), (372.8, 372.8), (372.8, 372.8), (372.8, 372.8), (372.8, 372.8), (372.8, 372.8), (372.8, 372.8), (372.8, 372.8), (372.8, 372.8), (372.8, 372.8), (372.8, 372.8), (372.8, 372.8), (372.8, 372.8), (372.8, 372.8), (372.8, 372.8), (372.8, 372.8), (372.8, 372.8), (372.8, 372.8), (372.8, 372.8), (372.8, 372.8), (372.8, 372.8), (372.8, 372.8), (372.8, 372.8), (372.8, 372.8), (372.8, 372.8), (372.8, 372.8), (372.8, 372.8), (372.8, 372.8), (372.8, 372.8), (372.8, 372.8), (372.8, 372.8), (372.8, 372.8), (372.8, 372.8), (372.8, 372.8), (372.8, 372.8), (372.8, 372.8), (372.8, 372.8), (372.8, 372.8)]",0,1,12.0
novice,bomberman,2,Bomb,7,0,24.42,0.926,"[(48.0, 48.0), (62.9, 51.7), (77.9, 51.7), (98.4, 51.7), (113.3, 57.3), (115.2, 72.3), (115.2, 89.1), (115.2, 107.7), (128.3, 115.2), (143.2, 115.2), (165.6, 115.2), (180.5, 124.5), (180.5, 128.3), (180.5, 128.3), (180.5, 128.3), (180.5, 128.3), (180.5, 128.3), (180.5, 128.3), (180.5, 128.3), (180.5, 128.3), (180.5, 128.3), (180.5, 128.3), (180.5, 128.3), (180.5, 128.3), (180.5, 128.3), (180.5, 128.3), (180.5, 128.3), (180.5, 128.3), (180.5, 128.3), (180.5, 128.3), (180.5, 128.3), (180.5, 143.2), (180.5, 165.6), (188.0, 180.5), (202.9, 180.5), (225.3, 180.5), (240.3, 186.1), (244.0, 201.1), (244.0, 216.0), (244.0, 230.9), (253.3, 244.0), (268.3, 244.0), (288.8, 244.0), (303.7, 249.6), (307.5, 264.5), (307.5, 281.3), (307.5, 300.0), (322.4, 307.5), (337.3, 307.5), (357.9, 307.5), (372.8, 316.8), (372.8, 331.7), (372.8, 346.7), (372.8, 361.6), (372.8, 372.8), (372.8, 372.8), (372.8, 372.8), (372.8, 372.8), (372.8, 372.8), (372.8, 372.8), (372.8, 372.8), (372.8, 372.8), (372.8, 372.8), (372.8, 372.8), (372.8, 372.8), (372.8, 372.8), (372.8, 372.8), (372.8, 372.8), (372.8, 372.8), (372.8, 372.8), (372.8, 372.8), (372.8, 372.8), (372.8, 372.8), (372.8, 372.8), (372.8, 372.8), (372.8, 372.8), (372.8, 372.8), (372.8, 372.8), (372.8, 372.8), (372.8, 372.8), (372.8, 372.8), (372.8, 372.8), (372.8, 372.8), (372.8, 372.8), (372.8, 372.8), (372.8, 372.8), (372.8, 372.8), (372.8, 372.8), (372.8, 372.8), (372.8, 372.8), (372.8, 372.8)]",0,1,12.0
novice,bomberman,2,Bomb,8,0,24.68,0.926,"[(48.0, 48.0), (62.9, 51.7), (77.9, 51.7), (98.4, 51.7), (113.3, 57.3), (115.2, 72.3), (115.2, 89.1), (115.2, 107.7), (128.3, 115.2), (143.2, 115.2), (165.6, 115.2), (180.5, 124.5), (180.5, 139.5), (180.5, 154.4), (180.5, 169.3), (191.7, 180.5), (206.7, 180.5), (229.1, 180.5), (244.0, 189.9), (244.0, 204.8), (244.0, 219.7), (244.0, 234.7), (257.1, 244.0), (272.0, 242.1), (286.9, 238.4), (301.9, 247.7), (307.5, 262.7), (307.5, 277.6), (307.5, 298.1), (320.5, 307.5), (335.5, 307.5), (356.0, 307.5), (370.9, 314.9), (372.8, 329.9), (372.8, 344.8), (372.8, 359.7), (372.8, 372.8), (372.8, 372.8), (372.8, 372.8), (372.8, 372.8), (372.8, 372.8), (372.8, 372.8), (372.8, 372.8), (372.8, 372.8), (372.8, 372.8), (372.8, 372.8), (372.8, 372.8), (372.8, 372.8), (372.8, 372.8), (372.8, 372.8), (372.8, 372.8), (372.8, 372.8), (372.8, 372.8), (372.8, 372.8), (372.8, 372.8), (372.8, 372.8), (372.8, 372.8), (372.8, 372.8), (372.8, 372.8), (372.8, 372.8), (372.8, 372.8), (372.8, 372.8), (372.8, 372.8), (372.8, 372.8), (372.8, 372.8), (372.8, 372.8), (372.8, 372.8), (372.8, 372.8), (372.8, 372.8), (372.8, 372.8), (372.8, 372.8), (372.8, 372.8), (372.8, 372.8), (372.8, 372.8), (372.8, 372.8), (372.8, 372.8), (372.8, 372.8), (372.8, 372.8), (372.8, 372.8), (372.8, 372.8), (372.8, 372.8), (372.8, 372.8), (372.8, 372.8), (372.8, 372.8), (372.8, 372.8), (372.8, 372.8), (372.8, 372.8), (372.8, 372.8), (372.8, 372.8), (372.8, 372.8), (372.8, 372.8)]",0,1,12.1
novice,bomberman,2,Bomb,8,0,24.68,0.926,"[(48.0, 48.0), (62.9, 51.7), (77.9, 51.7), (98.4, 51.7), (113.3, 57.3), (115.2, 72.3), (115.2, 89.1), (115.2, 107.7), (128.3, 115.2), (143.2, 115.2), (165.6, 115.2), (180.5, 124.5), (180.5, 139.5), (180.5, 154.4), (180.5, 169.3), (191.7, 180.5), (206.7, 180.5), (229.1, 180.5), (244.0, 189.9), (244.0, 204.8), (244.0, 219.7), (244.0, 234.7), (257.1, 244.0), (272.0, 242.1), (286.9, 238.4), (301.9, 247.7), (307.5, 262.7), (307.5, 277.6), (307.5, 298.1), (320.5, 307.5), (335.5, 307.5), (356.0, 307.5), (370.9, 314.9), (372.8, 329.9), (372.8, 344.8), (372.8, 359.7), (372.8, 372.8), (372.8, 372.8), (372.8, 372.8), (372.8, 372.8), (372.8, 372.8), (372.8, 372.8), (372.8, 372.8), (372.8, 372.8), (372.8, 372.8), (372.8, 372.8), (372.8, 372.8), (372.8, 372.8), (372.8, 372.8), (372.8, 372.8), (372.8, 372.8), (372.8, 372.8), (372.8, 372.8), (372.8, 372.8), (372.8, 372.8), (372.8, 372.8), (372.8, 372.8), (372.8, 372.8), (372.8, 372.8), (372.8, 372.8), (372.8, 372.8), (372.8, 372.8), (372.8, 372.8), (372.8, 372.8), (372.8, 372.8), (372.8, 372.8), (372.8, 372.8), (372.8, 372.8), (372.8, 372.8), (372.8, 372.8), (372.8, 372.8), (372.8, 372.8), (372.8, 372.8), (372.8, 372.8), (372.8, 372.8), (372.8, 372.8), (372.8, 372.8), (372.8, 372.8), (372.8, 372.8), (372.8, 372.8), (372.8, 372.8), (372.8, 372.8), (372.8, 372.8), (372.8, 372.8), (372.8, 372.8), (372.8, 372.8), (372.8, 372.8), (372.8, 372.8), (372.8, 372.8), (372.8, 372.8), (372.8, 372.8)]",0,1,12.1
novice,bomberman,2,Bomb,7,0,24.42,0.926,"[(48.0, 48.0), (62.9, 51.7), (77.9, 51.7), (98.4, 51.7), (113.3, 57.3), (115.2, 72.3), (115.2, 89.1), (115.2, 107.7), (128.3, 115.2), (143.2, 115.2), (165.6, 115.2), (180.5, 124.5), (180.5, 128.3), (180.5, 128.3), (180.5, 128.3), (180.5, 128.3), (180.5, 128.3), (180.5, 128.3), (180.5, 128.3), (180.5, 128.3), (180.5, 128.3), (180.5, 128.3), (180.5, 128.3), (180.5, 128.3), (180.5, 128.3), (180.5, 128.3), (180.5, 128.3), (180.5, 128.3), (180.5, 128.3), (180.5, 128.3), (180.5, 128.3), (180.5, 143.2), (180.5, 165.6), (188.0, 180.5), (202.9, 180.5), (225.3, 180.5), (240.3, 186.1), (244.0, 201.1), (244.0, 216.0), (244.0, 230.9), (253.3, 244.0), (268.3, 244.0), (288.8, 244.0), (303.7, 249.6), (307.5, 264.5), (307.5, 281.3), (307.5, 300.0), (322.4, 307.5), (337.3, 307.5), (357.9, 307.5), (372.8, 316.8), (372.8, 331.7), (372.8, 346.7), (372.8, 361.6), (372.8, 372.8), (372.8, 372.8), (372.8, 372.8), (372.8, 372.8), (372.8, 372.8), (372.8, 372.8), (372.8, 372.8), (372.8, 372.8), (372.8, 372.8), (372.8, 372.8), (372.8, 372.8), (372.8, 372.8), (372.8, 372.8), (372.8, 372.8), (372.8, 372.8), (372.8, 372.8), (372.8, 372.8), (372.8, 372.8), (372.8, 372.8), (372.8, 372.8), (372.8, 372.8), (372.8, 372.8), (372.8, 372.8), (372.8, 372.8), (372.8, 372.8), (372.8, 372.8), (372.8, 372.8), (372.8, 372.8), (372.8, 372.8), (372.8, 372.8), (372.8, 372.8), (372.8, 372.8), (372.8, 372.8), (372.8, 372.8), (372.8, 372.8), (372.8, 372.8), (372.8, 372.8)]",0,1,12.0
novice,bomberman,2,Bomb,32,0,24.42,0.926,"[(48.0, 48.0), (62.9, 51.7), (77.9, 51.7), (98.4, 51.7), (113.3, 57.3), (115.2, 72.3), (115.2, 89.1), (115.2, 107.7), (128.3, 115.2), (143.2, 115.2), (165.6, 115.2), (180.5, 124.5), (180.5, 132.0), (180.5, 128.3), (180.5, 128.3), (180.5, 132.0), (180.5, 128.3), (180.5, 128.3), (180.5, 132.0), (180.5, 128.3), (180.5, 128.3), (180.5, 132.0), (180.5, 128.3), (180.5, 128.3), (180.5, 132.0), (180.5, 128.3), (180.5, 128.3), (180.5, 132.0), (180.5, 128.3), (180.5, 128.3), (180.5, 132.0), (180.5, 135.7), (180.5, 152.5), (180.5, 173.1), (195.5, 180.5), (210.4, 180.5), (232.8, 180.5), (244.0, 193.6), (244.0, 208.5), (244.0, 230.9), (253.3, 244.0), (268.3, 244.0), (288.8, 244.0), (303.7, 249.6), (307.5, 264.5), (307.5, 281.3), (307.5, 300.0), (322.4, 307.5), (337.3, 307.5), (357.9, 307.5), (372.8, 316.8), (372.8, 331.7), (372.8, 346.7), (372.8, 361.6), (372.8, 372.8), (372.8, 372.8), (372.8, 372.8), (372.8, 372.8), (372.8, 372.8), (372.8, 372.8), (372.8, 372.8), (372.8, 372.8), (372.8, 372.8), (372.8, 372.8), (372.8, 372.8), (372.8, 372.8), (372.8, 372.8), (372.8, 372.8), (372.8, 372.8), (372.8, 372.8), (372.8, 372.8), (372.8, 372.8), (372.8, 372.8), (372.8, 372.8), (372.8, 372.8), (372.8, 372.8), (372.8, 372.8), (372.8, 372.8), (372.8, 372.8), (372.8, 372.8), (372.8, 372.8), (372.8, 372.8), (372.8, 372.8), (372.8, 372.8), (372.8, 372.8), (372.8, 372.8), (372.8, 372.8), (372.8, 372.8), (372.8, 372.8), (372.8, 372.8), (372.8, 372.8)]",0,1,12.0
novice,bomberman,2,Bomb,6,0,35.15,0.926,"[(48.0, 48.0), (62.9, 51.7), (77.9, 51.7), (98.4, 51.7), (113.3, 57.3), (115.2, 72.3), (115.2, 89.1), (115.2, 107.7), (128.3, 115.2), (143.2, 115.2), (165.6, 115.2), (180.5, 124.5), (180.5, 139.5), (180.5, 160.0), (184.3, 176.8), (199.2, 180.5), (214.1, 180.5), (229.1, 180.5), (244.0, 189.9), (244.0, 204.8), (244.0, 219.7), (244.0, 234.7), (257.1, 244.0), (272.0, 244.0), (292.5, 244.0), (307.5, 253.3), (307.5, 268.3), (307.5, 288.8), (311.2, 303.7), (326.1, 307.5), (342.9, 307.5), (361.6, 307.5), (372.8, 320.5), (372.8, 335.5), (372.8, 350.4), (372.8, 365.3), (372.8, 372.8), (372.8, 372.8), (372.8, 372.8), (372.8, 372.8), (372.8, 372.8), (372.8, 372.8), (372.8, 372.8), (372.8, 372.8), (372.8, 372.8), (372.8, 372.8), (372.8, 372.8), (372.8, 372.8), (372.8, 372.8), (372.8, 372.8), (372.8, 372.8), (372.8, 372.8), (372.8, 372.8), (372.8, 372.8), (372.8, 372.8), (372.8, 372.8), (372.8, 372.8), (372.8, 372.8), (372.8, 372.8), (372.8, 372.8), (372.8, 372.8), (372.8, 372.8), (372.8, 372.8), (372.8, 372.8), (372.8, 372.8)]",0,1,8.55
novice,bomberman,2,Bomb,7,0,20.78,0.926,"[(48.0, 48.0), (62.9, 51.7), (77.9, 51.7), (98.4, 51.7), (113.3, 57.3), (115.2, 72.3), (115.2, 89.1), (115.2, 107.7), (128.3, 115.2), (143.2, 115.2), (165.6, 115.2), (180.5, 124.5), (180.5, 139.5), (180.5, 154.4), (180.5, 169.3), (191.7, 180.5), (197.3, 180.5), (197.3, 180.5), (197.3, 180.5), (197.3, 180.5), (197.3, 180.5), (197.3, 180.5), (197.3, 180.5), (197.3, 180.5), (197.3, 180.5), (197.3, 180.5), (197.3, 180.5), (208.5, 180.5), (230.9, 180.5), (244.0, 191.7), (244.0, 206.7), (244.0, 221.6), (244.0, 236.5), (258.9, 244.0), (257.1, 244.0), (257.1, 244.0), (260.8, 244.0), (257.1, 244.0), (257.1, 244.0), (260.8, 244.0), (257.1, 244.0), (257.1, 244.0), (260.8, 244.0), (257.1, 244.0), (257.1, 244.0), (260.8, 244.0), (257.1, 244.0), (257.1, 244.0), (260.8, 244.0), (257.1, 244.0), (257.1, 244.0), (260.8, 244.0), (257.1, 244.0), (257.1, 244.0), (260.8, 244.0), (257.1, 244.0), (257.1, 244.0), (260.8, 244.0), (264.5, 244.0), (283.2, 244.0), (288.8, 244.0), (288.8, 244.0), (288.8, 244.0), (288.8, 244.0), (288.8, 244.0), (288.8, 244.0), (300.0, 245.9), (307.5, 260.8), (307.5, 275.7), (307.5, 296.3), (318.7, 307.5), (333.6, 307.5), (354.1, 307.5), (369.1, 313.1), (372.8, 328.0), (372.8, 342.9), (372.8, 357.9), (372.8, 372.8), (372.8, 372.8), (372.8, 372.8), (372.8, 372.8), (372.8, 372.8), (372.8, 372.8), (372.8, 372.8), (372.8, 372.8), (372.8, 372.8), (372.8, 372.8), (372.8, 372.8), (372.8, 372.8), (372.8, 372.8), (372.8, 372.8), (372.8, 372.8), (372.8, 372.8), (372.8, 372.8), (372.8, 372.8), (372.8, 372.8), (372.8, 372.8), (372.8, 372.8), (372.8, 372.8), (372.8, 372.8), (372.8, 372.8), (372.8, 372.8), (372.8, 372.8), (372.8, 372.8), (372.8, 372.8), (372.8, 372.8)]",0,1,14.1
novice,bomberman,2,Bomb,55,0,14.93,0.259,"[(48.0, 48.0), (62.9, 51.7), (77.9, 51.7), (98.4, 51.7), (113.3, 57.3), (115.2, 72.3), (115.2, 89.1), (115.2, 107.7), (128.3, 115.2), (143.2, 115.2), (165.6, 115.2), (180.5, 124.5), (180.5, 132.0), (180.5, 128.3), (180.5, 128.3), (180.5, 132.0), (180.5, 128.3), (180.5, 128.3), (180.5, 132.0), (180.5, 128.3), (180.5, 128.3), (180.5, 132.0), (180.5, 128.3), (180.5, 128.3), (180.5, 132.0), (180.5, 128.3), (180.5, 128.3), (180.5, 132.0), (180.5, 128.3), (180.5, 128.3), (180.5, 132.0), (180.5, 117.1), (180.5, 102.1), (180.5, 100.3), (180.5, 98.4), (180.5, 98.4), (180.5, 96.5), (180.5, 96.5), (180.5, 94.7), (180.5, 94.7), (180.5, 92.8), (180.5, 98.4), (180.5, 90.9), (180.5, 100.3), (180.5, 94.7), (180.5, 102.1), (180.5, 98.4), (180.5, 100.3), (180.5, 100.3), (180.5, 98.4), (180.5, 98.4), (180.5, 96.5), (180.5, 96.5), (180.5, 94.7), (180.5, 94.7), (180.5, 92.8), (180.5, 98.4), (180.5, 102.1), (180.5, 102.1), (180.5, 102.1), (180.5, 102.1)]",0,0,8.0
novice,bomberman,2,Bomb,65,0,16.33,0.333,"[(48.0, 48.0), (62.9, 51.7), (77.9, 51.7), (98.4, 51.7), (113.3, 57.3), (115.2, 72.3), (115.2, 89.1), (115.2, 107.7), (128.3, 115.2), (143.2, 115.2), (165.6, 115.2), (180.5, 124.5), (180.5, 132.0), (180.5, 128.3), (180.5, 128.3), (180.5, 132.0), (180.5, 128.3), (180.5, 128.3), (180.5, 132.0), (180.5, 128.3), (180.5, 128.3), (180.5, 132.0), (180.5, 128.3), (180.5, 128.3), (180.5, 132.0), (180.5, 128.3), (180.5, 128.3), (180.5, 132.0), (180.5, 128.3), (180.5, 128.3), (180.5, 132.0), (180.5, 146.9), (180.5, 169.3), (191.7, 180.5), (195.5, 180.5), (195.5, 180.5), (191.7, 180.5), (195.5, 180.5), (195.5, 180.5), (191.7, 180.5), (195.5, 180.5), (195.5, 180.5), (191.7, 180.5), (195.5, 180.5), (195.5, 180.5), (191.7, 180.5), (195.5, 180.5), (195.5, 180.5), (191.7, 180.5), (195.5, 180.5), (195.5, 180.5), (191.7, 180.5), (195.5, 180.5), (195.5, 180.5), (191.7, 180.5), (195.5, 180.5), (195.5, 180.5), (189.9, 180.5), (191.7, 180.5), (191.7, 180.5), (188.0, 180.5)]",0,0,8.0
novice,bomberman,2,Bomb,6,0,24.42,0.926,"[(48.0, 48.0), (62.9, 51.7), (77.9, 51.7), (98.4, 51.7), (113.3, 57.3), (115.2, 72.3), (115.2, 89.1), (115.2, 107.7), (128.3, 115.2), (143.2, 115.2), (165.6, 115.2), (180.5, 124.5), (180.5, 139.5), (180.5, 154.4), (180.5, 169.3), (191.7, 180.5), (206.7, 180.5), (229.1, 180.5), (244.0, 189.9), (244.0, 204.8), (244.0, 219.7), (244.0, 234.7), (257.1, 244.0), (272.0, 244.0), (292.5, 244.0), (307.5, 253.3), (307.5, 268.3), (307.5, 288.8), (311.2, 303.7), (326.1, 307.5), (342.9, 307.5), (361.6, 307.5), (372.8, 320.5), (372.8, 335.5), (372.8, 350.4), (372.8, 365.3), (372.8, 372.8), (372.8, 372.8), (372.8, 372.8), (372.8, 372.8), (372.8, 372.8), (372.8, 372.8), (372.8, 372.8), (372.8, 372.8), (372.8, 372.8), (372.8, 372.8), (372.8, 372.8), (372.8, 372.8), (372.8, 372.8), (372.8, 372.8), (372.8, 372.8), (372.8, 372.8), (372.8, 372.8), (372.8, 372.8), (372.8, 372.8), (372.8, 372.8), (372.8, 372.8), (372.8, 372.8), (372.8, 372.8), (372.8, 372.8), (372.8, 372.8), (372.8, 372.8), (372.8, 372.8), (372.8, 372.8), (372.8, 372.8), (372.8, 372.8), (372.8, 372.8), (372.8, 372.8), (372.8, 372.8), (372.8, 372.8), (372.8, 372.8), (372.8, 372.8), (372.8, 372.8), (372.8, 372.8), (372.8, 372.8), (372.8, 372.8), (372.8, 372.8), (372.8, 372.8), (372.8, 372.8), (372.8, 372.8), (372.8, 372.8), (372.8, 372.8), (372.8, 372.8), (372.8, 372.8), (372.8, 372.8), (372.8, 372.8), (372.8, 372.8), (372.8, 372.8), (372.8, 372.8), (372.8, 372.8), (372.8, 372.8)]",0,1,12.0
novice,bomberman,2,Bomb,8,0,25.04,0.926,"[(48.0, 48.0), (62.9, 51.7), (77.9, 51.7), (98.4, 51.7), (113.3, 57.3), (115.2, 72.3), (115.2, 89.1), (115.2, 107.7), (128.3, 115.2), (143.2, 115.2), (165.6, 115.2), (180.5, 124.5), (180.5, 139.5), (180.5, 160.0), (184.3, 176.8), (199.2, 180.5), (214.1, 180.5), (229.1, 180.5), (244.0, 189.9), (244.0, 204.8), (244.0, 227.2), (249.6, 242.1), (264.5, 244.0), (283.2, 244.0), (300.0, 245.9), (307.5, 260.8), (307.5, 275.7), (307.5, 296.3), (318.7, 307.5), (333.6, 307.5), (354.1, 307.5), (369.1, 313.1), (372.8, 328.0), (372.8, 342.9), (372.8, 357.9), (372.8, 372.8), (372.8, 372.8), (372.8, 372.8), (372.8, 372.8), (372.8, 372.8), (372.8, 372.8), (372.8, 372.8), (372.8, 372.8), (372.8, 372.8), (372.8, 372.8), (372.8, 372.8), (372.8, 372.8), (372.8, 372.8), (372.8, 372.8), (372.8, 372.8), (372.8, 372.8), (372.8, 372.8), (372.8, 372.8), (372.8, 372.8), (372.8, 372.8), (372.8, 372.8), (372.8, 372.8), (372.8, 372.8), (372.8, 372.8), (372.8, 372.8), (372.8, 372.8), (372.8, 372.8), (372.8, 372.8), (372.8, 372.8), (372.8, 372.8), (372.8, 372.8), (372.8, 372.8), (372.8, 372.8), (372.8, 372.8), (372.8, 372.8), (372.8, 372.8), (372.8, 372.8), (372.8, 372.8), (372.8, 372.8), (372.8, 372.8), (372.8, 372.8), (372.8, 372.8), (372.8, 372.8), (372.8, 372.8), (372.8, 372.8), (372.8, 372.8), (372.8, 372.8), (372.8, 372.8), (372.8, 372.8), (372.8, 372.8), (372.8, 372.8), (372.8, 372.8), (372.8, 372.8), (372.8, 372.8), (372.8, 372.8), (372.8, 372.8)]",0,1,12.0
novice,bomberman,2,Bomb,6,0,25.04,0.926,"[(48.0, 48.0), (62.9, 51.7), (77.9, 51.7), (98.4, 51.7), (113.3, 57.3), (115.2, 72.3), (115.2, 89.1), (115.2, 107.7), (128.3, 115.2), (143.2, 115.2), (165.6, 115.2), (180.5, 124.5), (180.5, 139.5), (180.5, 160.0), (184.3, 176.8), (199.2, 180.5), (214.1, 180.5), (229.1, 180.5), (244.0, 189.9), (244.0, 204.8), (244.0, 227.2), (249.6, 242.1), (264.5, 244.0), (283.2, 244.0), (300.0, 245.9), (307.5, 260.8), (307.5, 275.7), (307.5, 296.3), (318.7, 307.5), (333.6, 307.5), (354.1, 307.5), (369.1, 313.1), (372.8, 328.0), (372.8, 342.9), (372.8, 357.9), (372.8, 372.8), (372.8, 372.8), (372.8, 372.8), (372.8, 372.8), (372.8, 372.8), (372.8, 372.8), (372.8, 372.8), (372.8, 372.8), (372.8, 372.8), (372.8, 372.8), (372.8, 372.8), (372.8, 372.8), (372.8, 372.8), (372.8, 372.8), (372.8, 372.8), (372.8, 372.8), (372.8, 372.8), (372.8, 372.8), (372.8, 372.8), (372.8, 372.8), (372.8, 372.8), (372.8, 372.8), (372.8, 372.8), (372.8, 372.8), (372.8, 372.8), (372.8, 372.8), (372.8, 372.8), (372.8, 372.8), (372.8, 372.8), (372.8, 372.8), (372.8, 372.8), (372.8, 372.8), (372.8, 372.8), (372.8, 372.8), (372.8, 372.8), (372.8, 372.8), (372.8, 372.8), (372.8, 372.8), (372.8, 372.8), (372.8, 372.8), (372.8, 372.8), (372.8, 372.8), (372.8, 372.8), (372.8, 372.8), (372.8, 372.8), (372.8, 372.8), (372.8, 372.8), (372.8, 372.8), (372.8, 372.8), (372.8, 372.8), (372.8, 372.8), (372.8, 372.8), (372.8, 372.8), (372.8, 372.8), (372.8, 372.8), (372.8, 372.8)]",0,1,12.0
novice,bomberman,2,Bomb,6,0,25.04,0.926,"[(48.0, 48.0), (62.9, 51.7), (77.9, 51.7), (98.4, 51.7), (113.3, 57.3), (115.2, 72.3), (115.2, 89.1), (115.2, 107.7), (128.3, 115.2), (143.2, 115.2), (165.6, 115.2), (180.5, 124.5), (180.5, 139.5), (180.5, 160.0), (184.3, 176.8), (199.2, 180.5), (214.1, 180.5), (229.1, 180.5), (244.0, 189.9), (244.0, 204.8), (244.0, 227.2), (249.6, 242.1), (264.5, 244.0), (283.2, 244.0), (300.0, 245.9), (307.5, 260.8), (307.5, 275.7), (307.5, 296.3), (318.7, 307.5), (333.6, 307.5), (354.1, 307.5), (369.1, 313.1), (372.8, 328.0), (372.8, 342.9), (372.8, 357.9), (372.8, 372.8), (372.8, 372.8), (372.8, 372.8), (372.8, 372.8), (372.8, 372.8), (372.8, 372.8), (372.8, 372.8), (372.8, 372.8), (372.8, 372.8), (372.8, 372.8), (372.8, 372.8), (372.8, 372.8), (372.8, 372.8), (372.8, 372.8), (372.8, 372.8), (372.8, 372.8), (372.8, 372.8), (372.8, 372.8), (372.8, 372.8), (372.8, 372.8), (372.8, 372.8), (372.8, 372.8), (372.8, 372.8), (372.8, 372.8), (372.8, 372.8), (372.8, 372.8), (372.8, 372.8), (372.8, 372.8), (372.8, 372.8), (372.8, 372.8), (372.8, 372.8), (372.8, 372.8), (372.8, 372.8), (372.8, 372.8), (372.8, 372.8), (372.8, 372.8), (372.8, 372.8), (372.8, 372.8), (372.8, 372.8), (372.8, 372.8), (372.8, 372.8), (372.8, 372.8), (372.8, 372.8), (372.8, 372.8), (372.8, 372.8), (372.8, 372.8), (372.8, 372.8), (372.8, 372.8), (372.8, 372.8), (372.8, 372.8), (372.8, 372.8), (372.8, 372.8), (372.8, 372.8), (372.8, 372.8), (372.8, 372.8), (372.8, 372.8)]",0,1,12.0
novice,bomberman,2,Bomb,8,0,25.04,0.926,"[(48.0, 48.0), (62.9, 51.7), (77.9, 51.7), (98.4, 51.7), (113.3, 57.3), (115.2, 72.3), (115.2, 89.1), (115.2, 107.7), (128.3, 115.2), (143.2, 115.2), (165.6, 115.2), (180.5, 124.5), (180.5, 139.5), (180.5, 160.0), (184.3, 176.8), (199.2, 180.5), (214.1, 180.5), (229.1, 180.5), (244.0, 189.9), (244.0, 204.8), (244.0, 227.2), (249.6, 242.1), (264.5, 244.0), (283.2, 244.0), (300.0, 245.9), (307.5, 260.8), (307.5, 275.7), (307.5, 296.3), (318.7, 307.5), (333.6, 307.5), (354.1, 307.5), (369.1, 313.1), (372.8, 328.0), (372.8, 342.9), (372.8, 357.9), (372.8, 372.8), (372.8, 372.8), (372.8, 372.8), (372.8, 372.8), (372.8, 372.8), (372.8, 372.8), (372.8, 372.8), (372.8, 372.8), (372.8, 372.8), (372.8, 372.8), (372.8, 372.8), (372.8, 372.8), (372.8, 372.8), (372.8, 372.8), (372.8, 372.8), (372.8, 372.8), (372.8, 372.8), (372.8, 372.8), (372.8, 372.8), (372.8, 372.8), (372.8, 372.8), (372.8, 372.8), (372.8, 372.8), (372.8, 372.8), (372.8, 372.8), (372.8, 372.8), (372.8, 372.8), (372.8, 372.8), (372.8, 372.8), (372.8, 372.8), (372.8, 372.8), (372.8, 372.8), (372.8, 372.8), (372.8, 372.8), (372.8, 372.8), (372.8, 372.8), (372.8, 372.8), (372.8, 372.8), (372.8, 372.8), (372.8, 372.8), (372.8, 372.8), (372.8, 372.8), (372.8, 372.8), (372.8, 372.8), (372.8, 372.8), (372.8, 372.8), (372.8, 372.8), (372.8, 372.8), (372.8, 372.8), (372.8, 372.8), (372.8, 372.8), (372.8, 372.8), (372.8, 372.8), (372.8, 372.8), (372.8, 372.8), (372.8, 372.8)]",0,1,12.0
novice,bomberman,2,Bomb,6,0,24.42,0.926,"[(48.0, 48.0), (62.9, 51.7), (77.9, 51.7), (98.4, 51.7), (113.3, 57.3), (115.2, 72.3), (115.2, 89.1), (115.2, 107.7), (128.3, 115.2), (143.2, 115.2), (165.6, 115.2), (180.5, 124.5), (180.5, 139.5), (180.5, 154.4), (180.5, 169.3), (191.7, 180.5), (206.7, 180.5), (229.1, 180.5), (244.0, 189.9), (244.0, 204.8), (244.0, 219.7), (244.0, 234.7), (257.1, 244.0), (272.0, 244.0), (292.5, 244.0), (307.5, 253.3), (307.5, 268.3), (307.5, 288.8), (311.2, 303.7), (326.1, 307.5), (342.9, 307.5), (361.6, 307.5), (372.8, 320.5), (372.8, 335.5), (372.8, 350.4), (372.8, 365.3), (372.8, 372.8), (372.8, 372.8), (372.8, 372.8), (372.8, 372.8), (372.8, 372.8), (372.8, 372.8), (372.8, 372.8), (372.8, 372.8), (372.8, 372.8), (372.8, 372.8), (372.8, 372.8), (372.8, 372.8), (372.8, 372.8), (372.8, 372.8), (372.8, 372.8), (372.8, 372.8), (372.8, 372.8), (372.8, 372.8), (372.8, 372.8), (372.8, 372.8), (372.8, 372.8), (372.8, 372.8), (372.8, 372.8), (372.8, 372.8), (372.8, 372.8), (372.8, 372.8), (372.8, 372.8), (372.8, 372.8), (372.8, 372.8), (372.8, 372.8), (372.8, 372.8), (372.8, 372.8), (372.8, 372.8), (372.8, 372.8), (372.8, 372.8), (372.8, 372.8), (372.8, 372.8), (372.8, 372.8), (372.8, 372.8), (372.8, 372.8), (372.8, 372.8), (372.8, 372.8), (372.8, 372.8), (372.8, 372.8), (372.8, 372.8), (372.8, 372.8), (372.8, 372.8), (372.8, 372.8), (372.8, 372.8), (372.8, 372.8), (372.8, 372.8), (372.8, 372.8), (372.8, 372.8), (372.8, 372.8), (372.8, 372.8)]",0,1,12.0
novice,bomberman,2,Bomb,7,0,20.78,0.926,"[(48.0, 48.0), (62.9, 51.7), (77.9, 51.7), (98.4, 51.7), (113.3, 57.3), (115.2, 72.3), (115.2, 89.1), (115.2, 107.7), (128.3, 115.2), (143.2, 115.2), (165.6, 115.2), (180.5, 124.5), (180.5, 139.5), (180.5, 154.4), (180.5, 169.3), (191.7, 180.5), (197.3, 180.5), (197.3, 180.5), (197.3, 180.5), (197.3, 180.5), (197.3, 180.5), (197.3, 180.5), (197.3, 180.5), (197.3, 180.5), (197.3, 180.5), (197.3, 180.5), (197.3, 180.5), (208.5, 180.5), (230.9, 180.5), (244.0, 191.7), (244.0, 206.7), (244.0, 221.6), (244.0, 236.5), (258.9, 244.0), (257.1, 244.0), (257.1, 244.0), (260.8, 244.0), (257.1, 244.0), (257.1, 244.0), (260.8, 244.0), (257.1, 244.0), (257.1, 244.0), (260.8, 244.0), (257.1, 244.0), (257.1, 244.0), (260.8, 244.0), (257.1, 244.0), (257.1, 244.0), (260.8, 244.0), (257.1, 244.0), (257.1, 244.0), (260.8, 244.0), (257.1, 244.0), (257.1, 244.0), (260.8, 244.0), (257.1, 244.0), (257.1, 244.0), (260.8, 244.0), (264.5, 244.0), (283.2, 244.0), (288.8, 244.0), (288.8, 244.0), (288.8, 244.0), (288.8, 244.0), (288.8, 244.0), (288.8, 244.0), (300.0, 245.9), (307.5, 260.8), (307.5, 275.7), (307.5, 296.3), (318.7, 307.5), (333.6, 307.5), (354.1, 307.5), (369.1, 313.1), (372.8, 328.0), (372.8, 342.9), (372.8, 357.9), (372.8, 372.8), (372.8, 372.8), (372.8, 372.8), (372.8, 372.8), (372.8, 372.8), (372.8, 372.8), (372.8, 372.8), (372.8, 372.8), (372.8, 372.8), (372.8, 372.8), (372.8, 372.8), (372.8, 372.8), (372.8, 372.8), (372.8, 372.8), (372.8, 372.8), (372.8, 372.8), (372.8, 372.8), (372.8, 372.8), (372.8, 372.8), (372.8, 372.8), (372.8, 372.8), (372.8, 372.8), (372.8, 372.8), (372.8, 372.8), (372.8, 372.8), (372.8, 372.8), (372.8, 372.8), (372.8, 372.8), (372.8, 372.8)]",0,1,14.1
novice,bomberman,2,Bomb,25,0,14.93,0.259,"[(48.0, 48.0), (62.9, 51.7), (77.9, 51.7), (98.4, 51.7), (113.3, 57.3), (115.2, 72.3), (115.2, 89.1), (115.2, 107.7), (128.3, 115.2), (143.2, 115.2), (165.6, 115.2), (180.5, 124.5), (180.5, 132.0), (180.5, 128.3), (180.5, 128.3), (180.5, 132.0), (180.5, 128.3), (180.5, 128.3), (180.5, 132.0), (180.5, 128.3), (180.5, 128.3), (180.5, 132.0), (180.5, 128.3), (180.5, 128.3), (180.5, 132.0), (180.5, 128.3), (180.5, 128.3), (180.5, 132.0), (180.5, 132.0), (180.5, 132.0), (180.5, 132.0), (180.5, 126.4), (180.5, 126.4), (180.5, 126.4), (180.5, 122.7), (180.5, 107.7), (180.5, 92.8), (180.5, 100.3), (180.5, 94.7), (180.5, 102.1), (180.5, 98.4), (180.5, 100.3), (180.5, 100.3), (180.5, 98.4), (180.5, 98.4), (180.5, 96.5), (180.5, 96.5), (180.5, 94.7), (180.5, 94.7), (180.5, 92.8), (180.5, 98.4), (180.5, 90.9), (180.5, 100.3), (180.5, 94.7), (180.5, 102.1), (180.5, 98.4), (180.5, 100.3), (180.5, 96.5), (180.5, 96.5), (180.5, 96.5), (180.5, 96.5)]",0,0,8.0
novice,bomberman,2,Bomb,7,0,24.74,0.926,"[(48.0, 48.0), (62.9, 51.7), (77.9, 51.7), (98.4, 51.7), (113.3, 57.3), (115.2, 72.3), (115.2, 89.1), (115.2, 107.7), (128.3, 115.2), (143.2, 115.2), (165.6, 115.2), (180.5, 124.5), (180.5, 139.5), (180.5, 160.0), (184.3, 176.8), (199.2, 180.5), (214.1, 180.5), (229.1, 180.5), (244.0, 189.9), (244.0, 204.8), (244.0, 219.7), (244.0, 234.7), (257.1, 244.0), (272.0, 244.0), (292.5, 244.0), (307.5, 253.3), (307.5, 268.3), (307.5, 288.8), (311.2, 303.7), (326.1, 307.5), (342.9, 307.5), (361.6, 307.5), (372.8, 320.5), (372.8, 335.5), (372.8, 350.4), (372.8, 365.3), (372.8, 372.8), (372.8, 372.8), (372.8, 372.8), (372.8, 372.8), (372.8, 372.8), (372.8, 372.8), (372.8, 372.8), (372.8, 372.8), (372.8, 372.8), (372.8, 372.8), (372.8, 372.8), (372.8, 372.8), (372.8, 372.8), (372.8, 372.8), (372.8, 372.8), (372.8, 372.8), (372.8, 372.8), (372.8, 372.8), (372.8, 372.8), (372.8, 372.8), (372.8, 372.8), (372.8, 372.8), (372.8, 372.8), (372.8, 372.8), (372.8, 372.8), (372.8, 372.8), (372.8, 372.8), (372.8, 372.8), (372.8, 372.8), (372.8, 372.8), (372.8, 372.8), (372.8, 372.8), (372.8, 372.8), (372.8, 372.8), (372.8, 372.8), (372.8, 372.8), (372.8, 372.8), (372.8, 372.8), (372.8, 372.8), (372.8, 372.8), (372.8, 372.8), (372.8, 372.8), (372.8, 372.8), (372.8, 372.8), (372.8, 372.8), (372.8, 372.8), (372.8, 372.8), (372.8, 372.8), (372.8, 372.8), (372.8, 372.8), (372.8, 372.8), (372.8, 372.8), (372.8, 372.8), (372.8, 372.8), (372.8, 372.8), (372.8, 372.8)]",0,1,12.15
novice,bomberman,2,Bomb,6,0,25.04,0.926,"[(48.0, 48.0), (62.9, 51.7), (77.9, 51.7), (98.4, 51.7), (113.3, 57.3), (115.2, 72.3), (115.2, 89.1), (115.2, 107.7), (128.3, 115.2), (143.2, 115.2), (165.6, 115.2), (180.5, 124.5), (180.5, 128.3), (180.5, 128.3), (180.5, 128.3), (180.5, 128.3), (180.5, 128.3), (180.5, 128.3), (180.5, 128.3), (180.5, 128.3), (180.5, 128.3), (180.5, 128.3), (180.5, 128.3), (180.5, 128.3), (180.5, 128.3), (180.5, 128.3), (180.5, 128.3), (180.5, 128.3), (180.5, 128.3), (180.5, 128.3), (180.5, 128.3), (180.5, 137.6), (180.5, 156.3), (182.4, 174.9), (197.3, 180.5), (212.3, 180.5), (227.2, 180.5), (242.1, 188.0), (244.0, 202.9), (244.0, 217.9), (244.0, 232.8), (255.2, 244.0), (270.1, 244.0), (290.7, 244.0), (305.6, 251.5), (307.5, 266.4), (307.5, 285.1), (309.3, 301.9), (324.3, 307.5), (339.2, 307.5), (359.7, 307.5), (372.8, 318.7), (372.8, 333.6), (372.8, 348.5), (372.8, 363.5), (372.8, 372.8), (372.8, 372.8), (372.8, 372.8), (372.8, 372.8), (372.8, 372.8), (372.8, 372.8), (372.8, 372.8), (372.8, 372.8), (372.8, 372.8), (372.8, 372.8), (372.8, 372.8), (372.8, 372.8), (372.8, 372.8), (372.8, 372.8), (372.8, 372.8), (372.8, 372.8), (372.8, 372.8), (372.8, 372.8), (372.8, 372.8), (372.8, 372.8), (372.8, 372.8), (372.8, 372.8), (372.8, 372.8), (372.8, 372.8), (372.8, 372.8), (372.8, 372.8), (372.8, 372.8), (372.8, 372.8), (372.8, 372.8), (372.8, 372.8), (372.8, 372.8), (372.8, 372.8), (372.8, 372.8), (372.8, 372.8), (372.8, 372.8), (372.8, 372.8)]",0,1,12.0
novice,bomberman,2,Bomb,7,0,25.04,0.926,"[(48.0, 48.0), (62.9, 51.7), (77.9, 51.7), (98.4, 51.7), (113.3, 57.3), (115.2, 72.3), (115.2, 89.1), (115.2, 107.7), (128.3, 115.2), (143.2, 115.2), (165.6, 115.2), (180.5, 124.5), (180.5, 139.5), (180.5, 160.0), (184.3, 176.8), (199.2, 180.5), (214.1, 180.5), (229.1, 180.5), (244.0, 189.9), (244.0, 204.8), (244.0, 227.2), (249.6, 242.1), (264.5, 240.3), (283.2, 236.5), (300.0, 245.9), (307.5, 260.8), (307.5, 275.7), (307.5, 296.3), (318.7, 307.5), (333.6, 307.5), (354.1, 307.5), (369.1, 313.1), (372.8, 328.0), (372.8, 342.9), (372.8, 357.9), (372.8, 372.8), (372.8, 372.8), (372.8, 372.8), (372.8, 372.8), (372.8, 372.8), (372.8, 372.8), (372.8, 372.8), (372.8, 372.8), (372.8, 372.8), (372.8, 372.8), (372.8, 372.8), (372.8, 372.8), (372.8, 372.8), (372.8, 372.8), (372.8, 372.8), (372.8, 372.8), (372.8, 372.8), (372.8, 372.8), (372.8, 372.8), (372.8, 372.8), (372.8, 372.8), (372.8, 372.8), (372.8, 372.8), (372.8, 372.8), (372.8, 372.8), (372.8, 372.8), (372.8, 372.8), (372.8, 372.8), (372.8, 372.8), (372.8, 372.8), (372.8, 372.8), (372.8, 372.8), (372.8, 372.8), (372.8, 372.8), (372.8, 372.8), (372.8, 372.8), (372.8, 372.8), (372.8, 372.8), (372.8, 372.8), (372.8, 372.8), (372.8, 372.8), (372.8, 372.8), (372.8, 372.8), (372.8, 372.8), (372.8, 372.8), (372.8, 372.8), (372.8, 372.8), (372.8, 372.8), (372.8, 372.8), (372.8, 372.8), (372.8, 372.8), (372.8, 372.8), (372.8, 372.8), (372.8, 372.8), (372.8, 372.8), (372.8, 372.8)]",0,1,12.0
novice,bomberman,2,Bomb,8,0,34.48,0.926,"[(48.0, 48.0), (62.9, 51.7), (77.9, 51.7), (98.4, 51.7), (113.3, 57.3), (115.2, 72.3), (115.2, 89.1), (115.2, 107.7), (128.3, 115.2), (143.2, 115.2), (165.6, 115.2), (180.5, 124.5), (180.5, 139.5), (180.5, 160.0), (184.3, 176.8), (199.2, 180.5), (217.9, 180.5), (236.5, 182.4), (244.0, 197.3), (244.0, 212.3), (244.0, 227.2), (249.6, 242.1), (264.5, 244.0), (283.2, 244.0), (300.0, 245.9), (307.5, 260.8), (307.5, 275.7), (307.5, 296.3), (318.7, 307.5), (333.6, 307.5), (354.1, 307.5), (369.1, 313.1), (372.8, 328.0), (372.8, 342.9), (372.8, 357.9), (372.8, 372.8), (372.8, 372.8), (372.8, 372.8), (372.8, 372.8), (372.8, 372.8), (372.8, 372.8), (372.8, 372.8), (372.8, 372.8), (372.8, 372.8), (372.8, 372.8), (372.8, 372.8), (372.8, 372.8), (372.8, 372.8), (372.8, 372.8), (372.8, 372.8), (372.8, 372.8), (372.8, 372.8), (372.8, 372.8), (372.8, 372.8), (372.8, 372.8), (372.8, 372.8), (372.8, 372.8), (372.8, 372.8), (372.8, 372.8), (372.8, 372.8), (372.8, 372.8), (372.8, 372.8), (372.8, 372.8), (372.8, 372.8)]",0,1,8.5
novice,bomberman,2,Bomb,7,0,24.42,0.926,"[(48.0, 48.0), (62.9, 51.7), (77.9, 51.7), (98.4, 51.7), (113.3, 57.3), (115.2, 72.3), (115.2, 89.1), (115.2, 107.7), (128.3, 115.2), (143.2, 115.2), (165.6, 115.2), (180.5, 124.5), (180.5, 139.5), (180.5, 160.0), (184.3, 176.8), (199.2, 180.5), (217.9, 180.5), (236.5, 182.4), (244.0, 197.3), (244.0, 212.3), (244.0, 227.2), (249.6, 242.1), (264.5, 244.0), (283.2, 244.0), (300.0, 245.9), (307.5, 260.8), (307.5, 275.7), (307.5, 296.3), (318.7, 307.5), (333.6, 307.5), (354.1, 307.5), (369.1, 313.1), (372.8, 328.0), (372.8, 342.9), (372.8, 357.9), (372.8, 372.8), (372.8, 372.8), (372.8, 372.8), (372.8, 372.8), (372.8, 372.8), (372.8, 372.8), (372.8, 372.8), (372.8, 372.8), (372.8, 372.8), (372.8, 372.8), (372.8, 372.8), (372.8, 372.8), (372.8, 372.8), (372.8, 372.8), (372.8, 372.8), (372.8, 372.8), (372.8, 372.8), (372.8, 372.8), (372.8, 372.8), (372.8, 372.8), (372.8, 372.8), (372.8, 372.8), (372.8, 372.8), (372.8, 372.8), (372.8, 372.8), (372.8, 372.8), (372.8, 372.8), (372.8, 372.8), (372.8, 372.8), (372.8, 372.8), (372.8, 372.8), (372.8, 372.8), (372.8, 372.8), (372.8, 372.8), (372.8, 372.8), (372.8, 372.8), (372.8, 372.8), (372.8, 372.8), (372.8, 372.8), (372.8, 372.8), (372.8, 372.8), (372.8, 372.8), (372.8, 372.8), (372.8, 372.8), (372.8, 372.8), (372.8, 372.8), (372.8, 372.8), (372.8, 372.8), (372.8, 372.8), (372.8, 372.8), (372.8, 372.8), (372.8, 372.8), (372.8, 372.8), (372.8, 372.8), (372.8, 372.8), (372.8, 372.8)]",0,1,12.0
novice,bomberman,2,Bomb,7,0,24.42,0.926,"[(48.0, 48.0), (62.9, 51.7), (77.9, 51.7), (98.4, 51.7), (113.3, 57.3), (115.2, 72.3), (115.2, 89.1), (115.2, 107.7), (128.3, 115.2), (143.2, 115.2), (165.6, 115.2), (180.5, 124.5), (180.5, 139.5), (180.5, 160.0), (184.3, 176.8), (199.2, 180.5), (217.9, 180.5), (236.5, 182.4), (244.0, 197.3), (244.0, 212.3), (244.0, 227.2), (249.6, 242.1), (264.5, 244.0), (283.2, 244.0), (300.0, 245.9), (307.5, 260.8), (307.5, 275.7), (307.5, 296.3), (318.7, 307.5), (333.6, 307.5), (354.1, 307.5), (369.1, 313.1), (372.8, 328.0), (372.8, 342.9), (372.8, 357.9), (372.8, 372.8), (372.8, 372.8), (372.8, 372.8), (372.8, 372.8), (372.8, 372.8), (372.8, 372.8), (372.8, 372.8), (372.8, 372.8), (372.8, 372.8), (372.8, 372.8), (372.8, 372.8), (372.8, 372.8), (372.8, 372.8), (372.8, 372.8), (372.8, 372.8), (372.8, 372.8), (372.8, 372.8), (372.8, 372.8), (372.8, 372.8), (372.8, 372.8), (372.8, 372.8), (372.8, 372.8), (372.8, 372.8), (372.8, 372.8), (372.8, 372.8), (372.8, 372.8), (372.8, 372.8), (372.8, 372.8), (372.8, 372.8), (372.8, 372.8), (372.8, 372.8), (372.8, 372.8), (372.8, 372.8), (372.8, 372.8), (372.8, 372.8), (372.8, 372.8), (372.8, 372.8), (372.8, 372.8), (372.8, 372.8), (372.8, 372.8), (372.8, 372.8), (372.8, 372.8), (372.8, 372.8), (372.8, 372.8), (372.8, 372.8), (372.8, 372.8), (372.8, 372.8), (372.8, 372.8), (372.8, 372.8), (372.8, 372.8), (372.8, 372.8), (372.8, 372.8), (372.8, 372.8), (372.8, 372.8), (372.8, 372.8), (372.8, 372.8)]",0,1,12.0
novice,bomberman,2,Bomb,8,0,34.48,0.926,"[(48.0, 48.0), (62.9, 51.7), (77.9, 51.7), (98.4, 51.7), (113.3, 57.3), (115.2, 72.3), (115.2, 89.1), (115.2, 107.7), (128.3, 115.2), (143.2, 115.2), (165.6, 115.2), (180.5, 124.5), (180.5, 139.5), (180.5, 160.0), (184.3, 176.8), (199.2, 180.5), (217.9, 180.5), (236.5, 182.4), (244.0, 197.3), (244.0, 212.3), (244.0, 227.2), (249.6, 242.1), (264.5, 244.0), (283.2, 244.0), (300.0, 245.9), (307.5, 260.8), (307.5, 275.7), (307.5, 296.3), (318.7, 307.5), (333.6, 307.5), (354.1, 307.5), (369.1, 313.1), (372.8, 328.0), (372.8, 342.9), (372.8, 357.9), (372.8, 372.8), (372.8, 372.8), (372.8, 372.8), (372.8, 372.8), (372.8, 372.8), (372.8, 372.8), (372.8, 372.8), (372.8, 372.8), (372.8, 372.8), (372.8, 372.8), (372.8, 372.8), (372.8, 372.8), (372.8, 372.8), (372.8, 372.8), (372.8, 372.8), (372.8, 372.8), (372.8, 372.8), (372.8, 372.8), (372.8, 372.8), (372.8, 372.8), (372.8, 372.8), (372.8, 372.8), (372.8, 372.8), (372.8, 372.8), (372.8, 372.8), (372.8, 372.8), (372.8, 372.8), (372.8, 372.8), (372.8, 372.8)]",0,1,8.5
novice,bomberman,2,Bomb,7,0,25.04,0.926,"[(48.0, 48.0), (62.9, 51.7), (77.9, 51.7), (98.4, 51.7), (113.3, 57.3), (115.2, 72.3), (115.2, 89.1), (115.2, 107.7), (128.3, 115.2), (143.2, 115.2), (165.6, 115.2), (180.5, 124.5), (180.5, 139.5), (180.5, 160.0), (184.3, 176.8), (199.2, 180.5), (214.1, 180.5), (229.1, 180.5), (244.0, 189.9), (244.0, 204.8), (244.0, 227.2), (249.6, 242.1), (264.5, 240.3), (283.2, 236.5), (300.0, 245.9), (307.5, 260.8), (307.5, 275.7), (307.5, 296.3), (318.7, 307.5), (333.6, 307.5), (354.1, 307.5), (369.1, 313.1), (372.8, 328.0), (372.8, 342.9), (372.8, 357.9), (372.8, 372.8), (372.8, 372.8), (372.8, 372.8), (372.8, 372.8), (372.8, 372.8), (372.8, 372.8), (372.8, 372.8), (372.8, 372.8), (372.8, 372.8), (372.8, 372.8), (372.8, 372.8), (372.8, 372.8), (372.8, 372.8), (372.8, 372.8), (372.8, 372.8), (372.8, 372.8), (372.8, 372.8), (372.8, 372.8), (372.8, 372.8), (372.8, 372.8), (372.8, 372.8), (372.8, 372.8), (372.8, 372.8), (372.8, 372.8), (372.8, 372.8), (372.8, 372.8), (372.8, 372.8), (372.8, 372.8), (372.8, 372.8), (372.8, 372.8), (372.8, 372.8), (372.8, 372.8), (372.8, 372.8), (372.8, 372.8), (372.8, 372.8), (372.8, 372.8), (372.8, 372.8), (372.8, 372.8), (372.8, 372.8), (372.8, 372.8), (372.8, 372.8), (372.8, 372.8), (372.8, 372.8), (372.8, 372.8), (372.8, 372.8), (372.8, 372.8), (372.8, 372.8), (372.8, 372.8), (372.8, 372.8), (372.8, 372.8), (372.8, 372.8), (372.8, 372.8), (372.8, 372.8), (372.8, 372.8), (372.8, 372.8), (372.8, 372.8)]",0,1,12.0
novice,bomberman,2,Bomb,6,0,25.04,0.926,"[(48.0, 48.0), (62.9, 51.7), (77.9, 51.7), (98.4, 51.7), (113.3, 57.3), (115.2, 72.3), (115.2, 89.1), (115.2, 107.7), (128.3, 115.2), (143.2, 115.2), (165.6, 115.2), (180.5, 124.5), (180.5, 128.3), (180.5, 128.3), (180.5, 128.3), (180.5, 128.3), (180.5, 128.3), (180.5, 128.3), (180.5, 128.3), (180.5, 128.3), (180.5, 128.3), (180.5, 128.3), (180.5, 128.3), (180.5, 128.3), (180.5, 128.3), (180.5, 128.3), (180.5, 128.3), (180.5, 128.3), (180.5, 128.3), (180.5, 128.3), (180.5, 128.3), (180.5, 137.6), (180.5, 156.3), (182.4, 174.9), (197.3, 180.5), (212.3, 180.5), (227.2, 180.5), (242.1, 188.0), (244.0, 202.9), (244.0, 217.9), (244.0, 232.8), (255.2, 244.0), (270.1, 244.0), (290.7, 244.0), (305.6, 251.5), (307.5, 266.4), (307.5, 285.1), (309.3, 301.9), (324.3, 307.5), (339.2, 307.5), (359.7, 307.5), (372.8, 318.7), (372.8, 333.6), (372.8, 348.5), (372.8, 363.5), (372.8, 372.8), (372.8, 372.8), (372.8, 372.8), (372.8, 372.8), (372.8, 372.8), (372.8, 372.8), (372.8, 372.8), (372.8, 372.8), (372.8, 372.8), (372.8, 372.8), (372.8, 372.8), (372.8, 372.8), (372.8, 372.8), (372.8, 372.8), (372.8, 372.8), (372.8, 372.8), (372.8, 372.8), (372.8, 372.8), (372.8, 372.8), (372.8, 372.8), (372.8, 372.8), (372.8, 372.8), (372.8, 372.8), (372.8, 372.8), (372.8, 372.8), (372.8, 372.8), (372.8, 372.8), (372.8, 372.8), (372.8, 372.8), (372.8, 372.8), (372.8, 372.8), (372.8, 372.8), (372.8, 372.8), (372.8, 372.8), (372.8, 372.8), (372.8, 372.8)]",0,1,12.0
novice,bomberman,2,Bomb,5,0,34.48,0.926,"[(48.0, 48.0), (62.9, 51.7), (77.9, 51.7), (98.4, 51.7), (113.3, 57.3), (115.2, 72.3), (115.2, 89.1), (115.2, 107.7), (128.3, 115.2), (143.2, 115.2), (165.6, 115.2), (180.5, 124.5), (180.5, 139.5), (180.5, 160.0), (184.3, 176.8), (199.2, 180.5), (217.9, 180.5), (236.5, 182.4), (244.0, 197.3), (244.0, 212.3), (244.0, 227.2), (249.6, 242.1), (264.5, 244.0), (283.2, 244.0), (300.0, 245.9), (307.5, 260.8), (307.5, 275.7), (307.5, 296.3), (318.7, 307.5), (333.6, 307.5), (354.1, 307.5), (369.1, 313.1), (372.8, 328.0), (372.8, 342.9), (372.8, 357.9), (372.8, 372.8), (372.8, 372.8), (372.8, 372.8), (372.8, 372.8), (372.8, 372.8), (372.8, 372.8), (372.8, 372.8), (372.8, 372.8), (372.8, 372.8), (372.8, 372.8), (372.8, 372.8), (372.8, 372.8), (372.8, 372.8), (372.8, 372.8), (372.8, 372.8), (372.8, 372.8), (372.8, 372.8), (372.8, 372.8), (372.8, 372.8), (372.8, 372.8), (372.8, 372.8), (372.8, 372.8), (372.8, 372.8), (372.8, 372.8), (372.8, 372.8), (372.8, 372.8), (372.8, 372.8), (372.8, 372.8), (372.8, 372.8)]",0,1,8.5
novice,bomberman,2,Bomb,5,0,35.15,0.926,"[(48.0, 48.0), (62.9, 51.7), (77.9, 51.7), (98.4, 51.7), (113.3, 57.3), (115.2, 72.3), (115.2, 89.1), (115.2, 107.7), (128.3, 115.2), (143.2, 115.2), (165.6, 115.2), (180.5, 124.5), (180.5, 139.5), (180.5, 160.0), (184.3, 176.8), (199.2, 180.5), (214.1, 180.5), (229.1, 180.5), (244.0, 189.9), (244.0, 204.8), (244.0, 219.7), (244.0, 234.7), (257.1, 244.0), (272.0, 244.0), (292.5, 244.0), (307.5, 253.3), (307.5, 268.3), (307.5, 288.8), (311.2, 303.7), (326.1, 307.5), (342.9, 307.5), (361.6, 307.5), (372.8, 320.5), (372.8, 335.5), (372.8, 350.4), (372.8, 365.3), (372.8, 372.8), (372.8, 372.8), (372.8, 372.8), (372.8, 372.8), (372.8, 372.8), (372.8, 372.8), (372.8, 372.8), (372.8, 372.8), (372.8, 372.8), (372.8, 372.8), (372.8, 372.8), (372.8, 372.8), (372.8, 372.8), (372.8, 372.8), (372.8, 372.8), (372.8, 372.8), (372.8, 372.8), (372.8, 372.8), (372.8, 372.8), (372.8, 372.8), (372.8, 372.8), (372.8, 372.8), (372.8, 372.8), (372.8, 372.8), (372.8, 372.8), (372.8, 372.8), (372.8, 372.8), (372.8, 372.8), (372.8, 372.8)]",0,1,8.55
novice,bomberman,2,Bomb,6,0,34.74,0.926,"[(48.0, 48.0), (62.9, 51.7), (77.9, 51.7), (98.4, 51.7), (113.3, 57.3), (115.2, 72.3), (115.2, 89.1), (115.2, 107.7), (128.3, 115.2), (143.2, 115.2), (165.6, 115.2), (180.5, 124.5), (180.5, 139.5), (180.5, 154.4), (180.5, 169.3), (191.7, 180.5), (206.7, 180.5), (221.6, 180.5), (236.5, 182.4), (244.0, 197.3), (244.0, 212.3), (244.0, 227.2), (249.6, 242.1), (264.5, 244.0), (283.2, 244.0), (300.0, 245.9), (307.5, 260.8), (307.5, 275.7), (307.5, 296.3), (318.7, 307.5), (333.6, 307.5), (354.1, 307.5), (369.1, 313.1), (372.8, 328.0), (372.8, 342.9), (372.8, 357.9), (372.8, 372.8), (372.8, 372.8), (372.8, 372.8), (372.8, 372.8), (372.8, 372.8), (372.8, 372.8), (372.8, 372.8), (372.8, 372.8), (372.8, 372.8), (372.8, 372.8), (372.8, 372.8), (372.8, 372.8), (372.8, 372.8), (372.8, 372.8), (372.8, 372.8), (372.8, 372.8), (372.8, 372.8), (372.8, 372.8), (372.8, 372.8), (372.8, 372.8), (372.8, 372.8), (372.8, 372.8), (372.8, 372.8), (372.8, 372.8), (372.8, 372.8), (372.8, 372.8), (372.8, 372.8), (372.8, 372.8), (372.8, 372.8)]",0,1,8.65
novice,bomberman,2,Bomb,8,0,17.55,0.926,"[(48.0, 48.0), (62.9, 51.7), (77.9, 51.7), (98.4, 51.7), (113.3, 57.3), (115.2, 72.3), (115.2, 89.1), (115.2, 107.7), (128.3, 115.2), (143.2, 115.2), (165.6, 115.2), (180.5, 124.5), (180.5, 128.3), (180.5, 128.3), (180.5, 128.3), (180.5, 128.3), (180.5, 128.3), (180.5, 128.3), (180.5, 128.3), (180.5, 128.3), (180.5, 128.3), (180.5, 128.3), (180.5, 128.3), (180.5, 128.3), (180.5, 128.3), (180.5, 128.3), (180.5, 128.3), (180.5, 128.3), (180.5, 128.3), (180.5, 128.3), (180.5, 128.3), (180.5, 137.6), (180.5, 152.5), (180.5, 167.5), (189.9, 180.5), (197.3, 180.5), (197.3, 180.5), (197.3, 180.5), (197.3, 180.5), (197.3, 180.5), (197.3, 180.5), (197.3, 180.5), (197.3, 180.5), (197.3, 180.5), (197.3, 180.5), (197.3, 180.5), (197.3, 180.5), (197.3, 180.5), (197.3, 180.5), (197.3, 180.5), (197.3, 180.5), (197.3, 180.5), (197.3, 180.5), (197.3, 180.5), (197.3, 180.5), (197.3, 180.5), (197.3, 180.5), (208.5, 180.5), (230.9, 180.5), (244.0, 191.7), (244.0, 206.7), (244.0, 221.6), (244.0, 236.5), (258.9, 244.0), (273.9, 244.0), (294.4, 244.0), (307.5, 255.2), (307.5, 270.1), (307.5, 290.7), (313.1, 305.6), (328.0, 307.5), (346.7, 307.5), (363.5, 307.5), (372.8, 322.4), (372.8, 337.3), (372.8, 352.3), (372.8, 367.2), (372.8, 372.8), (372.8, 372.8), (372.8, 372.8), (372.8, 372.8), (372.8, 372.8), (372.8, 372.8), (372.8, 372.8), (372.8, 372.8), (372.8, 372.8), (372.8, 372.8), (372.8, 372.8), (372.8, 372.8), (372.8, 372.8), (372.8, 372.8), (372.8, 372.8), (372.8, 372.8), (372.8, 372.8), (372.8, 372.8), (372.8, 372.8), (372.8, 372.8), (372.8, 372.8), (372.8, 372.8), (372.8, 372.8), (372.8, 372.8), (372.8, 372.8), (372.8, 372.8), (372.8, 372.8), (372.8, 372.8), (372.8, 372.8), (372.8, 372.8), (372.8, 372.8), (372.8, 372.8), (372.8, 372.8), (372.8, 372.8), (372.8, 372.8), (372.8, 372.8), (372.8, 372.8), (372.8, 372.8), (372.8, 372.8), (372.8, 372.8), (372.8, 372.8), (372.8, 372.8), (372.8, 372.8), (372.8, 372.8), (372.8, 372.8), (372.8, 372.8), (372.8, 372.8), (372.8, 372.8), (372.8, 372.8)]",0,1,16.7
novice,bomberman,2,Bomb,6,0,22.92,0.926,"[(48.0, 48.0), (62.9, 51.7), (77.9, 51.7), (98.4, 51.7), (113.3, 57.3), (115.2, 72.3), (115.2, 89.1), (115.2, 107.7), (128.3, 115.2), (143.2, 115.2), (165.6, 115.2), (180.5, 124.5), (180.5, 139.5), (180.5, 160.0), (184.3, 176.8), (199.2, 180.5), (217.9, 180.5), (229.1, 180.5), (229.1, 180.5), (229.1, 180.5), (229.1, 180.5), (229.1, 180.5), (229.1, 180.5), (229.1, 180.5), (229.1, 180.5), (229.1, 180.5), (229.1, 180.5), (229.1, 180.5), (238.4, 184.3), (244.0, 199.2), (244.0, 214.1), (244.0, 229.1), (251.5, 244.0), (266.4, 244.0), (286.9, 244.0), (301.9, 247.7), (307.5, 262.7), (307.5, 277.6), (307.5, 298.1), (320.5, 307.5), (320.5, 307.5), (320.5, 307.5), (324.3, 307.5), (320.5, 307.5), (320.5, 307.5), (324.3, 307.5), (320.5, 307.5), (320.5, 307.5), (324.3, 307.5), (320.5, 307.5), (320.5, 307.5), (324.3, 307.5), (320.5, 307.5), (320.5, 307.5), (324.3, 307.5), (320.5, 307.5), (320.5, 307.5), (324.3, 307.5), (318.7, 307.5), (316.8, 307.5), (320.5, 307.5), (316.8, 307.5), (328.0, 307.5), (346.7, 307.5), (363.5, 307.5), (372.8, 322.4), (372.8, 337.3), (372.8, 352.3), (372.8, 367.2), (372.8, 372.8), (372.8, 372.8), (372.8, 372.8), (372.8, 372.8), (372.8, 372.8), (372.8, 372.8), (372.8, 372.8), (372.8, 372.8), (372.8, 372.8), (372.8, 372.8), (372.8, 372.8), (372.8, 372.8), (372.8, 372.8), (372.8, 372.8), (372.8, 372.8), (372.8, 372.8), (372.8, 372.8), (372.8, 372.8), (372.8, 372.8), (372.8, 372.8), (372.8, 372.8), (372.8, 372.8), (372.8, 372.8), (372.8, 372.8), (372.8, 372.8), (372.8, 372.8), (372.8, 372.8), (372.8, 372.8), (372.8, 372.8)]",0,1,12.95
novice,bomberman,2,Bomb,7,0,25.04,0.926,"[(48.0, 48.0), (62.9, 51.7), (77.9, 51.7), (98.4, 51.7), (113.3, 57.3), (115.2, 72.3), (115.2, 89.1), (115.2, 107.7), (128.3, 115.2), (143.2, 115.2), (165.6, 115.2), (180.5, 124.5), (180.5, 139.5), (180.5, 160.0), (184.3, 176.8), (199.2, 180.5), (214.1, 180.5), (229.1, 180.5), (244.0, 189.9), (244.0, 204.8), (244.0, 219.7), (244.0, 234.7), (257.1, 244.0), (272.0, 236.5), (292.5, 236.5), (307.5, 251.5), (307.5, 266.4), (307.5, 285.1), (309.3, 301.9), (324.3, 307.5), (339.2, 307.5), (359.7, 307.5), (372.8, 318.7), (372.8, 333.6), (372.8, 348.5), (372.8, 363.5), (372.8, 372.8), (372.8, 372.8), (372.8, 372.8), (372.8, 372.8), (372.8, 372.8), (372.8, 372.8), (372.8, 372.8), (372.8, 372.8), (372.8, 372.8), (372.8, 372.8), (372.8, 372.8), (372.8, 372.8), (372.8, 372.8), (372.8, 372.8), (372.8, 372.8), (372.8, 372.8), (372.8, 372.8), (372.8, 372.8), (372.8, 372.8), (372.8, 372.8), (372.8, 372.8), (372.8, 372.8), (372.8, 372.8), (372.8, 372.8), (372.8, 372.8), (372.8, 372.8), (372.8, 372.8), (372.8, 372.8), (372.8, 372.8), (372.8, 372.8), (372.8, 372.8), (372.8, 372.8), (372.8, 372.8), (372.8, 372.8), (372.8, 372.8), (372.8, 372.8), (372.8, 372.8), (372.8, 372.8), (372.8, 372.8), (372.8, 372.8), (372.8, 372.8), (372.8, 372.8), (372.8, 372.8), (372.8, 372.8), (372.8, 372.8), (372.8, 372.8), (372.8, 372.8), (372.8, 372.8), (372.8, 372.8), (372.8, 372.8), (372.8, 372.8), (372.8, 372.8), (372.8, 372.8), (372.8, 372.8), (372.8, 372.8)]",0,1,12.0
novice,bomberman,2,Bomb,7,0,25.04,0.926,"[(48.0, 48.0), (62.9, 51.7), (77.9, 51.7), (98.4, 51.7), (113.3, 57.3), (115.2, 72.3), (115.2, 89.1), (115.2, 107.7), (128.3, 115.2), (143.2, 115.2), (165.6, 115.2), (180.5, 124.5), (180.5, 139.5), (180.5, 160.0), (184.3, 176.8), (199.2, 180.5), (214.1, 180.5), (229.1, 180.5), (244.0, 189.9), (244.0, 204.8), (244.0, 219.7), (244.0, 234.7), (257.1, 244.0), (272.0, 236.5), (292.5, 236.5), (307.5, 251.5), (307.5, 266.4), (307.5, 285.1), (309.3, 301.9), (324.3, 307.5), (339.2, 307.5), (359.7, 307.5), (372.8, 318.7), (372.8, 333.6), (372.8, 348.5), (372.8, 363.5), (372.8, 372.8), (372.8, 372.8), (372.8, 372.8), (372.8, 372.8), (372.8, 372.8), (372.8, 372.8), (372.8, 372.8), (372.8, 372.8), (372.8, 372.8), (372.8, 372.8), (372.8, 372.8), (372.8, 372.8), (372.8, 372.8), (372.8, 372.8), (372.8, 372.8), (372.8, 372.8), (372.8, 372.8), (372.8, 372.8), (372.8, 372.8), (372.8, 372.8), (372.8, 372.8), (372.8, 372.8), (372.8, 372.8), (372.8, 372.8), (372.8, 372.8), (372.8, 372.8), (372.8, 372.8), (372.8, 372.8), (372.8, 372.8), (372.8, 372.8), (372.8, 372.8), (372.8, 372.8), (372.8, 372.8), (372.8, 372.8), (372.8, 372.8), (372.8, 372.8), (372.8, 372.8), (372.8, 372.8), (372.8, 372.8), (372.8, 372.8), (372.8, 372.8), (372.8, 372.8), (372.8, 372.8), (372.8, 372.8), (372.8, 372.8), (372.8, 372.8), (372.8, 372.8), (372.8, 372.8), (372.8, 372.8), (372.8, 372.8), (372.8, 372.8), (372.8, 372.8), (372.8, 372.8), (372.8, 372.8), (372.8, 372.8)]",0,1,12.0
novice,bomberman,2,Bomb,6,0,22.92,0.926,"[(48.0, 48.0), (62.9, 51.7), (77.9, 51.7), (98.4, 51.7), (113.3, 57.3), (115.2, 72.3), (115.2, 89.1), (115.2, 107.7), (128.3, 115.2), (143.2, 115.2), (165.6, 115.2), (180.5, 124.5), (180.5, 139.5), (180.5, 160.0), (184.3, 176.8), (199.2, 180.5), (217.9, 180.5), (229.1, 180.5), (229.1, 180.5), (229.1, 180.5), (229.1, 180.5), (229.1, 180.5), (229.1, 180.5), (229.1, 180.5), (229.1, 180.5), (229.1, 180.5), (229.1, 180.5), (229.1, 180.5), (238.4, 184.3), (244.0, 199.2), (244.0, 214.1), (244.0, 229.1), (251.5, 244.0), (266.4, 244.0), (286.9, 244.0), (301.9, 247.7), (307.5, 262.7), (307.5, 277.6), (307.5, 298.1), (320.5, 307.5), (320.5, 307.5), (320.5, 307.5), (324.3, 307.5), (320.5, 307.5), (320.5, 307.5), (324.3, 307.5), (320.5, 307.5), (320.5, 307.5), (324.3, 307.5), (320.5, 307.5), (320.5, 307.5), (324.3, 307.5), (320.5, 307.5), (320.5, 307.5), (324.3, 307.5), (320.5, 307.5), (320.5, 307.5), (324.3, 307.5), (318.7, 307.5), (316.8, 307.5), (320.5, 307.5), (316.8, 307.5), (328.0, 307.5), (346.7, 307.5), (363.5, 307.5), (372.8, 322.4), (372.8, 337.3), (372.8, 352.3), (372.8, 367.2), (372.8, 372.8), (372.8, 372.8), (372.8, 372.8), (372.8, 372.8), (372.8, 372.8), (372.8, 372.8), (372.8, 372.8), (372.8, 372.8), (372.8, 372.8), (372.8, 372.8), (372.8, 372.8), (372.8, 372.8), (372.8, 372.8), (372.8, 372.8), (372.8, 372.8), (372.8, 372.8), (372.8, 372.8), (372.8, 372.8), (372.8, 372.8), (372.8, 372.8), (372.8, 372.8), (372.8, 372.8), (372.8, 372.8), (372.8, 372.8), (372.8, 372.8), (372.8, 372.8), (372.8, 372.8), (372.8, 372.8), (372.8, 372.8)]",0,1,12.95
novice,bomberman,2,Bomb,8,0,17.55,0.926,"[(48.0, 48.0), (62.9, 51.7), (77.9, 51.7), (98.4, 51.7), (113.3, 57.3), (115.2, 72.3), (115.2, 89.1), (115.2, 107.7), (128.3, 115.2), (143.2, 115.2), (165.6, 115.2), (180.5, 124.5), (180.5, 128.3), (180.5, 128.3), (180.5, 128.3), (180.5, 128.3), (180.5, 128.3), (180.5, 128.3), (180.5, 128.3), (180.5, 128.3), (180.5, 128.3), (180.5, 128.3), (180.5, 128.3), (180.5, 128.3), (180.5, 128.3), (180.5, 128.3), (180.5, 128.3), (180.5, 128.3), (180.5, 128.3), (180.5, 128.3), (180.5, 128.3), (180.5, 137.6), (180.5, 152.5), (180.5, 167.5), (189.9, 180.5), (197.3, 180.5), (197.3, 180.5), (197.3, 180.5), (197.3, 180.5), (197.3, 180.5), (197.3, 180.5), (197.3, 180.5), (197.3, 180.5), (197.3, 180.5), (197.3, 180.5), (197.3, 180.5), (197.3, 180.5), (197.3, 180.5), (197.3, 180.5), (197.3, 180.5), (197.3, 180.5), (197.3, 180.5), (197.3, 180.5), (197.3, 180.5), (197.3, 180.5), (197.3, 180.5), (197.3, 180.5), (208.5, 180.5), (230.9, 180.5), (244.0, 191.7), (244.0, 206.7), (244.0, 221.6), (244.0, 236.5), (258.9, 244.0), (273.9, 244.0), (294.4, 244.0), (307.5, 255.2), (307.5, 270.1), (307.5, 290.7), (313.1, 305.6), (328.0, 307.5), (346.7, 307.5), (363.5, 307.5), (372.8, 322.4), (372.8, 337.3), (372.8, 352.3), (372.8, 367.2), (372.8, 372.8), (372.8, 372.8), (372.8, 372.8), (372.8, 372.8), (372.8, 372.8), (372.8, 372.8), (372.8, 372.8), (372.8, 372.8), (372.8, 372.8), (372.8, 372.8), (372.8, 372.8), (372.8, 372.8), (372.8, 372.8), (372.8, 372.8), (372.8, 372.8), (372.8, 372.8), (372.8, 372.8), (372.8, 372.8), (372.8, 372.8), (372.8, 372.8), (372.8, 372.8), (372.8, 372.8), (372.8, 372.8), (372.8, 372.8), (372.8, 372.8), (372.8, 372.8), (372.8, 372.8), (372.8, 372.8), (372.8, 372.8), (372.8, 372.8), (372.8, 372.8), (372.8, 372.8), (372.8, 372.8), (372.8, 372.8), (372.8, 372.8), (372.8, 372.8), (372.8, 372.8), (372.8, 372.8), (372.8, 372.8), (372.8, 372.8), (372.8, 372.8), (372.8, 372.8), (372.8, 372.8), (372.8, 372.8), (372.8, 372.8), (372.8, 372.8), (372.8, 372.8), (372.8, 372.8), (372.8, 372.8)]",0,1,16.7
novice,bomberman,2,Bomb,6,0,34.74,0.926,"[(48.0, 48.0), (62.9, 51.7), (77.9, 51.7), (98.4, 51.7), (113.3, 57.3), (115.2, 72.3), (115.2, 89.1), (115.2, 107.7), (128.3, 115.2), (143.2, 115.2), (165.6, 115.2), (180.5, 124.5), (180.5, 139.5), (180.5, 154.4), (180.5, 169.3), (191.7, 180.5), (206.7, 180.5), (221.6, 180.5), (236.5, 182.4), (244.0, 197.3), (244.0, 212.3), (244.0, 227.2), (249.6, 242.1), (264.5, 244.0), (283.2, 244.0), (300.0, 245.9), (307.5, 260.8), (307.5, 275.7), (307.5, 296.3), (318.7, 307.5), (333.6, 307.5), (354.1, 307.5), (369.1, 313.1), (372.8, 328.0), (372.8, 342.9), (372.8, 357.9), (372.8, 372.8), (372.8, 372.8), (372.8, 372.8), (372.8, 372.8), (372.8, 372.8), (372.8, 372.8), (372.8, 372.8), (372.8, 372.8), (372.8, 372.8), (372.8, 372.8), (372.8, 372.8), (372.8, 372.8), (372.8, 372.8), (372.8, 372.8), (372.8, 372.8), (372.8, 372.8), (372.8, 372.8), (372.8, 372.8), (372.8, 372.8), (372.8, 372.8), (372.8, 372.8), (372.8, 372.8), (372.8, 372.8), (372.8, 372.8), (372.8, 372.8), (372.8, 372.8), (372.8, 372.8), (372.8, 372.8), (372.8, 372.8)]",0,1,8.65
novice,bomberman,2,Bomb,8,0,25.04,0.926,"[(48.0, 48.0), (62.9, 51.7), (77.9, 51.7), (98.4, 51.7), (113.3, 57.3), (115.2, 72.3), (115.2, 89.1), (115.2, 107.7), (128.3, 115.2), (143.2, 115.2), (165.6, 115.2), (180.5, 124.5), (180.5, 139.5), (180.5, 160.0), (184.3, 176.8), (199.2, 180.5), (214.1, 180.5), (229.1, 180.5), (244.0, 189.9), (244.0, 204.8), (244.0, 219.7), (244.0, 234.7), (257.1, 244.0), (272.0, 236.5), (292.5, 236.5), (307.5, 251.5), (307.5, 266.4), (307.5, 285.1), (309.3, 301.9), (324.3, 307.5), (339.2, 307.5), (359.7, 307.5), (372.8, 318.7), (372.8, 333.6), (372.8, 348.5), (372.8, 363.5), (372.8, 372.8), (372.8, 372.8), (372.8, 372.8), (372.8, 372.8), (372.8, 372.8), (372.8, 372.8), (372.8, 372.8), (372.8, 372.8), (372.8, 372.8), (372.8, 372.8), (372.8, 372.8), (372.8, 372.8), (372.8, 372.8), (372.8, 372.8), (372.8, 372.8), (372.8, 372.8), (372.8, 372.8), (372.8, 372.8), (372.8, 372.8), (372.8, 372.8), (372.8, 372.8), (372.8, 372.8), (372.8, 372.8), (372.8, 372.8), (372.8, 372.8), (372.8, 372.8), (372.8, 372.8), (372.8, 372.8), (372.8, 372.8), (372.8, 372.8), (372.8, 372.8), (372.8, 372.8), (372.8, 372.8), (372.8, 372.8), (372.8, 372.8), (372.8, 372.8), (372.8, 372.8), (372.8, 372.8), (372.8, 372.8), (372.8, 372.8), (372.8, 372.8), (372.8, 372.8), (372.8, 372.8), (372.8, 372.8), (372.8, 372.8), (372.8, 372.8), (372.8, 372.8), (372.8, 372.8), (372.8, 372.8), (372.8, 372.8), (372.8, 372.8), (372.8, 372.8), (372.8, 372.8), (372.8, 372.8), (372.8, 372.8)]",0,1,12.0
novice,bomberman,2,Bomb,6,0,23.61,0.926,"[(48.0, 48.0), (62.9, 51.7), (77.9, 51.7), (98.4, 51.7), (113.3, 57.3), (115.2, 72.3), (115.2, 89.1), (115.2, 107.7), (128.3, 115.2), (143.2, 115.2), (165.6, 115.2), (180.5, 124.5), (180.5, 139.5), (180.5, 154.4), (180.5, 169.3), (191.7, 180.5), (197.3, 180.5), (197.3, 180.5), (197.3, 180.5), (197.3, 180.5), (197.3, 180.5), (197.3, 180.5), (197.3, 180.5), (197.3, 180.5), (197.3, 180.5), (197.3, 180.5), (197.3, 180.5), (208.5, 180.5), (230.9, 180.5), (244.0, 191.7), (244.0, 206.7), (244.0, 229.1), (251.5, 244.0), (266.4, 238.4), (281.3, 242.1), (296.3, 244.0), (307.5, 257.1), (307.5, 272.0), (307.5, 292.5), (314.9, 307.5), (322.4, 307.5), (322.4, 307.5), (318.7, 307.5), (322.4, 307.5), (322.4, 307.5), (318.7, 307.5), (322.4, 307.5), (322.4, 307.5), (318.7, 307.5), (322.4, 307.5), (322.4, 307.5), (318.7, 307.5), (322.4, 307.5), (322.4, 307.5), (318.7, 307.5), (322.4, 307.5), (322.4, 307.5), (318.7, 307.5), (333.6, 307.5), (354.1, 307.5), (369.1, 313.1), (372.8, 328.0), (372.8, 342.9), (372.8, 357.9), (372.8, 372.8), (372.8, 372.8), (372.8, 372.8), (372.8, 372.8), (372.8, 372.8), (372.8, 372.8), (372.8, 372.8), (372.8, 372.8), (372.8, 372.8), (372.8, 372.8), (372.8, 372.8), (372.8, 372.8), (372.8, 372.8), (372.8, 372.8), (372.8, 372.8), (372.8, 372.8), (372.8, 372.8), (372.8, 372.8), (372.8, 372.8), (372.8, 372.8), (372.8, 372.8), (372.8, 372.8), (372.8, 372.8), (372.8, 372.8), (372.8, 372.8), (372.8, 372.8), (372.8, 372.8), (372.8, 372.8), (372.8, 372.8), (372.8, 372.8), (372.8, 372.8)]",0,1,12.65
novice,bomberman,2,Bomb,5,0,35.36,0.926,"[(48.0, 48.0), (62.9, 51.7), (77.9, 51.7), (98.4, 51.7), (113.3, 57.3), (115.2, 72.3), (115.2, 89.1), (115.2, 107.7), (128.3, 115.2), (143.2, 115.2), (165.6, 115.2), (180.5, 124.5), (180.5, 139.5), (180.5, 160.0), (184.3, 176.8), (199.2, 180.5), (214.1, 180.5), (229.1, 180.5), (244.0, 189.9), (244.0, 204.8), (244.0, 227.2), (249.6, 242.1), (264.5, 244.0), (283.2, 244.0), (300.0, 245.9), (307.5, 260.8), (307.5, 275.7), (307.5, 296.3), (318.7, 307.5), (333.6, 307.5), (354.1, 307.5), (369.1, 313.1), (372.8, 328.0), (372.8, 342.9), (372.8, 357.9), (372.8, 372.8), (372.8, 372.8), (372.8, 372.8), (372.8, 372.8), (372.8, 372.8), (372.8, 372.8), (372.8, 372.8), (372.8, 372.8), (372.8, 372.8), (372.8, 372.8), (372.8, 372.8), (372.8, 372.8), (372.8, 372.8), (372.8, 372.8), (372.8, 372.8), (372.8, 372.8), (372.8, 372.8), (372.8, 372.8), (372.8, 372.8), (372.8, 372.8), (372.8, 372.8), (372.8, 372.8), (372.8, 372.8), (372.8, 372.8), (372.8, 372.8), (372.8, 372.8), (372.8, 372.8), (372.8, 372.8), (372.8, 372.8)]",0,1,8.5
novice,bomberman,2,Bomb,7,0,34.48,0.926,"[(48.0, 48.0), (62.9, 51.7), (77.9, 51.7), (98.4, 51.7), (113.3, 57.3), (115.2, 72.3), (115.2, 89.1), (115.2, 107.7), (128.3, 115.2), (143.2, 115.2), (165.6, 115.2), (180.5, 124.5), (180.5, 139.5), (180.5, 160.0), (184.3, 176.8), (199.2, 180.5), (217.9, 180.5), (236.5, 182.4), (244.0, 197.3), (244.0, 212.3), (244.0, 227.2), (249.6, 242.1), (264.5, 244.0), (283.2, 244.0), (300.0, 245.9), (307.5, 260.8), (307.5, 275.7), (307.5, 296.3), (318.7, 307.5), (333.6, 307.5), (354.1, 307.5), (369.1, 313.1), (372.8, 328.0), (372.8, 342.9), (372.8, 357.9), (372.8, 372.8), (372.8, 372.8), (372.8, 372.8), (372.8, 372.8), (372.8, 372.8), (372.8, 372.8), (372.8, 372.8), (372.8, 372.8), (372.8, 372.8), (372.8, 372.8), (372.8, 372.8), (372.8, 372.8), (372.8, 372.8), (372.8, 372.8), (372.8, 372.8), (372.8, 372.8), (372.8, 372.8), (372.8, 372.8), (372.8, 372.8), (372.8, 372.8), (372.8, 372.8), (372.8, 372.8), (372.8, 372.8), (372.8, 372.8), (372.8, 372.8), (372.8, 372.8), (372.8, 372.8), (372.8, 372.8), (372.8, 372.8)]",0,1,8.5
novice,bomberman,2,Bomb,9,0,17.6,0.926,"[(48.0, 48.0), (62.9, 51.7), (77.9, 51.7), (98.4, 51.7), (113.3, 57.3), (115.2, 72.3), (115.2, 89.1), (115.2, 107.7), (128.3, 115.2), (143.2, 115.2), (165.6, 115.2), (180.5, 124.5), (180.5, 128.3), (180.5, 128.3), (180.5, 128.3), (180.5, 128.3), (180.5, 128.3), (180.5, 128.3), (180.5, 128.3), (180.5, 128.3), (180.5, 128.3), (180.5, 128.3), (180.5, 128.3), (180.5, 128.3), (180.5, 128.3), (180.5, 128.3), (180.5, 128.3), (180.5, 128.3), (180.5, 128.3), (180.5, 128.3), (180.5, 128.3), (180.5, 137.6), (180.5, 156.3), (182.4, 174.9), (193.6, 180.5), (193.6, 180.5), (193.6, 180.5), (193.6, 180.5), (193.6, 180.5), (193.6, 180.5), (193.6, 180.5), (193.6, 180.5), (193.6, 180.5), (193.6, 180.5), (193.6, 180.5), (193.6, 180.5), (193.6, 180.5), (193.6, 180.5), (193.6, 180.5), (193.6, 180.5), (193.6, 180.5), (193.6, 180.5), (193.6, 180.5), (193.6, 180.5), (193.6, 180.5), (193.6, 180.5), (193.6, 180.5), (204.8, 180.5), (227.2, 180.5), (242.1, 188.0), (244.0, 202.9), (244.0, 223.5), (247.7, 240.3), (262.7, 244.0), (279.5, 244.0), (298.1, 244.0), (307.5, 258.9), (307.5, 273.9), (307.5, 294.4), (316.8, 307.5), (331.7, 307.5), (352.3, 307.5), (367.2, 311.2), (372.8, 326.1), (372.8, 341.1), (372.8, 356.0), (372.8, 370.9), (372.8, 372.8), (372.8, 372.8), (372.8, 372.8), (372.8, 372.8), (372.8, 372.8), (372.8, 372.8), (372.8, 372.8), (372.8, 372.8), (372.8, 372.8), (372.8, 372.8), (372.8, 372.8), (372.8, 372.8), (372.8, 372.8), (372.8, 372.8), (372.8, 372.8), (372.8, 372.8), (372.8, 372.8), (372.8, 372.8), (372.8, 372.8), (372.8, 372.8), (372.8, 372.8), (372.8, 372.8), (372.8, 372.8), (372.8, 372.8), (372.8, 372.8), (372.8, 372.8), (372.8, 372.8), (372.8, 372.8), (372.8, 372.8), (372.8, 372.8), (372.8, 372.8), (372.8, 372.8), (372.8, 372.8), (372.8, 372.8), (372.8, 372.8), (372.8, 372.8), (372.8, 372.8), (372.8, 372.8), (372.8, 372.8), (372.8, 372.8), (372.8, 372.8), (372.8, 372.8), (372.8, 372.8), (372.8, 372.8), (372.8, 372.8), (372.8, 372.8), (372.8, 372.8), (372.8, 372.8)]",0,1,16.65
novice,bomberman,2,Bomb,6,0,34.48,0.926,"[(48.0, 48.0), (62.9, 51.7), (77.9, 51.7), (98.4, 51.7), (113.3, 57.3), (115.2, 72.3), (115.2, 89.1), (115.2, 107.7), (128.3, 115.2), (143.2, 115.2), (165.6, 115.2), (180.5, 124.5), (180.5, 139.5), (180.5, 160.0), (184.3, 176.8), (199.2, 180.5), (217.9, 180.5), (236.5, 182.4), (244.0, 197.3), (244.0, 212.3), (244.0, 227.2), (249.6, 242.1), (264.5, 244.0), (283.2, 244.0), (300.0, 245.9), (307.5, 260.8), (307.5, 275.7), (307.5, 296.3), (318.7, 307.5), (333.6, 307.5), (354.1, 307.5), (369.1, 313.1), (372.8, 328.0), (372.8, 342.9), (372.8, 357.9), (372.8, 372.8), (372.8, 372.8), (372.8, 372.8), (372.8, 372.8), (372.8, 372.8), (372.8, 372.8), (372.8, 372.8), (372.8, 372.8), (372.8, 372.8), (372.8, 372.8), (372.8, 372.8), (372.8, 372.8), (372.8, 372.8), (372.8, 372.8), (372.8, 372.8), (372.8, 372.8), (372.8, 372.8), (372.8, 372.8), (372.8, 372.8), (372.8, 372.8), (372.8, 372.8), (372.8, 372.8), (372.8, 372.8), (372.8, 372.8), (372.8, 372.8), (372.8, 372.8), (372.8, 372.8), (372.8, 372.8), (372.8, 372.8)]",0,1,8.5
novice,bomberman,2,Bomb,6,0,34.48,0.926,"[(48.0, 48.0), (62.9, 51.7), (77.9, 51.7), (98.4, 51.7), (113.3, 57.3), (115.2, 72.3), (115.2, 89.1), (115.2, 107.7), (128.3, 115.2), (143.2, 115.2), (165.6, 115.2), (180.5, 124.5), (180.5, 139.5), (180.5, 160.0), (184.3, 176.8), (199.2, 180.5), (217.9, 180.5), (236.5, 182.4), (244.0, 197.3), (244.0, 212.3), (244.0, 227.2), (249.6, 242.1), (264.5, 244.0), (283.2, 244.0), (300.0, 245.9), (307.5, 260.8), (307.5, 275.7), (307.5, 296.3), (318.7, 307.5), (333.6, 307.5), (354.1, 307.5), (369.1, 313.1), (372.8, 328.0), (372.8, 342.9), (372.8, 357.9), (372.8, 372.8), (372.8, 372.8), (372.8, 372.8), (372.8, 372.8), (372.8, 372.8), (372.8, 372.8), (372.8, 372.8), (372.8, 372.8), (372.8, 372.8), (372.8, 372.8), (372.8, 372.8), (372.8, 372.8), (372.8, 372.8), (372.8, 372.8), (372.8, 372.8), (372.8, 372.8), (372.8, 372.8), (372.8, 372.8), (372.8, 372.8), (372.8, 372.8), (372.8, 372.8), (372.8, 372.8), (372.8, 372.8), (372.8, 372.8), (372.8, 372.8), (372.8, 372.8), (372.8, 372.8), (372.8, 372.8), (372.8, 372.8)]",0,1,8.5
novice,bomberman,2,Bomb,9,0,17.6,0.926,"[(48.0, 48.0), (62.9, 51.7), (77.9, 51.7), (98.4, 51.7), (113.3, 57.3), (115.2, 72.3), (115.2, 89.1), (115.2, 107.7), (128.3, 115.2), (143.2, 115.2), (165.6, 115.2), (180.5, 124.5), (180.5, 128.3), (180.5, 128.3), (180.5, 128.3), (180.5, 128.3), (180.5, 128.3), (180.5, 128.3), (180.5, 128.3), (180.5, 128.3), (180.5, 128.3), (180.5, 128.3), (180.5, 128.3), (180.5, 128.3), (180.5, 128.3), (180.5, 128.3), (180.5, 128.3), (180.5, 128.3), (180.5, 128.3), (180.5, 128.3), (180.5, 128.3), (180.5, 137.6), (180.5, 156.3), (182.4, 174.9), (193.6, 180.5), (193.6, 180.5), (193.6, 180.5), (193.6, 180.5), (193.6, 180.5), (193.6, 180.5), (193.6, 180.5), (193.6, 180.5), (193.6, 180.5), (193.6, 180.5), (193.6, 180.5), (193.6, 180.5), (193.6, 180.5), (193.6, 180.5), (193.6, 180.5), (193.6, 180.5), (193.6, 180.5), (193.6, 180.5), (193.6, 180.5), (193.6, 180.5), (193.6, 180.5), (193.6, 180.5), (193.6, 180.5), (204.8, 180.5), (227.2, 180.5), (242.1, 188.0), (244.0, 202.9), (244.0, 223.5), (247.7, 240.3), (262.7, 244.0), (279.5, 244.0), (298.1, 244.0), (307.5, 258.9), (307.5, 273.9), (307.5, 294.4), (316.8, 307.5), (331.7, 307.5), (352.3, 307.5), (367.2, 311.2), (372.8, 326.1), (372.8, 341.1), (372.8, 356.0), (372.8, 370.9), (372.8, 372.8), (372.8, 372.8), (372.8, 372.8), (372.8, 372.8), (372.8, 372.8), (372.8, 372.8), (372.8, 372.8), (372.8, 372.8), (372.8, 372.8), (372.8, 372.8), (372.8, 372.8), (372.8, 372.8), (372.8, 372.8), (372.8, 372.8), (372.8, 372.8), (372.8, 372.8), (372.8, 372.8), (372.8, 372.8), (372.8, 372.8), (372.8, 372.8), (372.8, 372.8), (372.8, 372.8), (372.8, 372.8), (372.8, 372.8), (372.8, 372.8), (372.8, 372.8), (372.8, 372.8), (372.8, 372.8), (372.8, 372.8), (372.8, 372.8), (372.8, 372.8), (372.8, 372.8), (372.8, 372.8), (372.8, 372.8), (372.8, 372.8), (372.8, 372.8), (372.8, 372.8), (372.8, 372.8), (372.8, 372.8), (372.8, 372.8), (372.8, 372.8), (372.8, 372.8), (372.8, 372.8), (372.8, 372.8), (372.8, 372.8), (372.8, 372.8), (372.8, 372.8), (372.8, 372.8)]",0,1,16.65
novice,bomberman,2,Bomb,7,0,34.48,0.926,"[(48.0, 48.0), (62.9, 51.7), (77.9, 51.7), (98.4, 51.7), (113.3, 57.3), (115.2, 72.3), (115.2, 89.1), (115.2, 107.7), (128.3, 115.2), (143.2, 115.2), (165.6, 115.2), (180.5, 124.5), (180.5, 139.5), (180.5, 160.0), (184.3, 176.8), (199.2, 180.5), (217.9, 180.5), (236.5, 182.4), (244.0, 197.3), (244.0, 212.3), (244.0, 227.2), (249.6, 242.1), (264.5, 244.0), (283.2, 244.0), (300.0, 245.9), (307.5, 260.8), (307.5, 275.7), (307.5, 296.3), (318.7, 307.5), (333.6, 307.5), (354.1, 307.5), (369.1, 313.1), (372.8, 328.0), (372.8, 342.9), (372.8, 357.9), (372.8, 372.8), (372.8, 372.8), (372.8, 372.8), (372.8, 372.8), (372.8, 372.8), (372.8, 372.8), (372.8, 372.8), (372.8, 372.8), (372.8, 372.8), (372.8, 372.8), (372.8, 372.8), (372.8, 372.8), (372.8, 372.8), (372.8, 372.8), (372.8, 372.8), (372.8, 372.8), (372.8, 372.8), (372.8, 372.8), (372.8, 372.8), (372.8, 372.8), (372.8, 372.8), (372.8, 372.8), (372.8, 372.8), (372.8, 372.8), (372.8, 372.8), (372.8, 372.8), (372.8, 372.8), (372.8, 372.8), (372.8, 372.8)]",0,1,8.5
novice,bomberman,2,Bomb,5,0,35.36,0.926,"[(48.0, 48.0), (62.9, 51.7), (77.9, 51.7), (98.4, 51.7), (113.3, 57.3), (115.2, 72.3), (115.2, 89.1), (115.2, 107.7), (128.3, 115.2), (143.2, 115.2), (165.6, 115.2), (180.5, 124.5), (180.5, 139.5), (180.5, 160.0), (184.3, 176.8), (199.2, 180.5), (214.1, 180.5), (229.1, 180.5), (244.0, 189.9), (244.0, 204.8), (244.0, 227.2), (249.6, 242.1), (264.5, 244.0), (283.2, 244.0), (300.0, 245.9), (307.5, 260.8), (307.5, 275.7), (307.5, 296.3), (318.7, 307.5), (333.6, 307.5), (354.1, 307.5), (369.1, 313.1), (372.8, 328.0), (372.8, 342.9), (372.8, 357.9), (372.8, 372.8), (372.8, 372.8), (372.8, 372.8), (372.8, 372.8), (372.8, 372.8), (372.8, 372.8), (372.8, 372.8), (372.8, 372.8), (372.8, 372.8), (372.8, 372.8), (372.8, 372.8), (372.8, 372.8), (372.8, 372.8), (372.8, 372.8), (372.8, 372.8), (372.8, 372.8), (372.8, 372.8), (372.8, 372.8), (372.8, 372.8), (372.8, 372.8), (372.8, 372.8), (372.8, 372.8), (372.8, 372.8), (372.8, 372.8), (372.8, 372.8), (372.8, 372.8), (372.8, 372.8), (372.8, 372.8), (372.8, 372.8)]",0,1,8.5
novice,bomberman,2,Bomb,6,0,34.74,0.926,"[(48.0, 48.0), (62.9, 51.7), (77.9, 51.7), (98.4, 51.7), (113.3, 57.3), (115.2, 72.3), (115.2, 89.1), (115.2, 107.7), (128.3, 115.2), (143.2, 115.2), (165.6, 115.2), (180.5, 124.5), (180.5, 139.5), (180.5, 154.4), (180.5, 169.3), (191.7, 180.5), (206.7, 180.5), (221.6, 180.5), (236.5, 182.4), (244.0, 197.3), (244.0, 212.3), (244.0, 227.2), (249.6, 242.1), (264.5, 244.0), (283.2, 244.0), (300.0, 245.9), (307.5, 260.8), (307.5, 275.7), (307.5, 296.3), (318.7, 307.5), (333.6, 307.5), (354.1, 307.5), (369.1, 313.1), (372.8, 328.0), (372.8, 342.9), (372.8, 357.9), (372.8, 372.8), (372.8, 372.8), (372.8, 372.8), (372.8, 372.8), (372.8, 372.8), (372.8, 372.8), (372.8, 372.8), (372.8, 372.8), (372.8, 372.8), (372.8, 372.8), (372.8, 372.8), (372.8, 372.8), (372.8, 372.8), (372.8, 372.8), (372.8, 372.8), (372.8, 372.8), (372.8, 372.8), (372.8, 372.8), (372.8, 372.8), (372.8, 372.8), (372.8, 372.8), (372.8, 372.8), (372.8, 372.8), (372.8, 372.8), (372.8, 372.8), (372.8, 372.8), (372.8, 372.8), (372.8, 372.8), (372.8, 372.8)]",0,1,8.65
novice,bomberman,2,Bomb,7,0,25.41,0.926,"[(48.0, 48.0), (62.9, 51.7), (77.9, 51.7), (98.4, 51.7), (113.3, 57.3), (115.2, 72.3), (115.2, 89.1), (115.2, 107.7), (128.3, 115.2), (143.2, 115.2), (165.6, 115.2), (180.5, 124.5), (180.5, 139.5), (180.5, 160.0), (184.3, 176.8), (199.2, 180.5), (214.1, 180.5), (229.1, 180.5), (244.0, 189.9), (244.0, 204.8), (244.0, 227.2), (249.6, 242.1), (264.5, 240.3), (279.5, 240.3), (294.4, 244.0), (307.5, 255.2), (307.5, 270.1), (307.5, 290.7), (313.1, 305.6), (328.0, 307.5), (346.7, 307.5), (363.5, 307.5), (372.8, 322.4), (372.8, 337.3), (372.8, 352.3), (372.8, 367.2), (372.8, 372.8), (372.8, 372.8), (372.8, 372.8), (372.8, 372.8), (372.8, 372.8), (372.8, 372.8), (372.8, 372.8), (372.8, 372.8), (372.8, 372.8), (372.8, 372.8), (372.8, 372.8), (372.8, 372.8), (372.8, 372.8), (372.8, 372.8), (372.8, 372.8), (372.8, 372.8), (372.8, 372.8), (372.8, 372.8), (372.8, 372.8), (372.8, 372.8), (372.8, 372.8), (372.8, 372.8), (372.8, 372.8), (372.8, 372.8), (372.8, 372.8), (372.8, 372.8), (372.8, 372.8), (372.8, 372.8), (372.8, 372.8), (372.8, 372.8), (372.8, 372.8), (372.8, 372.8), (372.8, 372.8), (372.8, 372.8), (372.8, 372.8), (372.8, 372.8), (372.8, 372.8), (372.8, 372.8), (372.8, 372.8), (372.8, 372.8), (372.8, 372.8), (372.8, 372.8), (372.8, 372.8), (372.8, 372.8), (372.8, 372.8), (372.8, 372.8), (372.8, 372.8), (372.8, 372.8), (372.8, 372.8), (372.8, 372.8), (372.8, 372.8), (372.8, 372.8), (372.8, 372.8), (372.8, 372.8), (372.8, 372.8)]",0,1,12.05
novice,bomberman,2,Bomb,7,0,25.3,0.926,"[(48.0, 48.0), (62.9, 51.7), (77.9, 51.7), (98.4, 51.7), (113.3, 57.3), (115.2, 72.3), (115.2, 89.1), (115.2, 107.7), (128.3, 115.2), (143.2, 115.2), (165.6, 115.2), (180.5, 124.5), (180.5, 139.5), (180.5, 154.4), (180.5, 169.3), (191.7, 180.5), (206.7, 180.5), (221.6, 180.5), (236.5, 182.4), (244.0, 197.3), (244.0, 212.3), (244.0, 234.7), (257.1, 244.0), (272.0, 242.1), (286.9, 238.4), (301.9, 247.7), (307.5, 262.7), (307.5, 277.6), (307.5, 298.1), (320.5, 307.5), (335.5, 307.5), (356.0, 307.5), (370.9, 314.9), (372.8, 329.9), (372.8, 344.8), (372.8, 359.7), (372.8, 372.8), (372.8, 372.8), (372.8, 372.8), (372.8, 372.8), (372.8, 372.8), (372.8, 372.8), (372.8, 372.8), (372.8, 372.8), (372.8, 372.8), (372.8, 372.8), (372.8, 372.8), (372.8, 372.8), (372.8, 372.8), (372.8, 372.8), (372.8, 372.8), (372.8, 372.8), (372.8, 372.8), (372.8, 372.8), (372.8, 372.8), (372.8, 372.8), (372.8, 372.8), (372.8, 372.8), (372.8, 372.8), (372.8, 372.8), (372.8, 372.8), (372.8, 372.8), (372.8, 372.8), (372.8, 372.8), (372.8, 372.8), (372.8, 372.8), (372.8, 372.8), (372.8, 372.8), (372.8, 372.8), (372.8, 372.8), (372.8, 372.8), (372.8, 372.8), (372.8, 372.8), (372.8, 372.8), (372.8, 372.8), (372.8, 372.8), (372.8, 372.8), (372.8, 372.8), (372.8, 372.8), (372.8, 372.8), (372.8, 372.8), (372.8, 372.8), (372.8, 372.8), (372.8, 372.8), (372.8, 372.8), (372.8, 372.8), (372.8, 372.8), (372.8, 372.8), (372.8, 372.8), (372.8, 372.8), (372.8, 372.8)]",0,1,12.1
novice,bomberman,2,Bomb,7,0,35.36,0.926,"[(48.0, 48.0), (62.9, 51.7), (77.9, 51.7), (98.4, 51.7), (113.3, 57.3), (115.2, 72.3), (115.2, 89.1), (115.2, 107.7), (128.3, 115.2), (143.2, 115.2), (165.6, 115.2), (180.5, 124.5), (180.5, 139.5), (180.5, 160.0), (184.3, 176.8), (199.2, 180.5), (214.1, 180.5), (229.1, 180.5), (244.0, 189.9), (244.0, 204.8), (244.0, 227.2), (249.6, 242.1), (264.5, 240.3), (283.2, 236.5), (300.0, 245.9), (307.5, 260.8), (307.5, 275.7), (307.5, 296.3), (318.7, 307.5), (333.6, 307.5), (354.1, 307.5), (369.1, 313.1), (372.8, 328.0), (372.8, 342.9), (372.8, 357.9), (372.8, 372.8), (372.8, 372.8), (372.8, 372.8), (372.8, 372.8), (372.8, 372.8), (372.8, 372.8), (372.8, 372.8), (372.8, 372.8), (372.8, 372.8), (372.8, 372.8), (372.8, 372.8), (372.8, 372.8), (372.8, 372.8), (372.8, 372.8), (372.8, 372.8), (372.8, 372.8), (372.8, 372.8), (372.8, 372.8), (372.8, 372.8), (372.8, 372.8), (372.8, 372.8), (372.8, 372.8), (372.8, 372.8), (372.8, 372.8), (372.8, 372.8), (372.8, 372.8), (372.8, 372.8), (372.8, 372.8), (372.8, 372.8)]",0,1,8.5
novice,bomberman,2,Bomb,36,0,5.57,0.148,"[(48.0, 48.0), (62.9, 51.7), (77.9, 51.7), (98.4, 51.7), (113.3, 57.3), (115.2, 72.3), (115.2, 89.1), (109.6, 107.7), (102.1, 115.2), (100.3, 115.2), (96.5, 115.2), (96.5, 115.2), (100.3, 115.2), (96.5, 115.2), (96.5, 115.2), (100.3, 115.2), (96.5, 115.2), (96.5, 115.2), (100.3, 115.2), (96.5, 115.2), (96.5, 115.2), (100.3, 115.2), (96.5, 115.2), (96.5, 115.2), (100.3, 115.2), (96.5, 115.2), (96.5, 115.2), (100.3, 115.2), (96.5, 115.2), (96.5, 115.2), (100.3, 115.2), (96.5, 115.2), (96.5, 115.2), (100.3, 115.2), (96.5, 115.2), (100.3, 115.2), (100.3, 115.2), (100.3, 115.2), (100.3, 115.2), (100.3, 115.2), (100.3, 115.2), (100.3, 115.2), (100.3, 115.2), (100.3, 115.2), (100.3, 115.2), (100.3, 115.2), (100.3, 115.2), (100.3, 115.2), (100.3, 115.2), (100.3, 115.2), (100.3, 115.2), (100.3, 115.2), (100.3, 115.2), (100.3, 115.2), (100.3, 115.2), (100.3, 115.2), (100.3, 115.2), (100.3, 115.2), (100.3, 115.2), (100.3, 115.2), (100.3, 115.2)]",0,0,8.05
novice,bomberman,2,Stuck,34,0,13.25,0.667,"[(48.0, 48.0), (62.9, 51.7), (77.9, 51.7), (98.4, 51.7), (113.3, 57.3), (115.2, 72.3), (115.2, 89.1), (109.6, 107.7), (96.5, 115.2), (94.7, 115.2), (98.4, 115.2), (98.4, 115.2), (94.7, 115.2), (98.4, 115.2), (98.4, 115.2), (94.7, 115.2), (98.4, 115.2), (98.4, 115.2), (94.7, 115.2), (98.4, 115.2), (98.4, 115.2), (94.7, 115.2), (98.4, 115.2), (98.4, 115.2), (94.7, 115.2), (98.4, 115.2), (98.4, 115.2), (94.7, 115.2), (98.4, 115.2), (98.4, 115.2), (94.7, 115.2), (98.4, 115.2), (98.4, 115.2), (94.7, 115.2), (98.4, 115.2), (98.4, 115.2), (94.7, 115.2), (98.4, 115.2), (98.4, 115.2), (94.7, 115.2), (98.4, 115.2), (98.4, 115.2), (94.7, 115.2), (98.4, 115.2), (98.4, 115.2), (94.7, 115.2), (98.4, 115.2), (98.4, 115.2), (94.7, 115.2), (98.4, 115.2), (98.4, 115.2), (94.7, 115.2), (98.4, 115.2), (98.4, 115.2), (94.7, 115.2), (98.4, 115.2), (98.4, 115.2), (105.9, 115.2), (115.2, 128.3), (115.2, 143.2), (115.2, 165.6), (122.7, 180.5), (137.6, 180.5), (158.1, 180.5), (174.9, 184.3), (180.5, 199.2), (180.5, 216.0), (180.5, 236.5), (195.5, 244.0), (210.4, 244.0), (232.8, 244.0), (244.0, 257.1), (244.0, 272.0), (244.0, 292.5), (251.5, 307.5), (266.4, 307.5), (286.9, 307.5), (301.9, 311.2), (307.5, 326.1), (307.5, 341.1), (307.5, 361.6), (307.5, 372.8), (307.5, 372.8), (307.5, 372.8), (307.5, 372.8), (307.5, 372.8), (307.5, 372.8), (307.5, 372.8), (307.5, 372.8), (307.5, 372.8), (307.5, 372.8), (307.5, 372.8), (307.5, 372.8), (307.5, 372.8), (307.5, 372.8), (307.5, 372.8), (307.5, 372.8), (307.5, 372.8), (307.5, 372.8), (307.5, 372.8), (307.5, 372.8), (307.5, 372.8), (307.5, 372.8), (307.5, 372.8), (307.5, 372.8), (307.5, 372.8), (307.5, 372.8), (307.5, 372.8), (307.5, 372.8), (307.5, 372.8), (307.5, 372.8), (307.5, 372.8), (307.5, 372.8), (307.5, 372.8), (307.5, 372.8), (307.5, 372.8), (307.5, 372.8), (307.5, 372.8), (307.5, 372.8), (307.5, 372.8), (307.5, 372.8), (307.5, 372.8), (307.5, 372.8), (307.5, 372.8), (307.5, 372.8), (307.5, 372.8), (307.5, 372.8), (307.5, 372.8), (307.5, 372.8), (307.5, 372.8), (307.5, 372.8), (307.5, 372.8)]",0,0,17.47
novice,bomberman,2,Bomb,7,0,35.36,0.926,"[(48.0, 48.0), (62.9, 51.7), (77.9, 51.7), (98.4, 51.7), (113.3, 57.3), (115.2, 72.3), (115.2, 89.1), (115.2, 107.7), (128.3, 115.2), (143.2, 115.2), (165.6, 115.2), (180.5, 124.5), (180.5, 139.5), (180.5, 160.0), (184.3, 176.8), (199.2, 180.5), (214.1, 180.5), (229.1, 180.5), (244.0, 189.9), (244.0, 204.8), (244.0, 227.2), (249.6, 242.1), (264.5, 240.3), (283.2, 236.5), (300.0, 245.9), (307.5, 260.8), (307.5, 275.7), (307.5, 296.3), (318.7, 307.5), (333.6, 307.5), (354.1, 307.5), (369.1, 313.1), (372.8, 328.0), (372.8, 342.9), (372.8, 357.9), (372.8, 372.8), (372.8, 372.8), (372.8, 372.8), (372.8, 372.8), (372.8, 372.8), (372.8, 372.8), (372.8, 372.8), (372.8, 372.8), (372.8, 372.8), (372.8, 372.8), (372.8, 372.8), (372.8, 372.8), (372.8, 372.8), (372.8, 372.8), (372.8, 372.8), (372.8, 372.8), (372.8, 372.8), (372.8, 372.8), (372.8, 372.8), (372.8, 372.8), (372.8, 372.8), (372.8, 372.8), (372.8, 372.8), (372.8, 372.8), (372.8, 372.8), (372.8, 372.8), (372.8, 372.8), (372.8, 372.8), (372.8, 372.8)]",0,1,8.5
novice,bomberman,2,Bomb,7,0,25.3,0.926,"[(48.0, 48.0), (62.9, 51.7), (77.9, 51.7), (98.4, 51.7), (113.3, 57.3), (115.2, 72.3), (115.2, 89.1), (115.2, 107.7), (128.3, 115.2), (143.2, 115.2), (165.6, 115.2), (180.5, 124.5), (180.5, 139.5), (180.5, 154.4), (180.5, 169.3), (191.7, 180.5), (206.7, 180.5), (221.6, 180.5), (236.5, 182.4), (244.0, 197.3), (244.0, 212.3), (244.0, 234.7), (257.1, 244.0), (272.0, 242.1), (286.9, 238.4), (301.9, 247.7), (307.5, 262.7), (307.5, 277.6), (307.5, 298.1), (320.5, 307.5), (335.5, 307.5), (356.0, 307.5), (370.9, 314.9), (372.8, 329.9), (372.8, 344.8), (372.8, 359.7), (372.8, 372.8), (372.8, 372.8), (372.8, 372.8), (372.8, 372.8), (372.8, 372.8), (372.8, 372.8), (372.8, 372.8), (372.8, 372.8), (372.8, 372.8), (372.8, 372.8), (372.8, 372.8), (372.8, 372.8), (372.8, 372.8), (372.8, 372.8), (372.8, 372.8), (372.8, 372.8), (372.8, 372.8), (372.8, 372.8), (372.8, 372.8), (372.8, 372.8), (372.8, 372.8), (372.8, 372.8), (372.8, 372.8), (372.8, 372.8), (372.8, 372.8), (372.8, 372.8), (372.8, 372.8), (372.8, 372.8), (372.8, 372.8), (372.8, 372.8), (372.8, 372.8), (372.8, 372.8), (372.8, 372.8), (372.8, 372.8), (372.8, 372.8), (372.8, 372.8), (372.8, 372.8), (372.8, 372.8), (372.8, 372.8), (372.8, 372.8), (372.8, 372.8), (372.8, 372.8), (372.8, 372.8), (372.8, 372.8), (372.8, 372.8), (372.8, 372.8), (372.8, 372.8), (372.8, 372.8), (372.8, 372.8), (372.8, 372.8), (372.8, 372.8), (372.8, 372.8), (372.8, 372.8), (372.8, 372.8), (372.8, 372.8)]",0,1,12.1
novice,bomberman,2,Bomb,7,0,25.41,0.926,"[(48.0, 48.0), (62.9, 51.7), (77.9, 51.7), (98.4, 51.7), (113.3, 57.3), (115.2, 72.3), (115.2, 89.1), (115.2, 107.7), (128.3, 115.2), (143.2, 115.2), (165.6, 115.2), (180.5, 124.5), (180.5, 139.5), (180.5, 160.0), (184.3, 176.8), (199.2, 180.5), (214.1, 180.5), (229.1, 180.5), (244.0, 189.9), (244.0, 204.8), (244.0, 227.2), (249.6, 242.1), (264.5, 240.3), (279.5, 240.3), (294.4, 244.0), (307.5, 255.2), (307.5, 270.1), (307.5, 290.7), (313.1, 305.6), (328.0, 307.5), (346.7, 307.5), (363.5, 307.5), (372.8, 322.4), (372.8, 337.3), (372.8, 352.3), (372.8, 367.2), (372.8, 372.8), (372.8, 372.8), (372.8, 372.8), (372.8, 372.8), (372.8, 372.8), (372.8, 372.8), (372.8, 372.8), (372.8, 372.8), (372.8, 372.8), (372.8, 372.8), (372.8, 372.8), (372.8, 372.8), (372.8, 372.8), (372.8, 372.8), (372.8, 372.8), (372.8, 372.8), (372.8, 372.8), (372.8, 372.8), (372.8, 372.8), (372.8, 372.8), (372.8, 372.8), (372.8, 372.8), (372.8, 372.8), (372.8, 372.8), (372.8, 372.8), (372.8, 372.8), (372.8, 372.8), (372.8, 372.8), (372.8, 372.8), (372.8, 372.8), (372.8, 372.8), (372.8, 372.8), (372.8, 372.8), (372.8, 372.8), (372.8, 372.8), (372.8, 372.8), (372.8, 372.8), (372.8, 372.8), (372.8, 372.8), (372.8, 372.8), (372.8, 372.8), (372.8, 372.8), (372.8, 372.8), (372.8, 372.8), (372.8, 372.8), (372.8, 372.8), (372.8, 372.8), (372.8, 372.8), (372.8, 372.8), (372.8, 372.8), (372.8, 372.8), (372.8, 372.8), (372.8, 372.8), (372.8, 372.8), (372.8, 372.8)]",0,1,12.05
novice,bomberman,2,Bomb,6,0,34.74,0.926,"[(48.0, 48.0), (62.9, 51.7), (77.9, 51.7), (98.4, 51.7), (113.3, 57.3), (115.2, 72.3), (115.2, 89.1), (115.2, 107.7), (128.3, 115.2), (143.2, 115.2), (165.6, 115.2), (180.5, 124.5), (180.5, 139.5), (180.5, 154.4), (180.5, 169.3), (191.7, 180.5), (206.7, 180.5), (221.6, 180.5), (236.5, 182.4), (244.0, 197.3), (244.0, 212.3), (244.0, 227.2), (249.6, 242.1), (264.5, 244.0), (283.2, 244.0), (300.0, 245.9), (307.5, 260.8), (307.5, 275.7), (307.5, 296.3), (318.7, 307.5), (333.6, 307.5), (354.1, 307.5), (369.1, 313.1), (372.8, 328.0), (372.8, 342.9), (372.8, 357.9), (372.8, 372.8), (372.8, 372.8), (372.8, 372.8), (372.8, 372.8), (372.8, 372.8), (372.8, 372.8), (372.8, 372.8), (372.8, 372.8), (372.8, 372.8), (372.8, 372.8), (372.8, 372.8), (372.8, 372.8), (372.8, 372.8), (372.8, 372.8), (372.8, 372.8), (372.8, 372.8), (372.8, 372.8), (372.8, 372.8), (372.8, 372.8), (372.8, 372.8), (372.8, 372.8), (372.8, 372.8), (372.8, 372.8), (372.8, 372.8), (372.8, 372.8), (372.8, 372.8), (372.8, 372.8), (372.8, 372.8), (372.8, 372.8)]",0,1,8.65
novice,bomberman,2,Bomb,4,0,25.51,0.926,"[(48.0, 48.0), (62.9, 51.7), (77.9, 51.7), (98.4, 51.7), (113.3, 57.3), (115.2, 72.3), (115.2, 89.1), (115.2, 107.7), (128.3, 115.2), (143.2, 115.2), (165.6, 115.2), (180.5, 124.5), (180.5, 139.5), (180.5, 160.0), (184.3, 176.8), (199.2, 180.5), (214.1, 180.5), (229.1, 180.5), (244.0, 189.9), (244.0, 204.8), (244.0, 227.2), (249.6, 242.1), (264.5, 240.3), (279.5, 240.3), (294.4, 244.0), (307.5, 255.2), (307.5, 270.1), (307.5, 290.7), (313.1, 305.6), (328.0, 307.5), (346.7, 307.5), (363.5, 307.5), (372.8, 322.4), (372.8, 337.3), (372.8, 352.3), (372.8, 367.2), (372.8, 372.8), (372.8, 372.8), (372.8, 372.8), (372.8, 372.8), (372.8, 372.8), (372.8, 372.8), (372.8, 372.8), (372.8, 372.8), (372.8, 372.8), (372.8, 372.8), (372.8, 372.8), (372.8, 372.8), (372.8, 372.8), (372.8, 372.8), (372.8, 372.8), (372.8, 372.8), (372.8, 372.8), (372.8, 372.8), (372.8, 372.8), (372.8, 372.8), (372.8, 372.8), (372.8, 372.8), (372.8, 372.8), (372.8, 372.8), (372.8, 372.8), (372.8, 372.8), (372.8, 372.8), (372.8, 372.8), (372.8, 372.8), (372.8, 372.8), (372.8, 372.8), (372.8, 372.8), (372.8, 372.8), (372.8, 372.8), (372.8, 372.8), (372.8, 372.8), (372.8, 372.8), (372.8, 372.8), (372.8, 372.8), (372.8, 372.8), (372.8, 372.8), (372.8, 372.8), (372.8, 372.8), (372.8, 372.8), (372.8, 372.8), (372.8, 372.8), (372.8, 372.8), (372.8, 372.8), (372.8, 372.8), (372.8, 372.8), (372.8, 372.8), (372.8, 372.8), (372.8, 372.8), (372.8, 372.8), (372.8, 372.8)]",0,1,12.0
novice,bomberman,2,Bomb,6,0,24.74,0.926,"[(48.0, 48.0), (62.9, 51.7), (77.9, 51.7), (98.4, 51.7), (113.3, 57.3), (115.2, 72.3), (115.2, 87.2), (115.2, 102.1), (122.7, 115.2), (137.6, 115.2), (158.1, 115.2), (174.9, 118.9), (180.5, 133.9), (180.5, 148.8), (180.5, 163.7), (186.1, 178.7), (201.1, 180.5), (216.0, 180.5), (230.9, 180.5), (244.0, 191.7), (244.0, 206.7), (244.0, 221.6), (244.0, 236.5), (258.9, 244.0), (273.9, 244.0), (294.4, 244.0), (307.5, 255.2), (307.5, 270.1), (307.5, 290.7), (313.1, 305.6), (328.0, 307.5), (346.7, 307.5), (363.5, 307.5), (372.8, 322.4), (372.8, 337.3), (372.8, 352.3), (372.8, 367.2), (372.8, 372.8), (372.8, 372.8), (372.8, 372.8), (372.8, 372.8), (372.8, 372.8), (372.8, 372.8), (372.8, 372.8), (372.8, 372.8), (372.8, 372.8), (372.8, 372.8), (372.8, 372.8), (372.8, 372.8), (372.8, 372.8), (372.8, 372.8), (372.8, 372.8), (372.8, 372.8), (372.8, 372.8), (372.8, 372.8), (372.8, 372.8), (372.8, 372.8), (372.8, 372.8), (372.8, 372.8), (372.8, 372.8), (372.8, 372.8), (372.8, 372.8), (372.8, 372.8), (372.8, 372.8), (372.8, 372.8), (372.8, 372.8), (372.8, 372.8), (372.8, 372.8), (372.8, 372.8), (372.8, 372.8), (372.8, 372.8), (372.8, 372.8), (372.8, 372.8), (372.8, 372.8), (372.8, 372.8), (372.8, 372.8), (372.8, 372.8), (372.8, 372.8), (372.8, 372.8), (372.8, 372.8), (372.8, 372.8), (372.8, 372.8), (372.8, 372.8), (372.8, 372.8), (372.8, 372.8), (372.8, 372.8), (372.8, 372.8), (372.8, 372.8), (372.8, 372.8), (372.8, 372.8), (372.8, 372.8), (372.8, 372.8)]",0,1,12.15
novice,bomberman,2,Bomb,6,0,35.36,0.926,"[(48.0, 48.0), (62.9, 51.7), (77.9, 51.7), (98.4, 51.7), (113.3, 57.3), (115.2, 72.3), (115.2, 89.1), (115.2, 107.7), (128.3, 115.2), (143.2, 115.2), (165.6, 115.2), (180.5, 124.5), (180.5, 139.5), (180.5, 160.0), (184.3, 176.8), (199.2, 180.5), (214.1, 180.5), (229.1, 180.5), (244.0, 189.9), (244.0, 204.8), (244.0, 227.2), (249.6, 242.1), (264.5, 244.0), (283.2, 244.0), (300.0, 245.9), (307.5, 260.8), (307.5, 275.7), (307.5, 296.3), (318.7, 307.5), (333.6, 307.5), (354.1, 307.5), (369.1, 313.1), (372.8, 328.0), (372.8, 342.9), (372.8, 357.9), (372.8, 372.8), (372.8, 372.8), (372.8, 372.8), (372.8, 372.8), (372.8, 372.8), (372.8, 372.8), (372.8, 372.8), (372.8, 372.8), (372.8, 372.8), (372.8, 372.8), (372.8, 372.8), (372.8, 372.8), (372.8, 372.8), (372.8, 372.8), (372.8, 372.8), (372.8, 372.8), (372.8, 372.8), (372.8, 372.8), (372.8, 372.8), (372.8, 372.8), (372.8, 372.8), (372.8, 372.8), (372.8, 372.8), (372.8, 372.8), (372.8, 372.8), (372.8, 372.8), (372.8, 372.8), (372.8, 372.8), (372.8, 372.8)]",0,1,8.5
novice,bomberman,2,Bomb,7,0,24.24,0.926,"[(48.0, 48.0), (62.9, 51.7), (77.9, 51.7), (98.4, 51.7), (113.3, 57.3), (115.2, 72.3), (115.2, 89.1), (115.2, 107.7), (128.3, 115.2), (143.2, 115.2), (165.6, 115.2), (180.5, 124.5), (180.5, 139.5), (180.5, 160.0), (184.3, 176.8), (193.6, 180.5), (193.6, 180.5), (193.6, 180.5), (193.6, 180.5), (193.6, 180.5), (193.6, 180.5), (193.6, 180.5), (193.6, 180.5), (193.6, 180.5), (193.6, 180.5), (193.6, 180.5), (193.6, 180.5), (193.6, 180.5), (193.6, 180.5), (193.6, 180.5), (193.6, 180.5), (193.6, 180.5), (193.6, 180.5), (193.6, 180.5), (202.9, 180.5), (217.9, 180.5), (232.8, 180.5), (244.0, 193.6), (244.0, 208.5), (244.0, 230.9), (253.3, 244.0), (268.3, 244.0), (288.8, 244.0), (303.7, 249.6), (307.5, 264.5), (307.5, 281.3), (307.5, 300.0), (322.4, 307.5), (337.3, 307.5), (357.9, 307.5), (372.8, 316.8), (372.8, 331.7), (372.8, 346.7), (372.8, 361.6), (372.8, 372.8), (372.8, 372.8), (372.8, 372.8), (372.8, 372.8), (372.8, 372.8), (372.8, 372.8), (372.8, 372.8), (372.8, 372.8), (372.8, 372.8), (372.8, 372.8), (372.8, 372.8), (372.8, 372.8), (372.8, 372.8), (372.8, 372.8), (372.8, 372.8), (372.8, 372.8), (372.8, 372.8), (372.8, 372.8), (372.8, 372.8), (372.8, 372.8), (372.8, 372.8), (372.8, 372.8), (372.8, 372.8), (372.8, 372.8), (372.8, 372.8), (372.8, 372.8), (372.8, 372.8), (372.8, 372.8), (372.8, 372.8), (372.8, 372.8), (372.8, 372.8), (372.8, 372.8), (372.8, 372.8), (372.8, 372.8), (372.8, 372.8), (372.8, 372.8), (372.8, 372.8), (372.8, 372.8), (372.8, 372.8), (372.8, 372.8)]",0,1,12.4
novice,bomberman,2,Bomb,6,0,34.48,0.926,"[(48.0, 48.0), (62.9, 51.7), (77.9, 51.7), (98.4, 51.7), (113.3, 57.3), (115.2, 72.3), (115.2, 89.1), (115.2, 107.7), (128.3, 115.2), (143.2, 115.2), (165.6, 115.2), (180.5, 124.5), (180.5, 139.5), (180.5, 160.0), (184.3, 176.8), (199.2, 180.5), (217.9, 180.5), (236.5, 182.4), (244.0, 197.3), (244.0, 212.3), (244.0, 227.2), (249.6, 242.1), (264.5, 244.0), (283.2, 244.0), (300.0, 245.9), (307.5, 260.8), (307.5, 275.7), (307.5, 296.3), (318.7, 307.5), (333.6, 307.5), (354.1, 307.5), (369.1, 313.1), (372.8, 328.0), (372.8, 342.9), (372.8, 357.9), (372.8, 372.8), (372.8, 372.8), (372.8, 372.8), (372.8, 372.8), (372.8, 372.8), (372.8, 372.8), (372.8, 372.8), (372.8, 372.8), (372.8, 372.8), (372.8, 372.8), (372.8, 372.8), (372.8, 372.8), (372.8, 372.8), (372.8, 372.8), (372.8, 372.8), (372.8, 372.8), (372.8, 372.8), (372.8, 372.8), (372.8, 372.8), (372.8, 372.8), (372.8, 372.8), (372.8, 372.8), (372.8, 372.8), (372.8, 372.8), (372.8, 372.8), (372.8, 372.8), (372.8, 372.8), (372.8, 372.8), (372.8, 372.8)]",0,1,8.5
novice,bomberman,2,Bomb,6,0,35.6,0.926,"[(48.0, 48.0), (62.9, 51.7), (77.9, 51.7), (98.4, 51.7), (113.3, 57.3), (115.2, 72.3), (115.2, 89.1), (115.2, 107.7), (128.3, 115.2), (143.2, 115.2), (165.6, 115.2), (180.5, 124.5), (180.5, 139.5), (180.5, 160.0), (184.3, 176.8), (199.2, 180.5), (214.1, 180.5), (229.1, 180.5), (244.0, 189.9), (244.0, 204.8), (244.0, 219.7), (244.0, 234.7), (257.1, 244.0), (272.0, 244.0), (286.9, 244.0), (301.9, 247.7), (307.5, 262.7), (307.5, 277.6), (307.5, 298.1), (320.5, 307.5), (335.5, 307.5), (356.0, 307.5), (370.9, 314.9), (372.8, 329.9), (372.8, 344.8), (372.8, 359.7), (372.8, 372.8), (372.8, 372.8), (372.8, 372.8), (372.8, 372.8), (372.8, 372.8), (372.8, 372.8), (372.8, 372.8), (372.8, 372.8), (372.8, 372.8), (372.8, 372.8), (372.8, 372.8), (372.8, 372.8), (372.8, 372.8), (372.8, 372.8), (372.8, 372.8), (372.8, 372.8), (372.8, 372.8), (372.8, 372.8), (372.8, 372.8), (372.8, 372.8), (372.8, 372.8), (372.8, 372.8), (372.8, 372.8), (372.8, 372.8), (372.8, 372.8), (372.8, 372.8), (372.8, 372.8), (372.8, 372.8), (372.8, 372.8)]",0,1,8.6
novice,bomberman,2,Bomb,6,0,35.6,0.926,"[(48.0, 48.0), (62.9, 51.7), (77.9, 51.7), (98.4, 51.7), (113.3, 57.3), (115.2, 72.3), (115.2, 89.1), (115.2, 107.7), (128.3, 115.2), (143.2, 115.2), (165.6, 115.2), (180.5, 124.5), (180.5, 139.5), (180.5, 160.0), (184.3, 176.8), (199.2, 180.5), (214.1, 180.5), (229.1, 180.5), (244.0, 189.9), (244.0, 204.8), (244.0, 219.7), (244.0, 234.7), (257.1, 244.0), (272.0, 244.0), (286.9, 244.0), (301.9, 247.7), (307.5, 262.7), (307.5, 277.6), (307.5, 298.1), (320.5, 307.5), (335.5, 307.5), (356.0, 307.5), (370.9, 314.9), (372.8, 329.9), (372.8, 344.8), (372.8, 359.7), (372.8, 372.8), (372.8, 372.8), (372.8, 372.8), (372.8, 372.8), (372.8, 372.8), (372.8, 372.8), (372.8, 372.8), (372.8, 372.8), (372.8, 372.8), (372.8, 372.8), (372.8, 372.8), (372.8, 372.8), (372.8, 372.8), (372.8, 372.8), (372.8, 372.8), (372.8, 372.8), (372.8, 372.8), (372.8, 372.8), (372.8, 372.8), (372.8, 372.8), (372.8, 372.8), (372.8, 372.8), (372.8, 372.8), (372.8, 372.8), (372.8, 372.8), (372.8, 372.8), (372.8, 372.8), (372.8, 372.8), (372.8, 372.8)]",0,1,8.6
novice,bomberman,2,Bomb,6,0,34.48,0.926,"[(48.0, 48.0), (62.9, 51.7), (77.9, 51.7), (98.4, 51.7), (113.3, 57.3), (115.2, 72.3), (115.2, 89.1), (115.2, 107.7), (128.3, 115.2), (143.2, 115.2), (165.6, 115.2), (180.5, 124.5), (180.5, 139.5), (180.5, 160.0), (184.3, 176.8), (199.2, 180.5), (217.9, 180.5), (236.5, 182.4), (244.0, 197.3), (244.0, 212.3), (244.0, 227.2), (249.6, 242.1), (264.5, 244.0), (283.2, 244.0), (300.0, 245.9), (307.5, 260.8), (307.5, 275.7), (307.5, 296.3), (318.7, 307.5), (333.6, 307.5), (354.1, 307.5), (369.1, 313.1), (372.8, 328.0), (372.8, 342.9), (372.8, 357.9), (372.8, 372.8), (372.8, 372.8), (372.8, 372.8), (372.8, 372.8), (372.8, 372.8), (372.8, 372.8), (372.8, 372.8), (372.8, 372.8), (372.8, 372.8), (372.8, 372.8), (372.8, 372.8), (372.8, 372.8), (372.8, 372.8), (372.8, 372.8), (372.8, 372.8), (372.8, 372.8), (372.8, 372.8), (372.8, 372.8), (372.8, 372.8), (372.8, 372.8), (372.8, 372.8), (372.8, 372.8), (372.8, 372.8), (372.8, 372.8), (372.8, 372.8), (372.8, 372.8), (372.8, 372.8), (372.8, 372.8), (372.8, 372.8)]",0,1,8.5
novice,bomberman,2,Bomb,7,0,24.24,0.926,"[(48.0, 48.0), (62.9, 51.7), (77.9, 51.7), (98.4, 51.7), (113.3, 57.3), (115.2, 72.3), (115.2, 89.1), (115.2, 107.7), (128.3, 115.2), (143.2, 115.2), (165.6, 115.2), (180.5, 124.5), (180.5, 139.5), (180.5, 160.0), (184.3, 176.8), (193.6, 180.5), (193.6, 180.5), (193.6, 180.5), (193.6, 180.5), (193.6, 180.5), (193.6, 180.5), (193.6, 180.5), (193.6, 180.5), (193.6, 180.5), (193.6, 180.5), (193.6, 180.5), (193.6, 180.5), (193.6, 180.5), (193.6, 180.5), (193.6, 180.5), (193.6, 180.5), (193.6, 180.5), (193.6, 180.5), (193.6, 180.5), (202.9, 180.5), (217.9, 180.5), (232.8, 180.5), (244.0, 193.6), (244.0, 208.5), (244.0, 230.9), (253.3, 244.0), (268.3, 244.0), (288.8, 244.0), (303.7, 249.6), (307.5, 264.5), (307.5, 281.3), (307.5, 300.0), (322.4, 307.5), (337.3, 307.5), (357.9, 307.5), (372.8, 316.8), (372.8, 331.7), (372.8, 346.7), (372.8, 361.6), (372.8, 372.8), (372.8, 372.8), (372.8, 372.8), (372.8, 372.8), (372.8, 372.8), (372.8, 372.8), (372.8, 372.8), (372.8, 372.8), (372.8, 372.8), (372.8, 372.8), (372.8, 372.8), (372.8, 372.8), (372.8, 372.8), (372.8, 372.8), (372.8, 372.8), (372.8, 372.8), (372.8, 372.8), (372.8, 372.8), (372.8, 372.8), (372.8, 372.8), (372.8, 372.8), (372.8, 372.8), (372.8, 372.8), (372.8, 372.8), (372.8, 372.8), (372.8, 372.8), (372.8, 372.8), (372.8, 372.8), (372.8, 372.8), (372.8, 372.8), (372.8, 372.8), (372.8, 372.8), (372.8, 372.8), (372.8, 372.8), (372.8, 372.8), (372.8, 372.8), (372.8, 372.8), (372.8, 372.8), (372.8, 372.8), (372.8, 372.8)]",0,1,12.4
novice,bomberman,2,Bomb,6,0,35.36,0.926,"[(48.0, 48.0), (62.9, 51.7), (77.9, 51.7), (98.4, 51.7), (113.3, 57.3), (115.2, 72.3), (115.2, 89.1), (115.2, 107.7), (128.3, 115.2), (143.2, 115.2), (165.6, 115.2), (180.5, 124.5), (180.5, 139.5), (180.5, 160.0), (184.3, 176.8), (199.2, 180.5), (214.1, 180.5), (229.1, 180.5), (244.0, 189.9), (244.0, 204.8), (244.0, 227.2), (249.6, 242.1), (264.5, 244.0), (283.2, 244.0), (300.0, 245.9), (307.5, 260.8), (307.5, 275.7), (307.5, 296.3), (318.7, 307.5), (333.6, 307.5), (354.1, 307.5), (369.1, 313.1), (372.8, 328.0), (372.8, 342.9), (372.8, 357.9), (372.8, 372.8), (372.8, 372.8), (372.8, 372.8), (372.8, 372.8), (372.8, 372.8), (372.8, 372.8), (372.8, 372.8), (372.8, 372.8), (372.8, 372.8), (372.8, 372.8), (372.8, 372.8), (372.8, 372.8), (372.8, 372.8), (372.8, 372.8), (372.8, 372.8), (372.8, 372.8), (372.8, 372.8), (372.8, 372.8), (372.8, 372.8), (372.8, 372.8), (372.8, 372.8), (372.8, 372.8), (372.8, 372.8), (372.8, 372.8), (372.8, 372.8), (372.8, 372.8), (372.8, 372.8), (372.8, 372.8), (372.8, 372.8)]",0,1,8.5
novice,bomberman,2,Bomb,7,0,18.78,0.926,"[(48.0, 48.0), (62.9, 51.7), (77.9, 51.7), (98.4, 51.7), (113.3, 57.3), (115.2, 72.3), (115.2, 89.1), (115.2, 107.7), (128.3, 115.2), (143.2, 115.2), (161.9, 115.2), (161.9, 109.6), (161.9, 109.6), (161.9, 109.6), (161.9, 109.6), (161.9, 109.6), (161.9, 109.6), (161.9, 109.6), (161.9, 109.6), (161.9, 109.6), (161.9, 109.6), (161.9, 109.6), (161.9, 109.6), (161.9, 109.6), (161.9, 109.6), (161.9, 109.6), (161.9, 109.6), (161.9, 115.2), (161.9, 115.2), (161.9, 115.2), (161.9, 115.2), (161.9, 115.2), (161.9, 115.2), (161.9, 115.2), (161.9, 111.5), (161.9, 109.6), (161.9, 109.6), (161.9, 109.6), (161.9, 109.6), (161.9, 109.6), (161.9, 109.6), (161.9, 109.6), (161.9, 109.6), (161.9, 109.6), (161.9, 109.6), (161.9, 109.6), (161.9, 109.6), (161.9, 109.6), (161.9, 109.6), (161.9, 109.6), (161.9, 109.6), (161.9, 109.6), (161.9, 109.6), (161.9, 109.6), (161.9, 109.6), (161.9, 109.6), (161.9, 109.6), (173.1, 117.1), (180.5, 132.0), (180.5, 146.9), (180.5, 169.3), (191.7, 180.5), (206.7, 180.5), (221.6, 180.5), (236.5, 182.4), (244.0, 197.3), (244.0, 212.3), (244.0, 227.2), (249.6, 242.1), (264.5, 244.0), (283.2, 244.0), (300.0, 245.9), (307.5, 260.8), (307.5, 275.7), (307.5, 296.3), (318.7, 307.5), (333.6, 307.5), (354.1, 307.5), (369.1, 313.1), (372.8, 328.0), (372.8, 342.9), (372.8, 357.9), (372.8, 372.8), (372.8, 372.8), (372.8, 372.8), (372.8, 372.8), (372.8, 372.8), (372.8, 372.8), (372.8, 372.8), (372.8, 372.8), (372.8, 372.8), (372.8, 372.8), (372.8, 372.8), (372.8, 372.8), (372.8, 372.8), (372.8, 372.8), (372.8, 372.8), (372.8, 372.8), (372.8, 372.8), (372.8, 372.8), (372.8, 372.8), (372.8, 372.8), (372.8, 372.8), (372.8, 372.8), (372.8, 372.8), (372.8, 372.8), (372.8, 372.8), (372.8, 372.8), (372.8, 372.8), (372.8, 372.8), (372.8, 372.8), (372.8, 372.8), (372.8, 372.8), (372.8, 372.8), (372.8, 372.8), (372.8, 372.8), (372.8, 372.8), (372.8, 372.8), (372.8, 372.8), (372.8, 372.8), (372.8, 372.8)]",0,1,16.0
novice,bomberman,2,Bomb,8,0,18.33,0.926,"[(48.0, 48.0), (62.9, 51.7), (77.9, 51.7), (98.4, 51.7), (113.3, 57.3), (115.2, 72.3), (115.2, 89.1), (115.2, 107.7), (128.3, 115.2), (132.0, 115.2), (128.3, 115.2), (128.3, 115.2), (132.0, 115.2), (128.3, 115.2), (128.3, 115.2), (132.0, 115.2), (128.3, 115.2), (128.3, 115.2), (132.0, 115.2), (128.3, 115.2), (128.3, 115.2), (132.0, 115.2), (128.3, 115.2), (128.3, 115.2), (132.0, 115.2), (128.3, 115.2), (128.3, 115.2), (132.0, 115.2), (135.7, 115.2), (154.4, 115.2), (173.1, 117.1), (180.5, 132.0), (180.5, 146.9), (180.5, 169.3), (191.7, 180.5), (193.6, 180.5), (193.6, 180.5), (193.6, 180.5), (193.6, 180.5), (193.6, 180.5), (193.6, 180.5), (193.6, 180.5), (193.6, 180.5), (193.6, 180.5), (193.6, 180.5), (193.6, 180.5), (193.6, 180.5), (193.6, 180.5), (193.6, 180.5), (193.6, 180.5), (193.6, 180.5), (193.6, 180.5), (193.6, 180.5), (193.6, 180.5), (193.6, 180.5), (193.6, 180.5), (193.6, 180.5), (193.6, 180.5), (202.9, 180.5), (217.9, 180.5), (232.8, 180.5), (244.0, 193.6), (244.0, 208.5), (244.0, 230.9), (253.3, 244.0), (262.7, 240.3), (279.5, 244.0), (298.1, 244.0), (307.5, 258.9), (307.5, 273.9), (307.5, 294.4), (316.8, 307.5), (331.7, 307.5), (352.3, 307.5), (367.2, 311.2), (372.8, 326.1), (372.8, 341.1), (372.8, 356.0), (372.8, 370.9), (372.8, 372.8), (372.8, 372.8), (372.8, 372.8), (372.8, 372.8), (372.8, 372.8), (372.8, 372.8), (372.8, 372.8), (372.8, 372.8), (372.8, 372.8), (372.8, 372.8), (372.8, 372.8), (372.8, 372.8), (372.8, 372.8), (372.8, 372.8), (372.8, 372.8), (372.8, 372.8), (372.8, 372.8), (372.8, 372.8), (372.8, 372.8), (372.8, 372.8), (372.8, 372.8), (372.8, 372.8), (372.8, 372.8), (372.8, 372.8), (372.8, 372.8), (372.8, 372.8), (372.8, 372.8), (372.8, 372.8), (372.8, 372.8), (372.8, 372.8), (372.8, 372.8), (372.8, 372.8), (372.8, 372.8), (372.8, 372.8), (372.8, 372.8), (372.8, 372.8), (372.8, 372.8), (372.8, 372.8), (372.8, 372.8), (372.8, 372.8), (372.8, 372.8), (372.8, 372.8), (372.8, 372.8), (372.8, 372.8), (372.8, 372.8)]",0,1,16.4
novice,bomberman,2,Bomb,5,0,24.01,0.926,"[(48.0, 48.0), (62.9, 51.7), (77.9, 51.7), (98.4, 51.7), (113.3, 57.3), (115.2, 72.3), (115.2, 89.1), (115.2, 107.7), (124.5, 115.2), (115.2, 117.1), (115.2, 132.0), (115.2, 146.9), (115.2, 169.3), (126.4, 180.5), (141.3, 180.5), (156.3, 180.5), (171.2, 180.5), (180.5, 195.5), (180.5, 210.4), (180.5, 232.8), (191.7, 244.0), (206.7, 244.0), (229.1, 244.0), (244.0, 253.3), (244.0, 268.3), (244.0, 288.8), (247.7, 303.7), (262.7, 307.5), (279.5, 307.5), (298.1, 307.5), (307.5, 322.4), (307.5, 337.3), (307.5, 357.9), (314.9, 372.8), (329.9, 372.8), (344.8, 372.8), (359.7, 372.8), (372.8, 372.8), (372.8, 372.8), (372.8, 372.8), (372.8, 372.8), (372.8, 372.8), (372.8, 372.8), (372.8, 372.8), (372.8, 372.8), (372.8, 372.8), (372.8, 372.8), (372.8, 372.8), (372.8, 372.8), (372.8, 372.8), (372.8, 372.8), (372.8, 372.8), (372.8, 372.8), (372.8, 372.8), (372.8, 372.8), (372.8, 372.8), (372.8, 372.8), (372.8, 372.8), (372.8, 372.8), (372.8, 372.8), (372.8, 372.8), (372.8, 372.8), (372.8, 372.8), (372.8, 372.8), (372.8, 372.8), (372.8, 372.8), (372.8, 372.8), (372.8, 372.8), (372.8, 372.8), (372.8, 372.8), (372.8, 372.8), (372.8, 372.8), (372.8, 372.8), (372.8, 372.8), (372.8, 372.8), (372.8, 372.8), (372.8, 372.8), (372.8, 372.8), (372.8, 372.8), (372.8, 372.8), (372.8, 372.8), (372.8, 372.8), (372.8, 372.8), (372.8, 372.8), (372.8, 372.8), (372.8, 372.8), (372.8, 372.8), (372.8, 372.8), (372.8, 372.8), (372.8, 372.8), (372.8, 372.8), (372.8, 372.8), (372.8, 372.8), (372.8, 372.8), (372.8, 372.8), (372.8, 372.8)]",0,1,12.75
novice,bomberman,2,Bomb,5,0,32.56,0.926,"[(48.0, 48.0), (62.9, 51.7), (77.9, 51.7), (98.4, 51.7), (113.3, 57.3), (115.2, 72.3), (115.2, 89.1), (115.2, 107.7), (128.3, 115.2), (143.2, 115.2), (165.6, 115.2), (180.5, 124.5), (180.5, 139.5), (180.5, 160.0), (184.3, 176.8), (199.2, 180.5), (217.9, 180.5), (236.5, 182.4), (244.0, 197.3), (244.0, 212.3), (244.0, 227.2), (249.6, 242.1), (264.5, 244.0), (283.2, 244.0), (300.0, 245.9), (307.5, 260.8), (307.5, 275.7), (307.5, 296.3), (318.7, 307.5), (333.6, 307.5), (354.1, 307.5), (369.1, 313.1), (372.8, 328.0), (372.8, 342.9), (372.8, 357.9), (372.8, 372.8), (372.8, 372.8), (372.8, 372.8), (372.8, 372.8), (372.8, 372.8), (372.8, 372.8), (372.8, 372.8), (372.8, 372.8), (372.8, 372.8), (372.8, 372.8), (372.8, 372.8), (372.8, 372.8), (372.8, 372.8), (372.8, 372.8), (372.8, 372.8), (372.8, 372.8), (372.8, 372.8), (372.8, 372.8), (372.8, 372.8), (372.8, 372.8), (372.8, 372.8), (372.8, 372.8), (372.8, 372.8), (372.8, 372.8), (372.8, 372.8), (372.8, 372.8), (372.8, 372.8), (372.8, 372.8), (372.8, 372.8), (372.8, 372.8), (372.8, 372.8), (372.8, 372.8), (372.8, 372.8)]",0,1,9.0
novice,bomberman,2,Bomb,7,0,35.15,0.926,"[(48.0, 48.0), (62.9, 51.7), (77.9, 51.7), (98.4, 51.7), (113.3, 57.3), (115.2, 72.3), (115.2, 89.1), (115.2, 107.7), (128.3, 115.2), (143.2, 115.2), (165.6, 115.2), (180.5, 124.5), (180.5, 139.5), (180.5, 160.0), (184.3, 176.8), (199.2, 180.5), (214.1, 180.5), (229.1, 180.5), (244.0, 189.9), (244.0, 204.8), (244.0, 219.7), (244.0, 234.7), (257.1, 244.0), (272.0, 244.0), (292.5, 244.0), (307.5, 253.3), (307.5, 268.3), (307.5, 288.8), (311.2, 303.7), (326.1, 307.5), (342.9, 307.5), (361.6, 307.5), (372.8, 320.5), (372.8, 335.5), (372.8, 350.4), (372.8, 365.3), (372.8, 372.8), (372.8, 372.8), (372.8, 372.8), (372.8, 372.8), (372.8, 372.8), (372.8, 372.8), (372.8, 372.8), (372.8, 372.8), (372.8, 372.8), (372.8, 372.8), (372.8, 372.8), (372.8, 372.8), (372.8, 372.8), (372.8, 372.8), (372.8, 372.8), (372.8, 372.8), (372.8, 372.8), (372.8, 372.8), (372.8, 372.8), (372.8, 372.8), (372.8, 372.8), (372.8, 372.8), (372.8, 372.8), (372.8, 372.8), (372.8, 372.8), (372.8, 372.8), (372.8, 372.8), (372.8, 372.8), (372.8, 372.8)]",0,1,8.55
novice,bomberman,2,Bomb,12,0,25.35,0.926,"[(48.0, 48.0), (62.9, 51.7), (77.9, 51.7), (98.4, 51.7), (113.3, 57.3), (115.2, 72.3), (115.2, 89.1), (115.2, 107.7), (115.2, 122.7), (115.2, 137.6), (115.2, 156.3), (117.1, 174.9), (132.0, 180.5), (132.0, 180.5), (132.0, 180.5), (132.0, 180.5), (132.0, 180.5), (132.0, 180.5), (132.0, 180.5), (132.0, 180.5), (132.0, 180.5), (132.0, 180.5), (132.0, 180.5), (132.0, 180.5), (132.0, 180.5), (132.0, 180.5), (132.0, 180.5), (132.0, 180.5), (130.1, 180.5), (130.1, 180.5), (126.4, 180.5), (130.1, 180.5), (133.9, 180.5), (148.8, 180.5), (163.7, 180.5), (178.7, 188.0), (180.5, 202.9), (180.5, 217.9), (180.5, 232.8), (191.7, 244.0), (206.7, 244.0), (221.6, 244.0), (236.5, 245.9), (244.0, 260.8), (244.0, 275.7), (244.0, 296.3), (255.2, 307.5), (270.1, 300.0), (290.7, 300.0), (305.6, 314.9), (307.5, 329.9), (307.5, 348.5), (307.5, 365.3), (322.4, 370.9), (337.3, 365.3), (357.9, 369.1), (372.8, 372.8), (372.8, 372.8), (372.8, 372.8), (372.8, 372.8), (372.8, 372.8), (372.8, 372.8), (372.8, 372.8), (372.8, 372.8), (372.8, 372.8), (372.8, 372.8), (372.8, 372.8), (372.8, 372.8), (372.8, 372.8), (372.8, 372.8), (372.8, 372.8), (372.8, 372.8), (372.8, 372.8), (372.8, 372.8), (372.8, 372.8), (372.8, 372.8), (372.8, 372.8), (372.8, 372.8), (372.8, 372.8), (372.8, 372.8), (372.8, 372.8), (372.8, 372.8), (372.8, 372.8), (372.8, 372.8), (372.8, 372.8), (372.8, 372.8), (372.8, 372.8), (372.8, 372.8), (372.8, 372.8), (372.8, 372.8), (372.8, 372.8), (372.8, 372.8)]",0,1,12.15
novice,bomberman,2,Bomb,12,0,25.35,0.926,"[(48.0, 48.0), (62.9, 51.7), (77.9, 51.7), (98.4, 51.7), (113.3, 57.3), (115.2, 72.3), (115.2, 89.1), (115.2, 107.7), (115.2, 122.7), (115.2, 137.6), (115.2, 156.3), (117.1, 174.9), (132.0, 180.5), (132.0, 180.5), (132.0, 180.5), (132.0, 180.5), (132.0, 180.5), (132.0, 180.5), (132.0, 180.5), (132.0, 180.5), (132.0, 180.5), (132.0, 180.5), (132.0, 180.5), (132.0, 180.5), (132.0, 180.5), (132.0, 180.5), (132.0, 180.5), (132.0, 180.5), (130.1, 180.5), (130.1, 180.5), (126.4, 180.5), (130.1, 180.5), (133.9, 180.5), (148.8, 180.5), (163.7, 180.5), (178.7, 188.0), (180.5, 202.9), (180.5, 217.9), (180.5, 232.8), (191.7, 244.0), (206.7, 244.0), (221.6, 244.0), (236.5, 245.9), (244.0, 260.8), (244.0, 275.7), (244.0, 296.3), (255.2, 307.5), (270.1, 300.0), (290.7, 300.0), (305.6, 314.9), (307.5, 329.9), (307.5, 348.5), (307.5, 365.3), (322.4, 370.9), (337.3, 365.3), (357.9, 369.1), (372.8, 372.8), (372.8, 372.8), (372.8, 372.8), (372.8, 372.8), (372.8, 372.8), (372.8, 372.8), (372.8, 372.8), (372.8, 372.8), (372.8, 372.8), (372.8, 372.8), (372.8, 372.8), (372.8, 372.8), (372.8, 372.8), (372.8, 372.8), (372.8, 372.8), (372.8, 372.8), (372.8, 372.8), (372.8, 372.8), (372.8, 372.8), (372.8, 372.8), (372.8, 372.8), (372.8, 372.8), (372.8, 372.8), (372.8, 372.8), (372.8, 372.8), (372.8, 372.8), (372.8, 372.8), (372.8, 372.8), (372.8, 372.8), (372.8, 372.8), (372.8, 372.8), (372.8, 372.8), (372.8, 372.8), (372.8, 372.8), (372.8, 372.8), (372.8, 372.8)]",0,1,12.15
novice,bomberman,2,Bomb,7,0,35.15,0.926,"[(48.0, 48.0), (62.9, 51.7), (77.9, 51.7), (98.4, 51.7), (113.3, 57.3), (115.2, 72.3), (115.2, 89.1), (115.2, 107.7), (128.3, 115.2), (143.2, 115.2), (165.6, 115.2), (180.5, 124.5), (180.5, 139.5), (180.5, 160.0), (184.3, 176.8), (199.2, 180.5), (214.1, 180.5), (229.1, 180.5), (244.0, 189.9), (244.0, 204.8), (244.0, 219.7), (244.0, 234.7), (257.1, 244.0), (272.0, 244.0), (292.5, 244.0), (307.5, 253.3), (307.5, 268.3), (307.5, 288.8), (311.2, 303.7), (326.1, 307.5), (342.9, 307.5), (361.6, 307.5), (372.8, 320.5), (372.8, 335.5), (372.8, 350.4), (372.8, 365.3), (372.8, 372.8), (372.8, 372.8), (372.8, 372.8), (372.8, 372.8), (372.8, 372.8), (372.8, 372.8), (372.8, 372.8), (372.8, 372.8), (372.8, 372.8), (372.8, 372.8), (372.8, 372.8), (372.8, 372.8), (372.8, 372.8), (372.8, 372.8), (372.8, 372.8), (372.8, 372.8), (372.8, 372.8), (372.8, 372.8), (372.8, 372.8), (372.8, 372.8), (372.8, 372.8), (372.8, 372.8), (372.8, 372.8), (372.8, 372.8), (372.8, 372.8), (372.8, 372.8), (372.8, 372.8), (372.8, 372.8), (372.8, 372.8)]",0,1,8.55
novice,bomberman,2,Bomb,5,0,32.56,0.926,"[(48.0, 48.0), (62.9, 51.7), (77.9, 51.7), (98.4, 51.7), (113.3, 57.3), (115.2, 72.3), (115.2, 89.1), (115.2, 107.7), (128.3, 115.2), (143.2, 115.2), (165.6, 115.2), (180.5, 124.5), (180.5, 139.5), (180.5, 160.0), (184.3, 176.8), (199.2, 180.5), (217.9, 180.5), (236.5, 182.4), (244.0, 197.3), (244.0, 212.3), (244.0, 227.2), (249.6, 242.1), (264.5, 244.0), (283.2, 244.0), (300.0, 245.9), (307.5, 260.8), (307.5, 275.7), (307.5, 296.3), (318.7, 307.5), (333.6, 307.5), (354.1, 307.5), (369.1, 313.1), (372.8, 328.0), (372.8, 342.9), (372.8, 357.9), (372.8, 372.8), (372.8, 372.8), (372.8, 372.8), (372.8, 372.8), (372.8, 372.8), (372.8, 372.8), (372.8, 372.8), (372.8, 372.8), (372.8, 372.8), (372.8, 372.8), (372.8, 372.8), (372.8, 372.8), (372.8, 372.8), (372.8, 372.8), (372.8, 372.8), (372.8, 372.8), (372.8, 372.8), (372.8, 372.8), (372.8, 372.8), (372.8, 372.8), (372.8, 372.8), (372.8, 372.8), (372.8, 372.8), (372.8, 372.8), (372.8, 372.8), (372.8, 372.8), (372.8, 372.8), (372.8, 372.8), (372.8, 372.8), (372.8, 372.8), (372.8, 372.8), (372.8, 372.8), (372.8, 372.8)]",0,1,9.0
novice,bomberman,2,Bomb,5,0,24.01,0.926,"[(48.0, 48.0), (62.9, 51.7), (77.9, 51.7), (98.4, 51.7), (113.3, 57.3), (115.2, 72.3), (115.2, 89.1), (115.2, 107.7), (124.5, 115.2), (115.2, 117.1), (115.2, 132.0), (115.2, 146.9), (115.2, 169.3), (126.4, 180.5), (141.3, 180.5), (156.3, 180.5), (171.2, 180.5), (180.5, 195.5), (180.5, 210.4), (180.5, 232.8), (191.7, 244.0), (206.7, 244.0), (229.1, 244.0), (244.0, 253.3), (244.0, 268.3), (244.0, 288.8), (247.7, 303.7), (262.7, 307.5), (279.5, 307.5), (298.1, 307.5), (307.5, 322.4), (307.5, 337.3), (307.5, 357.9), (314.9, 372.8), (329.9, 372.8), (344.8, 372.8), (359.7, 372.8), (372.8, 372.8), (372.8, 372.8), (372.8, 372.8), (372.8, 372.8), (372.8, 372.8), (372.8, 372.8), (372.8, 372.8), (372.8, 372.8), (372.8, 372.8), (372.8, 372.8), (372.8, 372.8), (372.8, 372.8), (372.8, 372.8), (372.8, 372.8), (372.8, 372.8), (372.8, 372.8), (372.8, 372.8), (372.8, 372.8), (372.8, 372.8), (372.8, 372.8), (372.8, 372.8), (372.8, 372.8), (372.8, 372.8), (372.8, 372.8), (372.8, 372.8), (372.8, 372.8), (372.8, 372.8), (372.8, 372.8), (372.8, 372.8), (372.8, 372.8), (372.8, 372.8), (372.8, 372.8), (372.8, 372.8), (372.8, 372.8), (372.8, 372.8), (372.8, 372.8), (372.8, 372.8), (372.8, 372.8), (372.8, 372.8), (372.8, 372.8), (372.8, 372.8), (372.8, 372.8), (372.8, 372.8), (372.8, 372.8), (372.8, 372.8), (372.8, 372.8), (372.8, 372.8), (372.8, 372.8), (372.8, 372.8), (372.8, 372.8), (372.8, 372.8), (372.8, 372.8), (372.8, 372.8), (372.8, 372.8), (372.8, 372.8), (372.8, 372.8), (372.8, 372.8), (372.8, 372.8), (372.8, 372.8)]",0,1,12.75
novice,bomberman,2,Stuck,5,0,29.11,0.741,"[(48.0, 48.0), (62.9, 51.7), (77.9, 51.7), (98.4, 51.7), (113.3, 57.3), (115.2, 72.3), (115.2, 89.1), (115.2, 107.7), (128.3, 115.2), (143.2, 115.2), (165.6, 115.2), (180.5, 124.5), (180.5, 139.5), (180.5, 154.4), (180.5, 169.3), (191.7, 180.5), (206.7, 180.5), (229.1, 180.5), (244.0, 189.9), (244.0, 204.8), (244.0, 219.7), (244.0, 234.7), (257.1, 244.0), (272.0, 244.0), (292.5, 244.0), (307.5, 253.3), (307.5, 268.3), (307.5, 288.8), (311.2, 303.7), (326.1, 307.5), (342.9, 307.5), (361.6, 307.5), (372.8, 320.5), (372.8, 335.5), (372.8, 350.4), (372.8, 365.3), (372.8, 372.8), (372.8, 372.8), (372.8, 372.8), (372.8, 372.8), (372.8, 372.8), (372.8, 372.8), (372.8, 372.8), (372.8, 372.8), (372.8, 372.8), (372.8, 372.8), (372.8, 372.8), (372.8, 372.8), (372.8, 372.8), (372.8, 372.8), (372.8, 372.8), (372.8, 372.8), (372.8, 372.8), (372.8, 372.8), (372.8, 372.8), (372.8, 372.8), (372.8, 372.8), (372.8, 372.8), (372.8, 372.8), (372.8, 372.8), (372.8, 372.8), (372.8, 372.8), (372.8, 372.8), (372.8, 372.8), (372.8, 372.8), (372.8, 372.8), (372.8, 372.8), (372.8, 372.8), (372.8, 372.8), (372.8, 372.8), (372.8, 372.8), (372.8, 372.8), (372.8, 372.8), (372.8, 372.8), (372.8, 372.8), (372.8, 372.8)]",0,0,10.07
novice,bomberman,2,Bomb,4,0,28.73,0.926,"[(48.0, 48.0), (62.9, 51.7), (77.9, 51.7), (98.4, 51.7), (113.3, 57.3), (115.2, 72.3), (115.2, 89.1), (115.2, 107.7), (128.3, 115.2), (143.2, 115.2), (165.6, 115.2), (180.5, 124.5), (180.5, 139.5), (180.5, 160.0), (184.3, 176.8), (199.2, 180.5), (217.9, 180.5), (236.5, 182.4), (244.0, 197.3), (244.0, 212.3), (244.0, 234.7), (257.1, 244.0), (272.0, 244.0), (292.5, 244.0), (307.5, 253.3), (307.5, 268.3), (307.5, 288.8), (311.2, 303.7), (318.7, 307.5), (320.5, 307.5), (324.3, 307.5), (320.5, 307.5), (320.5, 307.5), (324.3, 307.5), (320.5, 307.5), (320.5, 307.5), (324.3, 307.5), (320.5, 307.5), (320.5, 307.5), (324.3, 307.5), (320.5, 307.5), (320.5, 307.5), (335.5, 307.5), (356.0, 307.5), (370.9, 314.9), (372.8, 329.9), (372.8, 344.8), (372.8, 359.7), (372.8, 372.8), (372.8, 372.8), (372.8, 372.8), (372.8, 372.8), (372.8, 372.8), (372.8, 372.8), (372.8, 372.8), (372.8, 372.8), (372.8, 372.8), (372.8, 372.8), (372.8, 372.8), (372.8, 372.8), (372.8, 372.8), (372.8, 372.8), (372.8, 372.8), (372.8, 372.8), (372.8, 372.8), (372.8, 372.8), (372.8, 372.8), (372.8, 372.8), (372.8, 372.8), (372.8, 372.8), (372.8, 372.8), (372.8, 372.8), (372.8, 372.8), (372.8, 372.8), (372.8, 372.8), (372.8, 372.8), (372.8, 372.8)]",0,1,10.2
novice,bomberman,2,Stuck,4,0,29.11,0.741,"[(48.0, 48.0), (62.9, 51.7), (77.9, 51.7), (98.4, 51.7), (113.3, 57.3), (115.2, 72.3), (115.2, 89.1), (115.2, 107.7), (128.3, 115.2), (143.2, 115.2), (165.6, 115.2), (180.5, 124.5), (180.5, 139.5), (180.5, 160.0), (184.3, 176.8), (199.2, 180.5), (217.9, 180.5), (236.5, 182.4), (244.0, 197.3), (244.0, 212.3), (244.0, 234.7), (257.1, 244.0), (272.0, 244.0), (292.5, 244.0), (307.5, 253.3), (307.5, 268.3), (307.5, 288.8), (311.2, 303.7), (326.1, 307.5), (342.9, 307.5), (361.6, 307.5), (372.8, 320.5), (372.8, 335.5), (372.8, 350.4), (372.8, 365.3), (372.8, 372.8), (372.8, 372.8), (372.8, 372.8), (372.8, 372.8), (372.8, 372.8), (372.8, 372.8), (372.8, 372.8), (372.8, 372.8), (372.8, 372.8), (372.8, 372.8), (372.8, 372.8), (372.8, 372.8), (372.8, 372.8), (372.8, 372.8), (372.8, 372.8), (372.8, 372.8), (372.8, 372.8), (372.8, 372.8), (372.8, 372.8), (372.8, 372.8), (372.8, 372.8), (372.8, 372.8), (372.8, 372.8), (372.8, 372.8), (372.8, 372.8), (372.8, 372.8), (372.8, 372.8), (372.8, 372.8), (372.8, 372.8), (372.8, 372.8), (372.8, 372.8), (372.8, 372.8), (372.8, 372.8), (372.8, 372.8), (372.8, 372.8), (372.8, 372.8), (372.8, 372.8), (372.8, 372.8), (372.8, 372.8), (372.8, 372.8), (372.8, 372.8)]",0,0,10.07
novice,bomberman,2,Bomb,32,0,14.81,0.926,"[(48.0, 48.0), (62.9, 51.7), (77.9, 51.7), (98.4, 51.7), (113.3, 57.3), (115.2, 72.3), (115.2, 87.2), (115.2, 102.1), (122.7, 115.2), (126.4, 115.2), (130.1, 115.2), (130.1, 115.2), (126.4, 115.2), (130.1, 115.2), (130.1, 115.2), (126.4, 115.2), (130.1, 115.2), (130.1, 115.2), (126.4, 115.2), (130.1, 115.2), (130.1, 115.2), (126.4, 115.2), (130.1, 115.2), (130.1, 115.2), (126.4, 115.2), (130.1, 115.2), (130.1, 115.2), (126.4, 115.2), (128.3, 115.2), (126.4, 115.2), (122.7, 115.2), (126.4, 115.2), (141.3, 115.2), (163.7, 115.2), (178.7, 122.7), (180.5, 130.1), (180.5, 130.1), (180.5, 130.1), (180.5, 130.1), (180.5, 130.1), (180.5, 130.1), (180.5, 130.1), (180.5, 130.1), (180.5, 130.1), (180.5, 130.1), (180.5, 130.1), (180.5, 130.1), (180.5, 130.1), (180.5, 130.1), (180.5, 130.1), (180.5, 130.1), (180.5, 130.1), (180.5, 130.1), (180.5, 130.1), (180.5, 130.1), (180.5, 130.1), (180.5, 130.1), (180.5, 130.1), (180.5, 139.5), (180.5, 154.4), (180.5, 169.3), (191.7, 180.5), (201.1, 180.5), (216.0, 180.5), (230.9, 180.5), (244.0, 191.7), (244.0, 206.7), (244.0, 221.6), (244.0, 236.5), (258.9, 244.0), (257.1, 244.0), (257.1, 244.0), (260.8, 244.0), (257.1, 244.0), (257.1, 244.0), (260.8, 244.0), (257.1, 244.0), (257.1, 244.0), (260.8, 244.0), (257.1, 244.0), (257.1, 244.0), (260.8, 244.0), (257.1, 244.0), (257.1, 244.0), (260.8, 244.0), (257.1, 244.0), (257.1, 244.0), (260.8, 244.0), (264.5, 244.0), (283.2, 244.0), (300.0, 245.9), (307.5, 260.8), (307.5, 275.7), (307.5, 296.3), (318.7, 307.5), (333.6, 307.5), (354.1, 307.5), (369.1, 313.1), (372.8, 328.0), (372.8, 342.9), (372.8, 357.9), (372.8, 372.8), (372.8, 372.8), (372.8, 372.8), (372.8, 372.8), (372.8, 372.8), (372.8, 372.8), (372.8, 372.8), (372.8, 372.8), (372.8, 372.8), (372.8, 372.8), (372.8, 372.8), (372.8, 372.8), (372.8, 372.8), (372.8, 372.8), (372.8, 372.8), (372.8, 372.8), (372.8, 372.8), (372.8, 372.8), (372.8, 372.8), (372.8, 372.8), (372.8, 372.8), (372.8, 372.8), (372.8, 372.8), (372.8, 372.8), (372.8, 372.8), (372.8, 372.8), (372.8, 372.8), (372.8, 372.8), (372.8, 372.8), (372.8, 372.8), (372.8, 372.8), (372.8, 372.8), (372.8, 372.8), (372.8, 372.8), (372.8, 372.8), (372.8, 372.8), (372.8, 372.8), (372.8, 372.8), (372.8, 372.8), (372.8, 372.8), (372.8, 372.8), (372.8, 372.8), (372.8, 372.8), (372.8, 372.8), (372.8, 372.8), (372.8, 372.8), (372.8, 372.8), (372.8, 372.8), (372.8, 372.8), (372.8, 372.8), (372.8, 372.8), (372.8, 372.8), (372.8, 372.8), (372.8, 372.8)]",0,1,20.55
novice,bomberman,2,Bomb,6,0,33.49,0.926,"[(48.0, 48.0), (62.9, 51.7), (77.9, 51.7), (98.4, 51.7), (113.3, 57.3), (115.2, 72.3), (115.2, 89.1), (115.2, 107.7), (128.3, 115.2), (143.2, 115.2), (165.6, 115.2), (180.5, 124.5), (180.5, 139.5), (180.5, 154.4), (180.5, 169.3), (191.7, 180.5), (206.7, 180.5), (229.1, 180.5), (244.0, 189.9), (244.0, 204.8), (244.0, 219.7), (244.0, 234.7), (257.1, 244.0), (272.0, 244.0), (292.5, 244.0), (307.5, 253.3), (307.5, 268.3), (307.5, 288.8), (311.2, 303.7), (326.1, 307.5), (342.9, 307.5), (361.6, 307.5), (372.8, 320.5), (372.8, 335.5), (372.8, 350.4), (372.8, 365.3), (372.8, 372.8), (372.8, 372.8), (372.8, 372.8), (372.8, 372.8), (372.8, 372.8), (372.8, 372.8), (372.8, 372.8), (372.8, 372.8), (372.8, 372.8), (372.8, 372.8), (372.8, 372.8), (372.8, 372.8), (372.8, 372.8), (372.8, 372.8), (372.8, 372.8), (372.8, 372.8), (372.8, 372.8), (372.8, 372.8), (372.8, 372.8), (372.8, 372.8), (372.8, 372.8), (372.8, 372.8), (372.8, 372.8), (372.8, 372.8), (372.8, 372.8), (372.8, 372.8), (372.8, 372.8), (372.8, 372.8), (372.8, 372.8), (372.8, 372.8)]",0,1,8.75
novice,bomberman,2,Bomb,5,0,24.42,0.926,"[(48.0, 48.0), (62.9, 51.7), (77.9, 51.7), (98.4, 51.7), (113.3, 57.3), (115.2, 72.3), (115.2, 89.1), (115.2, 107.7), (128.3, 115.2), (143.2, 115.2), (165.6, 115.2), (180.5, 124.5), (180.5, 139.5), (180.5, 154.4), (180.5, 169.3), (191.7, 180.5), (206.7, 180.5), (229.1, 180.5), (244.0, 189.9), (244.0, 204.8), (244.0, 219.7), (244.0, 234.7), (257.1, 244.0), (272.0, 244.0), (292.5, 244.0), (307.5, 253.3), (307.5, 268.3), (307.5, 288.8), (311.2, 303.7), (326.1, 307.5), (342.9, 307.5), (361.6, 307.5), (372.8, 320.5), (372.8, 335.5), (372.8, 350.4), (372.8, 365.3), (372.8, 372.8), (372.8, 372.8), (372.8, 372.8), (372.8, 372.8), (372.8, 372.8), (372.8, 372.8), (372.8, 372.8), (372.8, 372.8), (372.8, 372.8), (372.8, 372.8), (372.8, 372.8), (372.8, 372.8), (372.8, 372.8), (372.8, 372.8), (372.8, 372.8), (372.8, 372.8), (372.8, 372.8), (372.8, 372.8), (372.8, 372.8), (372.8, 372.8), (372.8, 372.8), (372.8, 372.8), (372.8, 372.8), (372.8, 372.8), (372.8, 372.8), (372.8, 372.8), (372.8, 372.8), (372.8, 372.8), (372.8, 372.8), (372.8, 372.8), (372.8, 372.8), (372.8, 372.8), (372.8, 372.8), (372.8, 372.8), (372.8, 372.8), (372.8, 372.8), (372.8, 372.8), (372.8, 372.8), (372.8, 372.8), (372.8, 372.8), (372.8, 372.8), (372.8, 372.8), (372.8, 372.8), (372.8, 372.8), (372.8, 372.8), (372.8, 372.8), (372.8, 372.8), (372.8, 372.8), (372.8, 372.8), (372.8, 372.8), (372.8, 372.8), (372.8, 372.8), (372.8, 372.8), (372.8, 372.8), (372.8, 372.8)]",0,1,12.0
novice,bomberman,2,Bomb,5,0,24.42,0.926,"[(48.0, 48.0), (62.9, 51.7), (77.9, 51.7), (98.4, 51.7), (113.3, 57.3), (115.2, 72.3), (115.2, 89.1), (115.2, 107.7), (128.3, 115.2), (143.2, 115.2), (165.6, 115.2), (180.5, 124.5), (180.5, 139.5), (180.5, 154.4), (180.5, 169.3), (191.7, 180.5), (206.7, 180.5), (229.1, 180.5), (244.0, 189.9), (244.0, 204.8), (244.0, 219.7), (244.0, 234.7), (257.1, 244.0), (272.0, 244.0), (292.5, 244.0), (307.5, 253.3), (307.5, 268.3), (307.5, 288.8), (311.2, 303.7), (326.1, 307.5), (342.9, 307.5), (361.6, 307.5), (372.8, 320.5), (372.8, 335.5), (372.8, 350.4), (372.8, 365.3), (372.8, 372.8), (372.8, 372.8), (372.8, 372.8), (372.8, 372.8), (372.8, 372.8), (372.8, 372.8), (372.8, 372.8), (372.8, 372.8), (372.8, 372.8), (372.8, 372.8), (372.8, 372.8), (372.8, 372.8), (372.8, 372.8), (372.8, 372.8), (372.8, 372.8), (372.8, 372.8), (372.8, 372.8), (372.8, 372.8), (372.8, 372.8), (372.8, 372.8), (372.8, 372.8), (372.8, 372.8), (372.8, 372.8), (372.8, 372.8), (372.8, 372.8), (372.8, 372.8), (372.8, 372.8), (372.8, 372.8), (372.8, 372.8), (372.8, 372.8), (372.8, 372.8), (372.8, 372.8), (372.8, 372.8), (372.8, 372.8), (372.8, 372.8), (372.8, 372.8), (372.8, 372.8), (372.8, 372.8), (372.8, 372.8), (372.8, 372.8), (372.8, 372.8), (372.8, 372.8), (372.8, 372.8), (372.8, 372.8), (372.8, 372.8), (372.8, 372.8), (372.8, 372.8), (372.8, 372.8), (372.8, 372.8), (372.8, 372.8), (372.8, 372.8), (372.8, 372.8), (372.8, 372.8), (372.8, 372.8), (372.8, 372.8)]",0,1,12.0
novice,bomberman,2,Bomb,6,0,33.49,0.926,"[(48.0, 48.0), (62.9, 51.7), (77.9, 51.7), (98.4, 51.7), (113.3, 57.3), (115.2, 72.3), (115.2, 89.1), (115.2, 107.7), (128.3, 115.2), (143.2, 115.2), (165.6, 115.2), (180.5, 124.5), (180.5, 139.5), (180.5, 154.4), (180.5, 169.3), (191.7, 180.5), (206.7, 180.5), (229.1, 180.5), (244.0, 189.9), (244.0, 204.8), (244.0, 219.7), (244.0, 234.7), (257.1, 244.0), (272.0, 244.0), (292.5, 244.0), (307.5, 253.3), (307.5, 268.3), (307.5, 288.8), (311.2, 303.7), (326.1, 307.5), (342.9, 307.5), (361.6, 307.5), (372.8, 320.5), (372.8, 335.5), (372.8, 350.4), (372.8, 365.3), (372.8, 372.8), (372.8, 372.8), (372.8, 372.8), (372.8, 372.8), (372.8, 372.8), (372.8, 372.8), (372.8, 372.8), (372.8, 372.8), (372.8, 372.8), (372.8, 372.8), (372.8, 372.8), (372.8, 372.8), (372.8, 372.8), (372.8, 372.8), (372.8, 372.8), (372.8, 372.8), (372.8, 372.8), (372.8, 372.8), (372.8, 372.8), (372.8, 372.8), (372.8, 372.8), (372.8, 372.8), (372.8, 372.8), (372.8, 372.8), (372.8, 372.8), (372.8, 372.8), (372.8, 372.8), (372.8, 372.8), (372.8, 372.8), (372.8, 372.8)]",0,1,8.75
novice,bomberman,2,Bomb,32,0,14.81,0.926,"[(48.0, 48.0), (62.9, 51.7), (77.9, 51.7), (98.4, 51.7), (113.3, 57.3), (115.2, 72.3), (115.2, 87.2), (115.2, 102.1), (122.7, 115.2), (126.4, 115.2), (130.1, 115.2), (130.1, 115.2), (126.4, 115.2), (130.1, 115.2), (130.1, 115.2), (126.4, 115.2), (130.1, 115.2), (130.1, 115.2), (126.4, 115.2), (130.1, 115.2), (130.1, 115.2), (126.4, 115.2), (130.1, 115.2), (130.1, 115.2), (126.4, 115.2), (130.1, 115.2), (130.1, 115.2), (126.4, 115.2), (128.3, 115.2), (126.4, 115.2), (122.7, 115.2), (126.4, 115.2), (141.3, 115.2), (163.7, 115.2), (178.7, 122.7), (180.5, 130.1), (180.5, 130.1), (180.5, 130.1), (180.5, 130.1), (180.5, 130.1), (180.5, 130.1), (180.5, 130.1), (180.5, 130.1), (180.5, 130.1), (180.5, 130.1), (180.5, 130.1), (180.5, 130.1), (180.5, 130.1), (180.5, 130.1), (180.5, 130.1), (180.5, 130.1), (180.5, 130.1), (180.5, 130.1), (180.5, 130.1), (180.5, 130.1), (180.5, 130.1), (180.5, 130.1), (180.5, 130.1), (180.5, 139.5), (180.5, 154.4), (180.5, 169.3), (191.7, 180.5), (201.1, 180.5), (216.0, 180.5), (230.9, 180.5), (244.0, 191.7), (244.0, 206.7), (244.0, 221.6), (244.0, 236.5), (258.9, 244.0), (257.1, 244.0), (257.1, 244.0), (260.8, 244.0), (257.1, 244.0), (257.1, 244.0), (260.8, 244.0), (257.1, 244.0), (257.1, 244.0), (260.8, 244.0), (257.1, 244.0), (257.1, 244.0), (260.8, 244.0), (257.1, 244.0), (257.1, 244.0), (260.8, 244.0), (257.1, 244.0), (257.1, 244.0), (260.8, 244.0), (264.5, 244.0), (283.2, 244.0), (300.0, 245.9), (307.5, 260.8), (307.5, 275.7), (307.5, 296.3), (318.7, 307.5), (333.6, 307.5), (354.1, 307.5), (369.1, 313.1), (372.8, 328.0), (372.8, 342.9), (372.8, 357.9), (372.8, 372.8), (372.8, 372.8), (372.8, 372.8), (372.8, 372.8), (372.8, 372.8), (372.8, 372.8), (372.8, 372.8), (372.8, 372.8), (372.8, 372.8), (372.8, 372.8), (372.8, 372.8), (372.8, 372.8), (372.8, 372.8), (372.8, 372.8), (372.8, 372.8), (372.8, 372.8), (372.8, 372.8), (372.8, 372.8), (372.8, 372.8), (372.8, 372.8), (372.8, 372.8), (372.8, 372.8), (372.8, 372.8), (372.8, 372.8), (372.8, 372.8), (372.8, 372.8), (372.8, 372.8), (372.8, 372.8), (372.8, 372.8), (372.8, 372.8), (372.8, 372.8), (372.8, 372.8), (372.8, 372.8), (372.8, 372.8), (372.8, 372.8), (372.8, 372.8), (372.8, 372.8), (372.8, 372.8), (372.8, 372.8), (372.8, 372.8), (372.8, 372.8), (372.8, 372.8), (372.8, 372.8), (372.8, 372.8), (372.8, 372.8), (372.8, 372.8), (372.8, 372.8), (372.8, 372.8), (372.8, 372.8), (372.8, 372.8), (372.8, 372.8), (372.8, 372.8), (372.8, 372.8), (372.8, 372.8)]",0,1,20.55
novice,bomberman,2,Bomb,4,0,28.73,0.926,"[(48.0, 48.0), (62.9, 51.7), (77.9, 51.7), (98.4, 51.7), (113.3, 57.3), (115.2, 72.3), (115.2, 89.1), (115.2, 107.7), (128.3, 115.2), (143.2, 115.2), (165.6, 115.2), (180.5, 124.5), (180.5, 139.5), (180.5, 160.0), (184.3, 176.8), (199.2, 180.5), (217.9, 180.5), (236.5, 182.4), (244.0, 197.3), (244.0, 212.3), (244.0, 234.7), (257.1, 244.0), (272.0, 244.0), (292.5, 244.0), (307.5, 253.3), (307.5, 268.3), (307.5, 288.8), (311.2, 303.7), (318.7, 307.5), (320.5, 307.5), (324.3, 307.5), (320.5, 307.5), (320.5, 307.5), (324.3, 307.5), (320.5, 307.5), (320.5, 307.5), (324.3, 307.5), (320.5, 307.5), (320.5, 307.5), (324.3, 307.5), (320.5, 307.5), (320.5, 307.5), (335.5, 307.5), (356.0, 307.5), (370.9, 314.9), (372.8, 329.9), (372.8, 344.8), (372.8, 359.7), (372.8, 372.8), (372.8, 372.8), (372.8, 372.8), (372.8, 372.8), (372.8, 372.8), (372.8, 372.8), (372.8, 372.8), (372.8, 372.8), (372.8, 372.8), (372.8, 372.8), (372.8, 372.8), (372.8, 372.8), (372.8, 372.8), (372.8, 372.8), (372.8, 372.8), (372.8, 372.8), (372.8, 372.8), (372.8, 372.8), (372.8, 372.8), (372.8, 372.8), (372.8, 372.8), (372.8, 372.8), (372.8, 372.8), (372.8, 372.8), (372.8, 372.8), (372.8, 372.8), (372.8, 372.8), (372.8, 372.8), (372.8, 372.8)]",0,1,10.2
novice,bomberman,2,Bomb,31,0,25.36,0.926,"[(48.0, 48.0), (62.9, 51.7), (77.9, 51.7), (98.4, 51.7), (113.3, 57.3), (115.2, 72.3), (115.2, 89.1), (109.6, 107.7), (96.5, 115.2), (94.7, 115.2), (98.4, 115.2), (98.4, 115.2), (94.7, 115.2), (98.4, 115.2), (98.4, 115.2), (94.7, 115.2), (98.4, 115.2), (98.4, 115.2), (94.7, 115.2), (98.4, 115.2), (98.4, 115.2), (94.7, 115.2), (98.4, 115.2), (98.4, 115.2), (94.7, 115.2), (98.4, 115.2), (98.4, 115.2), (105.9, 115.2), (115.2, 128.3), (115.2, 143.2), (115.2, 165.6), (122.7, 180.5), (137.6, 180.5), (152.5, 180.5), (167.5, 180.5), (180.5, 191.7), (180.5, 206.7), (180.5, 229.1), (188.0, 244.0), (202.9, 244.0), (225.3, 244.0), (240.3, 249.6), (244.0, 264.5), (244.0, 281.3), (244.0, 300.0), (258.9, 307.5), (273.9, 307.5), (294.4, 307.5), (307.5, 318.7), (307.5, 333.6), (307.5, 354.1), (311.2, 369.1), (326.1, 372.8), (341.1, 372.8), (356.0, 372.8), (370.9, 372.8), (372.8, 372.8), (372.8, 372.8), (372.8, 372.8), (372.8, 372.8), (372.8, 372.8), (372.8, 372.8), (372.8, 372.8), (372.8, 372.8), (372.8, 372.8), (372.8, 372.8), (372.8, 372.8), (372.8, 372.8), (372.8, 372.8), (372.8, 372.8), (372.8, 372.8), (372.8, 372.8), (372.8, 372.8), (372.8, 372.8), (372.8, 372.8), (372.8, 372.8), (372.8, 372.8), (372.8, 372.8), (372.8, 372.8), (372.8, 372.8), (372.8, 372.8), (372.8, 372.8), (372.8, 372.8), (372.8, 372.8), (372.8, 372.8), (372.8, 372.8), (372.8, 372.8), (372.8, 372.8), (372.8, 372.8), (372.8, 372.8), (372.8, 372.8)]",0,1,12.0
novice,bomberman,2,Bomb,28,0,25.04,0.926,"[(48.0, 48.0), (62.9, 51.7), (77.9, 51.7), (98.4, 51.7), (113.3, 57.3), (115.2, 72.3), (115.2, 89.1), (115.2, 107.7), (128.3, 115.2), (143.2, 115.2), (165.6, 115.2), (180.5, 124.5), (180.5, 126.4), (180.5, 126.4), (180.5, 128.3), (180.5, 128.3), (180.5, 130.1), (180.5, 124.5), (180.5, 132.0), (180.5, 122.7), (180.5, 128.3), (180.5, 120.8), (180.5, 124.5), (180.5, 122.7), (180.5, 122.7), (180.5, 124.5), (180.5, 124.5), (180.5, 132.0), (180.5, 128.3), (180.5, 128.3), (180.5, 132.0), (180.5, 146.9), (180.5, 169.3), (191.7, 180.5), (206.7, 180.5), (221.6, 180.5), (236.5, 182.4), (244.0, 197.3), (244.0, 212.3), (244.0, 227.2), (249.6, 242.1), (264.5, 244.0), (283.2, 244.0), (300.0, 245.9), (307.5, 260.8), (307.5, 275.7), (307.5, 296.3), (318.7, 307.5), (333.6, 307.5), (354.1, 307.5), (369.1, 313.1), (372.8, 328.0), (372.8, 342.9), (372.8, 357.9), (372.8, 372.8), (372.8, 372.8), (372.8, 372.8), (372.8, 372.8), (372.8, 372.8), (372.8, 372.8), (372.8, 372.8), (372.8, 372.8), (372.8, 372.8), (372.8, 372.8), (372.8, 372.8), (372.8, 372.8), (372.8, 372.8), (372.8, 372.8), (372.8, 372.8), (372.8, 372.8), (372.8, 372.8), (372.8, 372.8), (372.8, 372.8), (372.8, 372.8), (372.8, 372.8), (372.8, 372.8), (372.8, 372.8), (372.8, 372.8), (372.8, 372.8), (372.8, 372.8), (372.8, 372.8), (372.8, 372.8), (372.8, 372.8), (372.8, 372.8), (372.8, 372.8), (372.8, 372.8), (372.8, 372.8), (372.8, 372.8), (372.8, 372.8), (372.8, 372.8), (372.8, 372.8)]",0,1,12.0
novice,bomberman,2,Bomb,4,0,18.32,0.926,"[(48.0, 48.0), (62.9, 51.7), (77.9, 51.7), (98.4, 51.7), (113.3, 57.3), (115.2, 72.3), (115.2, 89.1), (115.2, 107.7), (128.3, 115.2), (143.2, 115.2), (161.9, 115.2), (161.9, 115.2), (161.9, 115.2), (161.9, 115.2), (161.9, 115.2), (161.9, 115.2), (161.9, 115.2), (161.9, 115.2), (161.9, 115.2), (161.9, 115.2), (161.9, 115.2), (161.9, 115.2), (161.9, 115.2), (161.9, 115.2), (161.9, 115.2), (161.9, 115.2), (161.9, 115.2), (161.9, 115.2), (161.9, 115.2), (161.9, 115.2), (161.9, 115.2), (161.9, 115.2), (161.9, 115.2), (161.9, 115.2), (161.9, 115.2), (161.9, 115.2), (161.9, 115.2), (161.9, 115.2), (161.9, 115.2), (161.9, 115.2), (161.9, 115.2), (161.9, 115.2), (161.9, 115.2), (161.9, 115.2), (161.9, 115.2), (161.9, 115.2), (161.9, 115.2), (161.9, 115.2), (161.9, 115.2), (161.9, 115.2), (161.9, 115.2), (161.9, 115.2), (161.9, 115.2), (161.9, 115.2), (161.9, 115.2), (161.9, 115.2), (161.9, 115.2), (173.1, 117.1), (180.5, 132.0), (180.5, 146.9), (180.5, 169.3), (191.7, 180.5), (206.7, 180.5), (229.1, 180.5), (244.0, 189.9), (244.0, 204.8), (244.0, 227.2), (249.6, 242.1), (264.5, 244.0), (283.2, 244.0), (300.0, 245.9), (307.5, 260.8), (307.5, 275.7), (307.5, 296.3), (318.7, 307.5), (333.6, 307.5), (354.1, 307.5), (369.1, 313.1), (372.8, 328.0), (372.8, 342.9), (372.8, 357.9), (372.8, 372.8), (372.8, 372.8), (372.8, 372.8), (372.8, 372.8), (372.8, 372.8), (372.8, 372.8), (372.8, 372.8), (372.8, 372.8), (372.8, 372.8), (372.8, 372.8), (372.8, 372.8), (372.8, 372.8), (372.8, 372.8), (372.8, 372.8), (372.8, 372.8), (372.8, 372.8), (372.8, 372.8), (372.8, 372.8), (372.8, 372.8), (372.8, 372.8), (372.8, 372.8), (372.8, 372.8), (372.8, 372.8), (372.8, 372.8), (372.8, 372.8), (372.8, 372.8), (372.8, 372.8), (372.8, 372.8), (372.8, 372.8), (372.8, 372.8), (372.8, 372.8), (372.8, 372.8), (372.8, 372.8), (372.8, 372.8), (372.8, 372.8), (372.8, 372.8), (372.8, 372.8), (372.8, 372.8), (372.8, 372.8), (372.8, 372.8)]",0,1,16.0
novice,bomberman,2,Bomb,6,0,24.12,0.926,"[(48.0, 48.0), (62.9, 51.7), (77.9, 51.7), (98.4, 51.7), (113.3, 57.3), (115.2, 72.3), (115.2, 89.1), (115.2, 107.7), (128.3, 115.2), (143.2, 115.2), (165.6, 115.2), (180.5, 124.5), (180.5, 139.5), (180.5, 160.0), (184.3, 176.8), (199.2, 180.5), (217.9, 180.5), (236.5, 182.4), (244.0, 197.3), (244.0, 212.3), (244.0, 227.2), (249.6, 242.1), (264.5, 244.0), (283.2, 244.0), (300.0, 245.9), (307.5, 260.8), (307.5, 275.7), (307.5, 296.3), (318.7, 307.5), (322.4, 307.5), (318.7, 307.5), (322.4, 307.5), (326.1, 307.5), (342.9, 307.5), (361.6, 307.5), (372.8, 320.5), (372.8, 335.5), (372.8, 350.4), (372.8, 365.3), (372.8, 372.8), (372.8, 372.8), (372.8, 372.8), (372.8, 372.8), (372.8, 372.8), (372.8, 372.8), (372.8, 372.8), (372.8, 372.8), (372.8, 372.8), (372.8, 372.8), (372.8, 372.8), (372.8, 372.8), (372.8, 372.8), (372.8, 372.8), (372.8, 372.8), (372.8, 372.8), (372.8, 372.8), (372.8, 372.8), (372.8, 372.8), (372.8, 372.8), (372.8, 372.8), (372.8, 372.8), (372.8, 372.8), (372.8, 372.8), (372.8, 372.8), (372.8, 372.8), (372.8, 372.8), (372.8, 372.8), (372.8, 372.8), (372.8, 372.8), (372.8, 372.8), (372.8, 372.8), (372.8, 372.8), (372.8, 372.8), (372.8, 372.8), (372.8, 372.8), (372.8, 372.8), (372.8, 372.8), (372.8, 372.8), (372.8, 372.8), (372.8, 372.8), (372.8, 372.8), (372.8, 372.8), (372.8, 372.8), (372.8, 372.8), (372.8, 372.8), (372.8, 372.8), (372.8, 372.8), (372.8, 372.8), (372.8, 372.8), (372.8, 372.8), (372.8, 372.8), (372.8, 372.8)]",0,1,12.15
novice,bomberman,2,Bomb,4,0,34.68,0.926,"[(48.0, 48.0), (62.9, 51.7), (77.9, 51.7), (98.4, 51.7), (113.3, 57.3), (115.2, 72.3), (115.2, 89.1), (115.2, 107.7), (128.3, 115.2), (143.2, 115.2), (165.6, 115.2), (180.5, 124.5), (180.5, 139.5), (180.5, 160.0), (184.3, 176.8), (199.2, 180.5), (217.9, 180.5), (236.5, 182.4), (244.0, 197.3), (244.0, 212.3), (244.0, 234.7), (257.1, 244.0), (272.0, 244.0), (292.5, 244.0), (307.5, 253.3), (307.5, 268.3), (307.5, 288.8), (311.2, 303.7), (326.1, 307.5), (342.9, 307.5), (361.6, 307.5), (372.8, 320.5), (372.8, 335.5), (372.8, 350.4), (372.8, 365.3), (372.8, 372.8), (372.8, 372.8), (372.8, 372.8), (372.8, 372.8), (372.8, 372.8), (372.8, 372.8), (372.8, 372.8), (372.8, 372.8), (372.8, 372.8), (372.8, 372.8), (372.8, 372.8), (372.8, 372.8), (372.8, 372.8), (372.8, 372.8), (372.8, 372.8), (372.8, 372.8), (372.8, 372.8), (372.8, 372.8), (372.8, 372.8), (372.8, 372.8), (372.8, 372.8), (372.8, 372.8), (372.8, 372.8), (372.8, 372.8), (372.8, 372.8), (372.8, 372.8), (372.8, 372.8), (372.8, 372.8), (372.8, 372.8)]",0,1,8.45
novice,bomberman,2,Bomb,5,0,24.42,0.926,"[(48.0, 48.0), (62.9, 51.7), (77.9, 51.7), (98.4, 51.7), (113.3, 57.3), (115.2, 72.3), (115.2, 89.1), (115.2, 107.7), (128.3, 115.2), (143.2, 115.2), (165.6, 115.2), (180.5, 124.5), (180.5, 139.5), (180.5, 154.4), (180.5, 169.3), (191.7, 180.5), (206.7, 180.5), (229.1, 180.5), (244.0, 189.9), (244.0, 204.8), (244.0, 227.2), (249.6, 242.1), (264.5, 244.0), (283.2, 244.0), (300.0, 245.9), (307.5, 260.8), (307.5, 275.7), (307.5, 296.3), (318.7, 307.5), (333.6, 307.5), (354.1, 307.5), (369.1, 313.1), (372.8, 328.0), (372.8, 342.9), (372.8, 357.9), (372.8, 372.8), (372.8, 372.8), (372.8, 372.8), (372.8, 372.8), (372.8, 372.8), (372.8, 372.8), (372.8, 372.8), (372.8, 372.8), (372.8, 372.8), (372.8, 372.8), (372.8, 372.8), (372.8, 372.8), (372.8, 372.8), (372.8, 372.8), (372.8, 372.8), (372.8, 372.8), (372.8, 372.8), (372.8, 372.8), (372.8, 372.8), (372.8, 372.8), (372.8, 372.8), (372.8, 372.8), (372.8, 372.8), (372.8, 372.8), (372.8, 372.8), (372.8, 372.8), (372.8, 372.8), (372.8, 372.8), (372.8, 372.8), (372.8, 372.8), (372.8, 372.8), (372.8, 372.8), (372.8, 372.8), (372.8, 372.8), (372.8, 372.8), (372.8, 372.8), (372.8, 372.8), (372.8, 372.8), (372.8, 372.8), (372.8, 372.8), (372.8, 372.8), (372.8, 372.8), (372.8, 372.8), (372.8, 372.8), (372.8, 372.8), (372.8, 372.8), (372.8, 372.8), (372.8, 372.8), (372.8, 372.8), (372.8, 372.8), (372.8, 372.8), (372.8, 372.8), (372.8, 372.8), (372.8, 372.8), (372.8, 372.8), (372.8, 372.8)]",0,1,12.0
