persona,game,world,cause_of_death,jump_count,coins_collected,avg_vx,progress_ratio,route,enemies_killed,elapsed_time
speedrunner,meatboy,8,Stuck,1,0,56.98,0.896,"[(329.0, 749.0), (367.1, 755.3), (446.2, 755.0), (526.2, 755.9), (606.2, 755.3), (631.0, 755.0), (631.0, 755.9), (631.0, 755.3), (631.0, 755.0), (631.0, 755.9), (631.0, 755.3), (631.0, 755.0), (631.0, 755.9), (631.0, 755.3), (631.0, 755.0), (631.0, 755.9), (631.0, 755.3), (631.0, 755.0), (631.0, 755.9), (631.0, 755.3), (631.0, 755.0), (631.0, 755.9), (631.0, 755.3), (631.0, 755.0), (631.0, 755.9), (631.0, 755.3), (631.0, 755.0), (631.0, 755.9), (631.0, 755.3), (631.0, 755.0), (631.0, 755.9), (631.0, 755.3), (631.0, 755.0), (631.0, 755.9), (631.0, 755.3), (631.0, 755.0), (631.0, 755.9), (631.0, 755.3), (631.0, 755.0), (631.0, 755.9)]",0,5.22
speedrunner,meatboy,8,Stuck,1,0,59.22,0.896,"[(329.0, 749.0), (301.5, 755.3), (309.0, 755.0), (315.9, 755.9), (322.8, 755.3), (329.7, 755.0), (336.6, 755.9), (343.4, 755.3), (350.3, 755.0), (357.2, 755.9), (364.1, 755.3), (371.0, 755.0), (377.9, 755.9), (384.8, 755.3), (391.7, 755.0), (398.6, 755.9), (405.4, 755.3), (412.3, 755.0), (419.2, 755.9), (426.1, 755.3), (433.0, 755.0), (439.9, 755.9), (446.8, 755.3), (466.8, 755.0), (487.0, 755.9), (504.0, 755.3), (521.1, 755.0), (538.3, 755.9), (555.7, 755.3), (573.1, 755.0), (593.9, 755.9), (614.9, 755.3), (631.0, 755.0), (631.0, 755.9), (631.0, 755.3), (631.0, 755.0), (631.0, 755.9), (631.0, 755.3), (631.0, 755.0)]",0,5.07
speedrunner,meatboy,8,Stuck,0,0,-38.66,0.104,"[(329.0, 749.0), (367.2, 755.3), (365.1, 755.0), (359.1, 755.9), (353.1, 755.3), (347.1, 755.0), (341.1, 755.9), (340.4, 755.3), (337.1, 755.0), (333.7, 755.9), (325.1, 755.3), (306.7, 755.0), (281.6, 755.9), (243.3, 755.3), (213.6, 755.0), (207.1, 755.9), (200.7, 755.3), (194.2, 755.0), (187.8, 755.9), (181.3, 755.3), (174.9, 755.0), (168.4, 755.9), (162.0, 755.3), (155.6, 755.0), (149.1, 755.9), (142.7, 755.3), (136.2, 755.0), (129.8, 755.9), (123.3, 755.3), (116.9, 755.0), (110.4, 755.9), (104.0, 755.3), (95.5, 755.0), (83.1, 755.9), (73.0, 755.3), (73.0, 755.0), (73.0, 755.9), (73.0, 755.3), (73.0, 755.0), (73.0, 755.9), (73.0, 755.3), (73.0, 755.0), (73.0, 755.9), (73.0, 755.3), (73.0, 755.0), (73.0, 755.9), (73.0, 755.3), (73.0, 755.0), (73.0, 755.9), (73.0, 755.3)]",0,6.58
speedrunner,meatboy,8,Stuck,1,0,58.11,0.896,"[(329.0, 749.0), (376.3, 755.3), (456.3, 755.0), (536.3, 755.9), (604.7, 755.3), (627.0, 755.0), (631.0, 755.9), (631.0, 755.3), (631.0, 755.0), (631.0, 755.9), (631.0, 755.3), (631.0, 755.0), (631.0, 755.9), (631.0, 755.3), (631.0, 755.0), (631.0, 755.9), (631.0, 755.3), (631.0, 755.0), (631.0, 755.9), (631.0, 755.3), (631.0, 755.0), (631.0, 755.9), (631.0, 755.3), (631.0, 755.0), (631.0, 755.9), (631.0, 755.3), (631.0, 755.0), (631.0, 755.9), (631.0, 755.3), (631.0, 755.0), (631.0, 755.9), (631.0, 755.3), (631.0, 755.0), (631.0, 755.9), (631.0, 755.3), (631.0, 755.0), (631.0, 755.9), (631.0, 755.3), (631.0, 755.0), (631.0, 755.9)]",0,5.2
speedrunner,meatboy,8,Stuck,1,0,57.18,0.896,"[(329.0, 749.0), (376.3, 755.3), (456.3, 755.0), (536.3, 755.9), (616.3, 755.3), (631.0, 755.0), (631.0, 755.9), (631.0, 755.3), (631.0, 755.0), (631.0, 755.9), (631.0, 755.3), (631.0, 755.0), (631.0, 755.9), (631.0, 755.3), (631.0, 755.0), (631.0, 755.9), (631.0, 755.3), (631.0, 755.0), (631.0, 755.9), (631.0, 755.3), (631.0, 755.0), (631.0, 755.9), (631.0, 755.3), (631.0, 755.0), (631.0, 755.9), (631.0, 755.3), (631.0, 755.0), (631.0, 755.9), (631.0, 755.3), (631.0, 755.0), (631.0, 755.9), (631.0, 755.3), (631.0, 755.0), (631.0, 755.9), (631.0, 755.3), (631.0, 755.0), (631.0, 755.9), (631.0, 755.3), (631.0, 755.0), (631.0, 755.9)]",0,5.2
speedrunner,meatboy,8,Stuck,0,0,58.51,0.896,"[(329.0, 749.0), (288.0, 755.3), (277.0, 755.0), (340.3, 755.9), (420.3, 755.3), (500.3, 755.0), (580.3, 755.9), (631.0, 755.3), (631.0, 755.0), (631.0, 755.9), (631.0, 755.3), (631.0, 755.0), (631.0, 755.9), (631.0, 755.3), (631.0, 755.0), (631.0, 755.9), (631.0, 755.3), (631.0, 755.0), (631.0, 755.9), (631.0, 755.3), (631.0, 755.0), (631.0, 755.9), (631.0, 755.3), (631.0, 755.0), (631.0, 755.9), (631.0, 755.3), (631.0, 755.0), (631.0, 755.9), (631.0, 755.3), (631.0, 755.0), (631.0, 755.9), (631.0, 755.3), (631.0, 755.0), (631.0, 755.9), (631.0, 755.3), (631.0, 755.0), (631.0, 755.9), (631.0, 755.3), (631.0, 755.0)]",0,5.15
speedrunner,meatboy,8,Stuck,1,0,57.18,0.896,"[(329.0, 749.0), (376.3, 755.3), (456.3, 755.0), (536.3, 755.9), (616.3, 755.3), (631.0, 755.0), (631.0, 755.9), (631.0, 755.3), (631.0, 755.0), (631.0, 755.9), (631.0, 755.3), (631.0, 755.0), (631.0, 755.9), (631.0, 755.3), (631.0, 755.0), (631.0, 755.9), (631.0, 755.3), (631.0, 755.0), (631.0, 755.9), (631.0, 755.3), (631.0, 755.0), (631.0, 755.9), (631.0, 755.3), (631.0, 755.0), (631.0, 755.9), (631.0, 755.3), (631.0, 755.0), (631.0, 755.9), (631.0, 755.3), (631.0, 755.0), (631.0, 755.9), (631.0, 755.3), (631.0, 755.0), (631.0, 755.9), (631.0, 755.3), (631.0, 755.0), (631.0, 755.9), (631.0, 755.3), (631.0, 755.0), (631.0, 755.9)]",0,5.2
speedrunner,meatboy,8,Stuck,1,0,57.18,0.896,"[(329.0, 749.0), (376.3, 755.3), (456.3, 755.0), (536.3, 755.9), (616.3, 755.3), (631.0, 713.2), (631.0, 673.9), (631.0, 653.5), (631.0, 651.9), (631.0, 669.2), (631.0, 704.4), (631.0, 744.1), (631.0, 755.9), (631.0, 755.3), (631.0, 755.0), (631.0, 755.9), (631.0, 755.3), (631.0, 755.0), (631.0, 755.9), (631.0, 755.3), (631.0, 755.0), (631.0, 755.9), (631.0, 755.3), (631.0, 755.0), (631.0, 755.9), (631.0, 755.3), (631.0, 755.0), (631.0, 755.9), (631.0, 755.3), (631.0, 755.0), (631.0, 755.9), (631.0, 755.3), (631.0, 755.0), (631.0, 755.9), (631.0, 755.3), (631.0, 755.0), (631.0, 755.9), (631.0, 755.3), (631.0, 755.0), (631.0, 755.9)]",0,5.2
speedrunner,meatboy,8,Stuck,0,0,56.87,0.896,"[(329.0, 749.0), (333.0, 755.3), (396.3, 755.0), (445.0, 755.9), (478.7, 755.3), (553.7, 755.0), (608.0, 755.9), (631.0, 755.3), (631.0, 755.0), (631.0, 755.9), (631.0, 755.3), (631.0, 755.0), (631.0, 755.9), (631.0, 755.3), (631.0, 755.0), (631.0, 755.9), (631.0, 755.3), (631.0, 755.0), (631.0, 755.9), (631.0, 755.3), (631.0, 755.0), (631.0, 755.9), (631.0, 755.3), (631.0, 755.0), (631.0, 755.9), (631.0, 755.3), (631.0, 755.0), (631.0, 755.9), (631.0, 755.3), (631.0, 755.0), (631.0, 755.9), (631.0, 755.3), (631.0, 755.0), (631.0, 755.9), (631.0, 755.3), (631.0, 755.0), (631.0, 755.9), (631.0, 755.3), (631.0, 755.0), (631.0, 755.9)]",0,5.32
speedrunner,meatboy,8,Stuck,0,0,57.18,0.896,"[(329.0, 749.0), (376.3, 755.3), (456.3, 755.0), (536.3, 755.9), (616.3, 755.3), (631.0, 755.0), (631.0, 755.9), (631.0, 755.3), (631.0, 755.0), (631.0, 755.9), (631.0, 755.3), (631.0, 755.0), (631.0, 755.9), (631.0, 755.3), (631.0, 755.0), (631.0, 755.9), (631.0, 755.3), (631.0, 755.0), (631.0, 755.9), (631.0, 755.3), (631.0, 755.0), (631.0, 755.9), (631.0, 755.3), (631.0, 755.0), (631.0, 755.9), (631.0, 755.3), (631.0, 755.0), (631.0, 755.9), (631.0, 755.3), (631.0, 755.0), (631.0, 755.9), (631.0, 755.3), (631.0, 755.0), (631.0, 755.9), (631.0, 755.3), (631.0, 755.0), (631.0, 755.9), (631.0, 755.3), (631.0, 755.0), (631.0, 755.9)]",0,5.2
speedrunner,meatboy,8,Stuck,0,0,58.51,0.896,"[(329.0, 749.0), (288.0, 755.3), (277.0, 755.0), (340.3, 755.9), (420.3, 755.3), (500.3, 755.0), (580.3, 755.9), (631.0, 755.3), (631.0, 755.0), (631.0, 755.9), (631.0, 755.3), (631.0, 755.0), (631.0, 755.9), (631.0, 755.3), (631.0, 755.0), (631.0, 755.9), (631.0, 755.3), (631.0, 755.0), (631.0, 755.9), (631.0, 755.3), (631.0, 755.0), (631.0, 755.9), (631.0, 755.3), (631.0, 755.0), (631.0, 755.9), (631.0, 755.3), (631.0, 755.0), (631.0, 755.9), (631.0, 755.3), (631.0, 755.0), (631.0, 755.9), (631.0, 755.3), (631.0, 755.0), (631.0, 755.9), (631.0, 755.3), (631.0, 755.0), (631.0, 755.9), (631.0, 755.3), (631.0, 755.0)]",0,5.15
speedrunner,meatboy,8,Stuck,0,0,-38.66,0.104,"[(329.0, 749.0), (367.2, 755.3), (365.1, 755.0), (359.1, 755.9), (353.1, 755.3), (347.1, 755.0), (341.1, 755.9), (340.4, 755.3), (337.1, 755.0), (333.7, 755.9), (325.1, 755.3), (306.7, 755.0), (281.6, 755.9), (243.3, 755.3), (213.6, 755.0), (207.1, 755.9), (200.7, 755.3), (194.2, 755.0), (187.8, 755.9), (181.3, 755.3), (174.9, 755.0), (168.4, 755.9), (162.0, 755.3), (155.6, 755.0), (149.1, 755.9), (142.7, 755.3), (136.2, 755.0), (129.8, 755.9), (123.3, 755.3), (116.9, 755.0), (110.4, 755.9), (104.0, 755.3), (95.5, 755.0), (83.1, 755.9), (73.0, 755.3), (73.0, 755.0), (73.0, 755.9), (73.0, 755.3), (73.0, 755.0), (73.0, 755.9), (73.0, 755.3), (73.0, 755.0), (73.0, 755.9), (73.0, 755.3), (73.0, 755.0), (73.0, 755.9), (73.0, 755.3), (73.0, 755.0), (73.0, 755.9), (73.0, 755.3)]",0,6.58
speedrunner,meatboy,8,Stuck,0,0,57.18,0.896,"[(329.0, 749.0), (376.3, 755.3), (456.3, 755.0), (536.3, 755.9), (616.3, 755.3), (631.0, 755.0), (631.0, 755.9), (631.0, 755.3), (631.0, 755.0), (631.0, 755.9), (631.0, 755.3), (631.0, 755.0), (631.0, 755.9), (631.0, 755.3), (631.0, 755.0), (631.0, 755.9), (631.0, 755.3), (631.0, 755.0), (631.0, 755.9), (631.0, 755.3), (631.0, 755.0), (631.0, 755.9), (631.0, 755.3), (631.0, 755.0), (631.0, 755.9), (631.0, 755.3), (631.0, 755.0), (631.0, 755.9), (631.0, 755.3), (631.0, 755.0), (631.0, 755.9), (631.0, 755.3), (631.0, 755.0), (631.0, 755.9), (631.0, 755.3), (631.0, 755.0), (631.0, 755.9), (631.0, 755.3), (631.0, 755.0), (631.0, 755.9)]",0,5.2
speedrunner,meatboy,8,Stuck,0,0,56.87,0.896,"[(329.0, 749.0), (333.0, 755.3), (396.3, 755.0), (445.0, 755.9), (478.7, 755.3), (553.7, 755.0), (608.0, 755.9), (631.0, 755.3), (631.0, 755.0), (631.0, 755.9), (631.0, 755.3), (631.0, 755.0), (631.0, 755.9), (631.0, 755.3), (631.0, 755.0), (631.0, 755.9), (631.0, 755.3), (631.0, 755.0), (631.0, 755.9), (631.0, 755.3), (631.0, 755.0), (631.0, 755.9), (631.0, 755.3), (631.0, 755.0), (631.0, 755.9), (631.0, 755.3), (631.0, 755.0), (631.0, 755.9), (631.0, 755.3), (631.0, 755.0), (631.0, 755.9), (631.0, 755.3), (631.0, 755.0), (631.0, 755.9), (631.0, 755.3), (631.0, 755.0), (631.0, 755.9), (631.0, 755.3), (631.0, 755.0), (631.0, 755.9)]",0,5.32
speedrunner,meatboy,8,Stuck,1,0,57.18,0.896,"[(329.0, 749.0), (376.3, 755.3), (456.3, 755.0), (536.3, 755.9), (616.3, 755.3), (631.0, 755.0), (631.0, 755.9), (631.0, 755.3), (631.0, 755.0), (631.0, 755.9), (631.0, 755.3), (631.0, 755.0), (631.0, 755.9), (631.0, 755.3), (631.0, 755.0), (631.0, 755.9), (631.0, 755.3), (631.0, 755.0), (631.0, 755.9), (631.0, 755.3), (631.0, 755.0), (631.0, 755.9), (631.0, 755.3), (631.0, 755.0), (631.0, 755.9), (631.0, 755.3), (631.0, 755.0), (631.0, 755.9), (631.0, 755.3), (631.0, 755.0), (631.0, 755.9), (631.0, 755.3), (631.0, 755.0), (631.0, 755.9), (631.0, 755.3), (631.0, 755.0), (631.0, 755.9), (631.0, 755.3), (631.0, 755.0), (631.0, 755.9)]",0,5.2
speedrunner,meatboy,8,Stuck,1,0,57.18,0.896,"[(329.0, 749.0), (376.3, 755.3), (456.3, 755.0), (536.3, 755.9), (616.3, 755.3), (631.0, 755.0), (631.0, 755.9), (631.0, 755.3), (631.0, 755.0), (631.0, 755.9), (631.0, 755.3), (631.0, 755.0), (631.0, 755.9), (631.0, 755.3), (631.0, 755.0), (631.0, 755.9), (631.0, 755.3), (631.0, 755.0), (631.0, 755.9), (631.0, 755.3), (631.0, 755.0), (631.0, 755.9), (631.0, 755.3), (631.0, 755.0), (631.0, 755.9), (631.0, 755.3), (631.0, 755.0), (631.0, 755.9), (631.0, 755.3), (631.0, 755.0), (631.0, 755.9), (631.0, 755.3), (631.0, 755.0), (631.0, 755.9), (631.0, 755.3), (631.0, 755.0), (631.0, 755.9), (631.0, 755.3), (631.0, 755.0), (631.0, 755.9)]",0,5.2
speedrunner,meatboy,8,Stuck,0,0,58.51,0.896,"[(329.0, 749.0), (288.0, 755.3), (277.0, 755.0), (340.3, 755.9), (420.3, 755.3), (500.3, 755.0), (580.3, 755.9), (631.0, 755.3), (631.0, 755.0), (631.0, 755.9), (631.0, 755.3), (631.0, 755.0), (631.0, 755.9), (631.0, 755.3), (631.0, 755.0), (631.0, 755.9), (631.0, 755.3), (631.0, 755.0), (631.0, 755.9), (631.0, 755.3), (631.0, 755.0), (631.0, 755.9), (631.0, 755.3), (631.0, 755.0), (631.0, 755.9), (631.0, 755.3), (631.0, 755.0), (631.0, 755.9), (631.0, 755.3), (631.0, 755.0), (631.0, 755.9), (631.0, 755.3), (631.0, 755.0), (631.0, 755.9), (631.0, 755.3), (631.0, 755.0), (631.0, 755.9), (631.0, 755.3), (631.0, 755.0)]",0,5.15
speedrunner,meatboy,8,Stuck,0,0,10.28,0.557,"[(329.0, 749.0), (373.7, 755.3), (386.2, 755.0), (390.8, 755.9), (395.5, 755.3), (400.2, 755.0), (404.8, 755.9), (409.5, 755.3), (414.2, 755.0), (416.2, 755.9), (410.2, 755.3), (404.2, 755.0), (398.2, 755.9), (392.2, 755.3), (386.2, 755.0), (380.2, 755.9), (384.8, 755.3), (389.5, 755.0), (394.2, 755.9), (398.8, 755.3), (403.5, 755.0), (408.2, 755.9), (412.8, 755.3), (417.5, 755.0), (411.5, 755.9), (405.5, 755.3), (399.5, 755.0), (393.5, 755.9), (387.5, 755.3), (381.5, 755.0), (383.5, 755.9), (388.2, 755.3), (392.8, 755.0), (397.5, 755.9), (402.2, 755.3), (406.8, 755.0), (411.5, 755.9), (416.2, 755.3), (412.8, 755.0), (406.8, 755.9), (400.8, 755.3), (394.8, 755.0), (388.8, 755.9), (382.8, 755.3), (382.2, 755.0), (386.8, 755.9)]",0,6.12
speedrunner,meatboy,8,Stuck,1,0,57.18,0.896,"[(329.0, 749.0), (376.3, 755.3), (456.3, 755.0), (536.3, 755.9), (616.3, 755.3), (631.0, 755.0), (631.0, 755.9), (631.0, 755.3), (631.0, 755.0), (631.0, 755.9), (631.0, 755.3), (631.0, 755.0), (631.0, 755.9), (631.0, 755.3), (631.0, 755.0), (631.0, 755.9), (631.0, 755.3), (631.0, 755.0), (631.0, 755.9), (631.0, 755.3), (631.0, 755.0), (631.0, 755.9), (631.0, 755.3), (631.0, 755.0), (631.0, 755.9), (631.0, 755.3), (631.0, 755.0), (631.0, 755.9), (631.0, 755.3), (631.0, 755.0), (631.0, 755.9), (631.0, 755.3), (631.0, 755.0), (631.0, 755.9), (631.0, 755.3), (631.0, 755.0), (631.0, 755.9), (631.0, 755.3), (631.0, 755.0), (631.0, 755.9)]",0,5.2
speedrunner,meatboy,8,Stuck,0,0,58.51,0.896,"[(329.0, 749.0), (288.0, 755.3), (277.0, 755.0), (340.3, 755.9), (420.3, 755.3), (500.3, 755.0), (580.3, 755.9), (631.0, 755.3), (631.0, 755.0), (631.0, 755.9), (631.0, 755.3), (631.0, 755.0), (631.0, 755.9), (631.0, 755.3), (631.0, 755.0), (631.0, 755.9), (631.0, 755.3), (631.0, 755.0), (631.0, 755.9), (631.0, 755.3), (631.0, 755.0), (631.0, 755.9), (631.0, 755.3), (631.0, 755.0), (631.0, 755.9), (631.0, 755.3), (631.0, 755.0), (631.0, 755.9), (631.0, 755.3), (631.0, 755.0), (631.0, 755.9), (631.0, 755.3), (631.0, 755.0), (631.0, 755.9), (631.0, 755.3), (631.0, 755.0), (631.0, 755.9), (631.0, 755.3), (631.0, 755.0)]",0,5.15
speedrunner,meatboy,8,Stuck,0,0,58.51,0.896,"[(329.0, 749.0), (288.0, 755.3), (277.0, 755.0), (340.3, 755.9), (420.3, 755.3), (500.3, 755.0), (580.3, 755.9), (631.0, 755.3), (631.0, 755.0), (631.0, 755.9), (631.0, 755.3), (631.0, 755.0), (631.0, 755.9), (631.0, 755.3), (631.0, 755.0), (631.0, 755.9), (631.0, 755.3), (631.0, 755.0), (631.0, 755.9), (631.0, 755.3), (631.0, 755.0), (631.0, 755.9), (631.0, 755.3), (631.0, 755.0), (631.0, 755.9), (631.0, 755.3), (631.0, 755.0), (631.0, 755.9), (631.0, 755.3), (631.0, 755.0), (631.0, 755.9), (631.0, 755.3), (631.0, 755.0), (631.0, 755.9), (631.0, 755.3), (631.0, 755.0), (631.0, 755.9), (631.0, 755.3), (631.0, 755.0)]",0,5.15
speedrunner,meatboy,8,Stuck,0,0,58.51,0.896,"[(329.0, 749.0), (288.0, 755.3), (277.0, 755.0), (340.3, 755.9), (420.3, 755.3), (500.3, 755.0), (580.3, 755.9), (631.0, 755.3), (631.0, 755.0), (631.0, 755.9), (631.0, 755.3), (631.0, 755.0), (631.0, 755.9), (631.0, 755.3), (631.0, 755.0), (631.0, 755.9), (631.0, 755.3), (631.0, 755.0), (631.0, 755.9), (631.0, 755.3), (631.0, 755.0), (631.0, 755.9), (631.0, 755.3), (631.0, 755.0), (631.0, 755.9), (631.0, 755.3), (631.0, 755.0), (631.0, 755.9), (631.0, 755.3), (631.0, 755.0), (631.0, 755.9), (631.0, 755.3), (631.0, 755.0), (631.0, 755.9), (631.0, 755.3), (631.0, 755.0), (631.0, 755.9), (631.0, 755.3), (631.0, 755.0)]",0,5.15
speedrunner,meatboy,8,Stuck,0,0,-38.66,0.104,"[(329.0, 749.0), (367.2, 755.3), (365.1, 755.0), (359.1, 755.9), (353.1, 755.3), (347.1, 755.0), (341.1, 755.9), (340.4, 755.3), (337.1, 755.0), (333.7, 755.9), (325.1, 755.3), (306.7, 755.0), (281.6, 755.9), (243.3, 755.3), (213.6, 755.0), (207.1, 755.9), (200.7, 755.3), (194.2, 755.0), (187.8, 755.9), (181.3, 755.3), (174.9, 755.0), (168.4, 755.9), (162.0, 755.3), (155.6, 755.0), (149.1, 755.9), (142.7, 755.3), (136.2, 755.0), (129.8, 755.9), (123.3, 755.3), (116.9, 755.0), (110.4, 755.9), (104.0, 755.3), (95.5, 755.0), (83.1, 755.9), (73.0, 755.3), (73.0, 755.0), (73.0, 755.9), (73.0, 755.3), (73.0, 755.0), (73.0, 755.9), (73.0, 755.3), (73.0, 755.0), (73.0, 755.9), (73.0, 755.3), (73.0, 755.0), (73.0, 755.9), (73.0, 755.3), (73.0, 755.0), (73.0, 755.9), (73.0, 755.3)]",0,6.58
speedrunner,meatboy,8,Stuck,0,0,58.51,0.896,"[(329.0, 749.0), (288.0, 755.3), (277.0, 755.0), (340.3, 755.9), (420.3, 755.3), (500.3, 755.0), (580.3, 755.9), (631.0, 755.3), (631.0, 755.0), (631.0, 755.9), (631.0, 755.3), (631.0, 755.0), (631.0, 755.9), (631.0, 755.3), (631.0, 755.0), (631.0, 755.9), (631.0, 755.3), (631.0, 755.0), (631.0, 755.9), (631.0, 755.3), (631.0, 755.0), (631.0, 755.9), (631.0, 755.3), (631.0, 755.0), (631.0, 755.9), (631.0, 755.3), (631.0, 755.0), (631.0, 755.9), (631.0, 755.3), (631.0, 755.0), (631.0, 755.9), (631.0, 755.3), (631.0, 755.0), (631.0, 755.9), (631.0, 755.3), (631.0, 755.0), (631.0, 755.9), (631.0, 755.3), (631.0, 755.0)]",0,5.15
speedrunner,meatboy,8,Stuck,0,0,58.51,0.896,"[(329.0, 749.0), (288.0, 755.3), (277.0, 755.0), (340.3, 755.9), (420.3, 755.3), (500.3, 755.0), (580.3, 755.9), (631.0, 755.3), (631.0, 755.0), (631.0, 755.9), (631.0, 755.3), (631.0, 755.0), (631.0, 755.9), (631.0, 755.3), (631.0, 755.0), (631.0, 755.9), (631.0, 755.3), (631.0, 755.0), (631.0, 755.9), (631.0, 755.3), (631.0, 755.0), (631.0, 755.9), (631.0, 755.3), (631.0, 755.0), (631.0, 755.9), (631.0, 755.3), (631.0, 755.0), (631.0, 755.9), (631.0, 755.3), (631.0, 755.0), (631.0, 755.9), (631.0, 755.3), (631.0, 755.0), (631.0, 755.9), (631.0, 755.3), (631.0, 755.0), (631.0, 755.9), (631.0, 755.3), (631.0, 755.0)]",0,5.15
speedrunner,meatboy,8,Stuck,0,0,-42.79,0.104,"[(329.0, 749.0), (367.2, 755.3), (365.1, 755.0), (359.1, 755.9), (353.1, 755.3), (345.0, 755.0), (331.6, 755.9), (301.6, 755.3), (229.4, 755.0), (211.7, 755.9), (217.2, 755.3), (222.8, 755.0), (228.3, 755.9), (230.6, 755.3), (225.5, 755.0), (220.4, 755.9), (215.3, 755.3), (210.2, 755.0), (205.1, 755.9), (199.9, 755.3), (194.8, 755.0), (189.7, 755.9), (184.6, 755.3), (179.5, 755.0), (174.4, 755.9), (169.3, 755.3), (164.2, 755.0), (159.1, 755.9), (153.9, 755.3), (148.8, 755.0), (143.7, 755.9), (138.6, 755.3), (133.5, 755.0), (128.4, 755.9), (123.3, 755.3), (118.2, 755.0), (110.4, 755.9), (99.3, 755.3), (73.0, 755.0), (73.0, 755.9), (73.0, 755.3), (73.0, 755.0), (73.0, 755.9), (73.0, 755.3), (73.0, 755.0)]",0,5.98
speedrunner,meatboy,8,Stuck,0,0,-43.31,0.152,"[(329.0, 749.0), (281.7, 755.3), (201.7, 755.0), (127.7, 755.9), (106.7, 755.3), (106.7, 755.0), (106.7, 755.9), (106.7, 755.3), (106.7, 755.0), (106.7, 755.9), (106.7, 755.3), (106.7, 755.0), (106.7, 755.9), (106.7, 755.3), (106.7, 755.0), (106.7, 755.9), (106.7, 755.3), (106.7, 755.0), (106.7, 755.9), (106.7, 755.3), (106.7, 755.0), (106.7, 755.9), (106.7, 755.3), (106.7, 755.0), (106.7, 755.9), (106.7, 755.3), (106.7, 755.0), (106.7, 755.9), (106.7, 755.3), (106.7, 755.0), (106.7, 755.9), (106.7, 755.3), (106.7, 755.0), (106.7, 755.9), (106.7, 755.3), (106.7, 755.0), (106.7, 755.9), (106.7, 755.3), (106.7, 755.0)]",0,5.13
speedrunner,meatboy,8,Stuck,24,0,-0.16,0.466,"[(329.0, 749.0), (334.3, 755.3), (284.7, 755.0), (233.9, 755.9), (234.9, 755.2), (236.0, 755.2), (234.4, 755.2), (235.4, 755.2), (252.5, 738.5), (274.3, 743.2), (292.2, 745.1), (317.1, 738.0), (331.3, 749.8), (310.6, 755.9), (324.1, 739.5), (334.3, 741.9), (290.4, 755.9), (303.2, 741.1), (325.4, 741.1), (328.9, 755.3), (315.6, 755.0), (336.5, 738.0), (336.1, 745.1), (293.7, 755.0), (314.1, 740.1), (330.5, 742.5), (328.3, 755.9), (315.1, 746.0), (335.6, 738.9), (316.0, 750.7), (293.5, 748.2), (317.9, 738.8), (331.7, 748.2), (315.3, 755.9), (325.7, 741.6), (340.8, 739.2), (307.9, 755.7), (297.5, 746.0), (324.2, 738.9), (334.8, 750.7)]",0,5.27
speedrunner,meatboy,8,Stuck,0,0,58.51,0.896,"[(329.0, 749.0), (288.0, 755.3), (277.0, 755.0), (340.3, 755.9), (420.3, 755.3), (500.3, 755.0), (580.3, 755.9), (631.0, 755.3), (631.0, 755.0), (631.0, 755.9), (631.0, 755.3), (631.0, 755.0), (631.0, 755.9), (631.0, 755.3), (631.0, 755.0), (631.0, 755.9), (631.0, 755.3), (631.0, 755.0), (631.0, 755.9), (631.0, 755.3), (631.0, 755.0), (631.0, 755.9), (631.0, 755.3), (631.0, 755.0), (631.0, 755.9), (631.0, 755.3), (631.0, 755.0), (631.0, 755.9), (631.0, 755.3), (631.0, 755.0), (631.0, 755.9), (631.0, 755.3), (631.0, 755.0), (631.0, 755.9), (631.0, 755.3), (631.0, 755.0), (631.0, 755.9), (631.0, 755.3), (631.0, 755.0)]",0,5.15
speedrunner,meatboy,8,Stuck,0,0,58.51,0.896,"[(329.0, 749.0), (288.0, 755.3), (277.0, 755.0), (340.3, 755.9), (420.3, 755.3), (500.3, 755.0), (580.3, 755.9), (631.0, 755.3), (631.0, 755.0), (631.0, 755.9), (631.0, 755.3), (631.0, 755.0), (631.0, 755.9), (631.0, 755.3), (631.0, 755.0), (631.0, 755.9), (631.0, 755.3), (631.0, 755.0), (631.0, 755.9), (631.0, 755.3), (631.0, 755.0), (631.0, 755.9), (631.0, 755.3), (631.0, 755.0), (631.0, 755.9), (631.0, 755.3), (631.0, 755.0), (631.0, 755.9), (631.0, 755.3), (631.0, 755.0), (631.0, 755.9), (631.0, 755.3), (631.0, 755.0), (631.0, 755.9), (631.0, 755.3), (631.0, 755.0), (631.0, 755.9), (631.0, 755.3), (631.0, 755.0)]",0,5.15
speedrunner,meatboy,8,Stuck,0,0,58.51,0.896,"[(329.0, 749.0), (288.0, 755.3), (277.0, 755.0), (340.3, 755.9), (420.3, 755.3), (500.3, 755.0), (580.3, 755.9), (631.0, 755.3), (631.0, 755.0), (631.0, 755.9), (631.0, 755.3), (631.0, 755.0), (631.0, 755.9), (631.0, 755.3), (631.0, 755.0), (631.0, 755.9), (631.0, 755.3), (631.0, 755.0), (631.0, 755.9), (631.0, 755.3), (631.0, 755.0), (631.0, 755.9), (631.0, 755.3), (631.0, 755.0), (631.0, 755.9), (631.0, 755.3), (631.0, 755.0), (631.0, 755.9), (631.0, 755.3), (631.0, 755.0), (631.0, 755.9), (631.0, 755.3), (631.0, 755.0), (631.0, 755.9), (631.0, 755.3), (631.0, 755.0), (631.0, 755.9), (631.0, 755.3), (631.0, 755.0)]",0,5.15
speedrunner,meatboy,8,Stuck,0,0,58.51,0.896,"[(329.0, 749.0), (288.0, 755.3), (277.0, 755.0), (340.3, 755.9), (420.3, 755.3), (500.3, 755.0), (580.3, 755.9), (631.0, 755.3), (631.0, 755.0), (631.0, 755.9), (631.0, 755.3), (631.0, 755.0), (631.0, 755.9), (631.0, 755.3), (631.0, 755.0), (631.0, 755.9), (631.0, 755.3), (631.0, 755.0), (631.0, 755.9), (631.0, 755.3), (631.0, 755.0), (631.0, 755.9), (631.0, 755.3), (631.0, 755.0), (631.0, 755.9), (631.0, 755.3), (631.0, 755.0), (631.0, 755.9), (631.0, 755.3), (631.0, 755.0), (631.0, 755.9), (631.0, 755.3), (631.0, 755.0), (631.0, 755.9), (631.0, 755.3), (631.0, 755.0), (631.0, 755.9), (631.0, 755.3), (631.0, 755.0)]",0,5.15
speedrunner,meatboy,8,Stuck,24,0,-0.16,0.466,"[(329.0, 749.0), (334.3, 755.3), (284.7, 755.0), (233.9, 755.9), (234.9, 755.2), (236.0, 755.2), (234.4, 755.2), (235.4, 755.2), (252.5, 738.5), (274.3, 743.2), (292.2, 745.1), (317.1, 738.0), (331.3, 749.8), (310.6, 755.9), (324.1, 739.5), (334.3, 741.9), (290.4, 755.9), (303.2, 741.1), (325.4, 741.1), (328.9, 755.3), (315.6, 755.0), (336.5, 738.0), (336.1, 745.1), (293.7, 755.0), (314.1, 740.1), (330.5, 742.5), (328.3, 755.9), (315.1, 746.0), (335.6, 738.9), (316.0, 750.7), (293.5, 748.2), (317.9, 738.8), (331.7, 748.2), (315.3, 755.9), (325.7, 741.6), (340.8, 739.2), (307.9, 755.7), (297.5, 746.0), (324.2, 738.9), (334.8, 750.7)]",0,5.27
speedrunner,meatboy,8,Stuck,0,0,-43.31,0.152,"[(329.0, 749.0), (281.7, 755.3), (201.7, 755.0), (127.7, 755.9), (106.7, 755.3), (106.7, 755.0), (106.7, 755.9), (106.7, 755.3), (106.7, 755.0), (106.7, 755.9), (106.7, 755.3), (106.7, 755.0), (106.7, 755.9), (106.7, 755.3), (106.7, 755.0), (106.7, 755.9), (106.7, 755.3), (106.7, 755.0), (106.7, 755.9), (106.7, 755.3), (106.7, 755.0), (106.7, 755.9), (106.7, 755.3), (106.7, 755.0), (106.7, 755.9), (106.7, 755.3), (106.7, 755.0), (106.7, 755.9), (106.7, 755.3), (106.7, 755.0), (106.7, 755.9), (106.7, 755.3), (106.7, 755.0), (106.7, 755.9), (106.7, 755.3), (106.7, 755.0), (106.7, 755.9), (106.7, 755.3), (106.7, 755.0)]",0,5.13
speedrunner,meatboy,8,Stuck,0,0,-43.77,0.104,"[(329.0, 749.0), (367.2, 755.3), (365.1, 755.0), (359.1, 755.9), (348.1, 755.3), (330.3, 755.0), (292.2, 755.9), (219.3, 755.3), (217.1, 755.0), (222.6, 755.9), (228.2, 755.3), (227.8, 755.0), (222.7, 755.9), (217.6, 755.3), (212.4, 755.0), (207.3, 755.9), (202.2, 755.3), (197.1, 755.0), (192.0, 755.9), (186.9, 755.3), (181.8, 755.0), (176.7, 755.9), (171.6, 755.3), (166.4, 755.0), (161.3, 755.9), (156.2, 755.3), (151.1, 755.0), (146.0, 755.9), (140.9, 755.3), (135.8, 755.0), (130.7, 755.9), (125.6, 755.3), (120.4, 755.0), (115.3, 755.9), (108.8, 755.3), (100.9, 755.0), (84.2, 755.9), (73.0, 755.3), (73.0, 755.0), (73.0, 755.9), (73.0, 755.3), (73.0, 755.0), (73.0, 755.9), (73.0, 755.3)]",0,5.82
speedrunner,meatboy,8,Stuck,0,0,-42.79,0.104,"[(329.0, 749.0), (367.2, 755.3), (365.1, 755.0), (359.1, 755.9), (353.1, 755.3), (345.0, 755.0), (331.6, 755.9), (301.6, 755.3), (229.4, 755.0), (211.7, 755.9), (217.2, 755.3), (222.8, 755.0), (228.3, 755.9), (230.6, 755.3), (225.5, 755.0), (220.4, 755.9), (215.3, 755.3), (210.2, 755.0), (205.1, 755.9), (199.9, 755.3), (194.8, 755.0), (189.7, 755.9), (184.6, 755.3), (179.5, 755.0), (174.4, 755.9), (169.3, 755.3), (164.2, 755.0), (159.1, 755.9), (153.9, 755.3), (148.8, 755.0), (143.7, 755.9), (138.6, 755.3), (133.5, 755.0), (128.4, 755.9), (123.3, 755.3), (118.2, 755.0), (110.4, 755.9), (99.3, 755.3), (73.0, 755.0), (73.0, 755.9), (73.0, 755.3), (73.0, 755.0), (73.0, 755.9), (73.0, 755.3), (73.0, 755.0)]",0,5.98
speedrunner,meatboy,8,Stuck,0,0,57.98,0.896,"[(329.0, 749.0), (288.0, 755.3), (279.8, 755.0), (347.6, 755.9), (427.6, 755.3), (507.6, 755.0), (587.6, 755.9), (631.0, 755.3), (631.0, 755.0), (631.0, 755.9), (631.0, 755.3), (631.0, 755.0), (631.0, 755.9), (631.0, 755.3), (631.0, 755.0), (631.0, 755.9), (631.0, 755.3), (631.0, 755.0), (631.0, 755.9), (631.0, 755.3), (631.0, 755.0), (631.0, 755.9), (631.0, 755.3), (631.0, 755.0), (631.0, 755.9), (631.0, 755.3), (631.0, 755.0), (631.0, 755.9), (631.0, 755.3), (631.0, 755.0), (631.0, 755.9), (631.0, 755.3), (631.0, 755.0), (631.0, 755.9), (631.0, 755.3), (631.0, 755.0), (631.0, 755.9), (631.0, 755.3), (631.0, 755.0)]",0,5.15
speedrunner,meatboy,8,Stuck,0,0,57.98,0.896,"[(329.0, 749.0), (288.0, 755.3), (279.8, 755.0), (347.6, 755.9), (427.6, 755.3), (507.6, 755.0), (587.6, 755.9), (631.0, 755.3), (631.0, 755.0), (631.0, 755.9), (631.0, 755.3), (631.0, 755.0), (631.0, 755.9), (631.0, 755.3), (631.0, 755.0), (631.0, 755.9), (631.0, 755.3), (631.0, 755.0), (631.0, 755.9), (631.0, 755.3), (631.0, 755.0), (631.0, 755.9), (631.0, 755.3), (631.0, 755.0), (631.0, 755.9), (631.0, 755.3), (631.0, 755.0), (631.0, 755.9), (631.0, 755.3), (631.0, 755.0), (631.0, 755.9), (631.0, 755.3), (631.0, 755.0), (631.0, 755.9), (631.0, 755.3), (631.0, 755.0), (631.0, 755.9), (631.0, 755.3), (631.0, 755.0)]",0,5.15
speedrunner,meatboy,8,Stuck,0,0,-48.82,0.111,"[(329.0, 749.0), (287.6, 755.3), (214.7, 755.0), (212.4, 755.9), (218.0, 755.3), (223.6, 755.0), (229.1, 755.9), (234.7, 755.3), (234.3, 755.0), (229.2, 755.9), (224.1, 755.3), (218.9, 755.0), (213.8, 755.9), (208.7, 755.3), (203.6, 755.0), (198.5, 755.9), (193.4, 755.3), (188.3, 755.0), (183.2, 755.9), (178.1, 755.3), (172.9, 755.0), (167.8, 755.9), (162.7, 755.3), (157.6, 755.0), (152.5, 755.9), (147.4, 755.3), (142.3, 755.0), (137.2, 755.9), (132.1, 755.3), (126.9, 755.0), (121.8, 755.9), (116.7, 755.3), (111.6, 755.0), (106.5, 755.9), (101.4, 755.3), (96.3, 755.0), (91.2, 755.9), (86.1, 755.3), (80.9, 755.0)]",0,5.13
speedrunner,meatboy,8,Stuck,0,0,-1.99,0.452,"[(329.0, 749.0), (327.3, 755.3), (325.3, 755.0), (323.2, 755.9), (318.6, 755.3), (322.1, 755.0), (317.1, 755.9), (319.6, 755.3), (320.1, 755.0), (318.1, 755.9), (320.6, 755.3), (318.5, 755.0), (319.1, 755.9), (321.6, 755.3), (319.5, 755.0), (320.1, 755.9), (318.0, 755.3), (318.9, 755.0), (321.1, 755.9), (319.0, 755.3), (319.9, 755.0), (322.1, 755.9), (317.4, 755.3), (320.9, 755.0), (320.4, 755.9), (318.4, 755.3), (321.9, 755.0), (316.9, 755.9), (319.4, 755.3), (319.9, 755.0), (317.9, 755.9), (320.4, 755.3), (318.3, 755.0), (318.9, 755.9), (321.4, 755.3), (319.3, 755.0), (319.9, 755.9), (322.4, 755.3), (318.7, 755.0), (320.9, 755.9), (318.8, 755.3), (319.7, 755.0)]",0,5.5
speedrunner,meatboy,8,Stuck,0,0,-48.82,0.111,"[(329.0, 749.0), (287.6, 755.3), (214.7, 755.0), (212.4, 755.9), (218.0, 755.3), (223.6, 755.0), (229.1, 755.9), (234.7, 755.3), (234.3, 755.0), (229.2, 755.9), (224.1, 755.3), (218.9, 755.0), (213.8, 755.9), (208.7, 755.3), (203.6, 755.0), (198.5, 755.9), (193.4, 755.3), (188.3, 755.0), (183.2, 755.9), (178.1, 755.3), (172.9, 755.0), (167.8, 755.9), (162.7, 755.3), (157.6, 755.0), (152.5, 755.9), (147.4, 755.3), (142.3, 755.0), (137.2, 755.9), (132.1, 755.3), (126.9, 755.0), (121.8, 755.9), (116.7, 755.3), (111.6, 755.0), (106.5, 755.9), (101.4, 755.3), (96.3, 755.0), (91.2, 755.9), (86.1, 755.3), (80.9, 755.0)]",0,5.13
speedrunner,meatboy,8,Stuck,0,0,57.98,0.896,"[(329.0, 749.0), (288.0, 755.3), (279.8, 755.0), (347.6, 755.9), (427.6, 755.3), (507.6, 755.0), (587.6, 755.9), (631.0, 755.3), (631.0, 755.0), (631.0, 755.9), (631.0, 755.3), (631.0, 755.0), (631.0, 755.9), (631.0, 755.3), (631.0, 755.0), (631.0, 755.9), (631.0, 755.3), (631.0, 755.0), (631.0, 755.9), (631.0, 755.3), (631.0, 755.0), (631.0, 755.9), (631.0, 755.3), (631.0, 755.0), (631.0, 755.9), (631.0, 755.3), (631.0, 755.0), (631.0, 755.9), (631.0, 755.3), (631.0, 755.0), (631.0, 755.9), (631.0, 755.3), (631.0, 755.0), (631.0, 755.9), (631.0, 755.3), (631.0, 755.0), (631.0, 755.9), (631.0, 755.3), (631.0, 755.0)]",0,5.15
speedrunner,meatboy,8,Stuck,0,0,57.98,0.896,"[(329.0, 749.0), (288.0, 755.3), (279.8, 755.0), (347.6, 755.9), (427.6, 755.3), (507.6, 755.0), (587.6, 755.9), (631.0, 755.3), (631.0, 755.0), (631.0, 755.9), (631.0, 755.3), (631.0, 755.0), (631.0, 755.9), (631.0, 755.3), (631.0, 755.0), (631.0, 755.9), (631.0, 755.3), (631.0, 755.0), (631.0, 755.9), (631.0, 755.3), (631.0, 755.0), (631.0, 755.9), (631.0, 755.3), (631.0, 755.0), (631.0, 755.9), (631.0, 755.3), (631.0, 755.0), (631.0, 755.9), (631.0, 755.3), (631.0, 755.0), (631.0, 755.9), (631.0, 755.3), (631.0, 755.0), (631.0, 755.9), (631.0, 755.3), (631.0, 755.0), (631.0, 755.9), (631.0, 755.3), (631.0, 755.0)]",0,5.15
speedrunner,meatboy,8,Stuck,0,0,-42.79,0.104,"[(329.0, 749.0), (367.2, 755.3), (365.1, 755.0), (359.1, 755.9), (353.1, 755.3), (345.0, 755.0), (331.6, 755.9), (301.6, 755.3), (229.4, 755.0), (211.7, 755.9), (217.2, 755.3), (222.8, 755.0), (228.3, 755.9), (230.6, 755.3), (225.5, 755.0), (220.4, 755.9), (215.3, 755.3), (210.2, 755.0), (205.1, 755.9), (199.9, 755.3), (194.8, 755.0), (189.7, 755.9), (184.6, 755.3), (179.5, 755.0), (174.4, 755.9), (169.3, 755.3), (164.2, 755.0), (159.1, 755.9), (153.9, 755.3), (148.8, 755.0), (143.7, 755.9), (138.6, 755.3), (133.5, 755.0), (128.4, 755.9), (123.3, 755.3), (118.2, 755.0), (110.4, 755.9), (99.3, 755.3), (73.0, 755.0), (73.0, 755.9), (73.0, 755.3), (73.0, 755.0), (73.0, 755.9), (73.0, 755.3), (73.0, 755.0)]",0,5.98
speedrunner,meatboy,8,Stuck,0,0,58.51,0.896,"[(329.0, 749.0), (288.0, 755.3), (277.0, 755.0), (340.3, 755.9), (420.3, 755.3), (500.3, 755.0), (580.3, 755.9), (631.0, 755.3), (631.0, 755.0), (631.0, 755.9), (631.0, 755.3), (631.0, 755.0), (631.0, 755.9), (631.0, 755.3), (631.0, 755.0), (631.0, 755.9), (631.0, 755.3), (631.0, 755.0), (631.0, 755.9), (631.0, 755.3), (631.0, 755.0), (631.0, 755.9), (631.0, 755.3), (631.0, 755.0), (631.0, 755.9), (631.0, 755.3), (631.0, 755.0), (631.0, 755.9), (631.0, 755.3), (631.0, 755.0), (631.0, 755.9), (631.0, 755.3), (631.0, 755.0), (631.0, 755.9), (631.0, 755.3), (631.0, 755.0), (631.0, 755.9), (631.0, 755.3), (631.0, 755.0)]",0,5.15
speedrunner,meatboy,8,Stuck,0,0,-49.69,0.104,"[(329.0, 749.0), (281.7, 755.3), (213.3, 755.0), (197.6, 755.9), (187.2, 755.3), (180.3, 755.0), (173.4, 755.9), (165.6, 755.3), (160.9, 755.0), (157.3, 755.9), (152.3, 755.3), (147.6, 755.0), (143.9, 755.9), (138.9, 755.3), (134.3, 755.0), (130.6, 755.9), (125.6, 755.3), (120.9, 755.0), (117.3, 755.9), (112.3, 755.3), (107.6, 755.0), (103.9, 755.9), (98.9, 755.3), (94.3, 755.0), (90.6, 755.9), (85.6, 755.3), (80.9, 755.0), (77.3, 755.9), (73.0, 755.3), (73.0, 755.0), (73.0, 755.9), (73.0, 755.3), (73.0, 755.0), (73.0, 755.9), (73.0, 755.3), (73.0, 755.0), (73.0, 755.9), (73.0, 755.3), (73.0, 755.0)]",0,5.13
speedrunner,meatboy,8,Stuck,14,0,-45.13,0.104,"[(329.0, 749.0), (333.0, 755.3), (342.7, 713.2), (279.3, 684.1), (265.0, 684.2), (265.0, 703.0), (265.0, 739.3), (265.0, 730.6), (265.0, 723.5), (257.4, 735.3), (255.4, 747.6), (241.6, 696.5), (172.2, 666.5), (103.9, 661.8), (73.0, 676.0), (73.0, 708.8), (73.0, 748.5), (73.0, 739.2), (73.0, 741.6), (73.0, 745.8), (73.0, 738.8), (73.0, 750.6), (73.0, 739.2), (73.0, 741.6), (73.0, 745.8), (73.0, 738.8), (73.0, 750.6), (73.0, 739.2), (73.0, 741.6), (73.0, 745.8), (73.0, 738.8), (73.0, 750.6), (73.0, 739.2), (73.0, 741.6), (73.0, 745.8), (73.0, 738.8), (73.0, 750.6), (73.0, 739.2), (73.0, 741.6), (73.0, 745.8), (73.0, 738.8)]",0,5.4
speedrunner,meatboy,8,Stuck,0,0,-48.18,0.104,"[(329.0, 749.0), (281.7, 755.3), (201.7, 755.0), (121.7, 755.9), (73.0, 755.3), (73.0, 755.0), (73.0, 755.9), (73.0, 755.3), (73.0, 755.0), (73.0, 755.9), (73.0, 755.3), (73.0, 755.0), (73.0, 755.9), (73.0, 755.3), (73.0, 755.0), (73.0, 755.9), (73.0, 755.3), (73.0, 755.0), (73.0, 755.9), (73.0, 755.3), (73.0, 755.0), (73.0, 755.9), (73.0, 755.3), (73.0, 755.0), (73.0, 755.9), (73.0, 755.3), (73.0, 755.0), (73.0, 755.9), (73.0, 755.3), (73.0, 755.0), (73.0, 755.9), (73.0, 755.3), (73.0, 755.0), (73.0, 755.9), (73.0, 755.3), (73.0, 755.0), (73.0, 755.9), (73.0, 755.3), (73.0, 755.0)]",0,5.13
speedrunner,meatboy,8,Stuck,0,0,-49.44,0.104,"[(329.0, 749.0), (290.8, 755.3), (275.5, 755.0), (260.1, 755.9), (218.3, 755.3), (172.6, 755.0), (151.0, 755.9), (132.6, 755.3), (120.7, 755.0), (108.6, 755.9), (98.5, 755.3), (88.8, 755.0), (79.0, 755.9), (73.0, 755.3), (73.0, 755.0), (73.0, 755.9), (73.0, 755.3), (73.0, 755.0), (73.0, 755.9), (73.0, 755.3), (73.0, 755.0), (73.0, 755.9), (73.0, 755.3), (73.0, 755.0), (73.0, 755.9), (73.0, 755.3), (73.0, 755.0), (73.0, 755.9), (73.0, 755.3), (73.0, 755.0), (73.0, 755.9), (73.0, 755.3), (73.0, 755.0), (73.0, 755.9), (73.0, 755.3), (73.0, 755.0), (73.0, 755.9), (73.0, 755.3), (73.0, 755.0)]",0,5.17
speedrunner,meatboy,8,Stuck,24,0,-0.16,0.466,"[(329.0, 749.0), (334.3, 755.3), (284.7, 755.0), (233.9, 755.9), (234.9, 755.2), (236.0, 755.2), (234.4, 755.2), (235.4, 755.2), (252.5, 738.5), (274.3, 743.2), (292.2, 745.1), (317.1, 738.0), (331.3, 749.8), (310.6, 755.9), (324.1, 739.5), (334.3, 741.9), (290.4, 755.9), (303.2, 741.1), (325.4, 741.1), (328.9, 755.3), (315.6, 755.0), (336.5, 738.0), (336.1, 745.1), (293.7, 755.0), (314.1, 740.1), (330.5, 742.5), (328.3, 755.9), (315.1, 746.0), (335.6, 738.9), (316.0, 750.7), (293.5, 748.2), (317.9, 738.8), (331.7, 748.2), (315.3, 755.9), (325.7, 741.6), (340.8, 739.2), (307.9, 755.7), (297.5, 746.0), (324.2, 738.9), (334.8, 750.7)]",0,5.27
speedrunner,meatboy,8,Stuck,14,0,-45.13,0.104,"[(329.0, 749.0), (333.0, 755.3), (342.7, 713.2), (279.3, 684.1), (265.0, 684.2), (265.0, 703.0), (265.0, 739.3), (265.0, 730.6), (265.0, 723.5), (257.4, 735.3), (255.4, 747.6), (241.6, 696.5), (172.2, 666.5), (103.9, 661.8), (73.0, 676.0), (73.0, 708.8), (73.0, 748.5), (73.0, 739.2), (73.0, 741.6), (73.0, 745.8), (73.0, 738.8), (73.0, 750.6), (73.0, 739.2), (73.0, 741.6), (73.0, 745.8), (73.0, 738.8), (73.0, 750.6), (73.0, 739.2), (73.0, 741.6), (73.0, 745.8), (73.0, 738.8), (73.0, 750.6), (73.0, 739.2), (73.0, 741.6), (73.0, 745.8), (73.0, 738.8), (73.0, 750.6), (73.0, 739.2), (73.0, 741.6), (73.0, 745.8), (73.0, 738.8)]",0,5.4
speedrunner,meatboy,8,Stuck,24,0,-0.16,0.466,"[(329.0, 749.0), (334.3, 755.3), (284.7, 755.0), (233.9, 755.9), (234.9, 755.2), (236.0, 755.2), (234.4, 755.2), (235.4, 755.2), (252.5, 738.5), (274.3, 743.2), (292.2, 745.1), (317.1, 738.0), (331.3, 749.8), (310.6, 755.9), (324.1, 739.5), (334.3, 741.9), (290.4, 755.9), (303.2, 741.1), (325.4, 741.1), (328.9, 755.3), (315.6, 755.0), (336.5, 738.0), (336.1, 745.1), (293.7, 755.0), (314.1, 740.1), (330.5, 742.5), (328.3, 755.9), (315.1, 746.0), (335.6, 738.9), (316.0, 750.7), (293.5, 748.2), (317.9, 738.8), (331.7, 748.2), (315.3, 755.9), (325.7, 741.6), (340.8, 739.2), (307.9, 755.7), (297.5, 746.0), (324.2, 738.9), (334.8, 750.7)]",0,5.27
speedrunner,meatboy,8,Stuck,0,0,-49.44,0.104,"[(329.0, 749.0), (290.8, 755.3), (275.5, 755.0), (260.1, 755.9), (218.3, 755.3), (172.6, 755.0), (151.0, 755.9), (132.6, 755.3), (120.7, 755.0), (108.6, 755.9), (98.5, 755.3), (88.8, 755.0), (79.0, 755.9), (73.0, 755.3), (73.0, 755.0), (73.0, 755.9), (73.0, 755.3), (73.0, 755.0), (73.0, 755.9), (73.0, 755.3), (73.0, 755.0), (73.0, 755.9), (73.0, 755.3), (73.0, 755.0), (73.0, 755.9), (73.0, 755.3), (73.0, 755.0), (73.0, 755.9), (73.0, 755.3), (73.0, 755.0), (73.0, 755.9), (73.0, 755.3), (73.0, 755.0), (73.0, 755.9), (73.0, 755.3), (73.0, 755.0), (73.0, 755.9), (73.0, 755.3), (73.0, 755.0)]",0,5.17
speedrunner,meatboy,8,Stuck,0,0,-48.18,0.104,"[(329.0, 749.0), (281.7, 755.3), (201.7, 755.0), (121.7, 755.9), (73.0, 755.3), (73.0, 755.0), (73.0, 755.9), (73.0, 755.3), (73.0, 755.0), (73.0, 755.9), (73.0, 755.3), (73.0, 755.0), (73.0, 755.9), (73.0, 755.3), (73.0, 755.0), (73.0, 755.9), (73.0, 755.3), (73.0, 755.0), (73.0, 755.9), (73.0, 755.3), (73.0, 755.0), (73.0, 755.9), (73.0, 755.3), (73.0, 755.0), (73.0, 755.9), (73.0, 755.3), (73.0, 755.0), (73.0, 755.9), (73.0, 755.3), (73.0, 755.0), (73.0, 755.9), (73.0, 755.3), (73.0, 755.0), (73.0, 755.9), (73.0, 755.3), (73.0, 755.0), (73.0, 755.9), (73.0, 755.3), (73.0, 755.0)]",0,5.13
speedrunner,meatboy,8,Stuck,0,0,-49.74,0.104,"[(329.0, 749.0), (281.7, 755.3), (205.3, 755.0), (131.3, 755.9), (109.0, 755.3), (105.3, 755.0), (100.3, 755.9), (95.7, 755.3), (92.0, 755.0), (87.0, 755.9), (82.3, 755.3), (78.7, 755.0), (73.7, 755.9), (73.0, 755.3), (73.0, 755.0), (73.0, 755.9), (73.0, 755.3), (73.0, 755.0), (73.0, 755.9), (73.0, 755.3), (73.0, 755.0), (73.0, 755.9), (73.0, 755.3), (73.0, 755.0), (73.0, 755.9), (73.0, 755.3), (73.0, 755.0), (73.0, 755.9), (73.0, 755.3), (73.0, 755.0), (73.0, 755.9), (73.0, 755.3), (73.0, 755.0), (73.0, 755.9), (73.0, 755.3), (73.0, 755.0), (73.0, 755.9), (73.0, 755.3), (73.0, 755.0)]",0,5.13
speedrunner,meatboy,8,Stuck,0,0,-48.18,0.104,"[(329.0, 749.0), (281.7, 755.3), (201.7, 755.0), (121.7, 755.9), (73.0, 755.3), (73.0, 755.0), (73.0, 755.9), (73.0, 755.3), (73.0, 755.0), (73.0, 755.9), (73.0, 755.3), (73.0, 755.0), (73.0, 755.9), (73.0, 755.3), (73.0, 755.0), (73.0, 755.9), (73.0, 755.3), (73.0, 755.0), (73.0, 755.9), (73.0, 755.3), (73.0, 755.0), (73.0, 755.9), (73.0, 755.3), (73.0, 755.0), (73.0, 755.9), (73.0, 755.3), (73.0, 755.0), (73.0, 755.9), (73.0, 755.3), (73.0, 755.0), (73.0, 755.9), (73.0, 755.3), (73.0, 755.0), (73.0, 755.9), (73.0, 755.3), (73.0, 755.0), (73.0, 755.9), (73.0, 755.3), (73.0, 755.0)]",0,5.13
speedrunner,meatboy,8,Stuck,13,0,-46.35,0.104,"[(329.0, 749.0), (333.0, 755.3), (342.7, 713.2), (279.3, 680.7), (265.0, 678.4), (265.0, 694.9), (265.0, 729.6), (266.3, 739.9), (265.0, 723.5), (261.2, 730.6), (254.9, 755.0), (254.6, 707.5), (254.6, 670.6), (254.6, 653.0), (254.6, 663.6), (254.6, 693.0), (254.6, 741.3), (243.1, 719.7), (179.2, 678.1), (112.2, 661.8), (73.0, 666.5), (73.0, 690.1), (73.0, 728.6), (73.0, 745.1), (73.0, 738.0), (73.0, 749.8), (73.0, 740.0), (73.0, 742.3), (73.0, 745.1), (73.0, 738.0), (73.0, 749.8), (73.0, 740.0), (73.0, 742.3), (73.0, 745.1), (73.0, 738.0), (73.0, 749.8), (73.0, 740.0), (73.0, 742.3), (73.0, 745.1), (73.0, 738.0), (73.0, 749.8)]",0,5.4
speedrunner,meatboy,8,Stuck,1,0,37.3,0.742,"[(329.0, 749.0), (290.8, 755.3), (287.6, 755.0), (288.3, 755.9), (288.9, 755.3), (289.6, 755.0), (292.9, 755.9), (296.3, 755.3), (302.3, 755.0), (308.3, 755.9), (314.3, 755.3), (320.3, 755.0), (326.3, 755.9), (332.3, 755.3), (338.3, 755.0), (344.3, 755.9), (350.3, 755.3), (356.3, 755.0), (362.3, 755.9), (368.3, 755.3), (374.3, 755.0), (380.3, 755.9), (386.3, 755.3), (392.3, 755.0), (398.3, 755.9), (404.3, 755.3), (410.3, 755.0), (416.3, 755.9), (422.3, 755.3), (428.3, 755.0), (434.3, 755.9), (440.3, 755.3), (449.6, 755.0), (465.2, 751.9), (487.6, 755.9), (505.4, 755.3), (514.0, 755.0), (507.9, 755.9), (520.9, 755.3)]",0,5.18
speedrunner,meatboy,8,Stuck,3,0,-40.57,0.104,"[(329.0, 749.0), (333.0, 755.3), (356.4, 755.0), (361.1, 755.9), (365.8, 755.3), (370.4, 755.0), (375.1, 755.9), (379.8, 747.3), (329.7, 723.9), (265.0, 728.7), (265.0, 752.3), (217.7, 755.2), (198.0, 740.8), (168.3, 718.0), (129.8, 722.7), (96.5, 746.3), (84.4, 755.9), (78.2, 755.3), (73.0, 755.0), (73.0, 755.9), (73.0, 755.3), (73.0, 755.0), (73.0, 755.9), (73.0, 755.3), (73.0, 755.0), (73.0, 755.9), (73.0, 755.3), (73.0, 755.0), (73.0, 755.9), (73.0, 755.3), (73.0, 755.0), (73.0, 755.9), (73.0, 755.3), (73.0, 755.0), (73.0, 755.9), (73.0, 755.3), (73.0, 755.0), (73.0, 755.9), (73.0, 755.3), (73.0, 755.0), (73.0, 755.9), (73.0, 755.3), (73.0, 755.0), (73.0, 755.9), (73.0, 755.3), (73.0, 755.0), (73.0, 755.9)]",0,6.15
speedrunner,meatboy,8,Stuck,2,0,-48.18,0.104,"[(329.0, 749.0), (281.7, 755.3), (201.7, 753.4), (121.7, 748.2), (73.0, 708.3), (73.0, 706.0), (73.0, 722.5), (73.0, 755.0), (73.0, 755.9), (73.0, 755.3), (73.0, 755.0), (73.0, 755.9), (73.0, 755.3), (73.0, 755.0), (73.0, 755.9), (73.0, 755.3), (73.0, 755.0), (73.0, 755.9), (73.0, 755.3), (73.0, 755.0), (73.0, 755.9), (73.0, 755.3), (73.0, 755.0), (73.0, 755.9), (73.0, 755.3), (73.0, 755.0), (73.0, 755.9), (73.0, 755.3), (73.0, 755.0), (73.0, 755.9), (73.0, 755.3), (73.0, 755.0), (73.0, 755.9), (73.0, 755.3), (73.0, 755.0), (73.0, 755.9), (73.0, 755.3), (73.0, 755.0), (73.0, 755.9)]",0,5.13
speedrunner,meatboy,8,Stuck,13,0,-46.35,0.104,"[(329.0, 749.0), (333.0, 755.3), (342.7, 713.2), (279.3, 680.7), (265.0, 678.4), (265.0, 694.9), (265.0, 729.6), (266.3, 739.9), (265.0, 723.5), (261.2, 730.6), (254.9, 755.0), (254.6, 707.5), (254.6, 670.6), (254.6, 653.0), (254.6, 663.6), (254.6, 693.0), (254.6, 741.3), (243.1, 719.7), (179.2, 678.1), (112.2, 661.8), (73.0, 666.5), (73.0, 690.1), (73.0, 728.6), (73.0, 745.1), (73.0, 738.0), (73.0, 749.8), (73.0, 740.0), (73.0, 742.3), (73.0, 745.1), (73.0, 738.0), (73.0, 749.8), (73.0, 740.0), (73.0, 742.3), (73.0, 745.1), (73.0, 738.0), (73.0, 749.8), (73.0, 740.0), (73.0, 742.3), (73.0, 745.1), (73.0, 738.0), (73.0, 749.8)]",0,5.4
speedrunner,meatboy,8,Stuck,14,0,-45.13,0.104,"[(329.0, 749.0), (333.0, 755.3), (342.7, 713.2), (279.3, 684.1), (265.0, 684.2), (265.0, 703.0), (265.0, 739.3), (265.0, 730.6), (265.0, 723.5), (257.4, 735.3), (255.4, 747.6), (241.6, 696.5), (172.2, 666.5), (103.9, 661.8), (73.0, 676.0), (73.0, 708.8), (73.0, 748.5), (73.0, 739.2), (73.0, 741.6), (73.0, 745.8), (73.0, 738.8), (73.0, 750.6), (73.0, 739.2), (73.0, 741.6), (73.0, 745.8), (73.0, 738.8), (73.0, 750.6), (73.0, 739.2), (73.0, 741.6), (73.0, 745.8), (73.0, 738.8), (73.0, 750.6), (73.0, 739.2), (73.0, 741.6), (73.0, 745.8), (73.0, 738.8), (73.0, 750.6), (73.0, 739.2), (73.0, 741.6), (73.0, 745.8), (73.0, 738.8)]",0,5.4
speedrunner,meatboy,8,Stuck,3,0,-40.57,0.104,"[(329.0, 749.0), (333.0, 755.3), (356.4, 755.0), (361.1, 755.9), (365.8, 755.3), (370.4, 755.0), (375.1, 755.9), (379.8, 747.3), (329.7, 723.9), (265.0, 728.7), (265.0, 752.3), (217.7, 755.2), (198.0, 740.8), (168.3, 718.0), (129.8, 722.7), (96.5, 746.3), (84.4, 755.9), (78.2, 755.3), (73.0, 755.0), (73.0, 755.9), (73.0, 755.3), (73.0, 755.0), (73.0, 755.9), (73.0, 755.3), (73.0, 755.0), (73.0, 755.9), (73.0, 755.3), (73.0, 755.0), (73.0, 755.9), (73.0, 755.3), (73.0, 755.0), (73.0, 755.9), (73.0, 755.3), (73.0, 755.0), (73.0, 755.9), (73.0, 755.3), (73.0, 755.0), (73.0, 755.9), (73.0, 755.3), (73.0, 755.0), (73.0, 755.9), (73.0, 755.3), (73.0, 755.0), (73.0, 755.9), (73.0, 755.3), (73.0, 755.0), (73.0, 755.9)]",0,6.15
speedrunner,meatboy,8,Stuck,2,0,-48.18,0.104,"[(329.0, 749.0), (281.7, 755.3), (201.7, 753.4), (121.7, 748.2), (73.0, 708.3), (73.0, 706.0), (73.0, 722.5), (73.0, 755.0), (73.0, 755.9), (73.0, 755.3), (73.0, 755.0), (73.0, 755.9), (73.0, 755.3), (73.0, 755.0), (73.0, 755.9), (73.0, 755.3), (73.0, 755.0), (73.0, 755.9), (73.0, 755.3), (73.0, 755.0), (73.0, 755.9), (73.0, 755.3), (73.0, 755.0), (73.0, 755.9), (73.0, 755.3), (73.0, 755.0), (73.0, 755.9), (73.0, 755.3), (73.0, 755.0), (73.0, 755.9), (73.0, 755.3), (73.0, 755.0), (73.0, 755.9), (73.0, 755.3), (73.0, 755.0), (73.0, 755.9), (73.0, 755.3), (73.0, 755.0), (73.0, 755.9)]",0,5.13
speedrunner,meatboy,8,Stuck,1,0,-44.01,0.143,"[(329.0, 749.0), (290.8, 755.3), (278.8, 755.0), (263.3, 755.9), (249.4, 755.3), (233.8, 755.0), (235.4, 755.9), (236.9, 755.3), (230.3, 755.0), (226.1, 755.9), (221.8, 755.3), (217.6, 755.0), (213.4, 755.9), (209.2, 755.3), (204.9, 755.0), (200.7, 755.9), (196.5, 755.3), (192.3, 755.0), (188.1, 755.9), (183.8, 755.3), (179.6, 755.0), (175.4, 755.9), (171.2, 755.3), (166.9, 755.0), (162.7, 755.9), (158.5, 755.3), (154.3, 755.0), (150.1, 755.9), (145.8, 755.3), (141.6, 755.0), (137.4, 755.9), (133.2, 755.3), (128.9, 755.0), (124.7, 755.9), (120.5, 755.3), (116.3, 755.0), (112.1, 755.9), (107.8, 755.3), (103.6, 755.0)]",0,5.18
speedrunner,meatboy,8,Stuck,12,0,-30.07,0.104,"[(329.0, 749.0), (333.0, 755.3), (356.4, 755.0), (361.1, 755.9), (365.8, 755.3), (370.4, 755.0), (375.1, 755.9), (345.9, 720.2), (267.5, 717.9), (265.0, 734.4), (265.7, 755.9), (251.5, 755.0), (238.8, 755.9), (243.2, 755.3), (247.7, 755.0), (252.1, 755.9), (256.6, 755.3), (261.0, 755.0), (265.5, 755.9), (269.9, 755.3), (278.5, 755.0), (312.5, 755.9), (372.1, 747.3), (341.9, 696.2), (265.0, 666.2), (265.0, 661.5), (265.0, 675.7), (265.0, 708.7), (265.0, 755.0), (267.9, 755.9), (270.8, 755.3), (280.1, 755.0), (293.7, 755.9), (353.2, 755.3), (369.1, 740.2), (323.7, 691.5), (243.7, 661.6), (165.0, 650.6), (91.3, 658.5), (73.0, 685.2), (73.0, 724.6), (73.0, 747.3), (73.0, 737.9), (73.0, 747.3), (73.0, 741.6), (73.0, 739.2), (73.0, 755.7), (73.0, 738.5), (73.0, 743.2), (73.0, 745.1), (73.0, 738.0), (73.0, 749.8), (73.0, 740.2), (73.0, 740.3), (73.0, 755.0), (73.0, 738.0), (73.0, 745.1), (73.0, 743.2), (73.0, 738.5), (73.0, 752.6), (73.0, 739.2), (73.0, 741.6)]",0,8.17
speedrunner,meatboy,8,Stuck,4,0,-40.93,0.104,"[(329.0, 749.0), (333.0, 755.3), (353.2, 755.0), (357.8, 755.9), (362.5, 755.3), (367.2, 755.0), (371.8, 755.9), (342.7, 725.7), (265.0, 725.7), (265.0, 744.6), (237.0, 751.9), (198.5, 755.9), (181.6, 719.8), (153.1, 719.8), (129.8, 738.7), (120.9, 740.2), (112.0, 697.8), (95.7, 693.1), (84.7, 707.2), (79.0, 740.2), (75.3, 755.9), (73.0, 755.3), (73.0, 755.0), (73.0, 755.9), (73.0, 755.3), (73.0, 755.0), (73.0, 755.9), (73.0, 755.3), (73.0, 755.0), (73.0, 755.9), (73.0, 755.3), (73.0, 755.0), (73.0, 755.9), (73.0, 755.3), (73.0, 755.0), (73.0, 755.9), (73.0, 755.3), (73.0, 755.0), (73.0, 755.9), (73.0, 755.3), (73.0, 755.0), (73.0, 755.9), (73.0, 755.3), (73.0, 755.0), (73.0, 755.9), (73.0, 755.3)]",0,6.03
speedrunner,meatboy,8,Stuck,0,0,-49.81,0.104,"[(329.0, 749.0), (281.7, 755.3), (201.7, 755.0), (131.7, 755.9), (115.0, 755.3), (110.3, 755.0), (106.7, 755.9), (101.7, 755.3), (97.0, 755.0), (93.3, 755.9), (88.3, 755.3), (83.7, 755.0), (80.0, 755.9), (75.0, 755.3), (73.0, 755.0), (73.0, 755.9), (73.0, 755.3), (73.0, 755.0), (73.0, 755.9), (73.0, 755.3), (73.0, 755.0), (73.0, 755.9), (73.0, 755.3), (73.0, 755.0), (73.0, 755.9), (73.0, 755.3), (73.0, 755.0), (73.0, 755.9), (73.0, 755.3), (73.0, 755.0), (73.0, 755.9), (73.0, 755.3), (73.0, 755.0), (73.0, 755.9), (73.0, 755.3), (73.0, 755.0), (73.0, 755.9), (73.0, 755.3), (73.0, 755.0)]",0,5.13
speedrunner,meatboy,8,Stuck,0,0,59.11,0.896,"[(329.0, 749.0), (290.8, 755.3), (318.8, 755.0), (398.5, 755.9), (478.5, 755.3), (558.5, 755.0), (631.0, 755.9), (631.0, 755.3), (631.0, 755.0), (631.0, 755.9), (631.0, 755.3), (631.0, 755.0), (631.0, 755.9), (631.0, 755.3), (631.0, 755.0), (631.0, 755.9), (631.0, 755.3), (631.0, 755.0), (631.0, 755.9), (631.0, 755.3), (631.0, 755.0), (631.0, 755.9), (631.0, 755.3), (631.0, 755.0), (631.0, 755.9), (631.0, 755.3), (631.0, 755.0), (631.0, 755.9), (631.0, 755.3), (631.0, 755.0), (631.0, 755.9), (631.0, 755.3), (631.0, 755.0), (631.0, 755.9), (631.0, 755.3), (631.0, 755.0), (631.0, 755.9), (631.0, 755.3), (631.0, 755.0)]",0,5.07
speedrunner,meatboy,8,Stuck,1,0,-49.55,0.104,"[(329.0, 749.0), (281.7, 755.3), (201.7, 755.0), (121.7, 755.9), (73.0, 755.3), (73.0, 755.0), (73.0, 755.9), (73.0, 755.3), (73.0, 755.0), (73.0, 755.9), (73.0, 755.3), (73.0, 755.0), (73.0, 755.9), (73.0, 755.3), (73.0, 755.0), (73.0, 755.9), (73.0, 755.3), (73.0, 755.0), (73.0, 755.9), (73.0, 755.3), (73.0, 755.0), (73.0, 755.9), (73.0, 755.3), (73.0, 755.0), (73.0, 755.9), (73.0, 755.3), (73.0, 755.0), (73.0, 755.9), (73.0, 755.3), (73.0, 755.0), (73.0, 755.9), (73.0, 755.3), (73.0, 755.0), (73.0, 755.9), (73.0, 755.3), (73.0, 755.0), (73.0, 755.9), (73.0, 755.3), (73.0, 755.0)]",0,5.13
speedrunner,meatboy,8,Stuck,12,0,-30.07,0.104,"[(329.0, 749.0), (333.0, 755.3), (356.4, 755.0), (361.1, 755.9), (365.8, 755.3), (370.4, 755.0), (375.1, 755.9), (345.9, 720.2), (267.5, 717.9), (265.0, 734.4), (265.7, 755.9), (251.5, 755.0), (238.8, 755.9), (243.2, 755.3), (247.7, 755.0), (252.1, 755.9), (256.6, 755.3), (261.0, 755.0), (265.5, 755.9), (269.9, 755.3), (278.5, 755.0), (312.5, 755.9), (372.1, 747.3), (341.9, 696.2), (265.0, 666.2), (265.0, 661.5), (265.0, 675.7), (265.0, 708.7), (265.0, 755.0), (267.9, 755.9), (270.8, 755.3), (280.1, 755.0), (293.7, 755.9), (353.2, 755.3), (369.1, 740.2), (323.7, 691.5), (243.7, 661.6), (165.0, 650.6), (91.3, 658.5), (73.0, 685.2), (73.0, 724.6), (73.0, 747.3), (73.0, 737.9), (73.0, 747.3), (73.0, 741.6), (73.0, 739.2), (73.0, 755.7), (73.0, 738.5), (73.0, 743.2), (73.0, 745.1), (73.0, 738.0), (73.0, 749.8), (73.0, 740.2), (73.0, 740.3), (73.0, 755.0), (73.0, 738.0), (73.0, 745.1), (73.0, 743.2), (73.0, 738.5), (73.0, 752.6), (73.0, 739.2), (73.0, 741.6)]",0,8.17
speedrunner,meatboy,8,Stuck,14,0,-45.13,0.104,"[(329.0, 749.0), (333.0, 755.3), (342.7, 713.2), (279.3, 684.1), (265.0, 684.2), (265.0, 703.0), (265.0, 739.3), (265.0, 730.6), (265.0, 723.5), (257.4, 735.3), (255.4, 747.6), (241.6, 696.5), (172.2, 666.5), (103.9, 661.8), (73.0, 676.0), (73.0, 708.8), (73.0, 748.5), (73.0, 739.2), (73.0, 741.6), (73.0, 745.8), (73.0, 738.8), (73.0, 750.6), (73.0, 739.2), (73.0, 741.6), (73.0, 745.8), (73.0, 738.8), (73.0, 750.6), (73.0, 739.2), (73.0, 741.6), (73.0, 745.8), (73.0, 738.8), (73.0, 750.6), (73.0, 739.2), (73.0, 741.6), (73.0, 745.8), (73.0, 738.8), (73.0, 750.6), (73.0, 739.2), (73.0, 741.6), (73.0, 745.8), (73.0, 738.8)]",0,5.4
speedrunner,meatboy,8,Stuck,13,0,-46.35,0.104,"[(329.0, 749.0), (333.0, 755.3), (342.7, 713.2), (279.3, 680.7), (265.0, 678.4), (265.0, 694.9), (265.0, 729.6), (266.3, 739.9), (265.0, 723.5), (261.2, 730.6), (254.9, 755.0), (254.6, 707.5), (254.6, 670.6), (254.6, 653.0), (254.6, 663.6), (254.6, 693.0), (254.6, 741.3), (243.1, 719.7), (179.2, 678.1), (112.2, 661.8), (73.0, 666.5), (73.0, 690.1), (73.0, 728.6), (73.0, 745.1), (73.0, 738.0), (73.0, 749.8), (73.0, 740.0), (73.0, 742.3), (73.0, 745.1), (73.0, 738.0), (73.0, 749.8), (73.0, 740.0), (73.0, 742.3), (73.0, 745.1), (73.0, 738.0), (73.0, 749.8), (73.0, 740.0), (73.0, 742.3), (73.0, 745.1), (73.0, 738.0), (73.0, 749.8)]",0,5.4
speedrunner,meatboy,8,Stuck,4,0,-40.93,0.104,"[(329.0, 749.0), (333.0, 755.3), (353.2, 755.0), (357.8, 755.9), (362.5, 755.3), (367.2, 755.0), (371.8, 755.9), (342.7, 725.7), (265.0, 725.7), (265.0, 744.6), (237.0, 751.9), (198.5, 755.9), (181.6, 719.8), (153.1, 719.8), (129.8, 738.7), (120.9, 740.2), (112.0, 697.8), (95.7, 693.1), (84.7, 707.2), (79.0, 740.2), (75.3, 755.9), (73.0, 755.3), (73.0, 755.0), (73.0, 755.9), (73.0, 755.3), (73.0, 755.0), (73.0, 755.9), (73.0, 755.3), (73.0, 755.0), (73.0, 755.9), (73.0, 755.3), (73.0, 755.0), (73.0, 755.9), (73.0, 755.3), (73.0, 755.0), (73.0, 755.9), (73.0, 755.3), (73.0, 755.0), (73.0, 755.9), (73.0, 755.3), (73.0, 755.0), (73.0, 755.9), (73.0, 755.3), (73.0, 755.0), (73.0, 755.9), (73.0, 755.3)]",0,6.03
speedrunner,meatboy,8,Stuck,18,0,-27.94,0.104,"[(329.0, 749.0), (333.0, 755.3), (353.2, 755.0), (357.8, 755.9), (362.5, 755.3), (367.2, 755.0), (354.6, 719.4), (279.5, 685.5), (265.0, 683.1), (265.0, 699.6), (265.0, 734.3), (265.0, 732.8), (265.0, 723.4), (258.2, 732.8), (255.8, 755.3), (260.9, 755.0), (266.0, 755.9), (271.1, 755.3), (276.2, 755.0), (281.3, 755.9), (306.2, 755.3), (371.5, 732.8), (411.6, 689.0), (439.0, 681.9), (439.0, 693.7), (439.0, 724.4), (435.0, 739.9), (371.7, 691.2), (291.7, 661.4), (212.9, 654.8), (134.7, 672.4), (73.0, 708.3), (73.0, 748.0), (73.0, 739.2), (73.0, 741.6), (73.0, 747.3), (73.0, 737.9), (73.0, 747.3), (73.0, 741.6), (73.0, 739.2), (73.0, 755.7), (73.0, 738.5), (73.0, 743.2), (73.0, 745.1), (73.0, 738.0), (73.0, 749.8), (73.0, 740.2), (73.0, 740.3), (73.0, 755.0), (73.0, 738.0), (73.0, 745.1), (73.0, 743.2), (73.0, 738.5), (73.0, 752.6), (73.0, 739.2), (73.0, 741.6), (73.0, 747.3), (73.0, 737.9), (73.0, 747.3), (73.0, 741.6), (73.0, 739.2), (73.0, 755.7), (73.0, 738.5), (73.0, 743.2), (73.0, 745.1), (73.0, 738.0)]",0,8.75
speedrunner,meatboy,8,Stuck,12,0,-30.38,0.104,"[(329.0, 749.0), (333.0, 755.3), (356.4, 755.0), (361.1, 755.9), (365.8, 755.3), (370.4, 755.0), (375.1, 755.9), (345.9, 720.2), (267.5, 717.9), (265.0, 734.4), (265.7, 755.9), (251.5, 755.0), (242.1, 755.9), (246.5, 755.3), (251.0, 755.0), (255.4, 755.9), (259.9, 755.3), (264.3, 755.0), (268.8, 755.9), (275.9, 755.3), (298.4, 755.0), (365.7, 755.9), (357.4, 707.2), (282.1, 670.3), (265.0, 660.9), (265.0, 670.4), (265.0, 698.7), (265.0, 745.8), (267.2, 755.0), (270.1, 755.9), (279.1, 755.3), (290.5, 755.0), (353.0, 755.9), (372.8, 707.2), (379.1, 683.1), (380.4, 685.5), (380.4, 706.7), (380.4, 746.8), (352.4, 713.2), (273.0, 673.9), (193.5, 654.3), (118.5, 654.3), (73.0, 673.2), (73.0, 709.4), (73.0, 749.1), (73.0, 739.2), (73.0, 741.6), (73.0, 747.3), (73.0, 737.9), (73.0, 747.3), (73.0, 741.6), (73.0, 739.2), (73.0, 755.7), (73.0, 738.5), (73.0, 743.2), (73.0, 745.1), (73.0, 738.0), (73.0, 749.8), (73.0, 740.2), (73.0, 740.3), (73.0, 755.0)]",0,8.07
speedrunner,meatboy,8,Stuck,14,0,-44.51,0.104,"[(329.0, 749.0), (333.0, 755.3), (338.6, 732.8), (282.7, 686.4), (265.0, 669.0), (265.0, 673.7), (265.0, 697.3), (265.0, 735.8), (265.0, 737.7), (265.0, 730.6), (260.2, 742.4), (255.9, 732.8), (204.6, 686.4), (128.9, 663.3), (73.0, 663.3), (73.0, 682.2), (73.0, 718.4), (73.0, 755.0), (73.0, 738.0), (73.0, 745.1), (73.0, 742.3), (73.0, 740.0), (73.0, 755.0), (73.0, 738.0), (73.0, 745.1), (73.0, 742.3), (73.0, 740.0), (73.0, 755.0), (73.0, 738.0), (73.0, 745.1), (73.0, 742.3), (73.0, 740.0), (73.0, 755.0), (73.0, 738.0), (73.0, 745.1), (73.0, 742.3), (73.0, 740.0), (73.0, 755.0), (73.0, 738.0), (73.0, 745.1), (73.0, 742.3), (73.0, 740.0)]",0,5.5
speedrunner,meatboy,8,Stuck,12,0,-30.45,0.104,"[(329.0, 749.0), (333.0, 755.3), (356.4, 755.0), (361.1, 755.9), (365.8, 755.3), (370.4, 755.0), (375.1, 755.9), (345.9, 720.2), (267.5, 717.9), (265.0, 734.4), (265.7, 755.9), (251.5, 755.0), (242.1, 755.9), (246.5, 755.3), (251.0, 755.0), (255.4, 755.9), (259.9, 755.3), (264.3, 755.0), (268.8, 755.9), (275.9, 755.3), (298.4, 755.0), (365.7, 755.9), (357.4, 707.2), (282.1, 670.3), (265.0, 660.9), (265.0, 670.4), (265.0, 698.7), (265.0, 745.8), (267.2, 755.0), (270.1, 755.9), (279.1, 755.3), (290.5, 755.0), (335.1, 755.9), (367.2, 755.3), (342.8, 701.9), (263.7, 667.3), (184.2, 651.6), (109.2, 654.8), (73.0, 676.7), (73.0, 714.6), (73.0, 754.3), (73.0, 738.5), (73.0, 743.2), (73.0, 745.1), (73.0, 738.0), (73.0, 749.8), (73.0, 740.2), (73.0, 740.3), (73.0, 755.0), (73.0, 738.0), (73.0, 745.1), (73.0, 743.2), (73.0, 738.5), (73.0, 752.6), (73.0, 739.2), (73.0, 741.6), (73.0, 747.3), (73.0, 737.9), (73.0, 747.3), (73.0, 741.6), (73.0, 739.2)]",0,8.07
speedrunner,meatboy,8,Stuck,12,0,-30.07,0.104,"[(329.0, 749.0), (333.0, 755.3), (356.4, 755.0), (361.1, 755.9), (365.8, 755.3), (370.4, 755.0), (375.1, 755.9), (345.9, 720.2), (267.5, 717.9), (265.0, 734.4), (265.7, 755.9), (251.5, 755.0), (238.8, 755.9), (243.2, 755.3), (247.7, 755.0), (252.1, 755.9), (256.6, 755.3), (261.0, 755.0), (265.5, 755.9), (269.9, 755.3), (278.5, 755.0), (312.5, 755.9), (372.1, 747.3), (341.9, 696.2), (265.0, 666.2), (265.0, 661.5), (265.0, 675.7), (265.0, 708.7), (265.0, 755.0), (267.9, 755.9), (270.8, 755.3), (280.1, 755.0), (293.7, 755.9), (353.2, 755.3), (369.1, 740.2), (323.7, 691.5), (243.7, 661.6), (165.0, 650.6), (91.3, 658.5), (73.0, 685.2), (73.0, 724.6), (73.0, 747.3), (73.0, 737.9), (73.0, 747.3), (73.0, 741.6), (73.0, 739.2), (73.0, 755.7), (73.0, 738.5), (73.0, 743.2), (73.0, 745.1), (73.0, 738.0), (73.0, 749.8), (73.0, 740.2), (73.0, 740.3), (73.0, 755.0), (73.0, 738.0), (73.0, 745.1), (73.0, 743.2), (73.0, 738.5), (73.0, 752.6), (73.0, 739.2), (73.0, 741.6)]",0,8.17
speedrunner,meatboy,8,Stuck,14,0,-36.93,0.104,"[(329.0, 749.0), (333.0, 755.3), (343.3, 755.0), (345.3, 755.9), (347.3, 755.3), (352.0, 755.0), (356.7, 755.9), (361.3, 755.3), (366.0, 755.0), (370.7, 755.9), (375.3, 755.3), (380.0, 755.0), (350.8, 726.0), (271.9, 726.0), (265.0, 744.9), (245.0, 750.8), (196.8, 755.3), (185.6, 716.2), (156.3, 711.5), (132.4, 725.6), (113.9, 755.0), (110.8, 714.1), (96.6, 693.7), (84.9, 698.4), (78.6, 722.0), (76.6, 755.3), (73.0, 725.0), (73.0, 727.4), (73.0, 748.6), (73.0, 739.2), (73.0, 741.6), (73.0, 747.3), (73.0, 737.9), (73.0, 747.3), (73.0, 741.6), (73.0, 739.2), (73.0, 755.7), (73.0, 738.5), (73.0, 743.2), (73.0, 745.1), (73.0, 738.0), (73.0, 749.8), (73.0, 740.2), (73.0, 740.3), (73.0, 755.0), (73.0, 738.0), (73.0, 745.1), (73.0, 743.2), (73.0, 738.5), (73.0, 752.6), (73.0, 739.2)]",0,6.72
speedrunner,meatboy,8,Stuck,12,0,-30.07,0.104,"[(329.0, 749.0), (333.0, 755.3), (356.4, 755.0), (361.1, 755.9), (365.8, 755.3), (370.4, 755.0), (375.1, 755.9), (345.9, 720.2), (267.5, 717.9), (265.0, 734.4), (265.7, 755.9), (251.5, 755.0), (238.8, 755.9), (243.2, 755.3), (247.7, 755.0), (252.1, 755.9), (256.6, 755.3), (261.0, 755.0), (265.5, 755.9), (269.9, 755.3), (278.5, 755.0), (312.5, 755.9), (372.1, 747.3), (341.9, 696.2), (265.0, 666.2), (265.0, 661.5), (265.0, 675.7), (265.0, 708.7), (265.0, 755.0), (267.9, 755.9), (270.8, 755.3), (280.1, 755.0), (293.7, 755.9), (353.2, 755.3), (369.1, 740.2), (323.7, 691.5), (243.7, 661.6), (165.0, 650.6), (91.3, 658.5), (73.0, 685.2), (73.0, 724.6), (73.0, 747.3), (73.0, 737.9), (73.0, 747.3), (73.0, 741.6), (73.0, 739.2), (73.0, 755.7), (73.0, 738.5), (73.0, 743.2), (73.0, 745.1), (73.0, 738.0), (73.0, 749.8), (73.0, 740.2), (73.0, 740.3), (73.0, 755.0), (73.0, 738.0), (73.0, 745.1), (73.0, 743.2), (73.0, 738.5), (73.0, 752.6), (73.0, 739.2), (73.0, 741.6)]",0,8.17
speedrunner,meatboy,8,Stuck,12,0,-30.45,0.104,"[(329.0, 749.0), (333.0, 755.3), (356.4, 755.0), (361.1, 755.9), (365.8, 755.3), (370.4, 755.0), (375.1, 755.9), (345.9, 720.2), (267.5, 717.9), (265.0, 734.4), (265.7, 755.9), (251.5, 755.0), (242.1, 755.9), (246.5, 755.3), (251.0, 755.0), (255.4, 755.9), (259.9, 755.3), (264.3, 755.0), (268.8, 755.9), (275.9, 755.3), (298.4, 755.0), (365.7, 755.9), (357.4, 707.2), (282.1, 670.3), (265.0, 660.9), (265.0, 670.4), (265.0, 698.7), (265.0, 745.8), (267.2, 755.0), (270.1, 755.9), (279.1, 755.3), (290.5, 755.0), (335.1, 755.9), (367.2, 755.3), (342.8, 701.9), (263.7, 667.3), (184.2, 651.6), (109.2, 654.8), (73.0, 676.7), (73.0, 714.6), (73.0, 754.3), (73.0, 738.5), (73.0, 743.2), (73.0, 745.1), (73.0, 738.0), (73.0, 749.8), (73.0, 740.2), (73.0, 740.3), (73.0, 755.0), (73.0, 738.0), (73.0, 745.1), (73.0, 743.2), (73.0, 738.5), (73.0, 752.6), (73.0, 739.2), (73.0, 741.6), (73.0, 747.3), (73.0, 737.9), (73.0, 747.3), (73.0, 741.6), (73.0, 739.2)]",0,8.07
speedrunner,meatboy,8,Stuck,14,0,-44.51,0.104,"[(329.0, 749.0), (333.0, 755.3), (338.6, 732.8), (282.7, 686.4), (265.0, 669.0), (265.0, 673.7), (265.0, 697.3), (265.0, 735.8), (265.0, 737.7), (265.0, 730.6), (260.2, 742.4), (255.9, 732.8), (204.6, 686.4), (128.9, 663.3), (73.0, 663.3), (73.0, 682.2), (73.0, 718.4), (73.0, 755.0), (73.0, 738.0), (73.0, 745.1), (73.0, 742.3), (73.0, 740.0), (73.0, 755.0), (73.0, 738.0), (73.0, 745.1), (73.0, 742.3), (73.0, 740.0), (73.0, 755.0), (73.0, 738.0), (73.0, 745.1), (73.0, 742.3), (73.0, 740.0), (73.0, 755.0), (73.0, 738.0), (73.0, 745.1), (73.0, 742.3), (73.0, 740.0), (73.0, 755.0), (73.0, 738.0), (73.0, 745.1), (73.0, 742.3), (73.0, 740.0)]",0,5.5
speedrunner,meatboy,8,Stuck,12,0,-30.38,0.104,"[(329.0, 749.0), (333.0, 755.3), (356.4, 755.0), (361.1, 755.9), (365.8, 755.3), (370.4, 755.0), (375.1, 755.9), (345.9, 720.2), (267.5, 717.9), (265.0, 734.4), (265.7, 755.9), (251.5, 755.0), (242.1, 755.9), (246.5, 755.3), (251.0, 755.0), (255.4, 755.9), (259.9, 755.3), (264.3, 755.0), (268.8, 755.9), (275.9, 755.3), (298.4, 755.0), (365.7, 755.9), (357.4, 707.2), (282.1, 670.3), (265.0, 660.9), (265.0, 670.4), (265.0, 698.7), (265.0, 745.8), (267.2, 755.0), (270.1, 755.9), (279.1, 755.3), (290.5, 755.0), (353.0, 755.9), (372.8, 707.2), (379.1, 683.1), (380.4, 685.5), (380.4, 706.7), (380.4, 746.8), (352.4, 713.2), (273.0, 673.9), (193.5, 654.3), (118.5, 654.3), (73.0, 673.2), (73.0, 709.4), (73.0, 749.1), (73.0, 739.2), (73.0, 741.6), (73.0, 747.3), (73.0, 737.9), (73.0, 747.3), (73.0, 741.6), (73.0, 739.2), (73.0, 755.7), (73.0, 738.5), (73.0, 743.2), (73.0, 745.1), (73.0, 738.0), (73.0, 749.8), (73.0, 740.2), (73.0, 740.3), (73.0, 755.0)]",0,8.07
speedrunner,meatboy,8,Stuck,12,0,-30.45,0.104,"[(329.0, 749.0), (333.0, 755.3), (356.4, 755.0), (361.1, 755.9), (365.8, 755.3), (370.4, 755.0), (375.1, 755.9), (345.9, 720.2), (267.5, 717.9), (265.0, 734.4), (265.7, 755.9), (251.5, 755.0), (242.1, 755.9), (246.5, 755.3), (251.0, 755.0), (255.4, 755.9), (259.9, 755.3), (264.3, 755.0), (268.8, 755.9), (275.9, 755.3), (298.4, 755.0), (365.7, 755.9), (357.4, 707.2), (282.1, 670.3), (265.0, 660.9), (265.0, 670.4), (265.0, 698.7), (265.0, 745.8), (267.2, 755.0), (270.1, 755.9), (279.1, 755.3), (290.5, 755.0), (335.1, 755.9), (367.2, 755.3), (342.8, 701.9), (263.7, 667.3), (184.2, 651.6), (109.2, 654.8), (73.0, 676.7), (73.0, 714.6), (73.0, 754.3), (73.0, 738.5), (73.0, 743.2), (73.0, 745.1), (73.0, 738.0), (73.0, 749.8), (73.0, 740.2), (73.0, 740.3), (73.0, 755.0), (73.0, 738.0), (73.0, 745.1), (73.0, 743.2), (73.0, 738.5), (73.0, 752.6), (73.0, 739.2), (73.0, 741.6), (73.0, 747.3), (73.0, 737.9), (73.0, 747.3), (73.0, 741.6), (73.0, 739.2)]",0,8.07
speedrunner,meatboy,8,Stuck,19,0,-27.36,0.104,"[(329.0, 749.0), (333.0, 755.3), (368.1, 732.8), (375.4, 689.0), (324.8, 681.9), (265.0, 693.7), (265.0, 724.4), (266.3, 755.3), (252.4, 755.2), (244.7, 747.3), (234.6, 696.2), (229.8, 689.4), (224.5, 711.8), (218.9, 753.0), (224.0, 755.3), (229.1, 755.0), (234.2, 755.9), (239.3, 755.3), (244.4, 755.0), (249.5, 755.9), (254.6, 755.3), (259.7, 755.0), (264.9, 755.9), (270.0, 755.3), (282.5, 755.0), (332.5, 755.9), (376.6, 725.9), (384.9, 687.1), (387.9, 682.4), (387.9, 696.5), (387.9, 729.5), (379.9, 732.8), (310.6, 686.4), (230.6, 658.9), (153.6, 650.3), (81.9, 660.5), (73.0, 689.5), (73.0, 729.2), (73.0, 745.1), (73.0, 738.0), (73.0, 749.8), (73.0, 740.2), (73.0, 740.3), (73.0, 755.0), (73.0, 738.0), (73.0, 745.1), (73.0, 743.2), (73.0, 738.5), (73.0, 752.6), (73.0, 739.2), (73.0, 741.6), (73.0, 747.3), (73.0, 737.9), (73.0, 747.3), (73.0, 741.6), (73.0, 739.2), (73.0, 755.7), (73.0, 738.5), (73.0, 743.2), (73.0, 745.1), (73.0, 738.0), (73.0, 749.8), (73.0, 740.2), (73.0, 740.3), (73.0, 755.0), (73.0, 738.0), (73.0, 745.1), (73.0, 743.2), (73.0, 738.5), (73.0, 752.6), (73.0, 739.2)]",0,9.33
speedrunner,meatboy,8,Stuck,3,0,-39.02,0.104,"[(329.0, 749.0), (333.0, 755.3), (346.6, 755.0), (351.3, 755.9), (355.9, 755.3), (360.6, 755.0), (365.3, 755.9), (369.9, 755.3), (374.6, 755.0), (379.3, 755.9), (383.9, 747.3), (333.9, 723.9), (265.0, 728.7), (265.0, 752.3), (227.7, 753.4), (198.2, 748.2), (177.7, 713.2), (149.9, 713.3), (127.3, 732.1), (113.8, 755.9), (110.9, 755.3), (108.0, 755.0), (105.1, 755.9), (102.3, 755.3), (99.4, 755.0), (96.5, 755.9), (93.6, 755.3), (90.7, 755.0), (87.8, 755.9), (84.9, 755.3), (82.0, 755.0), (78.0, 755.9), (73.0, 755.3), (73.0, 755.0), (73.0, 755.9), (73.0, 755.3), (73.0, 755.0), (73.0, 755.9), (73.0, 755.3), (73.0, 755.0), (73.0, 755.9), (73.0, 755.3), (73.0, 755.0), (73.0, 755.9), (73.0, 755.3), (73.0, 755.0), (73.0, 755.9), (73.0, 755.3), (73.0, 755.0), (73.0, 755.9)]",0,6.55
speedrunner,meatboy,8,Stuck,4,0,-32.13,0.104,"[(329.0, 749.0), (333.0, 755.3), (353.2, 755.0), (357.8, 755.9), (362.5, 755.3), (367.2, 755.0), (371.8, 755.9), (376.5, 755.3), (381.2, 755.0), (385.8, 755.9), (390.5, 755.3), (395.2, 755.0), (399.8, 755.9), (404.5, 755.3), (409.2, 755.0), (413.8, 755.9), (418.5, 755.3), (423.2, 755.0), (427.8, 755.9), (398.7, 725.7), (318.9, 725.7), (265.0, 744.6), (260.1, 749.9), (244.1, 755.0), (230.9, 749.3), (216.5, 747.6), (212.3, 699.7), (155.5, 692.6), (75.7, 704.4), (73.0, 735.1), (73.0, 755.0), (73.0, 755.9), (73.0, 755.3), (73.0, 755.0), (73.0, 755.9), (73.0, 755.3), (73.0, 755.0), (73.0, 755.9), (73.0, 755.3), (73.0, 755.0), (73.0, 755.9), (73.0, 755.3), (73.0, 755.0), (73.0, 755.9), (73.0, 755.3), (73.0, 755.0), (73.0, 755.9), (73.0, 755.3), (73.0, 755.0), (73.0, 755.9), (73.0, 755.3), (73.0, 755.0), (73.0, 755.9), (73.0, 755.3), (73.0, 755.0), (73.0, 755.9), (73.0, 755.3), (73.0, 755.0), (73.0, 755.9)]",0,7.73
speedrunner,meatboy,8,Stuck,12,0,-30.07,0.104,"[(329.0, 749.0), (333.0, 755.3), (356.4, 755.0), (361.1, 755.9), (365.8, 755.3), (370.4, 755.0), (375.1, 755.9), (345.9, 720.2), (267.5, 717.9), (265.0, 734.4), (265.7, 755.9), (251.5, 755.0), (238.8, 755.9), (243.2, 755.3), (247.7, 755.0), (252.1, 755.9), (256.6, 755.3), (261.0, 755.0), (265.5, 755.9), (269.9, 755.3), (278.5, 755.0), (312.5, 755.9), (372.1, 747.3), (341.9, 696.2), (265.0, 666.2), (265.0, 661.5), (265.0, 675.7), (265.0, 708.7), (265.0, 755.0), (267.9, 755.9), (270.8, 755.3), (280.1, 755.0), (293.7, 755.9), (353.2, 755.3), (369.1, 740.2), (323.7, 691.5), (243.7, 661.6), (165.0, 650.6), (91.3, 658.5), (73.0, 685.2), (73.0, 724.6), (73.0, 747.3), (73.0, 737.9), (73.0, 747.3), (73.0, 741.6), (73.0, 739.2), (73.0, 755.7), (73.0, 738.5), (73.0, 743.2), (73.0, 745.1), (73.0, 738.0), (73.0, 749.8), (73.0, 740.2), (73.0, 740.3), (73.0, 755.0), (73.0, 738.0), (73.0, 745.1), (73.0, 743.2), (73.0, 738.5), (73.0, 752.6), (73.0, 739.2), (73.0, 741.6)]",0,8.17
speedrunner,meatboy,8,Stuck,14,0,-45.31,0.104,"[(329.0, 749.0), (333.0, 755.3), (342.7, 713.2), (279.3, 680.7), (265.0, 678.4), (265.0, 694.9), (265.0, 729.6), (266.3, 739.9), (265.0, 723.5), (261.2, 730.6), (254.9, 755.0), (229.1, 701.6), (151.7, 668.1), (78.7, 661.1), (73.0, 672.9), (73.0, 703.5), (73.0, 743.2), (73.0, 740.2), (73.0, 740.3), (73.0, 748.0), (73.0, 738.6), (73.0, 748.1), (73.0, 740.2), (73.0, 740.3), (73.0, 748.0), (73.0, 738.6), (73.0, 748.1), (73.0, 740.2), (73.0, 740.3), (73.0, 748.0), (73.0, 738.6), (73.0, 748.1), (73.0, 740.2), (73.0, 740.3), (73.0, 748.0), (73.0, 738.6), (73.0, 748.1), (73.0, 740.2), (73.0, 740.3), (73.0, 748.0), (73.0, 738.6)]",0,5.4
speedrunner,meatboy,8,Stuck,12,0,-30.07,0.104,"[(329.0, 749.0), (333.0, 755.3), (356.4, 755.0), (361.1, 755.9), (365.8, 755.3), (370.4, 755.0), (375.1, 755.9), (345.9, 720.2), (267.5, 717.9), (265.0, 734.4), (265.7, 755.9), (251.5, 755.0), (238.8, 755.9), (243.2, 755.3), (247.7, 755.0), (252.1, 755.9), (256.6, 755.3), (261.0, 755.0), (265.5, 755.9), (269.9, 755.3), (278.5, 755.0), (312.5, 755.9), (372.1, 747.3), (341.9, 696.2), (265.0, 666.2), (265.0, 661.5), (265.0, 675.7), (265.0, 708.7), (265.0, 755.0), (267.9, 755.9), (270.8, 755.3), (280.1, 755.0), (293.7, 755.9), (353.2, 755.3), (369.1, 740.2), (323.7, 691.5), (243.7, 661.6), (165.0, 650.6), (91.3, 658.5), (73.0, 685.2), (73.0, 724.6), (73.0, 747.3), (73.0, 737.9), (73.0, 747.3), (73.0, 741.6), (73.0, 739.2), (73.0, 755.7), (73.0, 738.5), (73.0, 743.2), (73.0, 745.1), (73.0, 738.0), (73.0, 749.8), (73.0, 740.2), (73.0, 740.3), (73.0, 755.0), (73.0, 738.0), (73.0, 745.1), (73.0, 743.2), (73.0, 738.5), (73.0, 752.6), (73.0, 739.2), (73.0, 741.6)]",0,8.17
speedrunner,meatboy,8,Stuck,19,0,-27.36,0.104,"[(329.0, 749.0), (333.0, 755.3), (368.1, 732.8), (375.4, 689.0), (324.8, 681.9), (265.0, 693.7), (265.0, 724.4), (266.3, 755.3), (252.4, 755.2), (244.7, 747.3), (234.6, 696.2), (229.8, 689.4), (224.5, 711.8), (218.9, 753.0), (224.0, 755.3), (229.1, 755.0), (234.2, 755.9), (239.3, 755.3), (244.4, 755.0), (249.5, 755.9), (254.6, 755.3), (259.7, 755.0), (264.9, 755.9), (270.0, 755.3), (282.5, 755.0), (332.5, 755.9), (376.6, 725.9), (384.9, 687.1), (387.9, 682.4), (387.9, 696.5), (387.9, 729.5), (379.9, 732.8), (310.6, 686.4), (230.6, 658.9), (153.6, 650.3), (81.9, 660.5), (73.0, 689.5), (73.0, 729.2), (73.0, 745.1), (73.0, 738.0), (73.0, 749.8), (73.0, 740.2), (73.0, 740.3), (73.0, 755.0), (73.0, 738.0), (73.0, 745.1), (73.0, 743.2), (73.0, 738.5), (73.0, 752.6), (73.0, 739.2), (73.0, 741.6), (73.0, 747.3), (73.0, 737.9), (73.0, 747.3), (73.0, 741.6), (73.0, 739.2), (73.0, 755.7), (73.0, 738.5), (73.0, 743.2), (73.0, 745.1), (73.0, 738.0), (73.0, 749.8), (73.0, 740.2), (73.0, 740.3), (73.0, 755.0), (73.0, 738.0), (73.0, 745.1), (73.0, 743.2), (73.0, 738.5), (73.0, 752.6), (73.0, 739.2)]",0,9.33
speedrunner,meatboy,8,Stuck,12,0,-30.45,0.104,"[(329.0, 749.0), (333.0, 755.3), (356.4, 755.0), (361.1, 755.9), (365.8, 755.3), (370.4, 755.0), (375.1, 755.9), (345.9, 720.2), (267.5, 717.9), (265.0, 734.4), (265.7, 755.9), (251.5, 755.0), (242.1, 755.9), (246.5, 755.3), (251.0, 755.0), (255.4, 755.9), (259.9, 755.3), (264.3, 755.0), (268.8, 755.9), (275.9, 755.3), (298.4, 755.0), (365.7, 755.9), (357.4, 707.2), (282.1, 670.3), (265.0, 660.9), (265.0, 670.4), (265.0, 698.7), (265.0, 745.8), (267.2, 755.0), (270.1, 755.9), (279.1, 755.3), (290.5, 755.0), (335.1, 755.9), (367.2, 755.3), (342.8, 701.9), (263.7, 667.3), (184.2, 651.6), (109.2, 654.8), (73.0, 676.7), (73.0, 714.6), (73.0, 754.3), (73.0, 738.5), (73.0, 743.2), (73.0, 745.1), (73.0, 738.0), (73.0, 749.8), (73.0, 740.2), (73.0, 740.3), (73.0, 755.0), (73.0, 738.0), (73.0, 745.1), (73.0, 743.2), (73.0, 738.5), (73.0, 752.6), (73.0, 739.2), (73.0, 741.6), (73.0, 747.3), (73.0, 737.9), (73.0, 747.3), (73.0, 741.6), (73.0, 739.2)]",0,8.07
speedrunner,meatboy,8,Stuck,12,0,-30.38,0.104,"[(329.0, 749.0), (333.0, 755.3), (356.4, 755.0), (361.1, 755.9), (365.8, 755.3), (370.4, 755.0), (375.1, 755.9), (345.9, 720.2), (267.5, 717.9), (265.0, 734.4), (265.7, 755.9), (251.5, 755.0), (242.1, 755.9), (246.5, 755.3), (251.0, 755.0), (255.4, 755.9), (259.9, 755.3), (264.3, 755.0), (268.8, 755.9), (275.9, 755.3), (298.4, 755.0), (365.7, 755.9), (357.4, 707.2), (282.1, 670.3), (265.0, 660.9), (265.0, 670.4), (265.0, 698.7), (265.0, 745.8), (267.2, 755.0), (270.1, 755.9), (279.1, 755.3), (290.5, 755.0), (353.0, 755.9), (372.8, 707.2), (379.1, 683.1), (380.4, 685.5), (380.4, 706.7), (380.4, 746.8), (352.4, 713.2), (273.0, 673.9), (193.5, 654.3), (118.5, 654.3), (73.0, 673.2), (73.0, 709.4), (73.0, 749.1), (73.0, 739.2), (73.0, 741.6), (73.0, 747.3), (73.0, 737.9), (73.0, 747.3), (73.0, 741.6), (73.0, 739.2), (73.0, 755.7), (73.0, 738.5), (73.0, 743.2), (73.0, 745.1), (73.0, 738.0), (73.0, 749.8), (73.0, 740.2), (73.0, 740.3), (73.0, 755.0)]",0,8.07
speedrunner,meatboy,8,Stuck,16,0,-40.6,0.104,"[(329.0, 749.0), (333.0, 755.3), (353.2, 755.0), (357.8, 755.9), (362.5, 755.3), (367.2, 755.0), (371.8, 755.9), (376.5, 747.3), (326.4, 723.9), (265.0, 728.7), (265.0, 752.3), (256.8, 751.9), (240.1, 755.9), (229.2, 750.8), (221.4, 725.9), (216.4, 723.2), (211.1, 747.9), (206.4, 719.7), (183.5, 693.8), (130.5, 696.2), (82.9, 717.4), (73.0, 754.9), (73.0, 738.5), (73.0, 743.2), (73.0, 745.1), (73.0, 738.0), (73.0, 749.8), (73.0, 740.2), (73.0, 740.3), (73.0, 755.0), (73.0, 738.0), (73.0, 745.1), (73.0, 743.2), (73.0, 738.5), (73.0, 752.6), (73.0, 739.2), (73.0, 741.6), (73.0, 747.3), (73.0, 737.9), (73.0, 747.3), (73.0, 741.6), (73.0, 739.2), (73.0, 755.7), (73.0, 738.5), (73.0, 743.2), (73.0, 745.1), (73.0, 738.0)]",0,6.13
speedrunner,meatboy,8,Stuck,6,0,-8.95,0.39,"[(329.0, 749.0), (333.0, 755.3), (364.8, 732.8), (347.1, 700.2), (270.0, 700.2), (265.0, 719.1), (265.0, 755.6), (255.3, 753.4), (244.2, 755.0), (243.8, 755.9), (243.4, 755.3), (242.9, 755.0), (242.5, 755.9), (242.0, 755.3), (241.6, 755.0), (241.1, 755.9), (240.7, 755.3), (240.2, 755.0), (237.9, 739.9), (233.4, 691.2), (228.2, 691.2), (222.6, 715.9), (218.0, 755.0), (212.3, 707.5), (210.0, 672.0), (201.7, 665.0), (198.7, 676.8), (191.1, 707.4), (187.4, 755.0), (193.9, 755.9), (200.3, 755.3), (206.7, 755.0), (213.2, 755.9), (219.6, 755.3), (226.1, 755.0), (232.5, 755.9), (239.0, 755.3), (245.4, 755.0), (251.9, 755.9), (258.3, 755.3), (264.8, 755.0), (271.2, 755.9)]",0,5.52
speedrunner,meatboy,8,Stuck,16,0,-35.07,0.104,"[(329.0, 749.0), (333.0, 755.3), (392.3, 732.8), (439.0, 695.9), (439.0, 693.5), (439.0, 710.0), (439.0, 745.4), (411.0, 713.2), (338.7, 677.9), (271.7, 673.2), (265.0, 687.3), (265.0, 720.1), (266.3, 755.0), (322.3, 755.9), (373.2, 747.3), (327.8, 696.2), (247.8, 664.1), (169.0, 652.1), (95.4, 659.2), (73.0, 685.1), (73.0, 724.3), (73.0, 747.3), (73.0, 737.9), (73.0, 747.3), (73.0, 741.6), (73.0, 739.2), (73.0, 755.7), (73.0, 738.5), (73.0, 743.2), (73.0, 745.1), (73.0, 738.0), (73.0, 749.8), (73.0, 740.2), (73.0, 740.3), (73.0, 755.0), (73.0, 738.0), (73.0, 745.1), (73.0, 743.2), (73.0, 738.5), (73.0, 752.6), (73.0, 739.2), (73.0, 741.6), (73.0, 747.3), (73.0, 737.9), (73.0, 747.3), (73.0, 741.6), (73.0, 739.2), (73.0, 755.7), (73.0, 738.5), (73.0, 743.2), (73.0, 745.1), (73.0, 738.0), (73.0, 749.8), (73.0, 740.2)]",0,7.1
speedrunner,meatboy,8,Stuck,13,0,-41.23,0.104,"[(329.0, 749.0), (333.0, 755.3), (392.3, 732.8), (439.0, 692.1), (439.0, 687.4), (439.0, 701.6), (439.0, 734.6), (425.7, 725.9), (352.5, 682.0), (278.2, 668.5), (265.0, 675.6), (265.0, 701.6), (265.0, 740.8), (285.0, 755.3), (362.3, 755.0), (378.4, 719.4), (312.9, 677.8), (232.9, 655.0), (155.2, 651.1), (82.9, 666.0), (73.0, 699.5), (73.0, 739.2), (73.0, 741.6), (73.0, 739.2), (73.0, 755.7), (73.0, 738.5), (73.0, 743.2), (73.0, 745.1), (73.0, 738.0), (73.0, 749.8), (73.0, 740.2), (73.0, 740.3), (73.0, 755.0), (73.0, 738.0), (73.0, 745.1), (73.0, 743.2), (73.0, 738.5), (73.0, 752.6), (73.0, 739.2), (73.0, 741.6), (73.0, 747.3), (73.0, 737.9), (73.0, 747.3), (73.0, 741.6), (73.0, 739.2), (73.0, 755.7), (73.0, 738.5)]",0,6.18
speedrunner,meatboy,8,Stuck,15,0,-44.89,0.104,"[(329.0, 749.0), (333.0, 755.3), (347.2, 740.2), (308.7, 691.5), (265.0, 682.1), (265.0, 691.5), (265.0, 719.8), (262.4, 755.0), (208.9, 755.0), (137.0, 701.6), (73.0, 668.1), (73.0, 661.1), (73.0, 672.9), (73.0, 703.5), (73.0, 743.2), (73.0, 740.2), (73.0, 740.3), (73.0, 748.0), (73.0, 738.6), (73.0, 748.1), (73.0, 740.2), (73.0, 740.3), (73.0, 748.0), (73.0, 738.6), (73.0, 748.1), (73.0, 740.2), (73.0, 740.3), (73.0, 748.0), (73.0, 738.6), (73.0, 748.1), (73.0, 740.2), (73.0, 740.3), (73.0, 748.0), (73.0, 738.6), (73.0, 748.1), (73.0, 740.2), (73.0, 740.3), (73.0, 748.0), (73.0, 738.6), (73.0, 748.1), (73.0, 740.2)]",0,5.45
speedrunner,meatboy,8,Stuck,11,0,-40.92,0.104,"[(329.0, 749.0), (333.0, 755.3), (353.2, 755.0), (357.8, 755.9), (362.5, 755.3), (367.2, 755.0), (371.8, 755.9), (376.5, 747.3), (326.4, 717.9), (265.0, 720.2), (265.0, 741.5), (261.9, 749.3), (245.7, 755.9), (239.9, 755.3), (244.4, 755.0), (248.8, 755.9), (253.3, 755.3), (257.7, 755.0), (262.1, 755.9), (266.6, 755.3), (271.0, 755.0), (275.5, 755.9), (234.8, 707.2), (156.6, 676.2), (83.6, 673.9), (73.0, 690.4), (73.0, 725.1), (73.0, 747.3), (73.0, 737.9), (73.0, 747.3), (73.0, 741.6), (73.0, 739.2), (73.0, 755.7), (73.0, 738.5), (73.0, 743.2), (73.0, 745.1), (73.0, 738.0), (73.0, 749.8), (73.0, 740.2), (73.0, 740.3), (73.0, 755.0), (73.0, 738.0), (73.0, 745.1), (73.0, 743.2), (73.0, 738.5), (73.0, 752.6), (73.0, 739.2)]",0,6.13
speedrunner,meatboy,8,Stuck,13,0,-41.23,0.104,"[(329.0, 749.0), (333.0, 755.3), (392.3, 732.8), (439.0, 692.1), (439.0, 687.4), (439.0, 701.6), (439.0, 734.6), (425.7, 725.9), (352.5, 682.0), (278.2, 668.5), (265.0, 675.6), (265.0, 701.6), (265.0, 740.8), (285.0, 755.3), (362.3, 755.0), (378.4, 719.4), (312.9, 677.8), (232.9, 655.0), (155.2, 651.1), (82.9, 666.0), (73.0, 699.5), (73.0, 739.2), (73.0, 741.6), (73.0, 739.2), (73.0, 755.7), (73.0, 738.5), (73.0, 743.2), (73.0, 745.1), (73.0, 738.0), (73.0, 749.8), (73.0, 740.2), (73.0, 740.3), (73.0, 755.0), (73.0, 738.0), (73.0, 745.1), (73.0, 743.2), (73.0, 738.5), (73.0, 752.6), (73.0, 739.2), (73.0, 741.6), (73.0, 747.3), (73.0, 737.9), (73.0, 747.3), (73.0, 741.6), (73.0, 739.2), (73.0, 755.7), (73.0, 738.5)]",0,6.18
speedrunner,meatboy,8,Stuck,16,0,-35.07,0.104,"[(329.0, 749.0), (333.0, 755.3), (392.3, 732.8), (439.0, 695.9), (439.0, 693.5), (439.0, 710.0), (439.0, 745.4), (411.0, 713.2), (338.7, 677.9), (271.7, 673.2), (265.0, 687.3), (265.0, 720.1), (266.3, 755.0), (322.3, 755.9), (373.2, 747.3), (327.8, 696.2), (247.8, 664.1), (169.0, 652.1), (95.4, 659.2), (73.0, 685.1), (73.0, 724.3), (73.0, 747.3), (73.0, 737.9), (73.0, 747.3), (73.0, 741.6), (73.0, 739.2), (73.0, 755.7), (73.0, 738.5), (73.0, 743.2), (73.0, 745.1), (73.0, 738.0), (73.0, 749.8), (73.0, 740.2), (73.0, 740.3), (73.0, 755.0), (73.0, 738.0), (73.0, 745.1), (73.0, 743.2), (73.0, 738.5), (73.0, 752.6), (73.0, 739.2), (73.0, 741.6), (73.0, 747.3), (73.0, 737.9), (73.0, 747.3), (73.0, 741.6), (73.0, 739.2), (73.0, 755.7), (73.0, 738.5), (73.0, 743.2), (73.0, 745.1), (73.0, 738.0), (73.0, 749.8), (73.0, 740.2)]",0,7.1
speedrunner,meatboy,8,Stuck,12,0,-30.38,0.104,"[(329.0, 749.0), (333.0, 755.3), (356.4, 755.0), (361.1, 755.9), (365.8, 755.3), (370.4, 755.0), (375.1, 755.9), (345.9, 720.2), (267.5, 717.9), (265.0, 734.4), (265.7, 755.9), (251.5, 755.0), (242.1, 755.9), (246.5, 755.3), (251.0, 755.0), (255.4, 755.9), (259.9, 755.3), (264.3, 755.0), (268.8, 755.9), (275.9, 755.3), (298.4, 755.0), (365.7, 755.9), (357.4, 707.2), (282.1, 670.3), (265.0, 660.9), (265.0, 670.4), (265.0, 698.7), (265.0, 745.8), (267.2, 755.0), (270.1, 755.9), (279.1, 755.3), (290.5, 755.0), (353.0, 755.9), (372.8, 707.2), (379.1, 683.1), (380.4, 685.5), (380.4, 706.7), (380.4, 746.8), (352.4, 713.2), (273.0, 673.9), (193.5, 654.3), (118.5, 654.3), (73.0, 673.2), (73.0, 709.4), (73.0, 749.1), (73.0, 739.2), (73.0, 741.6), (73.0, 747.3), (73.0, 737.9), (73.0, 747.3), (73.0, 741.6), (73.0, 739.2), (73.0, 755.7), (73.0, 738.5), (73.0, 743.2), (73.0, 745.1), (73.0, 738.0), (73.0, 749.8), (73.0, 740.2), (73.0, 740.3), (73.0, 755.0)]",0,8.07
speedrunner,meatboy,8,Stuck,12,0,-30.45,0.104,"[(329.0, 749.0), (333.0, 755.3), (356.4, 755.0), (361.1, 755.9), (365.8, 755.3), (370.4, 755.0), (375.1, 755.9), (345.9, 720.2), (267.5, 717.9), (265.0, 734.4), (265.7, 755.9), (251.5, 755.0), (242.1, 755.9), (246.5, 755.3), (251.0, 755.0), (255.4, 755.9), (259.9, 755.3), (264.3, 755.0), (268.8, 755.9), (275.9, 755.3), (298.4, 755.0), (365.7, 755.9), (357.4, 707.2), (282.1, 670.3), (265.0, 660.9), (265.0, 670.4), (265.0, 698.7), (265.0, 745.8), (267.2, 755.0), (270.1, 755.9), (279.1, 755.3), (290.5, 755.0), (335.1, 755.9), (367.2, 755.3), (342.8, 701.9), (263.7, 667.3), (184.2, 651.6), (109.2, 654.8), (73.0, 676.7), (73.0, 714.6), (73.0, 754.3), (73.0, 738.5), (73.0, 743.2), (73.0, 745.1), (73.0, 738.0), (73.0, 749.8), (73.0, 740.2), (73.0, 740.3), (73.0, 755.0), (73.0, 738.0), (73.0, 745.1), (73.0, 743.2), (73.0, 738.5), (73.0, 752.6), (73.0, 739.2), (73.0, 741.6), (73.0, 747.3), (73.0, 737.9), (73.0, 747.3), (73.0, 741.6), (73.0, 739.2)]",0,8.07
speedrunner,meatboy,8,Stuck,13,0,-29.74,0.104,"[(329.0, 749.0), (333.0, 755.3), (368.1, 732.8), (375.4, 689.0), (324.8, 681.9), (265.0, 693.7), (265.0, 724.4), (266.3, 755.3), (224.1, 755.2), (206.8, 755.3), (212.8, 755.0), (218.8, 755.9), (224.8, 755.3), (230.8, 755.0), (236.8, 755.9), (242.8, 755.3), (248.8, 755.0), (254.8, 755.9), (260.8, 755.3), (266.8, 755.0), (272.8, 755.9), (298.5, 755.3), (362.3, 755.0), (342.8, 701.6), (265.0, 668.1), (265.0, 661.1), (265.0, 672.9), (265.0, 703.5), (265.0, 753.0), (271.2, 755.3), (295.4, 755.0), (362.1, 755.9), (353.8, 707.2), (278.5, 670.3), (198.5, 652.3), (121.5, 653.0), (73.0, 672.7), (73.0, 709.4), (73.0, 749.1), (73.0, 739.2), (73.0, 741.6), (73.0, 747.3), (73.0, 737.9), (73.0, 747.3), (73.0, 741.6), (73.0, 739.2), (73.0, 755.7), (73.0, 738.5), (73.0, 743.2), (73.0, 745.1), (73.0, 738.0), (73.0, 749.8), (73.0, 740.2), (73.0, 740.3), (73.0, 755.0), (73.0, 738.0), (73.0, 745.1), (73.0, 743.2), (73.0, 738.5), (73.0, 752.6), (73.0, 739.2), (73.0, 741.6)]",0,8.18
speedrunner,meatboy,8,Stuck,13,0,-39.77,0.104,"[(329.0, 749.0), (333.0, 755.3), (392.3, 732.8), (439.0, 695.9), (439.0, 693.5), (439.0, 710.0), (439.0, 745.4), (411.0, 713.2), (338.7, 675.6), (265.0, 668.5), (265.0, 680.3), (265.0, 711.0), (265.0, 750.7), (302.3, 755.0), (370.7, 755.9), (346.8, 707.2), (267.8, 670.3), (188.6, 653.3), (114.3, 655.6), (73.0, 676.9), (73.0, 714.4), (73.0, 754.1), (73.0, 738.5), (73.0, 743.2), (73.0, 745.1), (73.0, 738.0), (73.0, 749.8), (73.0, 740.2), (73.0, 740.3), (73.0, 755.0), (73.0, 738.0), (73.0, 745.1), (73.0, 743.2), (73.0, 738.5), (73.0, 752.6), (73.0, 739.2), (73.0, 741.6), (73.0, 747.3), (73.0, 737.9), (73.0, 747.3), (73.0, 741.6), (73.0, 739.2), (73.0, 755.7), (73.0, 738.5), (73.0, 743.2), (73.0, 745.1), (73.0, 738.0)]",0,6.17
speedrunner,meatboy,8,Stuck,13,0,-40.83,0.104,"[(329.0, 749.0), (333.0, 755.3), (392.3, 732.8), (439.0, 695.9), (439.0, 693.5), (439.0, 710.0), (439.0, 745.4), (411.0, 713.2), (333.4, 675.6), (265.0, 668.5), (265.0, 680.3), (265.0, 711.0), (265.0, 750.7), (302.3, 755.0), (376.5, 755.9), (368.2, 707.2), (292.9, 670.3), (212.9, 652.3), (135.9, 653.0), (73.0, 672.7), (73.0, 709.4), (73.0, 749.1), (73.0, 739.2), (73.0, 741.6), (73.0, 747.3), (73.0, 737.9), (73.0, 747.3), (73.0, 741.6), (73.0, 739.2), (73.0, 755.7), (73.0, 738.5), (73.0, 743.2), (73.0, 745.1), (73.0, 738.0), (73.0, 749.8), (73.0, 740.2), (73.0, 740.3), (73.0, 755.0), (73.0, 738.0), (73.0, 745.1), (73.0, 743.2), (73.0, 738.5), (73.0, 752.6), (73.0, 739.2), (73.0, 741.6), (73.0, 747.3), (73.0, 737.9)]",0,6.15
speedrunner,meatboy,8,Stuck,4,0,-37.96,0.104,"[(329.0, 749.0), (333.0, 755.3), (353.2, 755.0), (357.8, 755.9), (362.5, 755.3), (367.2, 755.0), (371.8, 755.9), (376.5, 755.3), (381.2, 755.0), (385.8, 755.9), (390.5, 755.3), (389.2, 732.8), (323.9, 723.4), (265.0, 732.8), (266.3, 755.3), (252.4, 755.2), (237.3, 755.3), (219.4, 753.4), (214.4, 719.7), (193.1, 693.8), (115.5, 696.2), (73.0, 717.4), (73.0, 754.9), (73.0, 755.3), (73.0, 755.0), (73.0, 755.9), (73.0, 755.3), (73.0, 755.0), (73.0, 755.9), (73.0, 755.3), (73.0, 755.0), (73.0, 755.9), (73.0, 755.3), (73.0, 755.0), (73.0, 755.9), (73.0, 755.3), (73.0, 755.0), (73.0, 755.9), (73.0, 755.3), (73.0, 755.0), (73.0, 755.9), (73.0, 755.3), (73.0, 755.0), (73.0, 755.9), (73.0, 755.3), (73.0, 755.0), (73.0, 755.9), (73.0, 755.3), (73.0, 755.0), (73.0, 755.9), (73.0, 755.3)]",0,6.67
speedrunner,meatboy,8,Stuck,3,0,55.73,0.896,"[(329.0, 749.0), (333.0, 755.3), (392.3, 732.8), (439.0, 695.9), (439.0, 693.5), (439.0, 710.0), (439.0, 745.4), (445.8, 753.4), (489.6, 755.0), (569.6, 755.9), (628.6, 755.3), (631.0, 755.0), (631.0, 755.9), (631.0, 755.3), (631.0, 755.0), (631.0, 755.9), (631.0, 755.3), (631.0, 755.0), (631.0, 755.9), (631.0, 755.3), (631.0, 755.0), (631.0, 755.9), (631.0, 755.3), (631.0, 755.0), (631.0, 755.9), (631.0, 755.3), (631.0, 755.0), (631.0, 755.9), (631.0, 755.3), (631.0, 755.0), (631.0, 755.9), (631.0, 755.3), (631.0, 755.0), (631.0, 755.9), (631.0, 755.3), (631.0, 755.0), (631.0, 755.9), (631.0, 755.3), (631.0, 755.0), (631.0, 755.9), (631.0, 755.3)]",0,5.35
speedrunner,meatboy,8,Stuck,12,0,-30.45,0.104,"[(329.0, 749.0), (333.0, 755.3), (356.4, 755.0), (361.1, 755.9), (365.8, 755.3), (370.4, 755.0), (375.1, 755.9), (345.9, 720.2), (267.5, 717.9), (265.0, 734.4), (265.7, 755.9), (251.5, 755.0), (242.1, 755.9), (246.5, 755.3), (251.0, 755.0), (255.4, 755.9), (259.9, 755.3), (264.3, 755.0), (268.8, 755.9), (275.9, 755.3), (298.4, 755.0), (365.7, 755.9), (357.4, 707.2), (282.1, 670.3), (265.0, 660.9), (265.0, 670.4), (265.0, 698.7), (265.0, 745.8), (267.2, 755.0), (270.1, 755.9), (279.1, 755.3), (290.5, 755.0), (335.1, 755.9), (367.2, 755.3), (342.8, 701.9), (263.7, 667.3), (184.2, 651.6), (109.2, 654.8), (73.0, 676.7), (73.0, 714.6), (73.0, 754.3), (73.0, 738.5), (73.0, 743.2), (73.0, 745.1), (73.0, 738.0), (73.0, 749.8), (73.0, 740.2), (73.0, 740.3), (73.0, 755.0), (73.0, 738.0), (73.0, 745.1), (73.0, 743.2), (73.0, 738.5), (73.0, 752.6), (73.0, 739.2), (73.0, 741.6), (73.0, 747.3), (73.0, 737.9), (73.0, 747.3), (73.0, 741.6), (73.0, 739.2)]",0,8.07
speedrunner,meatboy,8,Stuck,12,0,-30.45,0.104,"[(329.0, 749.0), (333.0, 755.3), (356.4, 755.0), (361.1, 755.9), (365.8, 755.3), (370.4, 755.0), (375.1, 755.9), (345.9, 720.2), (267.5, 717.9), (265.0, 734.4), (265.7, 755.9), (251.5, 755.0), (242.1, 755.9), (246.5, 755.3), (251.0, 755.0), (255.4, 755.9), (259.9, 755.3), (264.3, 755.0), (268.8, 755.9), (275.9, 755.3), (298.4, 755.0), (365.7, 755.9), (357.4, 707.2), (282.1, 670.3), (265.0, 660.9), (265.0, 670.4), (265.0, 698.7), (265.0, 745.8), (267.2, 755.0), (270.1, 755.9), (279.1, 755.3), (290.5, 755.0), (335.1, 755.9), (367.2, 755.3), (342.8, 701.9), (263.7, 667.3), (184.2, 651.6), (109.2, 654.8), (73.0, 676.7), (73.0, 714.6), (73.0, 754.3), (73.0, 738.5), (73.0, 743.2), (73.0, 745.1), (73.0, 738.0), (73.0, 749.8), (73.0, 740.2), (73.0, 740.3), (73.0, 755.0), (73.0, 738.0), (73.0, 745.1), (73.0, 743.2), (73.0, 738.5), (73.0, 752.6), (73.0, 739.2), (73.0, 741.6), (73.0, 747.3), (73.0, 737.9), (73.0, 747.3), (73.0, 741.6), (73.0, 739.2)]",0,8.07
speedrunner,meatboy,8,Stuck,13,0,-40.83,0.104,"[(329.0, 749.0), (333.0, 755.3), (392.3, 732.8), (439.0, 695.9), (439.0, 693.5), (439.0, 710.0), (439.0, 745.4), (411.0, 713.2), (333.4, 675.6), (265.0, 668.5), (265.0, 680.3), (265.0, 711.0), (265.0, 750.7), (302.3, 755.0), (376.5, 755.9), (368.2, 707.2), (292.9, 670.3), (212.9, 652.3), (135.9, 653.0), (73.0, 672.7), (73.0, 709.4), (73.0, 749.1), (73.0, 739.2), (73.0, 741.6), (73.0, 747.3), (73.0, 737.9), (73.0, 747.3), (73.0, 741.6), (73.0, 739.2), (73.0, 755.7), (73.0, 738.5), (73.0, 743.2), (73.0, 745.1), (73.0, 738.0), (73.0, 749.8), (73.0, 740.2), (73.0, 740.3), (73.0, 755.0), (73.0, 738.0), (73.0, 745.1), (73.0, 743.2), (73.0, 738.5), (73.0, 752.6), (73.0, 739.2), (73.0, 741.6), (73.0, 747.3), (73.0, 737.9)]",0,6.15
speedrunner,meatboy,8,Stuck,13,0,-39.77,0.104,"[(329.0, 749.0), (333.0, 755.3), (392.3, 732.8), (439.0, 695.9), (439.0, 693.5), (439.0, 710.0), (439.0, 745.4), (411.0, 713.2), (338.7, 675.6), (265.0, 668.5), (265.0, 680.3), (265.0, 711.0), (265.0, 750.7), (302.3, 755.0), (370.7, 755.9), (346.8, 707.2), (267.8, 670.3), (188.6, 653.3), (114.3, 655.6), (73.0, 676.9), (73.0, 714.4), (73.0, 754.1), (73.0, 738.5), (73.0, 743.2), (73.0, 745.1), (73.0, 738.0), (73.0, 749.8), (73.0, 740.2), (73.0, 740.3), (73.0, 755.0), (73.0, 738.0), (73.0, 745.1), (73.0, 743.2), (73.0, 738.5), (73.0, 752.6), (73.0, 739.2), (73.0, 741.6), (73.0, 747.3), (73.0, 737.9), (73.0, 747.3), (73.0, 741.6), (73.0, 739.2), (73.0, 755.7), (73.0, 738.5), (73.0, 743.2), (73.0, 745.1), (73.0, 738.0)]",0,6.17
speedrunner,meatboy,8,Stuck,13,0,-29.74,0.104,"[(329.0, 749.0), (333.0, 755.3), (368.1, 732.8), (375.4, 689.0), (324.8, 681.9), (265.0, 693.7), (265.0, 724.4), (266.3, 755.3), (224.1, 755.2), (206.8, 755.3), (212.8, 755.0), (218.8, 755.9), (224.8, 755.3), (230.8, 755.0), (236.8, 755.9), (242.8, 755.3), (248.8, 755.0), (254.8, 755.9), (260.8, 755.3), (266.8, 755.0), (272.8, 755.9), (298.5, 755.3), (362.3, 755.0), (342.8, 701.6), (265.0, 668.1), (265.0, 661.1), (265.0, 672.9), (265.0, 703.5), (265.0, 753.0), (271.2, 755.3), (295.4, 755.0), (362.1, 755.9), (353.8, 707.2), (278.5, 670.3), (198.5, 652.3), (121.5, 653.0), (73.0, 672.7), (73.0, 709.4), (73.0, 749.1), (73.0, 739.2), (73.0, 741.6), (73.0, 747.3), (73.0, 737.9), (73.0, 747.3), (73.0, 741.6), (73.0, 739.2), (73.0, 755.7), (73.0, 738.5), (73.0, 743.2), (73.0, 745.1), (73.0, 738.0), (73.0, 749.8), (73.0, 740.2), (73.0, 740.3), (73.0, 755.0), (73.0, 738.0), (73.0, 745.1), (73.0, 743.2), (73.0, 738.5), (73.0, 752.6), (73.0, 739.2), (73.0, 741.6)]",0,8.18
speedrunner,meatboy,8,Stuck,4,0,-40.25,0.104,"[(329.0, 749.0), (333.0, 755.3), (371.4, 732.8), (379.9, 689.0), (383.2, 681.9), (383.2, 693.7), (383.2, 724.4), (379.2, 739.9), (315.9, 723.5), (265.0, 730.6), (265.0, 755.0), (234.1, 753.4), (205.1, 748.2), (189.3, 700.3), (120.7, 693.2), (73.0, 705.0), (73.0, 735.7), (73.0, 755.0), (73.0, 755.9), (73.0, 755.3), (73.0, 755.0), (73.0, 755.9), (73.0, 755.3), (73.0, 755.0), (73.0, 755.9), (73.0, 755.3), (73.0, 755.0), (73.0, 755.9), (73.0, 755.3), (73.0, 755.0), (73.0, 755.9), (73.0, 755.3), (73.0, 755.0), (73.0, 755.9), (73.0, 755.3), (73.0, 755.0), (73.0, 755.9), (73.0, 755.3), (73.0, 755.0), (73.0, 755.9), (73.0, 755.3), (73.0, 755.0), (73.0, 755.9), (73.0, 755.3), (73.0, 755.0), (73.0, 755.9)]",0,6.12
speedrunner,meatboy,8,Stuck,3,0,-34.64,0.104,"[(329.0, 749.0), (333.0, 755.3), (366.3, 755.0), (370.9, 755.9), (375.6, 755.3), (380.3, 755.0), (384.9, 755.9), (389.6, 755.3), (394.3, 755.0), (398.9, 755.9), (403.6, 755.3), (408.3, 755.0), (412.9, 755.9), (417.6, 747.3), (367.6, 723.9), (288.1, 728.7), (265.0, 752.3), (217.7, 755.2), (198.0, 740.8), (159.8, 718.0), (82.1, 722.7), (73.0, 746.3), (73.0, 755.9), (73.0, 755.3), (73.0, 755.0), (73.0, 755.9), (73.0, 755.3), (73.0, 755.0), (73.0, 755.9), (73.0, 755.3), (73.0, 755.0), (73.0, 755.9), (73.0, 755.3), (73.0, 755.0), (73.0, 755.9), (73.0, 755.3), (73.0, 755.0), (73.0, 755.9), (73.0, 755.3), (73.0, 755.0), (73.0, 755.9), (73.0, 755.3), (73.0, 755.0), (73.0, 755.9), (73.0, 755.3), (73.0, 755.0), (73.0, 755.9), (73.0, 755.3), (73.0, 755.0), (73.0, 755.9), (73.0, 755.3), (73.0, 755.0), (73.0, 755.9)]",0,7.02
speedrunner,meatboy,8,Stuck,13,0,-45.43,0.104,"[(329.0, 749.0), (333.0, 755.3), (368.1, 732.8), (375.4, 689.0), (324.8, 681.9), (265.0, 693.7), (265.0, 724.4), (266.3, 747.3), (265.0, 723.9), (251.7, 728.7), (177.7, 752.3), (148.2, 747.3), (143.1, 696.2), (137.4, 686.9), (132.8, 696.3), (126.5, 724.6), (122.6, 739.9), (115.6, 697.5), (112.6, 692.8), (104.9, 707.0), (102.6, 740.0), (95.4, 726.2), (91.1, 699.5), (85.0, 701.8), (80.0, 723.1), (75.6, 755.3), (73.0, 732.7), (73.0, 735.1), (73.0, 755.0), (73.0, 738.0), (73.0, 745.1), (73.0, 743.2), (73.0, 738.5), (73.0, 752.6), (73.0, 739.2), (73.0, 741.6), (73.0, 747.3), (73.0, 737.9), (73.0, 747.3), (73.0, 741.6), (73.0, 739.2), (73.0, 755.7), (73.0, 738.5)]",0,5.6
speedrunner,meatboy,8,Stuck,13,0,-29.74,0.104,"[(329.0, 749.0), (333.0, 755.3), (368.1, 732.8), (375.4, 689.0), (324.8, 681.9), (265.0, 693.7), (265.0, 724.4), (266.3, 755.3), (224.1, 755.2), (206.8, 755.3), (212.8, 755.0), (218.8, 755.9), (224.8, 755.3), (230.8, 755.0), (236.8, 755.9), (242.8, 755.3), (248.8, 755.0), (254.8, 755.9), (260.8, 755.3), (266.8, 755.0), (272.8, 755.9), (298.5, 755.3), (362.3, 755.0), (342.8, 701.6), (265.0, 668.1), (265.0, 661.1), (265.0, 672.9), (265.0, 703.5), (265.0, 753.0), (271.2, 755.3), (295.4, 755.0), (362.1, 755.9), (353.8, 707.2), (278.5, 670.3), (198.5, 652.3), (121.5, 653.0), (73.0, 672.7), (73.0, 709.4), (73.0, 749.1), (73.0, 739.2), (73.0, 741.6), (73.0, 747.3), (73.0, 737.9), (73.0, 747.3), (73.0, 741.6), (73.0, 739.2), (73.0, 755.7), (73.0, 738.5), (73.0, 743.2), (73.0, 745.1), (73.0, 738.0), (73.0, 749.8), (73.0, 740.2), (73.0, 740.3), (73.0, 755.0), (73.0, 738.0), (73.0, 745.1), (73.0, 743.2), (73.0, 738.5), (73.0, 752.6), (73.0, 739.2), (73.0, 741.6)]",0,8.18
speedrunner,meatboy,8,Stuck,16,0,-39.68,0.104,"[(329.0, 749.0), (333.0, 755.3), (371.4, 732.8), (379.9, 689.0), (383.2, 681.9), (383.2, 693.7), (383.2, 724.4), (384.5, 739.9), (337.2, 711.3), (265.0, 713.7), (265.0, 734.9), (265.0, 732.8), (265.0, 723.4), (265.0, 732.8), (266.3, 747.3), (229.0, 696.2), (151.3, 673.9), (79.0, 676.3), (73.0, 697.5), (73.0, 735.0), (73.0, 743.2), (73.0, 738.5), (73.0, 752.6), (73.0, 739.2), (73.0, 741.6), (73.0, 747.3), (73.0, 737.9), (73.0, 747.3), (73.0, 741.6), (73.0, 739.2), (73.0, 755.7), (73.0, 738.5), (73.0, 743.2), (73.0, 745.1), (73.0, 738.0), (73.0, 749.8), (73.0, 740.2), (73.0, 740.3), (73.0, 755.0), (73.0, 738.0), (73.0, 745.1), (73.0, 743.2), (73.0, 738.5), (73.0, 752.6), (73.0, 739.2), (73.0, 741.6), (73.0, 747.3)]",0,6.17
speedrunner,meatboy,8,Stuck,12,0,-41.86,0.104,"[(329.0, 749.0), (333.0, 755.3), (350.5, 755.0), (354.9, 755.9), (359.6, 755.3), (364.3, 755.0), (368.9, 747.6), (318.9, 696.5), (265.0, 682.2), (265.0, 689.3), (265.0, 715.3), (265.0, 754.7), (256.0, 755.2), (242.4, 755.3), (230.8, 701.9), (224.4, 667.3), (220.6, 657.9), (213.6, 667.4), (210.5, 695.7), (202.9, 742.8), (201.6, 719.7), (194.7, 680.1), (190.4, 673.0), (184.3, 684.8), (179.3, 715.5), (175.8, 755.3), (168.8, 701.9), (165.7, 682.7), (158.1, 687.4), (155.7, 711.0), (147.4, 753.4), (145.3, 713.5), (139.2, 684.4), (134.2, 684.5), (128.9, 703.3), (123.2, 741.0), (122.6, 726.2), (115.0, 694.8), (112.6, 694.9), (104.3, 713.7), (101.3, 751.4), (93.7, 707.2), (90.1, 687.4), (83.2, 692.2), (78.9, 715.7), (73.0, 755.0)]",0,6.0
speedrunner,meatboy,8,Stuck,13,0,-29.74,0.104,"[(329.0, 749.0), (333.0, 755.3), (368.1, 732.8), (375.4, 689.0), (324.8, 681.9), (265.0, 693.7), (265.0, 724.4), (266.3, 755.3), (224.1, 755.2), (206.8, 755.3), (212.8, 755.0), (218.8, 755.9), (224.8, 755.3), (230.8, 755.0), (236.8, 755.9), (242.8, 755.3), (248.8, 755.0), (254.8, 755.9), (260.8, 755.3), (266.8, 755.0), (272.8, 755.9), (298.5, 755.3), (362.3, 755.0), (342.8, 701.6), (265.0, 668.1), (265.0, 661.1), (265.0, 672.9), (265.0, 703.5), (265.0, 753.0), (271.2, 755.3), (295.4, 755.0), (362.1, 755.9), (353.8, 707.2), (278.5, 670.3), (198.5, 652.3), (121.5, 653.0), (73.0, 672.7), (73.0, 709.4), (73.0, 749.1), (73.0, 739.2), (73.0, 741.6), (73.0, 747.3), (73.0, 737.9), (73.0, 747.3), (73.0, 741.6), (73.0, 739.2), (73.0, 755.7), (73.0, 738.5), (73.0, 743.2), (73.0, 745.1), (73.0, 738.0), (73.0, 749.8), (73.0, 740.2), (73.0, 740.3), (73.0, 755.0), (73.0, 738.0), (73.0, 745.1), (73.0, 743.2), (73.0, 738.5), (73.0, 752.6), (73.0, 739.2), (73.0, 741.6)]",0,8.18
speedrunner,meatboy,8,Stuck,13,0,-29.74,0.104,"[(329.0, 749.0), (333.0, 755.3), (368.1, 732.8), (375.4, 689.0), (324.8, 681.9), (265.0, 693.7), (265.0, 724.4), (266.3, 755.3), (224.1, 755.2), (206.8, 755.3), (212.8, 755.0), (218.8, 755.9), (224.8, 755.3), (230.8, 755.0), (236.8, 755.9), (242.8, 755.3), (248.8, 755.0), (254.8, 755.9), (260.8, 755.3), (266.8, 755.0), (272.8, 755.9), (298.5, 755.3), (362.3, 755.0), (342.8, 701.6), (265.0, 668.1), (265.0, 661.1), (265.0, 672.9), (265.0, 703.5), (265.0, 753.0), (271.2, 755.3), (295.4, 755.0), (362.1, 755.9), (353.8, 707.2), (278.5, 670.3), (198.5, 652.3), (121.5, 653.0), (73.0, 672.7), (73.0, 709.4), (73.0, 749.1), (73.0, 739.2), (73.0, 741.6), (73.0, 747.3), (73.0, 737.9), (73.0, 747.3), (73.0, 741.6), (73.0, 739.2), (73.0, 755.7), (73.0, 738.5), (73.0, 743.2), (73.0, 745.1), (73.0, 738.0), (73.0, 749.8), (73.0, 740.2), (73.0, 740.3), (73.0, 755.0), (73.0, 738.0), (73.0, 745.1), (73.0, 743.2), (73.0, 738.5), (73.0, 752.6), (73.0, 739.2), (73.0, 741.6)]",0,8.18
speedrunner,meatboy,8,Stuck,13,0,-39.77,0.104,"[(329.0, 749.0), (333.0, 755.3), (392.3, 732.8), (439.0, 695.9), (439.0, 693.5), (439.0, 710.0), (439.0, 745.4), (411.0, 713.2), (338.7, 675.6), (265.0, 668.5), (265.0, 680.3), (265.0, 711.0), (265.0, 750.7), (302.3, 755.0), (370.7, 755.9), (346.8, 707.2), (267.8, 670.3), (188.6, 653.3), (114.3, 655.6), (73.0, 676.9), (73.0, 714.4), (73.0, 754.1), (73.0, 738.5), (73.0, 743.2), (73.0, 745.1), (73.0, 738.0), (73.0, 749.8), (73.0, 740.2), (73.0, 740.3), (73.0, 755.0), (73.0, 738.0), (73.0, 745.1), (73.0, 743.2), (73.0, 738.5), (73.0, 752.6), (73.0, 739.2), (73.0, 741.6), (73.0, 747.3), (73.0, 737.9), (73.0, 747.3), (73.0, 741.6), (73.0, 739.2), (73.0, 755.7), (73.0, 738.5), (73.0, 743.2), (73.0, 745.1), (73.0, 738.0)]",0,6.17
speedrunner,meatboy,8,Stuck,13,0,-40.83,0.104,"[(329.0, 749.0), (333.0, 755.3), (392.3, 732.8), (439.0, 695.9), (439.0, 693.5), (439.0, 710.0), (439.0, 745.4), (411.0, 713.2), (333.4, 675.6), (265.0, 668.5), (265.0, 680.3), (265.0, 711.0), (265.0, 750.7), (302.3, 755.0), (376.5, 755.9), (368.2, 707.2), (292.9, 670.3), (212.9, 652.3), (135.9, 653.0), (73.0, 672.7), (73.0, 709.4), (73.0, 749.1), (73.0, 739.2), (73.0, 741.6), (73.0, 747.3), (73.0, 737.9), (73.0, 747.3), (73.0, 741.6), (73.0, 739.2), (73.0, 755.7), (73.0, 738.5), (73.0, 743.2), (73.0, 745.1), (73.0, 738.0), (73.0, 749.8), (73.0, 740.2), (73.0, 740.3), (73.0, 755.0), (73.0, 738.0), (73.0, 745.1), (73.0, 743.2), (73.0, 738.5), (73.0, 752.6), (73.0, 739.2), (73.0, 741.6), (73.0, 747.3), (73.0, 737.9)]",0,6.15
speedrunner,meatboy,8,Stuck,14,0,-45.8,0.104,"[(329.0, 749.0), (333.0, 755.3), (342.7, 713.2), (279.3, 684.1), (265.0, 684.2), (265.0, 703.0), (265.0, 739.3), (265.0, 730.6), (265.0, 723.5), (257.4, 735.3), (255.4, 747.6), (226.0, 696.5), (152.4, 668.5), (84.0, 666.1), (73.0, 682.7), (73.0, 717.3), (73.0, 755.0), (73.0, 738.0), (73.0, 745.1), (73.0, 742.3), (73.0, 740.0), (73.0, 755.0), (73.0, 738.0), (73.0, 745.1), (73.0, 742.3), (73.0, 740.0), (73.0, 755.0), (73.0, 738.0), (73.0, 745.1), (73.0, 742.3), (73.0, 740.0), (73.0, 755.0), (73.0, 738.0), (73.0, 745.1), (73.0, 742.3), (73.0, 740.0), (73.0, 755.0), (73.0, 738.0), (73.0, 745.1), (73.0, 742.3), (73.0, 740.0)]",0,5.4
speedrunner,meatboy,8,Stuck,6,0,-41.31,0.104,"[(329.0, 749.0), (333.0, 755.3), (356.4, 755.0), (361.1, 755.9), (365.8, 755.3), (370.4, 755.0), (375.1, 755.9), (345.9, 725.7), (267.5, 725.7), (265.0, 744.6), (260.1, 749.9), (244.1, 755.0), (232.3, 749.3), (223.5, 739.9), (217.2, 719.9), (213.3, 740.0), (207.7, 733.1), (196.2, 696.2), (143.3, 693.8), (94.3, 710.3), (73.0, 745.0), (73.0, 755.9), (73.0, 755.3), (73.0, 755.0), (73.0, 755.9), (73.0, 755.3), (73.0, 755.0), (73.0, 755.9), (73.0, 755.3), (73.0, 755.0), (73.0, 755.9), (73.0, 755.3), (73.0, 755.0), (73.0, 755.9), (73.0, 755.3), (73.0, 755.0), (73.0, 755.9), (73.0, 755.3), (73.0, 755.0), (73.0, 755.9), (73.0, 755.3), (73.0, 755.0), (73.0, 755.9), (73.0, 755.3), (73.0, 755.0), (73.0, 755.9)]",0,6.03
speedrunner,meatboy,8,Stuck,13,0,-29.74,0.104,"[(329.0, 749.0), (333.0, 755.3), (368.1, 732.8), (375.4, 689.0), (324.8, 681.9), (265.0, 693.7), (265.0, 724.4), (266.3, 755.3), (224.1, 755.2), (206.8, 755.3), (212.8, 755.0), (218.8, 755.9), (224.8, 755.3), (230.8, 755.0), (236.8, 755.9), (242.8, 755.3), (248.8, 755.0), (254.8, 755.9), (260.8, 755.3), (266.8, 755.0), (272.8, 755.9), (298.5, 755.3), (362.3, 755.0), (342.8, 701.6), (265.0, 668.1), (265.0, 661.1), (265.0, 672.9), (265.0, 703.5), (265.0, 753.0), (271.2, 755.3), (295.4, 755.0), (362.1, 755.9), (353.8, 707.2), (278.5, 670.3), (198.5, 652.3), (121.5, 653.0), (73.0, 672.7), (73.0, 709.4), (73.0, 749.1), (73.0, 739.2), (73.0, 741.6), (73.0, 747.3), (73.0, 737.9), (73.0, 747.3), (73.0, 741.6), (73.0, 739.2), (73.0, 755.7), (73.0, 738.5), (73.0, 743.2), (73.0, 745.1), (73.0, 738.0), (73.0, 749.8), (73.0, 740.2), (73.0, 740.3), (73.0, 755.0), (73.0, 738.0), (73.0, 745.1), (73.0, 743.2), (73.0, 738.5), (73.0, 752.6), (73.0, 739.2), (73.0, 741.6)]",0,8.18
speedrunner,meatboy,8,Stuck,13,0,-41.23,0.104,"[(329.0, 749.0), (333.0, 755.3), (392.3, 732.8), (439.0, 692.1), (439.0, 687.4), (439.0, 701.6), (439.0, 734.6), (425.7, 725.9), (352.5, 682.0), (278.2, 668.5), (265.0, 675.6), (265.0, 701.6), (265.0, 740.8), (285.0, 755.3), (362.3, 755.0), (378.4, 719.4), (312.9, 677.8), (232.9, 655.0), (155.2, 651.1), (82.9, 666.0), (73.0, 699.5), (73.0, 739.2), (73.0, 741.6), (73.0, 739.2), (73.0, 755.7), (73.0, 738.5), (73.0, 743.2), (73.0, 745.1), (73.0, 738.0), (73.0, 749.8), (73.0, 740.2), (73.0, 740.3), (73.0, 755.0), (73.0, 738.0), (73.0, 745.1), (73.0, 743.2), (73.0, 738.5), (73.0, 752.6), (73.0, 739.2), (73.0, 741.6), (73.0, 747.3), (73.0, 737.9), (73.0, 747.3), (73.0, 741.6), (73.0, 739.2), (73.0, 755.7), (73.0, 738.5)]",0,6.18
speedrunner,meatboy,8,Stuck,13,0,-29.74,0.104,"[(329.0, 749.0), (333.0, 755.3), (368.1, 732.8), (375.4, 689.0), (324.8, 681.9), (265.0, 693.7), (265.0, 724.4), (266.3, 755.3), (224.1, 755.2), (206.8, 755.3), (212.8, 755.0), (218.8, 755.9), (224.8, 755.3), (230.8, 755.0), (236.8, 755.9), (242.8, 755.3), (248.8, 755.0), (254.8, 755.9), (260.8, 755.3), (266.8, 755.0), (272.8, 755.9), (298.5, 755.3), (362.3, 755.0), (342.8, 701.6), (265.0, 668.1), (265.0, 661.1), (265.0, 672.9), (265.0, 703.5), (265.0, 753.0), (271.2, 755.3), (295.4, 755.0), (362.1, 755.9), (353.8, 707.2), (278.5, 670.3), (198.5, 652.3), (121.5, 653.0), (73.0, 672.7), (73.0, 709.4), (73.0, 749.1), (73.0, 739.2), (73.0, 741.6), (73.0, 747.3), (73.0, 737.9), (73.0, 747.3), (73.0, 741.6), (73.0, 739.2), (73.0, 755.7), (73.0, 738.5), (73.0, 743.2), (73.0, 745.1), (73.0, 738.0), (73.0, 749.8), (73.0, 740.2), (73.0, 740.3), (73.0, 755.0), (73.0, 738.0), (73.0, 745.1), (73.0, 743.2), (73.0, 738.5), (73.0, 752.6), (73.0, 739.2), (73.0, 741.6)]",0,8.18
speedrunner,meatboy,8,Stuck,5,0,-39.53,0.104,"[(329.0, 749.0), (333.0, 755.3), (363.0, 755.0), (367.7, 755.9), (372.3, 755.3), (377.0, 755.0), (381.7, 755.9), (386.3, 755.3), (385.1, 732.8), (319.8, 723.4), (265.0, 732.8), (266.3, 747.3), (265.0, 723.9), (265.0, 728.7), (260.2, 752.3), (237.8, 717.3), (160.5, 730.2), (88.0, 755.3), (77.6, 755.0), (73.0, 724.7), (73.0, 727.1), (73.0, 748.3), (73.0, 755.0), (73.0, 755.9), (73.0, 755.3), (73.0, 755.0), (73.0, 755.9), (73.0, 755.3), (73.0, 755.0), (73.0, 755.9), (73.0, 755.3), (73.0, 755.0), (73.0, 755.9), (73.0, 755.3), (73.0, 755.0), (73.0, 755.9), (73.0, 755.3), (73.0, 755.0), (73.0, 755.9), (73.0, 755.3), (73.0, 755.0), (73.0, 755.9), (73.0, 755.3), (73.0, 755.0), (73.0, 755.9), (73.0, 755.3), (73.0, 755.0), (73.0, 755.9)]",0,6.27
speedrunner,meatboy,8,Stuck,13,0,-29.74,0.104,"[(329.0, 749.0), (333.0, 755.3), (368.1, 732.8), (375.4, 689.0), (324.8, 681.9), (265.0, 693.7), (265.0, 724.4), (266.3, 755.3), (224.1, 755.2), (206.8, 755.3), (212.8, 755.0), (218.8, 755.9), (224.8, 755.3), (230.8, 755.0), (236.8, 755.9), (242.8, 755.3), (248.8, 755.0), (254.8, 755.9), (260.8, 755.3), (266.8, 755.0), (272.8, 755.9), (298.5, 755.3), (362.3, 755.0), (342.8, 701.6), (265.0, 668.1), (265.0, 661.1), (265.0, 672.9), (265.0, 703.5), (265.0, 753.0), (271.2, 755.3), (295.4, 755.0), (362.1, 755.9), (353.8, 707.2), (278.5, 670.3), (198.5, 652.3), (121.5, 653.0), (73.0, 672.7), (73.0, 709.4), (73.0, 749.1), (73.0, 739.2), (73.0, 741.6), (73.0, 747.3), (73.0, 737.9), (73.0, 747.3), (73.0, 741.6), (73.0, 739.2), (73.0, 755.7), (73.0, 738.5), (73.0, 743.2), (73.0, 745.1), (73.0, 738.0), (73.0, 749.8), (73.0, 740.2), (73.0, 740.3), (73.0, 755.0), (73.0, 738.0), (73.0, 745.1), (73.0, 743.2), (73.0, 738.5), (73.0, 752.6), (73.0, 739.2), (73.0, 741.6)]",0,8.18
speedrunner,meatboy,8,Stuck,13,0,-41.23,0.104,"[(329.0, 749.0), (333.0, 755.3), (392.3, 732.8), (439.0, 692.1), (439.0, 687.4), (439.0, 701.6), (439.0, 734.6), (425.7, 725.9), (352.5, 682.0), (278.2, 668.5), (265.0, 675.6), (265.0, 701.6), (265.0, 740.8), (285.0, 755.3), (362.3, 755.0), (378.4, 719.4), (312.9, 677.8), (232.9, 655.0), (155.2, 651.1), (82.9, 666.0), (73.0, 699.5), (73.0, 739.2), (73.0, 741.6), (73.0, 739.2), (73.0, 755.7), (73.0, 738.5), (73.0, 743.2), (73.0, 745.1), (73.0, 738.0), (73.0, 749.8), (73.0, 740.2), (73.0, 740.3), (73.0, 755.0), (73.0, 738.0), (73.0, 745.1), (73.0, 743.2), (73.0, 738.5), (73.0, 752.6), (73.0, 739.2), (73.0, 741.6), (73.0, 747.3), (73.0, 737.9), (73.0, 747.3), (73.0, 741.6), (73.0, 739.2), (73.0, 755.7), (73.0, 738.5)]",0,6.18
speedrunner,meatboy,8,Stuck,13,0,-29.74,0.104,"[(329.0, 749.0), (333.0, 755.3), (368.1, 732.8), (375.4, 689.0), (324.8, 681.9), (265.0, 693.7), (265.0, 724.4), (266.3, 755.3), (224.1, 755.2), (206.8, 755.3), (212.8, 755.0), (218.8, 755.9), (224.8, 755.3), (230.8, 755.0), (236.8, 755.9), (242.8, 755.3), (248.8, 755.0), (254.8, 755.9), (260.8, 755.3), (266.8, 755.0), (272.8, 755.9), (298.5, 755.3), (362.3, 755.0), (342.8, 701.6), (265.0, 668.1), (265.0, 661.1), (265.0, 672.9), (265.0, 703.5), (265.0, 753.0), (271.2, 755.3), (295.4, 755.0), (362.1, 755.9), (353.8, 707.2), (278.5, 670.3), (198.5, 652.3), (121.5, 653.0), (73.0, 672.7), (73.0, 709.4), (73.0, 749.1), (73.0, 739.2), (73.0, 741.6), (73.0, 747.3), (73.0, 737.9), (73.0, 747.3), (73.0, 741.6), (73.0, 739.2), (73.0, 755.7), (73.0, 738.5), (73.0, 743.2), (73.0, 745.1), (73.0, 738.0), (73.0, 749.8), (73.0, 740.2), (73.0, 740.3), (73.0, 755.0), (73.0, 738.0), (73.0, 745.1), (73.0, 743.2), (73.0, 738.5), (73.0, 752.6), (73.0, 739.2), (73.0, 741.6)]",0,8.18
speedrunner,meatboy,8,Stuck,13,0,-40.83,0.104,"[(329.0, 749.0), (333.0, 755.3), (392.3, 732.8), (439.0, 695.9), (439.0, 693.5), (439.0, 710.0), (439.0, 745.4), (411.0, 713.2), (333.4, 675.6), (265.0, 668.5), (265.0, 680.3), (265.0, 711.0), (265.0, 750.7), (302.3, 755.0), (376.5, 755.9), (368.2, 707.2), (292.9, 670.3), (212.9, 652.3), (135.9, 653.0), (73.0, 672.7), (73.0, 709.4), (73.0, 749.1), (73.0, 739.2), (73.0, 741.6), (73.0, 747.3), (73.0, 737.9), (73.0, 747.3), (73.0, 741.6), (73.0, 739.2), (73.0, 755.7), (73.0, 738.5), (73.0, 743.2), (73.0, 745.1), (73.0, 738.0), (73.0, 749.8), (73.0, 740.2), (73.0, 740.3), (73.0, 755.0), (73.0, 738.0), (73.0, 745.1), (73.0, 743.2), (73.0, 738.5), (73.0, 752.6), (73.0, 739.2), (73.0, 741.6), (73.0, 747.3), (73.0, 737.9)]",0,6.15
speedrunner,meatboy,8,Stuck,4,0,-39.93,0.104,"[(329.0, 749.0), (333.0, 755.3), (368.1, 732.8), (376.7, 689.0), (379.9, 681.9), (379.9, 693.7), (379.9, 724.4), (379.2, 755.9), (364.4, 730.6), (290.7, 723.5), (265.0, 735.3), (265.7, 755.9), (216.1, 755.0), (204.9, 733.6), (187.6, 696.8), (114.4, 694.4), (73.0, 710.9), (73.0, 745.6), (73.0, 755.9), (73.0, 755.3), (73.0, 755.0), (73.0, 755.9), (73.0, 755.3), (73.0, 755.0), (73.0, 755.9), (73.0, 755.3), (73.0, 755.0), (73.0, 755.9), (73.0, 755.3), (73.0, 755.0), (73.0, 755.9), (73.0, 755.3), (73.0, 755.0), (73.0, 755.9), (73.0, 755.3), (73.0, 755.0), (73.0, 755.9), (73.0, 755.3), (73.0, 755.0), (73.0, 755.9), (73.0, 755.3), (73.0, 755.0), (73.0, 755.9), (73.0, 755.3), (73.0, 755.0), (73.0, 755.9), (73.0, 755.3)]",0,6.22
speedrunner,meatboy,8,Stuck,13,0,-29.74,0.104,"[(329.0, 749.0), (333.0, 755.3), (368.1, 732.8), (375.4, 689.0), (324.8, 681.9), (265.0, 693.7), (265.0, 724.4), (266.3, 755.3), (224.1, 755.2), (206.8, 755.3), (212.8, 755.0), (218.8, 755.9), (224.8, 755.3), (230.8, 755.0), (236.8, 755.9), (242.8, 755.3), (248.8, 755.0), (254.8, 755.9), (260.8, 755.3), (266.8, 755.0), (272.8, 755.9), (298.5, 755.3), (362.3, 755.0), (342.8, 701.6), (265.0, 668.1), (265.0, 661.1), (265.0, 672.9), (265.0, 703.5), (265.0, 753.0), (271.2, 755.3), (295.4, 755.0), (362.1, 755.9), (353.8, 707.2), (278.5, 670.3), (198.5, 652.3), (121.5, 653.0), (73.0, 672.7), (73.0, 709.4), (73.0, 749.1), (73.0, 739.2), (73.0, 741.6), (73.0, 747.3), (73.0, 737.9), (73.0, 747.3), (73.0, 741.6), (73.0, 739.2), (73.0, 755.7), (73.0, 738.5), (73.0, 743.2), (73.0, 745.1), (73.0, 738.0), (73.0, 749.8), (73.0, 740.2), (73.0, 740.3), (73.0, 755.0), (73.0, 738.0), (73.0, 745.1), (73.0, 743.2), (73.0, 738.5), (73.0, 752.6), (73.0, 739.2), (73.0, 741.6)]",0,8.18
speedrunner,meatboy,8,Stuck,8,0,-48.55,0.104,"[(329.0, 749.0), (287.6, 740.1), (265.0, 711.5), (265.0, 713.9), (265.0, 735.1), (251.7, 749.9), (197.1, 755.0), (196.6, 714.1), (188.9, 693.7), (186.6, 698.4), (178.2, 722.0), (177.1, 755.3), (171.0, 701.9), (166.0, 692.5), (160.7, 701.9), (155.0, 730.2), (150.4, 732.8), (144.1, 700.2), (140.2, 700.2), (133.2, 719.1), (130.2, 755.0), (123.2, 711.3), (119.5, 704.2), (112.7, 716.0), (108.4, 746.7), (106.1, 719.7), (99.8, 704.2), (96.0, 711.3), (89.0, 737.2), (85.8, 755.3), (78.3, 713.2), (74.0, 692.8), (73.0, 697.5), (73.0, 721.1), (73.0, 755.0), (73.0, 755.9), (73.0, 755.3), (73.0, 755.0), (73.0, 755.9)]",0,5.15
speedrunner,meatboy,8,Stuck,13,0,-40.83,0.104,"[(329.0, 749.0), (333.0, 755.3), (392.3, 732.8), (439.0, 695.9), (439.0, 693.5), (439.0, 710.0), (439.0, 745.4), (411.0, 713.2), (333.4, 675.6), (265.0, 668.5), (265.0, 680.3), (265.0, 711.0), (265.0, 750.7), (302.3, 755.0), (376.5, 755.9), (368.2, 707.2), (292.9, 670.3), (212.9, 652.3), (135.9, 653.0), (73.0, 672.7), (73.0, 709.4), (73.0, 749.1), (73.0, 739.2), (73.0, 741.6), (73.0, 747.3), (73.0, 737.9), (73.0, 747.3), (73.0, 741.6), (73.0, 739.2), (73.0, 755.7), (73.0, 738.5), (73.0, 743.2), (73.0, 745.1), (73.0, 738.0), (73.0, 749.8), (73.0, 740.2), (73.0, 740.3), (73.0, 755.0), (73.0, 738.0), (73.0, 745.1), (73.0, 743.2), (73.0, 738.5), (73.0, 752.6), (73.0, 739.2), (73.0, 741.6), (73.0, 747.3), (73.0, 737.9)]",0,6.15
speedrunner,meatboy,8,Stuck,7,0,-47.24,0.104,"[(329.0, 749.0), (333.0, 755.3), (384.5, 732.8), (419.3, 692.1), (439.0, 687.4), (439.0, 701.6), (439.0, 734.6), (425.7, 725.9), (351.7, 710.2), (274.7, 717.2), (265.0, 743.2), (259.2, 751.9), (234.2, 755.9), (223.4, 753.4), (216.6, 717.0), (212.9, 727.6), (206.1, 755.0), (202.4, 707.5), (166.7, 692.6), (115.0, 699.7), (73.0, 725.7), (73.0, 755.3), (73.0, 755.0), (73.0, 755.9), (73.0, 755.3), (73.0, 755.0), (73.0, 755.9), (73.0, 755.3), (73.0, 755.0), (73.0, 755.9), (73.0, 755.3), (73.0, 755.0), (73.0, 755.9), (73.0, 755.3), (73.0, 755.0), (73.0, 755.9), (73.0, 755.3), (73.0, 755.0), (73.0, 755.9), (73.0, 755.3), (73.0, 755.0)]",0,5.4
speedrunner,meatboy,8,Stuck,13,0,-29.74,0.104,"[(329.0, 749.0), (333.0, 755.3), (368.1, 732.8), (375.4, 689.0), (324.8, 681.9), (265.0, 693.7), (265.0, 724.4), (266.3, 755.3), (224.1, 755.2), (206.8, 755.3), (212.8, 755.0), (218.8, 755.9), (224.8, 755.3), (230.8, 755.0), (236.8, 755.9), (242.8, 755.3), (248.8, 755.0), (254.8, 755.9), (260.8, 755.3), (266.8, 755.0), (272.8, 755.9), (298.5, 755.3), (362.3, 755.0), (342.8, 701.6), (265.0, 668.1), (265.0, 661.1), (265.0, 672.9), (265.0, 703.5), (265.0, 753.0), (271.2, 755.3), (295.4, 755.0), (362.1, 755.9), (353.8, 707.2), (278.5, 670.3), (198.5, 652.3), (121.5, 653.0), (73.0, 672.7), (73.0, 709.4), (73.0, 749.1), (73.0, 739.2), (73.0, 741.6), (73.0, 747.3), (73.0, 737.9), (73.0, 747.3), (73.0, 741.6), (73.0, 739.2), (73.0, 755.7), (73.0, 738.5), (73.0, 743.2), (73.0, 745.1), (73.0, 738.0), (73.0, 749.8), (73.0, 740.2), (73.0, 740.3), (73.0, 755.0), (73.0, 738.0), (73.0, 745.1), (73.0, 743.2), (73.0, 738.5), (73.0, 752.6), (73.0, 739.2), (73.0, 741.6)]",0,8.18
speedrunner,meatboy,8,Stuck,13,0,-29.74,0.104,"[(329.0, 749.0), (333.0, 755.3), (368.1, 732.8), (375.4, 689.0), (324.8, 681.9), (265.0, 693.7), (265.0, 724.4), (266.3, 755.3), (224.1, 755.2), (206.8, 755.3), (212.8, 755.0), (218.8, 755.9), (224.8, 755.3), (230.8, 755.0), (236.8, 755.9), (242.8, 755.3), (248.8, 755.0), (254.8, 755.9), (260.8, 755.3), (266.8, 755.0), (272.8, 755.9), (298.5, 755.3), (362.3, 755.0), (342.8, 701.6), (265.0, 668.1), (265.0, 661.1), (265.0, 672.9), (265.0, 703.5), (265.0, 753.0), (271.2, 755.3), (295.4, 755.0), (362.1, 755.9), (353.8, 707.2), (278.5, 670.3), (198.5, 652.3), (121.5, 653.0), (73.0, 672.7), (73.0, 709.4), (73.0, 749.1), (73.0, 739.2), (73.0, 741.6), (73.0, 747.3), (73.0, 737.9), (73.0, 747.3), (73.0, 741.6), (73.0, 739.2), (73.0, 755.7), (73.0, 738.5), (73.0, 743.2), (73.0, 745.1), (73.0, 738.0), (73.0, 749.8), (73.0, 740.2), (73.0, 740.3), (73.0, 755.0), (73.0, 738.0), (73.0, 745.1), (73.0, 743.2), (73.0, 738.5), (73.0, 752.6), (73.0, 739.2), (73.0, 741.6)]",0,8.18
speedrunner,meatboy,8,Stuck,13,0,-40.83,0.104,"[(329.0, 749.0), (333.0, 755.3), (392.3, 732.8), (439.0, 695.9), (439.0, 693.5), (439.0, 710.0), (439.0, 745.4), (411.0, 713.2), (333.4, 675.6), (265.0, 668.5), (265.0, 680.3), (265.0, 711.0), (265.0, 750.7), (302.3, 755.0), (376.5, 755.9), (368.2, 707.2), (292.9, 670.3), (212.9, 652.3), (135.9, 653.0), (73.0, 672.7), (73.0, 709.4), (73.0, 749.1), (73.0, 739.2), (73.0, 741.6), (73.0, 747.3), (73.0, 737.9), (73.0, 747.3), (73.0, 741.6), (73.0, 739.2), (73.0, 755.7), (73.0, 738.5), (73.0, 743.2), (73.0, 745.1), (73.0, 738.0), (73.0, 749.8), (73.0, 740.2), (73.0, 740.3), (73.0, 755.0), (73.0, 738.0), (73.0, 745.1), (73.0, 743.2), (73.0, 738.5), (73.0, 752.6), (73.0, 739.2), (73.0, 741.6), (73.0, 747.3), (73.0, 737.9)]",0,6.15
speedrunner,meatboy,8,Stuck,13,0,-29.74,0.104,"[(329.0, 749.0), (333.0, 755.3), (368.1, 732.8), (375.4, 689.0), (324.8, 681.9), (265.0, 693.7), (265.0, 724.4), (266.3, 755.3), (224.1, 755.2), (206.8, 755.3), (212.8, 755.0), (218.8, 755.9), (224.8, 755.3), (230.8, 755.0), (236.8, 755.9), (242.8, 755.3), (248.8, 755.0), (254.8, 755.9), (260.8, 755.3), (266.8, 755.0), (272.8, 755.9), (298.5, 755.3), (362.3, 755.0), (342.8, 701.6), (265.0, 668.1), (265.0, 661.1), (265.0, 672.9), (265.0, 703.5), (265.0, 753.0), (271.2, 755.3), (295.4, 755.0), (362.1, 755.9), (353.8, 707.2), (278.5, 670.3), (198.5, 652.3), (121.5, 653.0), (73.0, 672.7), (73.0, 709.4), (73.0, 749.1), (73.0, 739.2), (73.0, 741.6), (73.0, 747.3), (73.0, 737.9), (73.0, 747.3), (73.0, 741.6), (73.0, 739.2), (73.0, 755.7), (73.0, 738.5), (73.0, 743.2), (73.0, 745.1), (73.0, 738.0), (73.0, 749.8), (73.0, 740.2), (73.0, 740.3), (73.0, 755.0), (73.0, 738.0), (73.0, 745.1), (73.0, 743.2), (73.0, 738.5), (73.0, 752.6), (73.0, 739.2), (73.0, 741.6)]",0,8.18
speedrunner,meatboy,8,Stuck,13,0,-40.83,0.104,"[(329.0, 749.0), (333.0, 755.3), (392.3, 732.8), (439.0, 695.9), (439.0, 693.5), (439.0, 710.0), (439.0, 745.4), (411.0, 713.2), (333.4, 675.6), (265.0, 668.5), (265.0, 680.3), (265.0, 711.0), (265.0, 750.7), (302.3, 755.0), (376.5, 755.9), (368.2, 707.2), (292.9, 670.3), (212.9, 652.3), (135.9, 653.0), (73.0, 672.7), (73.0, 709.4), (73.0, 749.1), (73.0, 739.2), (73.0, 741.6), (73.0, 747.3), (73.0, 737.9), (73.0, 747.3), (73.0, 741.6), (73.0, 739.2), (73.0, 755.7), (73.0, 738.5), (73.0, 743.2), (73.0, 745.1), (73.0, 738.0), (73.0, 749.8), (73.0, 740.2), (73.0, 740.3), (73.0, 755.0), (73.0, 738.0), (73.0, 745.1), (73.0, 743.2), (73.0, 738.5), (73.0, 752.6), (73.0, 739.2), (73.0, 741.6), (73.0, 747.3), (73.0, 737.9)]",0,6.15
speedrunner,meatboy,8,Stuck,4,0,-42.46,0.104,"[(329.0, 749.0), (333.0, 755.3), (363.0, 755.0), (367.7, 755.9), (372.3, 755.3), (371.1, 732.8), (305.9, 723.4), (265.0, 732.8), (266.3, 755.3), (224.1, 755.2), (204.9, 740.8), (188.4, 718.0), (172.9, 722.7), (162.8, 746.3), (159.1, 719.4), (137.1, 693.5), (73.0, 695.9), (73.0, 717.1), (73.0, 754.6), (73.0, 755.3), (73.0, 755.0), (73.0, 755.9), (73.0, 755.3), (73.0, 755.0), (73.0, 755.9), (73.0, 755.3), (73.0, 755.0), (73.0, 755.9), (73.0, 755.3), (73.0, 755.0), (73.0, 755.9), (73.0, 755.3), (73.0, 755.0), (73.0, 755.9), (73.0, 755.3), (73.0, 755.0), (73.0, 755.9), (73.0, 755.3), (73.0, 755.0), (73.0, 755.9), (73.0, 755.3), (73.0, 755.0), (73.0, 755.9), (73.0, 755.3)]",0,5.83
speedrunner,meatboy,8,Stuck,13,0,-29.73,0.104,"[(329.0, 749.0), (333.0, 755.3), (368.1, 732.8), (375.4, 689.0), (324.8, 681.9), (265.0, 693.7), (265.0, 724.4), (266.3, 755.3), (224.1, 755.2), (206.8, 755.3), (212.8, 755.0), (218.8, 755.9), (224.8, 755.3), (230.8, 755.0), (236.8, 755.9), (242.8, 755.3), (248.8, 755.0), (254.8, 755.9), (260.8, 755.3), (266.8, 755.0), (272.8, 755.9), (298.5, 755.3), (362.3, 755.0), (364.6, 726.2), (302.6, 682.3), (265.0, 662.5), (265.0, 664.9), (265.0, 686.1), (265.0, 726.2), (267.1, 755.0), (280.8, 755.9), (327.9, 755.3), (368.9, 732.8), (318.5, 686.4), (238.5, 658.9), (159.3, 650.3), (85.0, 660.5), (73.0, 689.5), (73.0, 729.2), (73.0, 745.1), (73.0, 738.0), (73.0, 749.8), (73.0, 740.2), (73.0, 740.3), (73.0, 755.0), (73.0, 738.0), (73.0, 745.1), (73.0, 743.2), (73.0, 738.5), (73.0, 752.6), (73.0, 739.2), (73.0, 741.6), (73.0, 747.3), (73.0, 737.9), (73.0, 747.3), (73.0, 741.6), (73.0, 739.2), (73.0, 755.7), (73.0, 738.5), (73.0, 743.2), (73.0, 745.1), (73.0, 738.0)]",0,8.25
speedrunner,meatboy,8,Stuck,15,0,-45.52,0.104,"[(329.0, 749.0), (333.0, 755.3), (337.2, 732.8), (269.3, 692.1), (265.0, 687.4), (265.0, 701.6), (265.0, 734.4), (261.2, 749.9), (256.7, 726.1), (201.2, 682.1), (129.7, 665.3), (73.0, 670.0), (73.0, 693.6), (73.0, 732.1), (73.0, 743.2), (73.0, 738.5), (73.0, 752.6), (73.0, 739.2), (73.0, 744.0), (73.0, 743.2), (73.0, 738.5), (73.0, 752.6), (73.0, 739.2), (73.0, 744.0), (73.0, 743.2), (73.0, 738.5), (73.0, 752.6), (73.0, 739.2), (73.0, 744.0), (73.0, 743.2), (73.0, 738.5), (73.0, 752.6), (73.0, 739.2), (73.0, 744.0), (73.0, 743.2), (73.0, 738.5), (73.0, 752.6), (73.0, 739.2), (73.0, 744.0), (73.0, 743.2), (73.0, 738.5)]",0,5.38
speedrunner,meatboy,8,Stuck,13,0,-41.23,0.104,"[(329.0, 749.0), (333.0, 755.3), (392.3, 732.8), (439.0, 692.1), (439.0, 687.4), (439.0, 701.6), (439.0, 734.6), (425.7, 725.9), (352.5, 682.0), (278.2, 668.5), (265.0, 675.6), (265.0, 701.6), (265.0, 740.8), (285.0, 755.3), (362.3, 755.0), (378.4, 719.4), (312.9, 677.8), (232.9, 655.0), (155.2, 651.1), (82.9, 666.0), (73.0, 699.5), (73.0, 739.2), (73.0, 741.6), (73.0, 739.2), (73.0, 755.7), (73.0, 738.5), (73.0, 743.2), (73.0, 745.1), (73.0, 738.0), (73.0, 749.8), (73.0, 740.2), (73.0, 740.3), (73.0, 755.0), (73.0, 738.0), (73.0, 745.1), (73.0, 743.2), (73.0, 738.5), (73.0, 752.6), (73.0, 739.2), (73.0, 741.6), (73.0, 747.3), (73.0, 737.9), (73.0, 747.3), (73.0, 741.6), (73.0, 739.2), (73.0, 755.7), (73.0, 738.5)]",0,6.18
speedrunner,meatboy,8,Stuck,9,0,-20.33,0.204,"[(329.0, 749.0), (333.0, 755.3), (368.1, 732.8), (375.4, 689.0), (324.8, 681.9), (265.0, 693.7), (265.0, 724.4), (266.3, 755.3), (224.1, 755.2), (206.8, 755.3), (212.8, 755.0), (218.8, 755.9), (224.8, 755.3), (230.8, 755.0), (236.8, 755.9), (242.8, 755.3), (248.8, 755.0), (254.8, 755.9), (260.8, 755.3), (266.8, 755.0), (272.8, 755.9), (298.5, 755.3), (362.3, 755.0), (364.6, 726.2), (302.6, 682.3), (265.0, 662.5), (265.0, 664.9), (265.0, 686.1), (265.0, 726.2), (261.6, 755.0), (260.1, 755.9), (258.5, 755.3), (257.0, 755.0), (255.4, 755.9), (253.9, 755.3), (252.3, 755.0), (250.8, 755.9), (249.2, 755.3), (247.6, 755.0), (246.1, 755.9), (244.5, 755.3), (243.0, 755.0), (241.4, 755.9), (239.9, 755.3), (233.7, 713.2), (230.7, 673.9), (223.1, 658.2), (219.5, 663.0), (212.6, 686.5), (208.3, 729.0), (203.6, 733.1), (197.3, 686.7), (193.4, 673.0), (186.4, 680.1), (183.3, 706.0), (175.7, 750.8), (174.2, 713.5), (167.4, 688.5), (163.0, 690.8), (156.9, 712.1), (151.9, 752.1), (150.3, 713.5)]",0,8.25
speedrunner,meatboy,8,Stuck,13,0,-40.83,0.104,"[(329.0, 749.0), (333.0, 755.3), (392.3, 732.8), (439.0, 695.9), (439.0, 693.5), (439.0, 710.0), (439.0, 745.4), (411.0, 713.2), (333.4, 675.6), (265.0, 668.5), (265.0, 680.3), (265.0, 711.0), (265.0, 750.7), (302.3, 755.0), (376.5, 755.9), (368.2, 707.2), (292.9, 670.3), (212.9, 652.3), (135.9, 653.0), (73.0, 672.7), (73.0, 709.4), (73.0, 749.1), (73.0, 739.2), (73.0, 741.6), (73.0, 747.3), (73.0, 737.9), (73.0, 747.3), (73.0, 741.6), (73.0, 739.2), (73.0, 755.7), (73.0, 738.5), (73.0, 743.2), (73.0, 745.1), (73.0, 738.0), (73.0, 749.8), (73.0, 740.2), (73.0, 740.3), (73.0, 755.0), (73.0, 738.0), (73.0, 745.1), (73.0, 743.2), (73.0, 738.5), (73.0, 752.6), (73.0, 739.2), (73.0, 741.6), (73.0, 747.3), (73.0, 737.9)]",0,6.15
speedrunner,meatboy,8,Stuck,13,0,-40.83,0.104,"[(329.0, 749.0), (333.0, 755.3), (392.3, 732.8), (439.0, 695.9), (439.0, 693.5), (439.0, 710.0), (439.0, 745.4), (411.0, 713.2), (333.4, 675.6), (265.0, 668.5), (265.0, 680.3), (265.0, 711.0), (265.0, 750.7), (302.3, 755.0), (376.5, 755.9), (368.2, 707.2), (292.9, 670.3), (212.9, 652.3), (135.9, 653.0), (73.0, 672.7), (73.0, 709.4), (73.0, 749.1), (73.0, 739.2), (73.0, 741.6), (73.0, 747.3), (73.0, 737.9), (73.0, 747.3), (73.0, 741.6), (73.0, 739.2), (73.0, 755.7), (73.0, 738.5), (73.0, 743.2), (73.0, 745.1), (73.0, 738.0), (73.0, 749.8), (73.0, 740.2), (73.0, 740.3), (73.0, 755.0), (73.0, 738.0), (73.0, 745.1), (73.0, 743.2), (73.0, 738.5), (73.0, 752.6), (73.0, 739.2), (73.0, 741.6), (73.0, 747.3), (73.0, 737.9)]",0,6.15
speedrunner,meatboy,8,Stuck,9,0,-20.33,0.204,"[(329.0, 749.0), (333.0, 755.3), (368.1, 732.8), (375.4, 689.0), (324.8, 681.9), (265.0, 693.7), (265.0, 724.4), (266.3, 755.3), (224.1, 755.2), (206.8, 755.3), (212.8, 755.0), (218.8, 755.9), (224.8, 755.3), (230.8, 755.0), (236.8, 755.9), (242.8, 755.3), (248.8, 755.0), (254.8, 755.9), (260.8, 755.3), (266.8, 755.0), (272.8, 755.9), (298.5, 755.3), (362.3, 755.0), (364.6, 726.2), (302.6, 682.3), (265.0, 662.5), (265.0, 664.9), (265.0, 686.1), (265.0, 726.2), (261.6, 755.0), (260.1, 755.9), (258.5, 755.3), (257.0, 755.0), (255.4, 755.9), (253.9, 755.3), (252.3, 755.0), (250.8, 755.9), (249.2, 755.3), (247.6, 755.0), (246.1, 755.9), (244.5, 755.3), (243.0, 755.0), (241.4, 755.9), (239.9, 755.3), (233.7, 713.2), (230.7, 673.9), (223.1, 658.2), (219.5, 663.0), (212.6, 686.5), (208.3, 729.0), (203.6, 733.1), (197.3, 686.7), (193.4, 673.0), (186.4, 680.1), (183.3, 706.0), (175.7, 750.8), (174.2, 713.5), (167.4, 688.5), (163.0, 690.8), (156.9, 712.1), (151.9, 752.1), (150.3, 713.5)]",0,8.25
speedrunner,meatboy,8,Stuck,13,0,-41.23,0.104,"[(329.0, 749.0), (333.0, 755.3), (392.3, 732.8), (439.0, 692.1), (439.0, 687.4), (439.0, 701.6), (439.0, 734.6), (425.7, 725.9), (352.5, 682.0), (278.2, 668.5), (265.0, 675.6), (265.0, 701.6), (265.0, 740.8), (285.0, 755.3), (362.3, 755.0), (378.4, 719.4), (312.9, 677.8), (232.9, 655.0), (155.2, 651.1), (82.9, 666.0), (73.0, 699.5), (73.0, 739.2), (73.0, 741.6), (73.0, 739.2), (73.0, 755.7), (73.0, 738.5), (73.0, 743.2), (73.0, 745.1), (73.0, 738.0), (73.0, 749.8), (73.0, 740.2), (73.0, 740.3), (73.0, 755.0), (73.0, 738.0), (73.0, 745.1), (73.0, 743.2), (73.0, 738.5), (73.0, 752.6), (73.0, 739.2), (73.0, 741.6), (73.0, 747.3), (73.0, 737.9), (73.0, 747.3), (73.0, 741.6), (73.0, 739.2), (73.0, 755.7), (73.0, 738.5)]",0,6.18
speedrunner,meatboy,8,Stuck,13,0,-29.73,0.104,"[(329.0, 749.0), (333.0, 755.3), (368.1, 732.8), (375.4, 689.0), (324.8, 681.9), (265.0, 693.7), (265.0, 724.4), (266.3, 755.3), (224.1, 755.2), (206.8, 755.3), (212.8, 755.0), (218.8, 755.9), (224.8, 755.3), (230.8, 755.0), (236.8, 755.9), (242.8, 755.3), (248.8, 755.0), (254.8, 755.9), (260.8, 755.3), (266.8, 755.0), (272.8, 755.9), (298.5, 755.3), (362.3, 755.0), (364.6, 726.2), (302.6, 682.3), (265.0, 662.5), (265.0, 664.9), (265.0, 686.1), (265.0, 726.2), (267.1, 755.0), (280.8, 755.9), (327.9, 755.3), (368.9, 732.8), (318.5, 686.4), (238.5, 658.9), (159.3, 650.3), (85.0, 660.5), (73.0, 689.5), (73.0, 729.2), (73.0, 745.1), (73.0, 738.0), (73.0, 749.8), (73.0, 740.2), (73.0, 740.3), (73.0, 755.0), (73.0, 738.0), (73.0, 745.1), (73.0, 743.2), (73.0, 738.5), (73.0, 752.6), (73.0, 739.2), (73.0, 741.6), (73.0, 747.3), (73.0, 737.9), (73.0, 747.3), (73.0, 741.6), (73.0, 739.2), (73.0, 755.7), (73.0, 738.5), (73.0, 743.2), (73.0, 745.1), (73.0, 738.0)]",0,8.25
speedrunner,meatboy,8,Stuck,13,0,-39.5,0.104,"[(329.0, 749.0), (333.0, 755.3), (392.3, 732.8), (439.0, 695.9), (439.0, 693.5), (439.0, 710.0), (439.0, 745.4), (411.0, 713.2), (338.7, 675.6), (265.0, 668.5), (265.0, 680.3), (265.0, 711.0), (265.0, 750.7), (302.3, 755.0), (376.5, 755.9), (368.2, 707.2), (292.9, 670.3), (212.9, 652.3), (135.9, 653.0), (73.0, 672.7), (73.0, 709.4), (73.0, 749.1), (73.0, 739.2), (73.0, 741.6), (73.0, 747.3), (73.0, 737.9), (73.0, 747.3), (73.0, 741.6), (73.0, 739.2), (73.0, 755.7), (73.0, 738.5), (73.0, 743.2), (73.0, 745.1), (73.0, 738.0), (73.0, 749.8), (73.0, 740.2), (73.0, 740.3), (73.0, 755.0), (73.0, 738.0), (73.0, 745.1), (73.0, 743.2), (73.0, 738.5), (73.0, 752.6), (73.0, 739.2), (73.0, 741.6), (73.0, 747.3), (73.0, 737.9)]",0,6.17
speedrunner,meatboy,8,Stuck,12,0,-30.07,0.104,"[(329.0, 749.0), (333.0, 755.3), (356.4, 755.0), (361.1, 755.9), (365.8, 755.3), (370.4, 755.0), (375.1, 755.9), (345.9, 720.2), (267.5, 717.9), (265.0, 734.4), (265.7, 755.9), (251.5, 755.0), (238.8, 755.9), (243.2, 755.3), (247.7, 755.0), (252.1, 755.9), (256.6, 755.3), (261.0, 755.0), (265.5, 755.9), (269.9, 755.3), (278.5, 755.0), (312.5, 755.9), (372.1, 747.3), (341.9, 696.2), (265.0, 666.2), (265.0, 661.5), (265.0, 675.7), (265.0, 708.7), (265.0, 755.0), (267.9, 755.9), (270.8, 755.3), (280.1, 755.0), (293.7, 755.9), (353.2, 755.3), (369.1, 740.2), (323.7, 691.5), (243.7, 661.6), (165.0, 650.6), (91.3, 658.5), (73.0, 685.2), (73.0, 724.6), (73.0, 747.3), (73.0, 737.9), (73.0, 747.3), (73.0, 741.6), (73.0, 739.2), (73.0, 755.7), (73.0, 738.5), (73.0, 743.2), (73.0, 745.1), (73.0, 738.0), (73.0, 749.8), (73.0, 740.2), (73.0, 740.3), (73.0, 755.0), (73.0, 738.0), (73.0, 745.1), (73.0, 743.2), (73.0, 738.5), (73.0, 752.6), (73.0, 739.2), (73.0, 741.6)]",0,8.17
speedrunner,meatboy,8,Stuck,13,0,-40.46,0.104,"[(329.0, 749.0), (333.0, 755.3), (392.3, 732.8), (439.0, 692.1), (439.0, 687.4), (439.0, 701.6), (439.0, 734.6), (425.7, 725.9), (356.2, 682.0), (287.9, 668.5), (265.0, 675.6), (265.0, 701.6), (265.0, 740.8), (285.0, 755.3), (362.3, 755.0), (378.4, 719.4), (312.9, 677.8), (233.1, 655.0), (156.1, 651.1), (84.5, 666.0), (73.0, 699.5), (73.0, 739.2), (73.0, 741.6), (73.0, 739.2), (73.0, 755.7), (73.0, 738.5), (73.0, 743.2), (73.0, 745.1), (73.0, 738.0), (73.0, 749.8), (73.0, 740.2), (73.0, 740.3), (73.0, 755.0), (73.0, 738.0), (73.0, 745.1), (73.0, 743.2), (73.0, 738.5), (73.0, 752.6), (73.0, 739.2), (73.0, 741.6), (73.0, 747.3), (73.0, 737.9), (73.0, 747.3), (73.0, 741.6), (73.0, 739.2), (73.0, 755.7), (73.0, 738.5)]",0,6.2
speedrunner,meatboy,8,Stuck,15,0,-48.74,0.104,"[(329.0, 749.0), (290.8, 755.3), (272.2, 755.0), (250.2, 755.9), (234.7, 755.3), (205.5, 753.4), (175.2, 740.2), (127.1, 717.4), (73.0, 722.2), (73.0, 745.7), (73.0, 740.2), (73.0, 740.3), (73.0, 755.0), (73.0, 738.0), (73.0, 745.1), (73.0, 743.2), (73.0, 738.5), (73.0, 752.6), (73.0, 739.2), (73.0, 741.6), (73.0, 747.3), (73.0, 737.9), (73.0, 747.3), (73.0, 741.6), (73.0, 739.2), (73.0, 755.7), (73.0, 738.5), (73.0, 743.2), (73.0, 745.1), (73.0, 738.0), (73.0, 749.8), (73.0, 740.2), (73.0, 740.3), (73.0, 755.0), (73.0, 738.0), (73.0, 745.1), (73.0, 743.2), (73.0, 738.5), (73.0, 752.6)]",0,5.17
speedrunner,meatboy,8,Stuck,13,0,-41.36,0.104,"[(329.0, 749.0), (333.0, 755.3), (392.3, 732.8), (439.0, 695.9), (439.0, 693.5), (439.0, 710.0), (439.0, 745.4), (411.0, 713.2), (333.4, 675.6), (265.0, 668.5), (265.0, 680.3), (265.0, 711.0), (265.0, 750.7), (302.3, 755.0), (376.5, 755.9), (368.2, 707.2), (292.9, 670.3), (212.9, 652.3), (134.1, 653.0), (73.0, 672.7), (73.0, 709.4), (73.0, 749.1), (73.0, 739.2), (73.0, 741.6), (73.0, 747.3), (73.0, 737.9), (73.0, 747.3), (73.0, 741.6), (73.0, 739.2), (73.0, 755.7), (73.0, 738.5), (73.0, 743.2), (73.0, 745.1), (73.0, 738.0), (73.0, 749.8), (73.0, 740.2), (73.0, 740.3), (73.0, 755.0), (73.0, 738.0), (73.0, 745.1), (73.0, 743.2), (73.0, 738.5), (73.0, 752.6), (73.0, 739.2), (73.0, 741.6), (73.0, 747.3), (73.0, 737.9)]",0,6.15
speedrunner,meatboy,8,Stuck,13,0,-40.68,0.104,"[(329.0, 749.0), (333.0, 755.3), (392.3, 732.8), (439.0, 695.9), (439.0, 693.5), (439.0, 710.0), (439.0, 745.4), (411.0, 713.2), (338.7, 675.6), (265.0, 668.5), (265.0, 680.3), (265.0, 711.0), (265.0, 750.7), (302.3, 755.0), (376.5, 755.9), (368.2, 707.2), (292.9, 670.3), (213.0, 652.3), (136.6, 653.0), (73.0, 672.7), (73.0, 709.4), (73.0, 749.1), (73.0, 739.2), (73.0, 741.6), (73.0, 747.3), (73.0, 737.9), (73.0, 747.3), (73.0, 741.6), (73.0, 739.2), (73.0, 755.7), (73.0, 738.5), (73.0, 743.2), (73.0, 745.1), (73.0, 738.0), (73.0, 749.8), (73.0, 740.2), (73.0, 740.3), (73.0, 755.0), (73.0, 738.0), (73.0, 745.1), (73.0, 743.2), (73.0, 738.5), (73.0, 752.6), (73.0, 739.2), (73.0, 741.6), (73.0, 747.3), (73.0, 737.9)]",0,6.17
speedrunner,meatboy,8,Stuck,13,0,-40.68,0.104,"[(329.0, 749.0), (333.0, 755.3), (392.3, 732.8), (439.0, 695.9), (439.0, 693.5), (439.0, 710.0), (439.0, 745.4), (411.0, 713.2), (338.7, 675.6), (265.0, 668.5), (265.0, 680.3), (265.0, 711.0), (265.0, 750.7), (302.3, 755.0), (376.5, 755.9), (368.2, 707.2), (292.9, 670.3), (213.0, 652.3), (136.6, 653.0), (73.0, 672.7), (73.0, 709.4), (73.0, 749.1), (73.0, 739.2), (73.0, 741.6), (73.0, 747.3), (73.0, 737.9), (73.0, 747.3), (73.0, 741.6), (73.0, 739.2), (73.0, 755.7), (73.0, 738.5), (73.0, 743.2), (73.0, 745.1), (73.0, 738.0), (73.0, 749.8), (73.0, 740.2), (73.0, 740.3), (73.0, 755.0), (73.0, 738.0), (73.0, 745.1), (73.0, 743.2), (73.0, 738.5), (73.0, 752.6), (73.0, 739.2), (73.0, 741.6), (73.0, 747.3), (73.0, 737.9)]",0,6.17
speedrunner,meatboy,8,Stuck,13,0,-41.36,0.104,"[(329.0, 749.0), (333.0, 755.3), (392.3, 732.8), (439.0, 695.9), (439.0, 693.5), (439.0, 710.0), (439.0, 745.4), (411.0, 713.2), (333.4, 675.6), (265.0, 668.5), (265.0, 680.3), (265.0, 711.0), (265.0, 750.7), (302.3, 755.0), (376.5, 755.9), (368.2, 707.2), (292.9, 670.3), (212.9, 652.3), (134.1, 653.0), (73.0, 672.7), (73.0, 709.4), (73.0, 749.1), (73.0, 739.2), (73.0, 741.6), (73.0, 747.3), (73.0, 737.9), (73.0, 747.3), (73.0, 741.6), (73.0, 739.2), (73.0, 755.7), (73.0, 738.5), (73.0, 743.2), (73.0, 745.1), (73.0, 738.0), (73.0, 749.8), (73.0, 740.2), (73.0, 740.3), (73.0, 755.0), (73.0, 738.0), (73.0, 745.1), (73.0, 743.2), (73.0, 738.5), (73.0, 752.6), (73.0, 739.2), (73.0, 741.6), (73.0, 747.3), (73.0, 737.9)]",0,6.15
speedrunner,meatboy,8,Stuck,13,0,-40.46,0.104,"[(329.0, 749.0), (333.0, 755.3), (392.3, 732.8), (439.0, 692.1), (439.0, 687.4), (439.0, 701.6), (439.0, 734.6), (425.7, 725.9), (356.2, 682.0), (287.9, 668.5), (265.0, 675.6), (265.0, 701.6), (265.0, 740.8), (285.0, 755.3), (362.3, 755.0), (378.4, 719.4), (312.9, 677.8), (233.1, 655.0), (156.1, 651.1), (84.5, 666.0), (73.0, 699.5), (73.0, 739.2), (73.0, 741.6), (73.0, 739.2), (73.0, 755.7), (73.0, 738.5), (73.0, 743.2), (73.0, 745.1), (73.0, 738.0), (73.0, 749.8), (73.0, 740.2), (73.0, 740.3), (73.0, 755.0), (73.0, 738.0), (73.0, 745.1), (73.0, 743.2), (73.0, 738.5), (73.0, 752.6), (73.0, 739.2), (73.0, 741.6), (73.0, 747.3), (73.0, 737.9), (73.0, 747.3), (73.0, 741.6), (73.0, 739.2), (73.0, 755.7), (73.0, 738.5)]",0,6.2
speedrunner,meatboy,8,Stuck,12,0,-30.07,0.104,"[(329.0, 749.0), (333.0, 755.3), (356.4, 755.0), (361.1, 755.9), (365.8, 755.3), (370.4, 755.0), (375.1, 755.9), (345.9, 720.2), (267.5, 717.9), (265.0, 734.4), (265.7, 755.9), (251.5, 755.0), (238.8, 755.9), (243.2, 755.3), (247.7, 755.0), (252.1, 755.9), (256.6, 755.3), (261.0, 755.0), (265.5, 755.9), (269.9, 755.3), (278.5, 755.0), (312.5, 755.9), (372.1, 747.3), (341.9, 696.2), (265.0, 666.2), (265.0, 661.5), (265.0, 675.7), (265.0, 708.7), (265.0, 755.0), (267.9, 755.9), (270.8, 755.3), (280.1, 755.0), (293.7, 755.9), (353.2, 755.3), (369.1, 740.2), (323.7, 691.5), (243.7, 661.6), (165.0, 650.6), (91.3, 658.5), (73.0, 685.2), (73.0, 724.6), (73.0, 747.3), (73.0, 737.9), (73.0, 747.3), (73.0, 741.6), (73.0, 739.2), (73.0, 755.7), (73.0, 738.5), (73.0, 743.2), (73.0, 745.1), (73.0, 738.0), (73.0, 749.8), (73.0, 740.2), (73.0, 740.3), (73.0, 755.0), (73.0, 738.0), (73.0, 745.1), (73.0, 743.2), (73.0, 738.5), (73.0, 752.6), (73.0, 739.2), (73.0, 741.6)]",0,8.17
speedrunner,meatboy,8,Stuck,15,0,-45.72,0.104,"[(329.0, 749.0), (333.0, 755.3), (384.5, 732.8), (419.3, 686.4), (439.0, 677.0), (439.0, 686.5), (439.0, 714.8), (439.0, 755.0), (391.7, 713.7), (311.8, 711.4), (265.0, 727.9), (266.3, 747.3), (265.0, 723.9), (265.0, 728.7), (245.0, 752.3), (174.9, 745.7), (98.6, 752.8), (73.0, 743.2), (73.0, 738.5), (73.0, 752.6), (73.0, 739.2), (73.0, 741.6), (73.0, 747.3), (73.0, 737.9), (73.0, 747.3), (73.0, 741.6), (73.0, 739.2), (73.0, 755.7), (73.0, 738.5), (73.0, 743.2), (73.0, 745.1), (73.0, 738.0), (73.0, 749.8), (73.0, 740.2), (73.0, 740.3), (73.0, 755.0), (73.0, 738.0), (73.0, 745.1), (73.0, 743.2), (73.0, 738.5), (73.0, 752.6)]",0,5.4
speedrunner,meatboy,8,Stuck,3,0,-41.63,0.104,"[(329.0, 749.0), (333.0, 755.3), (355.2, 755.0), (361.7, 755.9), (368.1, 755.3), (374.6, 755.0), (381.0, 755.9), (375.6, 730.6), (305.6, 723.5), (265.0, 735.3), (257.0, 749.3), (199.3, 755.9), (193.7, 724.6), (153.2, 717.6), (116.7, 729.4), (87.3, 755.0), (83.2, 755.9), (78.2, 755.3), (73.6, 755.0), (73.0, 755.9), (73.0, 755.3), (73.0, 755.0), (73.0, 755.9), (73.0, 755.3), (73.0, 755.0), (73.0, 755.9), (73.0, 755.3), (73.0, 755.0), (73.0, 755.9), (73.0, 755.3), (73.0, 755.0), (73.0, 755.9), (73.0, 755.3), (73.0, 755.0), (73.0, 755.9), (73.0, 755.3), (73.0, 755.0), (73.0, 755.9), (73.0, 755.3), (73.0, 755.0), (73.0, 755.9), (73.0, 755.3), (73.0, 755.0), (73.0, 755.9), (73.0, 755.3), (73.0, 755.0)]",0,6.1
speedrunner,meatboy,8,Stuck,13,0,-41.23,0.104,"[(329.0, 749.0), (333.0, 755.3), (392.3, 732.8), (439.0, 692.1), (439.0, 687.4), (439.0, 701.6), (439.0, 734.6), (425.7, 725.9), (352.5, 682.0), (278.2, 668.5), (265.0, 675.6), (265.0, 701.6), (265.0, 740.8), (285.0, 755.3), (362.3, 755.0), (378.4, 719.4), (312.9, 677.8), (232.9, 655.0), (155.2, 651.1), (82.9, 666.0), (73.0, 699.5), (73.0, 739.2), (73.0, 741.6), (73.0, 739.2), (73.0, 755.7), (73.0, 738.5), (73.0, 743.2), (73.0, 745.1), (73.0, 738.0), (73.0, 749.8), (73.0, 740.2), (73.0, 740.3), (73.0, 755.0), (73.0, 738.0), (73.0, 745.1), (73.0, 743.2), (73.0, 738.5), (73.0, 752.6), (73.0, 739.2), (73.0, 741.6), (73.0, 747.3), (73.0, 737.9), (73.0, 747.3), (73.0, 741.6), (73.0, 739.2), (73.0, 755.7), (73.0, 738.5)]",0,6.18
speedrunner,meatboy,8,Stuck,17,0,-40.3,0.104,"[(329.0, 749.0), (333.0, 755.3), (392.3, 732.8), (439.0, 695.9), (439.0, 693.5), (439.0, 710.0), (439.0, 745.4), (411.0, 713.2), (332.9, 675.6), (265.0, 668.5), (265.0, 680.3), (265.0, 711.0), (265.0, 750.7), (261.2, 755.2), (227.1, 753.0), (151.0, 745.9), (75.9, 755.0), (73.0, 738.8), (73.0, 743.5), (73.0, 743.2), (73.0, 738.5), (73.0, 752.6), (73.0, 739.2), (73.0, 741.6), (73.0, 747.3), (73.0, 737.9), (73.0, 747.3), (73.0, 741.6), (73.0, 739.2), (73.0, 755.7), (73.0, 738.5), (73.0, 743.2), (73.0, 745.1), (73.0, 738.0), (73.0, 749.8), (73.0, 740.2), (73.0, 740.3), (73.0, 755.0), (73.0, 738.0), (73.0, 745.1), (73.0, 743.2), (73.0, 738.5), (73.0, 752.6), (73.0, 739.2), (73.0, 741.6), (73.0, 747.3), (73.0, 737.9)]",0,6.15
speedrunner,meatboy,8,Stuck,3,0,-33.56,0.104,"[(329.0, 749.0), (333.0, 755.3), (366.3, 755.0), (368.3, 755.9), (372.9, 755.3), (377.6, 755.0), (382.3, 755.9), (386.9, 755.3), (391.6, 755.0), (396.3, 755.9), (400.9, 755.3), (405.6, 755.0), (410.3, 755.9), (414.9, 755.3), (419.6, 755.0), (407.1, 728.6), (331.9, 724.0), (265.0, 738.1), (263.8, 749.0), (210.1, 755.3), (203.5, 726.8), (152.9, 717.4), (93.4, 726.9), (73.0, 755.2), (73.0, 755.3), (73.0, 755.0), (73.0, 755.9), (73.0, 755.3), (73.0, 755.0), (73.0, 755.9), (73.0, 755.3), (73.0, 755.0), (73.0, 755.9), (73.0, 755.3), (73.0, 755.0), (73.0, 755.9), (73.0, 755.3), (73.0, 755.0), (73.0, 755.9), (73.0, 755.3), (73.0, 755.0), (73.0, 755.9), (73.0, 755.3), (73.0, 755.0), (73.0, 755.9), (73.0, 755.3), (73.0, 755.0), (73.0, 755.9), (73.0, 755.3), (73.0, 755.0), (73.0, 755.9), (73.0, 755.3), (73.0, 755.0), (73.0, 755.9), (73.0, 755.3)]",0,7.22
speedrunner,meatboy,8,Stuck,16,0,-40.25,0.104,"[(329.0, 749.0), (333.0, 755.3), (371.4, 732.8), (379.9, 689.0), (383.2, 681.9), (383.2, 693.7), (383.2, 724.4), (379.2, 739.9), (315.9, 723.5), (265.0, 730.6), (265.0, 755.0), (255.3, 753.4), (246.3, 749.0), (210.6, 755.3), (198.9, 713.2), (160.6, 692.8), (80.7, 697.5), (73.0, 721.1), (73.0, 755.0), (73.0, 738.0), (73.0, 745.1), (73.0, 743.2), (73.0, 738.5), (73.0, 752.6), (73.0, 739.2), (73.0, 741.6), (73.0, 747.3), (73.0, 737.9), (73.0, 747.3), (73.0, 741.6), (73.0, 739.2), (73.0, 755.7), (73.0, 738.5), (73.0, 743.2), (73.0, 745.1), (73.0, 738.0), (73.0, 749.8), (73.0, 740.2), (73.0, 740.3), (73.0, 755.0), (73.0, 738.0), (73.0, 745.1), (73.0, 743.2), (73.0, 738.5), (73.0, 752.6), (73.0, 739.2)]",0,6.12
speedrunner,meatboy,8,Stuck,17,0,-40.3,0.104,"[(329.0, 749.0), (333.0, 755.3), (392.3, 732.8), (439.0, 695.9), (439.0, 693.5), (439.0, 710.0), (439.0, 745.4), (411.0, 713.2), (332.9, 675.6), (265.0, 668.5), (265.0, 680.3), (265.0, 711.0), (265.0, 750.7), (261.2, 755.2), (227.1, 753.0), (151.0, 745.9), (75.9, 755.0), (73.0, 738.8), (73.0, 743.5), (73.0, 743.2), (73.0, 738.5), (73.0, 752.6), (73.0, 739.2), (73.0, 741.6), (73.0, 747.3), (73.0, 737.9), (73.0, 747.3), (73.0, 741.6), (73.0, 739.2), (73.0, 755.7), (73.0, 738.5), (73.0, 743.2), (73.0, 745.1), (73.0, 738.0), (73.0, 749.8), (73.0, 740.2), (73.0, 740.3), (73.0, 755.0), (73.0, 738.0), (73.0, 745.1), (73.0, 743.2), (73.0, 738.5), (73.0, 752.6), (73.0, 739.2), (73.0, 741.6), (73.0, 747.3), (73.0, 737.9)]",0,6.15
speedrunner,meatboy,8,Stuck,13,0,-41.23,0.104,"[(329.0, 749.0), (333.0, 755.3), (392.3, 732.8), (439.0, 692.1), (439.0, 687.4), (439.0, 701.6), (439.0, 734.6), (425.7, 725.9), (352.5, 682.0), (278.2, 668.5), (265.0, 675.6), (265.0, 701.6), (265.0, 740.8), (285.0, 755.3), (362.3, 755.0), (378.4, 719.4), (312.9, 677.8), (232.9, 655.0), (155.2, 651.1), (82.9, 666.0), (73.0, 699.5), (73.0, 739.2), (73.0, 741.6), (73.0, 739.2), (73.0, 755.7), (73.0, 738.5), (73.0, 743.2), (73.0, 745.1), (73.0, 738.0), (73.0, 749.8), (73.0, 740.2), (73.0, 740.3), (73.0, 755.0), (73.0, 738.0), (73.0, 745.1), (73.0, 743.2), (73.0, 738.5), (73.0, 752.6), (73.0, 739.2), (73.0, 741.6), (73.0, 747.3), (73.0, 737.9), (73.0, 747.3), (73.0, 741.6), (73.0, 739.2), (73.0, 755.7), (73.0, 738.5)]",0,6.18
speedrunner,meatboy,8,Stuck,12,0,-30.07,0.104,"[(329.0, 749.0), (333.0, 755.3), (356.4, 755.0), (361.1, 755.9), (365.8, 755.3), (370.4, 755.0), (375.1, 755.9), (345.9, 720.2), (267.5, 717.9), (265.0, 734.4), (265.7, 755.9), (251.5, 755.0), (238.8, 755.9), (243.2, 755.3), (247.7, 755.0), (252.1, 755.9), (256.6, 755.3), (261.0, 755.0), (265.5, 755.9), (269.9, 755.3), (278.5, 755.0), (312.5, 755.9), (372.1, 747.3), (341.9, 696.2), (265.0, 666.2), (265.0, 661.5), (265.0, 675.7), (265.0, 708.7), (265.0, 755.0), (267.9, 755.9), (270.8, 755.3), (280.1, 755.0), (293.7, 755.9), (353.2, 755.3), (369.1, 740.2), (323.7, 691.5), (243.7, 661.6), (165.0, 650.6), (91.3, 658.5), (73.0, 685.2), (73.0, 724.6), (73.0, 747.3), (73.0, 737.9), (73.0, 747.3), (73.0, 741.6), (73.0, 739.2), (73.0, 755.7), (73.0, 738.5), (73.0, 743.2), (73.0, 745.1), (73.0, 738.0), (73.0, 749.8), (73.0, 740.2), (73.0, 740.3), (73.0, 755.0), (73.0, 738.0), (73.0, 745.1), (73.0, 743.2), (73.0, 738.5), (73.0, 752.6), (73.0, 739.2), (73.0, 741.6)]",0,8.17
speedrunner,meatboy,8,Stuck,13,0,-40.46,0.104,"[(329.0, 749.0), (333.0, 755.3), (392.3, 732.8), (439.0, 692.1), (439.0, 687.4), (439.0, 701.6), (439.0, 734.6), (425.7, 725.9), (356.2, 682.0), (287.9, 668.5), (265.0, 675.6), (265.0, 701.6), (265.0, 740.8), (285.0, 755.3), (362.3, 755.0), (378.4, 719.4), (312.9, 677.8), (233.1, 655.0), (156.1, 651.1), (84.5, 666.0), (73.0, 699.5), (73.0, 739.2), (73.0, 741.6), (73.0, 739.2), (73.0, 755.7), (73.0, 738.5), (73.0, 743.2), (73.0, 745.1), (73.0, 738.0), (73.0, 749.8), (73.0, 740.2), (73.0, 740.3), (73.0, 755.0), (73.0, 738.0), (73.0, 745.1), (73.0, 743.2), (73.0, 738.5), (73.0, 752.6), (73.0, 739.2), (73.0, 741.6), (73.0, 747.3), (73.0, 737.9), (73.0, 747.3), (73.0, 741.6), (73.0, 739.2), (73.0, 755.7), (73.0, 738.5)]",0,6.2
speedrunner,meatboy,8,Stuck,13,0,-40.46,0.104,"[(329.0, 749.0), (333.0, 755.3), (392.3, 732.8), (439.0, 692.1), (439.0, 687.4), (439.0, 701.6), (439.0, 734.6), (425.7, 725.9), (356.2, 682.0), (287.9, 668.5), (265.0, 675.6), (265.0, 701.6), (265.0, 740.8), (285.0, 755.3), (362.3, 755.0), (378.4, 719.4), (312.9, 677.8), (233.1, 655.0), (156.1, 651.1), (84.5, 666.0), (73.0, 699.5), (73.0, 739.2), (73.0, 741.6), (73.0, 739.2), (73.0, 755.7), (73.0, 738.5), (73.0, 743.2), (73.0, 745.1), (73.0, 738.0), (73.0, 749.8), (73.0, 740.2), (73.0, 740.3), (73.0, 755.0), (73.0, 738.0), (73.0, 745.1), (73.0, 743.2), (73.0, 738.5), (73.0, 752.6), (73.0, 739.2), (73.0, 741.6), (73.0, 747.3), (73.0, 737.9), (73.0, 747.3), (73.0, 741.6), (73.0, 739.2), (73.0, 755.7), (73.0, 738.5)]",0,6.2
speedrunner,meatboy,8,Stuck,13,0,-40.42,0.104,"[(329.0, 749.0), (333.0, 755.3), (392.3, 732.8), (439.0, 692.1), (439.0, 687.4), (439.0, 701.6), (439.0, 734.6), (425.7, 725.9), (356.2, 682.0), (287.9, 668.5), (265.0, 675.6), (265.0, 701.6), (265.0, 740.8), (285.0, 755.3), (362.3, 755.0), (378.4, 719.4), (312.9, 677.8), (233.4, 655.0), (156.4, 651.1), (84.7, 666.0), (73.0, 699.5), (73.0, 739.2), (73.0, 741.6), (73.0, 739.2), (73.0, 755.7), (73.0, 738.5), (73.0, 743.2), (73.0, 745.1), (73.0, 738.0), (73.0, 749.8), (73.0, 740.2), (73.0, 740.3), (73.0, 755.0), (73.0, 738.0), (73.0, 745.1), (73.0, 743.2), (73.0, 738.5), (73.0, 752.6), (73.0, 739.2), (73.0, 741.6), (73.0, 747.3), (73.0, 737.9), (73.0, 747.3), (73.0, 741.6), (73.0, 739.2), (73.0, 755.7), (73.0, 738.5)]",0,6.2
speedrunner,meatboy,8,Stuck,13,0,-41.23,0.104,"[(329.0, 749.0), (333.0, 755.3), (392.3, 732.8), (439.0, 692.1), (439.0, 687.4), (439.0, 701.6), (439.0, 734.6), (425.7, 725.9), (352.5, 682.0), (278.2, 668.5), (265.0, 675.6), (265.0, 701.6), (265.0, 740.8), (285.0, 755.3), (362.3, 755.0), (378.4, 719.4), (312.9, 677.8), (232.9, 655.0), (155.2, 651.1), (82.9, 666.0), (73.0, 699.5), (73.0, 739.2), (73.0, 741.6), (73.0, 739.2), (73.0, 755.7), (73.0, 738.5), (73.0, 743.2), (73.0, 745.1), (73.0, 738.0), (73.0, 749.8), (73.0, 740.2), (73.0, 740.3), (73.0, 755.0), (73.0, 738.0), (73.0, 745.1), (73.0, 743.2), (73.0, 738.5), (73.0, 752.6), (73.0, 739.2), (73.0, 741.6), (73.0, 747.3), (73.0, 737.9), (73.0, 747.3), (73.0, 741.6), (73.0, 739.2), (73.0, 755.7), (73.0, 738.5)]",0,6.18
speedrunner,meatboy,8,Stuck,14,0,-35.77,0.104,"[(329.0, 749.0), (333.0, 755.3), (384.5, 732.8), (419.3, 692.1), (439.0, 687.4), (439.0, 701.6), (439.0, 734.6), (425.7, 725.9), (351.7, 710.2), (274.7, 717.2), (265.0, 743.2), (285.0, 755.9), (360.4, 755.3), (363.8, 719.7), (307.9, 678.1), (265.0, 665.0), (265.0, 672.0), (265.0, 698.0), (265.0, 740.1), (285.0, 755.9), (360.4, 755.3), (360.9, 719.7), (287.8, 678.1), (208.3, 655.9), (133.3, 653.6), (73.0, 670.1), (73.0, 704.8), (73.0, 744.5), (73.0, 740.2), (73.0, 740.3), (73.0, 755.0), (73.0, 738.0), (73.0, 745.1), (73.0, 743.2), (73.0, 738.5), (73.0, 752.6), (73.0, 739.2), (73.0, 741.6), (73.0, 747.3), (73.0, 737.9), (73.0, 747.3), (73.0, 741.6), (73.0, 739.2), (73.0, 755.7), (73.0, 738.5), (73.0, 743.2), (73.0, 745.1), (73.0, 738.0), (73.0, 749.8), (73.0, 740.2), (73.0, 740.3), (73.0, 755.0)]",0,6.92
speedrunner,meatboy,8,Stuck,2,0,-4.94,0.43,"[(329.0, 749.0), (333.0, 755.3), (375.2, 732.8), (391.3, 692.1), (402.1, 687.4), (407.5, 701.6), (408.2, 734.6), (406.8, 755.3), (403.9, 755.0), (401.0, 755.9), (398.1, 755.3), (395.2, 755.0), (392.3, 755.9), (389.4, 755.3), (386.6, 755.0), (383.7, 755.9), (380.8, 755.3), (377.9, 755.0), (375.0, 755.9), (377.4, 755.3), (377.2, 755.0), (374.3, 755.9), (376.8, 755.3), (376.6, 755.0), (376.3, 755.9), (376.1, 755.3), (375.9, 755.0), (375.7, 755.9), (375.4, 755.3), (376.7, 755.0), (379.6, 755.9), (382.4, 755.3), (385.3, 755.0), (388.2, 755.9), (391.1, 755.3), (394.0, 755.0), (396.9, 755.9), (399.8, 755.3), (402.7, 755.0), (388.3, 728.6), (312.5, 724.0)]",0,5.35
speedrunner,meatboy,8,Stuck,13,0,-41.36,0.104,"[(329.0, 749.0), (333.0, 755.3), (392.3, 732.8), (439.0, 695.9), (439.0, 693.5), (439.0, 710.0), (439.0, 745.4), (411.0, 713.2), (333.4, 675.6), (265.0, 668.5), (265.0, 680.3), (265.0, 711.0), (265.0, 750.7), (302.3, 755.0), (376.5, 755.9), (368.2, 707.2), (292.9, 670.3), (212.9, 652.3), (134.1, 653.0), (73.0, 672.7), (73.0, 709.4), (73.0, 749.1), (73.0, 739.2), (73.0, 741.6), (73.0, 747.3), (73.0, 737.9), (73.0, 747.3), (73.0, 741.6), (73.0, 739.2), (73.0, 755.7), (73.0, 738.5), (73.0, 743.2), (73.0, 745.1), (73.0, 738.0), (73.0, 749.8), (73.0, 740.2), (73.0, 740.3), (73.0, 755.0), (73.0, 738.0), (73.0, 745.1), (73.0, 743.2), (73.0, 738.5), (73.0, 752.6), (73.0, 739.2), (73.0, 741.6), (73.0, 747.3), (73.0, 737.9)]",0,6.15
speedrunner,meatboy,8,Stuck,13,0,-41.36,0.104,"[(329.0, 749.0), (333.0, 755.3), (392.3, 732.8), (439.0, 695.9), (439.0, 693.5), (439.0, 710.0), (439.0, 745.4), (411.0, 713.2), (333.4, 675.6), (265.0, 668.5), (265.0, 680.3), (265.0, 711.0), (265.0, 750.7), (302.3, 755.0), (376.5, 755.9), (368.2, 707.2), (292.9, 670.3), (212.9, 652.3), (134.1, 653.0), (73.0, 672.7), (73.0, 709.4), (73.0, 749.1), (73.0, 739.2), (73.0, 741.6), (73.0, 747.3), (73.0, 737.9), (73.0, 747.3), (73.0, 741.6), (73.0, 739.2), (73.0, 755.7), (73.0, 738.5), (73.0, 743.2), (73.0, 745.1), (73.0, 738.0), (73.0, 749.8), (73.0, 740.2), (73.0, 740.3), (73.0, 755.0), (73.0, 738.0), (73.0, 745.1), (73.0, 743.2), (73.0, 738.5), (73.0, 752.6), (73.0, 739.2), (73.0, 741.6), (73.0, 747.3), (73.0, 737.9)]",0,6.15
speedrunner,meatboy,8,Stuck,14,0,-35.77,0.104,"[(329.0, 749.0), (333.0, 755.3), (384.5, 732.8), (419.3, 692.1), (439.0, 687.4), (439.0, 701.6), (439.0, 734.6), (425.7, 725.9), (351.7, 710.2), (274.7, 717.2), (265.0, 743.2), (285.0, 755.9), (360.4, 755.3), (363.8, 719.7), (307.9, 678.1), (265.0, 665.0), (265.0, 672.0), (265.0, 698.0), (265.0, 740.1), (285.0, 755.9), (360.4, 755.3), (360.9, 719.7), (287.8, 678.1), (208.3, 655.9), (133.3, 653.6), (73.0, 670.1), (73.0, 704.8), (73.0, 744.5), (73.0, 740.2), (73.0, 740.3), (73.0, 755.0), (73.0, 738.0), (73.0, 745.1), (73.0, 743.2), (73.0, 738.5), (73.0, 752.6), (73.0, 739.2), (73.0, 741.6), (73.0, 747.3), (73.0, 737.9), (73.0, 747.3), (73.0, 741.6), (73.0, 739.2), (73.0, 755.7), (73.0, 738.5), (73.0, 743.2), (73.0, 745.1), (73.0, 738.0), (73.0, 749.8), (73.0, 740.2), (73.0, 740.3), (73.0, 755.0)]",0,6.92
speedrunner,meatboy,8,Stuck,13,0,-41.23,0.104,"[(329.0, 749.0), (333.0, 755.3), (392.3, 732.8), (439.0, 692.1), (439.0, 687.4), (439.0, 701.6), (439.0, 734.6), (425.7, 725.9), (352.5, 682.0), (278.2, 668.5), (265.0, 675.6), (265.0, 701.6), (265.0, 740.8), (285.0, 755.3), (362.3, 755.0), (378.4, 719.4), (312.9, 677.8), (232.9, 655.0), (155.2, 651.1), (82.9, 666.0), (73.0, 699.5), (73.0, 739.2), (73.0, 741.6), (73.0, 739.2), (73.0, 755.7), (73.0, 738.5), (73.0, 743.2), (73.0, 745.1), (73.0, 738.0), (73.0, 749.8), (73.0, 740.2), (73.0, 740.3), (73.0, 755.0), (73.0, 738.0), (73.0, 745.1), (73.0, 743.2), (73.0, 738.5), (73.0, 752.6), (73.0, 739.2), (73.0, 741.6), (73.0, 747.3), (73.0, 737.9), (73.0, 747.3), (73.0, 741.6), (73.0, 739.2), (73.0, 755.7), (73.0, 738.5)]",0,6.18
speedrunner,meatboy,8,Stuck,13,0,-40.42,0.104,"[(329.0, 749.0), (333.0, 755.3), (392.3, 732.8), (439.0, 692.1), (439.0, 687.4), (439.0, 701.6), (439.0, 734.6), (425.7, 725.9), (356.2, 682.0), (287.9, 668.5), (265.0, 675.6), (265.0, 701.6), (265.0, 740.8), (285.0, 755.3), (362.3, 755.0), (378.4, 719.4), (312.9, 677.8), (233.4, 655.0), (156.4, 651.1), (84.7, 666.0), (73.0, 699.5), (73.0, 739.2), (73.0, 741.6), (73.0, 739.2), (73.0, 755.7), (73.0, 738.5), (73.0, 743.2), (73.0, 745.1), (73.0, 738.0), (73.0, 749.8), (73.0, 740.2), (73.0, 740.3), (73.0, 755.0), (73.0, 738.0), (73.0, 745.1), (73.0, 743.2), (73.0, 738.5), (73.0, 752.6), (73.0, 739.2), (73.0, 741.6), (73.0, 747.3), (73.0, 737.9), (73.0, 747.3), (73.0, 741.6), (73.0, 739.2), (73.0, 755.7), (73.0, 738.5)]",0,6.2
speedrunner,meatboy,8,Stuck,13,0,-41.23,0.104,"[(329.0, 749.0), (333.0, 755.3), (392.3, 732.8), (439.0, 692.1), (439.0, 687.4), (439.0, 701.6), (439.0, 734.6), (425.7, 725.9), (352.5, 682.0), (278.2, 668.5), (265.0, 675.6), (265.0, 701.6), (265.0, 740.8), (285.0, 755.3), (362.3, 755.0), (378.4, 719.4), (312.9, 677.8), (232.9, 655.0), (155.2, 651.1), (82.9, 666.0), (73.0, 699.5), (73.0, 739.2), (73.0, 741.6), (73.0, 739.2), (73.0, 755.7), (73.0, 738.5), (73.0, 743.2), (73.0, 745.1), (73.0, 738.0), (73.0, 749.8), (73.0, 740.2), (73.0, 740.3), (73.0, 755.0), (73.0, 738.0), (73.0, 745.1), (73.0, 743.2), (73.0, 738.5), (73.0, 752.6), (73.0, 739.2), (73.0, 741.6), (73.0, 747.3), (73.0, 737.9), (73.0, 747.3), (73.0, 741.6), (73.0, 739.2), (73.0, 755.7), (73.0, 738.5)]",0,6.18
speedrunner,meatboy,8,Stuck,17,0,-40.3,0.104,"[(329.0, 749.0), (333.0, 755.3), (392.3, 732.8), (439.0, 695.9), (439.0, 693.5), (439.0, 710.0), (439.0, 745.4), (411.0, 713.2), (332.9, 675.6), (265.0, 668.5), (265.0, 680.3), (265.0, 711.0), (265.0, 750.7), (261.2, 755.2), (227.1, 753.0), (151.0, 745.9), (75.9, 755.0), (73.0, 738.8), (73.0, 743.5), (73.0, 743.2), (73.0, 738.5), (73.0, 752.6), (73.0, 739.2), (73.0, 741.6), (73.0, 747.3), (73.0, 737.9), (73.0, 747.3), (73.0, 741.6), (73.0, 739.2), (73.0, 755.7), (73.0, 738.5), (73.0, 743.2), (73.0, 745.1), (73.0, 738.0), (73.0, 749.8), (73.0, 740.2), (73.0, 740.3), (73.0, 755.0), (73.0, 738.0), (73.0, 745.1), (73.0, 743.2), (73.0, 738.5), (73.0, 752.6), (73.0, 739.2), (73.0, 741.6), (73.0, 747.3), (73.0, 737.9)]",0,6.15
speedrunner,meatboy,8,Stuck,5,0,-45.83,0.104,"[(329.0, 749.0), (333.0, 755.3), (384.5, 732.8), (419.3, 689.0), (439.0, 681.9), (439.0, 693.7), (439.0, 724.4), (435.0, 739.9), (371.7, 711.3), (292.5, 713.7), (265.0, 734.9), (251.7, 749.9), (197.1, 755.0), (189.6, 718.1), (148.4, 711.0), (112.5, 722.9), (81.9, 753.5), (73.8, 747.3), (73.0, 737.9), (73.0, 747.3), (73.0, 755.3), (73.0, 755.0), (73.0, 755.9), (73.0, 755.3), (73.0, 755.0), (73.0, 755.9), (73.0, 755.3), (73.0, 755.0), (73.0, 755.9), (73.0, 755.3), (73.0, 755.0), (73.0, 755.9), (73.0, 755.3), (73.0, 755.0), (73.0, 755.9), (73.0, 755.3), (73.0, 755.0), (73.0, 755.9), (73.0, 755.3), (73.0, 755.0), (73.0, 755.9)]",0,5.4
speedrunner,meatboy,8,Stuck,13,0,-41.23,0.104,"[(329.0, 749.0), (333.0, 755.3), (392.3, 732.8), (439.0, 692.1), (439.0, 687.4), (439.0, 701.6), (439.0, 734.6), (425.7, 725.9), (352.5, 682.0), (278.2, 668.5), (265.0, 675.6), (265.0, 701.6), (265.0, 740.8), (285.0, 755.3), (362.3, 755.0), (378.4, 719.4), (312.9, 677.8), (232.9, 655.0), (155.2, 651.1), (82.9, 666.0), (73.0, 699.5), (73.0, 739.2), (73.0, 741.6), (73.0, 739.2), (73.0, 755.7), (73.0, 738.5), (73.0, 743.2), (73.0, 745.1), (73.0, 738.0), (73.0, 749.8), (73.0, 740.2), (73.0, 740.3), (73.0, 755.0), (73.0, 738.0), (73.0, 745.1), (73.0, 743.2), (73.0, 738.5), (73.0, 752.6), (73.0, 739.2), (73.0, 741.6), (73.0, 747.3), (73.0, 737.9), (73.0, 747.3), (73.0, 741.6), (73.0, 739.2), (73.0, 755.7), (73.0, 738.5)]",0,6.18
speedrunner,meatboy,8,Stuck,1,0,55.5,0.896,"[(329.0, 749.0), (333.0, 755.3), (392.3, 732.8), (439.0, 692.1), (439.0, 687.4), (439.0, 701.6), (439.0, 734.6), (452.3, 755.0), (526.3, 755.9), (606.3, 755.3), (631.0, 755.0), (631.0, 755.9), (631.0, 755.3), (631.0, 755.0), (631.0, 755.9), (631.0, 755.3), (631.0, 755.0), (631.0, 755.9), (631.0, 755.3), (631.0, 755.0), (631.0, 755.9), (631.0, 755.3), (631.0, 755.0), (631.0, 755.9), (631.0, 755.3), (631.0, 755.0), (631.0, 755.9), (631.0, 755.3), (631.0, 755.0), (631.0, 755.9), (631.0, 755.3), (631.0, 755.0), (631.0, 755.9), (631.0, 755.3), (631.0, 755.0), (631.0, 755.9), (631.0, 755.3), (631.0, 755.0), (631.0, 755.9), (631.0, 755.3), (631.0, 755.0)]",0,5.35
speedrunner,meatboy,8,Stuck,13,0,-40.19,0.104,"[(329.0, 749.0), (333.0, 755.3), (392.3, 732.8), (439.0, 692.1), (439.0, 687.4), (439.0, 701.6), (439.0, 734.6), (425.7, 725.9), (352.5, 690.5), (278.2, 688.2), (265.0, 704.7), (265.0, 739.4), (265.0, 730.6), (265.0, 723.5), (256.7, 735.3), (258.6, 755.9), (323.8, 755.3), (396.4, 732.8), (412.8, 686.4), (366.8, 663.3), (317.5, 663.3), (266.6, 682.2), (265.0, 719.9), (266.3, 739.9), (219.0, 691.2), (141.3, 677.2), (73.0, 684.3), (73.0, 710.2), (73.0, 749.4), (73.0, 739.2), (73.0, 741.6), (73.0, 747.3), (73.0, 737.9), (73.0, 747.3), (73.0, 741.6), (73.0, 739.2), (73.0, 755.7), (73.0, 738.5), (73.0, 743.2), (73.0, 745.1), (73.0, 738.0), (73.0, 749.8), (73.0, 740.2), (73.0, 740.3), (73.0, 755.0), (73.0, 738.0), (73.0, 745.1)]",0,6.18
speedrunner,meatboy,8,Stuck,13,0,-41.23,0.104,"[(329.0, 749.0), (333.0, 755.3), (392.3, 732.8), (439.0, 692.1), (439.0, 687.4), (439.0, 701.6), (439.0, 734.6), (425.7, 725.9), (352.5, 682.0), (278.2, 668.5), (265.0, 675.6), (265.0, 701.6), (265.0, 740.8), (285.0, 755.3), (362.3, 755.0), (378.4, 719.4), (312.9, 677.8), (232.9, 655.0), (155.2, 651.1), (82.9, 666.0), (73.0, 699.5), (73.0, 739.2), (73.0, 741.6), (73.0, 739.2), (73.0, 755.7), (73.0, 738.5), (73.0, 743.2), (73.0, 745.1), (73.0, 738.0), (73.0, 749.8), (73.0, 740.2), (73.0, 740.3), (73.0, 755.0), (73.0, 738.0), (73.0, 745.1), (73.0, 743.2), (73.0, 738.5), (73.0, 752.6), (73.0, 739.2), (73.0, 741.6), (73.0, 747.3), (73.0, 737.9), (73.0, 747.3), (73.0, 741.6), (73.0, 739.2), (73.0, 755.7), (73.0, 738.5)]",0,6.18
speedrunner,meatboy,8,Stuck,17,0,-40.3,0.104,"[(329.0, 749.0), (333.0, 755.3), (392.3, 732.8), (439.0, 695.9), (439.0, 693.5), (439.0, 710.0), (439.0, 745.4), (411.0, 713.2), (332.9, 675.6), (265.0, 668.5), (265.0, 680.3), (265.0, 711.0), (265.0, 750.7), (261.2, 755.2), (227.1, 753.0), (151.0, 745.9), (75.9, 755.0), (73.0, 738.8), (73.0, 743.5), (73.0, 743.2), (73.0, 738.5), (73.0, 752.6), (73.0, 739.2), (73.0, 741.6), (73.0, 747.3), (73.0, 737.9), (73.0, 747.3), (73.0, 741.6), (73.0, 739.2), (73.0, 755.7), (73.0, 738.5), (73.0, 743.2), (73.0, 745.1), (73.0, 738.0), (73.0, 749.8), (73.0, 740.2), (73.0, 740.3), (73.0, 755.0), (73.0, 738.0), (73.0, 745.1), (73.0, 743.2), (73.0, 738.5), (73.0, 752.6), (73.0, 739.2), (73.0, 741.6), (73.0, 747.3), (73.0, 737.9)]",0,6.15
speedrunner,meatboy,8,Stuck,13,0,-41.23,0.104,"[(329.0, 749.0), (333.0, 755.3), (392.3, 732.8), (439.0, 692.1), (439.0, 687.4), (439.0, 701.6), (439.0, 734.6), (425.7, 725.9), (352.5, 682.0), (278.2, 668.5), (265.0, 675.6), (265.0, 701.6), (265.0, 740.8), (285.0, 755.3), (362.3, 755.0), (378.4, 719.4), (312.9, 677.8), (232.9, 655.0), (155.2, 651.1), (82.9, 666.0), (73.0, 699.5), (73.0, 739.2), (73.0, 741.6), (73.0, 739.2), (73.0, 755.7), (73.0, 738.5), (73.0, 743.2), (73.0, 745.1), (73.0, 738.0), (73.0, 749.8), (73.0, 740.2), (73.0, 740.3), (73.0, 755.0), (73.0, 738.0), (73.0, 745.1), (73.0, 743.2), (73.0, 738.5), (73.0, 752.6), (73.0, 739.2), (73.0, 741.6), (73.0, 747.3), (73.0, 737.9), (73.0, 747.3), (73.0, 741.6), (73.0, 739.2), (73.0, 755.7), (73.0, 738.5)]",0,6.18
speedrunner,meatboy,8,Stuck,13,0,-40.42,0.104,"[(329.0, 749.0), (333.0, 755.3), (392.3, 732.8), (439.0, 692.1), (439.0, 687.4), (439.0, 701.6), (439.0, 734.6), (425.7, 725.9), (356.2, 682.0), (287.9, 668.5), (265.0, 675.6), (265.0, 701.6), (265.0, 740.8), (285.0, 755.3), (362.3, 755.0), (378.4, 719.4), (312.9, 677.8), (233.4, 655.0), (156.4, 651.1), (84.7, 666.0), (73.0, 699.5), (73.0, 739.2), (73.0, 741.6), (73.0, 739.2), (73.0, 755.7), (73.0, 738.5), (73.0, 743.2), (73.0, 745.1), (73.0, 738.0), (73.0, 749.8), (73.0, 740.2), (73.0, 740.3), (73.0, 755.0), (73.0, 738.0), (73.0, 745.1), (73.0, 743.2), (73.0, 738.5), (73.0, 752.6), (73.0, 739.2), (73.0, 741.6), (73.0, 747.3), (73.0, 737.9), (73.0, 747.3), (73.0, 741.6), (73.0, 739.2), (73.0, 755.7), (73.0, 738.5)]",0,6.2
speedrunner,meatboy,8,Stuck,13,0,-41.23,0.104,"[(329.0, 749.0), (333.0, 755.3), (392.3, 732.8), (439.0, 692.1), (439.0, 687.4), (439.0, 701.6), (439.0, 734.6), (425.7, 725.9), (352.5, 682.0), (278.2, 668.5), (265.0, 675.6), (265.0, 701.6), (265.0, 740.8), (285.0, 755.3), (362.3, 755.0), (378.4, 719.4), (312.9, 677.8), (232.9, 655.0), (155.2, 651.1), (82.9, 666.0), (73.0, 699.5), (73.0, 739.2), (73.0, 741.6), (73.0, 739.2), (73.0, 755.7), (73.0, 738.5), (73.0, 743.2), (73.0, 745.1), (73.0, 738.0), (73.0, 749.8), (73.0, 740.2), (73.0, 740.3), (73.0, 755.0), (73.0, 738.0), (73.0, 745.1), (73.0, 743.2), (73.0, 738.5), (73.0, 752.6), (73.0, 739.2), (73.0, 741.6), (73.0, 747.3), (73.0, 737.9), (73.0, 747.3), (73.0, 741.6), (73.0, 739.2), (73.0, 755.7), (73.0, 738.5)]",0,6.18
speedrunner,meatboy,8,Stuck,18,0,-29.31,0.104,"[(329.0, 749.0), (333.0, 755.3), (384.5, 732.8), (419.3, 692.1), (439.0, 687.4), (439.0, 701.6), (439.0, 734.6), (425.7, 725.9), (351.7, 716.5), (274.7, 726.0), (265.0, 754.3), (302.3, 755.3), (370.7, 755.0), (370.9, 701.6), (362.4, 674.9), (359.2, 674.9), (352.4, 693.8), (348.1, 731.5), (345.1, 725.9), (290.0, 682.0), (265.0, 672.6), (265.0, 682.0), (265.0, 710.3), (265.0, 755.0), (312.3, 755.9), (372.9, 747.3), (342.7, 696.2), (263.0, 664.1), (184.2, 650.7), (110.6, 656.2), (73.0, 680.5), (73.0, 719.3), (73.0, 755.0), (73.0, 738.0), (73.0, 745.1), (73.0, 743.2), (73.0, 738.5), (73.0, 752.6), (73.0, 739.2), (73.0, 741.6), (73.0, 747.3), (73.0, 737.9), (73.0, 747.3), (73.0, 741.6), (73.0, 739.2), (73.0, 755.7), (73.0, 738.5), (73.0, 743.2), (73.0, 745.1), (73.0, 738.0), (73.0, 749.8), (73.0, 740.2), (73.0, 740.3), (73.0, 755.0), (73.0, 738.0), (73.0, 745.1), (73.0, 743.2), (73.0, 738.5), (73.0, 752.6), (73.0, 739.2), (73.0, 741.6), (73.0, 747.3), (73.0, 737.9), (73.0, 747.3), (73.0, 741.6)]",0,8.57
speedrunner,meatboy,8,Stuck,13,0,-39.5,0.104,"[(329.0, 749.0), (333.0, 755.3), (392.3, 732.8), (439.0, 695.9), (439.0, 693.5), (439.0, 710.0), (439.0, 745.4), (411.0, 713.2), (338.7, 675.6), (265.0, 668.5), (265.0, 680.3), (265.0, 711.0), (265.0, 750.7), (302.3, 755.0), (376.5, 755.9), (368.2, 707.2), (292.9, 670.3), (212.9, 652.3), (135.9, 653.0), (73.0, 672.7), (73.0, 709.4), (73.0, 749.1), (73.0, 739.2), (73.0, 741.6), (73.0, 747.3), (73.0, 737.9), (73.0, 747.3), (73.0, 741.6), (73.0, 739.2), (73.0, 755.7), (73.0, 738.5), (73.0, 743.2), (73.0, 745.1), (73.0, 738.0), (73.0, 749.8), (73.0, 740.2), (73.0, 740.3), (73.0, 755.0), (73.0, 738.0), (73.0, 745.1), (73.0, 743.2), (73.0, 738.5), (73.0, 752.6), (73.0, 739.2), (73.0, 741.6), (73.0, 747.3), (73.0, 737.9)]",0,6.17
speedrunner,meatboy,8,Stuck,13,0,-39.5,0.104,"[(329.0, 749.0), (333.0, 755.3), (392.3, 732.8), (439.0, 695.9), (439.0, 693.5), (439.0, 710.0), (439.0, 745.4), (411.0, 713.2), (338.7, 675.6), (265.0, 668.5), (265.0, 680.3), (265.0, 711.0), (265.0, 750.7), (302.3, 755.0), (376.5, 755.9), (368.2, 707.2), (292.9, 670.3), (212.9, 652.3), (135.9, 653.0), (73.0, 672.7), (73.0, 709.4), (73.0, 749.1), (73.0, 739.2), (73.0, 741.6), (73.0, 747.3), (73.0, 737.9), (73.0, 747.3), (73.0, 741.6), (73.0, 739.2), (73.0, 755.7), (73.0, 738.5), (73.0, 743.2), (73.0, 745.1), (73.0, 738.0), (73.0, 749.8), (73.0, 740.2), (73.0, 740.3), (73.0, 755.0), (73.0, 738.0), (73.0, 745.1), (73.0, 743.2), (73.0, 738.5), (73.0, 752.6), (73.0, 739.2), (73.0, 741.6), (73.0, 747.3), (73.0, 737.9)]",0,6.17
speedrunner,meatboy,8,Stuck,13,0,-40.46,0.104,"[(329.0, 749.0), (333.0, 755.3), (392.3, 732.8), (439.0, 692.1), (439.0, 687.4), (439.0, 701.6), (439.0, 734.6), (425.7, 725.9), (356.2, 682.0), (287.9, 668.5), (265.0, 675.6), (265.0, 701.6), (265.0, 740.8), (285.0, 755.3), (362.3, 755.0), (378.4, 719.4), (312.9, 677.8), (233.1, 655.0), (156.1, 651.1), (84.5, 666.0), (73.0, 699.5), (73.0, 739.2), (73.0, 741.6), (73.0, 739.2), (73.0, 755.7), (73.0, 738.5), (73.0, 743.2), (73.0, 745.1), (73.0, 738.0), (73.0, 749.8), (73.0, 740.2), (73.0, 740.3), (73.0, 755.0), (73.0, 738.0), (73.0, 745.1), (73.0, 743.2), (73.0, 738.5), (73.0, 752.6), (73.0, 739.2), (73.0, 741.6), (73.0, 747.3), (73.0, 737.9), (73.0, 747.3), (73.0, 741.6), (73.0, 739.2), (73.0, 755.7), (73.0, 738.5)]",0,6.2
speedrunner,meatboy,8,Stuck,17,0,-40.3,0.104,"[(329.0, 749.0), (333.0, 755.3), (392.3, 732.8), (439.0, 695.9), (439.0, 693.5), (439.0, 710.0), (439.0, 745.4), (411.0, 713.2), (332.9, 675.6), (265.0, 668.5), (265.0, 680.3), (265.0, 711.0), (265.0, 750.7), (261.2, 755.2), (227.1, 753.0), (151.0, 745.9), (75.9, 755.0), (73.0, 738.8), (73.0, 743.5), (73.0, 743.2), (73.0, 738.5), (73.0, 752.6), (73.0, 739.2), (73.0, 741.6), (73.0, 747.3), (73.0, 737.9), (73.0, 747.3), (73.0, 741.6), (73.0, 739.2), (73.0, 755.7), (73.0, 738.5), (73.0, 743.2), (73.0, 745.1), (73.0, 738.0), (73.0, 749.8), (73.0, 740.2), (73.0, 740.3), (73.0, 755.0), (73.0, 738.0), (73.0, 745.1), (73.0, 743.2), (73.0, 738.5), (73.0, 752.6), (73.0, 739.2), (73.0, 741.6), (73.0, 747.3), (73.0, 737.9)]",0,6.15
speedrunner,meatboy,8,Stuck,17,0,-40.3,0.104,"[(329.0, 749.0), (333.0, 755.3), (392.3, 732.8), (439.0, 695.9), (439.0, 693.5), (439.0, 710.0), (439.0, 745.4), (411.0, 713.2), (332.9, 675.6), (265.0, 668.5), (265.0, 680.3), (265.0, 711.0), (265.0, 750.7), (261.2, 755.2), (227.1, 753.0), (151.0, 745.9), (75.9, 755.0), (73.0, 738.8), (73.0, 743.5), (73.0, 743.2), (73.0, 738.5), (73.0, 752.6), (73.0, 739.2), (73.0, 741.6), (73.0, 747.3), (73.0, 737.9), (73.0, 747.3), (73.0, 741.6), (73.0, 739.2), (73.0, 755.7), (73.0, 738.5), (73.0, 743.2), (73.0, 745.1), (73.0, 738.0), (73.0, 749.8), (73.0, 740.2), (73.0, 740.3), (73.0, 755.0), (73.0, 738.0), (73.0, 745.1), (73.0, 743.2), (73.0, 738.5), (73.0, 752.6), (73.0, 739.2), (73.0, 741.6), (73.0, 747.3), (73.0, 737.9)]",0,6.15
speedrunner,meatboy,8,Stuck,13,0,-40.46,0.104,"[(329.0, 749.0), (333.0, 755.3), (392.3, 732.8), (439.0, 692.1), (439.0, 687.4), (439.0, 701.6), (439.0, 734.6), (425.7, 725.9), (356.2, 682.0), (287.9, 668.5), (265.0, 675.6), (265.0, 701.6), (265.0, 740.8), (285.0, 755.3), (362.3, 755.0), (378.4, 719.4), (312.9, 677.8), (233.1, 655.0), (156.1, 651.1), (84.5, 666.0), (73.0, 699.5), (73.0, 739.2), (73.0, 741.6), (73.0, 739.2), (73.0, 755.7), (73.0, 738.5), (73.0, 743.2), (73.0, 745.1), (73.0, 738.0), (73.0, 749.8), (73.0, 740.2), (73.0, 740.3), (73.0, 755.0), (73.0, 738.0), (73.0, 745.1), (73.0, 743.2), (73.0, 738.5), (73.0, 752.6), (73.0, 739.2), (73.0, 741.6), (73.0, 747.3), (73.0, 737.9), (73.0, 747.3), (73.0, 741.6), (73.0, 739.2), (73.0, 755.7), (73.0, 738.5)]",0,6.2
speedrunner,meatboy,8,Stuck,13,0,-39.5,0.104,"[(329.0, 749.0), (333.0, 755.3), (392.3, 732.8), (439.0, 695.9), (439.0, 693.5), (439.0, 710.0), (439.0, 745.4), (411.0, 713.2), (338.7, 675.6), (265.0, 668.5), (265.0, 680.3), (265.0, 711.0), (265.0, 750.7), (302.3, 755.0), (376.5, 755.9), (368.2, 707.2), (292.9, 670.3), (212.9, 652.3), (135.9, 653.0), (73.0, 672.7), (73.0, 709.4), (73.0, 749.1), (73.0, 739.2), (73.0, 741.6), (73.0, 747.3), (73.0, 737.9), (73.0, 747.3), (73.0, 741.6), (73.0, 739.2), (73.0, 755.7), (73.0, 738.5), (73.0, 743.2), (73.0, 745.1), (73.0, 738.0), (73.0, 749.8), (73.0, 740.2), (73.0, 740.3), (73.0, 755.0), (73.0, 738.0), (73.0, 745.1), (73.0, 743.2), (73.0, 738.5), (73.0, 752.6), (73.0, 739.2), (73.0, 741.6), (73.0, 747.3), (73.0, 737.9)]",0,6.17
speedrunner,meatboy,8,Stuck,13,0,-39.5,0.104,"[(329.0, 749.0), (333.0, 755.3), (392.3, 732.8), (439.0, 695.9), (439.0, 693.5), (439.0, 710.0), (439.0, 745.4), (411.0, 713.2), (338.7, 675.6), (265.0, 668.5), (265.0, 680.3), (265.0, 711.0), (265.0, 750.7), (302.3, 755.0), (376.5, 755.9), (368.2, 707.2), (292.9, 670.3), (212.9, 652.3), (135.9, 653.0), (73.0, 672.7), (73.0, 709.4), (73.0, 749.1), (73.0, 739.2), (73.0, 741.6), (73.0, 747.3), (73.0, 737.9), (73.0, 747.3), (73.0, 741.6), (73.0, 739.2), (73.0, 755.7), (73.0, 738.5), (73.0, 743.2), (73.0, 745.1), (73.0, 738.0), (73.0, 749.8), (73.0, 740.2), (73.0, 740.3), (73.0, 755.0), (73.0, 738.0), (73.0, 745.1), (73.0, 743.2), (73.0, 738.5), (73.0, 752.6), (73.0, 739.2), (73.0, 741.6), (73.0, 747.3), (73.0, 737.9)]",0,6.17
speedrunner,meatboy,8,Stuck,17,0,-29.13,0.104,"[(329.0, 749.0), (333.0, 755.3), (392.3, 732.8), (439.0, 695.9), (439.0, 693.5), (439.0, 710.0), (439.0, 745.4), (411.0, 713.2), (338.7, 684.1), (271.7, 684.2), (265.0, 703.0), (265.0, 739.3), (244.1, 750.8), (196.1, 755.3), (201.6, 755.0), (207.2, 755.9), (212.7, 755.3), (218.3, 755.0), (223.9, 755.9), (229.4, 755.3), (235.0, 755.0), (240.5, 755.9), (246.1, 755.3), (254.9, 755.0), (300.3, 755.9), (374.5, 755.3), (362.5, 713.2), (285.7, 673.9), (205.8, 653.5), (129.5, 651.9), (73.0, 669.2), (73.0, 704.4), (73.0, 744.1), (73.0, 740.2), (73.0, 740.3), (73.0, 755.0), (73.0, 738.0), (73.0, 745.1), (73.0, 743.2), (73.0, 738.5), (73.0, 752.6), (73.0, 739.2), (73.0, 741.6), (73.0, 747.3), (73.0, 737.9), (73.0, 747.3), (73.0, 741.6), (73.0, 739.2), (73.0, 755.7), (73.0, 738.5), (73.0, 743.2), (73.0, 745.1), (73.0, 738.0), (73.0, 749.8), (73.0, 740.2), (73.0, 740.3), (73.0, 755.0), (73.0, 738.0), (73.0, 745.1), (73.0, 743.2), (73.0, 738.5), (73.0, 752.6), (73.0, 739.2), (73.0, 741.6), (73.0, 747.3)]",0,8.62
speedrunner,meatboy,8,Stuck,15,0,-40.38,0.104,"[(329.0, 749.0), (333.0, 755.3), (392.3, 732.8), (439.0, 695.9), (439.0, 693.5), (439.0, 710.0), (439.0, 745.4), (411.0, 713.2), (332.9, 675.6), (265.0, 668.5), (265.0, 680.3), (265.0, 711.0), (265.0, 750.7), (261.6, 755.2), (272.5, 755.0), (334.0, 755.9), (394.6, 747.3), (364.3, 696.2), (284.6, 664.1), (204.6, 653.9), (124.6, 669.2), (73.0, 703.0), (73.0, 742.7), (73.0, 740.2), (73.0, 740.3), (73.0, 755.0), (73.0, 738.0), (73.0, 745.1), (73.0, 743.2), (73.0, 738.5), (73.0, 752.6), (73.0, 739.2), (73.0, 741.6), (73.0, 747.3), (73.0, 737.9), (73.0, 747.3), (73.0, 741.6), (73.0, 739.2), (73.0, 755.7), (73.0, 738.5), (73.0, 743.2), (73.0, 745.1), (73.0, 738.0), (73.0, 749.8), (73.0, 740.2), (73.0, 740.3), (73.0, 755.0)]",0,6.15
speedrunner,meatboy,8,Stuck,13,0,-40.26,0.104,"[(329.0, 749.0), (333.0, 755.3), (392.3, 732.8), (439.0, 695.9), (439.0, 693.5), (439.0, 710.0), (439.0, 745.4), (411.0, 713.2), (350.0, 675.6), (280.6, 668.5), (265.0, 680.3), (265.0, 711.0), (265.0, 750.7), (302.3, 755.0), (380.4, 755.9), (387.7, 707.2), (319.0, 670.3), (239.2, 653.0), (160.5, 663.6), (86.8, 693.0), (73.0, 733.1), (73.0, 743.2), (73.0, 738.5), (73.0, 752.6), (73.0, 739.2), (73.0, 741.6), (73.0, 747.3), (73.0, 737.9), (73.0, 747.3), (73.0, 741.6), (73.0, 739.2), (73.0, 755.7), (73.0, 738.5), (73.0, 743.2), (73.0, 745.1), (73.0, 738.0), (73.0, 749.8), (73.0, 740.2), (73.0, 740.3), (73.0, 755.0), (73.0, 738.0), (73.0, 745.1), (73.0, 743.2), (73.0, 738.5), (73.0, 752.6), (73.0, 739.2), (73.0, 741.6)]",0,6.2
speedrunner,meatboy,8,Stuck,15,0,-41.38,0.104,"[(329.0, 749.0), (333.0, 755.3), (392.3, 732.8), (439.0, 692.1), (439.0, 687.4), (439.0, 701.6), (439.0, 734.6), (425.7, 725.9), (352.5, 682.0), (278.2, 668.5), (265.0, 675.6), (265.0, 701.6), (265.0, 740.8), (263.6, 751.9), (256.4, 753.4), (202.4, 755.2), (182.7, 740.8), (176.8, 692.1), (171.8, 678.1), (166.4, 685.2), (160.8, 711.1), (156.2, 755.9), (150.5, 707.2), (148.2, 683.1), (139.9, 685.5), (136.9, 706.7), (129.3, 746.8), (126.6, 719.7), (121.3, 685.8), (115.6, 683.4), (111.1, 699.9), (104.7, 735.3), (99.8, 733.1), (93.5, 689.3), (89.6, 682.2), (82.6, 694.0), (79.6, 724.7), (73.0, 747.6), (73.0, 738.2), (73.0, 747.6), (73.0, 740.2), (73.0, 740.3), (73.0, 755.0), (73.0, 738.0), (73.0, 745.1), (73.0, 743.2), (73.0, 738.5)]",0,6.18
speedrunner,meatboy,8,Stuck,11,0,-38.02,0.104,"[(329.0, 749.0), (333.0, 755.3), (392.3, 732.8), (439.0, 695.9), (439.0, 693.5), (439.0, 710.0), (439.0, 745.4), (411.0, 713.2), (338.7, 675.6), (265.0, 668.5), (265.0, 680.3), (265.0, 711.0), (265.0, 750.7), (302.3, 755.0), (382.3, 755.9), (420.7, 707.2), (373.8, 670.3), (293.8, 652.3), (265.0, 653.0), (265.0, 672.7), (265.0, 711.1), (264.3, 755.3), (315.9, 755.0), (393.9, 747.6), (410.4, 696.5), (347.3, 664.3), (267.3, 651.0), (187.3, 656.5), (109.7, 680.8), (73.0, 719.9), (73.0, 755.0), (73.0, 738.0), (73.0, 745.1), (73.0, 743.2), (73.0, 738.5), (73.0, 752.6), (73.0, 739.2), (73.0, 741.6), (73.0, 747.3), (73.0, 737.9), (73.0, 747.3), (73.0, 741.6), (73.0, 739.2), (73.0, 755.7), (73.0, 738.5), (73.0, 743.2), (73.0, 745.1)]",0,6.17
speedrunner,meatboy,8,Stuck,4,0,-32.03,0.104,"[(329.0, 749.0), (333.0, 755.3), (396.3, 755.0), (431.0, 723.7), (361.7, 716.7), (282.2, 728.5), (265.0, 755.0), (312.3, 755.9), (392.3, 755.3), (404.2, 732.8), (333.5, 695.9), (265.0, 693.5), (265.0, 710.0), (265.0, 745.4), (293.0, 755.0), (372.3, 755.9), (411.5, 747.3), (353.5, 696.2), (273.7, 666.2), (265.0, 661.5), (265.0, 675.7), (265.0, 708.7), (263.7, 755.0), (305.9, 755.9), (385.9, 755.3), (413.3, 732.8), (351.3, 686.4), (271.3, 658.9), (191.6, 655.9), (114.6, 676.0), (73.0, 712.9), (73.0, 752.6), (73.0, 755.3), (73.0, 755.0), (73.0, 755.9), (73.0, 755.3), (73.0, 755.0), (73.0, 755.9), (73.0, 755.3), (73.0, 755.0), (73.0, 755.9), (73.0, 755.3), (73.0, 755.0), (73.0, 755.9), (73.0, 755.3), (73.0, 755.0), (73.0, 755.9), (73.0, 755.3), (73.0, 755.0), (73.0, 755.9), (73.0, 755.3), (73.0, 755.0), (73.0, 755.9), (73.0, 755.3), (73.0, 755.0), (73.0, 755.9)]",0,7.38
speedrunner,meatboy,8,Stuck,4,0,-32.03,0.104,"[(329.0, 749.0), (333.0, 755.3), (396.3, 755.0), (431.0, 723.7), (361.7, 716.7), (282.2, 728.5), (265.0, 755.0), (312.3, 755.9), (392.3, 755.3), (404.2, 732.8), (333.5, 695.9), (265.0, 693.5), (265.0, 710.0), (265.0, 745.4), (293.0, 755.0), (372.3, 755.9), (411.5, 747.3), (353.5, 696.2), (273.7, 666.2), (265.0, 661.5), (265.0, 675.7), (265.0, 708.7), (263.7, 755.0), (305.9, 755.9), (385.9, 755.3), (413.3, 732.8), (351.3, 686.4), (271.3, 658.9), (191.6, 655.9), (114.6, 676.0), (73.0, 712.9), (73.0, 752.6), (73.0, 755.3), (73.0, 755.0), (73.0, 755.9), (73.0, 755.3), (73.0, 755.0), (73.0, 755.9), (73.0, 755.3), (73.0, 755.0), (73.0, 755.9), (73.0, 755.3), (73.0, 755.0), (73.0, 755.9), (73.0, 755.3), (73.0, 755.0), (73.0, 755.9), (73.0, 755.3), (73.0, 755.0), (73.0, 755.9), (73.0, 755.3), (73.0, 755.0), (73.0, 755.9), (73.0, 755.3), (73.0, 755.0), (73.0, 755.9)]",0,7.38
speedrunner,meatboy,8,Stuck,11,0,-38.02,0.104,"[(329.0, 749.0), (333.0, 755.3), (392.3, 732.8), (439.0, 695.9), (439.0, 693.5), (439.0, 710.0), (439.0, 745.4), (411.0, 713.2), (338.7, 675.6), (265.0, 668.5), (265.0, 680.3), (265.0, 711.0), (265.0, 750.7), (302.3, 755.0), (382.3, 755.9), (420.7, 707.2), (373.8, 670.3), (293.8, 652.3), (265.0, 653.0), (265.0, 672.7), (265.0, 711.1), (264.3, 755.3), (315.9, 755.0), (393.9, 747.6), (410.4, 696.5), (347.3, 664.3), (267.3, 651.0), (187.3, 656.5), (109.7, 680.8), (73.0, 719.9), (73.0, 755.0), (73.0, 738.0), (73.0, 745.1), (73.0, 743.2), (73.0, 738.5), (73.0, 752.6), (73.0, 739.2), (73.0, 741.6), (73.0, 747.3), (73.0, 737.9), (73.0, 747.3), (73.0, 741.6), (73.0, 739.2), (73.0, 755.7), (73.0, 738.5), (73.0, 743.2), (73.0, 745.1)]",0,6.17
speedrunner,meatboy,8,Stuck,15,0,-41.38,0.104,"[(329.0, 749.0), (333.0, 755.3), (392.3, 732.8), (439.0, 692.1), (439.0, 687.4), (439.0, 701.6), (439.0, 734.6), (425.7, 725.9), (352.5, 682.0), (278.2, 668.5), (265.0, 675.6), (265.0, 701.6), (265.0, 740.8), (263.6, 751.9), (256.4, 753.4), (202.4, 755.2), (182.7, 740.8), (176.8, 692.1), (171.8, 678.1), (166.4, 685.2), (160.8, 711.1), (156.2, 755.9), (150.5, 707.2), (148.2, 683.1), (139.9, 685.5), (136.9, 706.7), (129.3, 746.8), (126.6, 719.7), (121.3, 685.8), (115.6, 683.4), (111.1, 699.9), (104.7, 735.3), (99.8, 733.1), (93.5, 689.3), (89.6, 682.2), (82.6, 694.0), (79.6, 724.7), (73.0, 747.6), (73.0, 738.2), (73.0, 747.6), (73.0, 740.2), (73.0, 740.3), (73.0, 755.0), (73.0, 738.0), (73.0, 745.1), (73.0, 743.2), (73.0, 738.5)]",0,6.18
speedrunner,meatboy,8,Stuck,13,0,-40.26,0.104,"[(329.0, 749.0), (333.0, 755.3), (392.3, 732.8), (439.0, 695.9), (439.0, 693.5), (439.0, 710.0), (439.0, 745.4), (411.0, 713.2), (350.0, 675.6), (280.6, 668.5), (265.0, 680.3), (265.0, 711.0), (265.0, 750.7), (302.3, 755.0), (380.4, 755.9), (387.7, 707.2), (319.0, 670.3), (239.2, 653.0), (160.5, 663.6), (86.8, 693.0), (73.0, 733.1), (73.0, 743.2), (73.0, 738.5), (73.0, 752.6), (73.0, 739.2), (73.0, 741.6), (73.0, 747.3), (73.0, 737.9), (73.0, 747.3), (73.0, 741.6), (73.0, 739.2), (73.0, 755.7), (73.0, 738.5), (73.0, 743.2), (73.0, 745.1), (73.0, 738.0), (73.0, 749.8), (73.0, 740.2), (73.0, 740.3), (73.0, 755.0), (73.0, 738.0), (73.0, 745.1), (73.0, 743.2), (73.0, 738.5), (73.0, 752.6), (73.0, 739.2), (73.0, 741.6)]",0,6.2
speedrunner,meatboy,8,Stuck,13,0,-40.76,0.104,"[(329.0, 749.0), (333.0, 755.3), (392.3, 732.8), (439.0, 695.9), (439.0, 693.5), (439.0, 710.0), (439.0, 745.4), (411.0, 713.2), (333.4, 675.6), (265.0, 668.5), (265.0, 680.3), (265.0, 711.0), (265.0, 750.7), (262.2, 755.2), (271.7, 755.0), (332.4, 755.9), (396.6, 725.9), (381.1, 682.0), (303.9, 656.8), (265.0, 650.5), (265.0, 663.1), (245.0, 694.5), (167.7, 744.7), (128.5, 755.0), (124.1, 701.6), (117.8, 692.2), (114.0, 701.6), (107.0, 729.9), (102.7, 740.2), (95.7, 701.8), (92.6, 699.5), (85.0, 716.0), (82.6, 751.3), (75.1, 720.3), (73.0, 699.3), (73.0, 704.0), (73.0, 727.6), (73.0, 745.1), (73.0, 738.0), (73.0, 749.8), (73.0, 740.2), (73.0, 740.3), (73.0, 755.0), (73.0, 738.0), (73.0, 745.1), (73.0, 743.2), (73.0, 738.5)]",0,6.15
speedrunner,meatboy,8,Stuck,11,0,-39.55,0.104,"[(329.0, 749.0), (333.0, 755.3), (392.3, 732.8), (439.0, 695.9), (439.0, 693.5), (439.0, 710.0), (439.0, 745.4), (411.0, 713.2), (350.0, 675.6), (280.4, 668.5), (265.0, 680.3), (265.0, 711.0), (265.0, 750.7), (302.3, 755.0), (382.3, 755.9), (420.7, 707.2), (373.8, 670.3), (293.8, 652.3), (265.0, 653.0), (265.0, 672.7), (265.0, 711.1), (266.3, 755.3), (322.3, 755.0), (397.1, 739.9), (402.9, 691.2), (333.8, 661.4), (253.8, 650.4), (174.6, 658.2), (100.3, 684.9), (73.0, 725.1), (73.0, 747.3), (73.0, 737.9), (73.0, 747.3), (73.0, 741.6), (73.0, 739.2), (73.0, 755.7), (73.0, 738.5), (73.0, 743.2), (73.0, 745.1), (73.0, 738.0), (73.0, 749.8), (73.0, 740.2), (73.0, 740.3), (73.0, 755.0), (73.0, 738.0), (73.0, 745.1), (73.0, 743.2)]",0,6.2
speedrunner,meatboy,8,Stuck,13,0,-40.77,0.104,"[(329.0, 749.0), (333.0, 755.3), (392.3, 732.8), (439.0, 695.9), (439.0, 693.5), (439.0, 710.0), (439.0, 745.4), (411.0, 713.2), (338.7, 675.6), (265.0, 668.5), (265.0, 680.3), (265.0, 711.0), (265.0, 750.7), (302.3, 755.0), (382.3, 755.9), (406.6, 707.2), (402.9, 670.3), (347.4, 657.8), (267.4, 664.9), (187.4, 690.8), (109.1, 735.6), (73.0, 744.1), (73.0, 739.4), (73.0, 753.5), (73.0, 738.5), (73.0, 743.2), (73.0, 745.1), (73.0, 738.0), (73.0, 749.8), (73.0, 740.2), (73.0, 740.3), (73.0, 755.0), (73.0, 738.0), (73.0, 745.1), (73.0, 743.2), (73.0, 738.5), (73.0, 752.6), (73.0, 739.2), (73.0, 741.6), (73.0, 747.3), (73.0, 737.9), (73.0, 747.3), (73.0, 741.6), (73.0, 739.2), (73.0, 755.7), (73.0, 738.5), (73.0, 743.2)]",0,6.17
speedrunner,meatboy,8,Stuck,13,0,-41.02,0.104,"[(329.0, 749.0), (333.0, 755.3), (392.3, 732.8), (439.0, 695.9), (439.0, 693.5), (439.0, 710.0), (439.0, 745.4), (411.0, 713.2), (333.4, 675.6), (265.0, 668.5), (265.0, 680.3), (265.0, 711.0), (265.0, 750.7), (302.3, 755.0), (376.5, 755.9), (368.2, 707.2), (292.9, 670.3), (212.9, 652.3), (135.2, 653.0), (73.0, 672.7), (73.0, 709.4), (73.0, 749.1), (73.0, 739.2), (73.0, 741.6), (73.0, 747.3), (73.0, 737.9), (73.0, 747.3), (73.0, 741.6), (73.0, 739.2), (73.0, 755.7), (73.0, 738.5), (73.0, 743.2), (73.0, 745.1), (73.0, 738.0), (73.0, 749.8), (73.0, 740.2), (73.0, 740.3), (73.0, 755.0), (73.0, 738.0), (73.0, 745.1), (73.0, 743.2), (73.0, 738.5), (73.0, 752.6), (73.0, 739.2), (73.0, 741.6), (73.0, 747.3), (73.0, 737.9)]",0,6.15
speedrunner,meatboy,8,Stuck,13,0,-40.26,0.104,"[(329.0, 749.0), (333.0, 755.3), (392.3, 732.8), (439.0, 695.9), (439.0, 693.5), (439.0, 710.0), (439.0, 745.4), (411.0, 713.2), (350.0, 675.6), (280.6, 668.5), (265.0, 680.3), (265.0, 711.0), (265.0, 750.7), (302.3, 755.0), (380.4, 755.9), (387.7, 707.2), (319.0, 670.3), (239.2, 653.0), (160.5, 663.6), (86.8, 693.0), (73.0, 733.1), (73.0, 743.2), (73.0, 738.5), (73.0, 752.6), (73.0, 739.2), (73.0, 741.6), (73.0, 747.3), (73.0, 737.9), (73.0, 747.3), (73.0, 741.6), (73.0, 739.2), (73.0, 755.7), (73.0, 738.5), (73.0, 743.2), (73.0, 745.1), (73.0, 738.0), (73.0, 749.8), (73.0, 740.2), (73.0, 740.3), (73.0, 755.0), (73.0, 738.0), (73.0, 745.1), (73.0, 743.2), (73.0, 738.5), (73.0, 752.6), (73.0, 739.2), (73.0, 741.6)]",0,6.2
speedrunner,meatboy,8,Stuck,13,0,-39.5,0.104,"[(329.0, 749.0), (333.0, 755.3), (392.3, 732.8), (439.0, 695.9), (439.0, 693.5), (439.0, 710.0), (439.0, 745.4), (411.0, 713.2), (338.7, 675.6), (265.0, 668.5), (265.0, 680.3), (265.0, 711.0), (265.0, 750.7), (302.3, 755.0), (376.5, 755.9), (368.2, 707.2), (292.9, 670.3), (212.9, 652.3), (135.9, 653.0), (73.0, 672.7), (73.0, 709.4), (73.0, 749.1), (73.0, 739.2), (73.0, 741.6), (73.0, 747.3), (73.0, 737.9), (73.0, 747.3), (73.0, 741.6), (73.0, 739.2), (73.0, 755.7), (73.0, 738.5), (73.0, 743.2), (73.0, 745.1), (73.0, 738.0), (73.0, 749.8), (73.0, 740.2), (73.0, 740.3), (73.0, 755.0), (73.0, 738.0), (73.0, 745.1), (73.0, 743.2), (73.0, 738.5), (73.0, 752.6), (73.0, 739.2), (73.0, 741.6), (73.0, 747.3), (73.0, 737.9)]",0,6.17
speedrunner,meatboy,8,Stuck,13,0,-39.5,0.104,"[(329.0, 749.0), (333.0, 755.3), (392.3, 732.8), (439.0, 695.9), (439.0, 693.5), (439.0, 710.0), (439.0, 745.4), (411.0, 713.2), (338.7, 675.6), (265.0, 668.5), (265.0, 680.3), (265.0, 711.0), (265.0, 750.7), (302.3, 755.0), (376.5, 755.9), (368.2, 707.2), (292.9, 670.3), (212.9, 652.3), (135.9, 653.0), (73.0, 672.7), (73.0, 709.4), (73.0, 749.1), (73.0, 739.2), (73.0, 741.6), (73.0, 747.3), (73.0, 737.9), (73.0, 747.3), (73.0, 741.6), (73.0, 739.2), (73.0, 755.7), (73.0, 738.5), (73.0, 743.2), (73.0, 745.1), (73.0, 738.0), (73.0, 749.8), (73.0, 740.2), (73.0, 740.3), (73.0, 755.0), (73.0, 738.0), (73.0, 745.1), (73.0, 743.2), (73.0, 738.5), (73.0, 752.6), (73.0, 739.2), (73.0, 741.6), (73.0, 747.3), (73.0, 737.9)]",0,6.17
speedrunner,meatboy,8,Stuck,13,0,-40.26,0.104,"[(329.0, 749.0), (333.0, 755.3), (392.3, 732.8), (439.0, 695.9), (439.0, 693.5), (439.0, 710.0), (439.0, 745.4), (411.0, 713.2), (350.0, 675.6), (280.6, 668.5), (265.0, 680.3), (265.0, 711.0), (265.0, 750.7), (302.3, 755.0), (380.4, 755.9), (387.7, 707.2), (319.0, 670.3), (239.2, 653.0), (160.5, 663.6), (86.8, 693.0), (73.0, 733.1), (73.0, 743.2), (73.0, 738.5), (73.0, 752.6), (73.0, 739.2), (73.0, 741.6), (73.0, 747.3), (73.0, 737.9), (73.0, 747.3), (73.0, 741.6), (73.0, 739.2), (73.0, 755.7), (73.0, 738.5), (73.0, 743.2), (73.0, 745.1), (73.0, 738.0), (73.0, 749.8), (73.0, 740.2), (73.0, 740.3), (73.0, 755.0), (73.0, 738.0), (73.0, 745.1), (73.0, 743.2), (73.0, 738.5), (73.0, 752.6), (73.0, 739.2), (73.0, 741.6)]",0,6.2
speedrunner,meatboy,8,Stuck,13,0,-41.02,0.104,"[(329.0, 749.0), (333.0, 755.3), (392.3, 732.8), (439.0, 695.9), (439.0, 693.5), (439.0, 710.0), (439.0, 745.4), (411.0, 713.2), (333.4, 675.6), (265.0, 668.5), (265.0, 680.3), (265.0, 711.0), (265.0, 750.7), (302.3, 755.0), (376.5, 755.9), (368.2, 707.2), (292.9, 670.3), (212.9, 652.3), (135.2, 653.0), (73.0, 672.7), (73.0, 709.4), (73.0, 749.1), (73.0, 739.2), (73.0, 741.6), (73.0, 747.3), (73.0, 737.9), (73.0, 747.3), (73.0, 741.6), (73.0, 739.2), (73.0, 755.7), (73.0, 738.5), (73.0, 743.2), (73.0, 745.1), (73.0, 738.0), (73.0, 749.8), (73.0, 740.2), (73.0, 740.3), (73.0, 755.0), (73.0, 738.0), (73.0, 745.1), (73.0, 743.2), (73.0, 738.5), (73.0, 752.6), (73.0, 739.2), (73.0, 741.6), (73.0, 747.3), (73.0, 737.9)]",0,6.15
speedrunner,meatboy,8,Stuck,13,0,-40.77,0.104,"[(329.0, 749.0), (333.0, 755.3), (392.3, 732.8), (439.0, 695.9), (439.0, 693.5), (439.0, 710.0), (439.0, 745.4), (411.0, 713.2), (338.7, 675.6), (265.0, 668.5), (265.0, 680.3), (265.0, 711.0), (265.0, 750.7), (302.3, 755.0), (382.3, 755.9), (406.6, 707.2), (402.9, 670.3), (347.4, 657.8), (267.4, 664.9), (187.4, 690.8), (109.1, 735.6), (73.0, 744.1), (73.0, 739.4), (73.0, 753.5), (73.0, 738.5), (73.0, 743.2), (73.0, 745.1), (73.0, 738.0), (73.0, 749.8), (73.0, 740.2), (73.0, 740.3), (73.0, 755.0), (73.0, 738.0), (73.0, 745.1), (73.0, 743.2), (73.0, 738.5), (73.0, 752.6), (73.0, 739.2), (73.0, 741.6), (73.0, 747.3), (73.0, 737.9), (73.0, 747.3), (73.0, 741.6), (73.0, 739.2), (73.0, 755.7), (73.0, 738.5), (73.0, 743.2)]",0,6.17
speedrunner,meatboy,8,Stuck,0,0,57.14,0.896,"[(329.0, 749.0), (333.0, 755.3), (396.3, 755.0), (466.7, 755.9), (527.8, 755.3), (604.8, 755.0), (631.0, 755.9), (631.0, 755.3), (631.0, 755.0), (631.0, 755.9), (631.0, 755.3), (631.0, 755.0), (631.0, 755.9), (631.0, 755.3), (631.0, 755.0), (631.0, 755.9), (631.0, 755.3), (631.0, 755.0), (631.0, 755.9), (631.0, 755.3), (631.0, 755.0), (631.0, 755.9), (631.0, 755.3), (631.0, 755.0), (631.0, 755.9), (631.0, 755.3), (631.0, 755.0), (631.0, 755.9), (631.0, 755.3), (631.0, 755.0), (631.0, 755.9), (631.0, 755.3), (631.0, 755.0), (631.0, 755.9), (631.0, 755.3), (631.0, 755.0), (631.0, 755.9), (631.0, 755.3), (631.0, 755.0), (631.0, 755.9)]",0,5.3
speedrunner,meatboy,8,Stuck,10,0,-29.25,0.204,"[(329.0, 749.0), (333.0, 755.3), (392.3, 732.8), (439.0, 695.9), (439.0, 693.5), (439.0, 710.0), (439.0, 745.4), (411.0, 713.2), (338.7, 675.6), (265.0, 668.5), (265.0, 680.3), (265.0, 711.0), (265.0, 750.7), (266.6, 721.8), (265.0, 717.1), (257.4, 731.3), (255.6, 755.3), (313.8, 755.0), (388.6, 739.9), (394.3, 691.2), (325.2, 661.4), (265.0, 650.4), (265.0, 658.2), (265.0, 684.9), (265.0, 730.4), (266.1, 733.1), (263.3, 686.7), (254.3, 659.2), (239.3, 650.6), (229.7, 660.8), (225.3, 689.8), (219.2, 737.7), (215.4, 726.2), (211.6, 682.3), (204.6, 665.4), (201.5, 670.1), (193.9, 693.7), (191.5, 736.1), (184.4, 726.2), (180.1, 687.4), (174.0, 682.7), (169.0, 696.8), (163.6, 729.8), (159.5, 740.2), (156.4, 691.5), (148.7, 682.1), (146.4, 691.5)]",0,6.17
speedrunner,meatboy,8,Stuck,13,0,-40.77,0.104,"[(329.0, 749.0), (333.0, 755.3), (392.3, 732.8), (439.0, 695.9), (439.0, 693.5), (439.0, 710.0), (439.0, 745.4), (411.0, 713.2), (338.7, 675.6), (265.0, 668.5), (265.0, 680.3), (265.0, 711.0), (265.0, 750.7), (302.3, 755.0), (382.3, 755.9), (406.6, 707.2), (402.9, 670.3), (347.4, 657.8), (267.4, 664.9), (187.4, 690.8), (109.1, 735.6), (73.0, 744.1), (73.0, 739.4), (73.0, 753.5), (73.0, 738.5), (73.0, 743.2), (73.0, 745.1), (73.0, 738.0), (73.0, 749.8), (73.0, 740.2), (73.0, 740.3), (73.0, 755.0), (73.0, 738.0), (73.0, 745.1), (73.0, 743.2), (73.0, 738.5), (73.0, 752.6), (73.0, 739.2), (73.0, 741.6), (73.0, 747.3), (73.0, 737.9), (73.0, 747.3), (73.0, 741.6), (73.0, 739.2), (73.0, 755.7), (73.0, 738.5), (73.0, 743.2)]",0,6.17
speedrunner,meatboy,8,Stuck,11,0,-38.22,0.104,"[(329.0, 749.0), (333.0, 755.3), (392.3, 732.8), (439.0, 695.9), (439.0, 693.5), (439.0, 710.0), (439.0, 745.4), (411.0, 713.2), (338.7, 675.6), (265.0, 668.5), (265.0, 680.3), (265.0, 711.0), (265.0, 750.7), (302.3, 755.0), (382.3, 755.9), (420.7, 707.2), (373.8, 670.3), (293.8, 652.3), (265.0, 653.0), (265.0, 672.7), (265.0, 711.1), (262.0, 755.3), (314.7, 755.0), (392.7, 747.6), (409.2, 696.5), (346.1, 664.3), (266.1, 651.0), (186.1, 656.5), (108.5, 680.8), (73.0, 719.9), (73.0, 755.0), (73.0, 738.0), (73.0, 745.1), (73.0, 743.2), (73.0, 738.5), (73.0, 752.6), (73.0, 739.2), (73.0, 741.6), (73.0, 747.3), (73.0, 737.9), (73.0, 747.3), (73.0, 741.6), (73.0, 739.2), (73.0, 755.7), (73.0, 738.5), (73.0, 743.2), (73.0, 745.1)]",0,6.17
speedrunner,meatboy,8,Stuck,8,0,-34.56,0.104,"[(329.0, 749.0), (333.0, 755.3), (392.3, 732.8), (421.8, 689.0), (439.0, 681.9), (439.0, 693.7), (439.0, 724.4), (435.0, 739.9), (371.8, 701.5), (295.4, 699.2), (265.0, 715.7), (265.0, 750.4), (302.3, 755.0), (376.5, 755.9), (368.2, 707.2), (292.9, 670.3), (265.0, 653.3), (265.0, 655.6), (265.0, 676.9), (265.0, 716.9), (264.1, 755.9), (324.7, 755.3), (385.2, 755.0), (350.1, 701.6), (270.1, 667.0), (191.4, 652.5), (117.7, 657.3), (73.0, 680.8), (73.0, 719.4), (73.0, 755.0), (73.0, 701.6), (73.0, 667.0), (73.0, 657.6), (73.0, 667.1), (73.0, 695.4), (73.0, 735.0), (73.0, 732.8), (73.0, 686.4), (73.0, 661.3), (73.0, 659.0), (73.0, 675.5), (73.0, 710.2), (73.0, 749.9), (73.0, 713.2), (73.0, 673.9), (73.0, 658.2), (73.0, 663.0), (73.0, 686.5), (73.0, 725.0), (73.0, 747.3), (73.0, 696.2), (73.0, 664.8), (73.0, 657.8)]",0,7.02
speedrunner,meatboy,8,Stuck,13,0,-39.5,0.104,"[(329.0, 749.0), (333.0, 755.3), (392.3, 732.8), (439.0, 695.9), (439.0, 693.5), (439.0, 710.0), (439.0, 745.4), (411.0, 713.2), (338.7, 675.6), (265.0, 668.5), (265.0, 680.3), (265.0, 711.0), (265.0, 750.7), (302.3, 755.0), (376.5, 755.9), (368.2, 707.2), (292.9, 670.3), (212.9, 652.3), (135.9, 653.0), (73.0, 672.7), (73.0, 709.4), (73.0, 749.1), (73.0, 739.2), (73.0, 741.6), (73.0, 747.3), (73.0, 737.9), (73.0, 747.3), (73.0, 741.6), (73.0, 739.2), (73.0, 755.7), (73.0, 738.5), (73.0, 743.2), (73.0, 745.1), (73.0, 738.0), (73.0, 749.8), (73.0, 740.2), (73.0, 740.3), (73.0, 755.0), (73.0, 738.0), (73.0, 745.1), (73.0, 743.2), (73.0, 738.5), (73.0, 752.6), (73.0, 739.2), (73.0, 741.6), (73.0, 747.3), (73.0, 737.9)]",0,6.17
speedrunner,meatboy,8,Stuck,13,0,-39.5,0.104,"[(329.0, 749.0), (333.0, 755.3), (392.3, 732.8), (439.0, 695.9), (439.0, 693.5), (439.0, 710.0), (439.0, 745.4), (411.0, 713.2), (338.7, 675.6), (265.0, 668.5), (265.0, 680.3), (265.0, 711.0), (265.0, 750.7), (302.3, 755.0), (376.5, 755.9), (368.2, 707.2), (292.9, 670.3), (212.9, 652.3), (135.9, 653.0), (73.0, 672.7), (73.0, 709.4), (73.0, 749.1), (73.0, 739.2), (73.0, 741.6), (73.0, 747.3), (73.0, 737.9), (73.0, 747.3), (73.0, 741.6), (73.0, 739.2), (73.0, 755.7), (73.0, 738.5), (73.0, 743.2), (73.0, 745.1), (73.0, 738.0), (73.0, 749.8), (73.0, 740.2), (73.0, 740.3), (73.0, 755.0), (73.0, 738.0), (73.0, 745.1), (73.0, 743.2), (73.0, 738.5), (73.0, 752.6), (73.0, 739.2), (73.0, 741.6), (73.0, 747.3), (73.0, 737.9)]",0,6.17
speedrunner,meatboy,8,Stuck,8,0,-34.56,0.104,"[(329.0, 749.0), (333.0, 755.3), (392.3, 732.8), (421.8, 689.0), (439.0, 681.9), (439.0, 693.7), (439.0, 724.4), (435.0, 739.9), (371.8, 701.5), (295.4, 699.2), (265.0, 715.7), (265.0, 750.4), (302.3, 755.0), (376.5, 755.9), (368.2, 707.2), (292.9, 670.3), (265.0, 653.3), (265.0, 655.6), (265.0, 676.9), (265.0, 716.9), (264.1, 755.9), (324.7, 755.3), (385.2, 755.0), (350.1, 701.6), (270.1, 667.0), (191.4, 652.5), (117.7, 657.3), (73.0, 680.8), (73.0, 719.4), (73.0, 755.0), (73.0, 701.6), (73.0, 667.0), (73.0, 657.6), (73.0, 667.1), (73.0, 695.4), (73.0, 735.0), (73.0, 732.8), (73.0, 686.4), (73.0, 661.3), (73.0, 659.0), (73.0, 675.5), (73.0, 710.2), (73.0, 749.9), (73.0, 713.2), (73.0, 673.9), (73.0, 658.2), (73.0, 663.0), (73.0, 686.5), (73.0, 725.0), (73.0, 747.3), (73.0, 696.2), (73.0, 664.8), (73.0, 657.8)]",0,7.02
speedrunner,meatboy,8,Stuck,11,0,-38.22,0.104,"[(329.0, 749.0), (333.0, 755.3), (392.3, 732.8), (439.0, 695.9), (439.0, 693.5), (439.0, 710.0), (439.0, 745.4), (411.0, 713.2), (338.7, 675.6), (265.0, 668.5), (265.0, 680.3), (265.0, 711.0), (265.0, 750.7), (302.3, 755.0), (382.3, 755.9), (420.7, 707.2), (373.8, 670.3), (293.8, 652.3), (265.0, 653.0), (265.0, 672.7), (265.0, 711.1), (262.0, 755.3), (314.7, 755.0), (392.7, 747.6), (409.2, 696.5), (346.1, 664.3), (266.1, 651.0), (186.1, 656.5), (108.5, 680.8), (73.0, 719.9), (73.0, 755.0), (73.0, 738.0), (73.0, 745.1), (73.0, 743.2), (73.0, 738.5), (73.0, 752.6), (73.0, 739.2), (73.0, 741.6), (73.0, 747.3), (73.0, 737.9), (73.0, 747.3), (73.0, 741.6), (73.0, 739.2), (73.0, 755.7), (73.0, 738.5), (73.0, 743.2), (73.0, 745.1)]",0,6.17
speedrunner,meatboy,8,Stuck,13,0,-40.77,0.104,"[(329.0, 749.0), (333.0, 755.3), (392.3, 732.8), (439.0, 695.9), (439.0, 693.5), (439.0, 710.0), (439.0, 745.4), (411.0, 713.2), (338.7, 675.6), (265.0, 668.5), (265.0, 680.3), (265.0, 711.0), (265.0, 750.7), (302.3, 755.0), (382.3, 755.9), (406.6, 707.2), (402.9, 670.3), (347.4, 657.8), (267.4, 664.9), (187.4, 690.8), (109.1, 735.6), (73.0, 744.1), (73.0, 739.4), (73.0, 753.5), (73.0, 738.5), (73.0, 743.2), (73.0, 745.1), (73.0, 738.0), (73.0, 749.8), (73.0, 740.2), (73.0, 740.3), (73.0, 755.0), (73.0, 738.0), (73.0, 745.1), (73.0, 743.2), (73.0, 738.5), (73.0, 752.6), (73.0, 739.2), (73.0, 741.6), (73.0, 747.3), (73.0, 737.9), (73.0, 747.3), (73.0, 741.6), (73.0, 739.2), (73.0, 755.7), (73.0, 738.5), (73.0, 743.2)]",0,6.17
speedrunner,meatboy,8,Stuck,10,0,-29.25,0.204,"[(329.0, 749.0), (333.0, 755.3), (392.3, 732.8), (439.0, 695.9), (439.0, 693.5), (439.0, 710.0), (439.0, 745.4), (411.0, 713.2), (338.7, 675.6), (265.0, 668.5), (265.0, 680.3), (265.0, 711.0), (265.0, 750.7), (266.6, 721.8), (265.0, 717.1), (257.4, 731.3), (255.6, 755.3), (313.8, 755.0), (388.6, 739.9), (394.3, 691.2), (325.2, 661.4), (265.0, 650.4), (265.0, 658.2), (265.0, 684.9), (265.0, 730.4), (266.1, 733.1), (263.3, 686.7), (254.3, 659.2), (239.3, 650.6), (229.7, 660.8), (225.3, 689.8), (219.2, 737.7), (215.4, 726.2), (211.6, 682.3), (204.6, 665.4), (201.5, 670.1), (193.9, 693.7), (191.5, 736.1), (184.4, 726.2), (180.1, 687.4), (174.0, 682.7), (169.0, 696.8), (163.6, 729.8), (159.5, 740.2), (156.4, 691.5), (148.7, 682.1), (146.4, 691.5)]",0,6.17
speedrunner,meatboy,8,Stuck,18,0,-34.12,0.104,"[(329.0, 749.0), (333.0, 755.3), (392.3, 732.8), (439.0, 695.9), (439.0, 693.5), (439.0, 710.0), (439.0, 745.4), (419.0, 713.2), (347.4, 677.9), (279.8, 673.2), (265.0, 687.3), (265.0, 720.1), (266.3, 755.0), (322.3, 755.9), (400.4, 747.3), (416.8, 696.2), (353.8, 666.2), (273.8, 661.5), (193.9, 675.7), (116.2, 708.7), (73.0, 753.8), (73.0, 738.5), (73.0, 743.2), (73.0, 745.1), (73.0, 738.0), (73.0, 749.8), (73.0, 740.2), (73.0, 740.3), (73.0, 755.0), (73.0, 738.0), (73.0, 745.1), (73.0, 743.2), (73.0, 738.5), (73.0, 752.6), (73.0, 739.2), (73.0, 741.6), (73.0, 747.3), (73.0, 737.9), (73.0, 747.3), (73.0, 741.6), (73.0, 739.2), (73.0, 755.7), (73.0, 738.5), (73.0, 743.2), (73.0, 745.1), (73.0, 738.0), (73.0, 749.8), (73.0, 740.2), (73.0, 740.3), (73.0, 755.0), (73.0, 738.0), (73.0, 745.1), (73.0, 743.2), (73.0, 738.5), (73.0, 752.6)]",0,7.25
speedrunner,meatboy,8,Stuck,16,0,-41.81,0.104,"[(329.0, 749.0), (333.0, 747.3), (327.6, 696.2), (323.2, 681.9), (317.2, 689.0), (312.2, 715.0), (306.8, 755.0), (271.4, 701.6), (265.0, 682.4), (265.0, 687.1), (265.0, 710.7), (263.7, 749.2), (251.6, 713.2), (180.9, 675.6), (105.9, 668.5), (73.0, 680.3), (73.0, 711.0), (73.0, 750.7), (73.0, 739.2), (73.0, 741.6), (73.0, 745.8), (73.0, 738.8), (73.0, 750.6), (73.0, 739.2), (73.0, 741.6), (73.0, 745.8), (73.0, 738.8), (73.0, 750.6), (73.0, 739.2), (73.0, 741.6), (73.0, 745.8), (73.0, 738.8), (73.0, 750.6), (73.0, 739.2), (73.0, 741.6), (73.0, 745.8), (73.0, 738.8), (73.0, 750.6), (73.0, 739.2), (73.0, 741.6), (73.0, 745.8), (73.0, 738.8), (73.0, 750.6), (73.0, 739.2), (73.0, 741.6)]",0,5.93
speedrunner,meatboy,8,Stuck,13,0,-40.26,0.104,"[(329.0, 749.0), (333.0, 755.3), (392.3, 732.8), (439.0, 695.9), (439.0, 693.5), (439.0, 710.0), (439.0, 745.4), (411.0, 713.2), (338.7, 675.6), (265.0, 668.5), (265.0, 680.3), (265.0, 711.0), (265.0, 750.7), (302.3, 755.0), (380.4, 755.9), (387.7, 707.2), (319.0, 670.3), (239.2, 653.0), (160.1, 663.6), (85.7, 693.0), (73.0, 733.1), (73.0, 743.2), (73.0, 738.5), (73.0, 752.6), (73.0, 739.2), (73.0, 741.6), (73.0, 747.3), (73.0, 737.9), (73.0, 747.3), (73.0, 741.6), (73.0, 739.2), (73.0, 755.7), (73.0, 738.5), (73.0, 743.2), (73.0, 745.1), (73.0, 738.0), (73.0, 749.8), (73.0, 740.2), (73.0, 740.3), (73.0, 755.0), (73.0, 738.0), (73.0, 745.1), (73.0, 743.2), (73.0, 738.5), (73.0, 752.6), (73.0, 739.2), (73.0, 741.6)]",0,6.17
speedrunner,meatboy,8,Stuck,14,0,-47.4,0.104,"[(329.0, 749.0), (333.0, 755.3), (392.3, 732.8), (429.2, 695.9), (439.0, 693.5), (439.0, 710.0), (439.0, 745.4), (411.0, 717.2), (332.5, 710.2), (265.0, 722.0), (265.0, 752.6), (217.7, 755.2), (198.0, 740.8), (164.1, 718.0), (114.2, 722.7), (73.0, 746.3), (73.0, 740.2), (73.0, 740.3), (73.0, 755.0), (73.0, 738.0), (73.0, 745.1), (73.0, 743.2), (73.0, 738.5), (73.0, 752.6), (73.0, 739.2), (73.0, 741.6), (73.0, 747.3), (73.0, 737.9), (73.0, 747.3), (73.0, 741.6), (73.0, 739.2), (73.0, 755.7), (73.0, 738.5), (73.0, 743.2), (73.0, 745.1), (73.0, 738.0), (73.0, 749.8), (73.0, 740.2), (73.0, 740.3), (73.0, 755.0), (73.0, 738.0)]",0,5.35
speedrunner,meatboy,8,Stuck,7,0,-40.33,0.104,"[(329.0, 749.0), (333.0, 755.3), (396.3, 755.0), (439.0, 709.1), (439.0, 704.4), (439.0, 718.5), (439.0, 751.5), (411.0, 707.2), (350.0, 671.7), (272.2, 664.7), (265.0, 676.5), (265.0, 707.1), (265.0, 746.8), (293.0, 755.0), (372.3, 755.9), (401.6, 725.9), (342.9, 682.0), (263.0, 656.8), (184.2, 657.4), (109.9, 679.8), (73.0, 718.2), (73.0, 755.0), (73.0, 701.6), (73.0, 667.0), (73.0, 657.6), (73.0, 667.1), (73.0, 695.4), (73.0, 735.0), (73.0, 732.8), (73.0, 686.4), (73.0, 661.3), (73.0, 659.0), (73.0, 675.5), (73.0, 710.2), (73.0, 749.9), (73.0, 713.2), (73.0, 673.9), (73.0, 658.2), (73.0, 663.0), (73.0, 686.5), (73.0, 725.0), (73.0, 747.3), (73.0, 696.2), (73.0, 664.8), (73.0, 657.8), (73.0, 669.6), (73.0, 700.2)]",0,6.18
speedrunner,meatboy,8,Stuck,7,0,-40.33,0.104,"[(329.0, 749.0), (333.0, 755.3), (396.3, 755.0), (439.0, 709.1), (439.0, 704.4), (439.0, 718.5), (439.0, 751.5), (411.0, 707.2), (350.0, 671.7), (272.2, 664.7), (265.0, 676.5), (265.0, 707.1), (265.0, 746.8), (293.0, 755.0), (372.3, 755.9), (401.6, 725.9), (342.9, 682.0), (263.0, 656.8), (184.2, 657.4), (109.9, 679.8), (73.0, 718.2), (73.0, 755.0), (73.0, 701.6), (73.0, 667.0), (73.0, 657.6), (73.0, 667.1), (73.0, 695.4), (73.0, 735.0), (73.0, 732.8), (73.0, 686.4), (73.0, 661.3), (73.0, 659.0), (73.0, 675.5), (73.0, 710.2), (73.0, 749.9), (73.0, 713.2), (73.0, 673.9), (73.0, 658.2), (73.0, 663.0), (73.0, 686.5), (73.0, 725.0), (73.0, 747.3), (73.0, 696.2), (73.0, 664.8), (73.0, 657.8), (73.0, 669.6), (73.0, 700.2)]",0,6.18
speedrunner,meatboy,8,Stuck,13,0,-40.26,0.104,"[(329.0, 749.0), (333.0, 755.3), (392.3, 732.8), (439.0, 695.9), (439.0, 693.5), (439.0, 710.0), (439.0, 745.4), (411.0, 713.2), (338.7, 675.6), (265.0, 668.5), (265.0, 680.3), (265.0, 711.0), (265.0, 750.7), (302.3, 755.0), (380.4, 755.9), (387.7, 707.2), (319.0, 670.3), (239.2, 653.0), (160.1, 663.6), (85.7, 693.0), (73.0, 733.1), (73.0, 743.2), (73.0, 738.5), (73.0, 752.6), (73.0, 739.2), (73.0, 741.6), (73.0, 747.3), (73.0, 737.9), (73.0, 747.3), (73.0, 741.6), (73.0, 739.2), (73.0, 755.7), (73.0, 738.5), (73.0, 743.2), (73.0, 745.1), (73.0, 738.0), (73.0, 749.8), (73.0, 740.2), (73.0, 740.3), (73.0, 755.0), (73.0, 738.0), (73.0, 745.1), (73.0, 743.2), (73.0, 738.5), (73.0, 752.6), (73.0, 739.2), (73.0, 741.6)]",0,6.17
speedrunner,meatboy,8,Stuck,18,0,-34.12,0.104,"[(329.0, 749.0), (333.0, 755.3), (392.3, 732.8), (439.0, 695.9), (439.0, 693.5), (439.0, 710.0), (439.0, 745.4), (419.0, 713.2), (347.4, 677.9), (279.8, 673.2), (265.0, 687.3), (265.0, 720.1), (266.3, 755.0), (322.3, 755.9), (400.4, 747.3), (416.8, 696.2), (353.8, 666.2), (273.8, 661.5), (193.9, 675.7), (116.2, 708.7), (73.0, 753.8), (73.0, 738.5), (73.0, 743.2), (73.0, 745.1), (73.0, 738.0), (73.0, 749.8), (73.0, 740.2), (73.0, 740.3), (73.0, 755.0), (73.0, 738.0), (73.0, 745.1), (73.0, 743.2), (73.0, 738.5), (73.0, 752.6), (73.0, 739.2), (73.0, 741.6), (73.0, 747.3), (73.0, 737.9), (73.0, 747.3), (73.0, 741.6), (73.0, 739.2), (73.0, 755.7), (73.0, 738.5), (73.0, 743.2), (73.0, 745.1), (73.0, 738.0), (73.0, 749.8), (73.0, 740.2), (73.0, 740.3), (73.0, 755.0), (73.0, 738.0), (73.0, 745.1), (73.0, 743.2), (73.0, 738.5), (73.0, 752.6)]",0,7.25
speedrunner,meatboy,8,Stuck,10,0,-29.25,0.204,"[(329.0, 749.0), (333.0, 755.3), (392.3, 732.8), (439.0, 695.9), (439.0, 693.5), (439.0, 710.0), (439.0, 745.4), (411.0, 713.2), (338.7, 675.6), (265.0, 668.5), (265.0, 680.3), (265.0, 711.0), (265.0, 750.7), (266.6, 721.8), (265.0, 717.1), (257.4, 731.3), (255.6, 755.3), (313.8, 755.0), (388.6, 739.9), (394.3, 691.2), (325.2, 661.4), (265.0, 650.4), (265.0, 658.2), (265.0, 684.9), (265.0, 730.4), (266.1, 733.1), (263.3, 686.7), (254.3, 659.2), (239.3, 650.6), (229.7, 660.8), (225.3, 689.8), (219.2, 737.7), (215.4, 726.2), (211.6, 682.3), (204.6, 665.4), (201.5, 670.1), (193.9, 693.7), (191.5, 736.1), (184.4, 726.2), (180.1, 687.4), (174.0, 682.7), (169.0, 696.8), (163.6, 729.8), (159.5, 740.2), (156.4, 691.5), (148.7, 682.1), (146.4, 691.5)]",0,6.17
speedrunner,meatboy,8,Stuck,13,0,-39.8,0.104,"[(329.0, 749.0), (333.0, 755.3), (396.3, 755.0), (439.0, 705.0), (439.0, 698.0), (439.0, 709.8), (439.0, 740.4), (419.0, 719.4), (347.4, 677.8), (273.2, 668.4), (265.0, 677.8), (265.0, 706.1), (265.0, 745.7), (293.0, 755.9), (370.4, 755.3), (370.9, 719.7), (297.8, 678.1), (217.8, 655.3), (140.1, 651.4), (73.0, 666.3), (73.0, 699.8), (73.0, 739.4), (73.0, 741.6), (73.0, 739.2), (73.0, 755.7), (73.0, 738.5), (73.0, 743.2), (73.0, 745.1), (73.0, 738.0), (73.0, 749.8), (73.0, 740.2), (73.0, 740.3), (73.0, 755.0), (73.0, 738.0), (73.0, 745.1), (73.0, 743.2), (73.0, 738.5), (73.0, 752.6), (73.0, 739.2), (73.0, 741.6), (73.0, 747.3), (73.0, 737.9), (73.0, 747.3), (73.0, 741.6), (73.0, 739.2), (73.0, 755.7), (73.0, 738.5)]",0,6.18
speedrunner,meatboy,8,Stuck,13,0,-40.24,0.104,"[(329.0, 749.0), (333.0, 755.3), (392.3, 732.8), (439.0, 695.9), (439.0, 693.5), (439.0, 710.0), (439.0, 745.4), (411.0, 713.2), (338.7, 675.6), (265.0, 668.5), (265.0, 680.3), (265.0, 711.0), (265.0, 750.7), (302.3, 755.0), (382.3, 755.9), (406.6, 707.2), (402.9, 670.3), (347.4, 657.8), (267.5, 664.9), (187.6, 690.8), (111.2, 735.6), (73.0, 744.1), (73.0, 739.4), (73.0, 753.5), (73.0, 738.5), (73.0, 743.2), (73.0, 745.1), (73.0, 738.0), (73.0, 749.8), (73.0, 740.2), (73.0, 740.3), (73.0, 755.0), (73.0, 738.0), (73.0, 745.1), (73.0, 743.2), (73.0, 738.5), (73.0, 752.6), (73.0, 739.2), (73.0, 741.6), (73.0, 747.3), (73.0, 737.9), (73.0, 747.3), (73.0, 741.6), (73.0, 739.2), (73.0, 755.7), (73.0, 738.5), (73.0, 743.2)]",0,6.17
speedrunner,meatboy,8,Stuck,13,0,-40.5,0.104,"[(329.0, 749.0), (333.0, 755.3), (392.3, 732.8), (439.0, 695.9), (439.0, 693.5), (439.0, 710.0), (439.0, 745.4), (411.0, 713.2), (338.7, 675.6), (265.0, 668.5), (265.0, 680.3), (265.0, 711.0), (265.0, 750.7), (302.3, 755.0), (380.4, 747.6), (398.2, 696.5), (387.4, 664.3), (320.7, 654.9), (240.9, 664.4), (161.0, 692.7), (84.7, 739.8), (73.0, 740.2), (73.0, 740.3), (73.0, 755.0), (73.0, 738.0), (73.0, 745.1), (73.0, 743.2), (73.0, 738.5), (73.0, 752.6), (73.0, 739.2), (73.0, 741.6), (73.0, 747.3), (73.0, 737.9), (73.0, 747.3), (73.0, 741.6), (73.0, 739.2), (73.0, 755.7), (73.0, 738.5), (73.0, 743.2), (73.0, 745.1), (73.0, 738.0), (73.0, 749.8), (73.0, 740.2), (73.0, 740.3), (73.0, 755.0), (73.0, 738.0), (73.0, 745.1)]",0,6.17
speedrunner,meatboy,8,Stuck,13,0,-40.76,0.104,"[(329.0, 749.0), (333.0, 755.3), (392.3, 732.8), (439.0, 695.9), (439.0, 693.5), (439.0, 710.0), (439.0, 745.4), (411.0, 713.2), (338.7, 675.6), (265.0, 668.5), (265.0, 680.3), (265.0, 711.0), (265.0, 750.7), (302.3, 755.0), (382.3, 755.9), (406.6, 707.2), (402.9, 670.3), (347.4, 657.8), (267.5, 664.9), (187.5, 690.8), (109.2, 735.6), (73.0, 744.1), (73.0, 739.4), (73.0, 753.5), (73.0, 738.5), (73.0, 743.2), (73.0, 745.1), (73.0, 738.0), (73.0, 749.8), (73.0, 740.2), (73.0, 740.3), (73.0, 755.0), (73.0, 738.0), (73.0, 745.1), (73.0, 743.2), (73.0, 738.5), (73.0, 752.6), (73.0, 739.2), (73.0, 741.6), (73.0, 747.3), (73.0, 737.9), (73.0, 747.3), (73.0, 741.6), (73.0, 739.2), (73.0, 755.7), (73.0, 738.5), (73.0, 743.2)]",0,6.17
speedrunner,meatboy,8,Stuck,1,0,17.13,0.597,"[(329.0, 749.0), (333.0, 755.3), (396.3, 755.0), (429.9, 755.9), (435.0, 755.3), (440.1, 755.0), (445.2, 755.9), (439.1, 755.3), (433.5, 755.0), (427.9, 755.9), (422.4, 755.3), (416.8, 755.0), (411.3, 755.9), (405.7, 755.3), (400.2, 755.0), (394.6, 755.9), (397.7, 755.3), (402.8, 755.0), (407.9, 755.9), (413.0, 755.3), (418.1, 755.0), (423.2, 755.9), (428.3, 755.3), (433.4, 755.0), (438.6, 755.9), (443.7, 755.3), (442.8, 755.0), (437.3, 755.9), (431.7, 755.3), (426.2, 755.0), (420.6, 755.9), (415.1, 755.3), (409.5, 755.0), (403.9, 755.9), (398.4, 755.3), (396.1, 755.0), (401.2, 755.9), (406.3, 755.3), (411.4, 755.0), (416.6, 755.9)]",0,5.32
speedrunner,meatboy,8,Stuck,12,0,-40.31,0.104,"[(329.0, 749.0), (333.0, 755.3), (392.3, 732.8), (439.0, 695.9), (439.0, 693.5), (439.0, 710.0), (439.0, 745.4), (411.0, 713.2), (350.0, 673.9), (274.5, 664.5), (265.0, 674.0), (265.0, 702.3), (265.0, 741.8), (266.2, 719.4), (265.0, 710.0), (259.2, 719.5), (254.2, 747.8), (262.8, 719.7), (243.8, 678.1), (210.4, 661.8), (182.3, 666.5), (159.5, 690.1), (142.0, 732.5), (131.3, 733.1), (123.2, 696.2), (120.4, 693.8), (112.8, 710.3), (109.1, 745.7), (102.3, 713.2), (98.0, 692.8), (91.9, 697.5), (86.9, 721.1), (82.5, 755.3), (74.9, 708.1), (73.0, 688.3), (73.0, 693.1), (73.0, 716.6), (73.0, 755.1), (73.0, 738.5), (73.0, 743.2), (73.0, 743.9), (73.0, 739.2), (73.0, 753.4), (73.0, 738.5), (73.0, 743.2), (73.0, 743.9), (73.0, 739.2)]",0,6.18
speedrunner,meatboy,8,Stuck,12,0,-40.31,0.104,"[(329.0, 749.0), (333.0, 755.3), (392.3, 732.8), (439.0, 695.9), (439.0, 693.5), (439.0, 710.0), (439.0, 745.4), (411.0, 713.2), (350.0, 673.9), (274.5, 664.5), (265.0, 674.0), (265.0, 702.3), (265.0, 741.8), (266.2, 719.4), (265.0, 710.0), (259.2, 719.5), (254.2, 747.8), (262.8, 719.7), (243.8, 678.1), (210.4, 661.8), (182.3, 666.5), (159.5, 690.1), (142.0, 732.5), (131.3, 733.1), (123.2, 696.2), (120.4, 693.8), (112.8, 710.3), (109.1, 745.7), (102.3, 713.2), (98.0, 692.8), (91.9, 697.5), (86.9, 721.1), (82.5, 755.3), (74.9, 708.1), (73.0, 688.3), (73.0, 693.1), (73.0, 716.6), (73.0, 755.1), (73.0, 738.5), (73.0, 743.2), (73.0, 743.9), (73.0, 739.2), (73.0, 753.4), (73.0, 738.5), (73.0, 743.2), (73.0, 743.9), (73.0, 739.2)]",0,6.18
speedrunner,meatboy,8,Stuck,13,0,-40.76,0.104,"[(329.0, 749.0), (333.0, 755.3), (392.3, 732.8), (439.0, 695.9), (439.0, 693.5), (439.0, 710.0), (439.0, 745.4), (411.0, 713.2), (338.7, 675.6), (265.0, 668.5), (265.0, 680.3), (265.0, 711.0), (265.0, 750.7), (302.3, 755.0), (382.3, 755.9), (406.6, 707.2), (402.9, 670.3), (347.4, 657.8), (267.5, 664.9), (187.5, 690.8), (109.2, 735.6), (73.0, 744.1), (73.0, 739.4), (73.0, 753.5), (73.0, 738.5), (73.0, 743.2), (73.0, 745.1), (73.0, 738.0), (73.0, 749.8), (73.0, 740.2), (73.0, 740.3), (73.0, 755.0), (73.0, 738.0), (73.0, 745.1), (73.0, 743.2), (73.0, 738.5), (73.0, 752.6), (73.0, 739.2), (73.0, 741.6), (73.0, 747.3), (73.0, 737.9), (73.0, 747.3), (73.0, 741.6), (73.0, 739.2), (73.0, 755.7), (73.0, 738.5), (73.0, 743.2)]",0,6.17
speedrunner,meatboy,8,Stuck,13,0,-40.5,0.104,"[(329.0, 749.0), (333.0, 755.3), (392.3, 732.8), (439.0, 695.9), (439.0, 693.5), (439.0, 710.0), (439.0, 745.4), (411.0, 713.2), (338.7, 675.6), (265.0, 668.5), (265.0, 680.3), (265.0, 711.0), (265.0, 750.7), (302.3, 755.0), (380.4, 747.6), (398.2, 696.5), (387.4, 664.3), (320.7, 654.9), (240.9, 664.4), (161.0, 692.7), (84.7, 739.8), (73.0, 740.2), (73.0, 740.3), (73.0, 755.0), (73.0, 738.0), (73.0, 745.1), (73.0, 743.2), (73.0, 738.5), (73.0, 752.6), (73.0, 739.2), (73.0, 741.6), (73.0, 747.3), (73.0, 737.9), (73.0, 747.3), (73.0, 741.6), (73.0, 739.2), (73.0, 755.7), (73.0, 738.5), (73.0, 743.2), (73.0, 745.1), (73.0, 738.0), (73.0, 749.8), (73.0, 740.2), (73.0, 740.3), (73.0, 755.0), (73.0, 738.0), (73.0, 745.1)]",0,6.17
speedrunner,meatboy,8,Stuck,13,0,-40.24,0.104,"[(329.0, 749.0), (333.0, 755.3), (392.3, 732.8), (439.0, 695.9), (439.0, 693.5), (439.0, 710.0), (439.0, 745.4), (411.0, 713.2), (338.7, 675.6), (265.0, 668.5), (265.0, 680.3), (265.0, 711.0), (265.0, 750.7), (302.3, 755.0), (382.3, 755.9), (406.6, 707.2), (402.9, 670.3), (347.4, 657.8), (267.5, 664.9), (187.6, 690.8), (111.2, 735.6), (73.0, 744.1), (73.0, 739.4), (73.0, 753.5), (73.0, 738.5), (73.0, 743.2), (73.0, 745.1), (73.0, 738.0), (73.0, 749.8), (73.0, 740.2), (73.0, 740.3), (73.0, 755.0), (73.0, 738.0), (73.0, 745.1), (73.0, 743.2), (73.0, 738.5), (73.0, 752.6), (73.0, 739.2), (73.0, 741.6), (73.0, 747.3), (73.0, 737.9), (73.0, 747.3), (73.0, 741.6), (73.0, 739.2), (73.0, 755.7), (73.0, 738.5), (73.0, 743.2)]",0,6.17
speedrunner,meatboy,8,Stuck,11,0,-30.05,0.186,"[(329.0, 749.0), (333.0, 755.3), (392.3, 732.8), (439.0, 695.9), (439.0, 693.5), (439.0, 710.0), (439.0, 745.4), (411.0, 713.2), (338.7, 675.6), (265.0, 668.5), (265.0, 680.3), (265.0, 711.0), (265.0, 750.7), (302.3, 755.0), (380.4, 747.6), (396.8, 696.5), (333.8, 664.3), (265.0, 651.0), (265.0, 656.5), (265.0, 680.8), (265.0, 724.0), (265.8, 740.2), (263.1, 691.5), (255.5, 661.6), (244.7, 652.2), (235.1, 661.7), (230.7, 690.0), (224.6, 737.1), (220.8, 726.2), (217.0, 682.3), (210.0, 665.4), (206.9, 670.1), (199.3, 693.7), (196.9, 736.1), (189.8, 726.2), (185.4, 684.5), (179.4, 677.5), (174.4, 689.3), (169.0, 719.9), (165.1, 747.3), (162.0, 696.2), (154.3, 681.9), (152.0, 689.0), (143.6, 715.0), (140.6, 755.0), (136.6, 707.5), (131.6, 687.7)]",0,6.17
speedrunner,meatboy,8,Stuck,16,0,-32.07,0.104,"[(329.0, 749.0), (333.0, 755.3), (396.3, 755.0), (439.0, 709.1), (439.0, 704.4), (439.0, 718.5), (439.0, 751.5), (425.2, 707.2), (409.5, 673.7), (369.4, 669.0), (290.7, 683.1), (265.0, 716.0), (265.0, 755.9), (312.3, 755.3), (392.3, 755.0), (419.4, 701.6), (410.8, 668.1), (350.7, 661.1), (273.7, 672.9), (265.0, 703.5), (265.0, 753.0), (302.3, 755.3), (382.3, 755.0), (414.0, 719.4), (407.7, 677.8), (376.9, 657.0), (297.2, 657.0), (217.8, 675.9), (141.5, 713.6), (73.0, 755.3), (73.0, 738.3), (73.0, 745.4), (73.0, 741.6), (73.0, 739.2), (73.0, 755.7), (73.0, 738.5), (73.0, 743.2), (73.0, 745.1), (73.0, 738.0), (73.0, 749.8), (73.0, 740.2), (73.0, 740.3), (73.0, 755.0), (73.0, 738.0), (73.0, 745.1), (73.0, 743.2), (73.0, 738.5), (73.0, 752.6), (73.0, 739.2), (73.0, 741.6), (73.0, 747.3), (73.0, 737.9), (73.0, 747.3), (73.0, 741.6), (73.0, 739.2), (73.0, 755.7)]",0,7.38
speedrunner,meatboy,8,Stuck,11,0,-39.43,0.104,"[(329.0, 749.0), (333.0, 755.3), (392.3, 732.8), (439.0, 695.9), (439.0, 693.5), (439.0, 710.0), (439.0, 745.4), (411.0, 713.2), (338.7, 675.6), (265.0, 668.5), (265.0, 680.3), (265.0, 711.0), (265.0, 750.7), (302.3, 755.0), (382.3, 755.9), (405.2, 707.2), (345.8, 670.3), (265.9, 652.3), (265.0, 653.0), (265.0, 672.7), (263.7, 711.1), (257.9, 755.3), (313.0, 755.0), (387.2, 755.9), (378.9, 707.2), (303.6, 670.3), (223.6, 652.3), (145.3, 653.0), (73.0, 672.7), (73.0, 709.4), (73.0, 749.1), (73.0, 739.2), (73.0, 741.6), (73.0, 747.3), (73.0, 737.9), (73.0, 747.3), (73.0, 741.6), (73.0, 739.2), (73.0, 755.7), (73.0, 738.5), (73.0, 743.2), (73.0, 745.1), (73.0, 738.0), (73.0, 749.8), (73.0, 740.2), (73.0, 740.3), (73.0, 755.0)]",0,6.17
speedrunner,meatboy,8,Stuck,14,0,-45.4,0.104,"[(329.0, 749.0), (333.0, 755.3), (387.6, 726.8), (437.2, 688.0), (439.0, 683.3), (439.0, 697.4), (439.0, 730.4), (431.0, 732.8), (361.7, 705.1), (283.4, 707.5), (265.0, 728.7), (266.3, 739.9), (265.0, 723.5), (265.0, 730.6), (217.7, 755.0), (145.6, 701.6), (77.5, 678.4), (73.0, 680.7), (73.0, 702.0), (73.0, 739.5), (73.0, 741.6), (73.0, 739.2), (73.0, 755.7), (73.0, 738.5), (73.0, 743.2), (73.0, 745.1), (73.0, 738.0), (73.0, 749.8), (73.0, 740.2), (73.0, 740.3), (73.0, 755.0), (73.0, 738.0), (73.0, 745.1), (73.0, 743.2), (73.0, 738.5), (73.0, 752.6), (73.0, 739.2), (73.0, 741.6), (73.0, 747.3), (73.0, 737.9), (73.0, 747.3)]",0,5.35
speedrunner,meatboy,8,Stuck,7,0,-40.33,0.104,"[(329.0, 749.0), (333.0, 755.3), (396.3, 755.0), (439.0, 709.1), (439.0, 704.4), (439.0, 718.5), (439.0, 751.5), (411.0, 707.2), (350.0, 671.7), (272.2, 664.7), (265.0, 676.5), (265.0, 707.1), (265.0, 746.8), (293.0, 755.0), (372.3, 755.9), (401.6, 725.9), (342.9, 682.0), (263.0, 656.8), (184.2, 657.4), (109.9, 679.8), (73.0, 718.2), (73.0, 755.0), (73.0, 701.6), (73.0, 667.0), (73.0, 657.6), (73.0, 667.1), (73.0, 695.4), (73.0, 735.0), (73.0, 732.8), (73.0, 686.4), (73.0, 661.3), (73.0, 659.0), (73.0, 675.5), (73.0, 710.2), (73.0, 749.9), (73.0, 713.2), (73.0, 673.9), (73.0, 658.2), (73.0, 663.0), (73.0, 686.5), (73.0, 725.0), (73.0, 747.3), (73.0, 696.2), (73.0, 664.8), (73.0, 657.8), (73.0, 669.6), (73.0, 700.2)]",0,6.18
speedrunner,meatboy,8,Stuck,18,0,-34.12,0.104,"[(329.0, 749.0), (333.0, 755.3), (392.3, 732.8), (439.0, 695.9), (439.0, 693.5), (439.0, 710.0), (439.0, 745.4), (419.0, 713.2), (347.4, 677.9), (279.8, 673.2), (265.0, 687.3), (265.0, 720.1), (266.3, 755.0), (322.3, 755.9), (400.4, 747.3), (416.8, 696.2), (353.8, 666.2), (273.8, 661.5), (193.9, 675.7), (116.2, 708.7), (73.0, 753.8), (73.0, 738.5), (73.0, 743.2), (73.0, 745.1), (73.0, 738.0), (73.0, 749.8), (73.0, 740.2), (73.0, 740.3), (73.0, 755.0), (73.0, 738.0), (73.0, 745.1), (73.0, 743.2), (73.0, 738.5), (73.0, 752.6), (73.0, 739.2), (73.0, 741.6), (73.0, 747.3), (73.0, 737.9), (73.0, 747.3), (73.0, 741.6), (73.0, 739.2), (73.0, 755.7), (73.0, 738.5), (73.0, 743.2), (73.0, 745.1), (73.0, 738.0), (73.0, 749.8), (73.0, 740.2), (73.0, 740.3), (73.0, 755.0), (73.0, 738.0), (73.0, 745.1), (73.0, 743.2), (73.0, 738.5), (73.0, 752.6)]",0,7.25
speedrunner,meatboy,8,Stuck,18,0,-34.12,0.104,"[(329.0, 749.0), (333.0, 755.3), (392.3, 732.8), (439.0, 695.9), (439.0, 693.5), (439.0, 710.0), (439.0, 745.4), (419.0, 713.2), (347.4, 677.9), (279.8, 673.2), (265.0, 687.3), (265.0, 720.1), (266.3, 755.0), (322.3, 755.9), (400.4, 747.3), (416.8, 696.2), (353.8, 666.2), (273.8, 661.5), (193.9, 675.7), (116.2, 708.7), (73.0, 753.8), (73.0, 738.5), (73.0, 743.2), (73.0, 745.1), (73.0, 738.0), (73.0, 749.8), (73.0, 740.2), (73.0, 740.3), (73.0, 755.0), (73.0, 738.0), (73.0, 745.1), (73.0, 743.2), (73.0, 738.5), (73.0, 752.6), (73.0, 739.2), (73.0, 741.6), (73.0, 747.3), (73.0, 737.9), (73.0, 747.3), (73.0, 741.6), (73.0, 739.2), (73.0, 755.7), (73.0, 738.5), (73.0, 743.2), (73.0, 745.1), (73.0, 738.0), (73.0, 749.8), (73.0, 740.2), (73.0, 740.3), (73.0, 755.0), (73.0, 738.0), (73.0, 745.1), (73.0, 743.2), (73.0, 738.5), (73.0, 752.6)]",0,7.25
speedrunner,meatboy,8,Stuck,7,0,-40.33,0.104,"[(329.0, 749.0), (333.0, 755.3), (396.3, 755.0), (439.0, 709.1), (439.0, 704.4), (439.0, 718.5), (439.0, 751.5), (411.0, 707.2), (350.0, 671.7), (272.2, 664.7), (265.0, 676.5), (265.0, 707.1), (265.0, 746.8), (293.0, 755.0), (372.3, 755.9), (401.6, 725.9), (342.9, 682.0), (263.0, 656.8), (184.2, 657.4), (109.9, 679.8), (73.0, 718.2), (73.0, 755.0), (73.0, 701.6), (73.0, 667.0), (73.0, 657.6), (73.0, 667.1), (73.0, 695.4), (73.0, 735.0), (73.0, 732.8), (73.0, 686.4), (73.0, 661.3), (73.0, 659.0), (73.0, 675.5), (73.0, 710.2), (73.0, 749.9), (73.0, 713.2), (73.0, 673.9), (73.0, 658.2), (73.0, 663.0), (73.0, 686.5), (73.0, 725.0), (73.0, 747.3), (73.0, 696.2), (73.0, 664.8), (73.0, 657.8), (73.0, 669.6), (73.0, 700.2)]",0,6.18
speedrunner,meatboy,8,Stuck,11,0,-39.43,0.104,"[(329.0, 749.0), (333.0, 755.3), (392.3, 732.8), (439.0, 695.9), (439.0, 693.5), (439.0, 710.0), (439.0, 745.4), (411.0, 713.2), (338.7, 675.6), (265.0, 668.5), (265.0, 680.3), (265.0, 711.0), (265.0, 750.7), (302.3, 755.0), (382.3, 755.9), (405.2, 707.2), (345.8, 670.3), (265.9, 652.3), (265.0, 653.0), (265.0, 672.7), (263.7, 711.1), (257.9, 755.3), (313.0, 755.0), (387.2, 755.9), (378.9, 707.2), (303.6, 670.3), (223.6, 652.3), (145.3, 653.0), (73.0, 672.7), (73.0, 709.4), (73.0, 749.1), (73.0, 739.2), (73.0, 741.6), (73.0, 747.3), (73.0, 737.9), (73.0, 747.3), (73.0, 741.6), (73.0, 739.2), (73.0, 755.7), (73.0, 738.5), (73.0, 743.2), (73.0, 745.1), (73.0, 738.0), (73.0, 749.8), (73.0, 740.2), (73.0, 740.3), (73.0, 755.0)]",0,6.17
speedrunner,meatboy,8,Stuck,16,0,-32.07,0.104,"[(329.0, 749.0), (333.0, 755.3), (396.3, 755.0), (439.0, 709.1), (439.0, 704.4), (439.0, 718.5), (439.0, 751.5), (425.2, 707.2), (409.5, 673.7), (369.4, 669.0), (290.7, 683.1), (265.0, 716.0), (265.0, 755.9), (312.3, 755.3), (392.3, 755.0), (419.4, 701.6), (410.8, 668.1), (350.7, 661.1), (273.7, 672.9), (265.0, 703.5), (265.0, 753.0), (302.3, 755.3), (382.3, 755.0), (414.0, 719.4), (407.7, 677.8), (376.9, 657.0), (297.2, 657.0), (217.8, 675.9), (141.5, 713.6), (73.0, 755.3), (73.0, 738.3), (73.0, 745.4), (73.0, 741.6), (73.0, 739.2), (73.0, 755.7), (73.0, 738.5), (73.0, 743.2), (73.0, 745.1), (73.0, 738.0), (73.0, 749.8), (73.0, 740.2), (73.0, 740.3), (73.0, 755.0), (73.0, 738.0), (73.0, 745.1), (73.0, 743.2), (73.0, 738.5), (73.0, 752.6), (73.0, 739.2), (73.0, 741.6), (73.0, 747.3), (73.0, 737.9), (73.0, 747.3), (73.0, 741.6), (73.0, 739.2), (73.0, 755.7)]",0,7.38
speedrunner,meatboy,8,Stuck,7,0,-40.33,0.104,"[(329.0, 749.0), (333.0, 755.3), (396.3, 755.0), (439.0, 709.1), (439.0, 704.4), (439.0, 718.5), (439.0, 751.5), (411.0, 707.2), (350.0, 671.7), (272.2, 664.7), (265.0, 676.5), (265.0, 707.1), (265.0, 746.8), (293.0, 755.0), (372.3, 755.9), (401.6, 725.9), (342.9, 682.0), (263.0, 656.8), (184.2, 657.4), (109.9, 679.8), (73.0, 718.2), (73.0, 755.0), (73.0, 701.6), (73.0, 667.0), (73.0, 657.6), (73.0, 667.1), (73.0, 695.4), (73.0, 735.0), (73.0, 732.8), (73.0, 686.4), (73.0, 661.3), (73.0, 659.0), (73.0, 675.5), (73.0, 710.2), (73.0, 749.9), (73.0, 713.2), (73.0, 673.9), (73.0, 658.2), (73.0, 663.0), (73.0, 686.5), (73.0, 725.0), (73.0, 747.3), (73.0, 696.2), (73.0, 664.8), (73.0, 657.8), (73.0, 669.6), (73.0, 700.2)]",0,6.18
speedrunner,meatboy,8,Stuck,13,0,-11.26,0.334,"[(329.0, 749.0), (333.0, 755.3), (395.0, 740.2), (439.0, 697.8), (439.0, 693.1), (439.0, 707.2), (439.0, 740.2), (434.2, 740.2), (428.5, 740.3), (429.0, 748.0), (427.4, 697.0), (416.8, 667.0), (350.2, 662.3), (270.4, 676.4), (265.0, 709.2), (265.0, 748.9), (268.5, 713.2), (265.0, 692.8), (258.2, 697.5), (253.9, 721.1), (255.0, 747.3), (262.7, 696.2), (265.0, 664.1), (265.0, 650.7), (265.0, 656.2), (265.0, 680.5), (265.0, 723.7), (268.8, 732.8), (275.1, 686.4), (276.3, 658.9), (276.3, 650.3), (276.3, 660.5), (276.3, 689.5), (276.3, 737.4), (282.2, 719.4), (287.2, 677.8), (287.7, 655.0), (287.7, 651.1), (287.7, 666.0), (287.7, 699.8), (287.7, 752.4), (295.2, 707.2), (298.9, 670.3), (299.0, 655.2), (299.0, 660.0), (299.0, 683.5), (299.0, 726.0), (307.0, 755.0), (376.3, 755.9), (414.7, 707.2), (414.7, 670.3), (414.7, 652.3), (414.7, 653.0), (414.7, 672.7), (414.7, 711.1), (413.4, 747.3), (405.7, 696.2), (399.1, 664.1), (335.0, 654.7), (255.0, 664.1)]",0,7.9
speedrunner,meatboy,8,Stuck,13,0,-40.76,0.104,"[(329.0, 749.0), (333.0, 755.3), (392.3, 732.8), (439.0, 695.9), (439.0, 693.5), (439.0, 710.0), (439.0, 745.4), (411.0, 713.2), (338.7, 675.6), (265.0, 668.5), (265.0, 680.3), (265.0, 711.0), (265.0, 750.7), (302.3, 755.0), (382.3, 755.9), (406.6, 707.2), (402.9, 670.3), (347.4, 657.8), (267.5, 664.9), (187.5, 690.8), (109.2, 735.6), (73.0, 744.1), (73.0, 739.4), (73.0, 753.5), (73.0, 738.5), (73.0, 743.2), (73.0, 745.1), (73.0, 738.0), (73.0, 749.8), (73.0, 740.2), (73.0, 740.3), (73.0, 755.0), (73.0, 738.0), (73.0, 745.1), (73.0, 743.2), (73.0, 738.5), (73.0, 752.6), (73.0, 739.2), (73.0, 741.6), (73.0, 747.3), (73.0, 737.9), (73.0, 747.3), (73.0, 741.6), (73.0, 739.2), (73.0, 755.7), (73.0, 738.5), (73.0, 743.2)]",0,6.17
speedrunner,meatboy,8,Stuck,12,0,-38.35,0.117,"[(329.0, 749.0), (333.0, 755.3), (392.3, 732.8), (439.0, 695.9), (439.0, 693.5), (439.0, 710.0), (439.0, 745.4), (427.5, 713.2), (411.2, 673.9), (361.5, 661.1), (281.6, 668.2), (265.0, 694.1), (265.0, 733.3), (267.5, 732.8), (265.0, 705.1), (261.2, 707.5), (254.9, 728.7), (255.0, 739.9), (246.7, 691.2), (236.6, 661.8), (216.2, 654.8), (201.2, 666.6), (191.6, 697.2), (187.2, 746.7), (192.9, 719.7), (190.1, 680.1), (182.6, 673.0), (178.9, 684.8), (172.1, 715.5), (169.6, 755.3), (170.0, 701.9), (167.2, 678.6), (159.6, 681.0), (155.9, 702.2), (149.1, 742.3), (145.8, 719.4), (141.2, 682.3), (134.9, 677.6), (131.1, 691.8), (124.1, 724.8), (124.1, 747.6), (116.5, 699.7), (112.8, 692.6), (106.0, 704.4), (101.7, 735.1), (96.9, 733.1), (90.6, 692.4), (86.8, 687.7)]",0,6.33
speedrunner,meatboy,8,Stuck,13,0,-40.28,0.104,"[(329.0, 749.0), (333.0, 755.3), (392.3, 732.8), (439.0, 695.9), (439.0, 693.5), (439.0, 710.0), (439.0, 745.4), (411.0, 713.2), (338.7, 675.6), (265.0, 668.5), (265.0, 680.3), (265.0, 711.0), (265.0, 750.7), (302.3, 755.0), (380.4, 755.9), (387.7, 707.2), (319.0, 670.3), (239.2, 653.0), (160.1, 663.6), (85.7, 693.0), (73.0, 733.1), (73.0, 743.2), (73.0, 738.5), (73.0, 752.6), (73.0, 739.2), (73.0, 741.6), (73.0, 747.3), (73.0, 737.9), (73.0, 747.3), (73.0, 741.6), (73.0, 739.2), (73.0, 755.7), (73.0, 738.5), (73.0, 743.2), (73.0, 745.1), (73.0, 738.0), (73.0, 749.8), (73.0, 740.2), (73.0, 740.3), (73.0, 755.0), (73.0, 738.0), (73.0, 745.1), (73.0, 743.2), (73.0, 738.5), (73.0, 752.6), (73.0, 739.2), (73.0, 741.6)]",0,6.17
speedrunner,meatboy,8,Stuck,13,0,-40.35,0.104,"[(329.0, 749.0), (333.0, 755.3), (392.3, 732.8), (439.0, 695.9), (439.0, 693.5), (439.0, 710.0), (439.0, 745.4), (411.0, 713.2), (338.7, 675.6), (265.0, 668.5), (265.0, 680.3), (265.0, 711.0), (265.0, 750.7), (302.3, 755.0), (380.4, 747.6), (398.2, 696.5), (387.4, 664.3), (320.7, 654.9), (240.9, 664.4), (161.2, 692.7), (85.5, 739.8), (73.0, 740.2), (73.0, 740.3), (73.0, 755.0), (73.0, 738.0), (73.0, 745.1), (73.0, 743.2), (73.0, 738.5), (73.0, 752.6), (73.0, 739.2), (73.0, 741.6), (73.0, 747.3), (73.0, 737.9), (73.0, 747.3), (73.0, 741.6), (73.0, 739.2), (73.0, 755.7), (73.0, 738.5), (73.0, 743.2), (73.0, 745.1), (73.0, 738.0), (73.0, 749.8), (73.0, 740.2), (73.0, 740.3), (73.0, 755.0), (73.0, 738.0), (73.0, 745.1)]",0,6.17
speedrunner,meatboy,8,Stuck,13,0,-40.35,0.104,"[(329.0, 749.0), (333.0, 755.3), (392.3, 732.8), (439.0, 695.9), (439.0, 693.5), (439.0, 710.0), (439.0, 745.4), (411.0, 713.2), (338.7, 675.6), (265.0, 668.5), (265.0, 680.3), (265.0, 711.0), (265.0, 750.7), (302.3, 755.0), (380.4, 747.6), (398.2, 696.5), (387.4, 664.3), (320.7, 654.9), (240.9, 664.4), (161.2, 692.7), (85.5, 739.8), (73.0, 740.2), (73.0, 740.3), (73.0, 755.0), (73.0, 738.0), (73.0, 745.1), (73.0, 743.2), (73.0, 738.5), (73.0, 752.6), (73.0, 739.2), (73.0, 741.6), (73.0, 747.3), (73.0, 737.9), (73.0, 747.3), (73.0, 741.6), (73.0, 739.2), (73.0, 755.7), (73.0, 738.5), (73.0, 743.2), (73.0, 745.1), (73.0, 738.0), (73.0, 749.8), (73.0, 740.2), (73.0, 740.3), (73.0, 755.0), (73.0, 738.0), (73.0, 745.1)]",0,6.17
speedrunner,meatboy,8,Stuck,13,0,-40.28,0.104,"[(329.0, 749.0), (333.0, 755.3), (392.3, 732.8), (439.0, 695.9), (439.0, 693.5), (439.0, 710.0), (439.0, 745.4), (411.0, 713.2), (338.7, 675.6), (265.0, 668.5), (265.0, 680.3), (265.0, 711.0), (265.0, 750.7), (302.3, 755.0), (380.4, 755.9), (387.7, 707.2), (319.0, 670.3), (239.2, 653.0), (160.1, 663.6), (85.7, 693.0), (73.0, 733.1), (73.0, 743.2), (73.0, 738.5), (73.0, 752.6), (73.0, 739.2), (73.0, 741.6), (73.0, 747.3), (73.0, 737.9), (73.0, 747.3), (73.0, 741.6), (73.0, 739.2), (73.0, 755.7), (73.0, 738.5), (73.0, 743.2), (73.0, 745.1), (73.0, 738.0), (73.0, 749.8), (73.0, 740.2), (73.0, 740.3), (73.0, 755.0), (73.0, 738.0), (73.0, 745.1), (73.0, 743.2), (73.0, 738.5), (73.0, 752.6), (73.0, 739.2), (73.0, 741.6)]",0,6.17
speedrunner,meatboy,8,Stuck,12,0,-38.35,0.117,"[(329.0, 749.0), (333.0, 755.3), (392.3, 732.8), (439.0, 695.9), (439.0, 693.5), (439.0, 710.0), (439.0, 745.4), (427.5, 713.2), (411.2, 673.9), (361.5, 661.1), (281.6, 668.2), (265.0, 694.1), (265.0, 733.3), (267.5, 732.8), (265.0, 705.1), (261.2, 707.5), (254.9, 728.7), (255.0, 739.9), (246.7, 691.2), (236.6, 661.8), (216.2, 654.8), (201.2, 666.6), (191.6, 697.2), (187.2, 746.7), (192.9, 719.7), (190.1, 680.1), (182.6, 673.0), (178.9, 684.8), (172.1, 715.5), (169.6, 755.3), (170.0, 701.9), (167.2, 678.6), (159.6, 681.0), (155.9, 702.2), (149.1, 742.3), (145.8, 719.4), (141.2, 682.3), (134.9, 677.6), (131.1, 691.8), (124.1, 724.8), (124.1, 747.6), (116.5, 699.7), (112.8, 692.6), (106.0, 704.4), (101.7, 735.1), (96.9, 733.1), (90.6, 692.4), (86.8, 687.7)]",0,6.33
speedrunner,meatboy,8,Stuck,13,0,-40.76,0.104,"[(329.0, 749.0), (333.0, 755.3), (392.3, 732.8), (439.0, 695.9), (439.0, 693.5), (439.0, 710.0), (439.0, 745.4), (411.0, 713.2), (338.7, 675.6), (265.0, 668.5), (265.0, 680.3), (265.0, 711.0), (265.0, 750.7), (302.3, 755.0), (382.3, 755.9), (406.6, 707.2), (402.9, 670.3), (347.4, 657.8), (267.5, 664.9), (187.5, 690.8), (109.2, 735.6), (73.0, 744.1), (73.0, 739.4), (73.0, 753.5), (73.0, 738.5), (73.0, 743.2), (73.0, 745.1), (73.0, 738.0), (73.0, 749.8), (73.0, 740.2), (73.0, 740.3), (73.0, 755.0), (73.0, 738.0), (73.0, 745.1), (73.0, 743.2), (73.0, 738.5), (73.0, 752.6), (73.0, 739.2), (73.0, 741.6), (73.0, 747.3), (73.0, 737.9), (73.0, 747.3), (73.0, 741.6), (73.0, 739.2), (73.0, 755.7), (73.0, 738.5), (73.0, 743.2)]",0,6.17
speedrunner,meatboy,8,Stuck,7,0,-40.38,0.104,"[(329.0, 749.0), (333.0, 755.3), (396.3, 755.0), (439.0, 709.1), (439.0, 704.4), (439.0, 718.5), (439.0, 751.5), (411.0, 707.2), (350.0, 671.7), (271.8, 664.7), (265.0, 676.5), (265.0, 707.1), (265.0, 746.8), (293.0, 755.0), (372.3, 755.9), (401.6, 725.9), (342.9, 682.0), (263.0, 656.8), (184.2, 657.4), (109.9, 679.8), (73.0, 718.2), (73.0, 755.0), (73.0, 701.6), (73.0, 667.0), (73.0, 657.6), (73.0, 667.1), (73.0, 695.4), (73.0, 735.0), (73.0, 732.8), (73.0, 686.4), (73.0, 661.3), (73.0, 659.0), (73.0, 675.5), (73.0, 710.2), (73.0, 749.9), (73.0, 713.2), (73.0, 673.9), (73.0, 658.2), (73.0, 663.0), (73.0, 686.5), (73.0, 725.0), (73.0, 747.3), (73.0, 696.2), (73.0, 664.8), (73.0, 657.8), (73.0, 669.6), (73.0, 700.2)]",0,6.18
speedrunner,meatboy,8,Stuck,10,0,-34.74,0.104,"[(329.0, 749.0), (333.0, 755.3), (392.3, 732.8), (429.2, 686.4), (439.0, 672.7), (439.0, 679.8), (439.0, 705.7), (439.0, 750.5), (401.7, 707.2), (323.4, 697.8), (265.0, 707.3), (265.0, 735.6), (278.3, 755.0), (352.3, 755.9), (406.8, 725.9), (375.7, 682.0), (297.1, 660.0), (265.0, 660.0), (265.0, 678.9), (265.0, 716.6), (266.3, 739.9), (219.7, 691.2), (148.7, 669.7), (83.1, 672.1), (73.0, 693.3), (73.0, 730.8), (73.0, 739.9), (73.0, 691.2), (73.0, 661.8), (73.0, 654.8), (73.0, 666.6), (73.0, 697.2), (73.0, 736.9), (73.0, 725.9), (73.0, 682.0), (73.0, 658.3), (73.0, 656.0), (73.0, 672.5), (73.0, 707.2), (73.0, 746.9), (73.0, 713.2), (73.0, 673.9), (73.0, 656.0), (73.0, 658.3), (73.0, 679.6), (73.0, 717.1), (73.0, 755.0), (73.0, 701.6), (73.0, 667.0), (73.0, 654.8), (73.0, 661.9), (73.0, 687.8), (73.0, 727.0), (73.0, 739.9)]",0,7.15
speedrunner,meatboy,8,Stuck,17,0,-39.83,0.104,"[(329.0, 749.0), (333.0, 755.3), (387.6, 726.8), (437.2, 688.0), (439.0, 683.3), (439.0, 697.4), (439.0, 730.4), (435.0, 732.8), (371.9, 700.2), (296.2, 700.2), (265.0, 719.1), (265.0, 755.6), (265.0, 725.3), (265.0, 727.7), (237.0, 748.9), (163.5, 713.2), (94.1, 680.7), (73.0, 678.4), (73.0, 694.9), (73.0, 729.6), (73.0, 745.1), (73.0, 738.0), (73.0, 749.8), (73.0, 740.0), (73.0, 742.3), (73.0, 745.1), (73.0, 738.0), (73.0, 749.8), (73.0, 740.0), (73.0, 742.3), (73.0, 745.1), (73.0, 738.0), (73.0, 749.8), (73.0, 740.0), (73.0, 742.3), (73.0, 745.1), (73.0, 738.0), (73.0, 749.8), (73.0, 740.0), (73.0, 742.3), (73.0, 745.1), (73.0, 738.0), (73.0, 749.8), (73.0, 740.0), (73.0, 742.3), (73.0, 745.1), (73.0, 738.0)]",0,6.22
speedrunner,meatboy,8,Stuck,13,0,-11.26,0.334,"[(329.0, 749.0), (333.0, 755.3), (395.0, 740.2), (439.0, 697.8), (439.0, 693.1), (439.0, 707.2), (439.0, 740.2), (434.2, 740.2), (428.5, 740.3), (429.0, 748.0), (427.4, 697.0), (416.8, 667.0), (350.2, 662.3), (270.4, 676.4), (265.0, 709.2), (265.0, 748.9), (268.5, 713.2), (265.0, 692.8), (258.2, 697.5), (253.9, 721.1), (255.0, 747.3), (262.7, 696.2), (265.0, 664.1), (265.0, 650.7), (265.0, 656.2), (265.0, 680.5), (265.0, 723.7), (268.8, 732.8), (275.1, 686.4), (276.3, 658.9), (276.3, 650.3), (276.3, 660.5), (276.3, 689.5), (276.3, 737.4), (282.2, 719.4), (287.2, 677.8), (287.7, 655.0), (287.7, 651.1), (287.7, 666.0), (287.7, 699.8), (287.7, 752.4), (295.2, 707.2), (298.9, 670.3), (299.0, 655.2), (299.0, 660.0), (299.0, 683.5), (299.0, 726.0), (307.0, 755.0), (376.3, 755.9), (414.7, 707.2), (414.7, 670.3), (414.7, 652.3), (414.7, 653.0), (414.7, 672.7), (414.7, 711.1), (413.4, 747.3), (405.7, 696.2), (399.1, 664.1), (335.0, 654.7), (255.0, 664.1)]",0,7.9
speedrunner,meatboy,8,Stuck,2,0,54.77,0.896,"[(329.0, 749.0), (333.0, 755.3), (396.3, 755.0), (439.0, 709.1), (439.0, 704.4), (439.0, 718.5), (439.0, 751.5), (446.6, 755.2), (499.6, 755.3), (579.6, 755.0), (631.6, 755.9), (631.0, 755.3), (631.0, 755.0), (631.0, 755.9), (631.0, 755.3), (631.0, 755.0), (631.0, 755.9), (631.0, 755.3), (631.0, 755.0), (631.0, 755.9), (631.0, 755.3), (631.0, 755.0), (631.0, 755.9), (631.0, 755.3), (631.0, 755.0), (631.0, 755.9), (631.0, 755.3), (631.0, 755.0), (631.0, 755.9), (631.0, 755.3), (631.0, 755.0), (631.0, 755.9), (631.0, 755.3), (631.0, 755.0), (631.0, 755.9), (631.0, 755.3), (631.0, 755.0), (631.0, 755.9), (631.0, 755.3), (631.0, 755.0), (631.0, 755.9), (631.0, 755.3)]",0,5.48
speedrunner,meatboy,8,Stuck,11,0,-22.9,0.253,"[(329.0, 749.0), (333.0, 755.3), (392.3, 732.8), (439.0, 695.9), (439.0, 693.5), (439.0, 710.0), (439.0, 745.4), (419.0, 713.2), (357.3, 675.6), (288.2, 668.5), (265.0, 680.3), (265.0, 711.0), (265.0, 750.7), (302.3, 755.0), (382.3, 755.9), (420.7, 707.2), (373.8, 670.3), (293.8, 652.3), (265.0, 653.0), (265.0, 672.7), (265.0, 711.1), (266.3, 747.3), (261.7, 696.2), (256.7, 664.1), (247.1, 650.7), (241.4, 656.2), (240.6, 680.5), (240.6, 723.7), (240.6, 732.8), (232.9, 686.4), (230.6, 659.9), (230.6, 655.2), (230.6, 669.4), (230.6, 702.4), (230.6, 754.2), (226.1, 707.2), (221.1, 670.3), (215.8, 660.9), (210.1, 670.4), (209.2, 698.7), (206.7, 745.8), (207.2, 719.7), (201.9, 678.1), (196.3, 668.7), (191.7, 678.1), (185.3, 706.4), (181.5, 753.6)]",0,6.22
speedrunner,meatboy,8,Stuck,11,0,-22.9,0.253,"[(329.0, 749.0), (333.0, 755.3), (392.3, 732.8), (439.0, 695.9), (439.0, 693.5), (439.0, 710.0), (439.0, 745.4), (419.0, 713.2), (357.3, 675.6), (288.2, 668.5), (265.0, 680.3), (265.0, 711.0), (265.0, 750.7), (302.3, 755.0), (382.3, 755.9), (420.7, 707.2), (373.8, 670.3), (293.8, 652.3), (265.0, 653.0), (265.0, 672.7), (265.0, 711.1), (266.3, 747.3), (261.7, 696.2), (256.7, 664.1), (247.1, 650.7), (241.4, 656.2), (240.6, 680.5), (240.6, 723.7), (240.6, 732.8), (232.9, 686.4), (230.6, 659.9), (230.6, 655.2), (230.6, 669.4), (230.6, 702.4), (230.6, 754.2), (226.1, 707.2), (221.1, 670.3), (215.8, 660.9), (210.1, 670.4), (209.2, 698.7), (206.7, 745.8), (207.2, 719.7), (201.9, 678.1), (196.3, 668.7), (191.7, 678.1), (185.3, 706.4), (181.5, 753.6)]",0,6.22
speedrunner,meatboy,8,Stuck,13,0,-11.26,0.334,"[(329.0, 749.0), (333.0, 755.3), (395.0, 740.2), (439.0, 697.8), (439.0, 693.1), (439.0, 707.2), (439.0, 740.2), (434.2, 740.2), (428.5, 740.3), (429.0, 748.0), (427.4, 697.0), (416.8, 667.0), (350.2, 662.3), (270.4, 676.4), (265.0, 709.2), (265.0, 748.9), (268.5, 713.2), (265.0, 692.8), (258.2, 697.5), (253.9, 721.1), (255.0, 747.3), (262.7, 696.2), (265.0, 664.1), (265.0, 650.7), (265.0, 656.2), (265.0, 680.5), (265.0, 723.7), (268.8, 732.8), (275.1, 686.4), (276.3, 658.9), (276.3, 650.3), (276.3, 660.5), (276.3, 689.5), (276.3, 737.4), (282.2, 719.4), (287.2, 677.8), (287.7, 655.0), (287.7, 651.1), (287.7, 666.0), (287.7, 699.8), (287.7, 752.4), (295.2, 707.2), (298.9, 670.3), (299.0, 655.2), (299.0, 660.0), (299.0, 683.5), (299.0, 726.0), (307.0, 755.0), (376.3, 755.9), (414.7, 707.2), (414.7, 670.3), (414.7, 652.3), (414.7, 653.0), (414.7, 672.7), (414.7, 711.1), (413.4, 747.3), (405.7, 696.2), (399.1, 664.1), (335.0, 654.7), (255.0, 664.1)]",0,7.9
speedrunner,meatboy,8,Stuck,10,0,-34.74,0.104,"[(329.0, 749.0), (333.0, 755.3), (392.3, 732.8), (429.2, 686.4), (439.0, 672.7), (439.0, 679.8), (439.0, 705.7), (439.0, 750.5), (401.7, 707.2), (323.4, 697.8), (265.0, 707.3), (265.0, 735.6), (278.3, 755.0), (352.3, 755.9), (406.8, 725.9), (375.7, 682.0), (297.1, 660.0), (265.0, 660.0), (265.0, 678.9), (265.0, 716.6), (266.3, 739.9), (219.7, 691.2), (148.7, 669.7), (83.1, 672.1), (73.0, 693.3), (73.0, 730.8), (73.0, 739.9), (73.0, 691.2), (73.0, 661.8), (73.0, 654.8), (73.0, 666.6), (73.0, 697.2), (73.0, 736.9), (73.0, 725.9), (73.0, 682.0), (73.0, 658.3), (73.0, 656.0), (73.0, 672.5), (73.0, 707.2), (73.0, 746.9), (73.0, 713.2), (73.0, 673.9), (73.0, 656.0), (73.0, 658.3), (73.0, 679.6), (73.0, 717.1), (73.0, 755.0), (73.0, 701.6), (73.0, 667.0), (73.0, 654.8), (73.0, 661.9), (73.0, 687.8), (73.0, 727.0), (73.0, 739.9)]",0,7.15
speedrunner,meatboy,8,Stuck,7,0,-40.38,0.104,"[(329.0, 749.0), (333.0, 755.3), (396.3, 755.0), (439.0, 709.1), (439.0, 704.4), (439.0, 718.5), (439.0, 751.5), (411.0, 707.2), (350.0, 671.7), (271.8, 664.7), (265.0, 676.5), (265.0, 707.1), (265.0, 746.8), (293.0, 755.0), (372.3, 755.9), (401.6, 725.9), (342.9, 682.0), (263.0, 656.8), (184.2, 657.4), (109.9, 679.8), (73.0, 718.2), (73.0, 755.0), (73.0, 701.6), (73.0, 667.0), (73.0, 657.6), (73.0, 667.1), (73.0, 695.4), (73.0, 735.0), (73.0, 732.8), (73.0, 686.4), (73.0, 661.3), (73.0, 659.0), (73.0, 675.5), (73.0, 710.2), (73.0, 749.9), (73.0, 713.2), (73.0, 673.9), (73.0, 658.2), (73.0, 663.0), (73.0, 686.5), (73.0, 725.0), (73.0, 747.3), (73.0, 696.2), (73.0, 664.8), (73.0, 657.8), (73.0, 669.6), (73.0, 700.2)]",0,6.18
speedrunner,meatboy,8,Stuck,12,0,6.14,0.517,"[(329.0, 749.0), (333.0, 755.3), (396.3, 755.0), (439.0, 709.1), (439.0, 704.4), (439.0, 718.5), (439.0, 751.5), (432.2, 738.5), (427.9, 743.2), (431.4, 733.5), (425.3, 687.2), (420.3, 673.5), (419.8, 680.5), (419.8, 706.5), (419.8, 751.3), (422.0, 707.2), (414.3, 679.4), (412.0, 679.4), (412.0, 698.3), (412.0, 736.0), (415.6, 725.9), (408.8, 690.5), (404.4, 688.2), (404.2, 704.7), (404.2, 740.1), (398.3, 719.4), (393.3, 689.2), (392.8, 689.2), (392.8, 708.1), (387.0, 745.8), (394.0, 719.7), (389.5, 689.5), (383.2, 689.5), (381.9, 708.4), (378.2, 746.1), (383.9, 719.7), (380.9, 693.8), (373.3, 696.2), (370.9, 717.4), (362.6, 755.0), (371.5, 707.5), (364.7, 683.4)]",0,5.48
speedrunner,meatboy,8,Stuck,12,0,15.73,0.632,"[(329.0, 749.0), (333.0, 755.3), (394.8, 732.8), (439.0, 695.9), (439.0, 693.5), (439.0, 710.0), (439.0, 745.4), (433.2, 713.2), (428.2, 673.9), (388.8, 661.1), (308.8, 668.2), (265.0, 694.1), (265.0, 733.3), (268.8, 732.8), (265.0, 695.9), (261.2, 693.5), (254.9, 710.0), (253.7, 745.4), (260.4, 713.2), (264.8, 673.9), (265.0, 653.5), (265.0, 651.9), (265.0, 669.2), (265.0, 705.3), (265.0, 755.0), (273.3, 701.6), (276.3, 667.0), (276.3, 651.3), (276.3, 654.5), (276.3, 676.4), (276.3, 717.3), (278.9, 739.9), (285.9, 691.2), (287.7, 661.4), (287.7, 650.4), (287.7, 658.2), (287.7, 684.9), (287.7, 730.4), (292.5, 725.9), (298.2, 682.0), (299.0, 658.3), (299.0, 656.0), (299.0, 672.5), (299.0, 707.9), (299.0, 755.0), (346.3, 755.9), (418.3, 725.9), (432.1, 682.0), (432.6, 656.8), (432.6, 650.5), (432.6, 663.1), (432.6, 694.5), (432.6, 744.7), (439.3, 713.2), (443.7, 685.9), (443.9, 701.2), (443.9, 735.4)]",0,7.55
speedrunner,meatboy,8,Stuck,10,0,-34.74,0.104,"[(329.0, 749.0), (333.0, 755.3), (392.3, 732.8), (429.2, 686.4), (439.0, 672.7), (439.0, 679.8), (439.0, 705.7), (439.0, 750.5), (401.7, 707.2), (323.4, 697.8), (265.0, 707.3), (265.0, 735.6), (278.3, 755.0), (352.3, 755.9), (406.8, 725.9), (375.7, 682.0), (297.1, 662.2), (265.0, 664.6), (265.0, 685.9), (265.0, 725.9), (265.0, 732.8), (210.6, 686.4), (140.2, 669.0), (75.2, 673.7), (73.0, 697.3), (73.0, 735.8), (73.0, 732.8), (73.0, 686.4), (73.0, 659.9), (73.0, 655.2), (73.0, 669.4), (73.0, 702.2), (73.0, 741.9), (73.0, 719.4), (73.0, 677.8), (73.0, 657.0), (73.0, 657.0), (73.0, 675.9), (73.0, 712.1), (73.0, 751.8), (73.0, 707.2), (73.0, 670.3), (73.0, 655.2), (73.0, 660.0), (73.0, 683.5), (73.0, 722.1), (73.0, 747.3), (73.0, 696.2), (73.0, 664.1), (73.0, 654.7), (73.0, 664.1), (73.0, 692.4), (73.0, 732.0), (73.0, 732.8)]",0,7.15
speedrunner,meatboy,8,Stuck,12,0,-40.08,0.104,"[(329.0, 749.0), (333.0, 755.3), (392.3, 732.8), (439.0, 695.9), (439.0, 693.5), (439.0, 710.0), (439.0, 745.4), (411.0, 713.2), (338.7, 675.6), (265.0, 668.5), (265.0, 680.3), (265.0, 711.0), (265.0, 750.7), (302.3, 755.0), (382.3, 755.9), (405.2, 707.2), (345.8, 670.3), (265.9, 652.3), (265.0, 653.0), (265.0, 672.7), (256.7, 711.1), (255.5, 755.3), (314.2, 755.0), (392.9, 739.9), (414.2, 691.2), (354.2, 664.6), (274.2, 662.3), (194.2, 678.8), (115.0, 714.1), (73.0, 755.0), (73.0, 738.0), (73.0, 745.1), (73.0, 743.2), (73.0, 738.5), (73.0, 752.6), (73.0, 739.2), (73.0, 741.6), (73.0, 747.3), (73.0, 737.9), (73.0, 747.3), (73.0, 741.6), (73.0, 739.2), (73.0, 755.7), (73.0, 738.5), (73.0, 743.2), (73.0, 745.1), (73.0, 738.0)]",0,6.17
speedrunner,meatboy,8,Stuck,3,0,54.8,0.896,"[(329.0, 749.0), (333.0, 755.3), (392.3, 732.8), (439.0, 695.9), (439.0, 693.5), (439.0, 710.0), (439.0, 745.4), (445.8, 753.4), (489.6, 755.0), (569.6, 755.9), (631.0, 755.3), (631.0, 755.0), (631.0, 755.9), (631.0, 755.3), (631.0, 755.0), (631.0, 755.9), (631.0, 755.3), (631.0, 755.0), (631.0, 755.9), (631.0, 755.3), (631.0, 755.0), (631.0, 755.9), (631.0, 755.3), (631.0, 755.0), (631.0, 755.9), (631.0, 755.3), (631.0, 755.0), (631.0, 755.9), (631.0, 755.3), (631.0, 755.0), (631.0, 755.9), (631.0, 755.3), (631.0, 755.0), (631.0, 755.9), (631.0, 755.3), (631.0, 755.0), (631.0, 755.9), (631.0, 755.3), (631.0, 755.0), (631.0, 755.9), (631.0, 755.3)]",0,5.35
speedrunner,meatboy,8,Stuck,14,0,-40.57,0.104,"[(329.0, 749.0), (333.0, 755.3), (392.3, 732.8), (439.0, 695.9), (439.0, 693.5), (439.0, 710.0), (439.0, 745.4), (419.0, 713.2), (347.4, 675.6), (271.8, 668.5), (265.0, 680.3), (265.0, 711.0), (265.0, 750.7), (266.6, 717.2), (265.0, 710.2), (257.4, 722.0), (253.8, 752.6), (258.9, 713.5), (242.7, 674.2), (182.1, 661.4), (122.7, 668.5), (73.0, 694.4), (73.0, 733.6), (73.0, 743.2), (73.0, 738.5), (73.0, 752.6), (73.0, 739.2), (73.0, 744.0), (73.0, 743.2), (73.0, 738.5), (73.0, 752.6), (73.0, 739.2), (73.0, 744.0), (73.0, 743.2), (73.0, 738.5), (73.0, 752.6), (73.0, 739.2), (73.0, 744.0), (73.0, 743.2), (73.0, 738.5), (73.0, 752.6), (73.0, 739.2), (73.0, 744.0), (73.0, 743.2), (73.0, 738.5), (73.0, 752.6), (73.0, 739.2)]",0,6.18
speedrunner,meatboy,8,Stuck,14,0,-40.57,0.104,"[(329.0, 749.0), (333.0, 755.3), (392.3, 732.8), (439.0, 695.9), (439.0, 693.5), (439.0, 710.0), (439.0, 745.4), (419.0, 713.2), (347.4, 675.6), (271.8, 668.5), (265.0, 680.3), (265.0, 711.0), (265.0, 750.7), (266.6, 717.2), (265.0, 710.2), (257.4, 722.0), (253.8, 752.6), (258.9, 713.5), (242.7, 674.2), (182.1, 661.4), (122.7, 668.5), (73.0, 694.4), (73.0, 733.6), (73.0, 743.2), (73.0, 738.5), (73.0, 752.6), (73.0, 739.2), (73.0, 744.0), (73.0, 743.2), (73.0, 738.5), (73.0, 752.6), (73.0, 739.2), (73.0, 744.0), (73.0, 743.2), (73.0, 738.5), (73.0, 752.6), (73.0, 739.2), (73.0, 744.0), (73.0, 743.2), (73.0, 738.5), (73.0, 752.6), (73.0, 739.2), (73.0, 744.0), (73.0, 743.2), (73.0, 738.5), (73.0, 752.6), (73.0, 739.2)]",0,6.18
speedrunner,meatboy,8,Stuck,12,0,-40.08,0.104,"[(329.0, 749.0), (333.0, 755.3), (392.3, 732.8), (439.0, 695.9), (439.0, 693.5), (439.0, 710.0), (439.0, 745.4), (411.0, 713.2), (338.7, 675.6), (265.0, 668.5), (265.0, 680.3), (265.0, 711.0), (265.0, 750.7), (302.3, 755.0), (382.3, 755.9), (405.2, 707.2), (345.8, 670.3), (265.9, 652.3), (265.0, 653.0), (265.0, 672.7), (256.7, 711.1), (255.5, 755.3), (314.2, 755.0), (392.9, 739.9), (414.2, 691.2), (354.2, 664.6), (274.2, 662.3), (194.2, 678.8), (115.0, 714.1), (73.0, 755.0), (73.0, 738.0), (73.0, 745.1), (73.0, 743.2), (73.0, 738.5), (73.0, 752.6), (73.0, 739.2), (73.0, 741.6), (73.0, 747.3), (73.0, 737.9), (73.0, 747.3), (73.0, 741.6), (73.0, 739.2), (73.0, 755.7), (73.0, 738.5), (73.0, 743.2), (73.0, 745.1), (73.0, 738.0)]",0,6.17
speedrunner,meatboy,8,Stuck,10,0,-34.74,0.104,"[(329.0, 749.0), (333.0, 755.3), (392.3, 732.8), (429.2, 686.4), (439.0, 672.7), (439.0, 679.8), (439.0, 705.7), (439.0, 750.5), (401.7, 707.2), (323.4, 697.8), (265.0, 707.3), (265.0, 735.6), (278.3, 755.0), (352.3, 755.9), (406.8, 725.9), (375.7, 682.0), (297.1, 662.2), (265.0, 664.6), (265.0, 685.9), (265.0, 725.9), (265.0, 732.8), (210.6, 686.4), (140.2, 669.0), (75.2, 673.7), (73.0, 697.3), (73.0, 735.8), (73.0, 732.8), (73.0, 686.4), (73.0, 659.9), (73.0, 655.2), (73.0, 669.4), (73.0, 702.2), (73.0, 741.9), (73.0, 719.4), (73.0, 677.8), (73.0, 657.0), (73.0, 657.0), (73.0, 675.9), (73.0, 712.1), (73.0, 751.8), (73.0, 707.2), (73.0, 670.3), (73.0, 655.2), (73.0, 660.0), (73.0, 683.5), (73.0, 722.1), (73.0, 747.3), (73.0, 696.2), (73.0, 664.1), (73.0, 654.7), (73.0, 664.1), (73.0, 692.4), (73.0, 732.0), (73.0, 732.8)]",0,7.15
speedrunner,meatboy,8,Stuck,12,0,15.73,0.632,"[(329.0, 749.0), (333.0, 755.3), (394.8, 732.8), (439.0, 695.9), (439.0, 693.5), (439.0, 710.0), (439.0, 745.4), (433.2, 713.2), (428.2, 673.9), (388.8, 661.1), (308.8, 668.2), (265.0, 694.1), (265.0, 733.3), (268.8, 732.8), (265.0, 695.9), (261.2, 693.5), (254.9, 710.0), (253.7, 745.4), (260.4, 713.2), (264.8, 673.9), (265.0, 653.5), (265.0, 651.9), (265.0, 669.2), (265.0, 705.3), (265.0, 755.0), (273.3, 701.6), (276.3, 667.0), (276.3, 651.3), (276.3, 654.5), (276.3, 676.4), (276.3, 717.3), (278.9, 739.9), (285.9, 691.2), (287.7, 661.4), (287.7, 650.4), (287.7, 658.2), (287.7, 684.9), (287.7, 730.4), (292.5, 725.9), (298.2, 682.0), (299.0, 658.3), (299.0, 656.0), (299.0, 672.5), (299.0, 707.9), (299.0, 755.0), (346.3, 755.9), (418.3, 725.9), (432.1, 682.0), (432.6, 656.8), (432.6, 650.5), (432.6, 663.1), (432.6, 694.5), (432.6, 744.7), (439.3, 713.2), (443.7, 685.9), (443.9, 701.2), (443.9, 735.4)]",0,7.55
speedrunner,meatboy,8,Stuck,17,0,-36.47,0.104,"[(329.0, 749.0), (333.0, 755.3), (395.0, 740.2), (439.0, 697.8), (439.0, 693.1), (439.0, 707.2), (439.0, 740.2), (425.7, 740.2), (351.7, 740.3), (273.6, 755.0), (275.5, 755.9), (350.5, 755.3), (422.5, 726.8), (431.0, 682.9), (409.4, 663.1), (331.8, 665.5), (265.0, 686.7), (265.0, 724.3), (266.3, 747.3), (265.0, 723.9), (263.7, 728.7), (256.0, 752.3), (257.2, 713.5), (251.1, 674.2), (214.9, 653.8), (162.8, 652.2), (116.0, 669.5), (74.6, 705.6), (73.0, 746.2), (73.0, 739.2), (73.0, 741.6), (73.0, 745.8), (73.0, 738.8), (73.0, 750.6), (73.0, 739.2), (73.0, 741.6), (73.0, 745.8), (73.0, 738.8), (73.0, 750.6), (73.0, 739.2), (73.0, 741.6), (73.0, 745.8), (73.0, 738.8), (73.0, 750.6), (73.0, 739.2), (73.0, 741.6), (73.0, 745.8), (73.0, 738.8), (73.0, 750.6), (73.0, 739.2), (73.0, 741.6)]",0,6.78
speedrunner,meatboy,8,Stuck,2,0,55.95,0.888,"[(329.0, 749.0), (333.0, 755.3), (396.3, 755.0), (454.4, 749.3), (491.6, 755.9), (570.5, 755.3), (622.5, 755.0), (625.5, 755.9), (625.5, 755.3), (625.5, 755.0), (625.5, 755.9), (625.5, 755.3), (625.5, 755.0), (625.5, 755.9), (625.5, 755.3), (625.5, 755.0), (625.5, 755.9), (625.5, 755.3), (625.5, 755.0), (625.5, 755.9), (625.5, 755.3), (625.5, 755.0), (625.5, 755.9), (625.5, 755.3), (625.5, 755.0), (625.5, 755.9), (625.5, 755.3), (625.5, 755.0), (625.5, 755.9), (625.5, 755.3), (625.5, 755.0), (625.5, 755.9), (625.5, 755.3), (625.5, 755.0), (625.5, 755.9), (625.5, 755.3), (625.5, 755.0), (625.5, 755.9), (625.5, 755.3), (625.5, 755.0)]",0,5.3
speedrunner,meatboy,8,Stuck,10,0,-45.99,0.104,"[(329.0, 749.0), (333.0, 755.3), (353.8, 708.1), (348.8, 672.6), (284.8, 665.6), (265.0, 677.4), (265.0, 708.0), (265.0, 747.7), (265.0, 727.0), (265.0, 724.7), (258.2, 741.2), (254.3, 725.9), (247.5, 682.0), (224.8, 658.3), (194.7, 656.0), (169.9, 672.5), (150.5, 707.9), (136.4, 755.0), (128.3, 707.5), (123.5, 679.7), (118.3, 679.7), (112.6, 698.6), (108.0, 736.3), (102.9, 725.9), (100.5, 682.0), (92.2, 668.5), (89.2, 675.6), (81.6, 701.6), (77.9, 746.3), (73.0, 721.8), (73.0, 717.1), (73.0, 731.3), (73.0, 747.3), (73.0, 696.2), (73.0, 664.1), (73.0, 650.7), (73.0, 656.2), (73.0, 680.5), (73.0, 719.3), (73.0, 755.0), (73.0, 701.6), (73.0, 667.0)]",0,5.53
speedrunner,meatboy,8,Stuck,13,0,-11.26,0.334,"[(329.0, 749.0), (333.0, 755.3), (395.0, 740.2), (439.0, 697.8), (439.0, 693.1), (439.0, 707.2), (439.0, 740.2), (434.2, 740.2), (428.5, 740.3), (429.0, 748.0), (427.4, 697.0), (416.8, 667.0), (350.2, 662.3), (270.4, 676.4), (265.0, 709.2), (265.0, 748.9), (268.5, 713.2), (265.0, 692.8), (258.2, 697.5), (253.9, 721.1), (255.0, 747.3), (262.7, 696.2), (265.0, 664.1), (265.0, 650.7), (265.0, 656.2), (265.0, 680.5), (265.0, 723.7), (268.8, 732.8), (275.1, 686.4), (276.3, 658.9), (276.3, 650.3), (276.3, 660.5), (276.3, 689.5), (276.3, 737.4), (282.2, 719.4), (287.2, 677.8), (287.7, 655.0), (287.7, 651.1), (287.7, 666.0), (287.7, 699.8), (287.7, 752.4), (295.2, 707.2), (298.9, 670.3), (299.0, 655.2), (299.0, 660.0), (299.0, 683.5), (299.0, 726.0), (307.0, 755.0), (376.3, 755.9), (414.7, 707.2), (414.7, 670.3), (414.7, 652.3), (414.7, 653.0), (414.7, 672.7), (414.7, 711.1), (413.4, 747.3), (405.7, 696.2), (399.1, 664.1), (335.0, 654.7), (255.0, 664.1)]",0,7.9
speedrunner,meatboy,8,Stuck,10,0,-34.74,0.104,"[(329.0, 749.0), (333.0, 755.3), (392.3, 732.8), (429.2, 686.4), (439.0, 672.7), (439.0, 679.8), (439.0, 705.7), (439.0, 750.5), (401.7, 707.2), (323.4, 697.8), (265.0, 707.3), (265.0, 735.6), (278.3, 755.0), (352.3, 755.9), (406.8, 725.9), (375.7, 682.0), (297.1, 660.0), (265.0, 660.0), (265.0, 678.9), (265.0, 716.6), (266.3, 739.9), (219.7, 691.2), (148.7, 669.7), (83.1, 672.1), (73.0, 693.3), (73.0, 730.8), (73.0, 739.9), (73.0, 691.2), (73.0, 661.8), (73.0, 654.8), (73.0, 666.6), (73.0, 697.2), (73.0, 736.9), (73.0, 725.9), (73.0, 682.0), (73.0, 658.3), (73.0, 656.0), (73.0, 672.5), (73.0, 707.2), (73.0, 746.9), (73.0, 713.2), (73.0, 673.9), (73.0, 656.0), (73.0, 658.3), (73.0, 679.6), (73.0, 717.1), (73.0, 755.0), (73.0, 701.6), (73.0, 667.0), (73.0, 654.8), (73.0, 661.9), (73.0, 687.8), (73.0, 727.0), (73.0, 739.9)]",0,7.15
speedrunner,meatboy,8,Stuck,2,0,54.8,0.896,"[(329.0, 749.0), (333.0, 755.3), (392.3, 732.8), (439.0, 695.9), (439.0, 693.5), (439.0, 710.0), (439.0, 745.4), (445.8, 753.4), (489.6, 755.0), (569.6, 755.9), (631.0, 755.3), (631.0, 755.0), (631.0, 755.9), (631.0, 755.3), (631.0, 755.0), (631.0, 755.9), (631.0, 755.3), (631.0, 755.0), (631.0, 755.9), (631.0, 755.3), (631.0, 755.0), (631.0, 755.9), (631.0, 755.3), (631.0, 755.0), (631.0, 755.9), (631.0, 755.3), (631.0, 755.0), (631.0, 755.9), (631.0, 755.3), (631.0, 755.0), (631.0, 755.9), (631.0, 755.3), (631.0, 755.0), (631.0, 755.9), (631.0, 755.3), (631.0, 755.0), (631.0, 755.9), (631.0, 755.3), (631.0, 755.0), (631.0, 755.9), (631.0, 755.3)]",0,5.35
speedrunner,meatboy,8,Stuck,10,0,-34.74,0.104,"[(329.0, 749.0), (333.0, 755.3), (392.3, 732.8), (429.2, 686.4), (439.0, 672.7), (439.0, 679.8), (439.0, 705.7), (439.0, 750.5), (401.7, 707.2), (323.4, 697.8), (265.0, 707.3), (265.0, 735.6), (278.3, 755.0), (352.3, 755.9), (406.8, 725.9), (375.7, 682.0), (297.1, 660.0), (265.0, 660.0), (265.0, 678.9), (265.0, 716.6), (266.3, 739.9), (219.7, 691.2), (148.7, 669.7), (83.1, 672.1), (73.0, 693.3), (73.0, 730.8), (73.0, 739.9), (73.0, 691.2), (73.0, 661.8), (73.0, 654.8), (73.0, 666.6), (73.0, 697.2), (73.0, 736.9), (73.0, 725.9), (73.0, 682.0), (73.0, 658.3), (73.0, 656.0), (73.0, 672.5), (73.0, 707.2), (73.0, 746.9), (73.0, 713.2), (73.0, 673.9), (73.0, 656.0), (73.0, 658.3), (73.0, 679.6), (73.0, 717.1), (73.0, 755.0), (73.0, 701.6), (73.0, 667.0), (73.0, 654.8), (73.0, 661.9), (73.0, 687.8), (73.0, 727.0), (73.0, 739.9)]",0,7.15
speedrunner,meatboy,8,Stuck,13,0,-11.26,0.334,"[(329.0, 749.0), (333.0, 755.3), (395.0, 740.2), (439.0, 697.8), (439.0, 693.1), (439.0, 707.2), (439.0, 740.2), (434.2, 740.2), (428.5, 740.3), (429.0, 748.0), (427.4, 697.0), (416.8, 667.0), (350.2, 662.3), (270.4, 676.4), (265.0, 709.2), (265.0, 748.9), (268.5, 713.2), (265.0, 692.8), (258.2, 697.5), (253.9, 721.1), (255.0, 747.3), (262.7, 696.2), (265.0, 664.1), (265.0, 650.7), (265.0, 656.2), (265.0, 680.5), (265.0, 723.7), (268.8, 732.8), (275.1, 686.4), (276.3, 658.9), (276.3, 650.3), (276.3, 660.5), (276.3, 689.5), (276.3, 737.4), (282.2, 719.4), (287.2, 677.8), (287.7, 655.0), (287.7, 651.1), (287.7, 666.0), (287.7, 699.8), (287.7, 752.4), (295.2, 707.2), (298.9, 670.3), (299.0, 655.2), (299.0, 660.0), (299.0, 683.5), (299.0, 726.0), (307.0, 755.0), (376.3, 755.9), (414.7, 707.2), (414.7, 670.3), (414.7, 652.3), (414.7, 653.0), (414.7, 672.7), (414.7, 711.1), (413.4, 747.3), (405.7, 696.2), (399.1, 664.1), (335.0, 654.7), (255.0, 664.1)]",0,7.9
speedrunner,meatboy,8,Stuck,10,0,-45.99,0.104,"[(329.0, 749.0), (333.0, 755.3), (353.8, 708.1), (348.8, 672.6), (284.8, 665.6), (265.0, 677.4), (265.0, 708.0), (265.0, 747.7), (265.0, 727.0), (265.0, 724.7), (258.2, 741.2), (254.3, 725.9), (247.5, 682.0), (224.8, 658.3), (194.7, 656.0), (169.9, 672.5), (150.5, 707.9), (136.4, 755.0), (128.3, 707.5), (123.5, 679.7), (118.3, 679.7), (112.6, 698.6), (108.0, 736.3), (102.9, 725.9), (100.5, 682.0), (92.2, 668.5), (89.2, 675.6), (81.6, 701.6), (77.9, 746.3), (73.0, 721.8), (73.0, 717.1), (73.0, 731.3), (73.0, 747.3), (73.0, 696.2), (73.0, 664.1), (73.0, 650.7), (73.0, 656.2), (73.0, 680.5), (73.0, 719.3), (73.0, 755.0), (73.0, 701.6), (73.0, 667.0)]",0,5.53
speedrunner,meatboy,8,Stuck,12,0,15.73,0.632,"[(329.0, 749.0), (333.0, 755.3), (394.8, 732.8), (439.0, 695.9), (439.0, 693.5), (439.0, 710.0), (439.0, 745.4), (433.2, 713.2), (428.2, 673.9), (388.8, 661.1), (308.8, 668.2), (265.0, 694.1), (265.0, 733.3), (268.8, 732.8), (265.0, 695.9), (261.2, 693.5), (254.9, 710.0), (253.7, 745.4), (260.4, 713.2), (264.8, 673.9), (265.0, 653.5), (265.0, 651.9), (265.0, 669.2), (265.0, 705.3), (265.0, 755.0), (273.3, 701.6), (276.3, 667.0), (276.3, 651.3), (276.3, 654.5), (276.3, 676.4), (276.3, 717.3), (278.9, 739.9), (285.9, 691.2), (287.7, 661.4), (287.7, 650.4), (287.7, 658.2), (287.7, 684.9), (287.7, 730.4), (292.5, 725.9), (298.2, 682.0), (299.0, 658.3), (299.0, 656.0), (299.0, 672.5), (299.0, 707.9), (299.0, 755.0), (346.3, 755.9), (418.3, 725.9), (432.1, 682.0), (432.6, 656.8), (432.6, 650.5), (432.6, 663.1), (432.6, 694.5), (432.6, 744.7), (439.3, 713.2), (443.7, 685.9), (443.9, 701.2), (443.9, 735.4)]",0,7.55
speedrunner,meatboy,8,Stuck,2,0,55.36,0.896,"[(329.0, 749.0), (333.0, 755.3), (392.3, 732.8), (439.0, 695.9), (439.0, 693.5), (439.0, 710.0), (439.0, 745.4), (445.8, 753.4), (489.6, 755.0), (569.6, 755.9), (631.0, 755.3), (631.0, 755.0), (631.0, 755.9), (631.0, 755.3), (631.0, 755.0), (631.0, 755.9), (631.0, 755.3), (631.0, 755.0), (631.0, 755.9), (631.0, 755.3), (631.0, 755.0), (631.0, 755.9), (631.0, 755.3), (631.0, 755.0), (631.0, 755.9), (631.0, 755.3), (631.0, 755.0), (631.0, 755.9), (631.0, 755.3), (631.0, 755.0), (631.0, 755.9), (631.0, 755.3), (631.0, 755.0), (631.0, 755.9), (631.0, 755.3), (631.0, 755.0), (631.0, 755.9), (631.0, 755.3), (631.0, 755.0), (631.0, 755.9), (631.0, 755.3)]",0,5.35
speedrunner,meatboy,8,Stuck,13,0,-11.26,0.334,"[(329.0, 749.0), (333.0, 755.3), (395.0, 740.2), (439.0, 697.8), (439.0, 693.1), (439.0, 707.2), (439.0, 740.2), (434.2, 740.2), (428.5, 740.3), (429.0, 748.0), (427.4, 697.0), (416.8, 667.0), (350.2, 662.3), (270.4, 676.4), (265.0, 709.2), (265.0, 748.9), (268.5, 713.2), (265.0, 692.8), (258.2, 697.5), (253.9, 721.1), (255.0, 747.3), (262.7, 696.2), (265.0, 664.1), (265.0, 650.7), (265.0, 656.2), (265.0, 680.5), (265.0, 723.7), (268.8, 732.8), (275.1, 686.4), (276.3, 658.9), (276.3, 650.3), (276.3, 660.5), (276.3, 689.5), (276.3, 737.4), (282.2, 719.4), (287.2, 677.8), (287.7, 655.0), (287.7, 651.1), (287.7, 666.0), (287.7, 699.8), (287.7, 752.4), (295.2, 707.2), (298.9, 670.3), (299.0, 655.2), (299.0, 660.0), (299.0, 683.5), (299.0, 726.0), (307.0, 755.0), (376.3, 755.9), (414.7, 707.2), (414.7, 670.3), (414.7, 652.3), (414.7, 653.0), (414.7, 672.7), (414.7, 711.1), (413.4, 747.3), (405.7, 696.2), (399.1, 664.1), (335.0, 654.7), (255.0, 664.1)]",0,7.9
speedrunner,meatboy,8,Stuck,14,0,-43.81,0.104,"[(329.0, 749.0), (333.0, 755.3), (369.8, 713.2), (396.8, 680.7), (418.5, 678.4), (434.8, 694.9), (439.0, 730.2), (435.0, 732.8), (371.7, 705.1), (292.5, 707.5), (265.0, 728.7), (266.3, 739.9), (265.0, 723.5), (265.0, 730.6), (257.4, 755.0), (244.6, 701.6), (183.2, 672.1), (106.9, 669.7), (73.0, 686.2), (73.0, 720.9), (73.0, 747.9), (73.0, 738.5), (73.0, 748.0), (73.0, 740.2), (73.0, 740.3), (73.0, 748.0), (73.0, 738.6), (73.0, 748.1), (73.0, 740.2), (73.0, 740.3), (73.0, 748.0), (73.0, 738.6), (73.0, 748.1), (73.0, 740.2), (73.0, 740.3), (73.0, 748.0), (73.0, 738.6), (73.0, 748.1), (73.0, 740.2), (73.0, 740.3), (73.0, 748.0), (73.0, 738.6)]",0,5.52
speedrunner,meatboy,8,Stuck,9,0,-20.14,0.306,"[(329.0, 749.0), (333.0, 755.3), (353.8, 708.1), (354.8, 672.6), (295.3, 665.6), (265.0, 677.4), (265.0, 708.0), (265.0, 747.7), (265.0, 727.0), (265.0, 724.7), (258.2, 741.2), (260.9, 733.1), (260.9, 686.7), (260.9, 659.2), (260.9, 655.9), (260.9, 676.0), (260.9, 714.8), (262.2, 739.9), (253.9, 691.2), (250.9, 661.4), (250.9, 650.4), (250.9, 658.2), (250.9, 684.9), (250.9, 730.4), (252.0, 733.1), (249.2, 686.7), (249.2, 659.2), (249.2, 650.6), (249.2, 660.8), (249.2, 689.8), (249.2, 737.7), (249.7, 726.2), (247.5, 682.3), (239.2, 657.1), (236.2, 650.8), (236.2, 663.4), (236.2, 694.8), (234.9, 745.0), (234.7, 719.7), (230.2, 678.1), (223.9, 655.3), (220.1, 651.4)]",0,5.55
speedrunner,meatboy,8,Stuck,13,0,-44.41,0.104,"[(329.0, 749.0), (333.0, 755.3), (369.8, 713.2), (396.8, 680.7), (418.5, 678.4), (434.8, 694.9), (439.0, 730.2), (435.0, 732.8), (371.7, 705.1), (292.5, 707.5), (265.0, 728.7), (266.3, 739.9), (265.0, 723.5), (265.0, 730.6), (257.4, 755.0), (244.6, 701.6), (193.1, 687.9), (147.0, 708.0), (106.2, 746.8), (92.6, 732.8), (89.5, 686.4), (81.9, 677.0), (79.5, 686.5), (73.0, 714.8), (73.0, 754.4), (73.0, 738.5), (73.0, 743.2), (73.0, 743.9), (73.0, 739.2), (73.0, 753.4), (73.0, 738.5), (73.0, 743.2), (73.0, 743.9), (73.0, 739.2), (73.0, 753.4), (73.0, 738.5), (73.0, 743.2), (73.0, 743.9), (73.0, 739.2), (73.0, 753.4), (73.0, 738.5), (73.0, 743.2)]",0,5.52
speedrunner,meatboy,8,Stuck,12,0,15.73,0.632,"[(329.0, 749.0), (333.0, 755.3), (394.8, 732.8), (439.0, 695.9), (439.0, 693.5), (439.0, 710.0), (439.0, 745.4), (433.2, 713.2), (428.2, 673.9), (388.8, 661.1), (308.8, 668.2), (265.0, 694.1), (265.0, 733.3), (268.8, 732.8), (265.0, 695.9), (261.2, 693.5), (254.9, 710.0), (253.7, 745.4), (260.4, 713.2), (264.8, 673.9), (265.0, 653.5), (265.0, 651.9), (265.0, 669.2), (265.0, 705.3), (265.0, 755.0), (273.3, 701.6), (276.3, 667.0), (276.3, 651.3), (276.3, 654.5), (276.3, 676.4), (276.3, 717.3), (278.9, 739.9), (285.9, 691.2), (287.7, 661.4), (287.7, 650.4), (287.7, 658.2), (287.7, 684.9), (287.7, 730.4), (292.5, 725.9), (298.2, 682.0), (299.0, 658.3), (299.0, 656.0), (299.0, 672.5), (299.0, 707.9), (299.0, 755.0), (346.3, 755.9), (418.3, 725.9), (432.1, 682.0), (432.6, 656.8), (432.6, 650.5), (432.6, 663.1), (432.6, 694.5), (432.6, 744.7), (439.3, 713.2), (443.7, 685.9), (443.9, 701.2), (443.9, 735.4)]",0,7.55
speedrunner,meatboy,8,Stuck,12,0,15.73,0.632,"[(329.0, 749.0), (333.0, 755.3), (394.8, 732.8), (439.0, 695.9), (439.0, 693.5), (439.0, 710.0), (439.0, 745.4), (433.2, 713.2), (428.2, 673.9), (388.8, 661.1), (308.8, 668.2), (265.0, 694.1), (265.0, 733.3), (268.8, 732.8), (265.0, 695.9), (261.2, 693.5), (254.9, 710.0), (253.7, 745.4), (260.4, 713.2), (264.8, 673.9), (265.0, 653.5), (265.0, 651.9), (265.0, 669.2), (265.0, 705.3), (265.0, 755.0), (273.3, 701.6), (276.3, 667.0), (276.3, 651.3), (276.3, 654.5), (276.3, 676.4), (276.3, 717.3), (278.9, 739.9), (285.9, 691.2), (287.7, 661.4), (287.7, 650.4), (287.7, 658.2), (287.7, 684.9), (287.7, 730.4), (292.5, 725.9), (298.2, 682.0), (299.0, 658.3), (299.0, 656.0), (299.0, 672.5), (299.0, 707.9), (299.0, 755.0), (346.3, 755.9), (418.3, 725.9), (432.1, 682.0), (432.6, 656.8), (432.6, 650.5), (432.6, 663.1), (432.6, 694.5), (432.6, 744.7), (439.3, 713.2), (443.7, 685.9), (443.9, 701.2), (443.9, 735.4)]",0,7.55
speedrunner,meatboy,8,Stuck,9,0,-20.14,0.306,"[(329.0, 749.0), (333.0, 755.3), (353.8, 708.1), (354.8, 672.6), (295.3, 665.6), (265.0, 677.4), (265.0, 708.0), (265.0, 747.7), (265.0, 727.0), (265.0, 724.7), (258.2, 741.2), (260.9, 733.1), (260.9, 686.7), (260.9, 659.2), (260.9, 655.9), (260.9, 676.0), (260.9, 714.8), (262.2, 739.9), (253.9, 691.2), (250.9, 661.4), (250.9, 650.4), (250.9, 658.2), (250.9, 684.9), (250.9, 730.4), (252.0, 733.1), (249.2, 686.7), (249.2, 659.2), (249.2, 650.6), (249.2, 660.8), (249.2, 689.8), (249.2, 737.7), (249.7, 726.2), (247.5, 682.3), (239.2, 657.1), (236.2, 650.8), (236.2, 663.4), (236.2, 694.8), (234.9, 745.0), (234.7, 719.7), (230.2, 678.1), (223.9, 655.3), (220.1, 651.4)]",0,5.55
speedrunner,meatboy,8,Stuck,13,0,-11.26,0.334,"[(329.0, 749.0), (333.0, 755.3), (395.0, 740.2), (439.0, 697.8), (439.0, 693.1), (439.0, 707.2), (439.0, 740.2), (434.2, 740.2), (428.5, 740.3), (429.0, 748.0), (427.4, 697.0), (416.8, 667.0), (350.2, 662.3), (270.4, 676.4), (265.0, 709.2), (265.0, 748.9), (268.5, 713.2), (265.0, 692.8), (258.2, 697.5), (253.9, 721.1), (255.0, 747.3), (262.7, 696.2), (265.0, 664.1), (265.0, 650.7), (265.0, 656.2), (265.0, 680.5), (265.0, 723.7), (268.8, 732.8), (275.1, 686.4), (276.3, 658.9), (276.3, 650.3), (276.3, 660.5), (276.3, 689.5), (276.3, 737.4), (282.2, 719.4), (287.2, 677.8), (287.7, 655.0), (287.7, 651.1), (287.7, 666.0), (287.7, 699.8), (287.7, 752.4), (295.2, 707.2), (298.9, 670.3), (299.0, 655.2), (299.0, 660.0), (299.0, 683.5), (299.0, 726.0), (307.0, 755.0), (376.3, 755.9), (414.7, 707.2), (414.7, 670.3), (414.7, 652.3), (414.7, 653.0), (414.7, 672.7), (414.7, 711.1), (413.4, 747.3), (405.7, 696.2), (399.1, 664.1), (335.0, 654.7), (255.0, 664.1)]",0,7.9
speedrunner,meatboy,8,Stuck,12,0,15.73,0.632,"[(329.0, 749.0), (333.0, 755.3), (394.8, 732.8), (439.0, 695.9), (439.0, 693.5), (439.0, 710.0), (439.0, 745.4), (433.2, 713.2), (428.2, 673.9), (388.8, 661.1), (308.8, 668.2), (265.0, 694.1), (265.0, 733.3), (268.8, 732.8), (265.0, 695.9), (261.2, 693.5), (254.9, 710.0), (253.7, 745.4), (260.4, 713.2), (264.8, 673.9), (265.0, 653.5), (265.0, 651.9), (265.0, 669.2), (265.0, 705.3), (265.0, 755.0), (273.3, 701.6), (276.3, 667.0), (276.3, 651.3), (276.3, 654.5), (276.3, 676.4), (276.3, 717.3), (278.9, 739.9), (285.9, 691.2), (287.7, 661.4), (287.7, 650.4), (287.7, 658.2), (287.7, 684.9), (287.7, 730.4), (292.5, 725.9), (298.2, 682.0), (299.0, 658.3), (299.0, 656.0), (299.0, 672.5), (299.0, 707.9), (299.0, 755.0), (346.3, 755.9), (418.3, 725.9), (432.1, 682.0), (432.6, 656.8), (432.6, 650.5), (432.6, 663.1), (432.6, 694.5), (432.6, 744.7), (439.3, 713.2), (443.7, 685.9), (443.9, 701.2), (443.9, 735.4)]",0,7.55
speedrunner,meatboy,8,Stuck,11,0,39.53,0.888,"[(329.0, 749.0), (333.0, 755.3), (394.8, 732.8), (439.0, 695.9), (439.0, 693.5), (439.0, 710.0), (439.0, 745.4), (433.2, 713.2), (428.2, 673.9), (388.8, 661.1), (308.8, 668.2), (265.0, 694.1), (265.0, 733.3), (268.8, 732.8), (265.0, 695.9), (261.2, 693.5), (254.9, 710.0), (253.7, 745.4), (260.4, 713.2), (264.8, 673.9), (265.0, 653.5), (265.0, 651.9), (265.0, 669.2), (265.0, 705.3), (265.0, 755.0), (273.3, 701.6), (276.3, 667.0), (276.3, 651.3), (276.3, 654.5), (276.3, 676.4), (276.3, 717.3), (278.9, 739.9), (285.9, 691.2), (287.7, 661.4), (287.7, 650.4), (287.7, 658.2), (287.7, 684.9), (287.7, 730.4), (301.0, 755.3), (375.0, 755.0), (427.0, 707.5), (431.2, 670.6), (431.2, 652.6), (431.2, 653.3), (431.2, 673.0), (431.2, 711.4), (432.6, 747.3), (440.2, 696.2), (442.6, 689.4), (442.6, 711.8), (442.6, 753.0), (479.9, 755.3), (559.9, 755.0), (618.9, 755.9), (624.9, 755.3), (624.9, 755.0), (624.9, 755.9)]",0,7.55
speedrunner,meatboy,8,Stuck,12,0,15.73,0.632,"[(329.0, 749.0), (333.0, 755.3), (394.8, 732.8), (439.0, 695.9), (439.0, 693.5), (439.0, 710.0), (439.0, 745.4), (433.2, 713.2), (428.2, 673.9), (388.8, 661.1), (308.8, 668.2), (265.0, 694.1), (265.0, 733.3), (268.8, 732.8), (265.0, 695.9), (261.2, 693.5), (254.9, 710.0), (253.7, 745.4), (260.4, 713.2), (264.8, 673.9), (265.0, 653.5), (265.0, 651.9), (265.0, 669.2), (265.0, 705.3), (265.0, 755.0), (273.3, 701.6), (276.3, 667.0), (276.3, 651.3), (276.3, 654.5), (276.3, 676.4), (276.3, 717.3), (278.9, 739.9), (285.9, 691.2), (287.7, 661.4), (287.7, 650.4), (287.7, 658.2), (287.7, 684.9), (287.7, 730.4), (292.5, 725.9), (298.2, 682.0), (299.0, 658.3), (299.0, 656.0), (299.0, 672.5), (299.0, 707.9), (299.0, 755.0), (346.3, 755.9), (418.3, 725.9), (432.1, 682.0), (432.6, 656.8), (432.6, 650.5), (432.6, 663.1), (432.6, 694.5), (432.6, 744.7), (439.3, 713.2), (443.7, 685.9), (443.9, 701.2), (443.9, 735.4)]",0,7.55
speedrunner,meatboy,8,Stuck,11,0,18.72,0.632,"[(329.0, 749.0), (333.0, 755.3), (394.8, 732.8), (439.0, 695.9), (439.0, 693.5), (439.0, 710.0), (439.0, 745.4), (433.2, 713.2), (428.2, 673.9), (388.8, 658.2), (308.8, 663.0), (265.0, 686.5), (265.0, 725.0), (269.0, 747.3), (272.4, 699.4), (263.7, 692.4), (256.0, 704.2), (253.7, 734.8), (258.5, 725.9), (264.2, 682.0), (265.0, 656.8), (265.0, 650.5), (265.0, 663.1), (265.0, 694.5), (265.0, 744.7), (271.8, 713.2), (276.1, 673.9), (276.3, 653.5), (276.3, 651.9), (276.3, 669.2), (276.3, 705.3), (276.3, 755.0), (284.7, 701.6), (287.7, 667.0), (287.7, 651.3), (287.7, 654.5), (287.7, 676.4), (287.7, 717.3), (290.2, 739.9), (297.2, 691.2), (299.0, 661.4), (299.0, 650.4), (299.0, 658.2), (299.0, 684.9), (299.0, 730.4), (312.3, 755.3), (386.3, 755.0), (432.7, 701.6)]",0,6.38
speedrunner,meatboy,8,Stuck,13,0,-11.26,0.334,"[(329.0, 749.0), (333.0, 755.3), (395.0, 740.2), (439.0, 697.8), (439.0, 693.1), (439.0, 707.2), (439.0, 740.2), (434.2, 740.2), (428.5, 740.3), (429.0, 748.0), (427.4, 697.0), (416.8, 667.0), (350.2, 662.3), (270.4, 676.4), (265.0, 709.2), (265.0, 748.9), (268.5, 713.2), (265.0, 692.8), (258.2, 697.5), (253.9, 721.1), (255.0, 747.3), (262.7, 696.2), (265.0, 664.1), (265.0, 650.7), (265.0, 656.2), (265.0, 680.5), (265.0, 723.7), (268.8, 732.8), (275.1, 686.4), (276.3, 658.9), (276.3, 650.3), (276.3, 660.5), (276.3, 689.5), (276.3, 737.4), (282.2, 719.4), (287.2, 677.8), (287.7, 655.0), (287.7, 651.1), (287.7, 666.0), (287.7, 699.8), (287.7, 752.4), (295.2, 707.2), (298.9, 670.3), (299.0, 655.2), (299.0, 660.0), (299.0, 683.5), (299.0, 726.0), (307.0, 755.0), (376.3, 755.9), (414.7, 707.2), (414.7, 670.3), (414.7, 652.3), (414.7, 653.0), (414.7, 672.7), (414.7, 711.1), (413.4, 747.3), (405.7, 696.2), (399.1, 664.1), (335.0, 654.7), (255.0, 664.1)]",0,7.9
speedrunner,meatboy,8,Stuck,10,0,-45.99,0.104,"[(329.0, 749.0), (333.0, 755.3), (353.8, 708.1), (348.8, 672.6), (284.8, 665.6), (265.0, 677.4), (265.0, 708.0), (265.0, 747.7), (265.0, 727.0), (265.0, 724.7), (258.2, 741.2), (254.3, 725.9), (247.5, 682.0), (224.8, 658.3), (194.7, 656.0), (169.9, 672.5), (150.5, 707.9), (136.4, 755.0), (128.3, 707.5), (123.5, 679.7), (118.3, 679.7), (112.6, 698.6), (108.0, 736.3), (102.9, 725.9), (100.5, 682.0), (92.2, 668.5), (89.2, 675.6), (81.6, 701.6), (77.9, 746.3), (73.0, 721.8), (73.0, 717.1), (73.0, 731.3), (73.0, 747.3), (73.0, 696.2), (73.0, 664.1), (73.0, 650.7), (73.0, 656.2), (73.0, 680.5), (73.0, 719.3), (73.0, 755.0), (73.0, 701.6), (73.0, 667.0)]",0,5.53
speedrunner,meatboy,8,Stuck,17,0,-8.2,0.398,"[(329.0, 749.0), (333.0, 755.3), (392.3, 732.8), (439.0, 692.1), (439.0, 687.4), (439.0, 701.6), (439.0, 734.6), (435.2, 741.6), (428.9, 739.2), (427.7, 755.7), (433.7, 702.3), (428.3, 667.8), (422.7, 652.1), (421.8, 655.2), (420.5, 677.2), (412.8, 718.0), (414.1, 739.9), (410.9, 691.2), (408.7, 661.4), (400.4, 650.4), (397.4, 658.2), (397.4, 684.9), (389.1, 730.4), (386.4, 725.9), (381.0, 682.0), (376.5, 657.2), (370.2, 652.5), (366.3, 666.7), (359.3, 699.7), (357.6, 751.5), (359.7, 707.2), (352.1, 671.7), (349.7, 664.7), (341.4, 676.5), (338.4, 707.1), (330.8, 755.0), (332.8, 701.6), (325.2, 682.4), (321.6, 687.1), (314.7, 710.7), (310.4, 753.1), (312.7, 707.2), (308.6, 687.4), (302.5, 692.2), (297.5, 715.7), (292.2, 755.0), (292.2, 701.6), (286.9, 692.2), (281.2, 701.6)]",0,6.45
speedrunner,meatboy,8,Stuck,10,0,-45.99,0.104,"[(329.0, 749.0), (333.0, 755.3), (353.8, 708.1), (348.8, 672.6), (284.8, 665.6), (265.0, 677.4), (265.0, 708.0), (265.0, 747.7), (265.0, 727.0), (265.0, 724.7), (258.2, 741.2), (254.3, 725.9), (247.5, 682.0), (224.8, 658.3), (194.7, 656.0), (169.9, 672.5), (150.5, 707.9), (136.4, 755.0), (128.3, 707.5), (123.5, 679.7), (118.3, 679.7), (112.6, 698.6), (108.0, 736.3), (102.9, 725.9), (100.5, 682.0), (92.2, 668.5), (89.2, 675.6), (81.6, 701.6), (77.9, 746.3), (73.0, 721.8), (73.0, 717.1), (73.0, 731.3), (73.0, 747.3), (73.0, 696.2), (73.0, 664.1), (73.0, 650.7), (73.0, 656.2), (73.0, 680.5), (73.0, 719.3), (73.0, 755.0), (73.0, 701.6), (73.0, 667.0)]",0,5.53
speedrunner,meatboy,8,Stuck,13,0,-11.26,0.334,"[(329.0, 749.0), (333.0, 755.3), (395.0, 740.2), (439.0, 697.8), (439.0, 693.1), (439.0, 707.2), (439.0, 740.2), (434.2, 740.2), (428.5, 740.3), (429.0, 748.0), (427.4, 697.0), (416.8, 667.0), (350.2, 662.3), (270.4, 676.4), (265.0, 709.2), (265.0, 748.9), (268.5, 713.2), (265.0, 692.8), (258.2, 697.5), (253.9, 721.1), (255.0, 747.3), (262.7, 696.2), (265.0, 664.1), (265.0, 650.7), (265.0, 656.2), (265.0, 680.5), (265.0, 723.7), (268.8, 732.8), (275.1, 686.4), (276.3, 658.9), (276.3, 650.3), (276.3, 660.5), (276.3, 689.5), (276.3, 737.4), (282.2, 719.4), (287.2, 677.8), (287.7, 655.0), (287.7, 651.1), (287.7, 666.0), (287.7, 699.8), (287.7, 752.4), (295.2, 707.2), (298.9, 670.3), (299.0, 655.2), (299.0, 660.0), (299.0, 683.5), (299.0, 726.0), (307.0, 755.0), (376.3, 755.9), (414.7, 707.2), (414.7, 670.3), (414.7, 652.3), (414.7, 653.0), (414.7, 672.7), (414.7, 711.1), (413.4, 747.3), (405.7, 696.2), (399.1, 664.1), (335.0, 654.7), (255.0, 664.1)]",0,7.9
speedrunner,meatboy,8,Stuck,11,0,18.72,0.632,"[(329.0, 749.0), (333.0, 755.3), (394.8, 732.8), (439.0, 695.9), (439.0, 693.5), (439.0, 710.0), (439.0, 745.4), (433.2, 713.2), (428.2, 673.9), (388.8, 658.2), (308.8, 663.0), (265.0, 686.5), (265.0, 725.0), (269.0, 747.3), (272.4, 699.4), (263.7, 692.4), (256.0, 704.2), (253.7, 734.8), (258.5, 725.9), (264.2, 682.0), (265.0, 656.8), (265.0, 650.5), (265.0, 663.1), (265.0, 694.5), (265.0, 744.7), (271.8, 713.2), (276.1, 673.9), (276.3, 653.5), (276.3, 651.9), (276.3, 669.2), (276.3, 705.3), (276.3, 755.0), (284.7, 701.6), (287.7, 667.0), (287.7, 651.3), (287.7, 654.5), (287.7, 676.4), (287.7, 717.3), (290.2, 739.9), (297.2, 691.2), (299.0, 661.4), (299.0, 650.4), (299.0, 658.2), (299.0, 684.9), (299.0, 730.4), (312.3, 755.3), (386.3, 755.0), (432.7, 701.6)]",0,6.38
speedrunner,meatboy,8,Stuck,12,0,15.73,0.632,"[(329.0, 749.0), (333.0, 755.3), (394.8, 732.8), (439.0, 695.9), (439.0, 693.5), (439.0, 710.0), (439.0, 745.4), (433.2, 713.2), (428.2, 673.9), (388.8, 661.1), (308.8, 668.2), (265.0, 694.1), (265.0, 733.3), (268.8, 732.8), (265.0, 695.9), (261.2, 693.5), (254.9, 710.0), (253.7, 745.4), (260.4, 713.2), (264.8, 673.9), (265.0, 653.5), (265.0, 651.9), (265.0, 669.2), (265.0, 705.3), (265.0, 755.0), (273.3, 701.6), (276.3, 667.0), (276.3, 651.3), (276.3, 654.5), (276.3, 676.4), (276.3, 717.3), (278.9, 739.9), (285.9, 691.2), (287.7, 661.4), (287.7, 650.4), (287.7, 658.2), (287.7, 684.9), (287.7, 730.4), (292.5, 725.9), (298.2, 682.0), (299.0, 658.3), (299.0, 656.0), (299.0, 672.5), (299.0, 707.9), (299.0, 755.0), (346.3, 755.9), (418.3, 725.9), (432.1, 682.0), (432.6, 656.8), (432.6, 650.5), (432.6, 663.1), (432.6, 694.5), (432.6, 744.7), (439.3, 713.2), (443.7, 685.9), (443.9, 701.2), (443.9, 735.4)]",0,7.55
speedrunner,meatboy,8,Stuck,9,0,-22.36,0.289,"[(329.0, 749.0), (333.0, 755.3), (353.8, 708.1), (348.8, 672.6), (284.9, 665.6), (265.0, 677.4), (265.0, 708.0), (265.0, 747.7), (265.0, 727.0), (265.0, 724.7), (258.2, 741.2), (260.9, 733.1), (260.9, 686.7), (260.9, 659.2), (260.9, 655.9), (260.9, 676.0), (260.9, 714.8), (262.2, 739.9), (253.9, 691.2), (250.9, 661.4), (250.9, 650.4), (250.9, 658.2), (250.9, 684.9), (250.9, 730.4), (252.0, 733.1), (249.2, 686.7), (249.2, 659.2), (249.2, 650.6), (249.2, 660.8), (249.2, 689.8), (249.2, 737.7), (249.7, 726.2), (247.5, 682.3), (239.2, 657.1), (236.2, 650.8), (232.4, 663.4), (226.1, 694.8), (222.3, 745.0), (222.8, 719.7), (217.5, 678.1), (211.9, 657.3), (207.3, 657.3)]",0,5.53
speedrunner,meatboy,8,Stuck,12,0,-38.96,0.104,"[(329.0, 749.0), (333.0, 755.3), (393.3, 755.0), (430.8, 701.6), (439.0, 692.2), (439.0, 701.6), (439.0, 729.9), (435.0, 732.8), (416.7, 686.4), (389.5, 663.3), (311.5, 663.3), (265.0, 682.2), (265.0, 718.4), (265.0, 755.0), (265.0, 709.1), (265.0, 704.4), (256.7, 718.5), (253.7, 751.5), (249.2, 707.2), (244.2, 670.3), (223.2, 655.2), (206.2, 660.0), (194.6, 683.5), (188.2, 726.0), (188.8, 740.2), (180.4, 691.5), (177.4, 673.4), (169.9, 678.2), (166.2, 701.8), (159.4, 744.2), (156.1, 719.7), (151.5, 682.6), (145.1, 677.9), (141.3, 692.1), (134.3, 725.1), (130.1, 739.9), (123.1, 694.0), (120.0, 687.0), (112.3, 698.8), (110.0, 729.4), (101.6, 740.2), (94.6, 694.3), (91.5, 687.3), (83.8, 699.1), (81.5, 729.7), (73.1, 740.2), (73.0, 730.8), (73.0, 740.2)]",0,6.38
speedrunner,meatboy,8,Stuck,12,0,15.73,0.632,"[(329.0, 749.0), (333.0, 755.3), (394.8, 732.8), (439.0, 695.9), (439.0, 693.5), (439.0, 710.0), (439.0, 745.4), (433.2, 713.2), (428.2, 673.9), (388.8, 661.1), (308.8, 668.2), (265.0, 694.1), (265.0, 733.3), (268.8, 732.8), (265.0, 695.9), (261.2, 693.5), (254.9, 710.0), (253.7, 745.4), (260.4, 713.2), (264.8, 673.9), (265.0, 653.5), (265.0, 651.9), (265.0, 669.2), (265.0, 705.3), (265.0, 755.0), (273.3, 701.6), (276.3, 667.0), (276.3, 651.3), (276.3, 654.5), (276.3, 676.4), (276.3, 717.3), (278.9, 739.9), (285.9, 691.2), (287.7, 661.4), (287.7, 650.4), (287.7, 658.2), (287.7, 684.9), (287.7, 730.4), (292.5, 725.9), (298.2, 682.0), (299.0, 658.3), (299.0, 656.0), (299.0, 672.5), (299.0, 707.9), (299.0, 755.0), (346.3, 755.9), (418.3, 725.9), (432.1, 682.0), (432.6, 656.8), (432.6, 650.5), (432.6, 663.1), (432.6, 694.5), (432.6, 744.7), (439.3, 713.2), (443.7, 685.9), (443.9, 701.2), (443.9, 735.4)]",0,7.55
speedrunner,meatboy,8,Stuck,3,0,54.7,0.896,"[(329.0, 749.0), (333.0, 755.3), (372.6, 708.1), (408.2, 671.2), (438.6, 656.1), (439.0, 660.9), (439.0, 684.4), (439.0, 726.9), (448.1, 749.9), (469.4, 755.0), (539.6, 755.9), (618.6, 755.3), (631.0, 755.0), (631.0, 755.9), (631.0, 755.3), (631.0, 755.0), (631.0, 755.9), (631.0, 755.3), (631.0, 755.0), (631.0, 755.9), (631.0, 755.3), (631.0, 755.0), (631.0, 755.9), (631.0, 755.3), (631.0, 755.0), (631.0, 755.9), (631.0, 755.3), (631.0, 755.0), (631.0, 755.9), (631.0, 755.3), (631.0, 755.0), (631.0, 755.9), (631.0, 755.3), (631.0, 755.0), (631.0, 755.9), (631.0, 755.3), (631.0, 755.0), (631.0, 755.9), (631.0, 755.3), (631.0, 755.0), (631.0, 755.9)]",0,5.43
speedrunner,meatboy,8,Stuck,8,0,55.44,0.896,"[(329.0, 749.0), (333.0, 755.3), (396.1, 732.8), (439.0, 695.9), (439.0, 693.5), (439.0, 710.0), (439.0, 745.4), (439.0, 739.2), (439.0, 741.6), (441.6, 740.6), (446.2, 691.9), (445.0, 691.2), (445.0, 715.9), (445.0, 755.0), (453.3, 701.6), (456.3, 667.0), (456.3, 653.3), (456.3, 666.2), (456.3, 698.1), (456.3, 748.7), (463.9, 707.2), (467.6, 670.3), (467.7, 652.3), (467.7, 653.0), (467.7, 672.7), (467.7, 711.1), (469.0, 755.3), (525.0, 755.0), (604.0, 755.9), (631.0, 755.3), (631.0, 755.0), (631.0, 755.9), (631.0, 755.3), (631.0, 755.0), (631.0, 755.9), (631.0, 755.3), (631.0, 755.0), (631.0, 755.9), (631.0, 755.3), (631.0, 755.0), (631.0, 755.9)]",0,5.35
speedrunner,meatboy,8,Stuck,11,0,-36.43,0.104,"[(329.0, 749.0), (333.0, 747.3), (336.4, 696.2), (329.4, 677.6), (326.3, 682.4), (318.7, 705.9), (316.3, 748.4), (319.8, 713.2), (311.5, 684.1), (308.5, 684.2), (300.9, 703.0), (297.3, 740.7), (300.7, 719.4), (293.1, 689.2), (289.4, 689.2), (282.6, 708.1), (278.3, 745.8), (281.8, 713.2), (277.7, 688.2), (271.7, 690.5), (266.7, 711.8), (265.0, 749.5), (265.0, 727.0), (265.0, 724.7), (262.4, 741.2), (258.6, 725.9), (218.0, 685.0), (168.6, 695.6), (124.4, 725.0), (91.3, 755.9), (88.3, 707.2), (82.9, 671.7), (77.3, 664.7), (73.0, 676.5), (73.0, 707.1), (73.0, 746.8), (73.0, 713.2), (73.0, 673.9), (73.0, 653.5), (73.0, 651.9), (73.0, 669.2), (73.0, 704.4), (73.0, 744.1), (73.0, 719.4), (73.0, 677.8), (73.0, 655.0), (73.0, 651.1), (73.0, 666.0), (73.0, 699.5), (73.0, 739.2), (73.0, 725.9), (73.0, 682.0), (73.0, 656.8)]",0,6.93
speedrunner,meatboy,8,Stuck,12,0,15.73,0.632,"[(329.0, 749.0), (333.0, 755.3), (394.8, 732.8), (439.0, 695.9), (439.0, 693.5), (439.0, 710.0), (439.0, 745.4), (433.2, 713.2), (428.2, 673.9), (388.8, 661.1), (308.8, 668.2), (265.0, 694.1), (265.0, 733.3), (268.8, 732.8), (265.0, 695.9), (261.2, 693.5), (254.9, 710.0), (253.7, 745.4), (260.4, 713.2), (264.8, 673.9), (265.0, 653.5), (265.0, 651.9), (265.0, 669.2), (265.0, 705.3), (265.0, 755.0), (273.3, 701.6), (276.3, 667.0), (276.3, 651.3), (276.3, 654.5), (276.3, 676.4), (276.3, 717.3), (278.9, 739.9), (285.9, 691.2), (287.7, 661.4), (287.7, 650.4), (287.7, 658.2), (287.7, 684.9), (287.7, 730.4), (292.5, 725.9), (298.2, 682.0), (299.0, 658.3), (299.0, 656.0), (299.0, 672.5), (299.0, 707.9), (299.0, 755.0), (346.3, 755.9), (418.3, 725.9), (432.1, 682.0), (432.6, 656.8), (432.6, 650.5), (432.6, 663.1), (432.6, 694.5), (432.6, 744.7), (439.3, 713.2), (443.7, 685.9), (443.9, 701.2), (443.9, 735.4)]",0,7.55
speedrunner,meatboy,8,Stuck,12,0,-38.96,0.104,"[(329.0, 749.0), (333.0, 755.3), (393.3, 755.0), (430.8, 701.6), (439.0, 692.2), (439.0, 701.6), (439.0, 729.9), (435.0, 732.8), (416.7, 686.4), (389.5, 663.3), (311.5, 663.3), (265.0, 682.2), (265.0, 718.4), (265.0, 755.0), (265.0, 709.1), (265.0, 704.4), (256.7, 718.5), (253.7, 751.5), (249.2, 707.2), (244.2, 670.3), (223.2, 655.2), (206.2, 660.0), (194.6, 683.5), (188.2, 726.0), (188.8, 740.2), (180.4, 691.5), (177.4, 673.4), (169.9, 678.2), (166.2, 701.8), (159.4, 744.2), (156.1, 719.7), (151.5, 682.6), (145.1, 677.9), (141.3, 692.1), (134.3, 725.1), (130.1, 739.9), (123.1, 694.0), (120.0, 687.0), (112.3, 698.8), (110.0, 729.4), (101.6, 740.2), (94.6, 694.3), (91.5, 687.3), (83.8, 699.1), (81.5, 729.7), (73.1, 740.2), (73.0, 730.8), (73.0, 740.2)]",0,6.38
speedrunner,meatboy,8,Stuck,9,0,-22.36,0.289,"[(329.0, 749.0), (333.0, 755.3), (353.8, 708.1), (348.8, 672.6), (284.9, 665.6), (265.0, 677.4), (265.0, 708.0), (265.0, 747.7), (265.0, 727.0), (265.0, 724.7), (258.2, 741.2), (260.9, 733.1), (260.9, 686.7), (260.9, 659.2), (260.9, 655.9), (260.9, 676.0), (260.9, 714.8), (262.2, 739.9), (253.9, 691.2), (250.9, 661.4), (250.9, 650.4), (250.9, 658.2), (250.9, 684.9), (250.9, 730.4), (252.0, 733.1), (249.2, 686.7), (249.2, 659.2), (249.2, 650.6), (249.2, 660.8), (249.2, 689.8), (249.2, 737.7), (249.7, 726.2), (247.5, 682.3), (239.2, 657.1), (236.2, 650.8), (232.4, 663.4), (226.1, 694.8), (222.3, 745.0), (222.8, 719.7), (217.5, 678.1), (211.9, 657.3), (207.3, 657.3)]",0,5.53
speedrunner,meatboy,8,Stuck,12,0,15.73,0.632,"[(329.0, 749.0), (333.0, 755.3), (394.8, 732.8), (439.0, 695.9), (439.0, 693.5), (439.0, 710.0), (439.0, 745.4), (433.2, 713.2), (428.2, 673.9), (388.8, 661.1), (308.8, 668.2), (265.0, 694.1), (265.0, 733.3), (268.8, 732.8), (265.0, 695.9), (261.2, 693.5), (254.9, 710.0), (253.7, 745.4), (260.4, 713.2), (264.8, 673.9), (265.0, 653.5), (265.0, 651.9), (265.0, 669.2), (265.0, 705.3), (265.0, 755.0), (273.3, 701.6), (276.3, 667.0), (276.3, 651.3), (276.3, 654.5), (276.3, 676.4), (276.3, 717.3), (278.9, 739.9), (285.9, 691.2), (287.7, 661.4), (287.7, 650.4), (287.7, 658.2), (287.7, 684.9), (287.7, 730.4), (292.5, 725.9), (298.2, 682.0), (299.0, 658.3), (299.0, 656.0), (299.0, 672.5), (299.0, 707.9), (299.0, 755.0), (346.3, 755.9), (418.3, 725.9), (432.1, 682.0), (432.6, 656.8), (432.6, 650.5), (432.6, 663.1), (432.6, 694.5), (432.6, 744.7), (439.3, 713.2), (443.7, 685.9), (443.9, 701.2), (443.9, 735.4)]",0,7.55
speedrunner,meatboy,8,Stuck,9,0,-22.36,0.289,"[(329.0, 749.0), (333.0, 755.3), (353.8, 708.1), (348.8, 672.6), (284.9, 665.6), (265.0, 677.4), (265.0, 708.0), (265.0, 747.7), (265.0, 727.0), (265.0, 724.7), (258.2, 741.2), (260.9, 733.1), (260.9, 686.7), (260.9, 659.2), (260.9, 655.9), (260.9, 676.0), (260.9, 714.8), (262.2, 739.9), (253.9, 691.2), (250.9, 661.4), (250.9, 650.4), (250.9, 658.2), (250.9, 684.9), (250.9, 730.4), (252.0, 733.1), (249.2, 686.7), (249.2, 659.2), (249.2, 650.6), (249.2, 660.8), (249.2, 689.8), (249.2, 737.7), (249.7, 726.2), (247.5, 682.3), (239.2, 657.1), (236.2, 650.8), (232.4, 663.4), (226.1, 694.8), (222.3, 745.0), (222.8, 719.7), (217.5, 678.1), (211.9, 657.3), (207.3, 657.3)]",0,5.53
speedrunner,meatboy,8,Stuck,12,0,-38.96,0.104,"[(329.0, 749.0), (333.0, 755.3), (393.3, 755.0), (430.8, 701.6), (439.0, 692.2), (439.0, 701.6), (439.0, 729.9), (435.0, 732.8), (416.7, 686.4), (389.5, 663.3), (311.5, 663.3), (265.0, 682.2), (265.0, 718.4), (265.0, 755.0), (265.0, 709.1), (265.0, 704.4), (256.7, 718.5), (253.7, 751.5), (249.2, 707.2), (244.2, 670.3), (223.2, 655.2), (206.2, 660.0), (194.6, 683.5), (188.2, 726.0), (188.8, 740.2), (180.4, 691.5), (177.4, 673.4), (169.9, 678.2), (166.2, 701.8), (159.4, 744.2), (156.1, 719.7), (151.5, 682.6), (145.1, 677.9), (141.3, 692.1), (134.3, 725.1), (130.1, 739.9), (123.1, 694.0), (120.0, 687.0), (112.3, 698.8), (110.0, 729.4), (101.6, 740.2), (94.6, 694.3), (91.5, 687.3), (83.8, 699.1), (81.5, 729.7), (73.1, 740.2), (73.0, 730.8), (73.0, 740.2)]",0,6.38
speedrunner,meatboy,8,Stuck,11,0,-39.46,0.104,"[(329.0, 749.0), (333.0, 755.3), (395.3, 755.0), (439.0, 705.0), (439.0, 698.0), (439.0, 709.8), (439.0, 740.4), (429.9, 719.4), (412.9, 677.8), (371.5, 661.5), (291.5, 666.3), (265.0, 689.8), (265.0, 728.3), (267.6, 739.9), (265.0, 706.1), (262.4, 706.1), (255.4, 725.0), (255.0, 747.3), (247.4, 696.2), (239.5, 664.1), (218.5, 654.7), (202.8, 664.1), (192.5, 692.4), (187.5, 739.5), (186.2, 726.2), (179.2, 684.5), (176.1, 677.5), (168.4, 689.3), (166.1, 719.9), (159.5, 747.3), (155.1, 696.2), (149.1, 681.9), (144.1, 689.0), (138.7, 715.0), (133.1, 755.0), (132.0, 707.5), (124.3, 687.7), (122.0, 692.5), (113.7, 716.0), (110.7, 755.0), (103.1, 707.5), (99.4, 698.1), (92.6, 707.6), (88.2, 735.9), (83.7, 740.8), (76.7, 692.1), (73.7, 678.1), (73.0, 685.2)]",0,6.35
speedrunner,meatboy,8,Stuck,15,0,0.39,0.473,"[(329.0, 749.0), (333.0, 755.3), (348.9, 701.9), (348.2, 672.4), (348.2, 670.0), (348.2, 686.5), (348.2, 721.9), (350.8, 739.9), (357.8, 691.2), (354.8, 669.7), (352.5, 672.1), (352.5, 693.3), (352.5, 733.4), (357.3, 725.9), (363.0, 682.0), (363.8, 668.5), (363.8, 675.6), (363.8, 701.6), (363.8, 746.3), (360.3, 713.2), (354.7, 673.9), (343.0, 664.5), (336.7, 674.0), (335.4, 702.3), (328.7, 749.4), (329.9, 707.2), (323.1, 683.1), (318.7, 685.5), (312.6, 706.7), (307.6, 746.8), (310.6, 713.2), (305.8, 684.1), (300.5, 684.2), (294.9, 703.0), (290.3, 740.7), (289.2, 719.4), (284.8, 689.2), (278.4, 689.2), (274.6, 708.1), (267.6, 745.8), (268.5, 713.2), (265.0, 688.2), (265.0, 690.5), (265.0, 711.8), (265.0, 749.3), (271.8, 713.2), (276.1, 673.9), (276.3, 653.5), (276.3, 651.9), (276.3, 669.2), (276.3, 705.3), (276.3, 755.0), (284.7, 701.6), (287.7, 667.0), (287.7, 651.3), (287.7, 654.5), (287.7, 676.4), (287.7, 717.3), (290.2, 739.9), (297.2, 691.2), (299.0, 661.4), (299.0, 650.4), (299.0, 658.2), (299.0, 684.9), (299.0, 730.4), (303.8, 725.9), (309.5, 682.0), (310.3, 656.8), (310.3, 650.5), (310.3, 663.1), (310.3, 694.5), (310.3, 744.7), (317.1, 713.2), (321.4, 673.9), (321.7, 653.5), (321.7, 651.9), (321.7, 669.2), (321.7, 705.3), (321.7, 755.0), (330.0, 701.6), (333.0, 667.0), (333.0, 657.6), (333.0, 667.1), (333.0, 695.4)]",0,11.15
speedrunner,meatboy,8,Stuck,11,0,-2.35,0.441,"[(329.0, 749.0), (333.0, 755.3), (394.8, 732.8), (439.0, 695.9), (439.0, 693.5), (439.0, 710.0), (439.0, 745.4), (433.2, 713.2), (428.2, 673.9), (388.8, 658.2), (308.8, 663.0), (265.0, 686.5), (265.0, 725.0), (269.0, 747.3), (272.4, 699.4), (263.7, 692.4), (256.0, 704.2), (253.7, 734.8), (258.5, 725.9), (264.2, 682.0), (265.0, 656.8), (265.0, 650.5), (265.0, 663.1), (265.0, 694.5), (265.0, 744.7), (271.8, 713.2), (276.1, 673.9), (276.3, 653.5), (276.3, 651.9), (276.3, 669.2), (276.3, 705.3), (276.3, 755.0), (284.7, 701.6), (287.7, 667.0), (287.7, 651.3), (287.7, 654.5), (287.7, 676.4), (287.7, 717.3), (290.2, 739.9), (297.2, 691.2), (299.0, 661.4), (299.0, 650.4), (299.0, 658.2), (299.0, 684.9), (299.0, 730.4), (303.8, 725.9), (309.5, 682.0), (310.3, 657.2)]",0,6.38
speedrunner,meatboy,8,Stuck,13,0,-11.26,0.334,"[(329.0, 749.0), (333.0, 755.3), (395.0, 740.2), (439.0, 697.8), (439.0, 693.1), (439.0, 707.2), (439.0, 740.2), (434.2, 740.2), (428.5, 740.3), (429.0, 748.0), (427.4, 697.0), (416.8, 667.0), (350.2, 662.3), (270.4, 676.4), (265.0, 709.2), (265.0, 748.9), (268.5, 713.2), (265.0, 692.8), (258.2, 697.5), (253.9, 721.1), (255.0, 747.3), (262.7, 696.2), (265.0, 664.1), (265.0, 650.7), (265.0, 656.2), (265.0, 680.5), (265.0, 723.7), (268.8, 732.8), (275.1, 686.4), (276.3, 658.9), (276.3, 650.3), (276.3, 660.5), (276.3, 689.5), (276.3, 737.4), (282.2, 719.4), (287.2, 677.8), (287.7, 655.0), (287.7, 651.1), (287.7, 666.0), (287.7, 699.8), (287.7, 752.4), (295.2, 707.2), (298.9, 670.3), (299.0, 655.2), (299.0, 660.0), (299.0, 683.5), (299.0, 726.0), (307.0, 755.0), (376.3, 755.9), (414.7, 707.2), (414.7, 670.3), (414.7, 652.3), (414.7, 653.0), (414.7, 672.7), (414.7, 711.1), (413.4, 747.3), (405.7, 696.2), (399.1, 664.1), (335.0, 654.7), (255.0, 664.1)]",0,7.9
speedrunner,meatboy,8,Stuck,13,0,-11.26,0.334,"[(329.0, 749.0), (333.0, 755.3), (395.0, 740.2), (439.0, 697.8), (439.0, 693.1), (439.0, 707.2), (439.0, 740.2), (434.2, 740.2), (428.5, 740.3), (429.0, 748.0), (427.4, 697.0), (416.8, 667.0), (350.2, 662.3), (270.4, 676.4), (265.0, 709.2), (265.0, 748.9), (268.5, 713.2), (265.0, 692.8), (258.2, 697.5), (253.9, 721.1), (255.0, 747.3), (262.7, 696.2), (265.0, 664.1), (265.0, 650.7), (265.0, 656.2), (265.0, 680.5), (265.0, 723.7), (268.8, 732.8), (275.1, 686.4), (276.3, 658.9), (276.3, 650.3), (276.3, 660.5), (276.3, 689.5), (276.3, 737.4), (282.2, 719.4), (287.2, 677.8), (287.7, 655.0), (287.7, 651.1), (287.7, 666.0), (287.7, 699.8), (287.7, 752.4), (295.2, 707.2), (298.9, 670.3), (299.0, 655.2), (299.0, 660.0), (299.0, 683.5), (299.0, 726.0), (307.0, 755.0), (376.3, 755.9), (414.7, 707.2), (414.7, 670.3), (414.7, 652.3), (414.7, 653.0), (414.7, 672.7), (414.7, 711.1), (413.4, 747.3), (405.7, 696.2), (399.1, 664.1), (335.0, 654.7), (255.0, 664.1)]",0,7.9
speedrunner,meatboy,8,Stuck,11,0,-2.35,0.441,"[(329.0, 749.0), (333.0, 755.3), (394.8, 732.8), (439.0, 695.9), (439.0, 693.5), (439.0, 710.0), (439.0, 745.4), (433.2, 713.2), (428.2, 673.9), (388.8, 658.2), (308.8, 663.0), (265.0, 686.5), (265.0, 725.0), (269.0, 747.3), (272.4, 699.4), (263.7, 692.4), (256.0, 704.2), (253.7, 734.8), (258.5, 725.9), (264.2, 682.0), (265.0, 656.8), (265.0, 650.5), (265.0, 663.1), (265.0, 694.5), (265.0, 744.7), (271.8, 713.2), (276.1, 673.9), (276.3, 653.5), (276.3, 651.9), (276.3, 669.2), (276.3, 705.3), (276.3, 755.0), (284.7, 701.6), (287.7, 667.0), (287.7, 651.3), (287.7, 654.5), (287.7, 676.4), (287.7, 717.3), (290.2, 739.9), (297.2, 691.2), (299.0, 661.4), (299.0, 650.4), (299.0, 658.2), (299.0, 684.9), (299.0, 730.4), (303.8, 725.9), (309.5, 682.0), (310.3, 657.2)]",0,6.38
speedrunner,meatboy,8,Stuck,15,0,0.39,0.473,"[(329.0, 749.0), (333.0, 755.3), (348.9, 701.9), (348.2, 672.4), (348.2, 670.0), (348.2, 686.5), (348.2, 721.9), (350.8, 739.9), (357.8, 691.2), (354.8, 669.7), (352.5, 672.1), (352.5, 693.3), (352.5, 733.4), (357.3, 725.9), (363.0, 682.0), (363.8, 668.5), (363.8, 675.6), (363.8, 701.6), (363.8, 746.3), (360.3, 713.2), (354.7, 673.9), (343.0, 664.5), (336.7, 674.0), (335.4, 702.3), (328.7, 749.4), (329.9, 707.2), (323.1, 683.1), (318.7, 685.5), (312.6, 706.7), (307.6, 746.8), (310.6, 713.2), (305.8, 684.1), (300.5, 684.2), (294.9, 703.0), (290.3, 740.7), (289.2, 719.4), (284.8, 689.2), (278.4, 689.2), (274.6, 708.1), (267.6, 745.8), (268.5, 713.2), (265.0, 688.2), (265.0, 690.5), (265.0, 711.8), (265.0, 749.3), (271.8, 713.2), (276.1, 673.9), (276.3, 653.5), (276.3, 651.9), (276.3, 669.2), (276.3, 705.3), (276.3, 755.0), (284.7, 701.6), (287.7, 667.0), (287.7, 651.3), (287.7, 654.5), (287.7, 676.4), (287.7, 717.3), (290.2, 739.9), (297.2, 691.2), (299.0, 661.4), (299.0, 650.4), (299.0, 658.2), (299.0, 684.9), (299.0, 730.4), (303.8, 725.9), (309.5, 682.0), (310.3, 656.8), (310.3, 650.5), (310.3, 663.1), (310.3, 694.5), (310.3, 744.7), (317.1, 713.2), (321.4, 673.9), (321.7, 653.5), (321.7, 651.9), (321.7, 669.2), (321.7, 705.3), (321.7, 755.0), (330.0, 701.6), (333.0, 667.0), (333.0, 657.6), (333.0, 667.1), (333.0, 695.4)]",0,11.15
speedrunner,meatboy,8,Stuck,11,0,-39.46,0.104,"[(329.0, 749.0), (333.0, 755.3), (395.3, 755.0), (439.0, 705.0), (439.0, 698.0), (439.0, 709.8), (439.0, 740.4), (429.9, 719.4), (412.9, 677.8), (371.5, 661.5), (291.5, 666.3), (265.0, 689.8), (265.0, 728.3), (267.6, 739.9), (265.0, 706.1), (262.4, 706.1), (255.4, 725.0), (255.0, 747.3), (247.4, 696.2), (239.5, 664.1), (218.5, 654.7), (202.8, 664.1), (192.5, 692.4), (187.5, 739.5), (186.2, 726.2), (179.2, 684.5), (176.1, 677.5), (168.4, 689.3), (166.1, 719.9), (159.5, 747.3), (155.1, 696.2), (149.1, 681.9), (144.1, 689.0), (138.7, 715.0), (133.1, 755.0), (132.0, 707.5), (124.3, 687.7), (122.0, 692.5), (113.7, 716.0), (110.7, 755.0), (103.1, 707.5), (99.4, 698.1), (92.6, 707.6), (88.2, 735.9), (83.7, 740.8), (76.7, 692.1), (73.7, 678.1), (73.0, 685.2)]",0,6.35
speedrunner,meatboy,8,Stuck,15,0,0.39,0.473,"[(329.0, 749.0), (333.0, 755.3), (348.9, 701.9), (348.2, 672.4), (348.2, 670.0), (348.2, 686.5), (348.2, 721.9), (350.8, 739.9), (357.8, 691.2), (354.8, 669.7), (352.5, 672.1), (352.5, 693.3), (352.5, 733.4), (357.3, 725.9), (363.0, 682.0), (363.8, 668.5), (363.8, 675.6), (363.8, 701.6), (363.8, 746.3), (360.3, 713.2), (354.7, 673.9), (343.0, 664.5), (336.7, 674.0), (335.4, 702.3), (328.7, 749.4), (329.9, 707.2), (323.1, 683.1), (318.7, 685.5), (312.6, 706.7), (307.6, 746.8), (310.6, 713.2), (305.8, 684.1), (300.5, 684.2), (294.9, 703.0), (290.3, 740.7), (289.2, 719.4), (284.8, 689.2), (278.4, 689.2), (274.6, 708.1), (267.6, 745.8), (268.5, 713.2), (265.0, 688.2), (265.0, 690.5), (265.0, 711.8), (265.0, 749.3), (271.8, 713.2), (276.1, 673.9), (276.3, 653.5), (276.3, 651.9), (276.3, 669.2), (276.3, 705.3), (276.3, 755.0), (284.7, 701.6), (287.7, 667.0), (287.7, 651.3), (287.7, 654.5), (287.7, 676.4), (287.7, 717.3), (290.2, 739.9), (297.2, 691.2), (299.0, 661.4), (299.0, 650.4), (299.0, 658.2), (299.0, 684.9), (299.0, 730.4), (303.8, 725.9), (309.5, 682.0), (310.3, 656.8), (310.3, 650.5), (310.3, 663.1), (310.3, 694.5), (310.3, 744.7), (317.1, 713.2), (321.4, 673.9), (321.7, 653.5), (321.7, 651.9), (321.7, 669.2), (321.7, 705.3), (321.7, 755.0), (330.0, 701.6), (333.0, 667.0), (333.0, 657.6), (333.0, 667.1), (333.0, 695.4)]",0,11.15
speedrunner,meatboy,8,Stuck,11,0,-0.64,0.457,"[(329.0, 749.0), (333.0, 755.3), (394.8, 732.8), (439.0, 695.9), (439.0, 693.5), (439.0, 710.0), (439.0, 745.4), (433.2, 713.2), (428.2, 673.9), (388.8, 661.1), (308.8, 668.2), (265.0, 694.1), (265.0, 733.3), (268.8, 732.8), (265.0, 695.9), (261.2, 693.5), (254.9, 710.0), (253.7, 745.4), (260.4, 713.2), (264.8, 673.9), (265.0, 653.5), (265.0, 651.9), (265.0, 669.2), (265.0, 705.3), (265.0, 755.0), (273.3, 701.6), (276.3, 667.0), (276.3, 651.3), (276.3, 654.5), (276.3, 676.4), (276.3, 717.3), (278.9, 739.9), (285.9, 691.2), (287.7, 661.4), (287.7, 650.4), (287.7, 658.2), (287.7, 684.9), (287.7, 730.4), (292.5, 725.9), (298.2, 682.0), (299.0, 656.8), (299.0, 650.5), (299.0, 663.1), (299.0, 694.5), (299.0, 744.7), (305.7, 713.2), (310.1, 673.9), (310.3, 654.3), (310.3, 654.3), (310.3, 673.2), (310.3, 710.9), (311.7, 747.3), (319.3, 696.2), (321.7, 664.1), (321.7, 654.7), (321.7, 664.1), (321.7, 692.4)]",0,7.55
speedrunner,meatboy,8,Stuck,22,0,-32.57,0.104,"[(329.0, 749.0), (333.0, 755.3), (392.3, 732.8), (439.0, 692.1), (439.0, 687.4), (439.0, 701.6), (439.0, 734.6), (431.0, 741.6), (361.7, 739.2), (281.7, 755.7), (264.8, 755.3), (328.2, 755.0), (402.9, 739.9), (413.0, 691.2), (407.1, 661.8), (403.5, 654.8), (396.5, 666.6), (393.4, 697.2), (384.4, 746.7), (347.9, 713.2), (309.1, 684.1), (275.6, 684.2), (265.0, 703.0), (265.0, 739.3), (264.7, 750.8), (265.0, 740.4), (257.4, 740.4), (255.6, 755.0), (242.5, 701.6), (167.1, 672.1), (87.6, 669.7), (73.0, 686.2), (73.0, 720.9), (73.0, 755.0), (73.0, 738.0), (73.0, 745.1), (73.0, 742.3), (73.0, 740.0), (73.0, 755.0), (73.0, 738.0), (73.0, 745.1), (73.0, 742.3), (73.0, 740.0), (73.0, 755.0), (73.0, 738.0), (73.0, 745.1), (73.0, 742.3), (73.0, 740.0), (73.0, 755.0), (73.0, 738.0), (73.0, 745.1), (73.0, 742.3), (73.0, 740.0), (73.0, 755.0), (73.0, 738.0), (73.0, 745.1), (73.0, 742.3), (73.0, 740.0), (73.0, 755.0)]",0,7.75
speedrunner,meatboy,8,Stuck,16,0,-44.61,0.104,"[(329.0, 749.0), (331.6, 740.1), (327.7, 691.4), (273.2, 682.0), (265.0, 691.4), (265.0, 719.7), (262.4, 755.0), (258.0, 749.0), (253.5, 740.1), (213.0, 691.4), (135.4, 669.9), (73.0, 672.3), (73.0, 693.5), (73.0, 731.0), (73.0, 744.0), (73.0, 739.3), (73.0, 753.5), (73.0, 738.5), (73.0, 743.2), (73.0, 743.9), (73.0, 739.2), (73.0, 753.4), (73.0, 738.5), (73.0, 743.2), (73.0, 743.9), (73.0, 739.2), (73.0, 753.4), (73.0, 738.5), (73.0, 743.2), (73.0, 743.9), (73.0, 739.2), (73.0, 753.4), (73.0, 738.5), (73.0, 743.2), (73.0, 743.9), (73.0, 739.2), (73.0, 753.4), (73.0, 738.5), (73.0, 743.2), (73.0, 743.9), (73.0, 739.2)]",0,5.38
speedrunner,meatboy,8,Stuck,17,0,-34.71,0.104,"[(329.0, 749.0), (333.0, 755.3), (395.0, 740.2), (439.0, 697.8), (439.0, 693.1), (439.0, 707.2), (439.0, 740.2), (425.7, 740.2), (351.7, 740.3), (273.6, 755.0), (263.7, 755.9), (327.0, 755.3), (395.3, 755.0), (397.0, 701.6), (388.0, 668.1), (326.8, 661.1), (265.0, 672.9), (265.0, 703.5), (265.0, 743.2), (265.0, 728.6), (265.0, 724.0), (259.2, 738.1), (263.5, 755.0), (332.9, 755.9), (401.3, 747.3), (386.6, 696.2), (309.6, 664.1), (229.9, 653.9), (149.9, 669.2), (73.0, 703.4), (73.0, 743.0), (73.0, 740.2), (73.0, 740.3), (73.0, 748.0), (73.0, 738.6), (73.0, 748.1), (73.0, 740.2), (73.0, 740.3), (73.0, 748.0), (73.0, 738.6), (73.0, 748.1), (73.0, 740.2), (73.0, 740.3), (73.0, 748.0), (73.0, 738.6), (73.0, 748.1), (73.0, 740.2), (73.0, 740.3), (73.0, 748.0), (73.0, 738.6), (73.0, 748.1), (73.0, 740.2), (73.0, 740.3), (73.0, 748.0)]",0,7.07
speedrunner,meatboy,8,Stuck,16,0,-37.35,0.104,"[(329.0, 749.0), (333.0, 755.3), (366.1, 713.2), (383.1, 677.9), (394.8, 673.2), (401.1, 687.3), (402.3, 720.3), (403.7, 739.9), (356.3, 706.1), (278.1, 706.1), (265.0, 725.0), (266.3, 747.3), (265.0, 707.4), (265.0, 705.1), (217.7, 721.6), (138.2, 755.0), (120.5, 739.9), (112.1, 694.0), (109.1, 687.0), (101.6, 698.8), (97.9, 729.4), (92.6, 740.2), (86.9, 691.5), (82.3, 682.1), (76.0, 691.5), (73.0, 719.8), (73.0, 755.0), (73.0, 738.0), (73.0, 745.1), (73.0, 743.2), (73.0, 738.5), (73.0, 752.6), (73.0, 739.2), (73.0, 741.6), (73.7, 747.3), (73.0, 737.9), (73.0, 747.3), (73.0, 741.6), (73.0, 739.2), (73.0, 755.7), (73.0, 738.5), (73.0, 743.2), (73.2, 745.1), (73.0, 738.0), (73.0, 749.8), (73.0, 740.2), (73.0, 740.3), (74.3, 755.0), (73.0, 738.0), (73.0, 745.1), (73.0, 743.2)]",0,6.67
speedrunner,meatboy,8,Stuck,17,0,-34.71,0.104,"[(329.0, 749.0), (333.0, 755.3), (395.0, 740.2), (439.0, 697.8), (439.0, 693.1), (439.0, 707.2), (439.0, 740.2), (425.7, 740.2), (351.7, 740.3), (273.6, 755.0), (263.7, 755.9), (327.0, 755.3), (395.3, 755.0), (397.0, 701.6), (388.0, 668.1), (326.8, 661.1), (265.0, 672.9), (265.0, 703.5), (265.0, 743.2), (265.0, 728.6), (265.0, 724.0), (259.2, 738.1), (263.5, 755.0), (332.9, 755.9), (401.3, 747.3), (386.6, 696.2), (309.6, 664.1), (229.9, 653.9), (149.9, 669.2), (73.0, 703.4), (73.0, 743.0), (73.0, 740.2), (73.0, 740.3), (73.0, 748.0), (73.0, 738.6), (73.0, 748.1), (73.0, 740.2), (73.0, 740.3), (73.0, 748.0), (73.0, 738.6), (73.0, 748.1), (73.0, 740.2), (73.0, 740.3), (73.0, 748.0), (73.0, 738.6), (73.0, 748.1), (73.0, 740.2), (73.0, 740.3), (73.0, 748.0), (73.0, 738.6), (73.0, 748.1), (73.0, 740.2), (73.0, 740.3), (73.0, 748.0)]",0,7.07
speedrunner,meatboy,8,Stuck,11,0,-0.64,0.457,"[(329.0, 749.0), (333.0, 755.3), (394.8, 732.8), (439.0, 695.9), (439.0, 693.5), (439.0, 710.0), (439.0, 745.4), (433.2, 713.2), (428.2, 673.9), (388.8, 661.1), (308.8, 668.2), (265.0, 694.1), (265.0, 733.3), (268.8, 732.8), (265.0, 695.9), (261.2, 693.5), (254.9, 710.0), (253.7, 745.4), (260.4, 713.2), (264.8, 673.9), (265.0, 653.5), (265.0, 651.9), (265.0, 669.2), (265.0, 705.3), (265.0, 755.0), (273.3, 701.6), (276.3, 667.0), (276.3, 651.3), (276.3, 654.5), (276.3, 676.4), (276.3, 717.3), (278.9, 739.9), (285.9, 691.2), (287.7, 661.4), (287.7, 650.4), (287.7, 658.2), (287.7, 684.9), (287.7, 730.4), (292.5, 725.9), (298.2, 682.0), (299.0, 656.8), (299.0, 650.5), (299.0, 663.1), (299.0, 694.5), (299.0, 744.7), (305.7, 713.2), (310.1, 673.9), (310.3, 654.3), (310.3, 654.3), (310.3, 673.2), (310.3, 710.9), (311.7, 747.3), (319.3, 696.2), (321.7, 664.1), (321.7, 654.7), (321.7, 664.1), (321.7, 692.4)]",0,7.55
speedrunner,meatboy,8,Stuck,15,0,0.39,0.473,"[(329.0, 749.0), (333.0, 755.3), (348.9, 701.9), (348.2, 672.4), (348.2, 670.0), (348.2, 686.5), (348.2, 721.9), (350.8, 739.9), (357.8, 691.2), (354.8, 669.7), (352.5, 672.1), (352.5, 693.3), (352.5, 733.4), (357.3, 725.9), (363.0, 682.0), (363.8, 668.5), (363.8, 675.6), (363.8, 701.6), (363.8, 746.3), (360.3, 713.2), (354.7, 673.9), (343.0, 664.5), (336.7, 674.0), (335.4, 702.3), (328.7, 749.4), (329.9, 707.2), (323.1, 683.1), (318.7, 685.5), (312.6, 706.7), (307.6, 746.8), (310.6, 713.2), (305.8, 684.1), (300.5, 684.2), (294.9, 703.0), (290.3, 740.7), (289.2, 719.4), (284.8, 689.2), (278.4, 689.2), (274.6, 708.1), (267.6, 745.8), (268.5, 713.2), (265.0, 688.2), (265.0, 690.5), (265.0, 711.8), (265.0, 749.3), (271.8, 713.2), (276.1, 673.9), (276.3, 653.5), (276.3, 651.9), (276.3, 669.2), (276.3, 705.3), (276.3, 755.0), (284.7, 701.6), (287.7, 667.0), (287.7, 651.3), (287.7, 654.5), (287.7, 676.4), (287.7, 717.3), (290.2, 739.9), (297.2, 691.2), (299.0, 661.4), (299.0, 650.4), (299.0, 658.2), (299.0, 684.9), (299.0, 730.4), (303.8, 725.9), (309.5, 682.0), (310.3, 656.8), (310.3, 650.5), (310.3, 663.1), (310.3, 694.5), (310.3, 744.7), (317.1, 713.2), (321.4, 673.9), (321.7, 653.5), (321.7, 651.9), (321.7, 669.2), (321.7, 705.3), (321.7, 755.0), (330.0, 701.6), (333.0, 667.0), (333.0, 657.6), (333.0, 667.1), (333.0, 695.4)]",0,11.15
speedrunner,meatboy,8,Stuck,11,0,-39.46,0.104,"[(329.0, 749.0), (333.0, 755.3), (395.3, 755.0), (439.0, 705.0), (439.0, 698.0), (439.0, 709.8), (439.0, 740.4), (429.9, 719.4), (412.9, 677.8), (371.5, 661.5), (291.5, 666.3), (265.0, 689.8), (265.0, 728.3), (267.6, 739.9), (265.0, 706.1), (262.4, 706.1), (255.4, 725.0), (255.0, 747.3), (247.4, 696.2), (239.5, 664.1), (218.5, 654.7), (202.8, 664.1), (192.5, 692.4), (187.5, 739.5), (186.2, 726.2), (179.2, 684.5), (176.1, 677.5), (168.4, 689.3), (166.1, 719.9), (159.5, 747.3), (155.1, 696.2), (149.1, 681.9), (144.1, 689.0), (138.7, 715.0), (133.1, 755.0), (132.0, 707.5), (124.3, 687.7), (122.0, 692.5), (113.7, 716.0), (110.7, 755.0), (103.1, 707.5), (99.4, 698.1), (92.6, 707.6), (88.2, 735.9), (83.7, 740.8), (76.7, 692.1), (73.7, 678.1), (73.0, 685.2)]",0,6.35
speedrunner,meatboy,8,Stuck,9,0,-45.76,0.104,"[(329.0, 749.0), (333.0, 755.3), (336.2, 701.9), (309.2, 675.2), (265.0, 675.2), (265.0, 694.1), (265.0, 730.3), (265.2, 749.9), (265.4, 726.1), (257.0, 716.7), (187.7, 726.2), (109.4, 754.5), (79.8, 747.3), (73.0, 703.1), (73.0, 698.4), (73.0, 712.6), (73.0, 745.4), (73.0, 713.5), (73.0, 674.2), (73.0, 653.8), (73.0, 652.2), (73.0, 669.5), (73.0, 704.7), (73.0, 744.4), (73.0, 719.4), (73.0, 677.8), (73.0, 655.0), (73.0, 651.1), (73.0, 666.0), (73.0, 699.5), (73.0, 739.2), (73.0, 725.9), (73.0, 682.0), (73.0, 656.8), (73.0, 650.5), (73.0, 663.1), (73.0, 694.5), (73.0, 734.2), (73.0, 732.8), (73.0, 686.4), (73.0, 658.9)]",0,5.45
speedrunner,meatboy,8,Stuck,14,0,15.36,0.632,"[(329.0, 749.0), (333.0, 755.3), (395.0, 740.2), (439.0, 697.8), (439.0, 693.1), (439.0, 707.2), (439.0, 740.2), (434.2, 740.2), (428.5, 740.3), (429.0, 748.0), (427.4, 697.0), (416.8, 667.0), (350.2, 662.3), (270.4, 676.4), (265.0, 709.2), (265.0, 748.9), (268.5, 713.2), (265.0, 692.8), (258.2, 697.5), (253.9, 721.1), (255.0, 747.3), (262.7, 696.2), (265.0, 664.1), (265.0, 650.7), (265.0, 656.2), (265.0, 680.5), (265.0, 723.7), (268.8, 732.8), (275.1, 686.4), (276.3, 658.9), (276.3, 650.3), (276.3, 660.5), (276.3, 689.5), (276.3, 737.4), (282.2, 719.4), (287.2, 677.8), (287.7, 655.0), (287.7, 651.1), (287.7, 666.0), (287.7, 699.8), (287.7, 752.4), (295.2, 707.2), (298.9, 670.3), (299.0, 655.2), (299.0, 660.0), (299.0, 683.5), (299.0, 726.0), (307.0, 755.0), (376.3, 755.9), (428.3, 707.2), (432.6, 670.3), (432.6, 652.3), (432.6, 653.0), (432.6, 672.7), (432.6, 711.1), (433.9, 747.3), (441.6, 696.2), (443.9, 689.4), (443.9, 711.8), (443.9, 753.0)]",0,7.9
speedrunner,meatboy,8,Stuck,13,0,-11.26,0.334,"[(329.0, 749.0), (333.0, 755.3), (395.0, 740.2), (439.0, 697.8), (439.0, 693.1), (439.0, 707.2), (439.0, 740.2), (434.2, 740.2), (428.5, 740.3), (429.0, 748.0), (427.4, 697.0), (416.8, 667.0), (350.2, 662.3), (270.4, 676.4), (265.0, 709.2), (265.0, 748.9), (268.5, 713.2), (265.0, 692.8), (258.2, 697.5), (253.9, 721.1), (255.0, 747.3), (262.7, 696.2), (265.0, 664.1), (265.0, 650.7), (265.0, 656.2), (265.0, 680.5), (265.0, 723.7), (268.8, 732.8), (275.1, 686.4), (276.3, 658.9), (276.3, 650.3), (276.3, 660.5), (276.3, 689.5), (276.3, 737.4), (282.2, 719.4), (287.2, 677.8), (287.7, 655.0), (287.7, 651.1), (287.7, 666.0), (287.7, 699.8), (287.7, 752.4), (295.2, 707.2), (298.9, 670.3), (299.0, 655.2), (299.0, 660.0), (299.0, 683.5), (299.0, 726.0), (307.0, 755.0), (376.3, 755.9), (414.7, 707.2), (414.7, 670.3), (414.7, 652.3), (414.7, 653.0), (414.7, 672.7), (414.7, 711.1), (413.4, 747.3), (405.7, 696.2), (399.1, 664.1), (335.0, 654.7), (255.0, 664.1)]",0,7.9
speedrunner,meatboy,8,Stuck,11,0,-39.46,0.104,"[(329.0, 749.0), (333.0, 755.3), (395.3, 755.0), (439.0, 705.0), (439.0, 698.0), (439.0, 709.8), (439.0, 740.4), (429.9, 719.4), (412.9, 677.8), (371.5, 661.5), (291.5, 666.3), (265.0, 689.8), (265.0, 728.3), (267.6, 739.9), (265.0, 706.1), (262.4, 706.1), (255.4, 725.0), (255.0, 747.3), (247.4, 696.2), (239.5, 664.1), (218.5, 654.7), (202.8, 664.1), (192.5, 692.4), (187.5, 739.5), (186.2, 726.2), (179.2, 684.5), (176.1, 677.5), (168.4, 689.3), (166.1, 719.9), (159.5, 747.3), (155.1, 696.2), (149.1, 681.9), (144.1, 689.0), (138.7, 715.0), (133.1, 755.0), (132.0, 707.5), (124.3, 687.7), (122.0, 692.5), (113.7, 716.0), (110.7, 755.0), (103.1, 707.5), (99.4, 698.1), (92.6, 707.6), (88.2, 735.9), (83.7, 740.8), (76.7, 692.1), (73.7, 678.1), (73.0, 685.2)]",0,6.35
speedrunner,meatboy,8,Stuck,13,0,-46.34,0.104,"[(329.0, 749.0), (333.0, 755.3), (336.2, 701.9), (289.8, 682.7), (265.0, 687.4), (265.0, 711.0), (265.0, 749.5), (226.9, 753.4), (200.8, 748.2), (198.0, 697.1), (194.9, 664.9), (187.2, 655.5), (184.9, 665.0), (176.6, 693.3), (173.6, 740.4), (167.0, 719.4), (162.0, 677.8), (156.7, 664.7), (151.0, 671.8), (146.4, 697.7), (140.1, 742.5), (140.1, 719.7), (131.8, 680.1), (128.8, 673.0), (121.2, 684.8), (117.6, 715.5), (112.6, 755.3), (106.9, 701.9), (102.3, 675.2), (96.0, 675.2), (92.2, 694.1), (85.2, 731.8), (79.9, 733.1), (73.6, 686.7), (73.0, 677.3), (73.0, 686.8), (73.0, 715.1), (73.0, 754.7), (73.0, 707.2), (73.0, 670.3), (73.0, 652.3)]",0,5.42
speedrunner,meatboy,8,Stuck,18,0,-40.87,0.104,"[(329.0, 749.0), (333.0, 755.3), (392.3, 732.8), (439.0, 695.9), (439.0, 693.5), (439.0, 710.0), (439.0, 745.4), (419.0, 713.2), (357.3, 673.9), (281.4, 664.5), (265.0, 674.0), (265.0, 702.3), (265.0, 741.8), (262.8, 751.9), (260.7, 753.4), (257.2, 755.2), (254.5, 701.8), (234.3, 668.3), (157.4, 661.3), (82.4, 673.1), (73.0, 703.7), (73.0, 743.4), (73.0, 740.2), (73.0, 740.3), (73.0, 748.0), (73.0, 738.6), (73.0, 748.1), (73.0, 740.2), (73.0, 740.3), (73.0, 748.0), (73.0, 738.6), (73.0, 748.1), (73.0, 740.2), (73.0, 740.3), (73.0, 748.0), (73.0, 738.6), (73.0, 748.1), (73.0, 740.2), (73.0, 740.3), (73.0, 748.0), (73.0, 738.6), (73.0, 748.1), (73.0, 740.2), (73.0, 740.3), (73.0, 748.0), (73.0, 738.6), (73.0, 748.1)]",0,6.2
speedrunner,meatboy,8,Stuck,18,0,-40.87,0.104,"[(329.0, 749.0), (333.0, 755.3), (392.3, 732.8), (439.0, 695.9), (439.0, 693.5), (439.0, 710.0), (439.0, 745.4), (419.0, 713.2), (357.3, 673.9), (281.4, 664.5), (265.0, 674.0), (265.0, 702.3), (265.0, 741.8), (262.8, 751.9), (260.7, 753.4), (257.2, 755.2), (254.5, 701.8), (234.3, 668.3), (157.4, 661.3), (82.4, 673.1), (73.0, 703.7), (73.0, 743.4), (73.0, 740.2), (73.0, 740.3), (73.0, 748.0), (73.0, 738.6), (73.0, 748.1), (73.0, 740.2), (73.0, 740.3), (73.0, 748.0), (73.0, 738.6), (73.0, 748.1), (73.0, 740.2), (73.0, 740.3), (73.0, 748.0), (73.0, 738.6), (73.0, 748.1), (73.0, 740.2), (73.0, 740.3), (73.0, 748.0), (73.0, 738.6), (73.0, 748.1), (73.0, 740.2), (73.0, 740.3), (73.0, 748.0), (73.0, 738.6), (73.0, 748.1)]",0,6.2
speedrunner,meatboy,8,Stuck,11,0,-39.46,0.104,"[(329.0, 749.0), (333.0, 755.3), (395.3, 755.0), (439.0, 705.0), (439.0, 698.0), (439.0, 709.8), (439.0, 740.4), (429.9, 719.4), (412.9, 677.8), (371.5, 661.5), (291.5, 666.3), (265.0, 689.8), (265.0, 728.3), (267.6, 739.9), (265.0, 706.1), (262.4, 706.1), (255.4, 725.0), (255.0, 747.3), (247.4, 696.2), (239.5, 664.1), (218.5, 654.7), (202.8, 664.1), (192.5, 692.4), (187.5, 739.5), (186.2, 726.2), (179.2, 684.5), (176.1, 677.5), (168.4, 689.3), (166.1, 719.9), (159.5, 747.3), (155.1, 696.2), (149.1, 681.9), (144.1, 689.0), (138.7, 715.0), (133.1, 755.0), (132.0, 707.5), (124.3, 687.7), (122.0, 692.5), (113.7, 716.0), (110.7, 755.0), (103.1, 707.5), (99.4, 698.1), (92.6, 707.6), (88.2, 735.9), (83.7, 740.8), (76.7, 692.1), (73.7, 678.1), (73.0, 685.2)]",0,6.35
speedrunner,meatboy,8,Stuck,13,0,-11.26,0.334,"[(329.0, 749.0), (333.0, 755.3), (395.0, 740.2), (439.0, 697.8), (439.0, 693.1), (439.0, 707.2), (439.0, 740.2), (434.2, 740.2), (428.5, 740.3), (429.0, 748.0), (427.4, 697.0), (416.8, 667.0), (350.2, 662.3), (270.4, 676.4), (265.0, 709.2), (265.0, 748.9), (268.5, 713.2), (265.0, 692.8), (258.2, 697.5), (253.9, 721.1), (255.0, 747.3), (262.7, 696.2), (265.0, 664.1), (265.0, 650.7), (265.0, 656.2), (265.0, 680.5), (265.0, 723.7), (268.8, 732.8), (275.1, 686.4), (276.3, 658.9), (276.3, 650.3), (276.3, 660.5), (276.3, 689.5), (276.3, 737.4), (282.2, 719.4), (287.2, 677.8), (287.7, 655.0), (287.7, 651.1), (287.7, 666.0), (287.7, 699.8), (287.7, 752.4), (295.2, 707.2), (298.9, 670.3), (299.0, 655.2), (299.0, 660.0), (299.0, 683.5), (299.0, 726.0), (307.0, 755.0), (376.3, 755.9), (414.7, 707.2), (414.7, 670.3), (414.7, 652.3), (414.7, 653.0), (414.7, 672.7), (414.7, 711.1), (413.4, 747.3), (405.7, 696.2), (399.1, 664.1), (335.0, 654.7), (255.0, 664.1)]",0,7.9
speedrunner,meatboy,8,Stuck,14,0,15.36,0.632,"[(329.0, 749.0), (333.0, 755.3), (395.0, 740.2), (439.0, 697.8), (439.0, 693.1), (439.0, 707.2), (439.0, 740.2), (434.2, 740.2), (428.5, 740.3), (429.0, 748.0), (427.4, 697.0), (416.8, 667.0), (350.2, 662.3), (270.4, 676.4), (265.0, 709.2), (265.0, 748.9), (268.5, 713.2), (265.0, 692.8), (258.2, 697.5), (253.9, 721.1), (255.0, 747.3), (262.7, 696.2), (265.0, 664.1), (265.0, 650.7), (265.0, 656.2), (265.0, 680.5), (265.0, 723.7), (268.8, 732.8), (275.1, 686.4), (276.3, 658.9), (276.3, 650.3), (276.3, 660.5), (276.3, 689.5), (276.3, 737.4), (282.2, 719.4), (287.2, 677.8), (287.7, 655.0), (287.7, 651.1), (287.7, 666.0), (287.7, 699.8), (287.7, 752.4), (295.2, 707.2), (298.9, 670.3), (299.0, 655.2), (299.0, 660.0), (299.0, 683.5), (299.0, 726.0), (307.0, 755.0), (376.3, 755.9), (428.3, 707.2), (432.6, 670.3), (432.6, 652.3), (432.6, 653.0), (432.6, 672.7), (432.6, 711.1), (433.9, 747.3), (441.6, 696.2), (443.9, 689.4), (443.9, 711.8), (443.9, 753.0)]",0,7.9
speedrunner,meatboy,8,Stuck,11,0,-7.05,0.42,"[(329.0, 749.0), (333.0, 755.3), (392.3, 732.8), (439.0, 692.1), (439.0, 687.4), (439.0, 701.6), (439.0, 734.6), (431.0, 741.6), (361.7, 739.2), (281.7, 755.7), (269.8, 755.3), (340.5, 755.0), (407.2, 719.4), (410.7, 677.8), (405.3, 655.0), (399.7, 651.1), (395.1, 666.0), (388.8, 699.8), (387.5, 752.4), (383.0, 707.2), (378.0, 670.3), (372.7, 653.3), (367.0, 655.6), (362.4, 676.9), (356.1, 716.9), (357.4, 739.9), (353.5, 691.2), (347.8, 669.7), (343.3, 672.1), (336.9, 693.3), (333.1, 733.4), (331.3, 725.9), (327.6, 684.2), (320.6, 677.2), (317.5, 689.0), (309.8, 719.6), (309.4, 747.3), (309.2, 696.2), (307.0, 681.9), (298.7, 689.0), (295.7, 715.0)]",0,5.35
speedrunner,meatboy,8,Stuck,14,0,-36.53,0.104,"[(329.0, 749.0), (333.0, 747.3), (336.4, 696.2), (329.4, 677.6), (326.3, 682.4), (318.7, 705.9), (316.3, 748.4), (319.8, 713.2), (311.5, 684.1), (308.5, 684.2), (300.9, 703.0), (297.3, 740.7), (300.7, 719.4), (293.1, 689.2), (289.4, 689.2), (282.6, 708.1), (278.3, 745.8), (281.8, 713.2), (277.7, 688.2), (271.7, 690.5), (266.7, 711.8), (265.0, 749.5), (265.0, 713.2), (265.0, 703.8), (261.0, 713.2), (197.7, 741.5), (146.8, 755.9), (145.3, 707.2), (138.3, 676.2), (135.2, 673.9), (127.6, 690.4), (125.2, 725.8), (118.4, 740.2), (114.1, 691.5), (108.0, 677.5), (103.0, 684.6), (97.7, 710.5), (92.0, 755.3), (90.9, 707.2), (83.3, 673.7), (80.9, 669.0), (73.0, 683.1), (73.0, 716.0), (73.0, 755.6), (73.0, 707.2), (73.0, 670.3), (73.0, 660.9), (73.0, 670.4), (73.0, 698.7), (73.0, 738.3), (73.0, 725.9), (73.0, 682.0), (73.0, 662.2)]",0,6.93
speedrunner,meatboy,8,Stuck,13,0,-1.48,0.455,"[(329.0, 749.0), (333.0, 755.3), (396.1, 732.8), (439.0, 695.9), (439.0, 693.5), (439.0, 710.0), (439.0, 745.4), (433.2, 739.2), (428.2, 741.6), (427.7, 740.6), (420.1, 691.9), (407.9, 663.7), (336.9, 659.0), (265.0, 673.1), (265.0, 705.9), (265.0, 745.6), (275.1, 719.4), (268.2, 693.5), (263.9, 695.9), (263.7, 717.1), (263.7, 755.0), (272.0, 701.6), (275.0, 667.0), (275.0, 651.3), (275.0, 654.5), (275.0, 676.4), (275.0, 717.3), (277.6, 739.9), (284.6, 691.2), (286.3, 661.4), (286.3, 650.4), (286.3, 658.2), (286.3, 684.9), (286.3, 730.4), (291.2, 725.9), (296.8, 682.0), (297.7, 656.8), (297.7, 650.5), (297.7, 663.1), (297.7, 694.5), (297.7, 744.7), (304.4, 713.2), (308.7, 673.9), (309.0, 653.5), (309.0, 651.9), (309.0, 669.2), (309.0, 705.3), (309.0, 755.0), (317.3, 701.6), (320.3, 667.0), (320.3, 651.3)]",0,6.68
speedrunner,meatboy,8,Stuck,3,0,48.38,0.896,"[(329.0, 749.0), (333.0, 755.3), (396.3, 755.0), (439.0, 709.1), (439.0, 704.4), (439.0, 718.5), (439.0, 751.5), (425.2, 707.2), (409.5, 670.3), (351.5, 660.9), (271.8, 670.4), (265.0, 698.7), (265.0, 738.3), (268.6, 725.9), (265.0, 710.2), (260.2, 717.2), (254.5, 743.2), (276.0, 755.9), (354.2, 755.3), (434.2, 755.0), (514.2, 755.9), (594.2, 755.3), (631.0, 755.0), (631.0, 755.9), (631.0, 755.3), (631.0, 755.0), (631.0, 755.9), (631.0, 755.3), (631.0, 755.0), (631.0, 755.9), (631.0, 755.3), (631.0, 755.0), (631.0, 755.9), (631.0, 755.3), (631.0, 755.0), (631.0, 755.9), (631.0, 755.3), (631.0, 755.0), (631.0, 755.9), (631.0, 755.3), (631.0, 755.0), (631.0, 755.9), (631.0, 755.3), (631.0, 755.0), (631.0, 755.9), (631.0, 755.3), (631.0, 755.0), (631.0, 755.9)]",0,6.32
speedrunner,meatboy,8,Stuck,14,0,-36.79,0.137,"[(329.0, 749.0), (333.0, 755.3), (392.3, 732.8), (439.0, 695.9), (439.0, 693.5), (439.0, 710.0), (439.0, 745.4), (419.0, 713.2), (342.9, 675.6), (265.0, 668.5), (265.0, 680.3), (265.0, 711.0), (265.0, 750.7), (266.2, 755.2), (265.0, 719.1), (257.4, 719.1), (253.8, 738.0), (249.7, 732.8), (246.0, 686.4), (234.7, 659.9), (221.7, 655.2), (214.1, 669.4), (211.7, 702.4), (203.4, 754.2), (205.2, 713.5), (198.2, 675.9), (195.2, 668.8), (187.5, 680.6), (185.2, 711.3), (176.8, 755.0), (179.0, 707.5), (172.0, 679.7), (168.9, 679.7), (161.2, 698.6), (158.9, 736.3), (151.8, 725.9), (147.4, 687.1), (141.3, 682.4), (136.3, 696.5), (131.0, 729.5), (126.9, 740.2), (123.8, 691.5), (116.1, 682.1), (113.8, 691.5), (105.4, 719.8), (104.3, 755.3), (98.2, 701.9)]",0,6.17
speedrunner,meatboy,8,Stuck,11,0,-38.86,0.104,"[(329.0, 749.0), (333.0, 755.3), (393.3, 755.0), (430.8, 701.6), (439.0, 692.2), (439.0, 701.6), (439.0, 729.9), (435.0, 732.8), (416.7, 686.4), (389.5, 663.3), (311.5, 663.3), (265.0, 682.2), (265.0, 718.4), (265.0, 755.0), (265.0, 709.1), (265.0, 704.4), (256.7, 718.5), (253.7, 751.5), (249.2, 707.2), (244.2, 670.3), (223.2, 655.2), (206.2, 660.0), (194.6, 683.5), (188.2, 726.0), (188.8, 740.2), (180.4, 691.5), (177.4, 677.5), (169.9, 684.6), (166.2, 710.5), (159.4, 755.3), (155.7, 707.2), (151.1, 683.1), (144.8, 685.5), (141.0, 706.7), (134.0, 746.8), (133.3, 719.7), (125.7, 689.5), (122.1, 689.5), (115.2, 708.4), (110.9, 746.1), (104.8, 719.7), (99.8, 698.7), (94.5, 703.5), (88.8, 727.0), (86.3, 755.9), (78.0, 702.5), (75.0, 679.2), (73.0, 681.6)]",0,6.38
speedrunner,meatboy,8,Stuck,11,0,-38.86,0.104,"[(329.0, 749.0), (333.0, 755.3), (393.3, 755.0), (430.8, 701.6), (439.0, 692.2), (439.0, 701.6), (439.0, 729.9), (435.0, 732.8), (416.7, 686.4), (389.5, 663.3), (311.5, 663.3), (265.0, 682.2), (265.0, 718.4), (265.0, 755.0), (265.0, 709.1), (265.0, 704.4), (256.7, 718.5), (253.7, 751.5), (249.2, 707.2), (244.2, 670.3), (223.2, 655.2), (206.2, 660.0), (194.6, 683.5), (188.2, 726.0), (188.8, 740.2), (180.4, 691.5), (177.4, 677.5), (169.9, 684.6), (166.2, 710.5), (159.4, 755.3), (155.7, 707.2), (151.1, 683.1), (144.8, 685.5), (141.0, 706.7), (134.0, 746.8), (133.3, 719.7), (125.7, 689.5), (122.1, 689.5), (115.2, 708.4), (110.9, 746.1), (104.8, 719.7), (99.8, 698.7), (94.5, 703.5), (88.8, 727.0), (86.3, 755.9), (78.0, 702.5), (75.0, 679.2), (73.0, 681.6)]",0,6.38
speedrunner,meatboy,8,Stuck,14,0,-36.79,0.137,"[(329.0, 749.0), (333.0, 755.3), (392.3, 732.8), (439.0, 695.9), (439.0, 693.5), (439.0, 710.0), (439.0, 745.4), (419.0, 713.2), (342.9, 675.6), (265.0, 668.5), (265.0, 680.3), (265.0, 711.0), (265.0, 750.7), (266.2, 755.2), (265.0, 719.1), (257.4, 719.1), (253.8, 738.0), (249.7, 732.8), (246.0, 686.4), (234.7, 659.9), (221.7, 655.2), (214.1, 669.4), (211.7, 702.4), (203.4, 754.2), (205.2, 713.5), (198.2, 675.9), (195.2, 668.8), (187.5, 680.6), (185.2, 711.3), (176.8, 755.0), (179.0, 707.5), (172.0, 679.7), (168.9, 679.7), (161.2, 698.6), (158.9, 736.3), (151.8, 725.9), (147.4, 687.1), (141.3, 682.4), (136.3, 696.5), (131.0, 729.5), (126.9, 740.2), (123.8, 691.5), (116.1, 682.1), (113.8, 691.5), (105.4, 719.8), (104.3, 755.3), (98.2, 701.9)]",0,6.17
speedrunner,meatboy,8,Stuck,3,0,48.38,0.896,"[(329.0, 749.0), (333.0, 755.3), (396.3, 755.0), (439.0, 709.1), (439.0, 704.4), (439.0, 718.5), (439.0, 751.5), (425.2, 707.2), (409.5, 670.3), (351.5, 660.9), (271.8, 670.4), (265.0, 698.7), (265.0, 738.3), (268.6, 725.9), (265.0, 710.2), (260.2, 717.2), (254.5, 743.2), (276.0, 755.9), (354.2, 755.3), (434.2, 755.0), (514.2, 755.9), (594.2, 755.3), (631.0, 755.0), (631.0, 755.9), (631.0, 755.3), (631.0, 755.0), (631.0, 755.9), (631.0, 755.3), (631.0, 755.0), (631.0, 755.9), (631.0, 755.3), (631.0, 755.0), (631.0, 755.9), (631.0, 755.3), (631.0, 755.0), (631.0, 755.9), (631.0, 755.3), (631.0, 755.0), (631.0, 755.9), (631.0, 755.3), (631.0, 755.0), (631.0, 755.9), (631.0, 755.3), (631.0, 755.0), (631.0, 755.9), (631.0, 755.3), (631.0, 755.0), (631.0, 755.9)]",0,6.32
speedrunner,meatboy,8,Stuck,13,0,-1.48,0.455,"[(329.0, 749.0), (333.0, 755.3), (396.1, 732.8), (439.0, 695.9), (439.0, 693.5), (439.0, 710.0), (439.0, 745.4), (433.2, 739.2), (428.2, 741.6), (427.7, 740.6), (420.1, 691.9), (407.9, 663.7), (336.9, 659.0), (265.0, 673.1), (265.0, 705.9), (265.0, 745.6), (275.1, 719.4), (268.2, 693.5), (263.9, 695.9), (263.7, 717.1), (263.7, 755.0), (272.0, 701.6), (275.0, 667.0), (275.0, 651.3), (275.0, 654.5), (275.0, 676.4), (275.0, 717.3), (277.6, 739.9), (284.6, 691.2), (286.3, 661.4), (286.3, 650.4), (286.3, 658.2), (286.3, 684.9), (286.3, 730.4), (291.2, 725.9), (296.8, 682.0), (297.7, 656.8), (297.7, 650.5), (297.7, 663.1), (297.7, 694.5), (297.7, 744.7), (304.4, 713.2), (308.7, 673.9), (309.0, 653.5), (309.0, 651.9), (309.0, 669.2), (309.0, 705.3), (309.0, 755.0), (317.3, 701.6), (320.3, 667.0), (320.3, 651.3)]",0,6.68
speedrunner,meatboy,8,Stuck,16,0,-40.64,0.104,"[(329.0, 749.0), (333.0, 755.3), (392.3, 732.8), (439.0, 695.9), (439.0, 693.5), (439.0, 710.0), (439.0, 745.4), (419.0, 713.2), (342.9, 675.6), (265.0, 668.5), (265.0, 680.3), (265.0, 711.0), (265.0, 750.7), (260.2, 755.2), (250.7, 749.0), (187.5, 755.3), (181.9, 726.8), (174.3, 685.1), (170.6, 678.1), (163.8, 689.9), (159.5, 720.5), (155.1, 747.3), (148.7, 696.2), (144.9, 681.9), (137.9, 689.0), (134.8, 715.0), (127.2, 755.0), (125.5, 707.5), (118.7, 683.4), (114.4, 685.8), (108.3, 707.0), (103.3, 747.1), (97.0, 719.7), (92.0, 689.5), (86.7, 689.5), (81.0, 708.4), (76.4, 746.1), (73.0, 740.5), (73.0, 740.6), (73.0, 747.3), (73.0, 737.9), (73.0, 747.3), (73.0, 741.0), (73.0, 741.0), (73.0, 747.3), (73.0, 737.9), (73.0, 747.3)]",0,6.17
speedrunner,meatboy,8,Stuck,10,0,-6.65,0.398,"[(329.0, 749.0), (333.0, 755.3), (396.2, 740.2), (439.0, 701.8), (439.0, 699.5), (439.0, 716.0), (439.0, 751.3), (425.2, 707.2), (409.5, 670.3), (351.5, 660.9), (271.8, 670.4), (265.0, 698.7), (265.0, 738.3), (268.6, 725.9), (265.0, 694.5), (260.2, 694.6), (254.5, 713.4), (253.7, 751.1), (261.2, 707.2), (264.9, 670.3), (265.0, 652.3), (265.0, 653.0), (265.0, 672.7), (265.0, 711.1), (264.3, 747.3), (266.2, 696.2), (266.2, 664.1), (266.2, 650.7), (266.2, 656.2), (266.2, 680.5), (266.2, 723.7), (266.5, 732.8), (267.4, 686.4), (267.4, 658.9), (267.4, 650.3), (267.4, 660.5), (267.4, 689.5), (267.4, 737.4), (268.3, 719.4), (268.7, 677.8), (268.7, 655.0), (268.7, 651.1), (268.7, 666.0), (268.7, 699.8), (268.7, 752.4), (276.2, 707.2), (279.9, 670.3), (280.0, 652.3)]",0,6.32
speedrunner,meatboy,8,Stuck,9,0,10.79,0.548,"[(329.0, 749.0), (333.0, 747.3), (351.3, 696.2), (364.3, 670.7), (372.0, 670.8), (374.3, 689.6), (374.3, 727.3), (378.1, 732.8), (384.4, 689.0), (385.7, 681.9), (385.7, 693.7), (385.7, 724.4), (385.7, 739.9), (385.7, 694.0), (385.7, 687.0), (385.7, 698.8), (385.7, 729.4), (385.7, 732.8), (385.7, 692.1), (385.7, 687.4), (385.7, 701.6), (385.7, 734.6), (385.7, 725.9), (385.7, 690.5), (385.7, 688.2), (385.7, 704.7), (385.7, 740.1), (385.7, 719.4), (385.7, 689.2), (385.7, 689.2), (385.7, 708.1), (385.7, 745.8), (385.7, 713.2), (385.7, 688.2), (385.7, 690.5), (385.7, 711.8), (385.7, 751.8), (385.7, 707.2), (385.7, 687.4), (385.7, 692.2)]",0,5.25
speedrunner,meatboy,8,Stuck,4,0,45.77,0.859,"[(329.0, 749.0), (333.0, 755.3), (393.3, 755.0), (430.8, 701.6), (439.0, 692.2), (439.0, 701.6), (439.0, 729.9), (436.4, 732.8), (429.4, 686.4), (413.6, 663.3), (338.8, 663.3), (265.0, 682.2), (265.0, 718.4), (265.0, 755.0), (265.9, 713.7), (265.0, 711.4), (256.7, 727.9), (255.5, 755.3), (314.2, 755.0), (392.2, 755.9), (425.8, 707.2), (452.1, 686.8), (473.1, 704.4), (488.8, 740.9), (520.4, 755.9), (589.8, 755.3), (604.8, 755.0), (604.8, 755.9), (604.8, 755.3), (604.8, 755.0), (604.8, 755.9), (604.8, 755.3), (604.8, 755.0), (604.8, 755.9), (604.8, 755.3), (604.8, 755.0), (604.8, 755.9), (604.8, 755.3), (604.8, 755.0), (604.8, 755.9), (604.8, 755.3), (604.8, 755.0), (604.8, 755.9), (604.8, 755.3), (604.8, 755.0), (604.8, 755.9), (604.8, 755.3)]",0,6.13
speedrunner,meatboy,8,Stuck,15,0,-38.96,0.104,"[(329.0, 749.0), (333.0, 755.3), (395.0, 740.2), (439.0, 697.8), (439.0, 693.1), (439.0, 707.2), (439.0, 740.2), (434.2, 740.2), (428.5, 740.3), (429.0, 748.0), (427.4, 697.0), (416.8, 667.0), (350.2, 662.3), (270.4, 676.4), (265.0, 709.2), (265.0, 748.9), (268.5, 713.2), (265.0, 692.8), (258.2, 697.5), (253.9, 721.1), (250.7, 755.3), (253.2, 701.9), (246.5, 667.3), (208.3, 652.8), (173.9, 657.6), (144.9, 681.1), (121.3, 723.6), (110.2, 748.2), (104.9, 700.3), (99.3, 693.2), (94.7, 705.0), (88.4, 735.7), (83.4, 733.1), (77.1, 686.7), (73.3, 677.3), (73.0, 686.8), (73.0, 715.1), (73.0, 754.7), (73.0, 738.5), (73.0, 743.2), (73.0, 743.9), (73.0, 739.2), (73.0, 753.4), (73.0, 738.5), (73.0, 743.2), (73.0, 743.9), (73.0, 739.2), (73.0, 753.4), (73.0, 738.5)]",0,6.43
speedrunner,meatboy,8,Stuck,13,0,-11.26,0.334,"[(329.0, 749.0), (333.0, 755.3), (395.0, 740.2), (439.0, 697.8), (439.0, 693.1), (439.0, 707.2), (439.0, 740.2), (434.2, 740.2), (428.5, 740.3), (429.0, 748.0), (427.4, 697.0), (416.8, 667.0), (350.2, 662.3), (270.4, 676.4), (265.0, 709.2), (265.0, 748.9), (268.5, 713.2), (265.0, 692.8), (258.2, 697.5), (253.9, 721.1), (255.0, 747.3), (262.7, 696.2), (265.0, 664.1), (265.0, 650.7), (265.0, 656.2), (265.0, 680.5), (265.0, 723.7), (268.8, 732.8), (275.1, 686.4), (276.3, 658.9), (276.3, 650.3), (276.3, 660.5), (276.3, 689.5), (276.3, 737.4), (282.2, 719.4), (287.2, 677.8), (287.7, 655.0), (287.7, 651.1), (287.7, 666.0), (287.7, 699.8), (287.7, 752.4), (295.2, 707.2), (298.9, 670.3), (299.0, 655.2), (299.0, 660.0), (299.0, 683.5), (299.0, 726.0), (307.0, 755.0), (376.3, 755.9), (414.7, 707.2), (414.7, 670.3), (414.7, 652.3), (414.7, 653.0), (414.7, 672.7), (414.7, 711.1), (413.4, 747.3), (405.7, 696.2), (399.1, 664.1), (335.0, 654.7), (255.0, 664.1)]",0,7.9
speedrunner,meatboy,8,Stuck,13,0,-11.26,0.334,"[(329.0, 749.0), (333.0, 755.3), (395.0, 740.2), (439.0, 697.8), (439.0, 693.1), (439.0, 707.2), (439.0, 740.2), (434.2, 740.2), (428.5, 740.3), (429.0, 748.0), (427.4, 697.0), (416.8, 667.0), (350.2, 662.3), (270.4, 676.4), (265.0, 709.2), (265.0, 748.9), (268.5, 713.2), (265.0, 692.8), (258.2, 697.5), (253.9, 721.1), (255.0, 747.3), (262.7, 696.2), (265.0, 664.1), (265.0, 650.7), (265.0, 656.2), (265.0, 680.5), (265.0, 723.7), (268.8, 732.8), (275.1, 686.4), (276.3, 658.9), (276.3, 650.3), (276.3, 660.5), (276.3, 689.5), (276.3, 737.4), (282.2, 719.4), (287.2, 677.8), (287.7, 655.0), (287.7, 651.1), (287.7, 666.0), (287.7, 699.8), (287.7, 752.4), (295.2, 707.2), (298.9, 670.3), (299.0, 655.2), (299.0, 660.0), (299.0, 683.5), (299.0, 726.0), (307.0, 755.0), (376.3, 755.9), (414.7, 707.2), (414.7, 670.3), (414.7, 652.3), (414.7, 653.0), (414.7, 672.7), (414.7, 711.1), (413.4, 747.3), (405.7, 696.2), (399.1, 664.1), (335.0, 654.7), (255.0, 664.1)]",0,7.9
speedrunner,meatboy,8,Stuck,10,0,-6.65,0.398,"[(329.0, 749.0), (333.0, 755.3), (396.2, 740.2), (439.0, 701.8), (439.0, 699.5), (439.0, 716.0), (439.0, 751.3), (425.2, 707.2), (409.5, 670.3), (351.5, 660.9), (271.8, 670.4), (265.0, 698.7), (265.0, 738.3), (268.6, 725.9), (265.0, 694.5), (260.2, 694.6), (254.5, 713.4), (253.7, 751.1), (261.2, 707.2), (264.9, 670.3), (265.0, 652.3), (265.0, 653.0), (265.0, 672.7), (265.0, 711.1), (264.3, 747.3), (266.2, 696.2), (266.2, 664.1), (266.2, 650.7), (266.2, 656.2), (266.2, 680.5), (266.2, 723.7), (266.5, 732.8), (267.4, 686.4), (267.4, 658.9), (267.4, 650.3), (267.4, 660.5), (267.4, 689.5), (267.4, 737.4), (268.3, 719.4), (268.7, 677.8), (268.7, 655.0), (268.7, 651.1), (268.7, 666.0), (268.7, 699.8), (268.7, 752.4), (276.2, 707.2), (279.9, 670.3), (280.0, 652.3)]",0,6.32
speedrunner,meatboy,8,Stuck,16,0,-40.64,0.104,"[(329.0, 749.0), (333.0, 755.3), (392.3, 732.8), (439.0, 695.9), (439.0, 693.5), (439.0, 710.0), (439.0, 745.4), (419.0, 713.2), (342.9, 675.6), (265.0, 668.5), (265.0, 680.3), (265.0, 711.0), (265.0, 750.7), (260.2, 755.2), (250.7, 749.0), (187.5, 755.3), (181.9, 726.8), (174.3, 685.1), (170.6, 678.1), (163.8, 689.9), (159.5, 720.5), (155.1, 747.3), (148.7, 696.2), (144.9, 681.9), (137.9, 689.0), (134.8, 715.0), (127.2, 755.0), (125.5, 707.5), (118.7, 683.4), (114.4, 685.8), (108.3, 707.0), (103.3, 747.1), (97.0, 719.7), (92.0, 689.5), (86.7, 689.5), (81.0, 708.4), (76.4, 746.1), (73.0, 740.5), (73.0, 740.6), (73.0, 747.3), (73.0, 737.9), (73.0, 747.3), (73.0, 741.0), (73.0, 741.0), (73.0, 747.3), (73.0, 737.9), (73.0, 747.3)]",0,6.17
speedrunner,meatboy,8,Stuck,13,0,-1.48,0.455,"[(329.0, 749.0), (333.0, 755.3), (396.1, 732.8), (439.0, 695.9), (439.0, 693.5), (439.0, 710.0), (439.0, 745.4), (433.2, 739.2), (428.2, 741.6), (427.7, 740.6), (420.1, 691.9), (407.9, 663.7), (336.9, 659.0), (265.0, 673.1), (265.0, 705.9), (265.0, 745.6), (275.1, 719.4), (268.2, 693.5), (263.9, 695.9), (263.7, 717.1), (263.7, 755.0), (272.0, 701.6), (275.0, 667.0), (275.0, 651.3), (275.0, 654.5), (275.0, 676.4), (275.0, 717.3), (277.6, 739.9), (284.6, 691.2), (286.3, 661.4), (286.3, 650.4), (286.3, 658.2), (286.3, 684.9), (286.3, 730.4), (291.2, 725.9), (296.8, 682.0), (297.7, 656.8), (297.7, 650.5), (297.7, 663.1), (297.7, 694.5), (297.7, 744.7), (304.4, 713.2), (308.7, 673.9), (309.0, 653.5), (309.0, 651.9), (309.0, 669.2), (309.0, 705.3), (309.0, 755.0), (317.3, 701.6), (320.3, 667.0), (320.3, 651.3)]",0,6.68
speedrunner,meatboy,8,Stuck,16,0,-34.42,0.104,"[(329.0, 749.0), (333.0, 755.3), (395.0, 740.2), (439.0, 697.8), (439.0, 693.1), (439.0, 707.2), (439.0, 740.2), (425.7, 740.2), (351.7, 740.3), (273.6, 755.0), (268.8, 755.9), (338.2, 755.3), (408.3, 732.8), (411.9, 686.4), (392.6, 663.3), (316.5, 663.3), (265.0, 682.2), (265.0, 718.4), (263.7, 755.0), (264.2, 749.0), (276.1, 755.3), (343.4, 755.0), (413.6, 733.6), (408.7, 687.3), (334.9, 659.8), (265.0, 651.2), (265.0, 661.4), (260.2, 690.4), (254.5, 738.3), (276.0, 755.9), (354.2, 755.3), (420.9, 719.7), (410.2, 678.1), (334.2, 661.8), (254.2, 666.5), (174.2, 690.1), (95.0, 732.5), (73.0, 741.6), (73.0, 739.2), (73.0, 755.7), (73.0, 738.8), (73.0, 745.9), (73.0, 741.6), (73.0, 739.2), (73.0, 755.7), (73.0, 738.8), (73.0, 745.9), (73.0, 741.6), (73.0, 739.2), (73.0, 755.7), (73.0, 738.8), (73.0, 745.9), (73.0, 741.6)]",0,7.05
speedrunner,meatboy,8,Stuck,12,0,16.8,0.64,"[(329.0, 749.0), (333.0, 755.3), (396.2, 740.2), (439.0, 701.8), (439.0, 699.5), (439.0, 716.0), (439.0, 751.3), (432.2, 707.2), (427.9, 670.3), (378.8, 660.9), (298.8, 670.4), (265.0, 698.7), (265.0, 738.3), (268.6, 725.9), (265.0, 694.5), (260.2, 694.6), (254.5, 713.4), (253.7, 751.1), (261.2, 707.2), (264.9, 670.3), (265.0, 652.3), (265.0, 653.0), (265.0, 672.7), (265.0, 711.1), (266.3, 747.3), (274.0, 696.2), (276.3, 664.1), (276.3, 650.7), (276.3, 656.2), (276.3, 680.5), (276.3, 723.7), (280.1, 732.8), (286.4, 686.4), (287.7, 658.9), (287.7, 650.3), (287.7, 660.5), (287.7, 689.5), (287.7, 737.4), (293.5, 719.4), (298.5, 677.8), (299.0, 657.0), (299.0, 657.0), (299.0, 675.9), (299.0, 713.6), (300.3, 755.3), (356.3, 755.0), (418.3, 719.4), (437.1, 677.8), (439.0, 661.5), (439.0, 666.3), (439.0, 689.8), (439.0, 732.3), (443.8, 725.9), (449.5, 682.0), (450.3, 656.8), (450.3, 657.4), (450.3, 679.8)]",0,7.53
speedrunner,meatboy,8,Stuck,19,0,-35.68,0.104,"[(329.0, 749.0), (333.0, 755.3), (396.3, 755.0), (439.0, 705.0), (439.0, 698.0), (439.0, 709.8), (439.0, 740.4), (425.7, 740.2), (351.7, 740.3), (273.6, 755.0), (263.7, 755.9), (327.0, 755.3), (395.3, 755.0), (397.0, 701.6), (388.0, 668.1), (326.8, 661.1), (265.0, 672.9), (265.0, 703.5), (265.0, 743.2), (262.8, 751.9), (290.8, 755.9), (370.2, 755.3), (404.9, 713.2), (382.2, 673.9), (304.2, 661.1), (224.2, 668.2), (144.2, 694.1), (73.0, 738.9), (73.0, 741.6), (73.0, 739.2), (73.0, 755.7), (73.0, 738.5), (73.0, 743.2), (73.0, 745.1), (73.0, 738.0), (73.0, 749.8), (73.0, 740.2), (73.0, 740.3), (73.0, 755.0), (73.0, 738.0), (73.0, 745.1), (73.0, 743.2), (73.0, 738.5), (73.0, 752.6), (73.0, 739.2), (73.0, 741.6), (73.0, 747.3), (73.0, 737.9), (73.0, 747.3), (73.0, 741.6), (73.0, 739.2), (73.0, 755.7), (73.0, 738.5), (73.0, 743.2)]",0,7.07
speedrunner,meatboy,8,Stuck,10,0,-2.04,0.441,"[(329.0, 749.0), (333.0, 755.3), (394.8, 732.8), (439.0, 695.9), (439.0, 693.5), (439.0, 710.0), (439.0, 745.4), (427.5, 713.2), (411.2, 673.9), (361.5, 661.1), (282.0, 668.2), (265.0, 694.1), (265.0, 733.3), (268.8, 732.8), (265.0, 695.9), (261.2, 693.5), (254.9, 710.0), (253.7, 745.4), (260.4, 713.2), (264.8, 673.9), (265.0, 653.5), (265.0, 651.9), (265.0, 669.2), (265.0, 705.3), (265.0, 755.0), (273.3, 701.6), (276.3, 667.0), (276.3, 651.3), (276.3, 654.5), (276.3, 676.4), (276.3, 717.3), (278.9, 739.9), (285.9, 691.2), (287.7, 661.4), (287.7, 650.4), (287.7, 658.2), (287.7, 684.9), (287.7, 730.4), (292.5, 725.9), (298.2, 682.0), (299.0, 657.2), (299.0, 652.5), (299.0, 666.7), (299.0, 699.7), (299.0, 751.5), (306.6, 707.2), (310.2, 670.3), (310.3, 655.2)]",0,6.33
speedrunner,meatboy,8,Stuck,16,0,-39.86,0.104,"[(329.0, 749.0), (333.0, 755.3), (392.3, 732.8), (439.0, 695.9), (439.0, 693.5), (439.0, 710.0), (439.0, 745.4), (419.0, 713.2), (342.9, 675.6), (265.0, 668.5), (265.0, 680.3), (265.0, 711.0), (265.0, 750.7), (266.2, 755.2), (265.0, 719.1), (257.4, 719.1), (253.8, 738.0), (249.7, 732.8), (246.0, 686.4), (233.3, 659.9), (166.3, 655.2), (87.1, 669.4), (73.0, 702.2), (73.0, 741.9), (73.0, 740.2), (73.0, 740.3), (73.0, 748.0), (73.0, 738.6), (73.0, 748.1), (73.0, 740.2), (73.0, 740.3), (73.0, 748.0), (73.0, 738.6), (73.0, 748.1), (73.0, 740.2), (73.0, 740.3), (73.0, 748.0), (73.0, 738.6), (73.0, 748.1), (73.0, 740.2), (73.0, 740.3), (73.0, 748.0), (73.0, 738.6), (73.0, 748.1), (73.0, 740.2), (73.0, 740.3), (73.0, 748.0)]",0,6.17
speedrunner,meatboy,8,Stuck,10,0,-0.88,0.449,"[(329.0, 749.0), (333.0, 755.3), (381.1, 713.2), (428.1, 677.9), (439.0, 673.2), (439.0, 687.3), (439.0, 720.3), (437.7, 739.9), (383.2, 691.2), (312.9, 664.6), (265.0, 662.3), (265.0, 678.8), (265.0, 713.5), (265.0, 753.1), (267.2, 720.2), (265.0, 717.9), (257.4, 734.4), (257.3, 739.9), (266.5, 691.2), (270.4, 661.4), (270.6, 650.4), (270.6, 658.2), (270.6, 684.9), (270.6, 730.4), (275.4, 725.9), (281.1, 682.0), (281.9, 656.8), (281.9, 650.5), (281.9, 663.1), (281.9, 694.5), (281.9, 744.7), (288.6, 713.2), (293.0, 673.9), (293.2, 653.5), (293.2, 651.9), (293.2, 669.2), (293.2, 705.3), (293.2, 755.0), (301.6, 701.6), (304.6, 667.0), (304.6, 651.3), (304.6, 654.5), (304.6, 676.4), (304.6, 717.3), (307.1, 739.9), (314.1, 691.2), (315.9, 661.4)]",0,6.25
speedrunner,meatboy,8,Stuck,10,0,-0.88,0.449,"[(329.0, 749.0), (333.0, 755.3), (381.1, 713.2), (428.1, 677.9), (439.0, 673.2), (439.0, 687.3), (439.0, 720.3), (437.7, 739.9), (383.2, 691.2), (312.9, 664.6), (265.0, 662.3), (265.0, 678.8), (265.0, 713.5), (265.0, 753.1), (267.2, 720.2), (265.0, 717.9), (257.4, 734.4), (257.3, 739.9), (266.5, 691.2), (270.4, 661.4), (270.6, 650.4), (270.6, 658.2), (270.6, 684.9), (270.6, 730.4), (275.4, 725.9), (281.1, 682.0), (281.9, 656.8), (281.9, 650.5), (281.9, 663.1), (281.9, 694.5), (281.9, 744.7), (288.6, 713.2), (293.0, 673.9), (293.2, 653.5), (293.2, 651.9), (293.2, 669.2), (293.2, 705.3), (293.2, 755.0), (301.6, 701.6), (304.6, 667.0), (304.6, 651.3), (304.6, 654.5), (304.6, 676.4), (304.6, 717.3), (307.1, 739.9), (314.1, 691.2), (315.9, 661.4)]",0,6.25
speedrunner,meatboy,8,Stuck,16,0,-39.86,0.104,"[(329.0, 749.0), (333.0, 755.3), (392.3, 732.8), (439.0, 695.9), (439.0, 693.5), (439.0, 710.0), (439.0, 745.4), (419.0, 713.2), (342.9, 675.6), (265.0, 668.5), (265.0, 680.3), (265.0, 711.0), (265.0, 750.7), (266.2, 755.2), (265.0, 719.1), (257.4, 719.1), (253.8, 738.0), (249.7, 732.8), (246.0, 686.4), (233.3, 659.9), (166.3, 655.2), (87.1, 669.4), (73.0, 702.2), (73.0, 741.9), (73.0, 740.2), (73.0, 740.3), (73.0, 748.0), (73.0, 738.6), (73.0, 748.1), (73.0, 740.2), (73.0, 740.3), (73.0, 748.0), (73.0, 738.6), (73.0, 748.1), (73.0, 740.2), (73.0, 740.3), (73.0, 748.0), (73.0, 738.6), (73.0, 748.1), (73.0, 740.2), (73.0, 740.3), (73.0, 748.0), (73.0, 738.6), (73.0, 748.1), (73.0, 740.2), (73.0, 740.3), (73.0, 748.0)]",0,6.17
speedrunner,meatboy,8,Stuck,10,0,-2.04,0.441,"[(329.0, 749.0), (333.0, 755.3), (394.8, 732.8), (439.0, 695.9), (439.0, 693.5), (439.0, 710.0), (439.0, 745.4), (427.5, 713.2), (411.2, 673.9), (361.5, 661.1), (282.0, 668.2), (265.0, 694.1), (265.0, 733.3), (268.8, 732.8), (265.0, 695.9), (261.2, 693.5), (254.9, 710.0), (253.7, 745.4), (260.4, 713.2), (264.8, 673.9), (265.0, 653.5), (265.0, 651.9), (265.0, 669.2), (265.0, 705.3), (265.0, 755.0), (273.3, 701.6), (276.3, 667.0), (276.3, 651.3), (276.3, 654.5), (276.3, 676.4), (276.3, 717.3), (278.9, 739.9), (285.9, 691.2), (287.7, 661.4), (287.7, 650.4), (287.7, 658.2), (287.7, 684.9), (287.7, 730.4), (292.5, 725.9), (298.2, 682.0), (299.0, 657.2), (299.0, 652.5), (299.0, 666.7), (299.0, 699.7), (299.0, 751.5), (306.6, 707.2), (310.2, 670.3), (310.3, 655.2)]",0,6.33
speedrunner,meatboy,8,Stuck,19,0,-35.68,0.104,"[(329.0, 749.0), (333.0, 755.3), (396.3, 755.0), (439.0, 705.0), (439.0, 698.0), (439.0, 709.8), (439.0, 740.4), (425.7, 740.2), (351.7, 740.3), (273.6, 755.0), (263.7, 755.9), (327.0, 755.3), (395.3, 755.0), (397.0, 701.6), (388.0, 668.1), (326.8, 661.1), (265.0, 672.9), (265.0, 703.5), (265.0, 743.2), (262.8, 751.9), (290.8, 755.9), (370.2, 755.3), (404.9, 713.2), (382.2, 673.9), (304.2, 661.1), (224.2, 668.2), (144.2, 694.1), (73.0, 738.9), (73.0, 741.6), (73.0, 739.2), (73.0, 755.7), (73.0, 738.5), (73.0, 743.2), (73.0, 745.1), (73.0, 738.0), (73.0, 749.8), (73.0, 740.2), (73.0, 740.3), (73.0, 755.0), (73.0, 738.0), (73.0, 745.1), (73.0, 743.2), (73.0, 738.5), (73.0, 752.6), (73.0, 739.2), (73.0, 741.6), (73.0, 747.3), (73.0, 737.9), (73.0, 747.3), (73.0, 741.6), (73.0, 739.2), (73.0, 755.7), (73.0, 738.5), (73.0, 743.2)]",0,7.07
speedrunner,meatboy,8,Stuck,4,0,51.7,0.866,"[(329.0, 749.0), (333.0, 755.3), (392.3, 732.8), (439.0, 692.1), (439.0, 687.4), (439.0, 701.6), (439.0, 734.6), (435.2, 741.6), (428.9, 739.2), (427.7, 755.7), (475.0, 755.3), (555.0, 755.0), (607.0, 755.9), (610.0, 755.3), (610.0, 755.0), (610.0, 755.9), (610.0, 755.3), (610.0, 755.0), (610.0, 755.9), (610.0, 755.3), (610.0, 755.0), (610.0, 755.9), (610.0, 755.3), (610.0, 755.0), (610.0, 755.9), (610.0, 755.3), (610.0, 755.0), (610.0, 755.9), (610.0, 755.3), (610.0, 755.0), (610.0, 755.9), (610.0, 755.3), (610.0, 755.0), (610.0, 755.9), (610.0, 755.3), (610.0, 755.0), (610.0, 755.9), (610.0, 755.3), (610.0, 755.0), (610.0, 755.9), (610.0, 755.3)]",0,5.35
speedrunner,meatboy,8,Stuck,13,0,-11.26,0.334,"[(329.0, 749.0), (333.0, 755.3), (395.0, 740.2), (439.0, 697.8), (439.0, 693.1), (439.0, 707.2), (439.0, 740.2), (434.2, 740.2), (428.5, 740.3), (429.0, 748.0), (427.4, 697.0), (416.8, 667.0), (350.2, 662.3), (270.4, 676.4), (265.0, 709.2), (265.0, 748.9), (268.5, 713.2), (265.0, 692.8), (258.2, 697.5), (253.9, 721.1), (255.0, 747.3), (262.7, 696.2), (265.0, 664.1), (265.0, 650.7), (265.0, 656.2), (265.0, 680.5), (265.0, 723.7), (268.8, 732.8), (275.1, 686.4), (276.3, 658.9), (276.3, 650.3), (276.3, 660.5), (276.3, 689.5), (276.3, 737.4), (282.2, 719.4), (287.2, 677.8), (287.7, 655.0), (287.7, 651.1), (287.7, 666.0), (287.7, 699.8), (287.7, 752.4), (295.2, 707.2), (298.9, 670.3), (299.0, 655.2), (299.0, 660.0), (299.0, 683.5), (299.0, 726.0), (307.0, 755.0), (376.3, 755.9), (414.7, 707.2), (414.7, 670.3), (414.7, 652.3), (414.7, 653.0), (414.7, 672.7), (414.7, 711.1), (413.4, 747.3), (405.7, 696.2), (399.1, 664.1), (335.0, 654.7), (255.0, 664.1)]",0,7.9
speedrunner,meatboy,8,Stuck,10,0,-2.13,0.441,"[(329.0, 749.0), (333.0, 755.3), (394.8, 732.8), (439.0, 695.9), (439.0, 693.5), (439.0, 710.0), (439.0, 745.4), (427.5, 713.2), (411.2, 673.9), (361.5, 661.1), (281.6, 668.2), (265.0, 694.1), (265.0, 733.3), (268.8, 732.8), (265.0, 695.9), (261.2, 693.5), (254.9, 710.0), (253.7, 745.4), (260.4, 713.2), (264.8, 673.9), (265.0, 653.5), (265.0, 651.9), (265.0, 669.2), (265.0, 705.3), (265.0, 755.0), (273.3, 701.6), (276.3, 667.0), (276.3, 651.3), (276.3, 654.5), (276.3, 676.4), (276.3, 717.3), (278.9, 739.9), (285.9, 691.2), (287.7, 661.4), (287.7, 650.4), (287.7, 658.2), (287.7, 684.9), (287.7, 730.4), (292.5, 725.9), (298.2, 682.0), (299.0, 656.8), (299.0, 650.5), (299.0, 663.1), (299.0, 694.5), (299.0, 744.7), (305.7, 713.2), (310.1, 673.9), (310.3, 654.3)]",0,6.33
speedrunner,meatboy,8,Stuck,1,0,21.13,0.627,"[(329.0, 749.0), (333.0, 755.3), (396.3, 755.0), (440.3, 755.9), (441.3, 755.3), (441.3, 755.0), (441.3, 755.9), (441.3, 755.3), (441.3, 755.0), (441.3, 755.9), (441.3, 755.3), (441.3, 755.0), (441.3, 755.9), (441.3, 755.3), (441.3, 755.0), (441.3, 755.9), (441.3, 755.3), (441.3, 755.0), (441.3, 755.9), (441.3, 755.3), (441.3, 755.0), (441.3, 755.9), (441.3, 755.3), (441.3, 755.0), (441.3, 755.9), (441.3, 755.3), (441.3, 755.0), (441.3, 755.9), (441.3, 755.3), (441.3, 755.0), (441.3, 755.9), (441.3, 755.3), (441.3, 755.0), (441.3, 755.9), (441.3, 755.3), (441.3, 755.0), (441.3, 755.9), (441.3, 755.3), (441.3, 755.0), (441.3, 755.9)]",0,5.32
speedrunner,meatboy,8,Stuck,10,0,-0.88,0.449,"[(329.0, 749.0), (333.0, 755.3), (381.1, 713.2), (428.1, 677.9), (439.0, 673.2), (439.0, 687.3), (439.0, 720.3), (437.7, 739.9), (383.2, 691.2), (312.9, 664.6), (265.0, 662.3), (265.0, 678.8), (265.0, 713.5), (265.0, 753.1), (267.2, 720.2), (265.0, 717.9), (257.4, 734.4), (257.3, 739.9), (266.5, 691.2), (270.4, 661.4), (270.6, 650.4), (270.6, 658.2), (270.6, 684.9), (270.6, 730.4), (275.4, 725.9), (281.1, 682.0), (281.9, 656.8), (281.9, 650.5), (281.9, 663.1), (281.9, 694.5), (281.9, 744.7), (288.6, 713.2), (293.0, 673.9), (293.2, 653.5), (293.2, 651.9), (293.2, 669.2), (293.2, 705.3), (293.2, 755.0), (301.6, 701.6), (304.6, 667.0), (304.6, 651.3), (304.6, 654.5), (304.6, 676.4), (304.6, 717.3), (307.1, 739.9), (314.1, 691.2), (315.9, 661.4)]",0,6.25
speedrunner,meatboy,8,Stuck,15,0,-39.23,0.104,"[(329.0, 749.0), (333.0, 755.3), (396.3, 755.0), (439.0, 709.1), (439.0, 704.4), (439.0, 718.5), (439.0, 751.5), (432.2, 707.2), (427.9, 670.3), (378.8, 657.8), (298.8, 664.9), (265.0, 690.8), (265.0, 730.0), (273.0, 755.9), (342.3, 755.3), (412.5, 732.8), (416.1, 686.4), (396.7, 659.9), (320.7, 655.2), (240.9, 669.4), (161.4, 702.4), (86.4, 754.2), (73.0, 739.5), (73.0, 741.9), (73.0, 745.1), (73.0, 738.0), (73.0, 749.8), (73.0, 740.0), (73.0, 742.3), (73.0, 745.1), (73.0, 738.0), (73.0, 749.8), (73.0, 740.0), (73.0, 742.3), (73.0, 745.1), (73.0, 738.0), (73.0, 749.8), (73.0, 740.0), (73.0, 742.3), (73.0, 745.1), (73.0, 738.0), (73.0, 749.8), (73.0, 740.0), (73.0, 742.3), (73.0, 745.1), (73.0, 738.0), (73.0, 749.8), (73.0, 740.0)]",0,6.37
