persona,game,world,cause_of_death,jump_count,coins_collected,avg_vx,progress_ratio,route,enemies_killed,elapsed_time
experienced,meatboy,5,Pit,1,0,-286.09,0.0,"[(73.0, 525.0), (47.8, 531.3), (7.8, 531.0), (-32.2, 514.8), (-72.2, 519.5), (-112.2, 543.1), (-152.2, 585.5), (-192.2, 646.8), (-232.2, 726.9)]",0,1.07
experienced,meatboy,5,Saw,0,0,285.41,0.299,"[(73.0, 525.0), (98.2, 531.3), (138.2, 531.0), (178.2, 531.9), (218.2, 531.3), (258.2, 531.0), (298.2, 531.9), (338.2, 531.3)]",0,1.02
experienced,meatboy,5,Stuck,1,0,0.0,0.06,"[(73.0, 525.0), (73.0, 531.3), (73.0, 531.0), (73.0, 531.9), (73.0, 531.3), (73.0, 531.0), (73.0, 531.9), (73.0, 531.3), (73.0, 531.0), (73.0, 531.9), (73.0, 531.3), (73.0, 531.0), (73.0, 531.9), (73.0, 531.3), (73.0, 531.0), (73.0, 531.9), (73.0, 531.3), (73.0, 531.0), (73.0, 531.9), (73.0, 531.3), (73.0, 531.0), (73.0, 531.9), (73.0, 531.3), (73.0, 531.0), (73.0, 531.9), (73.0, 531.3), (73.0, 531.0), (73.0, 531.9), (73.0, 531.3), (73.0, 531.0), (73.0, 531.9), (73.0, 531.3), (73.0, 531.0), (73.0, 531.9), (73.0, 531.3), (73.0, 531.0), (73.0, 531.9), (73.0, 531.3)]",0,5.02
experienced,meatboy,5,Saw,3,0,209.68,0.327,"[(73.0, 525.0), (79.0, 531.3), (77.9, 477.9), (82.6, 448.4), (111.8, 446.0), (151.8, 462.5), (191.8, 497.9), (231.1, 515.9), (253.7, 467.2), (293.0, 442.9), (333.0, 442.9), (373.0, 461.8)]",0,1.55
experienced,meatboy,5,Saw,6,0,212.64,0.299,"[(73.0, 525.0), (85.4, 531.3), (90.5, 481.3), (129.0, 474.3), (169.0, 486.1), (206.6, 516.7), (219.1, 509.6), (242.7, 487.5), (282.7, 492.2), (321.9, 515.8), (353.6, 523.9)]",0,1.37
experienced,meatboy,5,Pit,1,0,-236.44,0.0,"[(73.0, 525.0), (67.2, 531.3), (34.2, 531.0), (-5.8, 531.9), (-45.8, 547.2), (-85.8, 581.4), (-125.8, 634.4), (-154.9, 706.2)]",0,0.97
experienced,meatboy,5,Saw,1,0,285.41,0.299,"[(73.0, 525.0), (98.2, 531.3), (138.2, 531.0), (178.2, 531.9), (218.2, 531.3), (258.2, 531.0), (298.2, 531.9), (338.2, 531.3)]",0,1.02
experienced,meatboy,5,Pit,4,0,-50.37,0.019,"[(73.0, 525.0), (61.5, 531.3), (25.8, 531.0), (-0.1, 531.9), (-26.1, 539.2), (-37.9, 566.3), (-9.0, 612.3), (-7.6, 660.2)]",0,1.05
experienced,meatboy,5,Saw,0,0,165.77,0.296,"[(73.0, 525.0), (91.0, 531.3), (104.6, 531.0), (121.7, 531.9), (137.0, 531.3), (155.9, 531.0), (178.3, 531.9), (199.0, 531.3), (223.2, 531.0), (251.0, 531.9), (279.7, 531.3), (306.6, 531.0), (334.3, 531.9), (360.3, 531.3)]",0,1.73
experienced,meatboy,5,Stuck,0,0,4.76,0.08,"[(73.0, 525.0), (96.2, 531.3), (97.4, 531.0), (97.4, 531.9), (97.4, 531.3), (97.4, 531.0), (97.4, 531.9), (97.4, 531.3), (97.4, 531.0), (97.4, 531.9), (97.4, 531.3), (97.4, 531.0), (97.4, 531.9), (97.4, 531.3), (97.4, 531.0), (97.4, 531.9), (97.4, 531.3), (97.4, 531.0), (97.4, 531.9), (97.4, 531.3), (97.4, 531.0), (97.4, 531.9), (97.4, 531.3), (97.4, 531.0), (97.4, 531.9), (97.4, 531.3), (97.4, 531.0), (97.4, 531.9), (97.4, 531.3), (97.4, 531.0), (97.4, 531.9), (97.4, 531.3), (97.4, 531.0), (97.4, 531.9), (97.4, 531.3), (97.4, 531.0), (97.4, 531.9), (97.4, 531.3), (97.4, 531.0)]",0,5.13
experienced,meatboy,5,Saw,3,0,209.68,0.327,"[(73.0, 525.0), (79.0, 531.3), (77.9, 477.9), (82.6, 448.4), (111.8, 446.0), (151.8, 462.5), (191.8, 497.9), (231.1, 515.9), (253.7, 467.2), (293.0, 442.9), (333.0, 442.9), (373.0, 461.8)]",0,1.55
experienced,meatboy,5,Saw,0,0,165.77,0.296,"[(73.0, 525.0), (91.0, 531.3), (104.6, 531.0), (121.7, 531.9), (137.0, 531.3), (155.9, 531.0), (178.3, 531.9), (199.0, 531.3), (223.2, 531.0), (251.0, 531.9), (279.7, 531.3), (306.6, 531.0), (334.3, 531.9), (360.3, 531.3)]",0,1.73
experienced,meatboy,5,Saw,1,0,285.41,0.299,"[(73.0, 525.0), (98.2, 531.3), (138.2, 531.0), (178.2, 531.9), (218.2, 531.3), (258.2, 531.0), (298.2, 531.9), (338.2, 531.3)]",0,1.02
experienced,meatboy,5,Saw,6,0,212.64,0.299,"[(73.0, 525.0), (85.4, 531.3), (90.5, 481.3), (129.0, 474.3), (169.0, 486.1), (206.6, 516.7), (219.1, 509.6), (242.7, 487.5), (282.7, 492.2), (321.9, 515.8), (353.6, 523.9)]",0,1.37
experienced,meatboy,5,Pit,1,0,-279.27,0.0,"[(73.0, 525.0), (49.4, 531.3), (9.4, 531.0), (-29.7, 535.4), (-68.0, 557.8), (-108.0, 599.0), (-148.0, 659.1)]",0,0.92
experienced,meatboy,5,Saw,1,0,225.58,0.298,"[(73.0, 525.0), (84.8, 531.3), (110.8, 531.0), (135.0, 531.9), (160.1, 531.3), (186.1, 531.0), (218.0, 531.9), (257.5, 531.3), (297.5, 531.0), (337.5, 531.9)]",0,1.28
experienced,meatboy,5,Saw,1,0,285.41,0.299,"[(73.0, 525.0), (98.2, 531.3), (138.2, 531.0), (178.2, 531.9), (218.2, 531.3), (258.2, 531.0), (298.2, 531.9), (338.2, 531.3)]",0,1.02
experienced,meatboy,5,Saw,0,0,188.84,0.298,"[(73.0, 525.0), (93.7, 531.3), (109.9, 531.0), (127.0, 531.9), (147.7, 531.3), (171.9, 531.0), (199.7, 531.9), (225.7, 531.3), (255.2, 531.0), (285.7, 531.9), (317.0, 531.3), (346.6, 531.0)]",0,1.53
experienced,meatboy,5,Saw,1,0,270.52,0.297,"[(73.0, 525.0), (98.2, 531.3), (135.6, 531.0), (171.8, 531.9), (209.2, 531.3), (249.2, 531.0), (287.9, 531.9), (324.4, 531.3), (361.6, 531.0)]",0,1.07
experienced,meatboy,5,Pit,3,0,-78.44,0.0,"[(73.0, 525.0), (47.8, 521.3), (8.6, 514.2), (-14.1, 526.0), (-9.0, 556.7), (-9.0, 596.4), (-9.0, 636.0), (-6.1, 678.7)]",0,1.03
experienced,meatboy,5,Saw,3,0,209.68,0.327,"[(73.0, 525.0), (79.0, 531.3), (77.9, 477.9), (82.6, 448.4), (111.8, 446.0), (151.8, 462.5), (191.8, 497.9), (231.1, 515.9), (253.7, 467.2), (293.0, 442.9), (333.0, 442.9), (373.0, 461.8)]",0,1.55
experienced,meatboy,5,Saw,1,0,270.52,0.297,"[(73.0, 525.0), (98.2, 531.3), (135.6, 531.0), (171.8, 531.9), (209.2, 531.3), (249.2, 531.0), (287.9, 531.9), (324.4, 531.3), (361.6, 531.0)]",0,1.07
experienced,meatboy,5,Saw,0,0,188.84,0.298,"[(73.0, 525.0), (93.7, 531.3), (109.9, 531.0), (127.0, 531.9), (147.7, 531.3), (171.9, 531.0), (199.7, 531.9), (225.7, 531.3), (255.2, 531.0), (285.7, 531.9), (317.0, 531.3), (346.6, 531.0)]",0,1.53
experienced,meatboy,5,Saw,1,0,285.41,0.299,"[(73.0, 525.0), (98.2, 531.3), (138.2, 531.0), (178.2, 531.9), (218.2, 531.3), (258.2, 531.0), (298.2, 531.9), (338.2, 531.3)]",0,1.02
experienced,meatboy,5,Pit,1,0,-272.12,0.0,"[(73.0, 525.0), (58.6, 531.3), (18.6, 531.0), (-21.4, 535.4), (-61.4, 557.8), (-101.4, 599.0), (-141.4, 659.1)]",0,0.92
experienced,meatboy,5,Pit,3,0,-282.55,0.0,"[(73.0, 525.0), (47.8, 527.1), (7.8, 522.4), (-32.2, 536.5), (-72.2, 569.5), (-112.2, 621.4), (-152.2, 692.1)]",0,0.85
experienced,meatboy,5,Pit,21,0,-29.96,0.0,"[(73.0, 525.0), (47.8, 531.3), (7.8, 531.0), (-24.9, 502.2), (-24.5, 458.3), (-21.2, 433.1), (-13.5, 426.8), (-0.1, 439.4), (-8.3, 470.8), (-10.7, 521.0), (-3.3, 531.0), (-22.1, 490.1), (-19.2, 450.8), (-13.4, 430.4), (-1.8, 428.8), (-4.7, 446.1), (-13.4, 482.2), (13.2, 531.0), (1.6, 531.9), (-23.2, 496.3), (-21.6, 454.7), (-17.2, 431.9), (-9.8, 428.0), (1.8, 442.9), (-15.4, 476.6), (-9.5, 529.2), (2.2, 483.2), (-16.5, 473.8), (-7.7, 483.3), (3.9, 511.6), (-20.5, 523.9), (-18.9, 524.0), (-22.3, 530.1), (-124.7, 465.7), (-188.0, 420.2), (-205.1, 393.5), (-199.1, 385.6), (-187.3, 396.6), (-174.1, 426.5), (-156.6, 475.2), (-137.6, 542.7), (-114.2, 629.1)]",0,5.58
experienced,meatboy,5,Saw,0,0,241.11,0.298,"[(73.0, 525.0), (93.7, 531.3), (117.9, 531.0), (145.7, 531.9), (177.0, 531.3), (209.7, 531.0), (242.3, 531.9), (282.3, 531.3), (322.3, 531.0), (362.3, 531.9)]",0,1.2
experienced,meatboy,5,Saw,4,0,285.65,0.303,"[(73.0, 525.0), (98.2, 527.1), (138.2, 522.4), (178.2, 531.3), (218.2, 531.0), (258.2, 523.6), (298.2, 488.7), (338.2, 488.7)]",0,1.03
experienced,meatboy,5,Saw,1,0,285.41,0.299,"[(73.0, 525.0), (98.2, 531.3), (138.2, 531.0), (178.2, 531.9), (218.2, 531.3), (258.2, 531.0), (298.2, 531.9), (338.2, 531.3)]",0,1.02
experienced,meatboy,5,Saw,3,0,209.68,0.327,"[(73.0, 525.0), (79.0, 531.3), (77.9, 477.9), (82.6, 448.4), (111.8, 446.0), (151.8, 462.5), (191.8, 497.9), (231.1, 515.9), (253.7, 467.2), (293.0, 442.9), (333.0, 442.9), (373.0, 461.8)]",0,1.55
experienced,meatboy,5,Saw,4,0,285.65,0.303,"[(73.0, 525.0), (98.2, 527.1), (138.2, 522.4), (178.2, 531.3), (218.2, 531.0), (258.2, 523.6), (298.2, 488.7), (338.2, 488.7)]",0,1.03
experienced,meatboy,5,Saw,1,0,285.41,0.299,"[(73.0, 525.0), (98.2, 531.3), (138.2, 531.0), (178.2, 531.9), (218.2, 531.3), (258.2, 531.0), (298.2, 531.9), (338.2, 531.3)]",0,1.02
experienced,meatboy,5,Saw,0,0,241.11,0.298,"[(73.0, 525.0), (93.7, 531.3), (117.9, 531.0), (145.7, 531.9), (177.0, 531.3), (209.7, 531.0), (242.3, 531.9), (282.3, 531.3), (322.3, 531.0), (362.3, 531.9)]",0,1.2
experienced,meatboy,5,Saw,1,0,250.24,0.297,"[(73.0, 525.0), (84.8, 531.3), (100.1, 531.0), (135.8, 531.9), (175.8, 531.3), (215.8, 531.0), (255.8, 531.9), (295.8, 531.3), (335.8, 531.0)]",0,1.15
experienced,meatboy,5,Saw,1,0,272.08,0.299,"[(73.0, 525.0), (95.6, 531.3), (126.4, 531.0), (163.2, 531.9), (203.2, 531.3), (243.2, 531.0), (283.2, 531.9), (323.2, 531.3), (363.2, 531.0)]",0,1.07
experienced,meatboy,5,Pit,2,0,-80.05,0.0,"[(73.0, 525.0), (73.2, 531.3), (71.2, 531.0), (69.2, 531.9), (67.2, 531.3), (65.2, 531.0), (63.2, 531.9), (61.2, 531.3), (59.2, 531.0), (57.2, 531.9), (55.2, 531.3), (53.2, 531.0), (51.2, 531.9), (49.2, 531.3), (47.2, 531.0), (45.2, 531.9), (43.2, 531.3), (41.2, 531.0), (39.2, 531.9), (36.8, 501.9), (3.8, 458.0), (-36.2, 432.8), (-76.2, 426.5), (-116.2, 439.1), (-156.2, 470.5), (-196.2, 520.7), (-234.1, 589.8), (-236.5, 677.8)]",0,3.67
experienced,meatboy,5,Pit,2,0,-219.64,0.0,"[(73.0, 525.0), (48.6, 516.1), (36.0, 473.7), (14.1, 469.0), (-10.6, 483.1), (-41.4, 516.1), (-81.3, 568.0), (-121.3, 638.7), (-161.3, 728.2)]",0,1.07
experienced,meatboy,5,Pit,21,0,-19.99,0.0,"[(73.0, 525.0), (67.2, 527.1), (54.2, 522.4), (47.4, 527.1), (39.1, 522.4), (34.1, 527.2), (29.0, 522.5), (25.8, 527.2), (23.9, 522.5), (22.4, 527.2), (18.0, 522.6), (18.9, 527.3), (15.6, 522.6), (14.1, 527.3), (9.7, 522.6), (10.6, 527.4), (10.1, 522.7), (8.7, 527.4), (4.2, 522.7), (3.9, 531.3), (-20.8, 477.9), (-60.8, 443.3), (-100.1, 427.6), (-129.9, 430.8), (-138.2, 452.7), (-118.9, 493.6), (-80.9, 553.2), (-40.9, 631.7), (-1.6, 729.1)]",0,3.73
experienced,meatboy,5,Saw,0,0,285.41,0.299,"[(73.0, 525.0), (98.2, 531.3), (138.2, 531.0), (178.2, 531.9), (218.2, 531.3), (258.2, 531.0), (298.2, 531.9), (338.2, 531.3)]",0,1.02
experienced,meatboy,5,Saw,3,0,209.68,0.327,"[(73.0, 525.0), (79.0, 531.3), (77.9, 477.9), (82.6, 448.4), (111.8, 446.0), (151.8, 462.5), (191.8, 497.9), (231.1, 515.9), (253.7, 467.2), (293.0, 442.9), (333.0, 442.9), (373.0, 461.8)]",0,1.55
experienced,meatboy,5,Saw,4,0,285.65,0.303,"[(73.0, 525.0), (98.2, 527.1), (138.2, 522.4), (178.2, 531.3), (218.2, 531.0), (258.2, 523.6), (298.2, 488.7), (338.2, 488.7)]",0,1.03
experienced,meatboy,5,Saw,0,0,285.41,0.299,"[(73.0, 525.0), (98.2, 531.3), (138.2, 531.0), (178.2, 531.9), (218.2, 531.3), (258.2, 531.0), (298.2, 531.9), (338.2, 531.3)]",0,1.02
experienced,meatboy,5,Saw,1,0,272.08,0.299,"[(73.0, 525.0), (95.6, 531.3), (126.4, 531.0), (163.2, 531.9), (203.2, 531.3), (243.2, 531.0), (283.2, 531.9), (323.2, 531.3), (363.2, 531.0)]",0,1.07
experienced,meatboy,5,Saw,2,0,266.26,0.301,"[(73.0, 525.0), (87.4, 531.3), (127.4, 531.0), (167.4, 531.9), (207.4, 523.3), (235.9, 472.2), (275.9, 457.9), (315.9, 465.0), (355.9, 491.0)]",0,1.1
experienced,meatboy,5,Saw,1,0,282.35,0.296,"[(73.0, 525.0), (97.2, 531.3), (135.1, 531.0), (175.1, 531.9), (215.1, 531.3), (255.1, 531.0), (295.1, 531.9), (335.1, 531.3)]",0,1.02
experienced,meatboy,5,Saw,0,0,285.41,0.299,"[(73.0, 525.0), (98.2, 531.3), (138.2, 531.0), (178.2, 531.9), (218.2, 531.3), (258.2, 531.0), (298.2, 531.9), (338.2, 531.3)]",0,1.02
experienced,meatboy,5,Saw,1,0,285.41,0.299,"[(73.0, 525.0), (98.2, 531.3), (138.2, 531.0), (178.2, 531.9), (218.2, 531.3), (258.2, 531.0), (298.2, 531.9), (338.2, 531.3)]",0,1.02
experienced,meatboy,5,Pit,1,0,-157.35,0.0,"[(73.0, 525.0), (80.4, 531.3), (74.4, 531.0), (68.4, 531.9), (62.4, 531.3), (56.4, 531.0), (44.4, 531.9), (19.3, 531.3), (-20.7, 532.8), (-60.7, 550.4), (-100.7, 586.9), (-140.7, 642.3), (-178.6, 716.5)]",0,1.62
experienced,meatboy,5,Stuck,7,0,80.99,0.467,"[(73.0, 525.0), (87.4, 523.3), (97.6, 472.2), (116.3, 442.2), (156.3, 437.5), (196.3, 451.7), (236.3, 484.7), (276.3, 531.0), (304.8, 477.6), (344.1, 443.0), (384.1, 427.3), (424.1, 430.5), (464.1, 452.4), (504.1, 493.3), (544.1, 531.9), (567.0, 509.1), (539.7, 462.7), (531.5, 436.2), (552.1, 431.5), (567.0, 445.7), (567.0, 478.5), (567.0, 518.2), (567.0, 531.9), (567.0, 531.3), (567.0, 531.0), (567.0, 531.9), (567.0, 531.3), (567.0, 531.0), (567.0, 531.9), (567.0, 531.3), (567.0, 531.0), (567.0, 531.9), (567.0, 531.3), (567.0, 531.0), (567.0, 531.9), (567.0, 531.3), (567.0, 531.0), (567.0, 531.9), (567.0, 531.3), (567.0, 531.0), (567.0, 531.9), (567.0, 531.3), (567.0, 531.0), (567.0, 531.9), (567.0, 531.3), (567.0, 531.0), (567.0, 531.9), (567.0, 531.3), (567.0, 531.0), (567.0, 531.9), (567.0, 531.3), (567.0, 531.0), (567.0, 531.9), (567.0, 531.3), (567.0, 531.0), (567.0, 531.9)]",0,7.38
experienced,meatboy,5,Stuck,7,0,80.99,0.467,"[(73.0, 525.0), (87.4, 523.3), (97.6, 472.2), (116.3, 442.2), (156.3, 437.5), (196.3, 451.7), (236.3, 484.7), (276.3, 531.0), (304.8, 477.6), (344.1, 443.0), (384.1, 427.3), (424.1, 430.5), (464.1, 452.4), (504.1, 493.3), (544.1, 531.9), (567.0, 509.1), (539.7, 462.7), (531.5, 436.2), (552.1, 431.5), (567.0, 445.7), (567.0, 478.5), (567.0, 518.2), (567.0, 531.9), (567.0, 531.3), (567.0, 531.0), (567.0, 531.9), (567.0, 531.3), (567.0, 531.0), (567.0, 531.9), (567.0, 531.3), (567.0, 531.0), (567.0, 531.9), (567.0, 531.3), (567.0, 531.0), (567.0, 531.9), (567.0, 531.3), (567.0, 531.0), (567.0, 531.9), (567.0, 531.3), (567.0, 531.0), (567.0, 531.9), (567.0, 531.3), (567.0, 531.0), (567.0, 531.9), (567.0, 531.3), (567.0, 531.0), (567.0, 531.9), (567.0, 531.3), (567.0, 531.0), (567.0, 531.9), (567.0, 531.3), (567.0, 531.0), (567.0, 531.9), (567.0, 531.3), (567.0, 531.0), (567.0, 531.9)]",0,7.38
experienced,meatboy,5,Saw,3,0,209.68,0.327,"[(73.0, 525.0), (79.0, 531.3), (77.9, 477.9), (82.6, 448.4), (111.8, 446.0), (151.8, 462.5), (191.8, 497.9), (231.1, 515.9), (253.7, 467.2), (293.0, 442.9), (333.0, 442.9), (373.0, 461.8)]",0,1.55
experienced,meatboy,5,Saw,2,0,266.26,0.301,"[(73.0, 525.0), (87.4, 531.3), (127.4, 531.0), (167.4, 531.9), (207.4, 523.3), (235.9, 472.2), (275.9, 457.9), (315.9, 465.0), (355.9, 491.0)]",0,1.1
experienced,meatboy,5,Saw,4,0,285.65,0.303,"[(73.0, 525.0), (98.2, 527.1), (138.2, 522.4), (178.2, 531.3), (218.2, 531.0), (258.2, 523.6), (298.2, 488.7), (338.2, 488.7)]",0,1.03
experienced,meatboy,5,Stuck,5,0,82.36,0.466,"[(73.0, 525.0), (87.4, 523.3), (100.4, 472.2), (133.4, 444.2), (173.4, 441.9), (213.4, 458.4), (253.4, 493.7), (292.7, 515.9), (326.9, 467.2), (366.9, 437.4), (406.9, 426.4), (446.9, 434.2), (486.9, 460.9), (526.9, 506.4), (566.9, 531.3), (556.9, 484.1), (532.7, 447.2), (553.3, 429.2), (567.7, 429.9), (567.7, 449.6), (567.7, 486.3), (567.7, 526.0), (567.7, 531.0), (567.7, 531.9), (567.7, 531.3), (567.7, 531.0), (567.7, 531.9), (567.7, 531.3), (567.7, 531.0), (567.7, 531.9), (567.7, 531.3), (567.7, 531.0), (567.7, 531.9), (567.7, 531.3), (567.7, 531.0), (567.7, 531.9), (567.7, 531.3), (567.7, 531.0), (567.7, 531.9), (567.7, 531.3), (567.7, 531.0), (567.7, 531.9), (567.7, 531.3), (567.7, 531.0), (567.7, 531.9), (567.7, 531.3), (567.7, 531.0), (567.7, 531.9), (567.7, 531.3), (567.7, 531.0), (567.7, 531.9), (567.7, 531.3), (567.7, 531.0), (567.7, 531.9), (567.7, 531.3)]",0,7.25
experienced,meatboy,5,Saw,1,0,275.66,0.298,"[(73.0, 525.0), (87.4, 531.3), (127.4, 531.0), (167.4, 531.9), (207.4, 531.3), (247.4, 531.0), (287.4, 531.9), (327.4, 531.3)]",0,1.05
experienced,meatboy,5,Saw,1,0,241.11,0.298,"[(73.0, 525.0), (77.6, 531.3), (97.3, 531.0), (126.0, 531.9), (165.5, 531.3), (205.5, 531.0), (245.5, 531.9), (285.5, 531.3), (325.5, 531.0), (362.3, 531.9)]",0,1.2
experienced,meatboy,5,Saw,4,0,193.12,0.346,"[(73.0, 525.0), (83.1, 523.3), (80.2, 472.2), (60.0, 440.1), (62.9, 426.7), (100.8, 432.2), (140.8, 456.5), (180.8, 499.7), (218.7, 508.8), (241.3, 462.4), (280.6, 434.9), (320.6, 426.3), (360.6, 436.5), (400.6, 465.5)]",0,1.8
experienced,meatboy,5,Pit,1,0,-251.38,0.0,"[(73.0, 525.0), (68.7, 531.3), (35.7, 531.0), (-4.3, 531.9), (-44.3, 547.2), (-84.3, 581.4), (-124.3, 634.4), (-163.6, 706.2)]",0,0.97
experienced,meatboy,5,Saw,1,0,285.41,0.299,"[(73.0, 525.0), (98.2, 531.3), (138.2, 531.0), (178.2, 531.9), (218.2, 531.3), (258.2, 531.0), (298.2, 531.9), (338.2, 531.3)]",0,1.02
experienced,meatboy,5,Stuck,5,0,82.36,0.466,"[(73.0, 525.0), (87.4, 523.3), (100.4, 472.2), (133.4, 444.2), (173.4, 441.9), (213.4, 458.4), (253.4, 493.7), (292.7, 515.9), (326.9, 467.2), (366.9, 437.4), (406.9, 426.4), (446.9, 434.2), (486.9, 460.9), (526.9, 506.4), (566.9, 531.3), (556.9, 484.1), (532.7, 447.2), (553.3, 429.2), (567.7, 429.9), (567.7, 449.6), (567.7, 486.3), (567.7, 526.0), (567.7, 531.0), (567.7, 531.9), (567.7, 531.3), (567.7, 531.0), (567.7, 531.9), (567.7, 531.3), (567.7, 531.0), (567.7, 531.9), (567.7, 531.3), (567.7, 531.0), (567.7, 531.9), (567.7, 531.3), (567.7, 531.0), (567.7, 531.9), (567.7, 531.3), (567.7, 531.0), (567.7, 531.9), (567.7, 531.3), (567.7, 531.0), (567.7, 531.9), (567.7, 531.3), (567.7, 531.0), (567.7, 531.9), (567.7, 531.3), (567.7, 531.0), (567.7, 531.9), (567.7, 531.3), (567.7, 531.0), (567.7, 531.9), (567.7, 531.3), (567.7, 531.0), (567.7, 531.9), (567.7, 531.3)]",0,7.25
experienced,meatboy,5,Stuck,7,0,80.99,0.467,"[(73.0, 525.0), (87.4, 523.3), (97.6, 472.2), (116.3, 442.2), (156.3, 437.5), (196.3, 451.7), (236.3, 484.7), (276.3, 531.0), (304.8, 477.6), (344.1, 443.0), (384.1, 427.3), (424.1, 430.5), (464.1, 452.4), (504.1, 493.3), (544.1, 531.9), (567.0, 509.1), (539.7, 462.7), (531.5, 436.2), (552.1, 431.5), (567.0, 445.7), (567.0, 478.5), (567.0, 518.2), (567.0, 531.9), (567.0, 531.3), (567.0, 531.0), (567.0, 531.9), (567.0, 531.3), (567.0, 531.0), (567.0, 531.9), (567.0, 531.3), (567.0, 531.0), (567.0, 531.9), (567.0, 531.3), (567.0, 531.0), (567.0, 531.9), (567.0, 531.3), (567.0, 531.0), (567.0, 531.9), (567.0, 531.3), (567.0, 531.0), (567.0, 531.9), (567.0, 531.3), (567.0, 531.0), (567.0, 531.9), (567.0, 531.3), (567.0, 531.0), (567.0, 531.9), (567.0, 531.3), (567.0, 531.0), (567.0, 531.9), (567.0, 531.3), (567.0, 531.0), (567.0, 531.9), (567.0, 531.3), (567.0, 531.0), (567.0, 531.9)]",0,7.38
experienced,meatboy,5,Saw,4,0,193.12,0.346,"[(73.0, 525.0), (83.1, 523.3), (80.2, 472.2), (60.0, 440.1), (62.9, 426.7), (100.8, 432.2), (140.8, 456.5), (180.8, 499.7), (218.7, 508.8), (241.3, 462.4), (280.6, 434.9), (320.6, 426.3), (360.6, 436.5), (400.6, 465.5)]",0,1.8
experienced,meatboy,5,Saw,3,0,209.68,0.327,"[(73.0, 525.0), (79.0, 531.3), (77.9, 477.9), (82.6, 448.4), (111.8, 446.0), (151.8, 462.5), (191.8, 497.9), (231.1, 515.9), (253.7, 467.2), (293.0, 442.9), (333.0, 442.9), (373.0, 461.8)]",0,1.55
experienced,meatboy,5,Saw,1,0,285.41,0.299,"[(73.0, 525.0), (98.2, 531.3), (138.2, 531.0), (178.2, 531.9), (218.2, 531.3), (258.2, 531.0), (298.2, 531.9), (338.2, 531.3)]",0,1.02
experienced,meatboy,5,Pit,1,0,-101.58,0.0,"[(73.0, 525.0), (73.2, 531.3), (71.2, 531.0), (69.2, 531.9), (64.1, 531.3), (63.8, 531.0), (57.0, 531.9), (55.7, 531.3), (50.3, 531.0), (44.7, 531.9), (40.1, 531.3), (31.3, 531.0), (25.9, 531.9), (-7.6, 531.3), (-47.6, 544.2), (-87.6, 576.1), (-127.6, 626.7), (-160.3, 696.2)]",0,2.32
experienced,meatboy,5,Saw,1,0,277.47,0.296,"[(73.0, 525.0), (98.2, 531.3), (138.2, 531.0), (178.2, 531.9), (218.2, 531.3), (258.2, 531.0), (298.2, 531.9), (336.9, 531.3)]",0,1.03
experienced,meatboy,5,Saw,1,0,285.41,0.299,"[(73.0, 525.0), (98.2, 531.3), (138.2, 531.0), (178.2, 531.9), (218.2, 531.3), (258.2, 531.0), (298.2, 531.9), (338.2, 531.3)]",0,1.02
experienced,meatboy,5,Saw,4,0,275.51,0.343,"[(73.0, 525.0), (87.4, 531.3), (127.4, 531.0), (167.4, 531.9), (204.6, 501.9), (242.4, 458.0), (282.4, 432.8), (322.4, 426.5), (362.4, 439.1), (402.4, 470.5)]",0,1.25
experienced,meatboy,5,Stuck,1,0,0.0,0.06,"[(73.0, 525.0), (73.0, 531.3), (73.0, 531.0), (73.0, 531.9), (73.0, 531.3), (73.0, 531.0), (73.0, 531.9), (73.0, 531.3), (73.0, 531.0), (73.0, 531.9), (73.0, 531.3), (73.0, 531.0), (73.0, 531.9), (73.0, 531.3), (73.0, 531.0), (73.0, 531.9), (73.0, 531.3), (73.0, 531.0), (73.0, 531.9), (73.0, 531.3), (73.0, 531.0), (73.0, 531.9), (73.0, 531.3), (73.0, 531.0), (73.0, 531.9), (73.0, 531.3), (73.0, 531.0), (73.0, 531.9), (73.0, 531.3), (73.0, 531.0), (73.0, 531.9), (73.0, 531.3), (73.0, 531.0), (73.0, 531.9), (73.0, 531.3), (73.0, 531.0), (73.0, 531.9), (73.0, 531.3)]",0,5.02
experienced,meatboy,5,Stuck,7,0,80.99,0.467,"[(73.0, 525.0), (87.4, 523.3), (97.6, 472.2), (116.3, 442.2), (156.3, 437.5), (196.3, 451.7), (236.3, 484.7), (276.3, 531.0), (304.8, 477.6), (344.1, 443.0), (384.1, 427.3), (424.1, 430.5), (464.1, 452.4), (504.1, 493.3), (544.1, 531.9), (567.0, 509.1), (539.7, 462.7), (531.5, 436.2), (552.1, 431.5), (567.0, 445.7), (567.0, 478.5), (567.0, 518.2), (567.0, 531.9), (567.0, 531.3), (567.0, 531.0), (567.0, 531.9), (567.0, 531.3), (567.0, 531.0), (567.0, 531.9), (567.0, 531.3), (567.0, 531.0), (567.0, 531.9), (567.0, 531.3), (567.0, 531.0), (567.0, 531.9), (567.0, 531.3), (567.0, 531.0), (567.0, 531.9), (567.0, 531.3), (567.0, 531.0), (567.0, 531.9), (567.0, 531.3), (567.0, 531.0), (567.0, 531.9), (567.0, 531.3), (567.0, 531.0), (567.0, 531.9), (567.0, 531.3), (567.0, 531.0), (567.0, 531.9), (567.0, 531.3), (567.0, 531.0), (567.0, 531.9), (567.0, 531.3), (567.0, 531.0), (567.0, 531.9)]",0,7.38
experienced,meatboy,5,Stuck,5,0,82.36,0.466,"[(73.0, 525.0), (87.4, 523.3), (100.4, 472.2), (133.4, 444.2), (173.4, 441.9), (213.4, 458.4), (253.4, 493.7), (292.7, 515.9), (326.9, 467.2), (366.9, 437.4), (406.9, 426.4), (446.9, 434.2), (486.9, 460.9), (526.9, 506.4), (566.9, 531.3), (556.9, 484.1), (532.7, 447.2), (553.3, 429.2), (567.7, 429.9), (567.7, 449.6), (567.7, 486.3), (567.7, 526.0), (567.7, 531.0), (567.7, 531.9), (567.7, 531.3), (567.7, 531.0), (567.7, 531.9), (567.7, 531.3), (567.7, 531.0), (567.7, 531.9), (567.7, 531.3), (567.7, 531.0), (567.7, 531.9), (567.7, 531.3), (567.7, 531.0), (567.7, 531.9), (567.7, 531.3), (567.7, 531.0), (567.7, 531.9), (567.7, 531.3), (567.7, 531.0), (567.7, 531.9), (567.7, 531.3), (567.7, 531.0), (567.7, 531.9), (567.7, 531.3), (567.7, 531.0), (567.7, 531.9), (567.7, 531.3), (567.7, 531.0), (567.7, 531.9), (567.7, 531.3), (567.7, 531.0), (567.7, 531.9), (567.7, 531.3)]",0,7.25
experienced,meatboy,5,Saw,4,0,275.51,0.343,"[(73.0, 525.0), (87.4, 531.3), (127.4, 531.0), (167.4, 531.9), (204.6, 501.9), (242.4, 458.0), (282.4, 432.8), (322.4, 426.5), (362.4, 439.1), (402.4, 470.5)]",0,1.25
experienced,meatboy,5,Saw,3,0,209.68,0.327,"[(73.0, 525.0), (79.0, 531.3), (77.9, 477.9), (82.6, 448.4), (111.8, 446.0), (151.8, 462.5), (191.8, 497.9), (231.1, 515.9), (253.7, 467.2), (293.0, 442.9), (333.0, 442.9), (373.0, 461.8)]",0,1.55
experienced,meatboy,5,Saw,2,0,272.13,0.317,"[(73.0, 525.0), (87.4, 531.3), (127.4, 531.0), (167.4, 531.9), (207.4, 531.3), (245.3, 508.8), (280.9, 465.0), (320.9, 457.9), (360.9, 469.7)]",0,1.15
experienced,meatboy,5,Stuck,1,0,-0.14,0.059,"[(73.0, 525.0), (79.4, 531.3), (79.2, 531.0), (79.0, 531.9), (78.8, 531.3), (78.6, 531.0), (78.3, 531.9), (78.1, 531.3), (77.9, 531.0), (77.7, 531.9), (77.4, 531.3), (77.2, 531.0), (77.0, 531.9), (76.8, 531.3), (76.6, 531.0), (76.3, 531.9), (76.1, 531.3), (75.9, 531.0), (75.7, 531.9), (75.4, 531.3), (75.2, 531.0), (75.0, 531.9), (74.8, 531.3), (74.6, 531.0), (74.3, 531.9), (74.1, 531.3), (73.9, 531.0), (73.7, 531.9), (73.4, 531.3), (73.2, 531.0), (73.0, 531.9), (72.8, 531.3), (72.6, 531.0), (72.3, 531.9), (72.1, 531.3), (71.9, 531.0), (71.7, 531.9), (71.4, 531.3)]",0,5.02
experienced,meatboy,5,Stuck,4,0,87.49,0.467,"[(73.0, 525.0), (87.4, 523.3), (100.4, 472.2), (124.9, 449.9), (164.9, 452.3), (204.9, 473.5), (244.9, 513.6), (277.7, 495.4), (310.4, 453.8), (350.4, 437.5), (390.4, 442.3), (430.4, 465.8), (470.4, 508.3), (510.4, 531.3), (550.4, 531.0), (567.0, 531.9), (567.0, 531.3), (567.0, 531.0), (567.0, 531.9), (567.0, 531.3), (567.0, 531.0), (567.0, 531.9), (567.0, 531.3), (567.0, 531.0), (567.0, 531.9), (567.0, 531.3), (567.0, 531.0), (567.0, 531.9), (567.0, 531.3), (567.0, 531.0), (567.0, 531.9), (567.0, 531.3), (567.0, 531.0), (567.0, 531.9), (567.0, 531.3), (567.0, 531.0), (567.0, 531.9), (567.0, 531.3), (567.0, 531.0), (567.0, 531.9), (567.0, 531.3), (567.0, 531.0), (567.0, 531.9), (567.0, 531.3), (567.0, 531.0), (567.0, 531.9), (567.0, 531.3), (567.0, 531.0), (567.0, 531.9), (567.0, 531.3), (567.0, 531.0), (567.0, 531.9)]",0,6.85
experienced,meatboy,5,Pit,2,0,-134.39,0.0,"[(73.0, 525.0), (79.0, 523.3), (55.3, 472.2), (15.3, 440.1), (-24.7, 426.7), (-64.7, 432.2), (-104.7, 456.5), (-144.7, 499.7), (-164.4, 561.7), (-138.9, 642.6)]",0,1.32
experienced,meatboy,5,Saw,1,0,275.66,0.298,"[(73.0, 525.0), (87.4, 531.3), (127.4, 531.0), (167.4, 531.9), (207.4, 531.3), (247.4, 531.0), (287.4, 531.9), (327.4, 531.3)]",0,1.05
experienced,meatboy,5,Pit,1,0,-257.36,0.0,"[(73.0, 525.0), (67.2, 531.3), (34.2, 531.0), (-5.8, 531.9), (-45.8, 547.2), (-85.8, 581.4), (-125.8, 634.4), (-165.8, 706.2)]",0,0.97
experienced,meatboy,5,Stuck,5,0,82.36,0.466,"[(73.0, 525.0), (87.4, 523.3), (100.4, 472.2), (133.4, 444.2), (173.4, 441.9), (213.4, 458.4), (253.4, 493.7), (292.7, 515.9), (326.9, 467.2), (366.9, 437.4), (406.9, 426.4), (446.9, 434.2), (486.9, 460.9), (526.9, 506.4), (566.9, 531.3), (556.9, 484.1), (532.7, 447.2), (553.3, 429.2), (567.7, 429.9), (567.7, 449.6), (567.7, 486.3), (567.7, 526.0), (567.7, 531.0), (567.7, 531.9), (567.7, 531.3), (567.7, 531.0), (567.7, 531.9), (567.7, 531.3), (567.7, 531.0), (567.7, 531.9), (567.7, 531.3), (567.7, 531.0), (567.7, 531.9), (567.7, 531.3), (567.7, 531.0), (567.7, 531.9), (567.7, 531.3), (567.7, 531.0), (567.7, 531.9), (567.7, 531.3), (567.7, 531.0), (567.7, 531.9), (567.7, 531.3), (567.7, 531.0), (567.7, 531.9), (567.7, 531.3), (567.7, 531.0), (567.7, 531.9), (567.7, 531.3), (567.7, 531.0), (567.7, 531.9), (567.7, 531.3), (567.7, 531.0), (567.7, 531.9), (567.7, 531.3)]",0,7.25
experienced,meatboy,5,Stuck,7,0,80.99,0.467,"[(73.0, 525.0), (87.4, 523.3), (97.6, 472.2), (116.3, 442.2), (156.3, 437.5), (196.3, 451.7), (236.3, 484.7), (276.3, 531.0), (304.8, 477.6), (344.1, 443.0), (384.1, 427.3), (424.1, 430.5), (464.1, 452.4), (504.1, 493.3), (544.1, 531.9), (567.0, 509.1), (539.7, 462.7), (531.5, 436.2), (552.1, 431.5), (567.0, 445.7), (567.0, 478.5), (567.0, 518.2), (567.0, 531.9), (567.0, 531.3), (567.0, 531.0), (567.0, 531.9), (567.0, 531.3), (567.0, 531.0), (567.0, 531.9), (567.0, 531.3), (567.0, 531.0), (567.0, 531.9), (567.0, 531.3), (567.0, 531.0), (567.0, 531.9), (567.0, 531.3), (567.0, 531.0), (567.0, 531.9), (567.0, 531.3), (567.0, 531.0), (567.0, 531.9), (567.0, 531.3), (567.0, 531.0), (567.0, 531.9), (567.0, 531.3), (567.0, 531.0), (567.0, 531.9), (567.0, 531.3), (567.0, 531.0), (567.0, 531.9), (567.0, 531.3), (567.0, 531.0), (567.0, 531.9), (567.0, 531.3), (567.0, 531.0), (567.0, 531.9)]",0,7.38
experienced,meatboy,5,Stuck,4,0,87.49,0.467,"[(73.0, 525.0), (87.4, 523.3), (100.4, 472.2), (124.9, 449.9), (164.9, 452.3), (204.9, 473.5), (244.9, 513.6), (277.7, 495.4), (310.4, 453.8), (350.4, 437.5), (390.4, 442.3), (430.4, 465.8), (470.4, 508.3), (510.4, 531.3), (550.4, 531.0), (567.0, 531.9), (567.0, 531.3), (567.0, 531.0), (567.0, 531.9), (567.0, 531.3), (567.0, 531.0), (567.0, 531.9), (567.0, 531.3), (567.0, 531.0), (567.0, 531.9), (567.0, 531.3), (567.0, 531.0), (567.0, 531.9), (567.0, 531.3), (567.0, 531.0), (567.0, 531.9), (567.0, 531.3), (567.0, 531.0), (567.0, 531.9), (567.0, 531.3), (567.0, 531.0), (567.0, 531.9), (567.0, 531.3), (567.0, 531.0), (567.0, 531.9), (567.0, 531.3), (567.0, 531.0), (567.0, 531.9), (567.0, 531.3), (567.0, 531.0), (567.0, 531.9), (567.0, 531.3), (567.0, 531.0), (567.0, 531.9), (567.0, 531.3), (567.0, 531.0), (567.0, 531.9)]",0,6.85
experienced,meatboy,5,Saw,3,0,209.68,0.327,"[(73.0, 525.0), (79.0, 531.3), (77.9, 477.9), (82.6, 448.4), (111.8, 446.0), (151.8, 462.5), (191.8, 497.9), (231.1, 515.9), (253.7, 467.2), (293.0, 442.9), (333.0, 442.9), (373.0, 461.8)]",0,1.55
experienced,meatboy,5,Pit,2,0,-206.92,0.0,"[(73.0, 525.0), (71.8, 523.3), (39.8, 472.2), (-0.2, 440.1), (-40.2, 426.7), (-80.2, 432.2), (-120.2, 456.5), (-160.2, 499.7), (-200.2, 561.7), (-219.9, 642.6)]",0,1.32
experienced,meatboy,5,Saw,3,0,287.81,0.348,"[(73.0, 525.0), (98.2, 531.3), (138.2, 531.0), (178.2, 531.9), (218.2, 489.5), (258.2, 450.2), (298.2, 429.8), (338.2, 428.2), (378.2, 445.5), (418.2, 481.6)]",0,1.22
experienced,meatboy,5,Stuck,4,0,85.82,0.467,"[(73.0, 525.0), (87.4, 523.3), (125.4, 472.2), (165.4, 453.6), (205.4, 458.4), (245.4, 481.9), (285.4, 524.4), (323.9, 489.2), (363.9, 449.9), (403.9, 429.5), (443.9, 427.9), (483.9, 445.2), (523.9, 481.3), (563.9, 531.0), (564.8, 483.5), (567.7, 446.6), (567.7, 428.6), (567.7, 429.3), (567.7, 449.0), (567.7, 485.7), (567.7, 525.4), (567.7, 531.0), (567.7, 531.9), (567.7, 531.3), (567.7, 531.0), (567.7, 531.9), (567.7, 531.3), (567.7, 531.0), (567.7, 531.9), (567.7, 531.3), (567.7, 531.0), (567.7, 531.9), (567.7, 531.3), (567.7, 531.0), (567.7, 531.9), (567.7, 531.3), (567.7, 531.0), (567.7, 531.9), (567.7, 531.3), (567.7, 531.0), (567.7, 531.9), (567.7, 531.3), (567.7, 531.0), (567.7, 531.9), (567.7, 531.3), (567.7, 531.0), (567.7, 531.9), (567.7, 531.3), (567.7, 531.0), (567.7, 531.9), (567.7, 531.3), (567.7, 531.0), (567.7, 531.9)]",0,7.0
experienced,meatboy,5,Saw,1,0,275.66,0.298,"[(73.0, 525.0), (87.4, 531.3), (127.4, 531.0), (167.4, 531.9), (207.4, 531.3), (247.4, 531.0), (287.4, 531.9), (327.4, 531.3)]",0,1.05
experienced,meatboy,5,Saw,2,0,276.86,0.326,"[(73.0, 525.0), (87.4, 531.3), (127.4, 531.0), (167.4, 531.9), (207.4, 531.3), (246.0, 489.2), (286.0, 453.9), (326.0, 449.2), (366.0, 463.3)]",0,1.17
experienced,meatboy,5,Saw,1,0,275.66,0.298,"[(73.0, 525.0), (87.4, 531.3), (127.4, 531.0), (167.4, 531.9), (207.4, 531.3), (247.4, 531.0), (287.4, 531.9), (327.4, 531.3)]",0,1.05
experienced,meatboy,5,Stuck,4,0,85.82,0.467,"[(73.0, 525.0), (87.4, 523.3), (125.4, 472.2), (165.4, 453.6), (205.4, 458.4), (245.4, 481.9), (285.4, 524.4), (323.9, 489.2), (363.9, 449.9), (403.9, 429.5), (443.9, 427.9), (483.9, 445.2), (523.9, 481.3), (563.9, 531.0), (564.8, 483.5), (567.7, 446.6), (567.7, 428.6), (567.7, 429.3), (567.7, 449.0), (567.7, 485.7), (567.7, 525.4), (567.7, 531.0), (567.7, 531.9), (567.7, 531.3), (567.7, 531.0), (567.7, 531.9), (567.7, 531.3), (567.7, 531.0), (567.7, 531.9), (567.7, 531.3), (567.7, 531.0), (567.7, 531.9), (567.7, 531.3), (567.7, 531.0), (567.7, 531.9), (567.7, 531.3), (567.7, 531.0), (567.7, 531.9), (567.7, 531.3), (567.7, 531.0), (567.7, 531.9), (567.7, 531.3), (567.7, 531.0), (567.7, 531.9), (567.7, 531.3), (567.7, 531.0), (567.7, 531.9), (567.7, 531.3), (567.7, 531.0), (567.7, 531.9), (567.7, 531.3), (567.7, 531.0), (567.7, 531.9)]",0,7.0
experienced,meatboy,5,Stuck,7,0,80.99,0.467,"[(73.0, 525.0), (87.4, 523.3), (97.6, 472.2), (116.3, 442.2), (156.3, 437.5), (196.3, 451.7), (236.3, 484.7), (276.3, 531.0), (304.8, 477.6), (344.1, 443.0), (384.1, 427.3), (424.1, 430.5), (464.1, 452.4), (504.1, 493.3), (544.1, 531.9), (567.0, 509.1), (539.7, 462.7), (531.5, 436.2), (552.1, 431.5), (567.0, 445.7), (567.0, 478.5), (567.0, 518.2), (567.0, 531.9), (567.0, 531.3), (567.0, 531.0), (567.0, 531.9), (567.0, 531.3), (567.0, 531.0), (567.0, 531.9), (567.0, 531.3), (567.0, 531.0), (567.0, 531.9), (567.0, 531.3), (567.0, 531.0), (567.0, 531.9), (567.0, 531.3), (567.0, 531.0), (567.0, 531.9), (567.0, 531.3), (567.0, 531.0), (567.0, 531.9), (567.0, 531.3), (567.0, 531.0), (567.0, 531.9), (567.0, 531.3), (567.0, 531.0), (567.0, 531.9), (567.0, 531.3), (567.0, 531.0), (567.0, 531.9), (567.0, 531.3), (567.0, 531.0), (567.0, 531.9), (567.0, 531.3), (567.0, 531.0), (567.0, 531.9)]",0,7.38
experienced,meatboy,5,Stuck,5,0,82.36,0.466,"[(73.0, 525.0), (87.4, 523.3), (100.4, 472.2), (133.4, 444.2), (173.4, 441.9), (213.4, 458.4), (253.4, 493.7), (292.7, 515.9), (326.9, 467.2), (366.9, 437.4), (406.9, 426.4), (446.9, 434.2), (486.9, 460.9), (526.9, 506.4), (566.9, 531.3), (556.9, 484.1), (532.7, 447.2), (553.3, 429.2), (567.7, 429.9), (567.7, 449.6), (567.7, 486.3), (567.7, 526.0), (567.7, 531.0), (567.7, 531.9), (567.7, 531.3), (567.7, 531.0), (567.7, 531.9), (567.7, 531.3), (567.7, 531.0), (567.7, 531.9), (567.7, 531.3), (567.7, 531.0), (567.7, 531.9), (567.7, 531.3), (567.7, 531.0), (567.7, 531.9), (567.7, 531.3), (567.7, 531.0), (567.7, 531.9), (567.7, 531.3), (567.7, 531.0), (567.7, 531.9), (567.7, 531.3), (567.7, 531.0), (567.7, 531.9), (567.7, 531.3), (567.7, 531.0), (567.7, 531.9), (567.7, 531.3), (567.7, 531.0), (567.7, 531.9), (567.7, 531.3), (567.7, 531.0), (567.7, 531.9), (567.7, 531.3)]",0,7.25
experienced,meatboy,5,Stuck,4,0,87.49,0.467,"[(73.0, 525.0), (87.4, 523.3), (100.4, 472.2), (124.9, 449.9), (164.9, 452.3), (204.9, 473.5), (244.9, 513.6), (277.7, 495.4), (310.4, 453.8), (350.4, 437.5), (390.4, 442.3), (430.4, 465.8), (470.4, 508.3), (510.4, 531.3), (550.4, 531.0), (567.0, 531.9), (567.0, 531.3), (567.0, 531.0), (567.0, 531.9), (567.0, 531.3), (567.0, 531.0), (567.0, 531.9), (567.0, 531.3), (567.0, 531.0), (567.0, 531.9), (567.0, 531.3), (567.0, 531.0), (567.0, 531.9), (567.0, 531.3), (567.0, 531.0), (567.0, 531.9), (567.0, 531.3), (567.0, 531.0), (567.0, 531.9), (567.0, 531.3), (567.0, 531.0), (567.0, 531.9), (567.0, 531.3), (567.0, 531.0), (567.0, 531.9), (567.0, 531.3), (567.0, 531.0), (567.0, 531.9), (567.0, 531.3), (567.0, 531.0), (567.0, 531.9), (567.0, 531.3), (567.0, 531.0), (567.0, 531.9), (567.0, 531.3), (567.0, 531.0), (567.0, 531.9)]",0,6.85
experienced,meatboy,5,Saw,1,0,275.66,0.298,"[(73.0, 525.0), (87.4, 531.3), (127.4, 531.0), (167.4, 531.9), (207.4, 531.3), (247.4, 531.0), (287.4, 531.9), (327.4, 531.3)]",0,1.05
experienced,meatboy,5,Saw,1,0,275.66,0.298,"[(73.0, 525.0), (87.4, 531.3), (127.4, 531.0), (167.4, 531.9), (207.4, 531.3), (247.4, 531.0), (287.4, 531.9), (327.4, 531.3)]",0,1.05
experienced,meatboy,5,Stuck,5,0,81.47,0.466,"[(73.0, 525.0), (87.4, 531.3), (127.4, 531.0), (167.4, 531.9), (207.4, 531.3), (247.4, 531.0), (287.4, 531.9), (316.6, 483.2), (355.9, 446.3), (395.9, 428.3), (435.9, 429.0), (475.9, 448.7), (515.9, 487.1), (555.9, 531.3), (563.4, 495.7), (527.6, 454.1), (507.8, 431.3), (533.3, 427.4), (567.7, 442.3), (567.7, 475.8), (567.7, 515.4), (567.7, 531.3), (567.7, 531.0), (567.7, 531.9), (567.7, 531.3), (567.7, 531.0), (567.7, 531.9), (567.7, 531.3), (567.7, 531.0), (567.7, 531.9), (567.7, 531.3), (567.7, 531.0), (567.7, 531.9), (567.7, 531.3), (567.7, 531.0), (567.7, 531.9), (567.7, 531.3), (567.7, 531.0), (567.7, 531.9), (567.7, 531.3), (567.7, 531.0), (567.7, 531.9), (567.7, 531.3), (567.7, 531.0), (567.7, 531.9), (567.7, 531.3), (567.7, 531.0), (567.7, 531.9), (567.7, 531.3), (567.7, 531.0), (567.7, 531.9), (567.7, 531.3), (567.7, 531.0), (567.7, 531.9), (567.7, 531.3)]",0,7.32
experienced,meatboy,5,Saw,1,0,275.66,0.298,"[(73.0, 525.0), (87.4, 531.3), (127.4, 531.0), (167.4, 531.9), (207.4, 531.3), (247.4, 531.0), (287.4, 531.9), (327.4, 531.3)]",0,1.05
experienced,meatboy,5,Saw,3,0,273.29,0.33,"[(73.0, 525.0), (87.4, 531.3), (127.4, 531.0), (167.4, 531.9), (200.9, 483.2), (240.9, 446.3), (280.9, 428.3), (320.9, 429.0), (360.9, 448.7), (400.9, 487.1)]",0,1.2
experienced,meatboy,5,Saw,1,0,275.66,0.298,"[(73.0, 525.0), (87.4, 531.3), (127.4, 531.0), (167.4, 531.9), (207.4, 531.3), (247.4, 531.0), (287.4, 531.9), (327.4, 531.3)]",0,1.05
experienced,meatboy,5,Stuck,5,0,81.47,0.466,"[(73.0, 525.0), (87.4, 531.3), (127.4, 531.0), (167.4, 531.9), (207.4, 531.3), (247.4, 531.0), (287.4, 531.9), (316.6, 483.2), (355.9, 446.3), (395.9, 428.3), (435.9, 429.0), (475.9, 448.7), (515.9, 487.1), (555.9, 531.3), (563.4, 495.7), (527.6, 454.1), (507.8, 431.3), (533.3, 427.4), (567.7, 442.3), (567.7, 475.8), (567.7, 515.4), (567.7, 531.3), (567.7, 531.0), (567.7, 531.9), (567.7, 531.3), (567.7, 531.0), (567.7, 531.9), (567.7, 531.3), (567.7, 531.0), (567.7, 531.9), (567.7, 531.3), (567.7, 531.0), (567.7, 531.9), (567.7, 531.3), (567.7, 531.0), (567.7, 531.9), (567.7, 531.3), (567.7, 531.0), (567.7, 531.9), (567.7, 531.3), (567.7, 531.0), (567.7, 531.9), (567.7, 531.3), (567.7, 531.0), (567.7, 531.9), (567.7, 531.3), (567.7, 531.0), (567.7, 531.9), (567.7, 531.3), (567.7, 531.0), (567.7, 531.9), (567.7, 531.3), (567.7, 531.0), (567.7, 531.9), (567.7, 531.3)]",0,7.32
experienced,meatboy,5,Stuck,5,0,82.36,0.466,"[(73.0, 525.0), (87.4, 523.3), (100.4, 472.2), (133.4, 444.2), (173.4, 441.9), (213.4, 458.4), (253.4, 493.7), (292.7, 515.9), (326.9, 467.2), (366.9, 437.4), (406.9, 426.4), (446.9, 434.2), (486.9, 460.9), (526.9, 506.4), (566.9, 531.3), (556.9, 484.1), (532.7, 447.2), (553.3, 429.2), (567.7, 429.9), (567.7, 449.6), (567.7, 486.3), (567.7, 526.0), (567.7, 531.0), (567.7, 531.9), (567.7, 531.3), (567.7, 531.0), (567.7, 531.9), (567.7, 531.3), (567.7, 531.0), (567.7, 531.9), (567.7, 531.3), (567.7, 531.0), (567.7, 531.9), (567.7, 531.3), (567.7, 531.0), (567.7, 531.9), (567.7, 531.3), (567.7, 531.0), (567.7, 531.9), (567.7, 531.3), (567.7, 531.0), (567.7, 531.9), (567.7, 531.3), (567.7, 531.0), (567.7, 531.9), (567.7, 531.3), (567.7, 531.0), (567.7, 531.9), (567.7, 531.3), (567.7, 531.0), (567.7, 531.9), (567.7, 531.3), (567.7, 531.0), (567.7, 531.9), (567.7, 531.3)]",0,7.25
experienced,meatboy,5,Stuck,7,0,80.99,0.467,"[(73.0, 525.0), (87.4, 523.3), (97.6, 472.2), (116.3, 442.2), (156.3, 437.5), (196.3, 451.7), (236.3, 484.7), (276.3, 531.0), (304.8, 477.6), (344.1, 443.0), (384.1, 427.3), (424.1, 430.5), (464.1, 452.4), (504.1, 493.3), (544.1, 531.9), (567.0, 509.1), (539.7, 462.7), (531.5, 436.2), (552.1, 431.5), (567.0, 445.7), (567.0, 478.5), (567.0, 518.2), (567.0, 531.9), (567.0, 531.3), (567.0, 531.0), (567.0, 531.9), (567.0, 531.3), (567.0, 531.0), (567.0, 531.9), (567.0, 531.3), (567.0, 531.0), (567.0, 531.9), (567.0, 531.3), (567.0, 531.0), (567.0, 531.9), (567.0, 531.3), (567.0, 531.0), (567.0, 531.9), (567.0, 531.3), (567.0, 531.0), (567.0, 531.9), (567.0, 531.3), (567.0, 531.0), (567.0, 531.9), (567.0, 531.3), (567.0, 531.0), (567.0, 531.9), (567.0, 531.3), (567.0, 531.0), (567.0, 531.9), (567.0, 531.3), (567.0, 531.0), (567.0, 531.9), (567.0, 531.3), (567.0, 531.0), (567.0, 531.9)]",0,7.38
experienced,meatboy,5,Stuck,4,0,85.82,0.467,"[(73.0, 525.0), (87.4, 523.3), (125.4, 472.2), (165.4, 453.6), (205.4, 458.4), (245.4, 481.9), (285.4, 524.4), (323.9, 489.2), (363.9, 449.9), (403.9, 429.5), (443.9, 427.9), (483.9, 445.2), (523.9, 481.3), (563.9, 531.0), (564.8, 483.5), (567.7, 446.6), (567.7, 428.6), (567.7, 429.3), (567.7, 449.0), (567.7, 485.7), (567.7, 525.4), (567.7, 531.0), (567.7, 531.9), (567.7, 531.3), (567.7, 531.0), (567.7, 531.9), (567.7, 531.3), (567.7, 531.0), (567.7, 531.9), (567.7, 531.3), (567.7, 531.0), (567.7, 531.9), (567.7, 531.3), (567.7, 531.0), (567.7, 531.9), (567.7, 531.3), (567.7, 531.0), (567.7, 531.9), (567.7, 531.3), (567.7, 531.0), (567.7, 531.9), (567.7, 531.3), (567.7, 531.0), (567.7, 531.9), (567.7, 531.3), (567.7, 531.0), (567.7, 531.9), (567.7, 531.3), (567.7, 531.0), (567.7, 531.9), (567.7, 531.3), (567.7, 531.0), (567.7, 531.9)]",0,7.0
experienced,meatboy,5,Saw,2,0,274.97,0.297,"[(73.0, 525.0), (87.4, 531.3), (127.4, 531.0), (167.4, 531.9), (207.4, 531.3), (247.4, 531.0), (287.4, 531.9), (327.4, 531.3)]",0,1.05
experienced,meatboy,5,Saw,3,0,225.53,0.313,"[(73.0, 525.0), (84.8, 523.3), (85.1, 472.2), (102.8, 457.9), (142.8, 465.0), (182.8, 491.0), (222.8, 531.0), (251.2, 477.6), (291.2, 454.4), (331.2, 456.7), (371.2, 478.0)]",0,1.37
experienced,meatboy,5,Saw,1,0,275.66,0.298,"[(73.0, 525.0), (87.4, 531.3), (127.4, 531.0), (167.4, 531.9), (207.4, 531.3), (247.4, 531.0), (287.4, 531.9), (327.4, 531.3)]",0,1.05
experienced,meatboy,5,Stuck,5,0,88.97,0.466,"[(73.0, 525.0), (87.4, 531.3), (127.4, 531.0), (167.4, 531.9), (207.4, 531.3), (247.4, 531.0), (287.4, 477.6), (327.4, 444.1), (367.4, 437.1), (407.4, 448.9), (447.4, 479.5), (487.4, 529.0), (527.4, 501.9), (567.4, 458.0), (567.7, 432.8), (567.7, 426.5), (567.7, 439.1), (567.7, 470.5), (567.7, 510.2), (567.7, 531.0), (567.7, 531.9), (567.7, 531.3), (567.7, 531.0), (567.7, 531.9), (567.7, 531.3), (567.7, 531.0), (567.7, 531.9), (567.7, 531.3), (567.7, 531.0), (567.7, 531.9), (567.7, 531.3), (567.7, 531.0), (567.7, 531.9), (567.7, 531.3), (567.7, 531.0), (567.7, 531.9), (567.7, 531.3), (567.7, 531.0), (567.7, 531.9), (567.7, 531.3), (567.7, 531.0), (567.7, 531.9), (567.7, 531.3), (567.7, 531.0), (567.7, 531.9), (567.7, 531.3), (567.7, 531.0), (567.7, 531.9), (567.7, 531.3), (567.7, 531.0), (567.7, 531.9)]",0,6.78
experienced,meatboy,5,Stuck,4,0,81.1,0.466,"[(73.0, 525.0), (87.4, 531.3), (127.4, 531.0), (167.4, 531.9), (207.4, 531.3), (247.4, 531.0), (280.2, 495.4), (315.9, 453.8), (355.9, 431.0), (395.9, 427.1), (435.9, 442.0), (475.9, 475.8), (515.9, 528.4), (555.9, 531.3), (563.4, 495.7), (527.6, 454.1), (502.7, 431.3), (523.3, 427.4), (563.3, 442.3), (567.7, 475.8), (567.7, 515.4), (567.7, 531.3), (567.7, 531.0), (567.7, 531.9), (567.7, 531.3), (567.7, 531.0), (567.7, 531.9), (567.7, 531.3), (567.7, 531.0), (567.7, 531.9), (567.7, 531.3), (567.7, 531.0), (567.7, 531.9), (567.7, 531.3), (567.7, 531.0), (567.7, 531.9), (567.7, 531.3), (567.7, 531.0), (567.7, 531.9), (567.7, 531.3), (567.7, 531.0), (567.7, 531.9), (567.7, 531.3), (567.7, 531.0), (567.7, 531.9), (567.7, 531.3), (567.7, 531.0), (567.7, 531.9), (567.7, 531.3), (567.7, 531.0), (567.7, 531.9), (567.7, 531.3), (567.7, 531.0), (567.7, 531.9), (567.7, 531.3), (567.7, 531.0)]",0,7.35
experienced,meatboy,5,Saw,3,0,248.95,0.299,"[(73.0, 525.0), (87.4, 523.3), (100.4, 472.2), (133.4, 444.2), (173.4, 441.9), (213.4, 458.4), (253.4, 493.7), (293.4, 531.9), (333.4, 531.3)]",0,1.17
experienced,meatboy,5,Stuck,4,0,81.1,0.466,"[(73.0, 525.0), (87.4, 531.3), (127.4, 531.0), (167.4, 531.9), (207.4, 531.3), (247.4, 531.0), (280.2, 495.4), (315.9, 453.8), (355.9, 431.0), (395.9, 427.1), (435.9, 442.0), (475.9, 475.8), (515.9, 528.4), (555.9, 531.3), (563.4, 495.7), (527.6, 454.1), (502.7, 431.3), (523.3, 427.4), (563.3, 442.3), (567.7, 475.8), (567.7, 515.4), (567.7, 531.3), (567.7, 531.0), (567.7, 531.9), (567.7, 531.3), (567.7, 531.0), (567.7, 531.9), (567.7, 531.3), (567.7, 531.0), (567.7, 531.9), (567.7, 531.3), (567.7, 531.0), (567.7, 531.9), (567.7, 531.3), (567.7, 531.0), (567.7, 531.9), (567.7, 531.3), (567.7, 531.0), (567.7, 531.9), (567.7, 531.3), (567.7, 531.0), (567.7, 531.9), (567.7, 531.3), (567.7, 531.0), (567.7, 531.9), (567.7, 531.3), (567.7, 531.0), (567.7, 531.9), (567.7, 531.3), (567.7, 531.0), (567.7, 531.9), (567.7, 531.3), (567.7, 531.0), (567.7, 531.9), (567.7, 531.3), (567.7, 531.0)]",0,7.35
experienced,meatboy,5,Stuck,5,0,88.97,0.466,"[(73.0, 525.0), (87.4, 531.3), (127.4, 531.0), (167.4, 531.9), (207.4, 531.3), (247.4, 531.0), (287.4, 477.6), (327.4, 444.1), (367.4, 437.1), (407.4, 448.9), (447.4, 479.5), (487.4, 529.0), (527.4, 501.9), (567.4, 458.0), (567.7, 432.8), (567.7, 426.5), (567.7, 439.1), (567.7, 470.5), (567.7, 510.2), (567.7, 531.0), (567.7, 531.9), (567.7, 531.3), (567.7, 531.0), (567.7, 531.9), (567.7, 531.3), (567.7, 531.0), (567.7, 531.9), (567.7, 531.3), (567.7, 531.0), (567.7, 531.9), (567.7, 531.3), (567.7, 531.0), (567.7, 531.9), (567.7, 531.3), (567.7, 531.0), (567.7, 531.9), (567.7, 531.3), (567.7, 531.0), (567.7, 531.9), (567.7, 531.3), (567.7, 531.0), (567.7, 531.9), (567.7, 531.3), (567.7, 531.0), (567.7, 531.9), (567.7, 531.3), (567.7, 531.0), (567.7, 531.9), (567.7, 531.3), (567.7, 531.0), (567.7, 531.9)]",0,6.78
experienced,meatboy,5,Stuck,4,0,85.82,0.467,"[(73.0, 525.0), (87.4, 523.3), (125.4, 472.2), (165.4, 453.6), (205.4, 458.4), (245.4, 481.9), (285.4, 524.4), (323.9, 489.2), (363.9, 449.9), (403.9, 429.5), (443.9, 427.9), (483.9, 445.2), (523.9, 481.3), (563.9, 531.0), (564.8, 483.5), (567.7, 446.6), (567.7, 428.6), (567.7, 429.3), (567.7, 449.0), (567.7, 485.7), (567.7, 525.4), (567.7, 531.0), (567.7, 531.9), (567.7, 531.3), (567.7, 531.0), (567.7, 531.9), (567.7, 531.3), (567.7, 531.0), (567.7, 531.9), (567.7, 531.3), (567.7, 531.0), (567.7, 531.9), (567.7, 531.3), (567.7, 531.0), (567.7, 531.9), (567.7, 531.3), (567.7, 531.0), (567.7, 531.9), (567.7, 531.3), (567.7, 531.0), (567.7, 531.9), (567.7, 531.3), (567.7, 531.0), (567.7, 531.9), (567.7, 531.3), (567.7, 531.0), (567.7, 531.9), (567.7, 531.3), (567.7, 531.0), (567.7, 531.9), (567.7, 531.3), (567.7, 531.0), (567.7, 531.9)]",0,7.0
experienced,meatboy,5,Stuck,7,0,80.99,0.467,"[(73.0, 525.0), (87.4, 523.3), (97.6, 472.2), (116.3, 442.2), (156.3, 437.5), (196.3, 451.7), (236.3, 484.7), (276.3, 531.0), (304.8, 477.6), (344.1, 443.0), (384.1, 427.3), (424.1, 430.5), (464.1, 452.4), (504.1, 493.3), (544.1, 531.9), (567.0, 509.1), (539.7, 462.7), (531.5, 436.2), (552.1, 431.5), (567.0, 445.7), (567.0, 478.5), (567.0, 518.2), (567.0, 531.9), (567.0, 531.3), (567.0, 531.0), (567.0, 531.9), (567.0, 531.3), (567.0, 531.0), (567.0, 531.9), (567.0, 531.3), (567.0, 531.0), (567.0, 531.9), (567.0, 531.3), (567.0, 531.0), (567.0, 531.9), (567.0, 531.3), (567.0, 531.0), (567.0, 531.9), (567.0, 531.3), (567.0, 531.0), (567.0, 531.9), (567.0, 531.3), (567.0, 531.0), (567.0, 531.9), (567.0, 531.3), (567.0, 531.0), (567.0, 531.9), (567.0, 531.3), (567.0, 531.0), (567.0, 531.9), (567.0, 531.3), (567.0, 531.0), (567.0, 531.9), (567.0, 531.3), (567.0, 531.0), (567.0, 531.9)]",0,7.38
experienced,meatboy,5,Saw,2,0,274.14,0.308,"[(73.0, 525.0), (87.4, 531.3), (127.4, 531.0), (167.4, 531.9), (207.4, 531.3), (247.4, 531.0), (284.6, 481.0), (324.6, 474.0), (364.6, 485.8)]",0,1.1
experienced,meatboy,5,Saw,3,0,274.36,0.342,"[(73.0, 525.0), (87.4, 531.3), (127.4, 531.0), (167.4, 531.9), (207.4, 531.3), (240.9, 489.2), (280.9, 449.9), (320.9, 437.1), (360.9, 444.2), (400.9, 470.1)]",0,1.25
experienced,meatboy,5,Saw,1,0,275.66,0.298,"[(73.0, 525.0), (87.4, 531.3), (127.4, 531.0), (167.4, 531.9), (207.4, 531.3), (247.4, 531.0), (287.4, 531.9), (327.4, 531.3)]",0,1.05
experienced,meatboy,5,Saw,1,0,285.41,0.299,"[(73.0, 525.0), (98.2, 531.3), (138.2, 531.0), (178.2, 531.9), (218.2, 531.3), (258.2, 531.0), (298.2, 531.9), (338.2, 531.3)]",0,1.02
experienced,meatboy,5,Saw,3,0,278.4,0.339,"[(73.0, 525.0), (87.4, 531.3), (127.4, 531.0), (167.4, 531.9), (206.7, 489.5), (246.7, 450.2), (286.7, 429.8), (326.7, 428.2), (366.7, 445.5), (406.7, 481.6)]",0,1.22
experienced,meatboy,5,Saw,2,0,274.97,0.297,"[(73.0, 525.0), (87.4, 531.3), (127.4, 531.0), (167.4, 531.9), (207.4, 531.3), (247.4, 531.0), (287.4, 531.9), (327.4, 531.3)]",0,1.05
experienced,meatboy,5,Stuck,7,0,80.99,0.467,"[(73.0, 525.0), (87.4, 523.3), (97.6, 472.2), (116.3, 442.2), (156.3, 437.5), (196.3, 451.7), (236.3, 484.7), (276.3, 531.0), (304.8, 477.6), (344.1, 443.0), (384.1, 427.3), (424.1, 430.5), (464.1, 452.4), (504.1, 493.3), (544.1, 531.9), (567.0, 509.1), (539.7, 462.7), (531.5, 436.2), (552.1, 431.5), (567.0, 445.7), (567.0, 478.5), (567.0, 518.2), (567.0, 531.9), (567.0, 531.3), (567.0, 531.0), (567.0, 531.9), (567.0, 531.3), (567.0, 531.0), (567.0, 531.9), (567.0, 531.3), (567.0, 531.0), (567.0, 531.9), (567.0, 531.3), (567.0, 531.0), (567.0, 531.9), (567.0, 531.3), (567.0, 531.0), (567.0, 531.9), (567.0, 531.3), (567.0, 531.0), (567.0, 531.9), (567.0, 531.3), (567.0, 531.0), (567.0, 531.9), (567.0, 531.3), (567.0, 531.0), (567.0, 531.9), (567.0, 531.3), (567.0, 531.0), (567.0, 531.9), (567.0, 531.3), (567.0, 531.0), (567.0, 531.9), (567.0, 531.3), (567.0, 531.0), (567.0, 531.9)]",0,7.38
experienced,meatboy,5,Stuck,4,0,85.82,0.467,"[(73.0, 525.0), (87.4, 523.3), (125.4, 472.2), (165.4, 453.6), (205.4, 458.4), (245.4, 481.9), (285.4, 524.4), (323.9, 489.2), (363.9, 449.9), (403.9, 429.5), (443.9, 427.9), (483.9, 445.2), (523.9, 481.3), (563.9, 531.0), (564.8, 483.5), (567.7, 446.6), (567.7, 428.6), (567.7, 429.3), (567.7, 449.0), (567.7, 485.7), (567.7, 525.4), (567.7, 531.0), (567.7, 531.9), (567.7, 531.3), (567.7, 531.0), (567.7, 531.9), (567.7, 531.3), (567.7, 531.0), (567.7, 531.9), (567.7, 531.3), (567.7, 531.0), (567.7, 531.9), (567.7, 531.3), (567.7, 531.0), (567.7, 531.9), (567.7, 531.3), (567.7, 531.0), (567.7, 531.9), (567.7, 531.3), (567.7, 531.0), (567.7, 531.9), (567.7, 531.3), (567.7, 531.0), (567.7, 531.9), (567.7, 531.3), (567.7, 531.0), (567.7, 531.9), (567.7, 531.3), (567.7, 531.0), (567.7, 531.9), (567.7, 531.3), (567.7, 531.0), (567.7, 531.9)]",0,7.0
experienced,meatboy,5,Stuck,5,0,88.97,0.466,"[(73.0, 525.0), (87.4, 531.3), (127.4, 531.0), (167.4, 531.9), (207.4, 531.3), (247.4, 531.0), (287.4, 477.6), (327.4, 444.1), (367.4, 437.1), (407.4, 448.9), (447.4, 479.5), (487.4, 529.0), (527.4, 501.9), (567.4, 458.0), (567.7, 432.8), (567.7, 426.5), (567.7, 439.1), (567.7, 470.5), (567.7, 510.2), (567.7, 531.0), (567.7, 531.9), (567.7, 531.3), (567.7, 531.0), (567.7, 531.9), (567.7, 531.3), (567.7, 531.0), (567.7, 531.9), (567.7, 531.3), (567.7, 531.0), (567.7, 531.9), (567.7, 531.3), (567.7, 531.0), (567.7, 531.9), (567.7, 531.3), (567.7, 531.0), (567.7, 531.9), (567.7, 531.3), (567.7, 531.0), (567.7, 531.9), (567.7, 531.3), (567.7, 531.0), (567.7, 531.9), (567.7, 531.3), (567.7, 531.0), (567.7, 531.9), (567.7, 531.3), (567.7, 531.0), (567.7, 531.9), (567.7, 531.3), (567.7, 531.0), (567.7, 531.9)]",0,6.78
experienced,meatboy,5,Stuck,4,0,81.1,0.466,"[(73.0, 525.0), (87.4, 531.3), (127.4, 531.0), (167.4, 531.9), (207.4, 531.3), (247.4, 531.0), (280.2, 495.4), (315.9, 453.8), (355.9, 431.0), (395.9, 427.1), (435.9, 442.0), (475.9, 475.8), (515.9, 528.4), (555.9, 531.3), (563.4, 495.7), (527.6, 454.1), (502.7, 431.3), (523.3, 427.4), (563.3, 442.3), (567.7, 475.8), (567.7, 515.4), (567.7, 531.3), (567.7, 531.0), (567.7, 531.9), (567.7, 531.3), (567.7, 531.0), (567.7, 531.9), (567.7, 531.3), (567.7, 531.0), (567.7, 531.9), (567.7, 531.3), (567.7, 531.0), (567.7, 531.9), (567.7, 531.3), (567.7, 531.0), (567.7, 531.9), (567.7, 531.3), (567.7, 531.0), (567.7, 531.9), (567.7, 531.3), (567.7, 531.0), (567.7, 531.9), (567.7, 531.3), (567.7, 531.0), (567.7, 531.9), (567.7, 531.3), (567.7, 531.0), (567.7, 531.9), (567.7, 531.3), (567.7, 531.0), (567.7, 531.9), (567.7, 531.3), (567.7, 531.0), (567.7, 531.9), (567.7, 531.3), (567.7, 531.0)]",0,7.35
experienced,meatboy,5,Stuck,2,0,90.55,0.467,"[(73.0, 525.0), (87.4, 531.3), (127.4, 531.0), (167.4, 531.9), (207.4, 531.3), (247.4, 531.0), (287.4, 531.9), (327.4, 531.3), (358.1, 489.2), (395.9, 449.9), (435.9, 429.5), (475.9, 427.9), (515.9, 445.2), (555.9, 481.3), (567.7, 524.5), (567.7, 531.0), (567.7, 531.9), (567.7, 531.3), (567.7, 531.0), (567.7, 531.9), (567.7, 531.3), (567.7, 531.0), (567.7, 531.9), (567.7, 531.3), (567.7, 531.0), (567.7, 531.9), (567.7, 531.3), (567.7, 531.0), (567.7, 531.9), (567.7, 531.3), (567.7, 531.0), (567.7, 531.9), (567.7, 531.3), (567.7, 531.0), (567.7, 531.9), (567.7, 531.3), (567.7, 531.0), (567.7, 531.9), (567.7, 531.3), (567.7, 531.0), (567.7, 531.9), (567.7, 531.3), (567.7, 531.0), (567.7, 531.9), (567.7, 531.3), (567.7, 531.0), (567.7, 531.9), (567.7, 531.3), (567.7, 531.0), (567.7, 531.9)]",0,6.6
experienced,meatboy,5,Stuck,4,0,89.53,0.466,"[(73.0, 525.0), (87.4, 531.3), (127.4, 531.0), (167.4, 531.9), (207.4, 531.3), (240.9, 489.2), (280.9, 449.9), (320.9, 432.0), (360.9, 434.3), (400.9, 455.6), (440.9, 495.6), (480.9, 523.6), (520.9, 472.5), (560.9, 440.3), (567.0, 427.0), (567.0, 432.5), (567.0, 456.8), (567.0, 495.6), (567.0, 531.0), (567.0, 531.9), (567.0, 531.3), (567.0, 531.0), (567.0, 531.9), (567.0, 531.3), (567.0, 531.0), (567.0, 531.9), (567.0, 531.3), (567.0, 531.0), (567.0, 531.9), (567.0, 531.3), (567.0, 531.0), (567.0, 531.9), (567.0, 531.3), (567.0, 531.0), (567.0, 531.9), (567.0, 531.3), (567.0, 531.0), (567.0, 531.9), (567.0, 531.3), (567.0, 531.0), (567.0, 531.9), (567.0, 531.3), (567.0, 531.0), (567.0, 531.9), (567.0, 531.3), (567.0, 531.0), (567.0, 531.9), (567.0, 531.3), (567.0, 531.0), (567.0, 531.9), (567.0, 531.3)]",0,6.7
experienced,meatboy,5,Saw,1,0,275.66,0.298,"[(73.0, 525.0), (87.4, 531.3), (127.4, 531.0), (167.4, 531.9), (207.4, 531.3), (247.4, 531.0), (287.4, 531.9), (327.4, 531.3)]",0,1.05
experienced,meatboy,5,Saw,2,0,264.29,0.299,"[(73.0, 525.0), (87.4, 531.3), (127.4, 531.0), (167.4, 531.9), (203.1, 501.9), (233.7, 460.2), (273.7, 453.2), (313.7, 465.0), (353.7, 495.6)]",0,1.1
experienced,meatboy,5,Saw,2,0,274.97,0.297,"[(73.0, 525.0), (87.4, 531.3), (126.7, 508.8), (166.7, 462.4), (206.7, 434.9), (246.7, 426.3), (286.7, 436.5), (326.7, 465.5)]",0,1.05
experienced,meatboy,5,Saw,1,0,275.66,0.298,"[(73.0, 525.0), (87.4, 531.3), (127.4, 531.0), (167.4, 531.9), (207.4, 531.3), (247.4, 531.0), (287.4, 531.9), (327.4, 531.3)]",0,1.05
experienced,meatboy,5,Stuck,4,0,89.53,0.466,"[(73.0, 525.0), (87.4, 531.3), (127.4, 531.0), (167.4, 531.9), (207.4, 531.3), (240.9, 489.2), (280.9, 449.9), (320.9, 432.0), (360.9, 434.3), (400.9, 455.6), (440.9, 495.6), (480.9, 523.6), (520.9, 472.5), (560.9, 440.3), (567.0, 427.0), (567.0, 432.5), (567.0, 456.8), (567.0, 495.6), (567.0, 531.0), (567.0, 531.9), (567.0, 531.3), (567.0, 531.0), (567.0, 531.9), (567.0, 531.3), (567.0, 531.0), (567.0, 531.9), (567.0, 531.3), (567.0, 531.0), (567.0, 531.9), (567.0, 531.3), (567.0, 531.0), (567.0, 531.9), (567.0, 531.3), (567.0, 531.0), (567.0, 531.9), (567.0, 531.3), (567.0, 531.0), (567.0, 531.9), (567.0, 531.3), (567.0, 531.0), (567.0, 531.9), (567.0, 531.3), (567.0, 531.0), (567.0, 531.9), (567.0, 531.3), (567.0, 531.0), (567.0, 531.9), (567.0, 531.3), (567.0, 531.0), (567.0, 531.9), (567.0, 531.3)]",0,6.7
experienced,meatboy,5,Stuck,4,0,81.1,0.466,"[(73.0, 525.0), (87.4, 531.3), (127.4, 531.0), (167.4, 531.9), (207.4, 531.3), (247.4, 531.0), (280.2, 495.4), (315.9, 453.8), (355.9, 431.0), (395.9, 427.1), (435.9, 442.0), (475.9, 475.8), (515.9, 528.4), (555.9, 531.3), (563.4, 495.7), (527.6, 454.1), (502.7, 431.3), (523.3, 427.4), (563.3, 442.3), (567.7, 475.8), (567.7, 515.4), (567.7, 531.3), (567.7, 531.0), (567.7, 531.9), (567.7, 531.3), (567.7, 531.0), (567.7, 531.9), (567.7, 531.3), (567.7, 531.0), (567.7, 531.9), (567.7, 531.3), (567.7, 531.0), (567.7, 531.9), (567.7, 531.3), (567.7, 531.0), (567.7, 531.9), (567.7, 531.3), (567.7, 531.0), (567.7, 531.9), (567.7, 531.3), (567.7, 531.0), (567.7, 531.9), (567.7, 531.3), (567.7, 531.0), (567.7, 531.9), (567.7, 531.3), (567.7, 531.0), (567.7, 531.9), (567.7, 531.3), (567.7, 531.0), (567.7, 531.9), (567.7, 531.3), (567.7, 531.0), (567.7, 531.9), (567.7, 531.3), (567.7, 531.0)]",0,7.35
experienced,meatboy,5,Stuck,5,0,88.97,0.466,"[(73.0, 525.0), (87.4, 531.3), (127.4, 531.0), (167.4, 531.9), (207.4, 531.3), (247.4, 531.0), (287.4, 477.6), (327.4, 444.1), (367.4, 437.1), (407.4, 448.9), (447.4, 479.5), (487.4, 529.0), (527.4, 501.9), (567.4, 458.0), (567.7, 432.8), (567.7, 426.5), (567.7, 439.1), (567.7, 470.5), (567.7, 510.2), (567.7, 531.0), (567.7, 531.9), (567.7, 531.3), (567.7, 531.0), (567.7, 531.9), (567.7, 531.3), (567.7, 531.0), (567.7, 531.9), (567.7, 531.3), (567.7, 531.0), (567.7, 531.9), (567.7, 531.3), (567.7, 531.0), (567.7, 531.9), (567.7, 531.3), (567.7, 531.0), (567.7, 531.9), (567.7, 531.3), (567.7, 531.0), (567.7, 531.9), (567.7, 531.3), (567.7, 531.0), (567.7, 531.9), (567.7, 531.3), (567.7, 531.0), (567.7, 531.9), (567.7, 531.3), (567.7, 531.0), (567.7, 531.9), (567.7, 531.3), (567.7, 531.0), (567.7, 531.9)]",0,6.78
experienced,meatboy,5,Stuck,4,0,85.82,0.467,"[(73.0, 525.0), (87.4, 523.3), (125.4, 472.2), (165.4, 453.6), (205.4, 458.4), (245.4, 481.9), (285.4, 524.4), (323.9, 489.2), (363.9, 449.9), (403.9, 429.5), (443.9, 427.9), (483.9, 445.2), (523.9, 481.3), (563.9, 531.0), (564.8, 483.5), (567.7, 446.6), (567.7, 428.6), (567.7, 429.3), (567.7, 449.0), (567.7, 485.7), (567.7, 525.4), (567.7, 531.0), (567.7, 531.9), (567.7, 531.3), (567.7, 531.0), (567.7, 531.9), (567.7, 531.3), (567.7, 531.0), (567.7, 531.9), (567.7, 531.3), (567.7, 531.0), (567.7, 531.9), (567.7, 531.3), (567.7, 531.0), (567.7, 531.9), (567.7, 531.3), (567.7, 531.0), (567.7, 531.9), (567.7, 531.3), (567.7, 531.0), (567.7, 531.9), (567.7, 531.3), (567.7, 531.0), (567.7, 531.9), (567.7, 531.3), (567.7, 531.0), (567.7, 531.9), (567.7, 531.3), (567.7, 531.0), (567.7, 531.9), (567.7, 531.3), (567.7, 531.0), (567.7, 531.9)]",0,7.0
experienced,meatboy,5,Saw,1,0,275.66,0.298,"[(73.0, 525.0), (87.4, 531.3), (127.4, 531.0), (167.4, 531.9), (207.4, 531.3), (247.4, 531.0), (287.4, 531.9), (327.4, 531.3)]",0,1.05
experienced,meatboy,5,Saw,1,0,275.66,0.298,"[(73.0, 525.0), (87.4, 531.3), (127.4, 531.0), (167.4, 531.9), (207.4, 531.3), (247.4, 531.0), (287.4, 531.9), (327.4, 531.3)]",0,1.05
experienced,meatboy,5,Saw,1,0,275.66,0.298,"[(73.0, 525.0), (87.4, 531.3), (127.4, 531.0), (167.4, 531.9), (207.4, 531.3), (247.4, 531.0), (287.4, 531.9), (327.4, 531.3)]",0,1.05
experienced,meatboy,5,Saw,3,0,271.51,0.298,"[(73.0, 525.0), (87.4, 523.3), (123.3, 472.2), (163.3, 440.1), (203.3, 426.7), (243.3, 432.2), (283.3, 456.5), (323.3, 499.7), (362.6, 508.8)]",0,1.07
experienced,meatboy,5,Saw,1,0,275.66,0.298,"[(73.0, 525.0), (87.4, 531.3), (127.4, 531.0), (167.4, 531.9), (207.4, 531.3), (247.4, 531.0), (287.4, 531.9), (327.4, 531.3)]",0,1.05
experienced,meatboy,5,Saw,1,0,275.66,0.298,"[(73.0, 525.0), (87.4, 531.3), (127.4, 531.0), (167.4, 531.9), (207.4, 531.3), (247.4, 531.0), (287.4, 531.9), (327.4, 531.3)]",0,1.05
experienced,meatboy,5,Stuck,4,0,85.82,0.467,"[(73.0, 525.0), (87.4, 523.3), (125.4, 472.2), (165.4, 453.6), (205.4, 458.4), (245.4, 481.9), (285.4, 524.4), (323.9, 489.2), (363.9, 449.9), (403.9, 429.5), (443.9, 427.9), (483.9, 445.2), (523.9, 481.3), (563.9, 531.0), (564.8, 483.5), (567.7, 446.6), (567.7, 428.6), (567.7, 429.3), (567.7, 449.0), (567.7, 485.7), (567.7, 525.4), (567.7, 531.0), (567.7, 531.9), (567.7, 531.3), (567.7, 531.0), (567.7, 531.9), (567.7, 531.3), (567.7, 531.0), (567.7, 531.9), (567.7, 531.3), (567.7, 531.0), (567.7, 531.9), (567.7, 531.3), (567.7, 531.0), (567.7, 531.9), (567.7, 531.3), (567.7, 531.0), (567.7, 531.9), (567.7, 531.3), (567.7, 531.0), (567.7, 531.9), (567.7, 531.3), (567.7, 531.0), (567.7, 531.9), (567.7, 531.3), (567.7, 531.0), (567.7, 531.9), (567.7, 531.3), (567.7, 531.0), (567.7, 531.9), (567.7, 531.3), (567.7, 531.0), (567.7, 531.9)]",0,7.0
experienced,meatboy,5,Stuck,5,0,88.97,0.466,"[(73.0, 525.0), (87.4, 531.3), (127.4, 531.0), (167.4, 531.9), (207.4, 531.3), (247.4, 531.0), (287.4, 477.6), (327.4, 444.1), (367.4, 437.1), (407.4, 448.9), (447.4, 479.5), (487.4, 529.0), (527.4, 501.9), (567.4, 458.0), (567.7, 432.8), (567.7, 426.5), (567.7, 439.1), (567.7, 470.5), (567.7, 510.2), (567.7, 531.0), (567.7, 531.9), (567.7, 531.3), (567.7, 531.0), (567.7, 531.9), (567.7, 531.3), (567.7, 531.0), (567.7, 531.9), (567.7, 531.3), (567.7, 531.0), (567.7, 531.9), (567.7, 531.3), (567.7, 531.0), (567.7, 531.9), (567.7, 531.3), (567.7, 531.0), (567.7, 531.9), (567.7, 531.3), (567.7, 531.0), (567.7, 531.9), (567.7, 531.3), (567.7, 531.0), (567.7, 531.9), (567.7, 531.3), (567.7, 531.0), (567.7, 531.9), (567.7, 531.3), (567.7, 531.0), (567.7, 531.9), (567.7, 531.3), (567.7, 531.0), (567.7, 531.9)]",0,6.78
experienced,meatboy,5,Stuck,4,0,81.1,0.466,"[(73.0, 525.0), (87.4, 531.3), (127.4, 531.0), (167.4, 531.9), (207.4, 531.3), (247.4, 531.0), (280.2, 495.4), (315.9, 453.8), (355.9, 431.0), (395.9, 427.1), (435.9, 442.0), (475.9, 475.8), (515.9, 528.4), (555.9, 531.3), (563.4, 495.7), (527.6, 454.1), (502.7, 431.3), (523.3, 427.4), (563.3, 442.3), (567.7, 475.8), (567.7, 515.4), (567.7, 531.3), (567.7, 531.0), (567.7, 531.9), (567.7, 531.3), (567.7, 531.0), (567.7, 531.9), (567.7, 531.3), (567.7, 531.0), (567.7, 531.9), (567.7, 531.3), (567.7, 531.0), (567.7, 531.9), (567.7, 531.3), (567.7, 531.0), (567.7, 531.9), (567.7, 531.3), (567.7, 531.0), (567.7, 531.9), (567.7, 531.3), (567.7, 531.0), (567.7, 531.9), (567.7, 531.3), (567.7, 531.0), (567.7, 531.9), (567.7, 531.3), (567.7, 531.0), (567.7, 531.9), (567.7, 531.3), (567.7, 531.0), (567.7, 531.9), (567.7, 531.3), (567.7, 531.0), (567.7, 531.9), (567.7, 531.3), (567.7, 531.0)]",0,7.35
experienced,meatboy,5,Stuck,4,0,89.53,0.466,"[(73.0, 525.0), (87.4, 531.3), (127.4, 531.0), (167.4, 531.9), (207.4, 531.3), (240.9, 489.2), (280.9, 449.9), (320.9, 432.0), (360.9, 434.3), (400.9, 455.6), (440.9, 495.6), (480.9, 523.6), (520.9, 472.5), (560.9, 440.3), (567.0, 427.0), (567.0, 432.5), (567.0, 456.8), (567.0, 495.6), (567.0, 531.0), (567.0, 531.9), (567.0, 531.3), (567.0, 531.0), (567.0, 531.9), (567.0, 531.3), (567.0, 531.0), (567.0, 531.9), (567.0, 531.3), (567.0, 531.0), (567.0, 531.9), (567.0, 531.3), (567.0, 531.0), (567.0, 531.9), (567.0, 531.3), (567.0, 531.0), (567.0, 531.9), (567.0, 531.3), (567.0, 531.0), (567.0, 531.9), (567.0, 531.3), (567.0, 531.0), (567.0, 531.9), (567.0, 531.3), (567.0, 531.0), (567.0, 531.9), (567.0, 531.3), (567.0, 531.0), (567.0, 531.9), (567.0, 531.3), (567.0, 531.0), (567.0, 531.9), (567.0, 531.3)]",0,6.7
experienced,meatboy,5,Saw,1,0,275.66,0.298,"[(73.0, 525.0), (87.4, 531.3), (127.4, 531.0), (167.4, 531.9), (207.4, 531.3), (247.4, 531.0), (287.4, 531.9), (327.4, 531.3)]",0,1.05
experienced,meatboy,5,Saw,1,0,275.66,0.298,"[(73.0, 525.0), (87.4, 531.3), (127.4, 531.0), (167.4, 531.9), (207.4, 531.3), (247.4, 531.0), (287.4, 531.9), (327.4, 531.3)]",0,1.05
experienced,meatboy,5,Saw,1,0,270.05,0.297,"[(73.0, 525.0), (83.1, 531.3), (121.1, 531.0), (161.1, 531.9), (201.1, 531.3), (241.1, 531.0), (281.1, 531.9), (321.1, 531.3), (361.1, 531.0)]",0,1.07
experienced,meatboy,5,Saw,1,0,275.66,0.298,"[(73.0, 525.0), (87.4, 531.3), (127.4, 531.0), (167.4, 531.9), (207.4, 531.3), (247.4, 531.0), (287.4, 531.9), (327.4, 531.3)]",0,1.05
experienced,meatboy,5,Saw,1,0,275.66,0.298,"[(73.0, 525.0), (87.4, 531.3), (127.4, 531.0), (167.4, 531.9), (207.4, 531.3), (247.4, 531.0), (287.4, 531.9), (327.4, 531.3)]",0,1.05
experienced,meatboy,5,Stuck,3,0,84.87,0.467,"[(73.0, 525.0), (87.4, 531.3), (127.4, 531.0), (167.4, 531.9), (207.4, 531.3), (245.3, 508.8), (275.9, 462.4), (315.9, 434.9), (355.9, 426.3), (395.9, 436.5), (435.9, 465.5), (475.9, 513.4), (515.9, 531.9), (555.9, 531.3), (562.7, 502.8), (549.7, 458.9), (567.0, 433.7), (567.0, 427.4), (567.0, 440.0), (567.0, 471.4), (567.0, 511.1), (567.0, 531.0), (567.0, 531.9), (567.0, 531.3), (567.0, 531.0), (567.0, 531.9), (567.0, 531.3), (567.0, 531.0), (567.0, 531.9), (567.0, 531.3), (567.0, 531.0), (567.0, 531.9), (567.0, 531.3), (567.0, 531.0), (567.0, 531.9), (567.0, 531.3), (567.0, 531.0), (567.0, 531.9), (567.0, 531.3), (567.0, 531.0), (567.0, 531.9), (567.0, 531.3), (567.0, 531.0), (567.0, 531.9), (567.0, 531.3), (567.0, 531.0), (567.0, 531.9), (567.0, 531.3), (567.0, 531.0), (567.0, 531.9), (567.0, 531.3), (567.0, 531.0), (567.0, 531.9)]",0,7.05
experienced,meatboy,5,Stuck,3,0,84.87,0.467,"[(73.0, 525.0), (87.4, 531.3), (127.4, 531.0), (167.4, 531.9), (207.4, 531.3), (245.3, 508.8), (275.9, 462.4), (315.9, 434.9), (355.9, 426.3), (395.9, 436.5), (435.9, 465.5), (475.9, 513.4), (515.9, 531.9), (555.9, 531.3), (562.7, 502.8), (549.7, 458.9), (567.0, 433.7), (567.0, 427.4), (567.0, 440.0), (567.0, 471.4), (567.0, 511.1), (567.0, 531.0), (567.0, 531.9), (567.0, 531.3), (567.0, 531.0), (567.0, 531.9), (567.0, 531.3), (567.0, 531.0), (567.0, 531.9), (567.0, 531.3), (567.0, 531.0), (567.0, 531.9), (567.0, 531.3), (567.0, 531.0), (567.0, 531.9), (567.0, 531.3), (567.0, 531.0), (567.0, 531.9), (567.0, 531.3), (567.0, 531.0), (567.0, 531.9), (567.0, 531.3), (567.0, 531.0), (567.0, 531.9), (567.0, 531.3), (567.0, 531.0), (567.0, 531.9), (567.0, 531.3), (567.0, 531.0), (567.0, 531.9), (567.0, 531.3), (567.0, 531.0), (567.0, 531.9)]",0,7.05
experienced,meatboy,5,Stuck,4,0,89.53,0.466,"[(73.0, 525.0), (87.4, 531.3), (127.4, 531.0), (167.4, 531.9), (207.4, 531.3), (240.9, 489.2), (280.9, 449.9), (320.9, 432.0), (360.9, 434.3), (400.9, 455.6), (440.9, 495.6), (480.9, 523.6), (520.9, 472.5), (560.9, 440.3), (567.0, 427.0), (567.0, 432.5), (567.0, 456.8), (567.0, 495.6), (567.0, 531.0), (567.0, 531.9), (567.0, 531.3), (567.0, 531.0), (567.0, 531.9), (567.0, 531.3), (567.0, 531.0), (567.0, 531.9), (567.0, 531.3), (567.0, 531.0), (567.0, 531.9), (567.0, 531.3), (567.0, 531.0), (567.0, 531.9), (567.0, 531.3), (567.0, 531.0), (567.0, 531.9), (567.0, 531.3), (567.0, 531.0), (567.0, 531.9), (567.0, 531.3), (567.0, 531.0), (567.0, 531.9), (567.0, 531.3), (567.0, 531.0), (567.0, 531.9), (567.0, 531.3), (567.0, 531.0), (567.0, 531.9), (567.0, 531.3), (567.0, 531.0), (567.0, 531.9), (567.0, 531.3)]",0,6.7
experienced,meatboy,5,Stuck,4,0,81.1,0.466,"[(73.0, 525.0), (87.4, 531.3), (127.4, 531.0), (167.4, 531.9), (207.4, 531.3), (247.4, 531.0), (280.2, 495.4), (315.9, 453.8), (355.9, 431.0), (395.9, 427.1), (435.9, 442.0), (475.9, 475.8), (515.9, 528.4), (555.9, 531.3), (563.4, 495.7), (527.6, 454.1), (502.7, 431.3), (523.3, 427.4), (563.3, 442.3), (567.7, 475.8), (567.7, 515.4), (567.7, 531.3), (567.7, 531.0), (567.7, 531.9), (567.7, 531.3), (567.7, 531.0), (567.7, 531.9), (567.7, 531.3), (567.7, 531.0), (567.7, 531.9), (567.7, 531.3), (567.7, 531.0), (567.7, 531.9), (567.7, 531.3), (567.7, 531.0), (567.7, 531.9), (567.7, 531.3), (567.7, 531.0), (567.7, 531.9), (567.7, 531.3), (567.7, 531.0), (567.7, 531.9), (567.7, 531.3), (567.7, 531.0), (567.7, 531.9), (567.7, 531.3), (567.7, 531.0), (567.7, 531.9), (567.7, 531.3), (567.7, 531.0), (567.7, 531.9), (567.7, 531.3), (567.7, 531.0), (567.7, 531.9), (567.7, 531.3), (567.7, 531.0)]",0,7.35
experienced,meatboy,5,Stuck,5,0,88.97,0.466,"[(73.0, 525.0), (87.4, 531.3), (127.4, 531.0), (167.4, 531.9), (207.4, 531.3), (247.4, 531.0), (287.4, 477.6), (327.4, 444.1), (367.4, 437.1), (407.4, 448.9), (447.4, 479.5), (487.4, 529.0), (527.4, 501.9), (567.4, 458.0), (567.7, 432.8), (567.7, 426.5), (567.7, 439.1), (567.7, 470.5), (567.7, 510.2), (567.7, 531.0), (567.7, 531.9), (567.7, 531.3), (567.7, 531.0), (567.7, 531.9), (567.7, 531.3), (567.7, 531.0), (567.7, 531.9), (567.7, 531.3), (567.7, 531.0), (567.7, 531.9), (567.7, 531.3), (567.7, 531.0), (567.7, 531.9), (567.7, 531.3), (567.7, 531.0), (567.7, 531.9), (567.7, 531.3), (567.7, 531.0), (567.7, 531.9), (567.7, 531.3), (567.7, 531.0), (567.7, 531.9), (567.7, 531.3), (567.7, 531.0), (567.7, 531.9), (567.7, 531.3), (567.7, 531.0), (567.7, 531.9), (567.7, 531.3), (567.7, 531.0), (567.7, 531.9)]",0,6.78
experienced,meatboy,5,Saw,1,0,275.66,0.298,"[(73.0, 525.0), (87.4, 531.3), (127.4, 531.0), (167.4, 531.9), (207.4, 531.3), (247.4, 531.0), (287.4, 531.9), (327.4, 531.3)]",0,1.05
experienced,meatboy,5,Saw,1,0,275.66,0.298,"[(73.0, 525.0), (87.4, 531.3), (127.4, 531.0), (167.4, 531.9), (207.4, 531.3), (247.4, 531.0), (287.4, 531.9), (327.4, 531.3)]",0,1.05
experienced,meatboy,5,Pit,2,0,-252.83,0.0,"[(73.0, 525.0), (70.3, 531.3), (55.9, 477.9), (15.9, 443.3), (-24.1, 427.6), (-64.1, 430.8), (-104.1, 452.7), (-144.1, 493.6), (-184.1, 553.2), (-224.1, 631.7), (-264.1, 729.1)]",0,1.33
experienced,meatboy,5,Saw,1,0,275.66,0.298,"[(73.0, 525.0), (87.4, 531.3), (127.4, 531.0), (167.4, 531.9), (207.4, 531.3), (247.4, 531.0), (287.4, 531.9), (327.4, 531.3)]",0,1.05
experienced,meatboy,5,Saw,1,0,275.66,0.298,"[(73.0, 525.0), (87.4, 531.3), (127.4, 531.0), (167.4, 531.9), (207.4, 531.3), (247.4, 531.0), (287.4, 531.9), (327.4, 531.3)]",0,1.05
experienced,meatboy,5,Saw,2,0,254.51,0.297,"[(73.0, 525.0), (87.4, 531.3), (125.3, 508.8), (142.2, 462.4), (181.4, 434.9), (221.4, 426.3), (261.4, 436.5), (301.4, 465.5), (341.4, 513.4)]",0,1.13
experienced,meatboy,5,Stuck,5,0,88.97,0.466,"[(73.0, 525.0), (87.4, 531.3), (127.4, 531.0), (167.4, 531.9), (207.4, 531.3), (247.4, 531.0), (287.4, 477.6), (327.4, 444.1), (367.4, 437.1), (407.4, 448.9), (447.4, 479.5), (487.4, 529.0), (527.4, 501.9), (567.4, 458.0), (567.7, 432.8), (567.7, 426.5), (567.7, 439.1), (567.7, 470.5), (567.7, 510.2), (567.7, 531.0), (567.7, 531.9), (567.7, 531.3), (567.7, 531.0), (567.7, 531.9), (567.7, 531.3), (567.7, 531.0), (567.7, 531.9), (567.7, 531.3), (567.7, 531.0), (567.7, 531.9), (567.7, 531.3), (567.7, 531.0), (567.7, 531.9), (567.7, 531.3), (567.7, 531.0), (567.7, 531.9), (567.7, 531.3), (567.7, 531.0), (567.7, 531.9), (567.7, 531.3), (567.7, 531.0), (567.7, 531.9), (567.7, 531.3), (567.7, 531.0), (567.7, 531.9), (567.7, 531.3), (567.7, 531.0), (567.7, 531.9), (567.7, 531.3), (567.7, 531.0), (567.7, 531.9)]",0,6.78
experienced,meatboy,5,Stuck,4,0,81.1,0.466,"[(73.0, 525.0), (87.4, 531.3), (127.4, 531.0), (167.4, 531.9), (207.4, 531.3), (247.4, 531.0), (280.2, 495.4), (315.9, 453.8), (355.9, 431.0), (395.9, 427.1), (435.9, 442.0), (475.9, 475.8), (515.9, 528.4), (555.9, 531.3), (563.4, 495.7), (527.6, 454.1), (502.7, 431.3), (523.3, 427.4), (563.3, 442.3), (567.7, 475.8), (567.7, 515.4), (567.7, 531.3), (567.7, 531.0), (567.7, 531.9), (567.7, 531.3), (567.7, 531.0), (567.7, 531.9), (567.7, 531.3), (567.7, 531.0), (567.7, 531.9), (567.7, 531.3), (567.7, 531.0), (567.7, 531.9), (567.7, 531.3), (567.7, 531.0), (567.7, 531.9), (567.7, 531.3), (567.7, 531.0), (567.7, 531.9), (567.7, 531.3), (567.7, 531.0), (567.7, 531.9), (567.7, 531.3), (567.7, 531.0), (567.7, 531.9), (567.7, 531.3), (567.7, 531.0), (567.7, 531.9), (567.7, 531.3), (567.7, 531.0), (567.7, 531.9), (567.7, 531.3), (567.7, 531.0), (567.7, 531.9), (567.7, 531.3), (567.7, 531.0)]",0,7.35
experienced,meatboy,5,Stuck,4,0,89.53,0.466,"[(73.0, 525.0), (87.4, 531.3), (127.4, 531.0), (167.4, 531.9), (207.4, 531.3), (240.9, 489.2), (280.9, 449.9), (320.9, 432.0), (360.9, 434.3), (400.9, 455.6), (440.9, 495.6), (480.9, 523.6), (520.9, 472.5), (560.9, 440.3), (567.0, 427.0), (567.0, 432.5), (567.0, 456.8), (567.0, 495.6), (567.0, 531.0), (567.0, 531.9), (567.0, 531.3), (567.0, 531.0), (567.0, 531.9), (567.0, 531.3), (567.0, 531.0), (567.0, 531.9), (567.0, 531.3), (567.0, 531.0), (567.0, 531.9), (567.0, 531.3), (567.0, 531.0), (567.0, 531.9), (567.0, 531.3), (567.0, 531.0), (567.0, 531.9), (567.0, 531.3), (567.0, 531.0), (567.0, 531.9), (567.0, 531.3), (567.0, 531.0), (567.0, 531.9), (567.0, 531.3), (567.0, 531.0), (567.0, 531.9), (567.0, 531.3), (567.0, 531.0), (567.0, 531.9), (567.0, 531.3), (567.0, 531.0), (567.0, 531.9), (567.0, 531.3)]",0,6.7
experienced,meatboy,5,Stuck,3,0,84.87,0.467,"[(73.0, 525.0), (87.4, 531.3), (127.4, 531.0), (167.4, 531.9), (207.4, 531.3), (245.3, 508.8), (275.9, 462.4), (315.9, 434.9), (355.9, 426.3), (395.9, 436.5), (435.9, 465.5), (475.9, 513.4), (515.9, 531.9), (555.9, 531.3), (562.7, 502.8), (549.7, 458.9), (567.0, 433.7), (567.0, 427.4), (567.0, 440.0), (567.0, 471.4), (567.0, 511.1), (567.0, 531.0), (567.0, 531.9), (567.0, 531.3), (567.0, 531.0), (567.0, 531.9), (567.0, 531.3), (567.0, 531.0), (567.0, 531.9), (567.0, 531.3), (567.0, 531.0), (567.0, 531.9), (567.0, 531.3), (567.0, 531.0), (567.0, 531.9), (567.0, 531.3), (567.0, 531.0), (567.0, 531.9), (567.0, 531.3), (567.0, 531.0), (567.0, 531.9), (567.0, 531.3), (567.0, 531.0), (567.0, 531.9), (567.0, 531.3), (567.0, 531.0), (567.0, 531.9), (567.0, 531.3), (567.0, 531.0), (567.0, 531.9), (567.0, 531.3), (567.0, 531.0), (567.0, 531.9)]",0,7.05
experienced,meatboy,5,Saw,1,0,275.66,0.298,"[(73.0, 525.0), (87.4, 531.3), (127.4, 531.0), (167.4, 531.9), (207.4, 531.3), (247.4, 531.0), (287.4, 531.9), (327.4, 531.3)]",0,1.05
experienced,meatboy,5,Saw,3,0,241.39,0.298,"[(73.0, 525.0), (87.4, 531.3), (127.4, 531.0), (166.7, 515.9), (177.8, 467.2), (202.7, 437.4), (242.7, 426.4), (282.7, 434.2), (322.7, 460.9), (362.7, 506.4)]",0,1.2
experienced,meatboy,5,Saw,2,0,274.97,0.297,"[(73.0, 525.0), (87.4, 531.3), (127.4, 531.0), (167.4, 531.9), (207.4, 531.3), (247.4, 531.0), (287.4, 531.9), (327.4, 531.3)]",0,1.05
experienced,meatboy,5,Saw,3,0,273.7,0.296,"[(73.0, 525.0), (87.4, 523.3), (125.4, 472.2), (165.4, 457.9), (205.4, 465.0), (245.4, 491.0), (285.4, 531.0), (325.4, 531.9)]",0,1.05
experienced,meatboy,5,Saw,3,0,279.0,0.339,"[(73.0, 525.0), (87.4, 531.3), (127.4, 531.0), (167.4, 531.9), (207.4, 531.3), (247.4, 508.8), (287.4, 462.4), (327.4, 448.7), (367.4, 455.8), (407.4, 481.7)]",0,1.22
experienced,meatboy,5,Saw,1,0,275.66,0.298,"[(73.0, 525.0), (87.4, 531.3), (127.4, 531.0), (167.4, 531.9), (207.4, 531.3), (247.4, 531.0), (287.4, 531.9), (327.4, 531.3)]",0,1.05
experienced,meatboy,5,Stuck,3,0,84.87,0.467,"[(73.0, 525.0), (87.4, 531.3), (127.4, 531.0), (167.4, 531.9), (207.4, 531.3), (245.3, 508.8), (275.9, 462.4), (315.9, 434.9), (355.9, 426.3), (395.9, 436.5), (435.9, 465.5), (475.9, 513.4), (515.9, 531.9), (555.9, 531.3), (562.7, 502.8), (549.7, 458.9), (567.0, 433.7), (567.0, 427.4), (567.0, 440.0), (567.0, 471.4), (567.0, 511.1), (567.0, 531.0), (567.0, 531.9), (567.0, 531.3), (567.0, 531.0), (567.0, 531.9), (567.0, 531.3), (567.0, 531.0), (567.0, 531.9), (567.0, 531.3), (567.0, 531.0), (567.0, 531.9), (567.0, 531.3), (567.0, 531.0), (567.0, 531.9), (567.0, 531.3), (567.0, 531.0), (567.0, 531.9), (567.0, 531.3), (567.0, 531.0), (567.0, 531.9), (567.0, 531.3), (567.0, 531.0), (567.0, 531.9), (567.0, 531.3), (567.0, 531.0), (567.0, 531.9), (567.0, 531.3), (567.0, 531.0), (567.0, 531.9), (567.0, 531.3), (567.0, 531.0), (567.0, 531.9)]",0,7.05
experienced,meatboy,5,Stuck,4,0,89.53,0.466,"[(73.0, 525.0), (87.4, 531.3), (127.4, 531.0), (167.4, 531.9), (207.4, 531.3), (240.9, 489.2), (280.9, 449.9), (320.9, 432.0), (360.9, 434.3), (400.9, 455.6), (440.9, 495.6), (480.9, 523.6), (520.9, 472.5), (560.9, 440.3), (567.0, 427.0), (567.0, 432.5), (567.0, 456.8), (567.0, 495.6), (567.0, 531.0), (567.0, 531.9), (567.0, 531.3), (567.0, 531.0), (567.0, 531.9), (567.0, 531.3), (567.0, 531.0), (567.0, 531.9), (567.0, 531.3), (567.0, 531.0), (567.0, 531.9), (567.0, 531.3), (567.0, 531.0), (567.0, 531.9), (567.0, 531.3), (567.0, 531.0), (567.0, 531.9), (567.0, 531.3), (567.0, 531.0), (567.0, 531.9), (567.0, 531.3), (567.0, 531.0), (567.0, 531.9), (567.0, 531.3), (567.0, 531.0), (567.0, 531.9), (567.0, 531.3), (567.0, 531.0), (567.0, 531.9), (567.0, 531.3), (567.0, 531.0), (567.0, 531.9), (567.0, 531.3)]",0,6.7
experienced,meatboy,5,Stuck,4,0,81.1,0.466,"[(73.0, 525.0), (87.4, 531.3), (127.4, 531.0), (167.4, 531.9), (207.4, 531.3), (247.4, 531.0), (280.2, 495.4), (315.9, 453.8), (355.9, 431.0), (395.9, 427.1), (435.9, 442.0), (475.9, 475.8), (515.9, 528.4), (555.9, 531.3), (563.4, 495.7), (527.6, 454.1), (502.7, 431.3), (523.3, 427.4), (563.3, 442.3), (567.7, 475.8), (567.7, 515.4), (567.7, 531.3), (567.7, 531.0), (567.7, 531.9), (567.7, 531.3), (567.7, 531.0), (567.7, 531.9), (567.7, 531.3), (567.7, 531.0), (567.7, 531.9), (567.7, 531.3), (567.7, 531.0), (567.7, 531.9), (567.7, 531.3), (567.7, 531.0), (567.7, 531.9), (567.7, 531.3), (567.7, 531.0), (567.7, 531.9), (567.7, 531.3), (567.7, 531.0), (567.7, 531.9), (567.7, 531.3), (567.7, 531.0), (567.7, 531.9), (567.7, 531.3), (567.7, 531.0), (567.7, 531.9), (567.7, 531.3), (567.7, 531.0), (567.7, 531.9), (567.7, 531.3), (567.7, 531.0), (567.7, 531.9), (567.7, 531.3), (567.7, 531.0)]",0,7.35
experienced,meatboy,5,Stuck,5,0,88.97,0.466,"[(73.0, 525.0), (87.4, 531.3), (127.4, 531.0), (167.4, 531.9), (207.4, 531.3), (247.4, 531.0), (287.4, 477.6), (327.4, 444.1), (367.4, 437.1), (407.4, 448.9), (447.4, 479.5), (487.4, 529.0), (527.4, 501.9), (567.4, 458.0), (567.7, 432.8), (567.7, 426.5), (567.7, 439.1), (567.7, 470.5), (567.7, 510.2), (567.7, 531.0), (567.7, 531.9), (567.7, 531.3), (567.7, 531.0), (567.7, 531.9), (567.7, 531.3), (567.7, 531.0), (567.7, 531.9), (567.7, 531.3), (567.7, 531.0), (567.7, 531.9), (567.7, 531.3), (567.7, 531.0), (567.7, 531.9), (567.7, 531.3), (567.7, 531.0), (567.7, 531.9), (567.7, 531.3), (567.7, 531.0), (567.7, 531.9), (567.7, 531.3), (567.7, 531.0), (567.7, 531.9), (567.7, 531.3), (567.7, 531.0), (567.7, 531.9), (567.7, 531.3), (567.7, 531.0), (567.7, 531.9), (567.7, 531.3), (567.7, 531.0), (567.7, 531.9)]",0,6.78
experienced,meatboy,5,Saw,1,0,275.66,0.298,"[(73.0, 525.0), (87.4, 531.3), (127.4, 531.0), (167.4, 531.9), (207.4, 531.3), (247.4, 531.0), (287.4, 531.9), (327.4, 531.3)]",0,1.05
experienced,meatboy,5,Saw,1,0,275.66,0.298,"[(73.0, 525.0), (87.4, 531.3), (127.4, 531.0), (167.4, 531.9), (207.4, 531.3), (247.4, 531.0), (287.4, 531.9), (327.4, 531.3)]",0,1.05
experienced,meatboy,5,Stuck,4,0,86.95,0.467,"[(73.0, 525.0), (98.2, 531.3), (138.2, 531.0), (178.2, 531.9), (218.2, 531.3), (258.2, 531.0), (298.2, 477.6), (338.2, 444.1), (378.2, 437.1), (418.2, 448.9), (458.2, 479.5), (498.2, 529.0), (538.2, 531.3), (567.0, 516.2), (567.0, 467.5), (567.0, 437.6), (567.0, 426.6), (567.0, 434.5), (567.0, 461.2), (567.0, 500.6), (567.0, 531.3), (567.0, 531.0), (567.0, 531.9), (567.0, 531.3), (567.0, 531.0), (567.0, 531.9), (567.0, 531.3), (567.0, 531.0), (567.0, 531.9), (567.0, 531.3), (567.0, 531.0), (567.0, 531.9), (567.0, 531.3), (567.0, 531.0), (567.0, 531.9), (567.0, 531.3), (567.0, 531.0), (567.0, 531.9), (567.0, 531.3), (567.0, 531.0), (567.0, 531.9), (567.0, 531.3), (567.0, 531.0), (567.0, 531.9), (567.0, 531.3), (567.0, 531.0), (567.0, 531.9), (567.0, 531.3), (567.0, 531.0), (567.0, 531.9), (567.0, 531.3), (567.0, 531.0), (567.0, 531.9)]",0,6.95
experienced,meatboy,5,Saw,1,0,275.66,0.298,"[(73.0, 525.0), (87.4, 531.3), (127.4, 531.0), (167.4, 531.9), (207.4, 531.3), (247.4, 531.0), (287.4, 531.9), (327.4, 531.3)]",0,1.05
experienced,meatboy,5,Saw,2,0,261.85,0.318,"[(73.0, 525.0), (87.4, 531.3), (127.4, 531.0), (167.4, 531.9), (193.7, 483.2), (227.2, 446.3), (267.2, 428.3), (307.2, 429.0), (347.2, 448.7), (387.2, 487.1)]",0,1.2
experienced,meatboy,5,Saw,1,0,275.66,0.298,"[(73.0, 525.0), (87.4, 531.3), (127.4, 531.0), (167.4, 531.9), (207.4, 531.3), (247.4, 531.0), (287.4, 531.9), (327.4, 531.3)]",0,1.05
experienced,meatboy,5,Stuck,4,0,86.95,0.467,"[(73.0, 525.0), (98.2, 531.3), (138.2, 531.0), (178.2, 531.9), (218.2, 531.3), (258.2, 531.0), (298.2, 477.6), (338.2, 444.1), (378.2, 437.1), (418.2, 448.9), (458.2, 479.5), (498.2, 529.0), (538.2, 531.3), (567.0, 516.2), (567.0, 467.5), (567.0, 437.6), (567.0, 426.6), (567.0, 434.5), (567.0, 461.2), (567.0, 500.6), (567.0, 531.3), (567.0, 531.0), (567.0, 531.9), (567.0, 531.3), (567.0, 531.0), (567.0, 531.9), (567.0, 531.3), (567.0, 531.0), (567.0, 531.9), (567.0, 531.3), (567.0, 531.0), (567.0, 531.9), (567.0, 531.3), (567.0, 531.0), (567.0, 531.9), (567.0, 531.3), (567.0, 531.0), (567.0, 531.9), (567.0, 531.3), (567.0, 531.0), (567.0, 531.9), (567.0, 531.3), (567.0, 531.0), (567.0, 531.9), (567.0, 531.3), (567.0, 531.0), (567.0, 531.9), (567.0, 531.3), (567.0, 531.0), (567.0, 531.9), (567.0, 531.3), (567.0, 531.0), (567.0, 531.9)]",0,6.95
experienced,meatboy,5,Stuck,5,0,88.97,0.466,"[(73.0, 525.0), (87.4, 531.3), (127.4, 531.0), (167.4, 531.9), (207.4, 531.3), (247.4, 531.0), (287.4, 477.6), (327.4, 444.1), (367.4, 437.1), (407.4, 448.9), (447.4, 479.5), (487.4, 529.0), (527.4, 501.9), (567.4, 458.0), (567.7, 432.8), (567.7, 426.5), (567.7, 439.1), (567.7, 470.5), (567.7, 510.2), (567.7, 531.0), (567.7, 531.9), (567.7, 531.3), (567.7, 531.0), (567.7, 531.9), (567.7, 531.3), (567.7, 531.0), (567.7, 531.9), (567.7, 531.3), (567.7, 531.0), (567.7, 531.9), (567.7, 531.3), (567.7, 531.0), (567.7, 531.9), (567.7, 531.3), (567.7, 531.0), (567.7, 531.9), (567.7, 531.3), (567.7, 531.0), (567.7, 531.9), (567.7, 531.3), (567.7, 531.0), (567.7, 531.9), (567.7, 531.3), (567.7, 531.0), (567.7, 531.9), (567.7, 531.3), (567.7, 531.0), (567.7, 531.9), (567.7, 531.3), (567.7, 531.0), (567.7, 531.9)]",0,6.78
experienced,meatboy,5,Stuck,4,0,81.1,0.466,"[(73.0, 525.0), (87.4, 531.3), (127.4, 531.0), (167.4, 531.9), (207.4, 531.3), (247.4, 531.0), (280.2, 495.4), (315.9, 453.8), (355.9, 431.0), (395.9, 427.1), (435.9, 442.0), (475.9, 475.8), (515.9, 528.4), (555.9, 531.3), (563.4, 495.7), (527.6, 454.1), (502.7, 431.3), (523.3, 427.4), (563.3, 442.3), (567.7, 475.8), (567.7, 515.4), (567.7, 531.3), (567.7, 531.0), (567.7, 531.9), (567.7, 531.3), (567.7, 531.0), (567.7, 531.9), (567.7, 531.3), (567.7, 531.0), (567.7, 531.9), (567.7, 531.3), (567.7, 531.0), (567.7, 531.9), (567.7, 531.3), (567.7, 531.0), (567.7, 531.9), (567.7, 531.3), (567.7, 531.0), (567.7, 531.9), (567.7, 531.3), (567.7, 531.0), (567.7, 531.9), (567.7, 531.3), (567.7, 531.0), (567.7, 531.9), (567.7, 531.3), (567.7, 531.0), (567.7, 531.9), (567.7, 531.3), (567.7, 531.0), (567.7, 531.9), (567.7, 531.3), (567.7, 531.0), (567.7, 531.9), (567.7, 531.3), (567.7, 531.0)]",0,7.35
experienced,meatboy,5,Stuck,4,0,89.53,0.466,"[(73.0, 525.0), (87.4, 531.3), (127.4, 531.0), (167.4, 531.9), (207.4, 531.3), (240.9, 489.2), (280.9, 449.9), (320.9, 432.0), (360.9, 434.3), (400.9, 455.6), (440.9, 495.6), (480.9, 523.6), (520.9, 472.5), (560.9, 440.3), (567.0, 427.0), (567.0, 432.5), (567.0, 456.8), (567.0, 495.6), (567.0, 531.0), (567.0, 531.9), (567.0, 531.3), (567.0, 531.0), (567.0, 531.9), (567.0, 531.3), (567.0, 531.0), (567.0, 531.9), (567.0, 531.3), (567.0, 531.0), (567.0, 531.9), (567.0, 531.3), (567.0, 531.0), (567.0, 531.9), (567.0, 531.3), (567.0, 531.0), (567.0, 531.9), (567.0, 531.3), (567.0, 531.0), (567.0, 531.9), (567.0, 531.3), (567.0, 531.0), (567.0, 531.9), (567.0, 531.3), (567.0, 531.0), (567.0, 531.9), (567.0, 531.3), (567.0, 531.0), (567.0, 531.9), (567.0, 531.3), (567.0, 531.0), (567.0, 531.9), (567.0, 531.3)]",0,6.7
experienced,meatboy,5,Saw,2,0,278.1,0.334,"[(73.0, 525.0), (87.4, 531.3), (127.4, 531.0), (167.4, 531.9), (206.7, 483.2), (246.7, 446.3), (286.7, 428.3), (326.7, 429.0), (366.7, 448.7), (406.7, 487.1)]",0,1.2
experienced,meatboy,5,Saw,1,0,275.66,0.298,"[(73.0, 525.0), (87.4, 531.3), (127.4, 531.0), (167.4, 531.9), (207.4, 531.3), (247.4, 531.0), (287.4, 531.9), (327.4, 531.3)]",0,1.05
experienced,meatboy,5,Stuck,3,0,86.94,0.467,"[(73.0, 525.0), (87.4, 531.3), (127.4, 531.0), (167.4, 531.9), (207.4, 531.3), (247.4, 531.0), (287.4, 531.9), (327.4, 483.2), (367.4, 446.3), (407.4, 428.3), (447.4, 429.0), (487.4, 448.7), (527.4, 487.1), (567.4, 531.3), (567.7, 484.1), (567.7, 447.2), (567.7, 429.2), (567.7, 429.9), (567.7, 449.6), (567.7, 486.3), (567.7, 526.0), (567.7, 531.0), (567.7, 531.9), (567.7, 531.3), (567.7, 531.0), (567.7, 531.9), (567.7, 531.3), (567.7, 531.0), (567.7, 531.9), (567.7, 531.3), (567.7, 531.0), (567.7, 531.9), (567.7, 531.3), (567.7, 531.0), (567.7, 531.9), (567.7, 531.3), (567.7, 531.0), (567.7, 531.9), (567.7, 531.3), (567.7, 531.0), (567.7, 531.9), (567.7, 531.3), (567.7, 531.0), (567.7, 531.9), (567.7, 531.3), (567.7, 531.0), (567.7, 531.9), (567.7, 531.3), (567.7, 531.0), (567.7, 531.9), (567.7, 531.3), (567.7, 531.0), (567.7, 531.9)]",0,7.0
experienced,meatboy,5,Saw,1,0,275.66,0.298,"[(73.0, 525.0), (87.4, 531.3), (127.4, 531.0), (167.4, 531.9), (207.4, 531.3), (247.4, 531.0), (287.4, 531.9), (327.4, 531.3)]",0,1.05
experienced,meatboy,5,Pit,2,0,-229.32,0.0,"[(73.0, 525.0), (70.3, 523.3), (38.4, 472.2), (-1.6, 440.1), (-41.6, 426.7), (-81.6, 432.2), (-121.6, 456.5), (-161.6, 499.7), (-201.6, 561.7), (-234.4, 642.6)]",0,1.32
experienced,meatboy,5,Stuck,13,0,59.37,0.435,"[(73.0, 525.0), (83.1, 531.3), (121.1, 531.0), (161.1, 531.9), (201.1, 531.3), (241.1, 531.0), (273.8, 495.4), (282.1, 453.8), (303.3, 431.0), (339.7, 427.1), (379.7, 442.0), (419.7, 475.8), (459.7, 528.4), (499.7, 531.3), (539.7, 531.0), (566.5, 531.9), (544.1, 483.2), (514.9, 446.3), (513.9, 433.8), (547.1, 440.9), (567.0, 466.8), (474.4, 412.0), (399.5, 361.7), (370.8, 330.3), (388.4, 317.8), (428.4, 324.0), (468.4, 349.2), (508.4, 393.2), (548.4, 456.0), (567.0, 514.3), (565.3, 516.8), (532.3, 468.1), (514.0, 439.8), (524.6, 435.1), (563.9, 449.3), (527.0, 440.5), (431.2, 380.8), (379.4, 340.0), (373.8, 318.0), (408.4, 314.9), (448.4, 330.6), (488.4, 365.1), (528.4, 418.5), (567.0, 490.8), (567.0, 530.5), (553.9, 496.3), (518.4, 454.7), (513.1, 435.8), (546.3, 438.2), (567.0, 459.4), (474.4, 404.0), (399.5, 353.8), (370.8, 322.4), (388.4, 309.8), (428.4, 316.1), (468.4, 341.2), (508.4, 385.2)]",0,7.53
experienced,meatboy,5,Stuck,13,0,59.37,0.435,"[(73.0, 525.0), (83.1, 531.3), (121.1, 531.0), (161.1, 531.9), (201.1, 531.3), (241.1, 531.0), (273.8, 495.4), (282.1, 453.8), (303.3, 431.0), (339.7, 427.1), (379.7, 442.0), (419.7, 475.8), (459.7, 528.4), (499.7, 531.3), (539.7, 531.0), (566.5, 531.9), (544.1, 483.2), (514.9, 446.3), (513.9, 433.8), (547.1, 440.9), (567.0, 466.8), (474.4, 412.0), (399.5, 361.7), (370.8, 330.3), (388.4, 317.8), (428.4, 324.0), (468.4, 349.2), (508.4, 393.2), (548.4, 456.0), (567.0, 514.3), (565.3, 516.8), (532.3, 468.1), (514.0, 439.8), (524.6, 435.1), (563.9, 449.3), (527.0, 440.5), (431.2, 380.8), (379.4, 340.0), (373.8, 318.0), (408.4, 314.9), (448.4, 330.6), (488.4, 365.1), (528.4, 418.5), (567.0, 490.8), (567.0, 530.5), (553.9, 496.3), (518.4, 454.7), (513.1, 435.8), (546.3, 438.2), (567.0, 459.4), (474.4, 404.0), (399.5, 353.8), (370.8, 322.4), (388.4, 309.8), (428.4, 316.1), (468.4, 341.2), (508.4, 385.2)]",0,7.53
experienced,meatboy,5,Stuck,3,0,86.94,0.467,"[(73.0, 525.0), (87.4, 531.3), (127.4, 531.0), (167.4, 531.9), (207.4, 531.3), (247.4, 531.0), (287.4, 531.9), (327.4, 483.2), (367.4, 446.3), (407.4, 428.3), (447.4, 429.0), (487.4, 448.7), (527.4, 487.1), (567.4, 531.3), (567.7, 484.1), (567.7, 447.2), (567.7, 429.2), (567.7, 429.9), (567.7, 449.6), (567.7, 486.3), (567.7, 526.0), (567.7, 531.0), (567.7, 531.9), (567.7, 531.3), (567.7, 531.0), (567.7, 531.9), (567.7, 531.3), (567.7, 531.0), (567.7, 531.9), (567.7, 531.3), (567.7, 531.0), (567.7, 531.9), (567.7, 531.3), (567.7, 531.0), (567.7, 531.9), (567.7, 531.3), (567.7, 531.0), (567.7, 531.9), (567.7, 531.3), (567.7, 531.0), (567.7, 531.9), (567.7, 531.3), (567.7, 531.0), (567.7, 531.9), (567.7, 531.3), (567.7, 531.0), (567.7, 531.9), (567.7, 531.3), (567.7, 531.0), (567.7, 531.9), (567.7, 531.3), (567.7, 531.0), (567.7, 531.9)]",0,7.0
experienced,meatboy,5,Stuck,4,0,89.53,0.466,"[(73.0, 525.0), (87.4, 531.3), (127.4, 531.0), (167.4, 531.9), (207.4, 531.3), (240.9, 489.2), (280.9, 449.9), (320.9, 432.0), (360.9, 434.3), (400.9, 455.6), (440.9, 495.6), (480.9, 523.6), (520.9, 472.5), (560.9, 440.3), (567.0, 427.0), (567.0, 432.5), (567.0, 456.8), (567.0, 495.6), (567.0, 531.0), (567.0, 531.9), (567.0, 531.3), (567.0, 531.0), (567.0, 531.9), (567.0, 531.3), (567.0, 531.0), (567.0, 531.9), (567.0, 531.3), (567.0, 531.0), (567.0, 531.9), (567.0, 531.3), (567.0, 531.0), (567.0, 531.9), (567.0, 531.3), (567.0, 531.0), (567.0, 531.9), (567.0, 531.3), (567.0, 531.0), (567.0, 531.9), (567.0, 531.3), (567.0, 531.0), (567.0, 531.9), (567.0, 531.3), (567.0, 531.0), (567.0, 531.9), (567.0, 531.3), (567.0, 531.0), (567.0, 531.9), (567.0, 531.3), (567.0, 531.0), (567.0, 531.9), (567.0, 531.3)]",0,6.7
experienced,meatboy,5,Stuck,4,0,81.1,0.466,"[(73.0, 525.0), (87.4, 531.3), (127.4, 531.0), (167.4, 531.9), (207.4, 531.3), (247.4, 531.0), (280.2, 495.4), (315.9, 453.8), (355.9, 431.0), (395.9, 427.1), (435.9, 442.0), (475.9, 475.8), (515.9, 528.4), (555.9, 531.3), (563.4, 495.7), (527.6, 454.1), (502.7, 431.3), (523.3, 427.4), (563.3, 442.3), (567.7, 475.8), (567.7, 515.4), (567.7, 531.3), (567.7, 531.0), (567.7, 531.9), (567.7, 531.3), (567.7, 531.0), (567.7, 531.9), (567.7, 531.3), (567.7, 531.0), (567.7, 531.9), (567.7, 531.3), (567.7, 531.0), (567.7, 531.9), (567.7, 531.3), (567.7, 531.0), (567.7, 531.9), (567.7, 531.3), (567.7, 531.0), (567.7, 531.9), (567.7, 531.3), (567.7, 531.0), (567.7, 531.9), (567.7, 531.3), (567.7, 531.0), (567.7, 531.9), (567.7, 531.3), (567.7, 531.0), (567.7, 531.9), (567.7, 531.3), (567.7, 531.0), (567.7, 531.9), (567.7, 531.3), (567.7, 531.0), (567.7, 531.9), (567.7, 531.3), (567.7, 531.0)]",0,7.35
experienced,meatboy,5,Saw,1,0,275.66,0.298,"[(73.0, 525.0), (87.4, 531.3), (127.4, 531.0), (167.4, 531.9), (207.4, 531.3), (247.4, 531.0), (287.4, 531.9), (327.4, 531.3)]",0,1.05
experienced,meatboy,5,Stuck,5,0,88.97,0.466,"[(73.0, 525.0), (87.4, 531.3), (127.4, 531.0), (167.4, 531.9), (207.4, 531.3), (247.4, 531.0), (287.4, 495.4), (327.4, 453.8), (367.4, 444.4), (407.4, 453.8), (447.4, 482.1), (487.4, 529.3), (527.4, 501.9), (567.4, 458.0), (567.7, 432.8), (567.7, 426.5), (567.7, 439.1), (567.7, 470.5), (567.7, 510.2), (567.7, 531.0), (567.7, 531.9), (567.7, 531.3), (567.7, 531.0), (567.7, 531.9), (567.7, 531.3), (567.7, 531.0), (567.7, 531.9), (567.7, 531.3), (567.7, 531.0), (567.7, 531.9), (567.7, 531.3), (567.7, 531.0), (567.7, 531.9), (567.7, 531.3), (567.7, 531.0), (567.7, 531.9), (567.7, 531.3), (567.7, 531.0), (567.7, 531.9), (567.7, 531.3), (567.7, 531.0), (567.7, 531.9), (567.7, 531.3), (567.7, 531.0), (567.7, 531.9), (567.7, 531.3), (567.7, 531.0), (567.7, 531.9), (567.7, 531.3), (567.7, 531.0), (567.7, 531.9)]",0,6.78
experienced,meatboy,5,Saw,1,0,275.66,0.298,"[(73.0, 525.0), (87.4, 531.3), (127.4, 531.0), (167.4, 531.9), (207.4, 531.3), (247.4, 531.0), (287.4, 531.9), (327.4, 531.3)]",0,1.05
experienced,meatboy,5,Saw,1,0,275.66,0.298,"[(73.0, 525.0), (87.4, 531.3), (127.4, 531.0), (167.4, 531.9), (207.4, 531.3), (247.4, 531.0), (287.4, 531.9), (327.4, 531.3)]",0,1.05
experienced,meatboy,5,Saw,3,0,218.44,0.297,"[(73.0, 525.0), (87.4, 523.3), (97.6, 472.2), (100.4, 440.1), (125.6, 426.7), (165.6, 432.2), (205.6, 456.5), (245.6, 499.7), (285.6, 531.0), (325.6, 531.9)]",0,1.32
experienced,meatboy,5,Saw,1,0,285.41,0.299,"[(73.0, 525.0), (98.2, 531.3), (138.2, 531.0), (178.2, 531.9), (218.2, 531.3), (258.2, 531.0), (298.2, 531.9), (338.2, 531.3)]",0,1.02
experienced,meatboy,5,Stuck,5,0,88.97,0.466,"[(73.0, 525.0), (87.4, 531.3), (127.4, 531.0), (167.4, 531.9), (207.4, 531.3), (247.4, 531.0), (287.4, 495.4), (327.4, 453.8), (367.4, 444.4), (407.4, 453.8), (447.4, 482.1), (487.4, 529.3), (527.4, 501.9), (567.4, 458.0), (567.7, 432.8), (567.7, 426.5), (567.7, 439.1), (567.7, 470.5), (567.7, 510.2), (567.7, 531.0), (567.7, 531.9), (567.7, 531.3), (567.7, 531.0), (567.7, 531.9), (567.7, 531.3), (567.7, 531.0), (567.7, 531.9), (567.7, 531.3), (567.7, 531.0), (567.7, 531.9), (567.7, 531.3), (567.7, 531.0), (567.7, 531.9), (567.7, 531.3), (567.7, 531.0), (567.7, 531.9), (567.7, 531.3), (567.7, 531.0), (567.7, 531.9), (567.7, 531.3), (567.7, 531.0), (567.7, 531.9), (567.7, 531.3), (567.7, 531.0), (567.7, 531.9), (567.7, 531.3), (567.7, 531.0), (567.7, 531.9), (567.7, 531.3), (567.7, 531.0), (567.7, 531.9)]",0,6.78
experienced,meatboy,5,Stuck,4,0,81.1,0.466,"[(73.0, 525.0), (87.4, 531.3), (127.4, 531.0), (167.4, 531.9), (207.4, 531.3), (247.4, 531.0), (280.2, 495.4), (315.9, 453.8), (355.9, 431.0), (395.9, 427.1), (435.9, 442.0), (475.9, 475.8), (515.9, 528.4), (555.9, 531.3), (563.4, 495.7), (527.6, 454.1), (502.7, 431.3), (523.3, 427.4), (563.3, 442.3), (567.7, 475.8), (567.7, 515.4), (567.7, 531.3), (567.7, 531.0), (567.7, 531.9), (567.7, 531.3), (567.7, 531.0), (567.7, 531.9), (567.7, 531.3), (567.7, 531.0), (567.7, 531.9), (567.7, 531.3), (567.7, 531.0), (567.7, 531.9), (567.7, 531.3), (567.7, 531.0), (567.7, 531.9), (567.7, 531.3), (567.7, 531.0), (567.7, 531.9), (567.7, 531.3), (567.7, 531.0), (567.7, 531.9), (567.7, 531.3), (567.7, 531.0), (567.7, 531.9), (567.7, 531.3), (567.7, 531.0), (567.7, 531.9), (567.7, 531.3), (567.7, 531.0), (567.7, 531.9), (567.7, 531.3), (567.7, 531.0), (567.7, 531.9), (567.7, 531.3), (567.7, 531.0)]",0,7.35
experienced,meatboy,5,Stuck,4,0,89.53,0.466,"[(73.0, 525.0), (87.4, 531.3), (127.4, 531.0), (167.4, 531.9), (207.4, 531.3), (240.9, 489.2), (280.9, 449.9), (320.9, 432.0), (360.9, 434.3), (400.9, 455.6), (440.9, 495.6), (480.9, 523.6), (520.9, 472.5), (560.9, 440.3), (567.0, 427.0), (567.0, 432.5), (567.0, 456.8), (567.0, 495.6), (567.0, 531.0), (567.0, 531.9), (567.0, 531.3), (567.0, 531.0), (567.0, 531.9), (567.0, 531.3), (567.0, 531.0), (567.0, 531.9), (567.0, 531.3), (567.0, 531.0), (567.0, 531.9), (567.0, 531.3), (567.0, 531.0), (567.0, 531.9), (567.0, 531.3), (567.0, 531.0), (567.0, 531.9), (567.0, 531.3), (567.0, 531.0), (567.0, 531.9), (567.0, 531.3), (567.0, 531.0), (567.0, 531.9), (567.0, 531.3), (567.0, 531.0), (567.0, 531.9), (567.0, 531.3), (567.0, 531.0), (567.0, 531.9), (567.0, 531.3), (567.0, 531.0), (567.0, 531.9), (567.0, 531.3)]",0,6.7
experienced,meatboy,5,Stuck,3,0,86.94,0.467,"[(73.0, 525.0), (87.4, 531.3), (127.4, 531.0), (167.4, 531.9), (207.4, 531.3), (247.4, 531.0), (287.4, 531.9), (327.4, 483.2), (367.4, 446.3), (407.4, 428.3), (447.4, 429.0), (487.4, 448.7), (527.4, 487.1), (567.4, 531.3), (567.7, 484.1), (567.7, 447.2), (567.7, 429.2), (567.7, 429.9), (567.7, 449.6), (567.7, 486.3), (567.7, 526.0), (567.7, 531.0), (567.7, 531.9), (567.7, 531.3), (567.7, 531.0), (567.7, 531.9), (567.7, 531.3), (567.7, 531.0), (567.7, 531.9), (567.7, 531.3), (567.7, 531.0), (567.7, 531.9), (567.7, 531.3), (567.7, 531.0), (567.7, 531.9), (567.7, 531.3), (567.7, 531.0), (567.7, 531.9), (567.7, 531.3), (567.7, 531.0), (567.7, 531.9), (567.7, 531.3), (567.7, 531.0), (567.7, 531.9), (567.7, 531.3), (567.7, 531.0), (567.7, 531.9), (567.7, 531.3), (567.7, 531.0), (567.7, 531.9), (567.7, 531.3), (567.7, 531.0), (567.7, 531.9)]",0,7.0
experienced,meatboy,5,Saw,1,0,275.66,0.298,"[(73.0, 525.0), (87.4, 531.3), (127.4, 531.0), (167.4, 531.9), (207.4, 531.3), (247.4, 531.0), (287.4, 531.9), (327.4, 531.3)]",0,1.05
experienced,meatboy,5,Pit,1,0,-257.7,0.0,"[(73.0, 525.0), (56.7, 531.3), (36.0, 531.0), (-4.0, 531.9), (-44.0, 539.2), (-84.0, 566.3), (-124.0, 612.3), (-164.0, 677.0)]",0,1.02
experienced,meatboy,5,Saw,3,0,256.27,0.295,"[(73.0, 525.0), (87.4, 523.3), (106.2, 472.2), (144.2, 449.9), (184.2, 452.3), (224.2, 473.5), (264.2, 513.6), (304.2, 531.9), (344.2, 531.3)]",0,1.12
experienced,meatboy,5,Stuck,4,0,80.79,0.466,"[(73.0, 525.0), (87.4, 531.3), (127.4, 531.0), (167.4, 531.9), (207.4, 531.3), (247.4, 531.0), (287.4, 531.9), (323.1, 501.9), (342.9, 458.0), (380.0, 432.8), (420.0, 426.5), (460.0, 439.1), (500.0, 470.5), (540.0, 520.7), (567.7, 516.2), (542.6, 467.5), (509.8, 437.6), (518.9, 426.6), (558.3, 434.5), (567.0, 461.2), (567.0, 500.6), (567.0, 531.3), (567.0, 531.0), (567.0, 531.9), (567.0, 531.3), (567.0, 531.0), (567.0, 531.9), (567.0, 531.3), (567.0, 531.0), (567.0, 531.9), (567.0, 531.3), (567.0, 531.0), (567.0, 531.9), (567.0, 531.3), (567.0, 531.0), (567.0, 531.9), (567.0, 531.3), (567.0, 531.0), (567.0, 531.9), (567.0, 531.3), (567.0, 531.0), (567.0, 531.9), (567.0, 531.3), (567.0, 531.0), (567.0, 531.9), (567.0, 531.3), (567.0, 531.0), (567.0, 531.9), (567.0, 531.3), (567.0, 531.0), (567.0, 531.9), (567.0, 531.3), (567.0, 531.0), (567.0, 531.9), (567.0, 531.3), (567.0, 531.0)]",0,7.37
experienced,meatboy,5,Saw,3,0,267.73,0.313,"[(73.0, 525.0), (87.4, 531.3), (127.4, 531.0), (167.4, 531.9), (205.3, 509.1), (235.9, 462.7), (275.9, 442.1), (315.9, 444.5), (355.9, 465.7)]",0,1.15
experienced,meatboy,5,Stuck,3,0,90.65,0.467,"[(73.0, 525.0), (98.2, 531.3), (138.2, 531.0), (178.2, 531.9), (217.4, 501.9), (257.4, 458.0), (297.4, 432.8), (337.4, 426.5), (377.4, 439.1), (417.4, 470.5), (457.4, 520.7), (497.4, 495.7), (537.4, 454.1), (567.7, 431.3), (567.7, 427.4), (567.7, 442.3), (567.7, 475.8), (567.7, 515.4), (567.7, 531.3), (567.7, 531.0), (567.7, 531.9), (567.7, 531.3), (567.7, 531.0), (567.7, 531.9), (567.7, 531.3), (567.7, 531.0), (567.7, 531.9), (567.7, 531.3), (567.7, 531.0), (567.7, 531.9), (567.7, 531.3), (567.7, 531.0), (567.7, 531.9), (567.7, 531.3), (567.7, 531.0), (567.7, 531.9), (567.7, 531.3), (567.7, 531.0), (567.7, 531.9), (567.7, 531.3), (567.7, 531.0), (567.7, 531.9), (567.7, 531.3), (567.7, 531.0), (567.7, 531.9), (567.7, 531.3), (567.7, 531.0), (567.7, 531.9), (567.7, 531.3), (567.7, 531.0)]",0,6.63
experienced,meatboy,5,Stuck,3,0,90.65,0.467,"[(73.0, 525.0), (98.2, 531.3), (138.2, 531.0), (178.2, 531.9), (217.4, 501.9), (257.4, 458.0), (297.4, 432.8), (337.4, 426.5), (377.4, 439.1), (417.4, 470.5), (457.4, 520.7), (497.4, 495.7), (537.4, 454.1), (567.7, 431.3), (567.7, 427.4), (567.7, 442.3), (567.7, 475.8), (567.7, 515.4), (567.7, 531.3), (567.7, 531.0), (567.7, 531.9), (567.7, 531.3), (567.7, 531.0), (567.7, 531.9), (567.7, 531.3), (567.7, 531.0), (567.7, 531.9), (567.7, 531.3), (567.7, 531.0), (567.7, 531.9), (567.7, 531.3), (567.7, 531.0), (567.7, 531.9), (567.7, 531.3), (567.7, 531.0), (567.7, 531.9), (567.7, 531.3), (567.7, 531.0), (567.7, 531.9), (567.7, 531.3), (567.7, 531.0), (567.7, 531.9), (567.7, 531.3), (567.7, 531.0), (567.7, 531.9), (567.7, 531.3), (567.7, 531.0), (567.7, 531.9), (567.7, 531.3), (567.7, 531.0)]",0,6.63
experienced,meatboy,5,Stuck,4,0,80.79,0.466,"[(73.0, 525.0), (87.4, 531.3), (127.4, 531.0), (167.4, 531.9), (207.4, 531.3), (247.4, 531.0), (287.4, 531.9), (323.1, 501.9), (342.9, 458.0), (380.0, 432.8), (420.0, 426.5), (460.0, 439.1), (500.0, 470.5), (540.0, 520.7), (567.7, 516.2), (542.6, 467.5), (509.8, 437.6), (518.9, 426.6), (558.3, 434.5), (567.0, 461.2), (567.0, 500.6), (567.0, 531.3), (567.0, 531.0), (567.0, 531.9), (567.0, 531.3), (567.0, 531.0), (567.0, 531.9), (567.0, 531.3), (567.0, 531.0), (567.0, 531.9), (567.0, 531.3), (567.0, 531.0), (567.0, 531.9), (567.0, 531.3), (567.0, 531.0), (567.0, 531.9), (567.0, 531.3), (567.0, 531.0), (567.0, 531.9), (567.0, 531.3), (567.0, 531.0), (567.0, 531.9), (567.0, 531.3), (567.0, 531.0), (567.0, 531.9), (567.0, 531.3), (567.0, 531.0), (567.0, 531.9), (567.0, 531.3), (567.0, 531.0), (567.0, 531.9), (567.0, 531.3), (567.0, 531.0), (567.0, 531.9), (567.0, 531.3), (567.0, 531.0)]",0,7.37
experienced,meatboy,5,Stuck,3,0,86.94,0.467,"[(73.0, 525.0), (87.4, 531.3), (127.4, 531.0), (167.4, 531.9), (207.4, 531.3), (247.4, 531.0), (287.4, 531.9), (327.4, 483.2), (367.4, 446.3), (407.4, 428.3), (447.4, 429.0), (487.4, 448.7), (527.4, 487.1), (567.4, 531.3), (567.7, 484.1), (567.7, 447.2), (567.7, 429.2), (567.7, 429.9), (567.7, 449.6), (567.7, 486.3), (567.7, 526.0), (567.7, 531.0), (567.7, 531.9), (567.7, 531.3), (567.7, 531.0), (567.7, 531.9), (567.7, 531.3), (567.7, 531.0), (567.7, 531.9), (567.7, 531.3), (567.7, 531.0), (567.7, 531.9), (567.7, 531.3), (567.7, 531.0), (567.7, 531.9), (567.7, 531.3), (567.7, 531.0), (567.7, 531.9), (567.7, 531.3), (567.7, 531.0), (567.7, 531.9), (567.7, 531.3), (567.7, 531.0), (567.7, 531.9), (567.7, 531.3), (567.7, 531.0), (567.7, 531.9), (567.7, 531.3), (567.7, 531.0), (567.7, 531.9), (567.7, 531.3), (567.7, 531.0), (567.7, 531.9)]",0,7.0
experienced,meatboy,5,Stuck,4,0,89.53,0.466,"[(73.0, 525.0), (87.4, 531.3), (127.4, 531.0), (167.4, 531.9), (207.4, 531.3), (240.9, 489.2), (280.9, 449.9), (320.9, 432.0), (360.9, 434.3), (400.9, 455.6), (440.9, 495.6), (480.9, 523.6), (520.9, 472.5), (560.9, 440.3), (567.0, 427.0), (567.0, 432.5), (567.0, 456.8), (567.0, 495.6), (567.0, 531.0), (567.0, 531.9), (567.0, 531.3), (567.0, 531.0), (567.0, 531.9), (567.0, 531.3), (567.0, 531.0), (567.0, 531.9), (567.0, 531.3), (567.0, 531.0), (567.0, 531.9), (567.0, 531.3), (567.0, 531.0), (567.0, 531.9), (567.0, 531.3), (567.0, 531.0), (567.0, 531.9), (567.0, 531.3), (567.0, 531.0), (567.0, 531.9), (567.0, 531.3), (567.0, 531.0), (567.0, 531.9), (567.0, 531.3), (567.0, 531.0), (567.0, 531.9), (567.0, 531.3), (567.0, 531.0), (567.0, 531.9), (567.0, 531.3), (567.0, 531.0), (567.0, 531.9), (567.0, 531.3)]",0,6.7
experienced,meatboy,5,Stuck,3,0,81.95,0.467,"[(73.0, 525.0), (87.4, 531.3), (127.4, 531.0), (167.4, 531.9), (207.4, 531.3), (247.4, 531.0), (286.7, 515.9), (310.8, 467.2), (350.8, 437.4), (390.8, 426.4), (430.8, 434.2), (470.8, 460.9), (510.8, 506.4), (550.8, 531.3), (564.8, 508.8), (531.8, 462.4), (507.0, 434.9), (527.6, 426.3), (567.6, 436.5), (567.7, 465.5), (567.7, 505.2), (567.7, 531.9), (567.7, 531.3), (567.7, 531.0), (567.7, 531.9), (567.7, 531.3), (567.7, 531.0), (567.7, 531.9), (567.7, 531.3), (567.7, 531.0), (567.7, 531.9), (567.7, 531.3), (567.7, 531.0), (567.7, 531.9), (567.7, 531.3), (567.7, 531.0), (567.7, 531.9), (567.7, 531.3), (567.7, 531.0), (567.7, 531.9), (567.7, 531.3), (567.7, 531.0), (567.7, 531.9), (567.7, 531.3), (567.7, 531.0), (567.7, 531.9), (567.7, 531.3), (567.7, 531.0), (567.7, 531.9), (567.7, 531.3), (567.7, 531.0), (567.7, 531.9), (567.7, 531.3), (567.7, 531.0), (567.7, 531.9), (567.7, 531.3)]",0,7.33
experienced,meatboy,5,Stuck,3,0,89.97,0.467,"[(73.0, 525.0), (98.2, 531.3), (138.2, 531.0), (178.2, 531.9), (218.2, 523.3), (257.4, 472.2), (297.4, 440.1), (337.4, 426.7), (377.4, 432.2), (417.4, 456.5), (457.4, 499.7), (497.4, 524.2), (537.4, 473.1), (567.7, 440.9), (567.7, 427.6), (567.7, 433.1), (567.7, 457.4), (567.7, 496.2), (567.7, 531.0), (567.7, 531.9), (567.7, 531.3), (567.7, 531.0), (567.7, 531.9), (567.7, 531.3), (567.7, 531.0), (567.7, 531.9), (567.7, 531.3), (567.7, 531.0), (567.7, 531.9), (567.7, 531.3), (567.7, 531.0), (567.7, 531.9), (567.7, 531.3), (567.7, 531.0), (567.7, 531.9), (567.7, 531.3), (567.7, 531.0), (567.7, 531.9), (567.7, 531.3), (567.7, 531.0), (567.7, 531.9), (567.7, 531.3), (567.7, 531.0), (567.7, 531.9), (567.7, 531.3), (567.7, 531.0), (567.7, 531.9), (567.7, 531.3), (567.7, 531.0), (567.7, 531.9), (567.7, 531.3)]",0,6.7
experienced,meatboy,5,Saw,1,0,267.85,0.299,"[(73.0, 525.0), (80.2, 531.3), (118.2, 531.0), (158.2, 531.9), (198.2, 531.3), (238.2, 531.0), (278.2, 531.9), (318.2, 531.3), (358.2, 531.0)]",0,1.08
experienced,meatboy,5,Saw,1,0,275.66,0.298,"[(73.0, 525.0), (87.4, 531.3), (127.4, 531.0), (167.4, 531.9), (207.4, 531.3), (247.4, 531.0), (287.4, 531.9), (327.4, 531.3)]",0,1.05
experienced,meatboy,5,Stuck,5,0,90.09,0.467,"[(73.0, 525.0), (87.4, 531.3), (127.4, 531.0), (167.4, 531.9), (207.4, 531.3), (247.4, 531.0), (287.4, 531.9), (327.4, 531.3), (366.7, 489.2), (406.7, 449.9), (446.7, 432.0), (486.7, 434.3), (526.7, 455.6), (566.7, 495.6), (567.7, 531.0), (567.7, 531.9), (567.7, 531.3), (567.7, 531.0), (567.7, 531.9), (567.7, 531.3), (567.7, 531.0), (567.7, 531.9), (567.7, 531.3), (567.7, 531.0), (567.7, 531.9), (567.7, 531.3), (567.7, 531.0), (567.7, 531.9), (567.7, 531.3), (567.7, 531.0), (567.7, 531.9), (567.7, 531.3), (567.7, 531.0), (567.7, 531.9), (567.7, 531.3), (567.7, 531.0), (567.7, 531.9), (567.7, 531.3), (567.7, 531.0), (567.7, 531.9), (567.7, 531.3), (567.7, 531.0), (567.7, 531.9), (567.7, 531.3), (567.7, 531.0), (567.7, 531.9), (567.7, 531.3), (567.7, 531.0), (567.7, 531.9), (567.7, 531.3), (567.7, 531.0)]",0,6.67
experienced,meatboy,5,Saw,1,0,275.66,0.298,"[(73.0, 525.0), (87.4, 531.3), (127.4, 531.0), (167.4, 531.9), (207.4, 531.3), (247.4, 531.0), (287.4, 531.9), (327.4, 531.3)]",0,1.05
experienced,meatboy,5,Stuck,3,0,89.97,0.467,"[(73.0, 525.0), (98.2, 531.3), (138.2, 531.0), (178.2, 531.9), (218.2, 523.3), (257.4, 472.2), (297.4, 440.1), (337.4, 426.7), (377.4, 432.2), (417.4, 456.5), (457.4, 499.7), (497.4, 524.2), (537.4, 473.1), (567.7, 440.9), (567.7, 427.6), (567.7, 433.1), (567.7, 457.4), (567.7, 496.2), (567.7, 531.0), (567.7, 531.9), (567.7, 531.3), (567.7, 531.0), (567.7, 531.9), (567.7, 531.3), (567.7, 531.0), (567.7, 531.9), (567.7, 531.3), (567.7, 531.0), (567.7, 531.9), (567.7, 531.3), (567.7, 531.0), (567.7, 531.9), (567.7, 531.3), (567.7, 531.0), (567.7, 531.9), (567.7, 531.3), (567.7, 531.0), (567.7, 531.9), (567.7, 531.3), (567.7, 531.0), (567.7, 531.9), (567.7, 531.3), (567.7, 531.0), (567.7, 531.9), (567.7, 531.3), (567.7, 531.0), (567.7, 531.9), (567.7, 531.3), (567.7, 531.0), (567.7, 531.9), (567.7, 531.3)]",0,6.7
experienced,meatboy,5,Stuck,3,0,81.95,0.467,"[(73.0, 525.0), (87.4, 531.3), (127.4, 531.0), (167.4, 531.9), (207.4, 531.3), (247.4, 531.0), (286.7, 515.9), (310.8, 467.2), (350.8, 437.4), (390.8, 426.4), (430.8, 434.2), (470.8, 460.9), (510.8, 506.4), (550.8, 531.3), (564.8, 508.8), (531.8, 462.4), (507.0, 434.9), (527.6, 426.3), (567.6, 436.5), (567.7, 465.5), (567.7, 505.2), (567.7, 531.9), (567.7, 531.3), (567.7, 531.0), (567.7, 531.9), (567.7, 531.3), (567.7, 531.0), (567.7, 531.9), (567.7, 531.3), (567.7, 531.0), (567.7, 531.9), (567.7, 531.3), (567.7, 531.0), (567.7, 531.9), (567.7, 531.3), (567.7, 531.0), (567.7, 531.9), (567.7, 531.3), (567.7, 531.0), (567.7, 531.9), (567.7, 531.3), (567.7, 531.0), (567.7, 531.9), (567.7, 531.3), (567.7, 531.0), (567.7, 531.9), (567.7, 531.3), (567.7, 531.0), (567.7, 531.9), (567.7, 531.3), (567.7, 531.0), (567.7, 531.9), (567.7, 531.3), (567.7, 531.0), (567.7, 531.9), (567.7, 531.3)]",0,7.33
experienced,meatboy,5,Stuck,4,0,89.53,0.466,"[(73.0, 525.0), (87.4, 531.3), (127.4, 531.0), (167.4, 531.9), (207.4, 531.3), (240.9, 489.2), (280.9, 449.9), (320.9, 432.0), (360.9, 434.3), (400.9, 455.6), (440.9, 495.6), (480.9, 523.6), (520.9, 472.5), (560.9, 440.3), (567.0, 427.0), (567.0, 432.5), (567.0, 456.8), (567.0, 495.6), (567.0, 531.0), (567.0, 531.9), (567.0, 531.3), (567.0, 531.0), (567.0, 531.9), (567.0, 531.3), (567.0, 531.0), (567.0, 531.9), (567.0, 531.3), (567.0, 531.0), (567.0, 531.9), (567.0, 531.3), (567.0, 531.0), (567.0, 531.9), (567.0, 531.3), (567.0, 531.0), (567.0, 531.9), (567.0, 531.3), (567.0, 531.0), (567.0, 531.9), (567.0, 531.3), (567.0, 531.0), (567.0, 531.9), (567.0, 531.3), (567.0, 531.0), (567.0, 531.9), (567.0, 531.3), (567.0, 531.0), (567.0, 531.9), (567.0, 531.3), (567.0, 531.0), (567.0, 531.9), (567.0, 531.3)]",0,6.7
experienced,meatboy,5,Stuck,3,0,86.94,0.467,"[(73.0, 525.0), (87.4, 531.3), (127.4, 531.0), (167.4, 531.9), (207.4, 531.3), (247.4, 531.0), (287.4, 531.9), (327.4, 483.2), (367.4, 446.3), (407.4, 428.3), (447.4, 429.0), (487.4, 448.7), (527.4, 487.1), (567.4, 531.3), (567.7, 484.1), (567.7, 447.2), (567.7, 429.2), (567.7, 429.9), (567.7, 449.6), (567.7, 486.3), (567.7, 526.0), (567.7, 531.0), (567.7, 531.9), (567.7, 531.3), (567.7, 531.0), (567.7, 531.9), (567.7, 531.3), (567.7, 531.0), (567.7, 531.9), (567.7, 531.3), (567.7, 531.0), (567.7, 531.9), (567.7, 531.3), (567.7, 531.0), (567.7, 531.9), (567.7, 531.3), (567.7, 531.0), (567.7, 531.9), (567.7, 531.3), (567.7, 531.0), (567.7, 531.9), (567.7, 531.3), (567.7, 531.0), (567.7, 531.9), (567.7, 531.3), (567.7, 531.0), (567.7, 531.9), (567.7, 531.3), (567.7, 531.0), (567.7, 531.9), (567.7, 531.3), (567.7, 531.0), (567.7, 531.9)]",0,7.0
experienced,meatboy,5,Pit,2,0,-164.96,0.0,"[(73.0, 525.0), (71.8, 531.3), (57.3, 477.9), (17.3, 443.3), (-22.7, 427.6), (-62.7, 430.8), (-102.7, 452.7), (-142.7, 493.6), (-180.5, 553.2), (-182.9, 631.7), (-146.9, 729.1)]",0,1.33
experienced,meatboy,5,Saw,1,0,285.41,0.299,"[(73.0, 525.0), (98.2, 531.3), (138.2, 531.0), (178.2, 531.9), (218.2, 531.3), (258.2, 531.0), (298.2, 531.9), (338.2, 531.3)]",0,1.02
experienced,meatboy,5,Stuck,8,0,84.81,0.467,"[(73.0, 525.0), (87.4, 531.3), (127.4, 531.0), (167.4, 531.9), (207.4, 531.3), (247.4, 531.0), (287.4, 531.9), (327.4, 531.3), (358.1, 489.2), (395.9, 449.9), (435.9, 429.5), (475.9, 427.9), (515.9, 445.2), (555.9, 481.3), (567.7, 524.5), (567.7, 508.8), (567.7, 462.4), (567.7, 434.9), (567.7, 426.3), (567.7, 436.5), (567.7, 465.5), (567.7, 505.2), (567.7, 531.9), (567.7, 483.2), (567.7, 446.3), (567.7, 428.3), (567.7, 429.0), (567.7, 448.7), (567.7, 485.4), (567.7, 525.1), (567.7, 508.8), (567.7, 462.4), (567.7, 434.9), (567.7, 426.3), (567.7, 436.5), (567.7, 465.5), (567.7, 505.2), (567.7, 531.9), (567.7, 483.2), (567.7, 446.3), (567.7, 428.3), (567.7, 429.0), (567.7, 448.7), (567.7, 485.4), (567.7, 525.1), (567.7, 508.8), (567.7, 462.4), (567.7, 434.9), (567.7, 426.3), (567.7, 436.5), (567.7, 465.5), (567.7, 505.2), (567.7, 531.9), (567.7, 483.2), (567.7, 446.3)]",0,7.2
experienced,meatboy,5,Pit,2,0,-128.54,0.0,"[(73.0, 525.0), (70.3, 531.3), (55.9, 477.9), (15.9, 443.3), (-24.1, 427.6), (-64.1, 430.8), (-104.1, 452.7), (-144.1, 493.6), (-163.9, 553.2), (-138.4, 631.7), (-98.4, 729.1)]",0,1.33
experienced,meatboy,5,Saw,1,0,275.66,0.298,"[(73.0, 525.0), (87.4, 531.3), (127.4, 531.0), (167.4, 531.9), (207.4, 531.3), (247.4, 531.0), (287.4, 531.9), (327.4, 531.3)]",0,1.05
experienced,meatboy,5,Saw,1,0,285.41,0.299,"[(73.0, 525.0), (98.2, 531.3), (138.2, 531.0), (178.2, 531.9), (218.2, 531.3), (258.2, 531.0), (298.2, 531.9), (338.2, 531.3)]",0,1.02
experienced,meatboy,5,Stuck,8,0,84.81,0.467,"[(73.0, 525.0), (87.4, 531.3), (127.4, 531.0), (167.4, 531.9), (207.4, 531.3), (247.4, 531.0), (287.4, 531.9), (327.4, 531.3), (358.1, 489.2), (395.9, 449.9), (435.9, 429.5), (475.9, 427.9), (515.9, 445.2), (555.9, 481.3), (567.7, 524.5), (567.7, 508.8), (567.7, 462.4), (567.7, 434.9), (567.7, 426.3), (567.7, 436.5), (567.7, 465.5), (567.7, 505.2), (567.7, 531.9), (567.7, 483.2), (567.7, 446.3), (567.7, 428.3), (567.7, 429.0), (567.7, 448.7), (567.7, 485.4), (567.7, 525.1), (567.7, 508.8), (567.7, 462.4), (567.7, 434.9), (567.7, 426.3), (567.7, 436.5), (567.7, 465.5), (567.7, 505.2), (567.7, 531.9), (567.7, 483.2), (567.7, 446.3), (567.7, 428.3), (567.7, 429.0), (567.7, 448.7), (567.7, 485.4), (567.7, 525.1), (567.7, 508.8), (567.7, 462.4), (567.7, 434.9), (567.7, 426.3), (567.7, 436.5), (567.7, 465.5), (567.7, 505.2), (567.7, 531.9), (567.7, 483.2), (567.7, 446.3)]",0,7.2
experienced,meatboy,5,Stuck,3,0,86.94,0.467,"[(73.0, 525.0), (87.4, 531.3), (127.4, 531.0), (167.4, 531.9), (207.4, 531.3), (247.4, 531.0), (287.4, 531.9), (327.4, 483.2), (367.4, 446.3), (407.4, 428.3), (447.4, 429.0), (487.4, 448.7), (527.4, 487.1), (567.4, 531.3), (567.7, 484.1), (567.7, 447.2), (567.7, 429.2), (567.7, 429.9), (567.7, 449.6), (567.7, 486.3), (567.7, 526.0), (567.7, 531.0), (567.7, 531.9), (567.7, 531.3), (567.7, 531.0), (567.7, 531.9), (567.7, 531.3), (567.7, 531.0), (567.7, 531.9), (567.7, 531.3), (567.7, 531.0), (567.7, 531.9), (567.7, 531.3), (567.7, 531.0), (567.7, 531.9), (567.7, 531.3), (567.7, 531.0), (567.7, 531.9), (567.7, 531.3), (567.7, 531.0), (567.7, 531.9), (567.7, 531.3), (567.7, 531.0), (567.7, 531.9), (567.7, 531.3), (567.7, 531.0), (567.7, 531.9), (567.7, 531.3), (567.7, 531.0), (567.7, 531.9), (567.7, 531.3), (567.7, 531.0), (567.7, 531.9)]",0,7.0
experienced,meatboy,5,Stuck,4,0,89.53,0.466,"[(73.0, 525.0), (87.4, 531.3), (127.4, 531.0), (167.4, 531.9), (207.4, 531.3), (240.9, 489.2), (280.9, 449.9), (320.9, 432.0), (360.9, 434.3), (400.9, 455.6), (440.9, 495.6), (480.9, 523.6), (520.9, 472.5), (560.9, 440.3), (567.0, 427.0), (567.0, 432.5), (567.0, 456.8), (567.0, 495.6), (567.0, 531.0), (567.0, 531.9), (567.0, 531.3), (567.0, 531.0), (567.0, 531.9), (567.0, 531.3), (567.0, 531.0), (567.0, 531.9), (567.0, 531.3), (567.0, 531.0), (567.0, 531.9), (567.0, 531.3), (567.0, 531.0), (567.0, 531.9), (567.0, 531.3), (567.0, 531.0), (567.0, 531.9), (567.0, 531.3), (567.0, 531.0), (567.0, 531.9), (567.0, 531.3), (567.0, 531.0), (567.0, 531.9), (567.0, 531.3), (567.0, 531.0), (567.0, 531.9), (567.0, 531.3), (567.0, 531.0), (567.0, 531.9), (567.0, 531.3), (567.0, 531.0), (567.0, 531.9), (567.0, 531.3)]",0,6.7
experienced,meatboy,5,Stuck,3,0,81.95,0.467,"[(73.0, 525.0), (87.4, 531.3), (127.4, 531.0), (167.4, 531.9), (207.4, 531.3), (247.4, 531.0), (286.7, 515.9), (310.8, 467.2), (350.8, 437.4), (390.8, 426.4), (430.8, 434.2), (470.8, 460.9), (510.8, 506.4), (550.8, 531.3), (564.8, 508.8), (531.8, 462.4), (507.0, 434.9), (527.6, 426.3), (567.6, 436.5), (567.7, 465.5), (567.7, 505.2), (567.7, 531.9), (567.7, 531.3), (567.7, 531.0), (567.7, 531.9), (567.7, 531.3), (567.7, 531.0), (567.7, 531.9), (567.7, 531.3), (567.7, 531.0), (567.7, 531.9), (567.7, 531.3), (567.7, 531.0), (567.7, 531.9), (567.7, 531.3), (567.7, 531.0), (567.7, 531.9), (567.7, 531.3), (567.7, 531.0), (567.7, 531.9), (567.7, 531.3), (567.7, 531.0), (567.7, 531.9), (567.7, 531.3), (567.7, 531.0), (567.7, 531.9), (567.7, 531.3), (567.7, 531.0), (567.7, 531.9), (567.7, 531.3), (567.7, 531.0), (567.7, 531.9), (567.7, 531.3), (567.7, 531.0), (567.7, 531.9), (567.7, 531.3)]",0,7.33
experienced,meatboy,5,Saw,3,0,238.17,0.298,"[(73.0, 525.0), (87.4, 523.3), (99.0, 472.2), (117.8, 440.1), (157.8, 426.7), (197.8, 432.2), (237.8, 456.5), (277.8, 499.7), (317.8, 531.0), (357.8, 531.9)]",0,1.22
experienced,meatboy,5,Saw,4,0,256.27,0.295,"[(73.0, 525.0), (87.4, 523.3), (106.2, 472.2), (144.2, 440.1), (184.2, 426.7), (224.2, 432.2), (264.2, 456.5), (304.2, 499.7), (344.2, 531.0)]",0,1.12
experienced,meatboy,5,Stuck,4,0,91.73,0.466,"[(73.0, 525.0), (87.4, 531.3), (127.4, 531.0), (167.4, 531.9), (207.4, 531.3), (247.4, 531.0), (287.4, 531.9), (327.4, 531.3), (358.1, 489.2), (395.9, 449.9), (435.9, 437.1), (475.9, 444.2), (515.9, 470.1), (555.9, 514.9), (567.7, 531.9), (567.7, 531.3), (567.7, 531.0), (567.7, 531.9), (567.7, 531.3), (567.7, 531.0), (567.7, 531.9), (567.7, 531.3), (567.7, 531.0), (567.7, 531.9), (567.7, 531.3), (567.7, 531.0), (567.7, 531.9), (567.7, 531.3), (567.7, 531.0), (567.7, 531.9), (567.7, 531.3), (567.7, 531.0), (567.7, 531.9), (567.7, 531.3), (567.7, 531.0), (567.7, 531.9), (567.7, 531.3), (567.7, 531.0), (567.7, 531.9), (567.7, 531.3), (567.7, 531.0), (567.7, 531.9), (567.7, 531.3), (567.7, 531.0), (567.7, 531.9), (567.7, 531.3), (567.7, 531.0), (567.7, 531.9), (567.7, 531.3)]",0,6.48
experienced,meatboy,5,Stuck,3,0,85.69,0.467,"[(73.0, 525.0), (87.4, 531.3), (127.4, 531.0), (167.4, 531.9), (207.4, 523.3), (240.9, 472.2), (280.9, 440.1), (320.9, 426.7), (360.9, 432.2), (400.9, 456.5), (440.9, 499.7), (480.9, 531.0), (520.9, 531.9), (560.9, 531.3), (561.9, 489.2), (567.0, 449.9), (567.0, 429.5), (567.0, 427.9), (567.0, 445.2), (567.0, 480.4), (567.0, 520.1), (567.0, 531.9), (567.0, 531.3), (567.0, 531.0), (567.0, 531.9), (567.0, 531.3), (567.0, 531.0), (567.0, 531.9), (567.0, 531.3), (567.0, 531.0), (567.0, 531.9), (567.0, 531.3), (567.0, 531.0), (567.0, 531.9), (567.0, 531.3), (567.0, 531.0), (567.0, 531.9), (567.0, 531.3), (567.0, 531.0), (567.0, 531.9), (567.0, 531.3), (567.0, 531.0), (567.0, 531.9), (567.0, 531.3), (567.0, 531.0), (567.0, 531.9), (567.0, 531.3), (567.0, 531.0), (567.0, 531.9), (567.0, 531.3), (567.0, 531.0), (567.0, 531.9), (567.0, 531.3)]",0,7.02
experienced,meatboy,5,Stuck,5,0,86.31,0.466,"[(73.0, 525.0), (87.4, 531.3), (127.4, 531.0), (167.4, 531.9), (207.4, 531.3), (247.4, 531.0), (287.4, 531.9), (320.9, 483.2), (360.9, 455.4), (400.9, 455.4), (440.9, 474.3), (480.9, 512.0), (520.9, 531.3), (560.9, 531.0), (561.2, 495.4), (555.4, 455.8), (567.0, 448.7), (567.7, 460.5), (567.7, 491.2), (567.7, 530.9), (567.7, 531.3), (567.7, 531.0), (567.7, 531.9), (567.7, 531.3), (567.7, 531.0), (567.7, 531.9), (567.7, 531.3), (567.7, 531.0), (567.7, 531.9), (567.7, 531.3), (567.7, 531.0), (567.7, 531.9), (567.7, 531.3), (567.7, 531.0), (567.7, 531.9), (567.7, 531.3), (567.7, 531.0), (567.7, 531.9), (567.7, 531.3), (567.7, 531.0), (567.7, 531.9), (567.7, 531.3), (567.7, 531.0), (567.7, 531.9), (567.7, 531.3), (567.7, 531.0), (567.7, 531.9), (567.7, 531.3), (567.7, 531.0), (567.7, 531.9), (567.7, 531.3), (567.7, 531.0)]",0,6.92
experienced,meatboy,5,Stuck,2,0,92.45,0.466,"[(73.0, 525.0), (87.4, 531.3), (127.4, 531.0), (167.4, 531.9), (207.4, 531.3), (247.4, 531.0), (287.4, 531.9), (327.4, 501.9), (367.4, 458.0), (407.4, 432.8), (447.4, 426.5), (487.4, 439.1), (527.4, 470.5), (567.4, 520.7), (567.7, 531.9), (567.7, 531.3), (567.7, 531.0), (567.7, 531.9), (567.7, 531.3), (567.7, 531.0), (567.7, 531.9), (567.7, 531.3), (567.7, 531.0), (567.7, 531.9), (567.7, 531.3), (567.7, 531.0), (567.7, 531.9), (567.7, 531.3), (567.7, 531.0), (567.7, 531.9), (567.7, 531.3), (567.7, 531.0), (567.7, 531.9), (567.7, 531.3), (567.7, 531.0), (567.7, 531.9), (567.7, 531.3), (567.7, 531.0), (567.7, 531.9), (567.7, 531.3), (567.7, 531.0), (567.7, 531.9), (567.7, 531.3), (567.7, 531.0), (567.7, 531.9), (567.7, 531.3), (567.7, 531.0), (567.7, 531.9), (567.7, 531.3)]",0,6.45
experienced,meatboy,5,Stuck,3,0,85.69,0.467,"[(73.0, 525.0), (87.4, 531.3), (127.4, 531.0), (167.4, 531.9), (207.4, 523.3), (240.9, 472.2), (280.9, 440.1), (320.9, 426.7), (360.9, 432.2), (400.9, 456.5), (440.9, 499.7), (480.9, 531.0), (520.9, 531.9), (560.9, 531.3), (561.9, 489.2), (567.0, 449.9), (567.0, 429.5), (567.0, 427.9), (567.0, 445.2), (567.0, 480.4), (567.0, 520.1), (567.0, 531.9), (567.0, 531.3), (567.0, 531.0), (567.0, 531.9), (567.0, 531.3), (567.0, 531.0), (567.0, 531.9), (567.0, 531.3), (567.0, 531.0), (567.0, 531.9), (567.0, 531.3), (567.0, 531.0), (567.0, 531.9), (567.0, 531.3), (567.0, 531.0), (567.0, 531.9), (567.0, 531.3), (567.0, 531.0), (567.0, 531.9), (567.0, 531.3), (567.0, 531.0), (567.0, 531.9), (567.0, 531.3), (567.0, 531.0), (567.0, 531.9), (567.0, 531.3), (567.0, 531.0), (567.0, 531.9), (567.0, 531.3), (567.0, 531.0), (567.0, 531.9), (567.0, 531.3)]",0,7.02
experienced,meatboy,5,Stuck,3,0,81.95,0.467,"[(73.0, 525.0), (87.4, 531.3), (127.4, 531.0), (167.4, 531.9), (207.4, 531.3), (247.4, 531.0), (286.7, 515.9), (310.8, 467.2), (350.8, 437.4), (390.8, 426.4), (430.8, 434.2), (470.8, 460.9), (510.8, 506.4), (550.8, 531.3), (564.8, 508.8), (531.8, 462.4), (507.0, 434.9), (527.6, 426.3), (567.6, 436.5), (567.7, 465.5), (567.7, 505.2), (567.7, 531.9), (567.7, 531.3), (567.7, 531.0), (567.7, 531.9), (567.7, 531.3), (567.7, 531.0), (567.7, 531.9), (567.7, 531.3), (567.7, 531.0), (567.7, 531.9), (567.7, 531.3), (567.7, 531.0), (567.7, 531.9), (567.7, 531.3), (567.7, 531.0), (567.7, 531.9), (567.7, 531.3), (567.7, 531.0), (567.7, 531.9), (567.7, 531.3), (567.7, 531.0), (567.7, 531.9), (567.7, 531.3), (567.7, 531.0), (567.7, 531.9), (567.7, 531.3), (567.7, 531.0), (567.7, 531.9), (567.7, 531.3), (567.7, 531.0), (567.7, 531.9), (567.7, 531.3), (567.7, 531.0), (567.7, 531.9), (567.7, 531.3)]",0,7.33
experienced,meatboy,5,Stuck,4,0,89.53,0.466,"[(73.0, 525.0), (87.4, 531.3), (127.4, 531.0), (167.4, 531.9), (207.4, 531.3), (240.9, 489.2), (280.9, 449.9), (320.9, 432.0), (360.9, 434.3), (400.9, 455.6), (440.9, 495.6), (480.9, 523.6), (520.9, 472.5), (560.9, 440.3), (567.0, 427.0), (567.0, 432.5), (567.0, 456.8), (567.0, 495.6), (567.0, 531.0), (567.0, 531.9), (567.0, 531.3), (567.0, 531.0), (567.0, 531.9), (567.0, 531.3), (567.0, 531.0), (567.0, 531.9), (567.0, 531.3), (567.0, 531.0), (567.0, 531.9), (567.0, 531.3), (567.0, 531.0), (567.0, 531.9), (567.0, 531.3), (567.0, 531.0), (567.0, 531.9), (567.0, 531.3), (567.0, 531.0), (567.0, 531.9), (567.0, 531.3), (567.0, 531.0), (567.0, 531.9), (567.0, 531.3), (567.0, 531.0), (567.0, 531.9), (567.0, 531.3), (567.0, 531.0), (567.0, 531.9), (567.0, 531.3), (567.0, 531.0), (567.0, 531.9), (567.0, 531.3)]",0,6.7
experienced,meatboy,5,Stuck,3,0,86.94,0.467,"[(73.0, 525.0), (87.4, 531.3), (127.4, 531.0), (167.4, 531.9), (207.4, 531.3), (247.4, 531.0), (287.4, 531.9), (327.4, 483.2), (367.4, 446.3), (407.4, 428.3), (447.4, 429.0), (487.4, 448.7), (527.4, 487.1), (567.4, 531.3), (567.7, 484.1), (567.7, 447.2), (567.7, 429.2), (567.7, 429.9), (567.7, 449.6), (567.7, 486.3), (567.7, 526.0), (567.7, 531.0), (567.7, 531.9), (567.7, 531.3), (567.7, 531.0), (567.7, 531.9), (567.7, 531.3), (567.7, 531.0), (567.7, 531.9), (567.7, 531.3), (567.7, 531.0), (567.7, 531.9), (567.7, 531.3), (567.7, 531.0), (567.7, 531.9), (567.7, 531.3), (567.7, 531.0), (567.7, 531.9), (567.7, 531.3), (567.7, 531.0), (567.7, 531.9), (567.7, 531.3), (567.7, 531.0), (567.7, 531.9), (567.7, 531.3), (567.7, 531.0), (567.7, 531.9), (567.7, 531.3), (567.7, 531.0), (567.7, 531.9), (567.7, 531.3), (567.7, 531.0), (567.7, 531.9)]",0,7.0
experienced,meatboy,5,Stuck,3,0,89.98,0.467,"[(73.0, 525.0), (87.4, 531.3), (127.4, 531.0), (167.4, 531.9), (207.4, 531.3), (247.4, 531.0), (287.4, 531.9), (327.4, 523.3), (366.0, 472.2), (406.0, 457.9), (446.0, 465.0), (486.0, 491.0), (526.0, 531.0), (566.0, 531.9), (567.7, 531.3), (567.7, 531.0), (567.7, 531.9), (567.7, 531.3), (567.7, 531.0), (567.7, 531.9), (567.7, 531.3), (567.7, 531.0), (567.7, 531.9), (567.7, 531.3), (567.7, 531.0), (567.7, 531.9), (567.7, 531.3), (567.7, 531.0), (567.7, 531.9), (567.7, 531.3), (567.7, 531.0), (567.7, 531.9), (567.7, 531.3), (567.7, 531.0), (567.7, 531.9), (567.7, 531.3), (567.7, 531.0), (567.7, 531.9), (567.7, 531.3), (567.7, 531.0), (567.7, 531.9), (567.7, 531.3), (567.7, 531.0), (567.7, 531.9), (567.7, 531.3), (567.7, 531.0), (567.7, 531.9), (567.7, 531.3), (567.7, 531.0), (567.7, 531.9), (567.7, 531.3)]",0,6.67
experienced,meatboy,5,Saw,1,0,275.66,0.298,"[(73.0, 525.0), (87.4, 531.3), (127.4, 531.0), (167.4, 531.9), (207.4, 531.3), (247.4, 531.0), (287.4, 531.9), (327.4, 531.3)]",0,1.05
experienced,meatboy,5,Saw,2,0,251.98,0.298,"[(73.0, 525.0), (87.4, 523.3), (104.8, 472.2), (137.8, 440.1), (177.8, 426.7), (217.8, 432.2), (257.8, 456.5), (297.8, 499.7), (337.8, 531.0)]",0,1.15
experienced,meatboy,5,Stuck,2,0,93.62,0.466,"[(73.0, 525.0), (98.2, 531.3), (138.2, 531.0), (178.2, 531.9), (218.2, 531.3), (258.2, 531.0), (298.2, 477.6), (338.2, 443.0), (378.2, 427.3), (418.2, 430.5), (458.2, 452.4), (498.2, 493.3), (538.2, 531.9), (567.0, 531.3), (567.0, 531.0), (567.0, 531.9), (567.0, 531.3), (567.0, 531.0), (567.0, 531.9), (567.0, 531.3), (567.0, 531.0), (567.0, 531.9), (567.0, 531.3), (567.0, 531.0), (567.0, 531.9), (567.0, 531.3), (567.0, 531.0), (567.0, 531.9), (567.0, 531.3), (567.0, 531.0), (567.0, 531.9), (567.0, 531.3), (567.0, 531.0), (567.0, 531.9), (567.0, 531.3), (567.0, 531.0), (567.0, 531.9), (567.0, 531.3), (567.0, 531.0), (567.0, 531.9), (567.0, 531.3), (567.0, 531.0), (567.0, 531.9), (567.0, 531.3), (567.0, 531.0), (567.0, 531.9), (567.0, 531.3), (567.0, 531.0)]",0,6.3
experienced,meatboy,5,Saw,1,0,275.66,0.298,"[(73.0, 525.0), (87.4, 531.3), (127.4, 531.0), (167.4, 531.9), (207.4, 531.3), (247.4, 531.0), (287.4, 531.9), (327.4, 531.3)]",0,1.05
experienced,meatboy,5,Stuck,3,0,81.84,0.466,"[(73.0, 525.0), (87.4, 531.3), (127.4, 531.0), (167.4, 531.9), (207.4, 531.3), (247.4, 531.0), (280.2, 495.4), (315.9, 453.8), (355.9, 431.0), (395.9, 427.1), (435.9, 442.0), (475.9, 475.8), (515.9, 528.4), (555.9, 531.3), (563.4, 495.7), (527.6, 454.1), (513.6, 431.3), (543.3, 427.4), (567.7, 442.3), (567.7, 475.8), (567.7, 515.4), (567.7, 531.3), (567.7, 531.0), (567.7, 531.9), (567.7, 531.3), (567.7, 531.0), (567.7, 531.9), (567.7, 531.3), (567.7, 531.0), (567.7, 531.9), (567.7, 531.3), (567.7, 531.0), (567.7, 531.9), (567.7, 531.3), (567.7, 531.0), (567.7, 531.9), (567.7, 531.3), (567.7, 531.0), (567.7, 531.9), (567.7, 531.3), (567.7, 531.0), (567.7, 531.9), (567.7, 531.3), (567.7, 531.0), (567.7, 531.9), (567.7, 531.3), (567.7, 531.0), (567.7, 531.9), (567.7, 531.3), (567.7, 531.0), (567.7, 531.9), (567.7, 531.3), (567.7, 531.0), (567.7, 531.9), (567.7, 531.3)]",0,7.28
experienced,meatboy,5,Stuck,3,0,81.84,0.466,"[(73.0, 525.0), (87.4, 531.3), (127.4, 531.0), (167.4, 531.9), (207.4, 531.3), (247.4, 531.0), (280.2, 495.4), (315.9, 453.8), (355.9, 431.0), (395.9, 427.1), (435.9, 442.0), (475.9, 475.8), (515.9, 528.4), (555.9, 531.3), (563.4, 495.7), (527.6, 454.1), (513.6, 431.3), (543.3, 427.4), (567.7, 442.3), (567.7, 475.8), (567.7, 515.4), (567.7, 531.3), (567.7, 531.0), (567.7, 531.9), (567.7, 531.3), (567.7, 531.0), (567.7, 531.9), (567.7, 531.3), (567.7, 531.0), (567.7, 531.9), (567.7, 531.3), (567.7, 531.0), (567.7, 531.9), (567.7, 531.3), (567.7, 531.0), (567.7, 531.9), (567.7, 531.3), (567.7, 531.0), (567.7, 531.9), (567.7, 531.3), (567.7, 531.0), (567.7, 531.9), (567.7, 531.3), (567.7, 531.0), (567.7, 531.9), (567.7, 531.3), (567.7, 531.0), (567.7, 531.9), (567.7, 531.3), (567.7, 531.0), (567.7, 531.9), (567.7, 531.3), (567.7, 531.0), (567.7, 531.9), (567.7, 531.3)]",0,7.28
experienced,meatboy,5,Stuck,3,0,86.94,0.467,"[(73.0, 525.0), (87.4, 531.3), (127.4, 531.0), (167.4, 531.9), (207.4, 531.3), (247.4, 531.0), (287.4, 531.9), (327.4, 483.2), (367.4, 446.3), (407.4, 428.3), (447.4, 429.0), (487.4, 448.7), (527.4, 487.1), (567.4, 531.3), (567.7, 484.1), (567.7, 447.2), (567.7, 429.2), (567.7, 429.9), (567.7, 449.6), (567.7, 486.3), (567.7, 526.0), (567.7, 531.0), (567.7, 531.9), (567.7, 531.3), (567.7, 531.0), (567.7, 531.9), (567.7, 531.3), (567.7, 531.0), (567.7, 531.9), (567.7, 531.3), (567.7, 531.0), (567.7, 531.9), (567.7, 531.3), (567.7, 531.0), (567.7, 531.9), (567.7, 531.3), (567.7, 531.0), (567.7, 531.9), (567.7, 531.3), (567.7, 531.0), (567.7, 531.9), (567.7, 531.3), (567.7, 531.0), (567.7, 531.9), (567.7, 531.3), (567.7, 531.0), (567.7, 531.9), (567.7, 531.3), (567.7, 531.0), (567.7, 531.9), (567.7, 531.3), (567.7, 531.0), (567.7, 531.9)]",0,7.0
experienced,meatboy,5,Stuck,4,0,89.53,0.466,"[(73.0, 525.0), (87.4, 531.3), (127.4, 531.0), (167.4, 531.9), (207.4, 531.3), (240.9, 489.2), (280.9, 449.9), (320.9, 432.0), (360.9, 434.3), (400.9, 455.6), (440.9, 495.6), (480.9, 523.6), (520.9, 472.5), (560.9, 440.3), (567.0, 427.0), (567.0, 432.5), (567.0, 456.8), (567.0, 495.6), (567.0, 531.0), (567.0, 531.9), (567.0, 531.3), (567.0, 531.0), (567.0, 531.9), (567.0, 531.3), (567.0, 531.0), (567.0, 531.9), (567.0, 531.3), (567.0, 531.0), (567.0, 531.9), (567.0, 531.3), (567.0, 531.0), (567.0, 531.9), (567.0, 531.3), (567.0, 531.0), (567.0, 531.9), (567.0, 531.3), (567.0, 531.0), (567.0, 531.9), (567.0, 531.3), (567.0, 531.0), (567.0, 531.9), (567.0, 531.3), (567.0, 531.0), (567.0, 531.9), (567.0, 531.3), (567.0, 531.0), (567.0, 531.9), (567.0, 531.3), (567.0, 531.0), (567.0, 531.9), (567.0, 531.3)]",0,6.7
experienced,meatboy,5,Stuck,3,0,81.95,0.467,"[(73.0, 525.0), (87.4, 531.3), (127.4, 531.0), (167.4, 531.9), (207.4, 531.3), (247.4, 531.0), (286.7, 515.9), (310.8, 467.2), (350.8, 437.4), (390.8, 426.4), (430.8, 434.2), (470.8, 460.9), (510.8, 506.4), (550.8, 531.3), (564.8, 508.8), (531.8, 462.4), (507.0, 434.9), (527.6, 426.3), (567.6, 436.5), (567.7, 465.5), (567.7, 505.2), (567.7, 531.9), (567.7, 531.3), (567.7, 531.0), (567.7, 531.9), (567.7, 531.3), (567.7, 531.0), (567.7, 531.9), (567.7, 531.3), (567.7, 531.0), (567.7, 531.9), (567.7, 531.3), (567.7, 531.0), (567.7, 531.9), (567.7, 531.3), (567.7, 531.0), (567.7, 531.9), (567.7, 531.3), (567.7, 531.0), (567.7, 531.9), (567.7, 531.3), (567.7, 531.0), (567.7, 531.9), (567.7, 531.3), (567.7, 531.0), (567.7, 531.9), (567.7, 531.3), (567.7, 531.0), (567.7, 531.9), (567.7, 531.3), (567.7, 531.0), (567.7, 531.9), (567.7, 531.3), (567.7, 531.0), (567.7, 531.9), (567.7, 531.3)]",0,7.33
experienced,meatboy,5,Saw,2,0,239.34,0.309,"[(73.0, 525.0), (87.4, 531.3), (127.4, 531.0), (167.4, 531.9), (203.1, 501.9), (212.8, 458.0), (236.9, 432.8), (276.2, 426.5), (316.2, 439.1), (356.2, 470.5)]",0,1.27
experienced,meatboy,5,Saw,4,0,245.12,0.342,"[(73.0, 525.0), (87.4, 531.3), (127.4, 531.0), (167.4, 531.9), (207.4, 531.3), (245.3, 508.8), (253.5, 462.4), (276.2, 434.9), (316.2, 426.3), (356.2, 436.5), (396.2, 465.5)]",0,1.4
experienced,meatboy,5,Stuck,8,0,60.6,0.432,"[(73.0, 525.0), (78.8, 531.3), (116.7, 531.0), (156.7, 531.9), (196.7, 531.3), (236.7, 531.0), (276.7, 531.9), (316.7, 523.3), (330.7, 472.2), (320.2, 440.1), (349.3, 426.7), (389.3, 432.2), (429.3, 456.5), (469.3, 499.7), (509.3, 531.0), (549.3, 531.9), (565.6, 501.9), (532.6, 458.0), (492.6, 432.8), (467.7, 426.5), (488.3, 439.1), (528.3, 470.5), (567.0, 520.7), (484.6, 454.0), (406.9, 406.1), (362.0, 377.1), (363.3, 366.9), (400.7, 375.5), (440.7, 403.0), (480.7, 449.3), (520.7, 514.5), (560.7, 531.0), (560.5, 490.1), (522.6, 450.8), (482.6, 430.4), (468.6, 428.8), (498.3, 446.1), (538.3, 482.2), (546.3, 503.2), (464.5, 441.2), (391.3, 398.0), (358.0, 373.6), (370.9, 368.2), (410.7, 381.5), (450.7, 413.7), (490.7, 464.8), (530.7, 531.0), (567.0, 531.9), (552.6, 478.5), (512.6, 443.9), (474.7, 428.2), (472.3, 431.4), (508.3, 453.3), (548.3, 494.2), (525.7, 485.9)]",0,7.2
experienced,meatboy,5,Saw,1,0,275.66,0.298,"[(73.0, 525.0), (87.4, 531.3), (127.4, 531.0), (167.4, 531.9), (207.4, 531.3), (247.4, 531.0), (287.4, 531.9), (327.4, 531.3)]",0,1.05
experienced,meatboy,5,Pit,2,0,-51.27,0.0,"[(73.0, 525.0), (84.8, 531.3), (90.3, 531.0), (92.4, 531.9), (88.2, 531.3), (84.0, 531.0), (79.8, 531.9), (75.6, 531.3), (71.3, 531.0), (67.1, 531.9), (62.9, 531.3), (58.7, 531.0), (54.4, 531.9), (50.2, 531.3), (46.0, 531.0), (41.8, 531.9), (37.6, 531.3), (33.3, 531.0), (29.1, 531.9), (24.9, 531.3), (20.7, 531.0), (16.4, 531.9), (12.2, 531.3), (8.0, 531.0), (3.8, 531.9), (-0.4, 531.3), (-4.7, 531.0), (-18.2, 483.5), (-57.8, 446.6), (-97.8, 428.6), (-137.8, 429.3), (-177.8, 449.0), (-217.8, 487.4), (-237.6, 544.7), (-212.1, 620.9), (-172.1, 715.9)]",0,4.68
experienced,meatboy,5,Stuck,6,0,83.62,0.466,"[(73.0, 525.0), (87.4, 523.3), (103.3, 472.2), (136.3, 453.6), (176.3, 458.4), (216.3, 481.9), (256.3, 524.4), (286.9, 489.2), (324.8, 449.9), (364.8, 437.1), (404.8, 444.2), (444.8, 470.1), (484.8, 514.9), (524.8, 531.9), (564.8, 531.3), (556.9, 484.1), (554.0, 447.2), (567.0, 429.2), (567.0, 429.9), (567.0, 449.6), (567.0, 486.3), (567.0, 526.0), (567.0, 531.0), (567.0, 531.9), (567.0, 531.3), (567.0, 531.0), (567.0, 531.9), (567.0, 531.3), (567.0, 531.0), (567.0, 531.9), (567.0, 531.3), (567.0, 531.0), (567.0, 531.9), (567.0, 531.3), (567.0, 531.0), (567.0, 531.9), (567.0, 531.3), (567.0, 531.0), (567.0, 531.9), (567.0, 531.3), (567.0, 531.0), (567.0, 531.9), (567.0, 531.3), (567.0, 531.0), (567.0, 531.9), (567.0, 531.3), (567.0, 531.0), (567.0, 531.9), (567.0, 531.3), (567.0, 531.0), (567.0, 531.9), (567.0, 531.3), (567.0, 531.0), (567.0, 531.9)]",0,7.13
experienced,meatboy,5,Stuck,6,0,83.62,0.466,"[(73.0, 525.0), (87.4, 523.3), (103.3, 472.2), (136.3, 453.6), (176.3, 458.4), (216.3, 481.9), (256.3, 524.4), (286.9, 489.2), (324.8, 449.9), (364.8, 437.1), (404.8, 444.2), (444.8, 470.1), (484.8, 514.9), (524.8, 531.9), (564.8, 531.3), (556.9, 484.1), (554.0, 447.2), (567.0, 429.2), (567.0, 429.9), (567.0, 449.6), (567.0, 486.3), (567.0, 526.0), (567.0, 531.0), (567.0, 531.9), (567.0, 531.3), (567.0, 531.0), (567.0, 531.9), (567.0, 531.3), (567.0, 531.0), (567.0, 531.9), (567.0, 531.3), (567.0, 531.0), (567.0, 531.9), (567.0, 531.3), (567.0, 531.0), (567.0, 531.9), (567.0, 531.3), (567.0, 531.0), (567.0, 531.9), (567.0, 531.3), (567.0, 531.0), (567.0, 531.9), (567.0, 531.3), (567.0, 531.0), (567.0, 531.9), (567.0, 531.3), (567.0, 531.0), (567.0, 531.9), (567.0, 531.3), (567.0, 531.0), (567.0, 531.9), (567.0, 531.3), (567.0, 531.0), (567.0, 531.9)]",0,7.13
experienced,meatboy,5,Stuck,3,0,81.95,0.467,"[(73.0, 525.0), (87.4, 531.3), (127.4, 531.0), (167.4, 531.9), (207.4, 531.3), (247.4, 531.0), (286.7, 515.9), (310.8, 467.2), (350.8, 437.4), (390.8, 426.4), (430.8, 434.2), (470.8, 460.9), (510.8, 506.4), (550.8, 531.3), (564.8, 508.8), (531.8, 462.4), (507.0, 434.9), (527.6, 426.3), (567.6, 436.5), (567.7, 465.5), (567.7, 505.2), (567.7, 531.9), (567.7, 531.3), (567.7, 531.0), (567.7, 531.9), (567.7, 531.3), (567.7, 531.0), (567.7, 531.9), (567.7, 531.3), (567.7, 531.0), (567.7, 531.9), (567.7, 531.3), (567.7, 531.0), (567.7, 531.9), (567.7, 531.3), (567.7, 531.0), (567.7, 531.9), (567.7, 531.3), (567.7, 531.0), (567.7, 531.9), (567.7, 531.3), (567.7, 531.0), (567.7, 531.9), (567.7, 531.3), (567.7, 531.0), (567.7, 531.9), (567.7, 531.3), (567.7, 531.0), (567.7, 531.9), (567.7, 531.3), (567.7, 531.0), (567.7, 531.9), (567.7, 531.3), (567.7, 531.0), (567.7, 531.9), (567.7, 531.3)]",0,7.33
experienced,meatboy,5,Stuck,4,0,89.53,0.466,"[(73.0, 525.0), (87.4, 531.3), (127.4, 531.0), (167.4, 531.9), (207.4, 531.3), (240.9, 489.2), (280.9, 449.9), (320.9, 432.0), (360.9, 434.3), (400.9, 455.6), (440.9, 495.6), (480.9, 523.6), (520.9, 472.5), (560.9, 440.3), (567.0, 427.0), (567.0, 432.5), (567.0, 456.8), (567.0, 495.6), (567.0, 531.0), (567.0, 531.9), (567.0, 531.3), (567.0, 531.0), (567.0, 531.9), (567.0, 531.3), (567.0, 531.0), (567.0, 531.9), (567.0, 531.3), (567.0, 531.0), (567.0, 531.9), (567.0, 531.3), (567.0, 531.0), (567.0, 531.9), (567.0, 531.3), (567.0, 531.0), (567.0, 531.9), (567.0, 531.3), (567.0, 531.0), (567.0, 531.9), (567.0, 531.3), (567.0, 531.0), (567.0, 531.9), (567.0, 531.3), (567.0, 531.0), (567.0, 531.9), (567.0, 531.3), (567.0, 531.0), (567.0, 531.9), (567.0, 531.3), (567.0, 531.0), (567.0, 531.9), (567.0, 531.3)]",0,6.7
experienced,meatboy,5,Stuck,3,0,86.94,0.467,"[(73.0, 525.0), (87.4, 531.3), (127.4, 531.0), (167.4, 531.9), (207.4, 531.3), (247.4, 531.0), (287.4, 531.9), (327.4, 483.2), (367.4, 446.3), (407.4, 428.3), (447.4, 429.0), (487.4, 448.7), (527.4, 487.1), (567.4, 531.3), (567.7, 484.1), (567.7, 447.2), (567.7, 429.2), (567.7, 429.9), (567.7, 449.6), (567.7, 486.3), (567.7, 526.0), (567.7, 531.0), (567.7, 531.9), (567.7, 531.3), (567.7, 531.0), (567.7, 531.9), (567.7, 531.3), (567.7, 531.0), (567.7, 531.9), (567.7, 531.3), (567.7, 531.0), (567.7, 531.9), (567.7, 531.3), (567.7, 531.0), (567.7, 531.9), (567.7, 531.3), (567.7, 531.0), (567.7, 531.9), (567.7, 531.3), (567.7, 531.0), (567.7, 531.9), (567.7, 531.3), (567.7, 531.0), (567.7, 531.9), (567.7, 531.3), (567.7, 531.0), (567.7, 531.9), (567.7, 531.3), (567.7, 531.0), (567.7, 531.9), (567.7, 531.3), (567.7, 531.0), (567.7, 531.9)]",0,7.0
experienced,meatboy,5,Saw,3,0,217.68,0.326,"[(73.0, 525.0), (84.8, 531.3), (86.8, 484.1), (88.6, 448.6), (122.4, 441.6), (162.4, 453.4), (202.4, 484.0), (242.4, 531.0), (271.6, 483.5), (310.9, 459.4), (350.9, 461.8), (390.9, 483.0)]",0,1.48
experienced,meatboy,5,Saw,1,0,275.66,0.298,"[(73.0, 525.0), (87.4, 531.3), (127.4, 531.0), (167.4, 531.9), (207.4, 531.3), (247.4, 531.0), (287.4, 531.9), (327.4, 531.3)]",0,1.05
experienced,meatboy,5,Saw,7,0,104.65,0.363,"[(73.0, 525.0), (84.8, 523.3), (83.7, 472.2), (85.4, 440.1), (119.3, 428.1), (159.3, 435.2), (199.3, 461.1), (239.3, 505.9), (275.0, 501.9), (291.9, 458.0), (329.7, 432.8), (369.7, 426.5), (409.7, 439.1), (449.7, 470.5), (489.7, 520.7), (529.7, 531.0), (567.0, 531.9), (552.6, 478.5), (519.8, 443.9), (528.9, 428.2), (567.0, 431.4), (567.7, 453.3), (567.7, 491.2), (567.7, 530.9), (546.8, 531.3), (506.8, 531.0), (466.8, 531.9)]",0,3.55
experienced,meatboy,5,Saw,2,0,274.97,0.297,"[(73.0, 525.0), (87.4, 531.3), (127.4, 531.0), (167.4, 531.9), (207.4, 531.3), (247.4, 531.0), (287.4, 531.9), (327.4, 531.3)]",0,1.05
experienced,meatboy,5,Saw,1,0,275.66,0.298,"[(73.0, 525.0), (87.4, 531.3), (127.4, 531.0), (167.4, 531.9), (207.4, 531.3), (247.4, 531.0), (287.4, 531.9), (327.4, 531.3)]",0,1.05
experienced,meatboy,5,Saw,2,0,203.49,0.297,"[(73.0, 525.0), (77.6, 531.3), (70.9, 484.1), (69.8, 447.2), (96.3, 437.8), (136.3, 447.3), (176.3, 475.6), (216.3, 522.7), (256.3, 531.0), (296.3, 531.9), (336.3, 531.3)]",0,1.42
experienced,meatboy,5,Saw,7,0,104.65,0.363,"[(73.0, 525.0), (84.8, 523.3), (83.7, 472.2), (85.4, 440.1), (119.3, 428.1), (159.3, 435.2), (199.3, 461.1), (239.3, 505.9), (275.0, 501.9), (291.9, 458.0), (329.7, 432.8), (369.7, 426.5), (409.7, 439.1), (449.7, 470.5), (489.7, 520.7), (529.7, 531.0), (567.0, 531.9), (552.6, 478.5), (519.8, 443.9), (528.9, 428.2), (567.0, 431.4), (567.7, 453.3), (567.7, 491.2), (567.7, 530.9), (546.8, 531.3), (506.8, 531.0), (466.8, 531.9)]",0,3.55
experienced,meatboy,5,Stuck,3,0,86.94,0.467,"[(73.0, 525.0), (87.4, 531.3), (127.4, 531.0), (167.4, 531.9), (207.4, 531.3), (247.4, 531.0), (287.4, 531.9), (327.4, 483.2), (367.4, 446.3), (407.4, 428.3), (447.4, 429.0), (487.4, 448.7), (527.4, 487.1), (567.4, 531.3), (567.7, 484.1), (567.7, 447.2), (567.7, 429.2), (567.7, 429.9), (567.7, 449.6), (567.7, 486.3), (567.7, 526.0), (567.7, 531.0), (567.7, 531.9), (567.7, 531.3), (567.7, 531.0), (567.7, 531.9), (567.7, 531.3), (567.7, 531.0), (567.7, 531.9), (567.7, 531.3), (567.7, 531.0), (567.7, 531.9), (567.7, 531.3), (567.7, 531.0), (567.7, 531.9), (567.7, 531.3), (567.7, 531.0), (567.7, 531.9), (567.7, 531.3), (567.7, 531.0), (567.7, 531.9), (567.7, 531.3), (567.7, 531.0), (567.7, 531.9), (567.7, 531.3), (567.7, 531.0), (567.7, 531.9), (567.7, 531.3), (567.7, 531.0), (567.7, 531.9), (567.7, 531.3), (567.7, 531.0), (567.7, 531.9)]",0,7.0
experienced,meatboy,5,Stuck,4,0,89.53,0.466,"[(73.0, 525.0), (87.4, 531.3), (127.4, 531.0), (167.4, 531.9), (207.4, 531.3), (240.9, 489.2), (280.9, 449.9), (320.9, 432.0), (360.9, 434.3), (400.9, 455.6), (440.9, 495.6), (480.9, 523.6), (520.9, 472.5), (560.9, 440.3), (567.0, 427.0), (567.0, 432.5), (567.0, 456.8), (567.0, 495.6), (567.0, 531.0), (567.0, 531.9), (567.0, 531.3), (567.0, 531.0), (567.0, 531.9), (567.0, 531.3), (567.0, 531.0), (567.0, 531.9), (567.0, 531.3), (567.0, 531.0), (567.0, 531.9), (567.0, 531.3), (567.0, 531.0), (567.0, 531.9), (567.0, 531.3), (567.0, 531.0), (567.0, 531.9), (567.0, 531.3), (567.0, 531.0), (567.0, 531.9), (567.0, 531.3), (567.0, 531.0), (567.0, 531.9), (567.0, 531.3), (567.0, 531.0), (567.0, 531.9), (567.0, 531.3), (567.0, 531.0), (567.0, 531.9), (567.0, 531.3), (567.0, 531.0), (567.0, 531.9), (567.0, 531.3)]",0,6.7
experienced,meatboy,5,Stuck,3,0,81.95,0.467,"[(73.0, 525.0), (87.4, 531.3), (127.4, 531.0), (167.4, 531.9), (207.4, 531.3), (247.4, 531.0), (286.7, 515.9), (310.8, 467.2), (350.8, 437.4), (390.8, 426.4), (430.8, 434.2), (470.8, 460.9), (510.8, 506.4), (550.8, 531.3), (564.8, 508.8), (531.8, 462.4), (507.0, 434.9), (527.6, 426.3), (567.6, 436.5), (567.7, 465.5), (567.7, 505.2), (567.7, 531.9), (567.7, 531.3), (567.7, 531.0), (567.7, 531.9), (567.7, 531.3), (567.7, 531.0), (567.7, 531.9), (567.7, 531.3), (567.7, 531.0), (567.7, 531.9), (567.7, 531.3), (567.7, 531.0), (567.7, 531.9), (567.7, 531.3), (567.7, 531.0), (567.7, 531.9), (567.7, 531.3), (567.7, 531.0), (567.7, 531.9), (567.7, 531.3), (567.7, 531.0), (567.7, 531.9), (567.7, 531.3), (567.7, 531.0), (567.7, 531.9), (567.7, 531.3), (567.7, 531.0), (567.7, 531.9), (567.7, 531.3), (567.7, 531.0), (567.7, 531.9), (567.7, 531.3), (567.7, 531.0), (567.7, 531.9), (567.7, 531.3)]",0,7.33
experienced,meatboy,5,Saw,1,0,275.66,0.298,"[(73.0, 525.0), (87.4, 531.3), (127.4, 531.0), (167.4, 531.9), (207.4, 531.3), (247.4, 531.0), (287.4, 531.9), (327.4, 531.3)]",0,1.05
experienced,meatboy,5,Saw,1,0,285.41,0.299,"[(73.0, 525.0), (98.2, 531.3), (138.2, 531.0), (178.2, 531.9), (218.2, 531.3), (258.2, 531.0), (298.2, 531.9), (338.2, 531.3)]",0,1.02
experienced,meatboy,5,Pit,2,0,-164.94,0.0,"[(73.0, 525.0), (71.3, 523.3), (55.1, 472.2), (15.1, 440.1), (-24.9, 426.7), (-64.9, 432.2), (-104.9, 456.5), (-144.9, 499.7), (-180.6, 561.7), (-177.2, 642.6)]",0,1.32
experienced,meatboy,5,Stuck,5,0,87.12,0.467,"[(73.0, 525.0), (84.8, 523.3), (86.6, 472.2), (113.1, 453.6), (153.1, 458.4), (193.1, 481.9), (233.1, 524.4), (263.7, 489.2), (301.5, 449.9), (341.5, 440.5), (381.5, 450.0), (421.5, 478.3), (461.5, 525.4), (500.8, 483.2), (540.8, 446.3), (567.0, 428.3), (567.0, 429.0), (567.0, 448.7), (567.0, 485.4), (567.0, 525.1), (567.0, 531.0), (567.0, 531.9), (567.0, 531.3), (567.0, 531.0), (567.0, 531.9), (567.0, 531.3), (567.0, 531.0), (567.0, 531.9), (567.0, 531.3), (567.0, 531.0), (567.0, 531.9), (567.0, 531.3), (567.0, 531.0), (567.0, 531.9), (567.0, 531.3), (567.0, 531.0), (567.0, 531.9), (567.0, 531.3), (567.0, 531.0), (567.0, 531.9), (567.0, 531.3), (567.0, 531.0), (567.0, 531.9), (567.0, 531.3), (567.0, 531.0), (567.0, 531.9), (567.0, 531.3), (567.0, 531.0), (567.0, 531.9), (567.0, 531.3), (567.0, 531.0), (567.0, 531.9)]",0,6.88
experienced,meatboy,5,Stuck,4,0,80.82,0.466,"[(73.0, 525.0), (87.4, 531.3), (116.6, 489.2), (124.8, 449.9), (162.7, 432.0), (202.7, 434.3), (242.7, 455.6), (282.7, 495.6), (321.9, 515.9), (344.6, 467.2), (383.9, 437.4), (423.9, 426.4), (463.9, 434.2), (503.9, 460.9), (543.9, 506.4), (567.0, 509.1), (538.3, 462.7), (530.1, 435.2), (563.3, 426.6), (567.7, 436.8), (567.7, 465.8), (567.7, 505.5), (567.7, 531.9), (567.7, 531.3), (567.7, 531.0), (567.7, 531.9), (567.7, 531.3), (567.7, 531.0), (567.7, 531.9), (567.7, 531.3), (567.7, 531.0), (567.7, 531.9), (567.7, 531.3), (567.7, 531.0), (567.7, 531.9), (567.7, 531.3), (567.7, 531.0), (567.7, 531.9), (567.7, 531.3), (567.7, 531.0), (567.7, 531.9), (567.7, 531.3), (567.7, 531.0), (567.7, 531.9), (567.7, 531.3), (567.7, 531.0), (567.7, 531.9), (567.7, 531.3), (567.7, 531.0), (567.7, 531.9), (567.7, 531.3), (567.7, 531.0), (567.7, 531.9), (567.7, 531.3), (567.7, 531.0), (567.7, 531.9)]",0,7.35
experienced,meatboy,5,Saw,1,0,51.76,0.296,"[(73.0, 525.0), (71.3, 531.3), (73.3, 531.0), (75.3, 531.9), (77.3, 531.3), (79.3, 531.0), (81.3, 531.9), (83.3, 531.3), (85.3, 531.0), (87.3, 531.9), (89.3, 531.3), (91.3, 531.0), (93.3, 531.9), (95.3, 531.3), (97.3, 531.0), (99.3, 531.9), (101.3, 531.3), (103.3, 531.0), (105.3, 531.9), (107.3, 531.3), (109.3, 531.0), (111.3, 531.9), (113.3, 531.3), (115.3, 531.0), (117.3, 531.9), (119.3, 531.3), (121.3, 531.0), (123.3, 531.9), (125.3, 531.3), (127.3, 531.0), (129.3, 531.9), (131.3, 531.3), (133.3, 531.0), (135.3, 531.9), (138.8, 531.3), (146.9, 531.0), (156.0, 531.9), (178.4, 531.3), (218.4, 531.0), (258.4, 531.9), (298.4, 531.3), (338.4, 531.0)]",0,5.55
experienced,meatboy,5,Stuck,4,0,80.82,0.466,"[(73.0, 525.0), (87.4, 531.3), (116.6, 489.2), (124.8, 449.9), (162.7, 432.0), (202.7, 434.3), (242.7, 455.6), (282.7, 495.6), (321.9, 515.9), (344.6, 467.2), (383.9, 437.4), (423.9, 426.4), (463.9, 434.2), (503.9, 460.9), (543.9, 506.4), (567.0, 509.1), (538.3, 462.7), (530.1, 435.2), (563.3, 426.6), (567.7, 436.8), (567.7, 465.8), (567.7, 505.5), (567.7, 531.9), (567.7, 531.3), (567.7, 531.0), (567.7, 531.9), (567.7, 531.3), (567.7, 531.0), (567.7, 531.9), (567.7, 531.3), (567.7, 531.0), (567.7, 531.9), (567.7, 531.3), (567.7, 531.0), (567.7, 531.9), (567.7, 531.3), (567.7, 531.0), (567.7, 531.9), (567.7, 531.3), (567.7, 531.0), (567.7, 531.9), (567.7, 531.3), (567.7, 531.0), (567.7, 531.9), (567.7, 531.3), (567.7, 531.0), (567.7, 531.9), (567.7, 531.3), (567.7, 531.0), (567.7, 531.9), (567.7, 531.3), (567.7, 531.0), (567.7, 531.9), (567.7, 531.3), (567.7, 531.0), (567.7, 531.9)]",0,7.35
experienced,meatboy,5,Stuck,5,0,87.12,0.467,"[(73.0, 525.0), (84.8, 523.3), (86.6, 472.2), (113.1, 453.6), (153.1, 458.4), (193.1, 481.9), (233.1, 524.4), (263.7, 489.2), (301.5, 449.9), (341.5, 440.5), (381.5, 450.0), (421.5, 478.3), (461.5, 525.4), (500.8, 483.2), (540.8, 446.3), (567.0, 428.3), (567.0, 429.0), (567.0, 448.7), (567.0, 485.4), (567.0, 525.1), (567.0, 531.0), (567.0, 531.9), (567.0, 531.3), (567.0, 531.0), (567.0, 531.9), (567.0, 531.3), (567.0, 531.0), (567.0, 531.9), (567.0, 531.3), (567.0, 531.0), (567.0, 531.9), (567.0, 531.3), (567.0, 531.0), (567.0, 531.9), (567.0, 531.3), (567.0, 531.0), (567.0, 531.9), (567.0, 531.3), (567.0, 531.0), (567.0, 531.9), (567.0, 531.3), (567.0, 531.0), (567.0, 531.9), (567.0, 531.3), (567.0, 531.0), (567.0, 531.9), (567.0, 531.3), (567.0, 531.0), (567.0, 531.9), (567.0, 531.3), (567.0, 531.0), (567.0, 531.9)]",0,6.88
experienced,meatboy,5,Stuck,3,0,81.95,0.467,"[(73.0, 525.0), (87.4, 531.3), (127.4, 531.0), (167.4, 531.9), (207.4, 531.3), (247.4, 531.0), (286.7, 515.9), (310.8, 467.2), (350.8, 437.4), (390.8, 426.4), (430.8, 434.2), (470.8, 460.9), (510.8, 506.4), (550.8, 531.3), (564.8, 508.8), (531.8, 462.4), (507.0, 434.9), (527.6, 426.3), (567.6, 436.5), (567.7, 465.5), (567.7, 505.2), (567.7, 531.9), (567.7, 531.3), (567.7, 531.0), (567.7, 531.9), (567.7, 531.3), (567.7, 531.0), (567.7, 531.9), (567.7, 531.3), (567.7, 531.0), (567.7, 531.9), (567.7, 531.3), (567.7, 531.0), (567.7, 531.9), (567.7, 531.3), (567.7, 531.0), (567.7, 531.9), (567.7, 531.3), (567.7, 531.0), (567.7, 531.9), (567.7, 531.3), (567.7, 531.0), (567.7, 531.9), (567.7, 531.3), (567.7, 531.0), (567.7, 531.9), (567.7, 531.3), (567.7, 531.0), (567.7, 531.9), (567.7, 531.3), (567.7, 531.0), (567.7, 531.9), (567.7, 531.3), (567.7, 531.0), (567.7, 531.9), (567.7, 531.3)]",0,7.33
experienced,meatboy,5,Stuck,4,0,89.53,0.466,"[(73.0, 525.0), (87.4, 531.3), (127.4, 531.0), (167.4, 531.9), (207.4, 531.3), (240.9, 489.2), (280.9, 449.9), (320.9, 432.0), (360.9, 434.3), (400.9, 455.6), (440.9, 495.6), (480.9, 523.6), (520.9, 472.5), (560.9, 440.3), (567.0, 427.0), (567.0, 432.5), (567.0, 456.8), (567.0, 495.6), (567.0, 531.0), (567.0, 531.9), (567.0, 531.3), (567.0, 531.0), (567.0, 531.9), (567.0, 531.3), (567.0, 531.0), (567.0, 531.9), (567.0, 531.3), (567.0, 531.0), (567.0, 531.9), (567.0, 531.3), (567.0, 531.0), (567.0, 531.9), (567.0, 531.3), (567.0, 531.0), (567.0, 531.9), (567.0, 531.3), (567.0, 531.0), (567.0, 531.9), (567.0, 531.3), (567.0, 531.0), (567.0, 531.9), (567.0, 531.3), (567.0, 531.0), (567.0, 531.9), (567.0, 531.3), (567.0, 531.0), (567.0, 531.9), (567.0, 531.3), (567.0, 531.0), (567.0, 531.9), (567.0, 531.3)]",0,6.7
experienced,meatboy,5,Saw,1,0,285.41,0.299,"[(73.0, 525.0), (98.2, 531.3), (138.2, 531.0), (178.2, 531.9), (218.2, 531.3), (258.2, 531.0), (298.2, 531.9), (338.2, 531.3)]",0,1.02
experienced,meatboy,5,Saw,2,0,255.87,0.323,"[(73.0, 525.0), (87.4, 531.3), (127.4, 531.0), (167.4, 531.9), (207.4, 531.3), (236.6, 489.2), (257.8, 449.9), (297.8, 437.1), (337.8, 444.2), (377.8, 470.1)]",0,1.25
experienced,meatboy,5,Saw,1,0,275.66,0.298,"[(73.0, 525.0), (87.4, 531.3), (127.4, 531.0), (167.4, 531.9), (207.4, 531.3), (247.4, 531.0), (287.4, 531.9), (327.4, 531.3)]",0,1.05
experienced,meatboy,5,Saw,1,0,275.66,0.298,"[(73.0, 525.0), (87.4, 531.3), (127.4, 531.0), (167.4, 531.9), (207.4, 531.3), (247.4, 531.0), (287.4, 531.9), (327.4, 531.3)]",0,1.05
experienced,meatboy,5,Saw,1,0,275.66,0.298,"[(73.0, 525.0), (87.4, 531.3), (127.4, 531.0), (167.4, 531.9), (207.4, 531.3), (247.4, 531.0), (287.4, 531.9), (327.4, 531.3)]",0,1.05
experienced,meatboy,5,Saw,1,0,132.23,0.296,"[(73.0, 525.0), (74.4, 531.3), (81.3, 531.0), (90.4, 531.9), (99.6, 531.3), (111.3, 531.0), (129.3, 531.9), (150.9, 531.3), (176.0, 531.0), (204.7, 531.9), (228.9, 531.3), (259.3, 531.0), (280.0, 531.9), (304.2, 531.3), (324.0, 531.0), (339.3, 531.9), (355.6, 531.3)]",0,2.17
experienced,meatboy,5,Stuck,4,0,89.53,0.466,"[(73.0, 525.0), (87.4, 531.3), (127.4, 531.0), (167.4, 531.9), (207.4, 531.3), (240.9, 489.2), (280.9, 449.9), (320.9, 432.0), (360.9, 434.3), (400.9, 455.6), (440.9, 495.6), (480.9, 523.6), (520.9, 472.5), (560.9, 440.3), (567.0, 427.0), (567.0, 432.5), (567.0, 456.8), (567.0, 495.6), (567.0, 531.0), (567.0, 531.9), (567.0, 531.3), (567.0, 531.0), (567.0, 531.9), (567.0, 531.3), (567.0, 531.0), (567.0, 531.9), (567.0, 531.3), (567.0, 531.0), (567.0, 531.9), (567.0, 531.3), (567.0, 531.0), (567.0, 531.9), (567.0, 531.3), (567.0, 531.0), (567.0, 531.9), (567.0, 531.3), (567.0, 531.0), (567.0, 531.9), (567.0, 531.3), (567.0, 531.0), (567.0, 531.9), (567.0, 531.3), (567.0, 531.0), (567.0, 531.9), (567.0, 531.3), (567.0, 531.0), (567.0, 531.9), (567.0, 531.3), (567.0, 531.0), (567.0, 531.9), (567.0, 531.3)]",0,6.7
experienced,meatboy,5,Stuck,3,0,81.95,0.467,"[(73.0, 525.0), (87.4, 531.3), (127.4, 531.0), (167.4, 531.9), (207.4, 531.3), (247.4, 531.0), (286.7, 515.9), (310.8, 467.2), (350.8, 437.4), (390.8, 426.4), (430.8, 434.2), (470.8, 460.9), (510.8, 506.4), (550.8, 531.3), (564.8, 508.8), (531.8, 462.4), (507.0, 434.9), (527.6, 426.3), (567.6, 436.5), (567.7, 465.5), (567.7, 505.2), (567.7, 531.9), (567.7, 531.3), (567.7, 531.0), (567.7, 531.9), (567.7, 531.3), (567.7, 531.0), (567.7, 531.9), (567.7, 531.3), (567.7, 531.0), (567.7, 531.9), (567.7, 531.3), (567.7, 531.0), (567.7, 531.9), (567.7, 531.3), (567.7, 531.0), (567.7, 531.9), (567.7, 531.3), (567.7, 531.0), (567.7, 531.9), (567.7, 531.3), (567.7, 531.0), (567.7, 531.9), (567.7, 531.3), (567.7, 531.0), (567.7, 531.9), (567.7, 531.3), (567.7, 531.0), (567.7, 531.9), (567.7, 531.3), (567.7, 531.0), (567.7, 531.9), (567.7, 531.3), (567.7, 531.0), (567.7, 531.9), (567.7, 531.3)]",0,7.33
experienced,meatboy,5,Stuck,5,0,87.12,0.467,"[(73.0, 525.0), (84.8, 523.3), (86.6, 472.2), (113.1, 453.6), (153.1, 458.4), (193.1, 481.9), (233.1, 524.4), (263.7, 489.2), (301.5, 449.9), (341.5, 440.5), (381.5, 450.0), (421.5, 478.3), (461.5, 525.4), (500.8, 483.2), (540.8, 446.3), (567.0, 428.3), (567.0, 429.0), (567.0, 448.7), (567.0, 485.4), (567.0, 525.1), (567.0, 531.0), (567.0, 531.9), (567.0, 531.3), (567.0, 531.0), (567.0, 531.9), (567.0, 531.3), (567.0, 531.0), (567.0, 531.9), (567.0, 531.3), (567.0, 531.0), (567.0, 531.9), (567.0, 531.3), (567.0, 531.0), (567.0, 531.9), (567.0, 531.3), (567.0, 531.0), (567.0, 531.9), (567.0, 531.3), (567.0, 531.0), (567.0, 531.9), (567.0, 531.3), (567.0, 531.0), (567.0, 531.9), (567.0, 531.3), (567.0, 531.0), (567.0, 531.9), (567.0, 531.3), (567.0, 531.0), (567.0, 531.9), (567.0, 531.3), (567.0, 531.0), (567.0, 531.9)]",0,6.88
experienced,meatboy,5,Stuck,4,0,80.82,0.466,"[(73.0, 525.0), (87.4, 531.3), (116.6, 489.2), (124.8, 449.9), (162.7, 432.0), (202.7, 434.3), (242.7, 455.6), (282.7, 495.6), (321.9, 515.9), (344.6, 467.2), (383.9, 437.4), (423.9, 426.4), (463.9, 434.2), (503.9, 460.9), (543.9, 506.4), (567.0, 509.1), (538.3, 462.7), (530.1, 435.2), (563.3, 426.6), (567.7, 436.8), (567.7, 465.8), (567.7, 505.5), (567.7, 531.9), (567.7, 531.3), (567.7, 531.0), (567.7, 531.9), (567.7, 531.3), (567.7, 531.0), (567.7, 531.9), (567.7, 531.3), (567.7, 531.0), (567.7, 531.9), (567.7, 531.3), (567.7, 531.0), (567.7, 531.9), (567.7, 531.3), (567.7, 531.0), (567.7, 531.9), (567.7, 531.3), (567.7, 531.0), (567.7, 531.9), (567.7, 531.3), (567.7, 531.0), (567.7, 531.9), (567.7, 531.3), (567.7, 531.0), (567.7, 531.9), (567.7, 531.3), (567.7, 531.0), (567.7, 531.9), (567.7, 531.3), (567.7, 531.0), (567.7, 531.9), (567.7, 531.3), (567.7, 531.0), (567.7, 531.9)]",0,7.35
experienced,meatboy,5,Saw,2,0,274.97,0.297,"[(73.0, 525.0), (87.4, 531.3), (127.4, 531.0), (167.4, 531.9), (207.4, 531.3), (247.4, 531.0), (287.4, 531.9), (327.4, 531.3)]",0,1.05
experienced,meatboy,5,Saw,1,0,48.48,0.297,"[(73.0, 525.0), (71.3, 531.3), (73.3, 531.0), (75.3, 531.9), (77.3, 531.3), (79.3, 531.0), (81.3, 531.9), (83.3, 531.3), (85.3, 531.0), (87.3, 531.9), (89.3, 531.3), (91.3, 531.0), (93.3, 531.9), (95.3, 531.3), (97.3, 531.0), (99.3, 531.9), (101.3, 531.3), (103.3, 531.0), (105.3, 531.9), (107.3, 531.3), (109.3, 531.0), (111.3, 531.9), (113.3, 531.3), (115.3, 531.0), (117.3, 531.9), (119.3, 531.3), (121.3, 531.0), (123.3, 531.9), (125.3, 531.3), (127.3, 531.0), (129.3, 531.9), (131.3, 531.3), (133.3, 531.0), (135.3, 531.9), (137.3, 531.3), (139.3, 531.0), (141.3, 531.9), (143.3, 531.3), (148.4, 531.0), (155.8, 531.9), (176.4, 531.3), (216.4, 531.0), (256.4, 531.9), (296.4, 531.3), (336.4, 531.0)]",0,5.95
experienced,meatboy,5,Saw,1,0,275.66,0.298,"[(73.0, 525.0), (87.4, 531.3), (127.4, 531.0), (167.4, 531.9), (207.4, 531.3), (247.4, 531.0), (287.4, 531.9), (327.4, 531.3)]",0,1.05
experienced,meatboy,5,Stuck,4,0,85.08,0.466,"[(73.0, 525.0), (87.4, 531.3), (127.4, 531.0), (167.4, 531.9), (207.4, 523.3), (240.9, 472.2), (280.9, 440.1), (320.9, 426.7), (360.9, 432.2), (400.9, 456.5), (440.9, 499.7), (480.9, 531.0), (520.9, 531.9), (560.9, 531.3), (559.8, 495.7), (554.0, 454.1), (567.0, 431.3), (567.0, 427.4), (567.0, 442.3), (567.0, 475.8), (567.0, 515.4), (567.0, 531.3), (567.0, 531.0), (567.0, 531.9), (567.0, 531.3), (567.0, 531.0), (567.0, 531.9), (567.0, 531.3), (567.0, 531.0), (567.0, 531.9), (567.0, 531.3), (567.0, 531.0), (567.0, 531.9), (567.0, 531.3), (567.0, 531.0), (567.0, 531.9), (567.0, 531.3), (567.0, 531.0), (567.0, 531.9), (567.0, 531.3), (567.0, 531.0), (567.0, 531.9), (567.0, 531.3), (567.0, 531.0), (567.0, 531.9), (567.0, 531.3), (567.0, 531.0), (567.0, 531.9), (567.0, 531.3), (567.0, 531.0), (567.0, 531.9), (567.0, 531.3), (567.0, 531.0)]",0,7.03
experienced,meatboy,5,Saw,2,0,270.57,0.297,"[(73.0, 525.0), (87.4, 531.3), (123.8, 531.0), (163.8, 531.9), (203.8, 531.3), (243.8, 531.0), (283.8, 531.9), (323.8, 531.3), (361.6, 508.8)]",0,1.07
experienced,meatboy,5,Saw,2,0,264.23,0.343,"[(73.0, 525.0), (87.4, 531.3), (127.4, 531.0), (167.4, 531.9), (207.4, 523.3), (231.6, 472.2), (266.5, 440.1), (306.5, 426.7), (346.5, 432.2), (386.5, 456.5)]",0,1.3
experienced,meatboy,5,Stuck,4,0,85.08,0.466,"[(73.0, 525.0), (87.4, 531.3), (127.4, 531.0), (167.4, 531.9), (207.4, 523.3), (240.9, 472.2), (280.9, 440.1), (320.9, 426.7), (360.9, 432.2), (400.9, 456.5), (440.9, 499.7), (480.9, 531.0), (520.9, 531.9), (560.9, 531.3), (559.8, 495.7), (554.0, 454.1), (567.0, 431.3), (567.0, 427.4), (567.0, 442.3), (567.0, 475.8), (567.0, 515.4), (567.0, 531.3), (567.0, 531.0), (567.0, 531.9), (567.0, 531.3), (567.0, 531.0), (567.0, 531.9), (567.0, 531.3), (567.0, 531.0), (567.0, 531.9), (567.0, 531.3), (567.0, 531.0), (567.0, 531.9), (567.0, 531.3), (567.0, 531.0), (567.0, 531.9), (567.0, 531.3), (567.0, 531.0), (567.0, 531.9), (567.0, 531.3), (567.0, 531.0), (567.0, 531.9), (567.0, 531.3), (567.0, 531.0), (567.0, 531.9), (567.0, 531.3), (567.0, 531.0), (567.0, 531.9), (567.0, 531.3), (567.0, 531.0), (567.0, 531.9), (567.0, 531.3), (567.0, 531.0)]",0,7.03
experienced,meatboy,5,Stuck,4,0,80.82,0.466,"[(73.0, 525.0), (87.4, 531.3), (116.6, 489.2), (124.8, 449.9), (162.7, 432.0), (202.7, 434.3), (242.7, 455.6), (282.7, 495.6), (321.9, 515.9), (344.6, 467.2), (383.9, 437.4), (423.9, 426.4), (463.9, 434.2), (503.9, 460.9), (543.9, 506.4), (567.0, 509.1), (538.3, 462.7), (530.1, 435.2), (563.3, 426.6), (567.7, 436.8), (567.7, 465.8), (567.7, 505.5), (567.7, 531.9), (567.7, 531.3), (567.7, 531.0), (567.7, 531.9), (567.7, 531.3), (567.7, 531.0), (567.7, 531.9), (567.7, 531.3), (567.7, 531.0), (567.7, 531.9), (567.7, 531.3), (567.7, 531.0), (567.7, 531.9), (567.7, 531.3), (567.7, 531.0), (567.7, 531.9), (567.7, 531.3), (567.7, 531.0), (567.7, 531.9), (567.7, 531.3), (567.7, 531.0), (567.7, 531.9), (567.7, 531.3), (567.7, 531.0), (567.7, 531.9), (567.7, 531.3), (567.7, 531.0), (567.7, 531.9), (567.7, 531.3), (567.7, 531.0), (567.7, 531.9), (567.7, 531.3), (567.7, 531.0), (567.7, 531.9)]",0,7.35
experienced,meatboy,5,Stuck,5,0,87.12,0.467,"[(73.0, 525.0), (84.8, 523.3), (86.6, 472.2), (113.1, 453.6), (153.1, 458.4), (193.1, 481.9), (233.1, 524.4), (263.7, 489.2), (301.5, 449.9), (341.5, 440.5), (381.5, 450.0), (421.5, 478.3), (461.5, 525.4), (500.8, 483.2), (540.8, 446.3), (567.0, 428.3), (567.0, 429.0), (567.0, 448.7), (567.0, 485.4), (567.0, 525.1), (567.0, 531.0), (567.0, 531.9), (567.0, 531.3), (567.0, 531.0), (567.0, 531.9), (567.0, 531.3), (567.0, 531.0), (567.0, 531.9), (567.0, 531.3), (567.0, 531.0), (567.0, 531.9), (567.0, 531.3), (567.0, 531.0), (567.0, 531.9), (567.0, 531.3), (567.0, 531.0), (567.0, 531.9), (567.0, 531.3), (567.0, 531.0), (567.0, 531.9), (567.0, 531.3), (567.0, 531.0), (567.0, 531.9), (567.0, 531.3), (567.0, 531.0), (567.0, 531.9), (567.0, 531.3), (567.0, 531.0), (567.0, 531.9), (567.0, 531.3), (567.0, 531.0), (567.0, 531.9)]",0,6.88
experienced,meatboy,5,Stuck,3,0,81.95,0.467,"[(73.0, 525.0), (87.4, 531.3), (127.4, 531.0), (167.4, 531.9), (207.4, 531.3), (247.4, 531.0), (286.7, 515.9), (310.8, 467.2), (350.8, 437.4), (390.8, 426.4), (430.8, 434.2), (470.8, 460.9), (510.8, 506.4), (550.8, 531.3), (564.8, 508.8), (531.8, 462.4), (507.0, 434.9), (527.6, 426.3), (567.6, 436.5), (567.7, 465.5), (567.7, 505.2), (567.7, 531.9), (567.7, 531.3), (567.7, 531.0), (567.7, 531.9), (567.7, 531.3), (567.7, 531.0), (567.7, 531.9), (567.7, 531.3), (567.7, 531.0), (567.7, 531.9), (567.7, 531.3), (567.7, 531.0), (567.7, 531.9), (567.7, 531.3), (567.7, 531.0), (567.7, 531.9), (567.7, 531.3), (567.7, 531.0), (567.7, 531.9), (567.7, 531.3), (567.7, 531.0), (567.7, 531.9), (567.7, 531.3), (567.7, 531.0), (567.7, 531.9), (567.7, 531.3), (567.7, 531.0), (567.7, 531.9), (567.7, 531.3), (567.7, 531.0), (567.7, 531.9), (567.7, 531.3), (567.7, 531.0), (567.7, 531.9), (567.7, 531.3)]",0,7.33
experienced,meatboy,5,Saw,5,0,284.7,0.298,"[(73.0, 525.0), (98.2, 523.3), (137.4, 472.2), (177.4, 440.1), (217.4, 428.1), (257.4, 435.2), (297.4, 461.1), (337.4, 505.9)]",0,1.02
experienced,meatboy,5,Saw,1,0,275.66,0.298,"[(73.0, 525.0), (87.4, 531.3), (127.4, 531.0), (167.4, 531.9), (207.4, 531.3), (247.4, 531.0), (287.4, 531.9), (327.4, 531.3)]",0,1.05
experienced,meatboy,5,Stuck,3,0,83.36,0.466,"[(73.0, 525.0), (87.4, 531.3), (127.4, 531.0), (167.4, 531.9), (207.4, 531.3), (245.3, 508.8), (275.9, 462.4), (315.9, 434.9), (355.9, 426.3), (395.9, 436.5), (435.9, 465.5), (475.9, 513.4), (515.9, 531.9), (555.9, 531.3), (563.4, 495.7), (534.8, 454.1), (543.9, 431.3), (567.7, 427.4), (567.7, 442.3), (567.7, 475.8), (567.7, 515.4), (567.7, 531.3), (567.7, 531.0), (567.7, 531.9), (567.7, 531.3), (567.7, 531.0), (567.7, 531.9), (567.7, 531.3), (567.7, 531.0), (567.7, 531.9), (567.7, 531.3), (567.7, 531.0), (567.7, 531.9), (567.7, 531.3), (567.7, 531.0), (567.7, 531.9), (567.7, 531.3), (567.7, 531.0), (567.7, 531.9), (567.7, 531.3), (567.7, 531.0), (567.7, 531.9), (567.7, 531.3), (567.7, 531.0), (567.7, 531.9), (567.7, 531.3), (567.7, 531.0), (567.7, 531.9), (567.7, 531.3), (567.7, 531.0), (567.7, 531.9), (567.7, 531.3), (567.7, 531.0), (567.7, 531.9)]",0,7.15
experienced,meatboy,5,Stuck,8,0,79.82,0.467,"[(73.0, 525.0), (87.4, 531.3), (127.4, 531.0), (167.4, 531.9), (207.4, 531.3), (247.4, 531.0), (287.4, 531.9), (323.1, 501.9), (355.9, 458.0), (395.9, 432.8), (435.9, 426.5), (475.9, 439.1), (515.9, 470.5), (555.9, 520.7), (567.0, 508.8), (549.7, 462.4), (558.3, 434.9), (567.7, 426.3), (567.7, 436.5), (567.7, 465.5), (567.7, 505.2), (567.7, 523.6), (551.8, 472.5), (551.8, 440.3), (567.7, 427.0), (567.7, 432.5), (567.7, 456.8), (567.7, 495.6), (567.7, 531.0), (556.9, 483.5), (548.2, 446.6), (567.7, 428.6), (567.7, 429.3), (567.7, 449.0), (567.7, 485.7), (567.7, 525.4), (563.4, 495.7), (547.5, 454.1), (567.7, 431.3), (567.7, 427.4), (567.7, 442.3), (567.7, 475.8), (567.7, 515.4), (567.0, 509.1), (549.7, 462.7), (558.3, 435.2), (567.7, 426.6), (567.7, 436.8), (567.7, 465.8), (567.7, 505.5), (567.7, 523.6), (551.8, 472.5), (551.8, 440.3), (567.7, 427.0)]",0,7.07
experienced,meatboy,5,Stuck,2,0,89.52,0.467,"[(73.0, 525.0), (87.4, 531.3), (127.4, 531.0), (167.4, 531.9), (207.4, 531.3), (247.4, 531.0), (275.9, 477.6), (315.9, 443.0), (355.9, 427.3), (395.9, 430.5), (435.9, 452.4), (475.9, 493.3), (515.9, 531.9), (555.9, 531.3), (567.7, 531.0), (567.7, 531.9), (567.7, 531.3), (567.7, 531.0), (567.7, 531.9), (567.7, 531.3), (567.7, 531.0), (567.7, 531.9), (567.7, 531.3), (567.7, 531.0), (567.7, 531.9), (567.7, 531.3), (567.7, 531.0), (567.7, 531.9), (567.7, 531.3), (567.7, 531.0), (567.7, 531.9), (567.7, 531.3), (567.7, 531.0), (567.7, 531.9), (567.7, 531.3), (567.7, 531.0), (567.7, 531.9), (567.7, 531.3), (567.7, 531.0), (567.7, 531.9), (567.7, 531.3), (567.7, 531.0), (567.7, 531.9), (567.7, 531.3), (567.7, 531.0), (567.7, 531.9), (567.7, 531.3), (567.7, 531.0), (567.7, 531.9), (567.7, 531.3), (567.7, 531.0)]",0,6.7
experienced,meatboy,5,Saw,1,0,275.66,0.298,"[(73.0, 525.0), (87.4, 531.3), (127.4, 531.0), (167.4, 531.9), (207.4, 531.3), (247.4, 531.0), (287.4, 531.9), (327.4, 531.3)]",0,1.05
experienced,meatboy,5,Stuck,8,0,79.82,0.467,"[(73.0, 525.0), (87.4, 531.3), (127.4, 531.0), (167.4, 531.9), (207.4, 531.3), (247.4, 531.0), (287.4, 531.9), (323.1, 501.9), (355.9, 458.0), (395.9, 432.8), (435.9, 426.5), (475.9, 439.1), (515.9, 470.5), (555.9, 520.7), (567.0, 508.8), (549.7, 462.4), (558.3, 434.9), (567.7, 426.3), (567.7, 436.5), (567.7, 465.5), (567.7, 505.2), (567.7, 523.6), (551.8, 472.5), (551.8, 440.3), (567.7, 427.0), (567.7, 432.5), (567.7, 456.8), (567.7, 495.6), (567.7, 531.0), (556.9, 483.5), (548.2, 446.6), (567.7, 428.6), (567.7, 429.3), (567.7, 449.0), (567.7, 485.7), (567.7, 525.4), (563.4, 495.7), (547.5, 454.1), (567.7, 431.3), (567.7, 427.4), (567.7, 442.3), (567.7, 475.8), (567.7, 515.4), (567.0, 509.1), (549.7, 462.7), (558.3, 435.2), (567.7, 426.6), (567.7, 436.8), (567.7, 465.8), (567.7, 505.5), (567.7, 523.6), (551.8, 472.5), (551.8, 440.3), (567.7, 427.0)]",0,7.07
experienced,meatboy,5,Stuck,3,0,83.36,0.466,"[(73.0, 525.0), (87.4, 531.3), (127.4, 531.0), (167.4, 531.9), (207.4, 531.3), (245.3, 508.8), (275.9, 462.4), (315.9, 434.9), (355.9, 426.3), (395.9, 436.5), (435.9, 465.5), (475.9, 513.4), (515.9, 531.9), (555.9, 531.3), (563.4, 495.7), (534.8, 454.1), (543.9, 431.3), (567.7, 427.4), (567.7, 442.3), (567.7, 475.8), (567.7, 515.4), (567.7, 531.3), (567.7, 531.0), (567.7, 531.9), (567.7, 531.3), (567.7, 531.0), (567.7, 531.9), (567.7, 531.3), (567.7, 531.0), (567.7, 531.9), (567.7, 531.3), (567.7, 531.0), (567.7, 531.9), (567.7, 531.3), (567.7, 531.0), (567.7, 531.9), (567.7, 531.3), (567.7, 531.0), (567.7, 531.9), (567.7, 531.3), (567.7, 531.0), (567.7, 531.9), (567.7, 531.3), (567.7, 531.0), (567.7, 531.9), (567.7, 531.3), (567.7, 531.0), (567.7, 531.9), (567.7, 531.3), (567.7, 531.0), (567.7, 531.9), (567.7, 531.3), (567.7, 531.0), (567.7, 531.9)]",0,7.15
experienced,meatboy,5,Stuck,3,0,81.95,0.467,"[(73.0, 525.0), (87.4, 531.3), (127.4, 531.0), (167.4, 531.9), (207.4, 531.3), (247.4, 531.0), (286.7, 515.9), (310.8, 467.2), (350.8, 437.4), (390.8, 426.4), (430.8, 434.2), (470.8, 460.9), (510.8, 506.4), (550.8, 531.3), (564.8, 508.8), (531.8, 462.4), (507.0, 434.9), (527.6, 426.3), (567.6, 436.5), (567.7, 465.5), (567.7, 505.2), (567.7, 531.9), (567.7, 531.3), (567.7, 531.0), (567.7, 531.9), (567.7, 531.3), (567.7, 531.0), (567.7, 531.9), (567.7, 531.3), (567.7, 531.0), (567.7, 531.9), (567.7, 531.3), (567.7, 531.0), (567.7, 531.9), (567.7, 531.3), (567.7, 531.0), (567.7, 531.9), (567.7, 531.3), (567.7, 531.0), (567.7, 531.9), (567.7, 531.3), (567.7, 531.0), (567.7, 531.9), (567.7, 531.3), (567.7, 531.0), (567.7, 531.9), (567.7, 531.3), (567.7, 531.0), (567.7, 531.9), (567.7, 531.3), (567.7, 531.0), (567.7, 531.9), (567.7, 531.3), (567.7, 531.0), (567.7, 531.9), (567.7, 531.3)]",0,7.33
experienced,meatboy,5,Stuck,5,0,87.12,0.467,"[(73.0, 525.0), (84.8, 523.3), (86.6, 472.2), (113.1, 453.6), (153.1, 458.4), (193.1, 481.9), (233.1, 524.4), (263.7, 489.2), (301.5, 449.9), (341.5, 440.5), (381.5, 450.0), (421.5, 478.3), (461.5, 525.4), (500.8, 483.2), (540.8, 446.3), (567.0, 428.3), (567.0, 429.0), (567.0, 448.7), (567.0, 485.4), (567.0, 525.1), (567.0, 531.0), (567.0, 531.9), (567.0, 531.3), (567.0, 531.0), (567.0, 531.9), (567.0, 531.3), (567.0, 531.0), (567.0, 531.9), (567.0, 531.3), (567.0, 531.0), (567.0, 531.9), (567.0, 531.3), (567.0, 531.0), (567.0, 531.9), (567.0, 531.3), (567.0, 531.0), (567.0, 531.9), (567.0, 531.3), (567.0, 531.0), (567.0, 531.9), (567.0, 531.3), (567.0, 531.0), (567.0, 531.9), (567.0, 531.3), (567.0, 531.0), (567.0, 531.9), (567.0, 531.3), (567.0, 531.0), (567.0, 531.9), (567.0, 531.3), (567.0, 531.0), (567.0, 531.9)]",0,6.88
experienced,meatboy,5,Stuck,4,0,81.51,0.467,"[(73.0, 525.0), (87.4, 523.3), (97.6, 472.2), (113.4, 442.2), (153.4, 437.5), (193.4, 451.7), (233.4, 484.7), (273.4, 531.0), (297.6, 477.6), (334.7, 443.0), (374.7, 433.6), (414.7, 443.1), (454.7, 471.4), (494.7, 518.5), (534.7, 531.0), (567.7, 523.6), (547.6, 472.5), (533.6, 440.3), (562.6, 427.0), (567.0, 432.5), (567.0, 456.8), (567.0, 495.6), (567.0, 531.0), (567.0, 531.9), (567.0, 531.3), (567.0, 531.0), (567.0, 531.9), (567.0, 531.3), (567.0, 531.0), (567.0, 531.9), (567.0, 531.3), (567.0, 531.0), (567.0, 531.9), (567.0, 531.3), (567.0, 531.0), (567.0, 531.9), (567.0, 531.3), (567.0, 531.0), (567.0, 531.9), (567.0, 531.3), (567.0, 531.0), (567.0, 531.9), (567.0, 531.3), (567.0, 531.0), (567.0, 531.9), (567.0, 531.3), (567.0, 531.0), (567.0, 531.9), (567.0, 531.3), (567.0, 531.0), (567.0, 531.9), (567.0, 531.3), (567.0, 531.0), (567.0, 531.9), (567.0, 531.3), (567.0, 531.0)]",0,7.35
experienced,meatboy,5,Saw,1,0,275.66,0.298,"[(73.0, 525.0), (87.4, 531.3), (127.4, 531.0), (167.4, 531.9), (207.4, 531.3), (247.4, 531.0), (287.4, 531.9), (327.4, 531.3)]",0,1.05
experienced,meatboy,5,Stuck,4,0,88.16,0.467,"[(73.0, 525.0), (87.4, 531.3), (127.4, 531.0), (167.4, 531.9), (207.4, 531.3), (245.3, 508.8), (275.9, 462.4), (315.9, 434.9), (355.9, 426.3), (395.9, 436.5), (435.9, 465.5), (475.9, 513.4), (515.2, 515.9), (545.1, 467.2), (567.0, 437.4), (567.0, 426.4), (567.0, 434.2), (567.0, 460.9), (567.0, 500.3), (567.0, 531.3), (567.0, 531.0), (567.0, 531.9), (567.0, 531.3), (567.0, 531.0), (567.0, 531.9), (567.0, 531.3), (567.0, 531.0), (567.0, 531.9), (567.0, 531.3), (567.0, 531.0), (567.0, 531.9), (567.0, 531.3), (567.0, 531.0), (567.0, 531.9), (567.0, 531.3), (567.0, 531.0), (567.0, 531.9), (567.0, 531.3), (567.0, 531.0), (567.0, 531.9), (567.0, 531.3), (567.0, 531.0), (567.0, 531.9), (567.0, 531.3), (567.0, 531.0), (567.0, 531.9), (567.0, 531.3), (567.0, 531.0), (567.0, 531.9), (567.0, 531.3), (567.0, 531.0), (567.0, 531.9)]",0,6.82
experienced,meatboy,5,Saw,1,0,275.66,0.298,"[(73.0, 525.0), (87.4, 531.3), (127.4, 531.0), (167.4, 531.9), (207.4, 531.3), (247.4, 531.0), (287.4, 531.9), (327.4, 531.3)]",0,1.05
experienced,meatboy,5,Stuck,4,0,88.11,0.467,"[(73.0, 525.0), (98.2, 531.3), (138.2, 531.0), (178.2, 531.9), (218.2, 531.3), (258.2, 531.0), (298.2, 531.9), (333.8, 501.9), (371.7, 475.2), (411.7, 477.5), (451.7, 498.8), (491.7, 531.3), (531.7, 531.0), (567.0, 531.9), (561.2, 490.6), (567.0, 488.2), (567.0, 504.7), (567.0, 531.3), (567.0, 531.0), (567.0, 531.9), (567.0, 531.3), (567.0, 531.0), (567.0, 531.9), (567.0, 531.3), (567.0, 531.0), (567.0, 531.9), (567.0, 531.3), (567.0, 531.0), (567.0, 531.9), (567.0, 531.3), (567.0, 531.0), (567.0, 531.9), (567.0, 531.3), (567.0, 531.0), (567.0, 531.9), (567.0, 531.3), (567.0, 531.0), (567.0, 531.9), (567.0, 531.3), (567.0, 531.0), (567.0, 531.9), (567.0, 531.3), (567.0, 531.0), (567.0, 531.9), (567.0, 531.3), (567.0, 531.0), (567.0, 531.9), (567.0, 531.3), (567.0, 531.0), (567.0, 531.9), (567.0, 531.3)]",0,6.78
experienced,meatboy,5,Saw,2,0,263.86,0.313,"[(73.0, 525.0), (87.4, 531.3), (127.4, 531.0), (167.4, 531.9), (203.1, 501.9), (230.8, 458.0), (270.8, 438.3), (310.8, 440.6), (350.8, 461.9)]",0,1.17
experienced,meatboy,5,Stuck,4,0,88.16,0.467,"[(73.0, 525.0), (87.4, 531.3), (127.4, 531.0), (167.4, 531.9), (207.4, 531.3), (245.3, 508.8), (275.9, 462.4), (315.9, 434.9), (355.9, 426.3), (395.9, 436.5), (435.9, 465.5), (475.9, 513.4), (515.2, 515.9), (545.1, 467.2), (567.0, 437.4), (567.0, 426.4), (567.0, 434.2), (567.0, 460.9), (567.0, 500.3), (567.0, 531.3), (567.0, 531.0), (567.0, 531.9), (567.0, 531.3), (567.0, 531.0), (567.0, 531.9), (567.0, 531.3), (567.0, 531.0), (567.0, 531.9), (567.0, 531.3), (567.0, 531.0), (567.0, 531.9), (567.0, 531.3), (567.0, 531.0), (567.0, 531.9), (567.0, 531.3), (567.0, 531.0), (567.0, 531.9), (567.0, 531.3), (567.0, 531.0), (567.0, 531.9), (567.0, 531.3), (567.0, 531.0), (567.0, 531.9), (567.0, 531.3), (567.0, 531.0), (567.0, 531.9), (567.0, 531.3), (567.0, 531.0), (567.0, 531.9), (567.0, 531.3), (567.0, 531.0), (567.0, 531.9)]",0,6.82
experienced,meatboy,5,Stuck,4,0,81.51,0.467,"[(73.0, 525.0), (87.4, 523.3), (97.6, 472.2), (113.4, 442.2), (153.4, 437.5), (193.4, 451.7), (233.4, 484.7), (273.4, 531.0), (297.6, 477.6), (334.7, 443.0), (374.7, 433.6), (414.7, 443.1), (454.7, 471.4), (494.7, 518.5), (534.7, 531.0), (567.7, 523.6), (547.6, 472.5), (533.6, 440.3), (562.6, 427.0), (567.0, 432.5), (567.0, 456.8), (567.0, 495.6), (567.0, 531.0), (567.0, 531.9), (567.0, 531.3), (567.0, 531.0), (567.0, 531.9), (567.0, 531.3), (567.0, 531.0), (567.0, 531.9), (567.0, 531.3), (567.0, 531.0), (567.0, 531.9), (567.0, 531.3), (567.0, 531.0), (567.0, 531.9), (567.0, 531.3), (567.0, 531.0), (567.0, 531.9), (567.0, 531.3), (567.0, 531.0), (567.0, 531.9), (567.0, 531.3), (567.0, 531.0), (567.0, 531.9), (567.0, 531.3), (567.0, 531.0), (567.0, 531.9), (567.0, 531.3), (567.0, 531.0), (567.0, 531.9), (567.0, 531.3), (567.0, 531.0), (567.0, 531.9), (567.0, 531.3), (567.0, 531.0)]",0,7.35
experienced,meatboy,5,Stuck,5,0,87.12,0.467,"[(73.0, 525.0), (84.8, 523.3), (86.6, 472.2), (113.1, 453.6), (153.1, 458.4), (193.1, 481.9), (233.1, 524.4), (263.7, 489.2), (301.5, 449.9), (341.5, 440.5), (381.5, 450.0), (421.5, 478.3), (461.5, 525.4), (500.8, 483.2), (540.8, 446.3), (567.0, 428.3), (567.0, 429.0), (567.0, 448.7), (567.0, 485.4), (567.0, 525.1), (567.0, 531.0), (567.0, 531.9), (567.0, 531.3), (567.0, 531.0), (567.0, 531.9), (567.0, 531.3), (567.0, 531.0), (567.0, 531.9), (567.0, 531.3), (567.0, 531.0), (567.0, 531.9), (567.0, 531.3), (567.0, 531.0), (567.0, 531.9), (567.0, 531.3), (567.0, 531.0), (567.0, 531.9), (567.0, 531.3), (567.0, 531.0), (567.0, 531.9), (567.0, 531.3), (567.0, 531.0), (567.0, 531.9), (567.0, 531.3), (567.0, 531.0), (567.0, 531.9), (567.0, 531.3), (567.0, 531.0), (567.0, 531.9), (567.0, 531.3), (567.0, 531.0), (567.0, 531.9)]",0,6.88
experienced,meatboy,5,Stuck,3,0,81.95,0.467,"[(73.0, 525.0), (87.4, 531.3), (127.4, 531.0), (167.4, 531.9), (207.4, 531.3), (247.4, 531.0), (286.7, 515.9), (310.8, 467.2), (350.8, 437.4), (390.8, 426.4), (430.8, 434.2), (470.8, 460.9), (510.8, 506.4), (550.8, 531.3), (564.8, 508.8), (531.8, 462.4), (507.0, 434.9), (527.6, 426.3), (567.6, 436.5), (567.7, 465.5), (567.7, 505.2), (567.7, 531.9), (567.7, 531.3), (567.7, 531.0), (567.7, 531.9), (567.7, 531.3), (567.7, 531.0), (567.7, 531.9), (567.7, 531.3), (567.7, 531.0), (567.7, 531.9), (567.7, 531.3), (567.7, 531.0), (567.7, 531.9), (567.7, 531.3), (567.7, 531.0), (567.7, 531.9), (567.7, 531.3), (567.7, 531.0), (567.7, 531.9), (567.7, 531.3), (567.7, 531.0), (567.7, 531.9), (567.7, 531.3), (567.7, 531.0), (567.7, 531.9), (567.7, 531.3), (567.7, 531.0), (567.7, 531.9), (567.7, 531.3), (567.7, 531.0), (567.7, 531.9), (567.7, 531.3), (567.7, 531.0), (567.7, 531.9), (567.7, 531.3)]",0,7.33
experienced,meatboy,5,Stuck,2,0,91.98,0.466,"[(73.0, 525.0), (87.4, 531.3), (127.4, 531.0), (167.4, 531.9), (207.4, 531.3), (247.4, 531.0), (281.7, 495.4), (320.9, 453.8), (360.9, 431.0), (400.9, 427.1), (440.9, 442.0), (480.9, 475.8), (520.9, 528.4), (560.9, 531.3), (567.0, 531.0), (567.0, 531.9), (567.0, 531.3), (567.0, 531.0), (567.0, 531.9), (567.0, 531.3), (567.0, 531.0), (567.0, 531.9), (567.0, 531.3), (567.0, 531.0), (567.0, 531.9), (567.0, 531.3), (567.0, 531.0), (567.0, 531.9), (567.0, 531.3), (567.0, 531.0), (567.0, 531.9), (567.0, 531.3), (567.0, 531.0), (567.0, 531.9), (567.0, 531.3), (567.0, 531.0), (567.0, 531.9), (567.0, 531.3), (567.0, 531.0), (567.0, 531.9), (567.0, 531.3), (567.0, 531.0), (567.0, 531.9), (567.0, 531.3), (567.0, 531.0), (567.0, 531.9), (567.0, 531.3), (567.0, 531.0), (567.0, 531.9)]",0,6.47
experienced,meatboy,5,Stuck,3,0,84.06,0.466,"[(73.0, 525.0), (98.2, 531.3), (138.2, 531.0), (178.2, 531.9), (218.2, 531.3), (258.2, 531.0), (298.2, 531.9), (331.7, 483.2), (371.7, 446.3), (411.7, 428.3), (451.7, 429.0), (491.7, 448.7), (531.7, 487.1), (567.0, 531.3), (552.6, 477.9), (532.8, 443.3), (558.3, 427.6), (567.0, 430.8), (567.0, 452.7), (567.0, 490.6), (567.0, 530.3), (567.0, 531.3), (567.0, 531.0), (567.0, 531.9), (567.0, 531.3), (567.0, 531.0), (567.0, 531.9), (567.0, 531.3), (567.0, 531.0), (567.0, 531.9), (567.0, 531.3), (567.0, 531.0), (567.0, 531.9), (567.0, 531.3), (567.0, 531.0), (567.0, 531.9), (567.0, 531.3), (567.0, 531.0), (567.0, 531.9), (567.0, 531.3), (567.0, 531.0), (567.0, 531.9), (567.0, 531.3), (567.0, 531.0), (567.0, 531.9), (567.0, 531.3), (567.0, 531.0), (567.0, 531.9), (567.0, 531.3), (567.0, 531.0), (567.0, 531.9), (567.0, 531.3), (567.0, 531.0), (567.0, 531.9)]",0,7.1
experienced,meatboy,5,Saw,1,0,252.4,0.295,"[(73.0, 525.0), (84.8, 531.3), (115.0, 531.0), (149.6, 531.9), (189.6, 531.3), (229.6, 531.0), (269.6, 531.9), (309.6, 531.3), (342.7, 531.0)]",0,1.13
experienced,meatboy,5,Saw,1,0,140.6,0.297,"[(73.0, 525.0), (82.1, 531.3), (90.8, 531.0), (100.4, 531.9), (108.9, 531.3), (122.4, 531.0), (142.2, 531.9), (165.6, 531.3), (189.8, 531.0), (217.6, 531.9), (243.6, 531.3), (273.1, 531.0), (295.6, 531.9), (316.2, 531.3), (337.8, 531.0), (354.9, 531.9)]",0,2.05
experienced,meatboy,5,Saw,1,0,275.66,0.298,"[(73.0, 525.0), (87.4, 531.3), (127.4, 531.0), (167.4, 531.9), (207.4, 531.3), (247.4, 531.0), (287.4, 531.9), (327.4, 531.3)]",0,1.05
experienced,meatboy,5,Saw,1,0,275.66,0.298,"[(73.0, 525.0), (87.4, 531.3), (127.4, 531.0), (167.4, 531.9), (207.4, 531.3), (247.4, 531.0), (287.4, 531.9), (327.4, 531.3)]",0,1.05
experienced,meatboy,5,Stuck,3,0,84.06,0.466,"[(73.0, 525.0), (98.2, 531.3), (138.2, 531.0), (178.2, 531.9), (218.2, 531.3), (258.2, 531.0), (298.2, 531.9), (331.7, 483.2), (371.7, 446.3), (411.7, 428.3), (451.7, 429.0), (491.7, 448.7), (531.7, 487.1), (567.0, 531.3), (552.6, 477.9), (532.8, 443.3), (558.3, 427.6), (567.0, 430.8), (567.0, 452.7), (567.0, 490.6), (567.0, 530.3), (567.0, 531.3), (567.0, 531.0), (567.0, 531.9), (567.0, 531.3), (567.0, 531.0), (567.0, 531.9), (567.0, 531.3), (567.0, 531.0), (567.0, 531.9), (567.0, 531.3), (567.0, 531.0), (567.0, 531.9), (567.0, 531.3), (567.0, 531.0), (567.0, 531.9), (567.0, 531.3), (567.0, 531.0), (567.0, 531.9), (567.0, 531.3), (567.0, 531.0), (567.0, 531.9), (567.0, 531.3), (567.0, 531.0), (567.0, 531.9), (567.0, 531.3), (567.0, 531.0), (567.0, 531.9), (567.0, 531.3), (567.0, 531.0), (567.0, 531.9), (567.0, 531.3), (567.0, 531.0), (567.0, 531.9)]",0,7.1
experienced,meatboy,5,Stuck,3,0,81.95,0.467,"[(73.0, 525.0), (87.4, 531.3), (127.4, 531.0), (167.4, 531.9), (207.4, 531.3), (247.4, 531.0), (286.7, 515.9), (310.8, 467.2), (350.8, 437.4), (390.8, 426.4), (430.8, 434.2), (470.8, 460.9), (510.8, 506.4), (550.8, 531.3), (564.8, 508.8), (531.8, 462.4), (507.0, 434.9), (527.6, 426.3), (567.6, 436.5), (567.7, 465.5), (567.7, 505.2), (567.7, 531.9), (567.7, 531.3), (567.7, 531.0), (567.7, 531.9), (567.7, 531.3), (567.7, 531.0), (567.7, 531.9), (567.7, 531.3), (567.7, 531.0), (567.7, 531.9), (567.7, 531.3), (567.7, 531.0), (567.7, 531.9), (567.7, 531.3), (567.7, 531.0), (567.7, 531.9), (567.7, 531.3), (567.7, 531.0), (567.7, 531.9), (567.7, 531.3), (567.7, 531.0), (567.7, 531.9), (567.7, 531.3), (567.7, 531.0), (567.7, 531.9), (567.7, 531.3), (567.7, 531.0), (567.7, 531.9), (567.7, 531.3), (567.7, 531.0), (567.7, 531.9), (567.7, 531.3), (567.7, 531.0), (567.7, 531.9), (567.7, 531.3)]",0,7.33
experienced,meatboy,5,Stuck,5,0,87.12,0.467,"[(73.0, 525.0), (84.8, 523.3), (86.6, 472.2), (113.1, 453.6), (153.1, 458.4), (193.1, 481.9), (233.1, 524.4), (263.7, 489.2), (301.5, 449.9), (341.5, 440.5), (381.5, 450.0), (421.5, 478.3), (461.5, 525.4), (500.8, 483.2), (540.8, 446.3), (567.0, 428.3), (567.0, 429.0), (567.0, 448.7), (567.0, 485.4), (567.0, 525.1), (567.0, 531.0), (567.0, 531.9), (567.0, 531.3), (567.0, 531.0), (567.0, 531.9), (567.0, 531.3), (567.0, 531.0), (567.0, 531.9), (567.0, 531.3), (567.0, 531.0), (567.0, 531.9), (567.0, 531.3), (567.0, 531.0), (567.0, 531.9), (567.0, 531.3), (567.0, 531.0), (567.0, 531.9), (567.0, 531.3), (567.0, 531.0), (567.0, 531.9), (567.0, 531.3), (567.0, 531.0), (567.0, 531.9), (567.0, 531.3), (567.0, 531.0), (567.0, 531.9), (567.0, 531.3), (567.0, 531.0), (567.0, 531.9), (567.0, 531.3), (567.0, 531.0), (567.0, 531.9)]",0,6.88
experienced,meatboy,5,Stuck,4,0,81.51,0.467,"[(73.0, 525.0), (87.4, 523.3), (97.6, 472.2), (113.4, 442.2), (153.4, 437.5), (193.4, 451.7), (233.4, 484.7), (273.4, 531.0), (297.6, 477.6), (334.7, 443.0), (374.7, 433.6), (414.7, 443.1), (454.7, 471.4), (494.7, 518.5), (534.7, 531.0), (567.7, 523.6), (547.6, 472.5), (533.6, 440.3), (562.6, 427.0), (567.0, 432.5), (567.0, 456.8), (567.0, 495.6), (567.0, 531.0), (567.0, 531.9), (567.0, 531.3), (567.0, 531.0), (567.0, 531.9), (567.0, 531.3), (567.0, 531.0), (567.0, 531.9), (567.0, 531.3), (567.0, 531.0), (567.0, 531.9), (567.0, 531.3), (567.0, 531.0), (567.0, 531.9), (567.0, 531.3), (567.0, 531.0), (567.0, 531.9), (567.0, 531.3), (567.0, 531.0), (567.0, 531.9), (567.0, 531.3), (567.0, 531.0), (567.0, 531.9), (567.0, 531.3), (567.0, 531.0), (567.0, 531.9), (567.0, 531.3), (567.0, 531.0), (567.0, 531.9), (567.0, 531.3), (567.0, 531.0), (567.0, 531.9), (567.0, 531.3), (567.0, 531.0)]",0,7.35
experienced,meatboy,5,Saw,2,0,251.24,0.318,"[(73.0, 525.0), (87.4, 531.3), (127.4, 531.0), (167.4, 531.9), (207.4, 531.3), (236.6, 489.2), (252.1, 449.9), (292.1, 437.1), (332.1, 444.2), (372.1, 470.1)]",0,1.25
experienced,meatboy,5,Saw,9,0,150.64,0.844,"[(73.0, 525.0), (87.4, 523.3), (97.6, 472.2), (106.2, 440.1), (144.2, 430.7), (184.2, 440.1), (224.2, 468.4), (264.2, 515.5), (296.9, 495.4), (327.6, 453.8), (367.6, 433.0), (407.6, 433.0), (447.6, 451.9), (487.6, 489.6), (527.6, 531.3), (567.6, 531.0), (556.9, 483.5), (524.8, 446.6), (533.9, 428.6), (556.7, 418.8), (478.3, 354.5), (439.0, 308.9), (445.9, 282.2), (484.8, 274.4), (524.8, 285.4), (564.8, 315.2), (604.8, 363.9), (644.1, 387.9), (668.2, 339.2), (708.2, 310.9), (748.2, 306.2), (788.2, 320.4), (828.2, 353.4), (868.2, 403.0), (908.2, 403.9), (948.2, 403.3), (940.9, 356.1), (908.8, 319.2), (917.9, 301.2), (940.7, 291.4), (862.3, 227.0), (823.0, 181.5), (829.9, 154.8), (868.8, 147.0), (908.8, 158.0), (948.8, 187.8), (988.8, 236.5), (1026.7, 252.8)]",0,6.27
experienced,meatboy,5,Saw,1,0,153.45,0.296,"[(73.0, 525.0), (84.8, 531.3), (94.3, 531.0), (101.7, 531.9), (110.4, 531.3), (120.4, 531.0), (136.7, 531.9), (159.1, 531.3), (182.4, 531.0), (209.3, 531.9), (241.7, 531.3), (274.3, 531.0), (304.8, 531.9), (330.3, 531.3), (359.4, 531.0)]",0,1.87
experienced,meatboy,5,Saw,1,0,131.6,0.296,"[(73.0, 525.0), (75.9, 531.3), (82.8, 531.0), (91.9, 531.9), (103.7, 531.3), (116.3, 531.0), (132.6, 531.9), (152.3, 531.3), (175.7, 531.0), (197.2, 531.9), (222.3, 531.3), (248.3, 531.0), (275.2, 531.9), (297.7, 531.3), (318.3, 531.0), (337.2, 531.9), (354.3, 531.3)]",0,2.18
experienced,meatboy,5,Pit,2,0,-176.37,0.0,"[(73.0, 525.0), (72.0, 523.3), (40.1, 472.2), (0.1, 440.1), (-39.9, 426.7), (-79.9, 432.2), (-119.9, 456.5), (-159.9, 499.7), (-195.6, 561.7), (-192.3, 642.6)]",0,1.32
experienced,meatboy,5,Saw,2,0,274.53,0.312,"[(73.0, 525.0), (87.4, 531.3), (127.4, 531.0), (164.6, 502.2), (204.6, 458.3), (244.6, 433.1), (284.6, 426.8), (324.6, 439.4), (364.6, 470.8)]",0,1.12
experienced,meatboy,5,Saw,9,0,150.64,0.844,"[(73.0, 525.0), (87.4, 523.3), (97.6, 472.2), (106.2, 440.1), (144.2, 430.7), (184.2, 440.1), (224.2, 468.4), (264.2, 515.5), (296.9, 495.4), (327.6, 453.8), (367.6, 433.0), (407.6, 433.0), (447.6, 451.9), (487.6, 489.6), (527.6, 531.3), (567.6, 531.0), (556.9, 483.5), (524.8, 446.6), (533.9, 428.6), (556.7, 418.8), (478.3, 354.5), (439.0, 308.9), (445.9, 282.2), (484.8, 274.4), (524.8, 285.4), (564.8, 315.2), (604.8, 363.9), (644.1, 387.9), (668.2, 339.2), (708.2, 310.9), (748.2, 306.2), (788.2, 320.4), (828.2, 353.4), (868.2, 403.0), (908.2, 403.9), (948.2, 403.3), (940.9, 356.1), (908.8, 319.2), (917.9, 301.2), (940.7, 291.4), (862.3, 227.0), (823.0, 181.5), (829.9, 154.8), (868.8, 147.0), (908.8, 158.0), (948.8, 187.8), (988.8, 236.5), (1026.7, 252.8)]",0,6.27
experienced,meatboy,5,Stuck,4,0,81.51,0.467,"[(73.0, 525.0), (87.4, 523.3), (97.6, 472.2), (113.4, 442.2), (153.4, 437.5), (193.4, 451.7), (233.4, 484.7), (273.4, 531.0), (297.6, 477.6), (334.7, 443.0), (374.7, 433.6), (414.7, 443.1), (454.7, 471.4), (494.7, 518.5), (534.7, 531.0), (567.7, 523.6), (547.6, 472.5), (533.6, 440.3), (562.6, 427.0), (567.0, 432.5), (567.0, 456.8), (567.0, 495.6), (567.0, 531.0), (567.0, 531.9), (567.0, 531.3), (567.0, 531.0), (567.0, 531.9), (567.0, 531.3), (567.0, 531.0), (567.0, 531.9), (567.0, 531.3), (567.0, 531.0), (567.0, 531.9), (567.0, 531.3), (567.0, 531.0), (567.0, 531.9), (567.0, 531.3), (567.0, 531.0), (567.0, 531.9), (567.0, 531.3), (567.0, 531.0), (567.0, 531.9), (567.0, 531.3), (567.0, 531.0), (567.0, 531.9), (567.0, 531.3), (567.0, 531.0), (567.0, 531.9), (567.0, 531.3), (567.0, 531.0), (567.0, 531.9), (567.0, 531.3), (567.0, 531.0), (567.0, 531.9), (567.0, 531.3), (567.0, 531.0)]",0,7.35
experienced,meatboy,5,Stuck,5,0,87.12,0.467,"[(73.0, 525.0), (84.8, 523.3), (86.6, 472.2), (113.1, 453.6), (153.1, 458.4), (193.1, 481.9), (233.1, 524.4), (263.7, 489.2), (301.5, 449.9), (341.5, 440.5), (381.5, 450.0), (421.5, 478.3), (461.5, 525.4), (500.8, 483.2), (540.8, 446.3), (567.0, 428.3), (567.0, 429.0), (567.0, 448.7), (567.0, 485.4), (567.0, 525.1), (567.0, 531.0), (567.0, 531.9), (567.0, 531.3), (567.0, 531.0), (567.0, 531.9), (567.0, 531.3), (567.0, 531.0), (567.0, 531.9), (567.0, 531.3), (567.0, 531.0), (567.0, 531.9), (567.0, 531.3), (567.0, 531.0), (567.0, 531.9), (567.0, 531.3), (567.0, 531.0), (567.0, 531.9), (567.0, 531.3), (567.0, 531.0), (567.0, 531.9), (567.0, 531.3), (567.0, 531.0), (567.0, 531.9), (567.0, 531.3), (567.0, 531.0), (567.0, 531.9), (567.0, 531.3), (567.0, 531.0), (567.0, 531.9), (567.0, 531.3), (567.0, 531.0), (567.0, 531.9)]",0,6.88
experienced,meatboy,5,Stuck,3,0,81.95,0.467,"[(73.0, 525.0), (87.4, 531.3), (127.4, 531.0), (167.4, 531.9), (207.4, 531.3), (247.4, 531.0), (286.7, 515.9), (310.8, 467.2), (350.8, 437.4), (390.8, 426.4), (430.8, 434.2), (470.8, 460.9), (510.8, 506.4), (550.8, 531.3), (564.8, 508.8), (531.8, 462.4), (507.0, 434.9), (527.6, 426.3), (567.6, 436.5), (567.7, 465.5), (567.7, 505.2), (567.7, 531.9), (567.7, 531.3), (567.7, 531.0), (567.7, 531.9), (567.7, 531.3), (567.7, 531.0), (567.7, 531.9), (567.7, 531.3), (567.7, 531.0), (567.7, 531.9), (567.7, 531.3), (567.7, 531.0), (567.7, 531.9), (567.7, 531.3), (567.7, 531.0), (567.7, 531.9), (567.7, 531.3), (567.7, 531.0), (567.7, 531.9), (567.7, 531.3), (567.7, 531.0), (567.7, 531.9), (567.7, 531.3), (567.7, 531.0), (567.7, 531.9), (567.7, 531.3), (567.7, 531.0), (567.7, 531.9), (567.7, 531.3), (567.7, 531.0), (567.7, 531.9), (567.7, 531.3), (567.7, 531.0), (567.7, 531.9), (567.7, 531.3)]",0,7.33
experienced,meatboy,5,Stuck,4,0,81.89,0.466,"[(73.0, 525.0), (87.4, 523.3), (99.0, 472.2), (124.2, 444.2), (164.2, 441.9), (204.2, 458.4), (244.2, 493.7), (283.4, 515.9), (312.6, 467.2), (352.6, 437.8), (392.6, 430.8), (432.6, 442.6), (472.6, 473.2), (512.6, 522.7), (552.6, 531.0), (565.6, 502.2), (536.9, 458.3), (540.2, 433.1), (567.0, 426.8), (567.0, 439.4), (567.0, 470.8), (567.0, 510.5), (567.0, 531.0), (567.0, 531.9), (567.0, 531.3), (567.0, 531.0), (567.0, 531.9), (567.0, 531.3), (567.0, 531.0), (567.0, 531.9), (567.0, 531.3), (567.0, 531.0), (567.0, 531.9), (567.0, 531.3), (567.0, 531.0), (567.0, 531.9), (567.0, 531.3), (567.0, 531.0), (567.0, 531.9), (567.0, 531.3), (567.0, 531.0), (567.0, 531.9), (567.0, 531.3), (567.0, 531.0), (567.0, 531.9), (567.0, 531.3), (567.0, 531.0), (567.0, 531.9), (567.0, 531.3), (567.0, 531.0), (567.0, 531.9), (567.0, 531.3), (567.0, 531.0), (567.0, 531.9), (567.0, 531.3)]",0,7.3
experienced,meatboy,5,Saw,1,0,198.51,0.297,"[(73.0, 525.0), (84.8, 531.3), (105.4, 531.0), (132.3, 531.9), (165.7, 531.3), (198.3, 531.0), (234.7, 531.9), (267.3, 531.3), (298.2, 531.0), (322.0, 531.9), (344.0, 531.3)]",0,1.45
experienced,meatboy,5,Pit,2,0,-110.08,0.0,"[(73.0, 525.0), (84.8, 531.3), (81.0, 484.1), (43.7, 447.2), (3.7, 429.2), (-36.3, 429.9), (-76.3, 449.6), (-116.3, 488.0), (-141.2, 545.3), (-120.6, 621.5), (-80.6, 716.5)]",0,1.35
experienced,meatboy,5,Saw,5,0,189.17,0.851,"[(73.0, 525.0), (87.4, 531.3), (127.4, 531.0), (167.4, 531.9), (207.4, 531.3), (247.4, 531.0), (287.4, 531.9), (327.4, 531.3), (358.1, 489.2), (395.9, 449.9), (435.9, 429.5), (475.9, 427.9), (515.9, 445.2), (555.9, 481.3), (526.4, 468.9), (458.9, 411.6), (436.9, 373.2), (460.6, 353.5), (500.6, 352.8), (540.6, 370.8), (580.6, 403.0), (620.6, 403.9), (660.6, 403.3), (700.6, 403.0), (739.8, 387.9), (769.0, 339.2), (809.0, 309.4), (849.0, 298.4), (889.0, 306.2), (929.0, 332.9), (931.1, 345.6), (855.6, 283.6), (822.1, 240.4), (834.7, 216.1), (874.6, 210.6), (914.6, 224.0), (954.6, 256.2), (994.6, 275.3), (1034.6, 275.0)]",0,5.07
experienced,meatboy,5,Stuck,11,0,96.32,0.782,"[(73.0, 525.0), (98.2, 523.3), (135.3, 472.2), (175.3, 462.9), (215.3, 472.3), (255.3, 500.6), (294.6, 515.9), (328.8, 467.2), (368.8, 437.4), (408.8, 426.4), (448.8, 434.2), (488.8, 460.9), (528.8, 506.4), (564.4, 501.9), (564.8, 458.0), (553.7, 439.3), (451.3, 375.0), (388.0, 329.4), (370.9, 302.7), (398.4, 294.9), (438.4, 305.9), (478.4, 335.7), (518.4, 384.4), (558.4, 452.0), (505.0, 420.0), (448.3, 367.4), (437.9, 333.6), (469.8, 318.7), (509.8, 322.6), (549.8, 345.4), (589.8, 387.0), (626.9, 367.4), (666.9, 325.8), (706.9, 303.0), (746.9, 299.1), (786.9, 314.0), (826.9, 347.8), (866.9, 400.4), (906.9, 355.2), (946.9, 318.3), (951.0, 301.3), (951.0, 303.6), (951.0, 324.9), (951.0, 362.4), (951.0, 402.1), (951.0, 403.3), (951.0, 403.0), (951.0, 403.9), (951.0, 403.3), (951.0, 403.0), (951.0, 403.9), (951.0, 403.3), (951.0, 403.0), (951.0, 403.9), (951.0, 403.3), (951.0, 403.0), (951.0, 403.9), (951.0, 403.3), (951.0, 403.0), (951.0, 403.9), (951.0, 403.3), (951.0, 403.0), (951.0, 403.9), (951.0, 403.3), (951.0, 403.0), (951.0, 403.9), (951.0, 403.3), (951.0, 403.0), (951.0, 403.9), (951.0, 403.3), (951.0, 403.0), (951.0, 403.9), (951.0, 403.3), (951.0, 403.0), (951.0, 403.9), (951.0, 403.3), (951.0, 403.0)]",0,10.2
experienced,meatboy,5,Saw,2,0,244.23,0.321,"[(73.0, 525.0), (87.4, 531.3), (127.4, 531.0), (167.4, 531.9), (207.4, 523.3), (222.9, 472.2), (241.2, 440.1), (280.5, 426.7), (320.5, 432.2), (360.5, 456.5)]",0,1.3
experienced,meatboy,5,Saw,5,0,189.17,0.851,"[(73.0, 525.0), (87.4, 531.3), (127.4, 531.0), (167.4, 531.9), (207.4, 531.3), (247.4, 531.0), (287.4, 531.9), (327.4, 531.3), (358.1, 489.2), (395.9, 449.9), (435.9, 429.5), (475.9, 427.9), (515.9, 445.2), (555.9, 481.3), (526.4, 468.9), (458.9, 411.6), (436.9, 373.2), (460.6, 353.5), (500.6, 352.8), (540.6, 370.8), (580.6, 403.0), (620.6, 403.9), (660.6, 403.3), (700.6, 403.0), (739.8, 387.9), (769.0, 339.2), (809.0, 309.4), (849.0, 298.4), (889.0, 306.2), (929.0, 332.9), (931.1, 345.6), (855.6, 283.6), (822.1, 240.4), (834.7, 216.1), (874.6, 210.6), (914.6, 224.0), (954.6, 256.2), (994.6, 275.3), (1034.6, 275.0)]",0,5.07
experienced,meatboy,5,Saw,9,0,150.64,0.844,"[(73.0, 525.0), (87.4, 523.3), (97.6, 472.2), (106.2, 440.1), (144.2, 430.7), (184.2, 440.1), (224.2, 468.4), (264.2, 515.5), (296.9, 495.4), (327.6, 453.8), (367.6, 433.0), (407.6, 433.0), (447.6, 451.9), (487.6, 489.6), (527.6, 531.3), (567.6, 531.0), (556.9, 483.5), (524.8, 446.6), (533.9, 428.6), (556.7, 418.8), (478.3, 354.5), (439.0, 308.9), (445.9, 282.2), (484.8, 274.4), (524.8, 285.4), (564.8, 315.2), (604.8, 363.9), (644.1, 387.9), (668.2, 339.2), (708.2, 310.9), (748.2, 306.2), (788.2, 320.4), (828.2, 353.4), (868.2, 403.0), (908.2, 403.9), (948.2, 403.3), (940.9, 356.1), (908.8, 319.2), (917.9, 301.2), (940.7, 291.4), (862.3, 227.0), (823.0, 181.5), (829.9, 154.8), (868.8, 147.0), (908.8, 158.0), (948.8, 187.8), (988.8, 236.5), (1026.7, 252.8)]",0,6.27
experienced,meatboy,5,Stuck,11,0,96.32,0.782,"[(73.0, 525.0), (98.2, 523.3), (135.3, 472.2), (175.3, 462.9), (215.3, 472.3), (255.3, 500.6), (294.6, 515.9), (328.8, 467.2), (368.8, 437.4), (408.8, 426.4), (448.8, 434.2), (488.8, 460.9), (528.8, 506.4), (564.4, 501.9), (564.8, 458.0), (553.7, 439.3), (451.3, 375.0), (388.0, 329.4), (370.9, 302.7), (398.4, 294.9), (438.4, 305.9), (478.4, 335.7), (518.4, 384.4), (558.4, 452.0), (505.0, 420.0), (448.3, 367.4), (437.9, 333.6), (469.8, 318.7), (509.8, 322.6), (549.8, 345.4), (589.8, 387.0), (626.9, 367.4), (666.9, 325.8), (706.9, 303.0), (746.9, 299.1), (786.9, 314.0), (826.9, 347.8), (866.9, 400.4), (906.9, 355.2), (946.9, 318.3), (951.0, 301.3), (951.0, 303.6), (951.0, 324.9), (951.0, 362.4), (951.0, 402.1), (951.0, 403.3), (951.0, 403.0), (951.0, 403.9), (951.0, 403.3), (951.0, 403.0), (951.0, 403.9), (951.0, 403.3), (951.0, 403.0), (951.0, 403.9), (951.0, 403.3), (951.0, 403.0), (951.0, 403.9), (951.0, 403.3), (951.0, 403.0), (951.0, 403.9), (951.0, 403.3), (951.0, 403.0), (951.0, 403.9), (951.0, 403.3), (951.0, 403.0), (951.0, 403.9), (951.0, 403.3), (951.0, 403.0), (951.0, 403.9), (951.0, 403.3), (951.0, 403.0), (951.0, 403.9), (951.0, 403.3), (951.0, 403.0), (951.0, 403.9), (951.0, 403.3), (951.0, 403.0)]",0,10.2
experienced,meatboy,5,Stuck,4,0,81.89,0.466,"[(73.0, 525.0), (87.4, 523.3), (99.0, 472.2), (124.2, 444.2), (164.2, 441.9), (204.2, 458.4), (244.2, 493.7), (283.4, 515.9), (312.6, 467.2), (352.6, 437.8), (392.6, 430.8), (432.6, 442.6), (472.6, 473.2), (512.6, 522.7), (552.6, 531.0), (565.6, 502.2), (536.9, 458.3), (540.2, 433.1), (567.0, 426.8), (567.0, 439.4), (567.0, 470.8), (567.0, 510.5), (567.0, 531.0), (567.0, 531.9), (567.0, 531.3), (567.0, 531.0), (567.0, 531.9), (567.0, 531.3), (567.0, 531.0), (567.0, 531.9), (567.0, 531.3), (567.0, 531.0), (567.0, 531.9), (567.0, 531.3), (567.0, 531.0), (567.0, 531.9), (567.0, 531.3), (567.0, 531.0), (567.0, 531.9), (567.0, 531.3), (567.0, 531.0), (567.0, 531.9), (567.0, 531.3), (567.0, 531.0), (567.0, 531.9), (567.0, 531.3), (567.0, 531.0), (567.0, 531.9), (567.0, 531.3), (567.0, 531.0), (567.0, 531.9), (567.0, 531.3), (567.0, 531.0), (567.0, 531.9), (567.0, 531.3)]",0,7.3
experienced,meatboy,5,Saw,2,0,230.22,0.3,"[(73.0, 525.0), (87.4, 531.3), (127.4, 531.0), (167.4, 531.9), (203.1, 501.9), (208.4, 458.0), (226.8, 433.2), (264.6, 428.5), (304.6, 442.7), (344.6, 475.7)]",0,1.27
experienced,meatboy,5,Saw,1,0,272.65,0.295,"[(73.0, 525.0), (87.4, 531.3), (127.4, 531.0), (167.4, 531.9), (207.4, 531.3), (247.4, 531.0), (287.4, 531.9), (327.4, 531.3)]",0,1.05
experienced,meatboy,5,Stuck,7,0,89.1,0.466,"[(73.0, 525.0), (98.2, 523.3), (135.3, 488.4), (175.3, 488.4), (215.3, 507.3), (254.6, 515.9), (288.8, 467.2), (328.8, 440.6), (368.8, 438.3), (408.8, 454.8), (448.8, 490.1), (488.8, 523.3), (528.8, 472.2), (567.0, 440.1), (567.0, 428.1), (567.0, 435.2), (567.0, 461.1), (567.0, 500.3), (567.0, 531.3), (567.0, 531.0), (567.0, 531.9), (567.0, 531.3), (567.0, 531.0), (567.0, 531.9), (567.0, 531.3), (567.0, 531.0), (567.0, 531.9), (567.0, 531.3), (567.0, 531.0), (567.0, 531.9), (567.0, 531.3), (567.0, 531.0), (567.0, 531.9), (567.0, 531.3), (567.0, 531.0), (567.0, 531.9), (567.0, 531.3), (567.0, 531.0), (567.0, 531.9), (567.0, 531.3), (567.0, 531.0), (567.0, 531.9), (567.0, 531.3), (567.0, 531.0), (567.0, 531.9), (567.0, 531.3), (567.0, 531.0), (567.0, 531.9), (567.0, 531.3), (567.0, 531.0), (567.0, 531.9)]",0,6.7
experienced,meatboy,5,Stuck,2,0,88.07,0.467,"[(73.0, 525.0), (84.8, 531.3), (100.1, 531.0), (129.4, 531.9), (169.4, 531.3), (209.4, 531.0), (249.4, 531.9), (285.1, 501.9), (317.9, 458.0), (357.9, 444.5), (397.9, 451.6), (437.9, 477.6), (477.9, 522.3), (517.9, 531.0), (557.9, 531.9), (567.7, 531.3), (567.7, 531.0), (567.7, 531.9), (567.7, 531.3), (567.7, 531.0), (567.7, 531.9), (567.7, 531.3), (567.7, 531.0), (567.7, 531.9), (567.7, 531.3), (567.7, 531.0), (567.7, 531.9), (567.7, 531.3), (567.7, 531.0), (567.7, 531.9), (567.7, 531.3), (567.7, 531.0), (567.7, 531.9), (567.7, 531.3), (567.7, 531.0), (567.7, 531.9), (567.7, 531.3), (567.7, 531.0), (567.7, 531.9), (567.7, 531.3), (567.7, 531.0), (567.7, 531.9), (567.7, 531.3), (567.7, 531.0), (567.7, 531.9), (567.7, 531.3), (567.7, 531.0), (567.7, 531.9), (567.7, 531.3), (567.7, 531.0), (567.7, 531.9), (567.7, 531.3)]",0,6.83
experienced,meatboy,5,Stuck,9,0,78.17,0.466,"[(73.0, 525.0), (87.4, 523.3), (101.9, 472.2), (134.9, 442.2), (174.9, 437.5), (214.9, 451.7), (254.9, 484.7), (294.9, 531.0), (323.3, 477.6), (363.3, 443.0), (403.3, 427.3), (443.3, 430.5), (483.3, 452.4), (523.3, 493.3), (563.3, 531.9), (556.2, 489.5), (553.3, 450.2), (567.0, 429.8), (567.0, 428.2), (567.0, 445.5), (567.0, 480.7), (567.0, 520.4), (565.6, 502.2), (558.3, 458.3), (567.7, 433.1), (567.7, 426.8), (567.7, 439.4), (567.7, 470.8), (567.7, 510.5), (566.3, 516.2), (548.9, 467.5), (567.0, 437.6), (567.0, 426.6), (567.0, 434.5), (567.0, 461.2), (567.0, 500.6), (567.0, 531.3), (556.9, 477.9), (567.0, 443.3), (567.7, 427.6), (567.7, 430.8), (567.7, 452.7), (567.7, 490.6), (567.7, 530.3), (556.2, 489.5), (553.3, 450.2), (567.0, 429.8), (567.0, 428.2), (567.0, 445.5), (567.0, 480.7), (567.0, 520.4), (565.6, 502.2), (558.3, 458.3), (567.7, 433.1)]",0,7.15
experienced,meatboy,5,Saw,14,0,135.09,0.85,"[(73.0, 525.0), (80.2, 531.3), (118.2, 531.0), (158.2, 531.9), (198.2, 531.3), (238.2, 531.0), (278.2, 531.9), (303.0, 483.2), (304.0, 446.3), (325.2, 428.3), (358.0, 429.0), (398.0, 448.7), (438.0, 487.1), (478.0, 531.3), (518.0, 531.0), (558.0, 531.9), (567.0, 531.3), (560.5, 489.2), (522.6, 449.9), (497.7, 429.5), (518.3, 427.9), (558.3, 445.2), (505.0, 400.6), (448.3, 348.0), (437.9, 314.3), (469.8, 299.4), (509.8, 303.3), (549.8, 326.1), (589.8, 367.7), (629.8, 403.9), (669.8, 395.3), (683.8, 344.2), (689.2, 312.1), (713.3, 298.7), (749.7, 304.2), (789.7, 328.5), (829.7, 371.7), (869.7, 403.0), (909.7, 403.9), (949.7, 403.3), (951.0, 380.8), (921.6, 334.4), (885.9, 306.9), (889.2, 298.3), (927.3, 308.5), (920.0, 297.2), (848.2, 237.5), (820.4, 196.7), (838.8, 174.7), (878.8, 171.6), (918.8, 187.3), (958.8, 221.9), (998.8, 275.3)]",0,7.05
experienced,meatboy,5,Saw,14,0,135.09,0.85,"[(73.0, 525.0), (80.2, 531.3), (118.2, 531.0), (158.2, 531.9), (198.2, 531.3), (238.2, 531.0), (278.2, 531.9), (303.0, 483.2), (304.0, 446.3), (325.2, 428.3), (358.0, 429.0), (398.0, 448.7), (438.0, 487.1), (478.0, 531.3), (518.0, 531.0), (558.0, 531.9), (567.0, 531.3), (560.5, 489.2), (522.6, 449.9), (497.7, 429.5), (518.3, 427.9), (558.3, 445.2), (505.0, 400.6), (448.3, 348.0), (437.9, 314.3), (469.8, 299.4), (509.8, 303.3), (549.8, 326.1), (589.8, 367.7), (629.8, 403.9), (669.8, 395.3), (683.8, 344.2), (689.2, 312.1), (713.3, 298.7), (749.7, 304.2), (789.7, 328.5), (829.7, 371.7), (869.7, 403.0), (909.7, 403.9), (949.7, 403.3), (951.0, 380.8), (921.6, 334.4), (885.9, 306.9), (889.2, 298.3), (927.3, 308.5), (920.0, 297.2), (848.2, 237.5), (820.4, 196.7), (838.8, 174.7), (878.8, 171.6), (918.8, 187.3), (958.8, 221.9), (998.8, 275.3)]",0,7.05
experienced,meatboy,5,Saw,5,0,189.17,0.851,"[(73.0, 525.0), (87.4, 531.3), (127.4, 531.0), (167.4, 531.9), (207.4, 531.3), (247.4, 531.0), (287.4, 531.9), (327.4, 531.3), (358.1, 489.2), (395.9, 449.9), (435.9, 429.5), (475.9, 427.9), (515.9, 445.2), (555.9, 481.3), (526.4, 468.9), (458.9, 411.6), (436.9, 373.2), (460.6, 353.5), (500.6, 352.8), (540.6, 370.8), (580.6, 403.0), (620.6, 403.9), (660.6, 403.3), (700.6, 403.0), (739.8, 387.9), (769.0, 339.2), (809.0, 309.4), (849.0, 298.4), (889.0, 306.2), (929.0, 332.9), (931.1, 345.6), (855.6, 283.6), (822.1, 240.4), (834.7, 216.1), (874.6, 210.6), (914.6, 224.0), (954.6, 256.2), (994.6, 275.3), (1034.6, 275.0)]",0,5.07
experienced,meatboy,5,Saw,9,0,150.64,0.844,"[(73.0, 525.0), (87.4, 523.3), (97.6, 472.2), (106.2, 440.1), (144.2, 430.7), (184.2, 440.1), (224.2, 468.4), (264.2, 515.5), (296.9, 495.4), (327.6, 453.8), (367.6, 433.0), (407.6, 433.0), (447.6, 451.9), (487.6, 489.6), (527.6, 531.3), (567.6, 531.0), (556.9, 483.5), (524.8, 446.6), (533.9, 428.6), (556.7, 418.8), (478.3, 354.5), (439.0, 308.9), (445.9, 282.2), (484.8, 274.4), (524.8, 285.4), (564.8, 315.2), (604.8, 363.9), (644.1, 387.9), (668.2, 339.2), (708.2, 310.9), (748.2, 306.2), (788.2, 320.4), (828.2, 353.4), (868.2, 403.0), (908.2, 403.9), (948.2, 403.3), (940.9, 356.1), (908.8, 319.2), (917.9, 301.2), (940.7, 291.4), (862.3, 227.0), (823.0, 181.5), (829.9, 154.8), (868.8, 147.0), (908.8, 158.0), (948.8, 187.8), (988.8, 236.5), (1026.7, 252.8)]",0,6.27
experienced,meatboy,5,Stuck,11,0,96.32,0.782,"[(73.0, 525.0), (98.2, 523.3), (135.3, 472.2), (175.3, 462.9), (215.3, 472.3), (255.3, 500.6), (294.6, 515.9), (328.8, 467.2), (368.8, 437.4), (408.8, 426.4), (448.8, 434.2), (488.8, 460.9), (528.8, 506.4), (564.4, 501.9), (564.8, 458.0), (553.7, 439.3), (451.3, 375.0), (388.0, 329.4), (370.9, 302.7), (398.4, 294.9), (438.4, 305.9), (478.4, 335.7), (518.4, 384.4), (558.4, 452.0), (505.0, 420.0), (448.3, 367.4), (437.9, 333.6), (469.8, 318.7), (509.8, 322.6), (549.8, 345.4), (589.8, 387.0), (626.9, 367.4), (666.9, 325.8), (706.9, 303.0), (746.9, 299.1), (786.9, 314.0), (826.9, 347.8), (866.9, 400.4), (906.9, 355.2), (946.9, 318.3), (951.0, 301.3), (951.0, 303.6), (951.0, 324.9), (951.0, 362.4), (951.0, 402.1), (951.0, 403.3), (951.0, 403.0), (951.0, 403.9), (951.0, 403.3), (951.0, 403.0), (951.0, 403.9), (951.0, 403.3), (951.0, 403.0), (951.0, 403.9), (951.0, 403.3), (951.0, 403.0), (951.0, 403.9), (951.0, 403.3), (951.0, 403.0), (951.0, 403.9), (951.0, 403.3), (951.0, 403.0), (951.0, 403.9), (951.0, 403.3), (951.0, 403.0), (951.0, 403.9), (951.0, 403.3), (951.0, 403.0), (951.0, 403.9), (951.0, 403.3), (951.0, 403.0), (951.0, 403.9), (951.0, 403.3), (951.0, 403.0), (951.0, 403.9), (951.0, 403.3), (951.0, 403.0)]",0,10.2
experienced,meatboy,5,Saw,1,0,275.66,0.298,"[(73.0, 525.0), (87.4, 531.3), (127.4, 531.0), (167.4, 531.9), (207.4, 531.3), (247.4, 531.0), (287.4, 531.9), (327.4, 531.3)]",0,1.05
experienced,meatboy,5,Saw,1,0,285.41,0.299,"[(73.0, 525.0), (98.2, 531.3), (138.2, 531.0), (178.2, 531.9), (218.2, 531.3), (258.2, 531.0), (298.2, 531.9), (338.2, 531.3)]",0,1.02
experienced,meatboy,5,Saw,2,0,266.2,0.319,"[(73.0, 525.0), (87.4, 531.3), (127.4, 531.0), (167.4, 531.9), (207.4, 531.3), (245.3, 508.8), (273.7, 462.4), (313.0, 453.0), (353.0, 462.5)]",0,1.18
experienced,meatboy,5,Saw,1,0,275.66,0.298,"[(73.0, 525.0), (87.4, 531.3), (127.4, 531.0), (167.4, 531.9), (207.4, 531.3), (247.4, 531.0), (287.4, 531.9), (327.4, 531.3)]",0,1.05
experienced,meatboy,5,Stuck,9,0,69.17,0.446,"[(73.0, 525.0), (87.4, 523.3), (97.6, 472.2), (100.4, 440.1), (123.6, 426.7), (162.8, 432.2), (202.8, 456.5), (242.8, 499.7), (280.7, 508.8), (299.0, 462.4), (332.5, 434.9), (372.5, 426.3), (412.5, 436.5), (452.5, 465.5), (492.5, 513.4), (532.5, 531.9), (567.0, 531.3), (560.5, 489.2), (529.8, 449.9), (538.9, 429.5), (567.7, 427.9), (567.7, 445.2), (567.7, 480.4), (567.7, 520.1), (566.3, 515.9), (536.8, 467.2), (522.8, 437.4), (551.8, 426.4), (567.0, 434.2), (567.0, 460.9), (567.0, 500.3), (567.0, 531.3), (560.5, 489.2), (529.8, 449.9), (538.9, 429.5), (567.7, 427.9), (567.7, 445.2), (567.7, 480.4), (567.7, 520.1), (566.3, 515.9), (536.8, 467.2), (522.8, 437.4), (551.8, 426.4), (567.0, 434.2), (567.0, 460.9), (567.0, 500.3), (567.0, 531.3), (560.5, 489.2), (529.8, 449.9), (538.9, 429.5), (567.7, 427.9), (567.7, 445.2), (567.7, 480.4), (567.7, 520.1), (566.3, 515.9), (536.8, 467.2), (522.8, 437.4)]",0,7.57
experienced,meatboy,5,Saw,9,0,140.94,0.85,"[(73.0, 525.0), (87.4, 531.3), (127.4, 531.0), (167.4, 531.9), (207.4, 531.3), (247.4, 531.0), (287.4, 531.9), (323.8, 523.3), (352.2, 472.2), (392.2, 440.1), (432.2, 426.7), (472.2, 432.2), (512.2, 456.5), (552.2, 499.7), (525.7, 490.0), (458.2, 432.7), (436.2, 394.2), (459.8, 374.6), (499.8, 373.8), (539.8, 391.9), (546.3, 399.3), (470.9, 337.3), (437.3, 294.1), (450.0, 269.8), (489.8, 264.3), (529.8, 277.7), (569.8, 309.9), (609.8, 360.9), (649.8, 403.9), (689.8, 403.3), (724.0, 380.8), (754.6, 334.4), (794.6, 306.9), (834.6, 298.3), (874.6, 308.5), (914.6, 337.5), (951.0, 385.4), (880.1, 331.0), (829.2, 280.7), (824.6, 249.3), (859.6, 236.8), (899.6, 243.1), (938.8, 268.2), (920.0, 265.2), (848.2, 205.5), (820.4, 164.7), (838.8, 142.7), (878.8, 139.6), (918.8, 155.3), (958.8, 189.8), (998.8, 243.2)]",0,6.78
experienced,meatboy,5,Saw,9,0,140.94,0.85,"[(73.0, 525.0), (87.4, 531.3), (127.4, 531.0), (167.4, 531.9), (207.4, 531.3), (247.4, 531.0), (287.4, 531.9), (323.8, 523.3), (352.2, 472.2), (392.2, 440.1), (432.2, 426.7), (472.2, 432.2), (512.2, 456.5), (552.2, 499.7), (525.7, 490.0), (458.2, 432.7), (436.2, 394.2), (459.8, 374.6), (499.8, 373.8), (539.8, 391.9), (546.3, 399.3), (470.9, 337.3), (437.3, 294.1), (450.0, 269.8), (489.8, 264.3), (529.8, 277.7), (569.8, 309.9), (609.8, 360.9), (649.8, 403.9), (689.8, 403.3), (724.0, 380.8), (754.6, 334.4), (794.6, 306.9), (834.6, 298.3), (874.6, 308.5), (914.6, 337.5), (951.0, 385.4), (880.1, 331.0), (829.2, 280.7), (824.6, 249.3), (859.6, 236.8), (899.6, 243.1), (938.8, 268.2), (920.0, 265.2), (848.2, 205.5), (820.4, 164.7), (838.8, 142.7), (878.8, 139.6), (918.8, 155.3), (958.8, 189.8), (998.8, 243.2)]",0,6.78
experienced,meatboy,5,Saw,5,0,189.17,0.851,"[(73.0, 525.0), (87.4, 531.3), (127.4, 531.0), (167.4, 531.9), (207.4, 531.3), (247.4, 531.0), (287.4, 531.9), (327.4, 531.3), (358.1, 489.2), (395.9, 449.9), (435.9, 429.5), (475.9, 427.9), (515.9, 445.2), (555.9, 481.3), (526.4, 468.9), (458.9, 411.6), (436.9, 373.2), (460.6, 353.5), (500.6, 352.8), (540.6, 370.8), (580.6, 403.0), (620.6, 403.9), (660.6, 403.3), (700.6, 403.0), (739.8, 387.9), (769.0, 339.2), (809.0, 309.4), (849.0, 298.4), (889.0, 306.2), (929.0, 332.9), (931.1, 345.6), (855.6, 283.6), (822.1, 240.4), (834.7, 216.1), (874.6, 210.6), (914.6, 224.0), (954.6, 256.2), (994.6, 275.3), (1034.6, 275.0)]",0,5.07
experienced,meatboy,5,Saw,14,0,135.09,0.85,"[(73.0, 525.0), (80.2, 531.3), (118.2, 531.0), (158.2, 531.9), (198.2, 531.3), (238.2, 531.0), (278.2, 531.9), (303.0, 483.2), (304.0, 446.3), (325.2, 428.3), (358.0, 429.0), (398.0, 448.7), (438.0, 487.1), (478.0, 531.3), (518.0, 531.0), (558.0, 531.9), (567.0, 531.3), (560.5, 489.2), (522.6, 449.9), (497.7, 429.5), (518.3, 427.9), (558.3, 445.2), (505.0, 400.6), (448.3, 348.0), (437.9, 314.3), (469.8, 299.4), (509.8, 303.3), (549.8, 326.1), (589.8, 367.7), (629.8, 403.9), (669.8, 395.3), (683.8, 344.2), (689.2, 312.1), (713.3, 298.7), (749.7, 304.2), (789.7, 328.5), (829.7, 371.7), (869.7, 403.0), (909.7, 403.9), (949.7, 403.3), (951.0, 380.8), (921.6, 334.4), (885.9, 306.9), (889.2, 298.3), (927.3, 308.5), (920.0, 297.2), (848.2, 237.5), (820.4, 196.7), (838.8, 174.7), (878.8, 171.6), (918.8, 187.3), (958.8, 221.9), (998.8, 275.3)]",0,7.05
experienced,meatboy,5,Saw,9,0,150.64,0.844,"[(73.0, 525.0), (87.4, 523.3), (97.6, 472.2), (106.2, 440.1), (144.2, 430.7), (184.2, 440.1), (224.2, 468.4), (264.2, 515.5), (296.9, 495.4), (327.6, 453.8), (367.6, 433.0), (407.6, 433.0), (447.6, 451.9), (487.6, 489.6), (527.6, 531.3), (567.6, 531.0), (556.9, 483.5), (524.8, 446.6), (533.9, 428.6), (556.7, 418.8), (478.3, 354.5), (439.0, 308.9), (445.9, 282.2), (484.8, 274.4), (524.8, 285.4), (564.8, 315.2), (604.8, 363.9), (644.1, 387.9), (668.2, 339.2), (708.2, 310.9), (748.2, 306.2), (788.2, 320.4), (828.2, 353.4), (868.2, 403.0), (908.2, 403.9), (948.2, 403.3), (940.9, 356.1), (908.8, 319.2), (917.9, 301.2), (940.7, 291.4), (862.3, 227.0), (823.0, 181.5), (829.9, 154.8), (868.8, 147.0), (908.8, 158.0), (948.8, 187.8), (988.8, 236.5), (1026.7, 252.8)]",0,6.27
experienced,meatboy,5,Saw,1,0,230.53,0.297,"[(73.0, 525.0), (86.0, 527.1), (123.9, 522.4), (163.9, 531.3), (203.9, 531.0), (243.9, 531.9), (277.8, 531.3), (305.6, 531.0), (331.6, 531.9), (353.2, 531.3)]",0,1.25
experienced,meatboy,5,Saw,10,0,101.16,0.85,"[(73.0, 525.0), (73.0, 531.3), (106.0, 531.0), (146.0, 531.9), (186.0, 531.3), (226.0, 531.0), (266.0, 531.9), (306.0, 531.3), (343.8, 508.8), (346.3, 462.4), (338.6, 434.9), (352.6, 426.3), (386.1, 436.5), (426.1, 465.5), (466.1, 513.4), (506.1, 531.9), (546.1, 531.3), (567.0, 508.8), (537.6, 462.4), (498.3, 434.9), (485.7, 426.3), (511.2, 436.5), (551.2, 465.5), (525.7, 451.4), (448.6, 394.1), (411.2, 355.6), (420.1, 336.0), (459.5, 335.2), (499.5, 353.3), (539.5, 390.2), (546.3, 411.8), (470.9, 349.8), (437.3, 306.6), (450.0, 282.3), (489.8, 276.8), (529.8, 290.1), (569.1, 322.3), (609.1, 373.4), (649.1, 403.3), (689.1, 403.0), (721.9, 367.4), (715.7, 325.8), (715.2, 303.0), (733.6, 299.1), (769.2, 314.0), (809.2, 347.8), (849.2, 400.4), (889.2, 403.3), (929.2, 403.0), (950.3, 387.9), (920.8, 339.2), (880.8, 309.4), (863.9, 298.4), (884.5, 306.2), (924.5, 332.9), (930.3, 346.8), (848.5, 284.8), (794.5, 241.6), (786.7, 217.3), (820.2, 211.8), (860.2, 225.2), (900.2, 257.4), (940.2, 308.4), (899.3, 288.5), (836.9, 233.5), (820.7, 197.4), (848.8, 180.1), (888.8, 181.7), (928.1, 202.1), (968.1, 241.4), (1008.1, 275.9)]",0,9.42
experienced,meatboy,5,Saw,1,0,197.42,0.298,"[(73.0, 525.0), (73.0, 531.3), (86.6, 531.0), (96.2, 531.9), (116.0, 531.3), (139.3, 531.0), (166.2, 531.9), (202.6, 531.3), (242.6, 531.0), (282.6, 531.9), (322.6, 531.3), (362.6, 531.0)]",0,1.47
experienced,meatboy,5,Saw,3,0,213.73,0.303,"[(73.0, 525.0), (83.1, 531.3), (121.1, 531.0), (161.1, 531.9), (201.1, 531.3), (230.2, 489.2), (234.1, 449.9), (249.6, 429.5), (276.6, 427.9), (313.7, 445.2), (353.7, 481.3)]",0,1.38
experienced,meatboy,5,Saw,2,0,274.97,0.297,"[(73.0, 525.0), (87.4, 531.3), (127.4, 531.0), (167.4, 531.9), (207.4, 531.3), (247.4, 531.0), (287.4, 531.9), (327.4, 531.3)]",0,1.05
experienced,meatboy,5,Saw,1,0,265.03,0.296,"[(73.0, 525.0), (86.0, 527.1), (123.9, 522.4), (163.9, 531.3), (203.9, 531.0), (243.9, 531.9), (283.9, 531.3), (323.9, 531.0), (356.1, 531.9)]",0,1.08
experienced,meatboy,5,Saw,10,0,101.16,0.85,"[(73.0, 525.0), (73.0, 531.3), (106.0, 531.0), (146.0, 531.9), (186.0, 531.3), (226.0, 531.0), (266.0, 531.9), (306.0, 531.3), (343.8, 508.8), (346.3, 462.4), (338.6, 434.9), (352.6, 426.3), (386.1, 436.5), (426.1, 465.5), (466.1, 513.4), (506.1, 531.9), (546.1, 531.3), (567.0, 508.8), (537.6, 462.4), (498.3, 434.9), (485.7, 426.3), (511.2, 436.5), (551.2, 465.5), (525.7, 451.4), (448.6, 394.1), (411.2, 355.6), (420.1, 336.0), (459.5, 335.2), (499.5, 353.3), (539.5, 390.2), (546.3, 411.8), (470.9, 349.8), (437.3, 306.6), (450.0, 282.3), (489.8, 276.8), (529.8, 290.1), (569.1, 322.3), (609.1, 373.4), (649.1, 403.3), (689.1, 403.0), (721.9, 367.4), (715.7, 325.8), (715.2, 303.0), (733.6, 299.1), (769.2, 314.0), (809.2, 347.8), (849.2, 400.4), (889.2, 403.3), (929.2, 403.0), (950.3, 387.9), (920.8, 339.2), (880.8, 309.4), (863.9, 298.4), (884.5, 306.2), (924.5, 332.9), (930.3, 346.8), (848.5, 284.8), (794.5, 241.6), (786.7, 217.3), (820.2, 211.8), (860.2, 225.2), (900.2, 257.4), (940.2, 308.4), (899.3, 288.5), (836.9, 233.5), (820.7, 197.4), (848.8, 180.1), (888.8, 181.7), (928.1, 202.1), (968.1, 241.4), (1008.1, 275.9)]",0,9.42
experienced,meatboy,5,Saw,14,0,135.09,0.85,"[(73.0, 525.0), (80.2, 531.3), (118.2, 531.0), (158.2, 531.9), (198.2, 531.3), (238.2, 531.0), (278.2, 531.9), (303.0, 483.2), (304.0, 446.3), (325.2, 428.3), (358.0, 429.0), (398.0, 448.7), (438.0, 487.1), (478.0, 531.3), (518.0, 531.0), (558.0, 531.9), (567.0, 531.3), (560.5, 489.2), (522.6, 449.9), (497.7, 429.5), (518.3, 427.9), (558.3, 445.2), (505.0, 400.6), (448.3, 348.0), (437.9, 314.3), (469.8, 299.4), (509.8, 303.3), (549.8, 326.1), (589.8, 367.7), (629.8, 403.9), (669.8, 395.3), (683.8, 344.2), (689.2, 312.1), (713.3, 298.7), (749.7, 304.2), (789.7, 328.5), (829.7, 371.7), (869.7, 403.0), (909.7, 403.9), (949.7, 403.3), (951.0, 380.8), (921.6, 334.4), (885.9, 306.9), (889.2, 298.3), (927.3, 308.5), (920.0, 297.2), (848.2, 237.5), (820.4, 196.7), (838.8, 174.7), (878.8, 171.6), (918.8, 187.3), (958.8, 221.9), (998.8, 275.3)]",0,7.05
experienced,meatboy,5,Saw,5,0,189.17,0.851,"[(73.0, 525.0), (87.4, 531.3), (127.4, 531.0), (167.4, 531.9), (207.4, 531.3), (247.4, 531.0), (287.4, 531.9), (327.4, 531.3), (358.1, 489.2), (395.9, 449.9), (435.9, 429.5), (475.9, 427.9), (515.9, 445.2), (555.9, 481.3), (526.4, 468.9), (458.9, 411.6), (436.9, 373.2), (460.6, 353.5), (500.6, 352.8), (540.6, 370.8), (580.6, 403.0), (620.6, 403.9), (660.6, 403.3), (700.6, 403.0), (739.8, 387.9), (769.0, 339.2), (809.0, 309.4), (849.0, 298.4), (889.0, 306.2), (929.0, 332.9), (931.1, 345.6), (855.6, 283.6), (822.1, 240.4), (834.7, 216.1), (874.6, 210.6), (914.6, 224.0), (954.6, 256.2), (994.6, 275.3), (1034.6, 275.0)]",0,5.07
experienced,meatboy,5,Saw,9,0,140.94,0.85,"[(73.0, 525.0), (87.4, 531.3), (127.4, 531.0), (167.4, 531.9), (207.4, 531.3), (247.4, 531.0), (287.4, 531.9), (323.8, 523.3), (352.2, 472.2), (392.2, 440.1), (432.2, 426.7), (472.2, 432.2), (512.2, 456.5), (552.2, 499.7), (525.7, 490.0), (458.2, 432.7), (436.2, 394.2), (459.8, 374.6), (499.8, 373.8), (539.8, 391.9), (546.3, 399.3), (470.9, 337.3), (437.3, 294.1), (450.0, 269.8), (489.8, 264.3), (529.8, 277.7), (569.8, 309.9), (609.8, 360.9), (649.8, 403.9), (689.8, 403.3), (724.0, 380.8), (754.6, 334.4), (794.6, 306.9), (834.6, 298.3), (874.6, 308.5), (914.6, 337.5), (951.0, 385.4), (880.1, 331.0), (829.2, 280.7), (824.6, 249.3), (859.6, 236.8), (899.6, 243.1), (938.8, 268.2), (920.0, 265.2), (848.2, 205.5), (820.4, 164.7), (838.8, 142.7), (878.8, 139.6), (918.8, 155.3), (958.8, 189.8), (998.8, 243.2)]",0,6.78
experienced,meatboy,5,Saw,3,0,189.1,0.348,"[(73.0, 525.0), (73.0, 531.3), (106.0, 531.0), (146.0, 531.9), (186.0, 531.3), (226.0, 531.0), (266.0, 531.9), (306.0, 531.3), (346.0, 531.0), (365.8, 477.6), (348.0, 443.0), (343.2, 427.3), (355.8, 430.5), (387.8, 452.4)]",0,1.85
experienced,meatboy,5,Saw,2,0,183.06,0.301,"[(73.0, 525.0), (73.0, 531.3), (106.0, 531.0), (146.0, 531.9), (186.0, 531.3), (226.0, 531.0), (265.3, 515.9), (273.5, 467.2), (262.9, 437.4), (271.2, 426.4), (290.9, 434.2), (325.9, 460.9), (365.9, 506.4)]",0,1.6
experienced,meatboy,5,Stuck,2,0,92.69,0.466,"[(73.0, 525.0), (87.4, 531.3), (127.4, 531.0), (167.4, 531.9), (207.4, 531.3), (247.4, 531.0), (287.4, 531.9), (327.4, 523.3), (353.0, 472.2), (391.6, 442.2), (431.6, 437.5), (471.6, 451.7), (511.6, 484.7), (551.6, 531.0), (567.0, 531.9), (567.0, 531.3), (567.0, 531.0), (567.0, 531.9), (567.0, 531.3), (567.0, 531.0), (567.0, 531.9), (567.0, 531.3), (567.0, 531.0), (567.0, 531.9), (567.0, 531.3), (567.0, 531.0), (567.0, 531.9), (567.0, 531.3), (567.0, 531.0), (567.0, 531.9), (567.0, 531.3), (567.0, 531.0), (567.0, 531.9), (567.0, 531.3), (567.0, 531.0), (567.0, 531.9), (567.0, 531.3), (567.0, 531.0), (567.0, 531.9), (567.0, 531.3), (567.0, 531.0), (567.0, 531.9), (567.0, 531.3), (567.0, 531.0), (567.0, 531.9), (567.0, 531.3), (567.0, 531.0), (567.0, 531.9), (567.0, 531.3)]",0,6.4
experienced,meatboy,5,Stuck,2,0,90.64,0.466,"[(73.0, 525.0), (78.8, 531.3), (116.7, 531.0), (156.7, 531.9), (196.7, 531.3), (236.7, 531.0), (276.7, 531.9), (316.7, 531.3), (345.9, 489.2), (352.7, 449.9), (390.5, 429.5), (430.5, 427.9), (470.5, 445.2), (510.5, 481.3), (550.5, 531.0), (567.0, 531.9), (567.0, 531.3), (567.0, 531.0), (567.0, 531.9), (567.0, 531.3), (567.0, 531.0), (567.0, 531.9), (567.0, 531.3), (567.0, 531.0), (567.0, 531.9), (567.0, 531.3), (567.0, 531.0), (567.0, 531.9), (567.0, 531.3), (567.0, 531.0), (567.0, 531.9), (567.0, 531.3), (567.0, 531.0), (567.0, 531.9), (567.0, 531.3), (567.0, 531.0), (567.0, 531.9), (567.0, 531.3), (567.0, 531.0), (567.0, 531.9), (567.0, 531.3), (567.0, 531.0), (567.0, 531.9), (567.0, 531.3), (567.0, 531.0), (567.0, 531.9), (567.0, 531.3), (567.0, 531.0), (567.0, 531.9), (567.0, 531.3)]",0,6.53
experienced,meatboy,5,Saw,1,0,267.85,0.299,"[(73.0, 525.0), (80.2, 531.3), (118.2, 531.0), (158.2, 531.9), (198.2, 531.3), (238.2, 531.0), (278.2, 531.9), (318.2, 531.3), (358.2, 531.0)]",0,1.08
experienced,meatboy,5,Saw,15,0,53.98,0.306,"[(73.0, 525.0), (74.4, 523.3), (70.1, 472.2), (65.8, 440.1), (64.3, 426.7), (64.3, 432.2), (74.4, 456.5), (99.0, 499.7), (134.6, 531.0), (153.3, 502.2), (146.6, 458.3), (148.6, 433.1), (150.6, 426.8), (159.8, 439.4), (179.2, 470.8), (208.6, 521.0), (214.8, 489.2), (195.5, 449.9), (190.6, 429.5), (192.9, 427.9), (205.4, 445.2), (229.4, 481.3), (259.2, 531.0), (253.2, 477.6), (235.6, 443.0), (231.1, 427.3), (236.6, 430.5), (253.7, 452.4), (280.9, 493.3), (307.2, 515.9), (294.3, 467.2), (279.9, 437.4), (278.6, 426.4), (288.8, 434.2), (309.2, 460.9), (338.2, 506.4), (349.3, 501.9), (326.6, 458.0), (316.9, 432.8), (317.4, 426.5), (329.4, 439.1), (351.5, 470.5)]",0,5.55
experienced,meatboy,5,Saw,9,0,140.94,0.85,"[(73.0, 525.0), (87.4, 531.3), (127.4, 531.0), (167.4, 531.9), (207.4, 531.3), (247.4, 531.0), (287.4, 531.9), (323.8, 523.3), (352.2, 472.2), (392.2, 440.1), (432.2, 426.7), (472.2, 432.2), (512.2, 456.5), (552.2, 499.7), (525.7, 490.0), (458.2, 432.7), (436.2, 394.2), (459.8, 374.6), (499.8, 373.8), (539.8, 391.9), (546.3, 399.3), (470.9, 337.3), (437.3, 294.1), (450.0, 269.8), (489.8, 264.3), (529.8, 277.7), (569.8, 309.9), (609.8, 360.9), (649.8, 403.9), (689.8, 403.3), (724.0, 380.8), (754.6, 334.4), (794.6, 306.9), (834.6, 298.3), (874.6, 308.5), (914.6, 337.5), (951.0, 385.4), (880.1, 331.0), (829.2, 280.7), (824.6, 249.3), (859.6, 236.8), (899.6, 243.1), (938.8, 268.2), (920.0, 265.2), (848.2, 205.5), (820.4, 164.7), (838.8, 142.7), (878.8, 139.6), (918.8, 155.3), (958.8, 189.8), (998.8, 243.2)]",0,6.78
experienced,meatboy,5,Saw,5,0,189.17,0.851,"[(73.0, 525.0), (87.4, 531.3), (127.4, 531.0), (167.4, 531.9), (207.4, 531.3), (247.4, 531.0), (287.4, 531.9), (327.4, 531.3), (358.1, 489.2), (395.9, 449.9), (435.9, 429.5), (475.9, 427.9), (515.9, 445.2), (555.9, 481.3), (526.4, 468.9), (458.9, 411.6), (436.9, 373.2), (460.6, 353.5), (500.6, 352.8), (540.6, 370.8), (580.6, 403.0), (620.6, 403.9), (660.6, 403.3), (700.6, 403.0), (739.8, 387.9), (769.0, 339.2), (809.0, 309.4), (849.0, 298.4), (889.0, 306.2), (929.0, 332.9), (931.1, 345.6), (855.6, 283.6), (822.1, 240.4), (834.7, 216.1), (874.6, 210.6), (914.6, 224.0), (954.6, 256.2), (994.6, 275.3), (1034.6, 275.0)]",0,5.07
experienced,meatboy,5,Saw,14,0,135.09,0.85,"[(73.0, 525.0), (80.2, 531.3), (118.2, 531.0), (158.2, 531.9), (198.2, 531.3), (238.2, 531.0), (278.2, 531.9), (303.0, 483.2), (304.0, 446.3), (325.2, 428.3), (358.0, 429.0), (398.0, 448.7), (438.0, 487.1), (478.0, 531.3), (518.0, 531.0), (558.0, 531.9), (567.0, 531.3), (560.5, 489.2), (522.6, 449.9), (497.7, 429.5), (518.3, 427.9), (558.3, 445.2), (505.0, 400.6), (448.3, 348.0), (437.9, 314.3), (469.8, 299.4), (509.8, 303.3), (549.8, 326.1), (589.8, 367.7), (629.8, 403.9), (669.8, 395.3), (683.8, 344.2), (689.2, 312.1), (713.3, 298.7), (749.7, 304.2), (789.7, 328.5), (829.7, 371.7), (869.7, 403.0), (909.7, 403.9), (949.7, 403.3), (951.0, 380.8), (921.6, 334.4), (885.9, 306.9), (889.2, 298.3), (927.3, 308.5), (920.0, 297.2), (848.2, 237.5), (820.4, 196.7), (838.8, 174.7), (878.8, 171.6), (918.8, 187.3), (958.8, 221.9), (998.8, 275.3)]",0,7.05
experienced,meatboy,5,Saw,10,0,101.16,0.85,"[(73.0, 525.0), (73.0, 531.3), (106.0, 531.0), (146.0, 531.9), (186.0, 531.3), (226.0, 531.0), (266.0, 531.9), (306.0, 531.3), (343.8, 508.8), (346.3, 462.4), (338.6, 434.9), (352.6, 426.3), (386.1, 436.5), (426.1, 465.5), (466.1, 513.4), (506.1, 531.9), (546.1, 531.3), (567.0, 508.8), (537.6, 462.4), (498.3, 434.9), (485.7, 426.3), (511.2, 436.5), (551.2, 465.5), (525.7, 451.4), (448.6, 394.1), (411.2, 355.6), (420.1, 336.0), (459.5, 335.2), (499.5, 353.3), (539.5, 390.2), (546.3, 411.8), (470.9, 349.8), (437.3, 306.6), (450.0, 282.3), (489.8, 276.8), (529.8, 290.1), (569.1, 322.3), (609.1, 373.4), (649.1, 403.3), (689.1, 403.0), (721.9, 367.4), (715.7, 325.8), (715.2, 303.0), (733.6, 299.1), (769.2, 314.0), (809.2, 347.8), (849.2, 400.4), (889.2, 403.3), (929.2, 403.0), (950.3, 387.9), (920.8, 339.2), (880.8, 309.4), (863.9, 298.4), (884.5, 306.2), (924.5, 332.9), (930.3, 346.8), (848.5, 284.8), (794.5, 241.6), (786.7, 217.3), (820.2, 211.8), (860.2, 225.2), (900.2, 257.4), (940.2, 308.4), (899.3, 288.5), (836.9, 233.5), (820.7, 197.4), (848.8, 180.1), (888.8, 181.7), (928.1, 202.1), (968.1, 241.4), (1008.1, 275.9)]",0,9.42
experienced,meatboy,5,Stuck,2,0,92.83,0.466,"[(73.0, 525.0), (87.4, 531.3), (127.4, 531.0), (167.4, 531.9), (207.4, 531.3), (247.4, 531.0), (287.4, 531.9), (327.4, 531.3), (358.1, 489.2), (395.9, 451.6), (435.9, 444.5), (475.9, 456.3), (515.9, 487.0), (555.9, 531.0), (567.7, 531.9), (567.7, 531.3), (567.7, 531.0), (567.7, 531.9), (567.7, 531.3), (567.7, 531.0), (567.7, 531.9), (567.7, 531.3), (567.7, 531.0), (567.7, 531.9), (567.7, 531.3), (567.7, 531.0), (567.7, 531.9), (567.7, 531.3), (567.7, 531.0), (567.7, 531.9), (567.7, 531.3), (567.7, 531.0), (567.7, 531.9), (567.7, 531.3), (567.7, 531.0), (567.7, 531.9), (567.7, 531.3), (567.7, 531.0), (567.7, 531.9), (567.7, 531.3), (567.7, 531.0), (567.7, 531.9), (567.7, 531.3), (567.7, 531.0), (567.7, 531.9), (567.7, 531.3), (567.7, 531.0), (567.7, 531.9)]",0,6.38
experienced,meatboy,5,Saw,5,0,201.82,0.303,"[(73.0, 525.0), (87.4, 531.3), (127.4, 531.0), (167.4, 531.9), (207.4, 531.3), (247.4, 531.0), (267.2, 477.6), (268.2, 443.0), (279.3, 427.3), (297.7, 430.5), (329.0, 452.4), (369.0, 493.3)]",0,1.47
experienced,meatboy,5,Stuck,3,0,84.87,0.467,"[(73.0, 525.0), (87.4, 531.3), (127.4, 531.0), (167.4, 531.9), (207.4, 531.3), (247.4, 531.0), (287.4, 531.9), (327.4, 523.3), (355.9, 472.2), (395.9, 462.9), (435.9, 472.3), (475.9, 500.6), (515.9, 531.9), (555.9, 531.3), (562.7, 502.8), (549.7, 458.9), (567.0, 433.7), (567.0, 427.4), (567.0, 440.0), (567.0, 471.4), (567.0, 511.1), (567.0, 531.0), (567.0, 531.9), (567.0, 531.3), (567.0, 531.0), (567.0, 531.9), (567.0, 531.3), (567.0, 531.0), (567.0, 531.9), (567.0, 531.3), (567.0, 531.0), (567.0, 531.9), (567.0, 531.3), (567.0, 531.0), (567.0, 531.9), (567.0, 531.3), (567.0, 531.0), (567.0, 531.9), (567.0, 531.3), (567.0, 531.0), (567.0, 531.9), (567.0, 531.3), (567.0, 531.0), (567.0, 531.9), (567.0, 531.3), (567.0, 531.0), (567.0, 531.9), (567.0, 531.3), (567.0, 531.0), (567.0, 531.9), (567.0, 531.3), (567.0, 531.0), (567.0, 531.9)]",0,7.05
experienced,meatboy,5,Stuck,10,0,45.35,0.332,"[(73.0, 525.0), (78.8, 531.3), (116.7, 531.0), (156.7, 531.9), (196.7, 531.3), (236.7, 531.0), (276.7, 531.9), (316.7, 523.3), (330.7, 472.2), (328.8, 440.1), (347.2, 426.7), (382.8, 432.2), (422.8, 456.5), (462.8, 499.7), (502.8, 531.0), (542.8, 531.9), (567.7, 516.8), (542.6, 468.1), (502.6, 438.2), (477.7, 427.2), (486.8, 435.1), (526.2, 461.8), (566.2, 507.3), (494.7, 454.9), (417.7, 404.7), (377.2, 373.3), (383.0, 360.7), (421.7, 367.0), (461.7, 392.1), (501.7, 436.1), (541.7, 498.9), (567.7, 516.8), (542.6, 468.1), (502.6, 438.2), (477.7, 427.2), (486.8, 435.1), (526.2, 461.8), (566.2, 507.3), (494.7, 454.9), (417.7, 404.7), (377.2, 373.3), (383.0, 360.7), (421.7, 367.0), (461.7, 392.1), (501.7, 436.1), (541.7, 498.9), (567.7, 516.8), (542.6, 468.1), (502.6, 438.2), (477.7, 427.2), (486.8, 435.1), (526.2, 461.8), (566.2, 507.3), (494.7, 454.9), (417.7, 404.7)]",0,7.23
experienced,meatboy,5,Saw,1,0,257.91,0.297,"[(73.0, 525.0), (73.0, 531.3), (106.0, 531.0), (146.0, 531.9), (186.0, 531.3), (226.0, 531.0), (266.0, 531.9), (306.0, 531.3), (346.0, 531.0)]",0,1.12
experienced,meatboy,5,Saw,3,0,153.81,0.298,"[(73.0, 525.0), (84.8, 531.3), (85.3, 484.1), (85.7, 447.2), (93.2, 429.2), (112.3, 429.9), (143.0, 449.6), (180.7, 488.0), (218.7, 523.3), (222.9, 472.2), (232.9, 440.1), (254.5, 426.7), (283.3, 432.2), (318.4, 456.5), (358.4, 499.7)]",0,1.88
