persona,game,world,cause_of_death,jump_count,coins_collected,avg_vx,progress_ratio,route,enemies_killed,bricks_destroyed,elapsed_time
novice,bomberman,10,Bomb,2,0,7.0,0.115,"[(48.0, 48.0), (62.9, 51.7), (77.9, 51.7), (98.4, 51.7), (113.3, 57.3), (115.2, 72.3), (115.2, 83.5), (115.2, 83.5), (115.2, 83.5), (115.2, 83.5), (115.2, 83.5), (115.2, 83.5), (115.2, 83.5), (115.2, 83.5), (115.2, 83.5), (115.2, 83.5), (115.2, 83.5), (115.2, 83.5), (115.2, 83.5), (115.2, 83.5), (115.2, 83.5), (115.2, 83.5), (115.2, 83.5), (115.2, 83.5), (115.2, 83.5), (115.2, 83.5), (115.2, 83.5), (115.2, 83.5), (115.2, 83.5), (115.2, 83.5), (115.2, 83.5), (111.5, 83.5), (109.6, 83.5), (109.6, 83.5), (109.6, 83.5), (109.6, 83.5), (109.6, 83.5), (109.6, 83.5), (109.6, 83.5), (109.6, 83.5), (109.6, 83.5), (109.6, 83.5), (109.6, 83.5), (109.6, 83.5), (109.6, 83.5), (109.6, 83.5), (109.6, 83.5), (109.6, 83.5), (109.6, 83.5), (109.6, 83.5), (109.6, 83.5), (109.6, 83.5), (109.6, 83.5), (109.6, 83.5), (109.6, 83.5), (109.6, 83.5), (109.6, 83.5), (109.6, 83.5), (109.6, 83.5), (109.6, 83.5), (109.6, 83.5)]",0,1,8.0
novice,bomberman,10,Stuck,0,0,46.78,0.385,"[(48.0, 48.0), (62.9, 48.0), (77.9, 48.0), (92.8, 48.0), (107.7, 48.0), (122.7, 48.0), (137.6, 48.0), (152.5, 48.0), (167.5, 48.0), (182.4, 48.0), (197.3, 48.0), (212.3, 48.0), (227.2, 48.0), (242.1, 48.0), (257.1, 48.0), (272.0, 48.0), (286.9, 48.0), (301.9, 48.0), (316.8, 44.3), (331.7, 44.3), (346.7, 44.3), (361.6, 44.3), (376.5, 44.3), (391.5, 44.3), (406.4, 44.3), (421.3, 44.3), (436.3, 44.3), (436.3, 44.3), (436.3, 44.3), (436.3, 44.3), (436.3, 44.3), (436.3, 44.3), (436.3, 44.3), (436.3, 44.3), (436.3, 44.3), (436.3, 44.3), (436.3, 44.3), (436.3, 44.3), (436.3, 44.3), (436.3, 44.3), (436.3, 44.3), (436.3, 44.3), (436.3, 44.3), (436.3, 44.3), (436.3, 44.3), (436.3, 44.3), (436.3, 44.3), (436.3, 44.3), (436.3, 44.3), (436.3, 44.3), (436.3, 44.3), (436.3, 44.3), (436.3, 44.3), (436.3, 44.3), (436.3, 44.3), (436.3, 44.3), (436.3, 44.3), (436.3, 44.3), (436.3, 44.3), (436.3, 44.3), (436.3, 44.3), (436.3, 44.3), (436.3, 44.3)]",0,0,8.3
novice,bomberman,10,Bomb,2,0,47.6,0.462,"[(48.0, 48.0), (53.6, 44.3), (68.5, 44.3), (83.5, 44.3), (98.4, 44.3), (113.3, 44.3), (128.3, 44.3), (143.2, 44.3), (158.1, 44.3), (173.1, 44.3), (188.0, 44.3), (202.9, 44.3), (217.9, 44.3), (232.8, 44.3), (247.7, 44.3), (262.7, 44.3), (277.6, 44.3), (292.5, 44.3), (307.5, 44.3), (322.4, 44.3), (337.3, 44.3), (352.3, 44.3), (367.2, 44.3), (382.1, 44.3), (397.1, 44.3), (412.0, 44.3), (426.9, 44.3), (436.3, 44.3), (436.3, 44.3), (436.3, 44.3), (436.3, 44.3), (436.3, 44.3), (436.3, 44.3), (436.3, 44.3), (436.3, 44.3), (436.3, 44.3), (436.3, 44.3), (436.3, 44.3), (436.3, 44.3), (436.3, 44.3), (436.3, 44.3), (436.3, 44.3), (436.3, 44.3), (436.3, 44.3), (436.3, 44.3), (436.3, 44.3), (436.3, 44.3), (436.3, 51.7), (436.3, 66.7), (428.8, 81.6), (428.8, 96.5), (428.8, 100.3), (428.8, 96.5), (428.8, 92.8), (428.8, 89.1), (428.8, 85.3), (428.8, 85.3), (428.8, 89.1), (428.8, 85.3), (428.8, 85.3), (428.8, 89.1)]",0,0,8.0
novice,bomberman,10,Stuck,0,0,0.0,0.0,"[(48.0, 48.0), (48.0, 48.0), (48.0, 48.0), (48.0, 48.0), (48.0, 48.0), (48.0, 48.0), (48.0, 48.0), (48.0, 48.0), (48.0, 48.0), (48.0, 48.0), (48.0, 48.0), (48.0, 48.0), (48.0, 48.0), (48.0, 48.0), (48.0, 48.0), (48.0, 48.0), (48.0, 48.0), (48.0, 48.0), (48.0, 48.0), (48.0, 48.0), (48.0, 48.0), (48.0, 48.0), (48.0, 48.0), (48.0, 48.0), (48.0, 48.0), (48.0, 48.0), (48.0, 48.0), (48.0, 48.0), (48.0, 48.0), (48.0, 48.0), (48.0, 48.0), (48.0, 48.0), (48.0, 48.0), (48.0, 48.0), (48.0, 48.0), (48.0, 48.0), (48.0, 48.0), (48.0, 48.0)]",0,0,5.0
novice,bomberman,10,Bomb,1,0,7.7,0.115,"[(48.0, 48.0), (62.9, 51.7), (77.9, 51.7), (98.4, 51.7), (113.3, 57.3), (115.2, 59.2), (115.2, 59.2), (115.2, 61.1), (115.2, 61.1), (115.2, 62.9), (115.2, 62.9), (115.2, 64.8), (115.2, 64.8), (115.2, 66.7), (115.2, 61.1), (115.2, 68.5), (115.2, 59.2), (115.2, 64.8), (115.2, 57.3), (115.2, 61.1), (115.2, 59.2), (115.2, 59.2), (115.2, 61.1), (115.2, 61.1), (115.2, 62.9), (115.2, 62.9), (115.2, 64.8), (115.2, 64.8), (115.2, 66.7), (115.2, 61.1), (115.2, 68.5), (115.2, 66.7), (115.2, 61.1), (115.2, 68.5), (115.2, 59.2), (115.2, 64.8), (115.2, 57.3), (115.2, 61.1), (115.2, 59.2), (115.2, 59.2), (115.2, 61.1), (115.2, 61.1), (115.2, 62.9), (115.2, 62.9), (115.2, 64.8), (115.2, 64.8), (115.2, 66.7), (115.2, 61.1), (115.2, 68.5), (115.2, 59.2), (115.2, 64.8), (115.2, 57.3), (115.2, 61.1), (115.2, 59.2), (115.2, 59.2), (115.2, 61.1), (115.2, 61.1), (115.2, 62.9), (115.2, 62.9), (115.2, 64.8), (115.2, 64.8)]",0,1,8.0
novice,bomberman,10,Bomb,1,0,-0.93,0.038,"[(48.0, 48.0), (48.0, 44.3), (48.0, 44.3), (48.0, 44.3), (48.0, 44.3), (48.0, 44.3), (48.0, 44.3), (48.0, 44.3), (48.0, 44.3), (48.0, 44.3), (48.0, 44.3), (48.0, 44.3), (48.0, 44.3), (48.0, 44.3), (48.0, 44.3), (48.0, 44.3), (48.0, 44.3), (48.0, 44.3), (48.0, 44.3), (48.0, 44.3), (48.0, 44.3), (48.0, 44.3), (48.0, 44.3), (48.0, 44.3), (48.0, 44.3), (48.0, 44.3), (48.0, 44.3), (48.0, 44.3), (48.0, 44.3), (48.0, 57.3), (44.3, 61.1)]",0,0,4.0
novice,bomberman,10,Bomb,1,0,-0.93,0.0,"[(48.0, 48.0), (44.3, 44.3), (44.3, 44.3), (44.3, 44.3), (44.3, 44.3), (44.3, 44.3), (44.3, 44.3), (44.3, 44.3), (44.3, 44.3), (44.3, 44.3), (44.3, 44.3), (44.3, 44.3), (44.3, 44.3), (44.3, 44.3), (44.3, 44.3), (44.3, 44.3), (44.3, 44.3), (44.3, 44.3), (44.3, 44.3), (44.3, 44.3), (44.3, 44.3), (44.3, 44.3), (44.3, 44.3), (44.3, 44.3), (44.3, 44.3), (44.3, 44.3), (44.3, 44.3), (44.3, 44.3), (44.3, 44.3), (44.3, 44.3), (44.3, 44.3)]",0,0,4.0
novice,bomberman,10,Bomb,2,0,1.53,0.115,"[(48.0, 48.0), (44.3, 62.9), (44.3, 77.9), (44.3, 92.8), (44.3, 107.7), (44.3, 120.8), (44.3, 120.8), (44.3, 120.8), (44.3, 120.8), (44.3, 120.8), (44.3, 120.8), (44.3, 120.8), (44.3, 120.8), (44.3, 120.8), (44.3, 120.8), (44.3, 120.8), (44.3, 120.8), (44.3, 120.8), (44.3, 120.8), (44.3, 120.8), (44.3, 128.3), (44.3, 132.0), (44.3, 132.0), (44.3, 132.0), (44.3, 132.0), (44.3, 132.0), (44.3, 132.0), (44.3, 132.0), (44.3, 132.0), (44.3, 132.0), (44.3, 132.0), (44.3, 132.0), (44.3, 132.0), (44.3, 132.0), (44.3, 132.0), (44.3, 132.0), (44.3, 132.0), (44.3, 132.0), (44.3, 132.0), (44.3, 132.0), (44.3, 132.0), (44.3, 130.1), (44.3, 126.4), (48.0, 115.2), (62.9, 115.2), (66.7, 115.2), (62.9, 115.2), (62.9, 115.2), (66.7, 115.2), (62.9, 115.2), (62.9, 115.2), (66.7, 115.2), (62.9, 115.2), (62.9, 115.2), (66.7, 115.2), (62.9, 115.2), (62.9, 115.2), (66.7, 115.2), (62.9, 115.2), (62.9, 115.2), (66.7, 115.2), (62.9, 115.2), (62.9, 115.2), (66.7, 115.2), (62.9, 115.2)]",0,0,8.55
novice,bomberman,10,Bomb,1,0,-0.93,0.0,"[(48.0, 48.0), (44.3, 44.3), (44.3, 44.3), (44.3, 44.3), (44.3, 44.3), (44.3, 44.3), (44.3, 44.3), (44.3, 44.3), (44.3, 44.3), (44.3, 44.3), (44.3, 44.3), (44.3, 44.3), (44.3, 44.3), (44.3, 44.3), (44.3, 44.3), (44.3, 44.3), (44.3, 44.3), (44.3, 44.3), (44.3, 44.3), (44.3, 44.3), (44.3, 44.3), (44.3, 44.3), (44.3, 44.3), (44.3, 44.3), (44.3, 44.3), (44.3, 44.3), (44.3, 44.3), (44.3, 44.3), (44.3, 44.3), (44.3, 44.3), (44.3, 44.3)]",0,0,4.0
novice,bomberman,10,Stuck,0,0,-0.75,0.0,"[(48.0, 48.0), (44.3, 44.3), (44.3, 44.3), (44.3, 44.3), (44.3, 44.3), (44.3, 44.3), (44.3, 44.3), (44.3, 44.3), (44.3, 44.3), (44.3, 44.3), (44.3, 44.3), (44.3, 44.3), (44.3, 44.3), (44.3, 44.3), (44.3, 44.3), (44.3, 44.3), (44.3, 44.3), (44.3, 44.3), (44.3, 44.3), (44.3, 44.3), (44.3, 44.3), (44.3, 44.3), (44.3, 44.3), (44.3, 44.3), (44.3, 44.3), (44.3, 44.3), (44.3, 44.3), (44.3, 44.3), (44.3, 44.3), (44.3, 44.3), (44.3, 44.3), (44.3, 44.3), (44.3, 44.3), (44.3, 44.3), (44.3, 44.3), (44.3, 44.3), (44.3, 44.3), (44.3, 44.3)]",0,0,5.0
novice,bomberman,10,Bomb,2,0,47.6,0.462,"[(48.0, 48.0), (53.6, 44.3), (68.5, 44.3), (83.5, 44.3), (98.4, 44.3), (113.3, 44.3), (128.3, 44.3), (143.2, 44.3), (158.1, 44.3), (173.1, 44.3), (188.0, 44.3), (202.9, 44.3), (217.9, 44.3), (232.8, 44.3), (247.7, 44.3), (262.7, 44.3), (277.6, 44.3), (292.5, 44.3), (307.5, 44.3), (322.4, 44.3), (337.3, 44.3), (352.3, 44.3), (367.2, 44.3), (382.1, 44.3), (397.1, 44.3), (412.0, 44.3), (426.9, 44.3), (436.3, 44.3), (436.3, 44.3), (436.3, 44.3), (436.3, 44.3), (436.3, 44.3), (436.3, 44.3), (436.3, 44.3), (436.3, 44.3), (436.3, 44.3), (436.3, 44.3), (436.3, 44.3), (436.3, 44.3), (436.3, 44.3), (436.3, 44.3), (436.3, 44.3), (436.3, 44.3), (436.3, 44.3), (436.3, 44.3), (436.3, 44.3), (436.3, 44.3), (436.3, 51.7), (436.3, 66.7), (428.8, 81.6), (428.8, 96.5), (428.8, 100.3), (428.8, 96.5), (428.8, 92.8), (428.8, 89.1), (428.8, 85.3), (428.8, 85.3), (428.8, 89.1), (428.8, 85.3), (428.8, 85.3), (428.8, 89.1)]",0,0,8.0
novice,bomberman,10,Stuck,0,0,46.78,0.385,"[(48.0, 48.0), (62.9, 48.0), (77.9, 48.0), (92.8, 48.0), (107.7, 48.0), (122.7, 48.0), (137.6, 48.0), (152.5, 48.0), (167.5, 48.0), (182.4, 48.0), (197.3, 48.0), (212.3, 48.0), (227.2, 48.0), (242.1, 48.0), (257.1, 48.0), (272.0, 48.0), (286.9, 48.0), (301.9, 48.0), (316.8, 44.3), (331.7, 44.3), (346.7, 44.3), (361.6, 44.3), (376.5, 44.3), (391.5, 44.3), (406.4, 44.3), (421.3, 44.3), (436.3, 44.3), (436.3, 44.3), (436.3, 44.3), (436.3, 44.3), (436.3, 44.3), (436.3, 44.3), (436.3, 44.3), (436.3, 44.3), (436.3, 44.3), (436.3, 44.3), (436.3, 44.3), (436.3, 44.3), (436.3, 44.3), (436.3, 44.3), (436.3, 44.3), (436.3, 44.3), (436.3, 44.3), (436.3, 44.3), (436.3, 44.3), (436.3, 44.3), (436.3, 44.3), (436.3, 44.3), (436.3, 44.3), (436.3, 44.3), (436.3, 44.3), (436.3, 44.3), (436.3, 44.3), (436.3, 44.3), (436.3, 44.3), (436.3, 44.3), (436.3, 44.3), (436.3, 44.3), (436.3, 44.3), (436.3, 44.3), (436.3, 44.3), (436.3, 44.3), (436.3, 44.3)]",0,0,8.3
novice,bomberman,10,Bomb,1,0,7.7,0.115,"[(48.0, 48.0), (62.9, 51.7), (77.9, 51.7), (98.4, 51.7), (113.3, 57.3), (115.2, 59.2), (115.2, 59.2), (115.2, 61.1), (115.2, 61.1), (115.2, 62.9), (115.2, 62.9), (115.2, 64.8), (115.2, 64.8), (115.2, 66.7), (115.2, 61.1), (115.2, 68.5), (115.2, 59.2), (115.2, 64.8), (115.2, 57.3), (115.2, 61.1), (115.2, 59.2), (115.2, 59.2), (115.2, 61.1), (115.2, 61.1), (115.2, 62.9), (115.2, 62.9), (115.2, 64.8), (115.2, 64.8), (115.2, 66.7), (115.2, 61.1), (115.2, 68.5), (115.2, 66.7), (115.2, 61.1), (115.2, 68.5), (115.2, 59.2), (115.2, 64.8), (115.2, 57.3), (115.2, 61.1), (115.2, 59.2), (115.2, 59.2), (115.2, 61.1), (115.2, 61.1), (115.2, 62.9), (115.2, 62.9), (115.2, 64.8), (115.2, 64.8), (115.2, 66.7), (115.2, 61.1), (115.2, 68.5), (115.2, 59.2), (115.2, 64.8), (115.2, 57.3), (115.2, 61.1), (115.2, 59.2), (115.2, 59.2), (115.2, 61.1), (115.2, 61.1), (115.2, 62.9), (115.2, 62.9), (115.2, 64.8), (115.2, 64.8)]",0,1,8.0
novice,bomberman,10,Bomb,2,0,7.0,0.115,"[(48.0, 48.0), (62.9, 51.7), (77.9, 51.7), (98.4, 51.7), (113.3, 57.3), (115.2, 72.3), (115.2, 83.5), (115.2, 83.5), (115.2, 83.5), (115.2, 83.5), (115.2, 83.5), (115.2, 83.5), (115.2, 83.5), (115.2, 83.5), (115.2, 83.5), (115.2, 83.5), (115.2, 83.5), (115.2, 83.5), (115.2, 83.5), (115.2, 83.5), (115.2, 83.5), (115.2, 83.5), (115.2, 83.5), (115.2, 83.5), (115.2, 83.5), (115.2, 83.5), (115.2, 83.5), (115.2, 83.5), (115.2, 83.5), (115.2, 83.5), (115.2, 83.5), (111.5, 83.5), (109.6, 83.5), (109.6, 83.5), (109.6, 83.5), (109.6, 83.5), (109.6, 83.5), (109.6, 83.5), (109.6, 83.5), (109.6, 83.5), (109.6, 83.5), (109.6, 83.5), (109.6, 83.5), (109.6, 83.5), (109.6, 83.5), (109.6, 83.5), (109.6, 83.5), (109.6, 83.5), (109.6, 83.5), (109.6, 83.5), (109.6, 83.5), (109.6, 83.5), (109.6, 83.5), (109.6, 83.5), (109.6, 83.5), (109.6, 83.5), (109.6, 83.5), (109.6, 83.5), (109.6, 83.5), (109.6, 83.5), (109.6, 83.5)]",0,1,8.0
novice,bomberman,10,Bomb,3,0,46.5,0.385,"[(48.0, 48.0), (62.9, 44.3), (77.9, 44.3), (92.8, 44.3), (107.7, 44.3), (122.7, 44.3), (137.6, 44.3), (152.5, 44.3), (167.5, 44.3), (182.4, 44.3), (197.3, 44.3), (212.3, 44.3), (227.2, 44.3), (242.1, 44.3), (257.1, 44.3), (272.0, 44.3), (286.9, 44.3), (301.9, 44.3), (316.8, 44.3), (331.7, 44.3), (346.7, 44.3), (361.6, 44.3), (376.5, 44.3), (378.4, 44.3), (378.4, 44.3), (378.4, 44.3), (378.4, 44.3), (378.4, 44.3), (378.4, 44.3), (378.4, 44.3), (378.4, 44.3), (393.3, 44.3), (408.3, 44.3), (423.2, 44.3), (423.2, 44.3), (423.2, 44.3), (423.2, 44.3), (423.2, 44.3), (423.2, 44.3), (423.2, 44.3), (423.2, 44.3), (423.2, 44.3), (423.2, 44.3), (434.4, 44.3), (436.3, 44.3), (436.3, 44.3), (436.3, 44.3), (436.3, 44.3), (436.3, 44.3), (436.3, 44.3), (436.3, 44.3), (436.3, 44.3), (436.3, 44.3), (436.3, 44.3), (436.3, 44.3), (436.3, 44.3), (436.3, 44.3), (436.3, 44.3), (436.3, 44.3), (436.3, 44.3), (436.3, 44.3), (436.3, 44.3), (436.3, 44.3)]",0,0,8.35
novice,bomberman,10,Bomb,1,0,-0.47,0.154,"[(48.0, 48.0), (44.3, 44.3), (44.3, 44.3), (44.3, 44.3), (44.3, 44.3), (44.3, 46.1), (44.3, 61.1), (44.3, 76.0), (44.3, 90.9), (44.3, 105.9), (44.3, 120.8), (51.7, 135.7), (51.7, 152.5), (44.3, 173.1), (44.3, 188.0), (49.9, 202.9), (51.7, 212.3), (51.7, 212.3), (51.7, 212.3), (51.7, 212.3), (51.7, 212.3), (51.7, 212.3), (51.7, 212.3), (51.7, 212.3), (51.7, 212.3), (51.7, 212.3), (51.7, 212.3), (51.7, 212.3), (51.7, 212.3), (51.7, 212.3), (51.7, 212.3), (51.7, 212.3), (51.7, 212.3), (51.7, 212.3), (51.7, 212.3), (51.7, 212.3), (51.7, 212.3), (51.7, 212.3), (51.7, 212.3), (51.7, 212.3), (51.7, 212.3), (51.7, 212.3), (51.7, 212.3), (51.7, 212.3), (51.7, 212.3), (51.7, 212.3), (51.7, 212.3), (51.7, 212.3), (51.7, 212.3), (51.7, 212.3), (51.7, 212.3), (51.7, 212.3), (51.7, 212.3), (51.7, 212.3), (51.7, 212.3), (51.7, 212.3), (51.7, 212.3), (44.3, 212.3), (44.3, 212.3), (44.3, 212.3), (44.3, 212.3)]",0,1,8.0
novice,bomberman,10,Stuck,1,0,5.92,0.0,"[(48.0, 48.0), (62.9, 51.7), (77.9, 51.7), (98.4, 51.7), (113.3, 57.3), (115.2, 72.3), (115.2, 83.5), (115.2, 83.5), (115.2, 83.5), (115.2, 83.5), (115.2, 83.5), (115.2, 83.5), (115.2, 83.5), (115.2, 83.5), (115.2, 83.5), (115.2, 83.5), (115.2, 83.5), (115.2, 83.5), (115.2, 83.5), (115.2, 83.5), (115.2, 83.5), (115.2, 83.5), (115.2, 83.5), (115.2, 83.5), (115.2, 83.5), (115.2, 83.5), (115.2, 83.5), (115.2, 83.5), (115.2, 83.5), (115.2, 83.5), (115.2, 83.5), (109.6, 83.5), (109.6, 83.5), (109.6, 83.5), (109.6, 83.5), (109.6, 83.5), (109.6, 83.5), (109.6, 83.5), (109.6, 83.5), (109.6, 83.5), (109.6, 83.5), (109.6, 83.5), (109.6, 83.5), (109.6, 83.5), (109.6, 83.5), (109.6, 83.5), (109.6, 83.5), (109.6, 83.5), (109.6, 83.5), (109.6, 83.5), (109.6, 83.5), (109.6, 83.5), (109.6, 83.5), (109.6, 83.5), (109.6, 83.5), (109.6, 83.5), (109.6, 83.5), (109.6, 83.5), (109.6, 83.5), (109.6, 83.5), (109.6, 83.5), (109.6, 83.5), (109.6, 83.5), (109.6, 83.5), (109.6, 83.5), (109.6, 83.5), (109.6, 83.5), (109.6, 83.5), (109.6, 83.5), (109.6, 83.5), (109.6, 83.5), (109.6, 83.5)]",0,0,9.47
novice,bomberman,10,Bomb,1,0,48.53,0.385,"[(48.0, 48.0), (62.9, 44.3), (77.9, 44.3), (92.8, 44.3), (107.7, 44.3), (122.7, 44.3), (137.6, 44.3), (152.5, 44.3), (167.5, 44.3), (182.4, 44.3), (197.3, 44.3), (212.3, 44.3), (227.2, 44.3), (242.1, 44.3), (257.1, 44.3), (272.0, 44.3), (286.9, 44.3), (301.9, 44.3), (316.8, 44.3), (331.7, 44.3), (346.7, 44.3), (361.6, 44.3), (376.5, 44.3), (391.5, 44.3), (406.4, 44.3), (421.3, 44.3), (436.3, 44.3), (436.3, 44.3), (436.3, 44.3), (436.3, 44.3), (436.3, 44.3), (436.3, 44.3), (436.3, 44.3), (436.3, 44.3), (436.3, 44.3), (436.3, 44.3), (436.3, 44.3), (436.3, 44.3), (436.3, 44.3), (436.3, 44.3), (436.3, 44.3), (436.3, 44.3), (436.3, 44.3), (436.3, 44.3), (436.3, 44.3), (436.3, 44.3), (436.3, 44.3), (436.3, 44.3), (436.3, 44.3), (436.3, 44.3), (436.3, 44.3), (436.3, 44.3), (436.3, 44.3), (436.3, 44.3), (436.3, 44.3), (436.3, 44.3), (436.3, 44.3), (436.3, 44.3), (436.3, 44.3), (436.3, 44.3), (436.3, 44.3)]",0,0,8.0
novice,bomberman,10,Timeout,1,0,0.0,0.154,"[(48.0, 48.0), (48.0, 48.0), (48.0, 48.0), (48.0, 48.0), (48.0, 48.0), (48.0, 49.9), (48.0, 64.8), (48.0, 79.7), (48.0, 94.7), (48.0, 109.6), (48.0, 124.5), (48.0, 139.5), (48.0, 154.4), (48.0, 158.1), (48.0, 158.1), (48.0, 154.4), (48.0, 158.1), (48.0, 158.1), (48.0, 165.6), (48.0, 161.9), (48.0, 161.9), (48.0, 165.6), (48.0, 161.9), (48.0, 161.9), (48.0, 165.6), (48.0, 161.9), (48.0, 158.1), (48.0, 154.4), (48.0, 158.1), (48.0, 158.1), (48.0, 154.4), (48.0, 150.7), (48.0, 146.9), (48.0, 154.4), (48.0, 150.7), (48.0, 161.9), (48.0, 165.6), (48.0, 161.9), (48.0, 161.9), (48.0, 165.6), (48.0, 180.5), (48.0, 195.5), (48.0, 210.4), (48.0, 212.3), (48.0, 212.3), (48.0, 212.3), (48.0, 212.3), (48.0, 212.3), (48.0, 212.3), (48.0, 212.3), (48.0, 212.3), (48.0, 212.3), (48.0, 212.3), (48.0, 212.3), (48.0, 212.3), (48.0, 212.3), (48.0, 212.3), (48.0, 212.3), (48.0, 212.3), (48.0, 212.3), (48.0, 212.3), (48.0, 212.3), (48.0, 212.3), (48.0, 212.3), (48.0, 208.5), (48.0, 193.6), (48.0, 178.7), (48.0, 163.7), (48.0, 148.8), (48.0, 133.9), (48.0, 126.4), (48.0, 126.4), (48.0, 122.7), (48.0, 126.4), (48.0, 126.4), (48.0, 122.7), (48.0, 126.4), (48.0, 126.4), (48.0, 122.7), (48.0, 126.4), (48.0, 126.4), (48.0, 122.7), (48.0, 126.4), (48.0, 126.4), (48.0, 122.7), (48.0, 126.4), (48.0, 126.4), (48.0, 122.7), (48.0, 126.4), (48.0, 126.4), (48.0, 122.7), (48.0, 126.4), (48.0, 126.4), (48.0, 122.7), (48.0, 126.4), (48.0, 141.3), (48.0, 156.3), (48.0, 171.2), (48.0, 186.1), (48.0, 201.1), (48.0, 216.0), (48.0, 216.0), (48.0, 212.3), (48.0, 216.0), (48.0, 216.0), (48.0, 212.3), (48.0, 216.0), (48.0, 216.0), (48.0, 212.3), (48.0, 216.0), (48.0, 216.0), (48.0, 212.3), (48.0, 216.0), (48.0, 216.0), (48.0, 212.3), (48.0, 216.0), (48.0, 216.0), (48.0, 212.3), (48.0, 216.0), (48.0, 216.0), (48.0, 212.3), (48.0, 202.9), (48.0, 191.7), (48.0, 195.5), (48.0, 191.7), (48.0, 176.8), (48.0, 161.9), (48.0, 146.9), (48.0, 132.0), (48.0, 128.3), (48.0, 124.5), (48.0, 124.5), (48.0, 128.3), (48.0, 124.5), (48.0, 124.5), (48.0, 128.3), (48.0, 124.5), (48.0, 124.5), (48.0, 128.3), (48.0, 124.5), (48.0, 124.5), (48.0, 128.3), (48.0, 124.5), (48.0, 124.5), (48.0, 128.3), (48.0, 124.5), (48.0, 124.5), (48.0, 128.3), (48.0, 124.5), (48.0, 124.5), (48.0, 128.3), (48.0, 124.5), (48.0, 124.5), (48.0, 128.3), (48.0, 132.0), (48.0, 146.9), (48.0, 161.9), (48.0, 176.8), (48.0, 191.7), (48.0, 206.7), (48.0, 221.6), (48.0, 225.3), (48.0, 229.1), (48.0, 225.3), (48.0, 225.3), (48.0, 229.1), (48.0, 225.3), (48.0, 225.3), (48.0, 229.1), (48.0, 225.3), (48.0, 225.3), (48.0, 229.1), (48.0, 225.3), (48.0, 225.3), (48.0, 229.1), (48.0, 225.3), (48.0, 225.3), (48.0, 229.1), (48.0, 225.3), (48.0, 225.3), (48.0, 229.1), (48.0, 225.3), (48.0, 225.3), (48.0, 229.1), (48.0, 225.3), (48.0, 210.4), (48.0, 195.5), (48.0, 180.5), (48.0, 165.6), (48.0, 150.7), (48.0, 143.2), (48.0, 143.2), (48.0, 139.5), (48.0, 143.2), (48.0, 143.2), (48.0, 139.5), (48.0, 143.2), (48.0, 143.2), (48.0, 139.5), (48.0, 143.2), (48.0, 143.2), (48.0, 139.5), (48.0, 143.2), (48.0, 143.2), (48.0, 139.5), (48.0, 143.2), (48.0, 143.2), (48.0, 139.5), (48.0, 143.2), (48.0, 143.2), (48.0, 139.5), (48.0, 154.4), (48.0, 158.1), (48.0, 161.9), (48.0, 165.6), (48.0, 180.5), (48.0, 195.5), (48.0, 210.4), (48.0, 225.3), (48.0, 229.1), (48.0, 225.3), (48.0, 225.3), (48.0, 229.1), (48.0, 225.3), (48.0, 225.3), (48.0, 229.1), (48.0, 225.3), (48.0, 225.3), (48.0, 229.1), (48.0, 225.3), (48.0, 225.3), (48.0, 229.1), (48.0, 225.3), (48.0, 225.3), (48.0, 229.1), (48.0, 225.3), (48.0, 225.3), (48.0, 229.1), (48.0, 225.3), (48.0, 225.3), (48.0, 229.1), (48.0, 225.3), (48.0, 225.3), (48.0, 229.1), (48.0, 225.3), (48.0, 210.4), (48.0, 195.5), (48.0, 180.5), (48.0, 165.6), (48.0, 150.7), (48.0, 143.2), (48.0, 143.2), (48.0, 139.5), (48.0, 143.2), (48.0, 143.2), (48.0, 139.5), (48.0, 143.2), (48.0, 143.2), (48.0, 139.5), (48.0, 143.2), (48.0, 143.2), (48.0, 139.5), (48.0, 143.2), (48.0, 143.2), (48.0, 139.5), (48.0, 143.2), (48.0, 143.2), (48.0, 139.5), (48.0, 143.2), (48.0, 143.2), (48.0, 139.5), (48.0, 154.4), (48.0, 158.1), (48.0, 161.9), (48.0, 165.6), (48.0, 180.5), (48.0, 195.5), (48.0, 210.4), (48.0, 225.3), (48.0, 229.1), (48.0, 225.3), (48.0, 225.3), (48.0, 229.1), (48.0, 225.3), (48.0, 225.3), (48.0, 229.1), (48.0, 225.3), (48.0, 225.3), (48.0, 229.1), (48.0, 225.3), (48.0, 225.3), (48.0, 229.1), (48.0, 225.3), (48.0, 225.3), (48.0, 229.1), (48.0, 225.3), (48.0, 225.3), (48.0, 229.1), (48.0, 225.3), (48.0, 225.3), (48.0, 229.1), (48.0, 225.3), (48.0, 225.3), (48.0, 229.1), (48.0, 225.3), (48.0, 210.4), (48.0, 195.5), (48.0, 180.5), (48.0, 165.6), (48.0, 150.7), (48.0, 143.2), (48.0, 143.2), (48.0, 139.5), (48.0, 143.2), (48.0, 143.2), (48.0, 139.5), (48.0, 143.2), (48.0, 143.2), (48.0, 139.5), (48.0, 143.2), (48.0, 143.2), (48.0, 139.5), (48.0, 143.2), (48.0, 143.2), (48.0, 139.5), (48.0, 143.2), (48.0, 143.2), (48.0, 139.5), (48.0, 143.2), (48.0, 143.2), (48.0, 139.5), (48.0, 154.4), (48.0, 158.1), (48.0, 161.9), (48.0, 165.6), (48.0, 180.5), (48.0, 195.5), (48.0, 210.4), (48.0, 225.3), (48.0, 229.1), (48.0, 225.3), (48.0, 225.3), (48.0, 229.1), (48.0, 225.3), (48.0, 225.3), (48.0, 229.1), (48.0, 225.3), (48.0, 225.3), (48.0, 229.1), (48.0, 225.3), (48.0, 225.3), (48.0, 229.1), (48.0, 225.3), (48.0, 225.3), (48.0, 229.1), (48.0, 225.3), (48.0, 225.3), (48.0, 229.1), (48.0, 225.3), (48.0, 225.3), (48.0, 229.1), (48.0, 225.3), (48.0, 225.3), (48.0, 229.1), (48.0, 225.3), (48.0, 210.4), (48.0, 195.5), (48.0, 180.5), (48.0, 165.6), (48.0, 150.7), (48.0, 143.2), (48.0, 143.2), (48.0, 139.5), (48.0, 143.2), (48.0, 143.2), (48.0, 139.5), (48.0, 143.2), (48.0, 143.2), (48.0, 139.5), (48.0, 143.2), (48.0, 143.2), (48.0, 139.5), (48.0, 143.2), (48.0, 143.2), (48.0, 139.5), (48.0, 143.2), (48.0, 143.2), (48.0, 139.5), (48.0, 143.2), (48.0, 143.2), (48.0, 139.5), (48.0, 154.4), (48.0, 158.1), (48.0, 161.9), (48.0, 165.6), (48.0, 180.5), (48.0, 195.5), (48.0, 210.4), (48.0, 225.3), (48.0, 229.1), (48.0, 225.3), (48.0, 225.3), (48.0, 229.1), (48.0, 225.3), (48.0, 225.3), (48.0, 229.1), (48.0, 225.3), (48.0, 225.3), (48.0, 229.1), (48.0, 225.3), (48.0, 225.3), (48.0, 229.1), (48.0, 225.3), (48.0, 225.3), (48.0, 229.1), (48.0, 225.3), (48.0, 225.3), (48.0, 229.1), (48.0, 225.3), (48.0, 225.3), (48.0, 229.1), (48.0, 227.2), (48.0, 227.2), (48.0, 223.5), (48.0, 219.7), (48.0, 204.8), (48.0, 189.9), (48.0, 174.9), (48.0, 160.0), (48.0, 145.1), (48.0, 141.3), (48.0, 141.3), (48.0, 145.1), (48.0, 141.3), (48.0, 141.3), (48.0, 145.1), (48.0, 141.3), (48.0, 141.3), (48.0, 145.1), (48.0, 141.3), (48.0, 141.3), (48.0, 145.1), (48.0, 141.3), (48.0, 141.3), (48.0, 145.1), (48.0, 141.3), (48.0, 141.3), (48.0, 145.1), (48.0, 141.3), (48.0, 141.3), (48.0, 145.1)]",0,1,60.0
novice,bomberman,10,Bomb,1,0,7.7,0.115,"[(48.0, 48.0), (62.9, 51.7), (77.9, 51.7), (98.4, 51.7), (113.3, 57.3), (115.2, 59.2), (115.2, 59.2), (115.2, 61.1), (115.2, 61.1), (115.2, 62.9), (115.2, 62.9), (115.2, 64.8), (115.2, 64.8), (115.2, 66.7), (115.2, 61.1), (115.2, 68.5), (115.2, 59.2), (115.2, 64.8), (115.2, 57.3), (115.2, 61.1), (115.2, 59.2), (115.2, 59.2), (115.2, 61.1), (115.2, 61.1), (115.2, 62.9), (115.2, 62.9), (115.2, 64.8), (115.2, 64.8), (115.2, 66.7), (115.2, 61.1), (115.2, 68.5), (115.2, 66.7), (115.2, 61.1), (115.2, 68.5), (115.2, 59.2), (115.2, 64.8), (115.2, 57.3), (115.2, 61.1), (115.2, 59.2), (115.2, 59.2), (115.2, 61.1), (115.2, 61.1), (115.2, 62.9), (115.2, 62.9), (115.2, 64.8), (115.2, 64.8), (115.2, 66.7), (115.2, 61.1), (115.2, 68.5), (115.2, 59.2), (115.2, 64.8), (115.2, 57.3), (115.2, 61.1), (115.2, 59.2), (115.2, 59.2), (115.2, 61.1), (115.2, 61.1), (115.2, 62.9), (115.2, 62.9), (115.2, 64.8), (115.2, 64.8)]",0,1,8.0
novice,bomberman,10,Bomb,2,0,47.6,0.462,"[(48.0, 48.0), (53.6, 44.3), (68.5, 44.3), (83.5, 44.3), (98.4, 44.3), (113.3, 44.3), (128.3, 44.3), (143.2, 44.3), (158.1, 44.3), (173.1, 44.3), (188.0, 44.3), (202.9, 44.3), (217.9, 44.3), (232.8, 44.3), (247.7, 44.3), (262.7, 44.3), (277.6, 44.3), (292.5, 44.3), (307.5, 44.3), (322.4, 44.3), (337.3, 44.3), (352.3, 44.3), (367.2, 44.3), (382.1, 44.3), (397.1, 44.3), (412.0, 44.3), (426.9, 44.3), (436.3, 44.3), (436.3, 44.3), (436.3, 44.3), (436.3, 44.3), (436.3, 44.3), (436.3, 44.3), (436.3, 44.3), (436.3, 44.3), (436.3, 44.3), (436.3, 44.3), (436.3, 44.3), (436.3, 44.3), (436.3, 44.3), (436.3, 44.3), (436.3, 44.3), (436.3, 44.3), (436.3, 44.3), (436.3, 44.3), (436.3, 44.3), (436.3, 44.3), (436.3, 51.7), (436.3, 66.7), (428.8, 81.6), (428.8, 96.5), (428.8, 100.3), (428.8, 96.5), (428.8, 92.8), (428.8, 89.1), (428.8, 85.3), (428.8, 85.3), (428.8, 89.1), (428.8, 85.3), (428.8, 85.3), (428.8, 89.1)]",0,0,8.0
novice,bomberman,10,Bomb,1,0,48.53,0.385,"[(48.0, 48.0), (62.9, 44.3), (77.9, 44.3), (92.8, 44.3), (107.7, 44.3), (122.7, 44.3), (137.6, 44.3), (152.5, 44.3), (167.5, 44.3), (182.4, 44.3), (197.3, 44.3), (212.3, 44.3), (227.2, 44.3), (242.1, 44.3), (257.1, 44.3), (272.0, 44.3), (286.9, 44.3), (301.9, 44.3), (316.8, 44.3), (331.7, 44.3), (346.7, 44.3), (361.6, 44.3), (376.5, 44.3), (391.5, 44.3), (406.4, 44.3), (421.3, 44.3), (436.3, 44.3), (436.3, 44.3), (436.3, 44.3), (436.3, 44.3), (436.3, 44.3), (436.3, 44.3), (436.3, 44.3), (436.3, 44.3), (436.3, 44.3), (436.3, 44.3), (436.3, 44.3), (436.3, 44.3), (436.3, 44.3), (436.3, 44.3), (436.3, 44.3), (436.3, 44.3), (436.3, 44.3), (436.3, 44.3), (436.3, 44.3), (436.3, 44.3), (436.3, 44.3), (436.3, 44.3), (436.3, 44.3), (436.3, 44.3), (436.3, 44.3), (436.3, 44.3), (436.3, 44.3), (436.3, 44.3), (436.3, 44.3), (436.3, 44.3), (436.3, 44.3), (436.3, 44.3), (436.3, 44.3), (436.3, 44.3), (436.3, 44.3)]",0,0,8.0
novice,bomberman,10,Bomb,3,0,46.5,0.385,"[(48.0, 48.0), (62.9, 44.3), (77.9, 44.3), (92.8, 44.3), (107.7, 44.3), (122.7, 44.3), (137.6, 44.3), (152.5, 44.3), (167.5, 44.3), (182.4, 44.3), (197.3, 44.3), (212.3, 44.3), (227.2, 44.3), (242.1, 44.3), (257.1, 44.3), (272.0, 44.3), (286.9, 44.3), (301.9, 44.3), (316.8, 44.3), (331.7, 44.3), (346.7, 44.3), (361.6, 44.3), (376.5, 44.3), (378.4, 44.3), (378.4, 44.3), (378.4, 44.3), (378.4, 44.3), (378.4, 44.3), (378.4, 44.3), (378.4, 44.3), (378.4, 44.3), (393.3, 44.3), (408.3, 44.3), (423.2, 44.3), (423.2, 44.3), (423.2, 44.3), (423.2, 44.3), (423.2, 44.3), (423.2, 44.3), (423.2, 44.3), (423.2, 44.3), (423.2, 44.3), (423.2, 44.3), (434.4, 44.3), (436.3, 44.3), (436.3, 44.3), (436.3, 44.3), (436.3, 44.3), (436.3, 44.3), (436.3, 44.3), (436.3, 44.3), (436.3, 44.3), (436.3, 44.3), (436.3, 44.3), (436.3, 44.3), (436.3, 44.3), (436.3, 44.3), (436.3, 44.3), (436.3, 44.3), (436.3, 44.3), (436.3, 44.3), (436.3, 44.3), (436.3, 44.3)]",0,0,8.35
novice,bomberman,10,Stuck,0,0,46.78,0.385,"[(48.0, 48.0), (62.9, 48.0), (77.9, 48.0), (92.8, 48.0), (107.7, 48.0), (122.7, 48.0), (137.6, 48.0), (152.5, 48.0), (167.5, 48.0), (182.4, 48.0), (197.3, 48.0), (212.3, 48.0), (227.2, 48.0), (242.1, 48.0), (257.1, 48.0), (272.0, 48.0), (286.9, 48.0), (301.9, 48.0), (316.8, 44.3), (331.7, 44.3), (346.7, 44.3), (361.6, 44.3), (376.5, 44.3), (391.5, 44.3), (406.4, 44.3), (421.3, 44.3), (436.3, 44.3), (436.3, 44.3), (436.3, 44.3), (436.3, 44.3), (436.3, 44.3), (436.3, 44.3), (436.3, 44.3), (436.3, 44.3), (436.3, 44.3), (436.3, 44.3), (436.3, 44.3), (436.3, 44.3), (436.3, 44.3), (436.3, 44.3), (436.3, 44.3), (436.3, 44.3), (436.3, 44.3), (436.3, 44.3), (436.3, 44.3), (436.3, 44.3), (436.3, 44.3), (436.3, 44.3), (436.3, 44.3), (436.3, 44.3), (436.3, 44.3), (436.3, 44.3), (436.3, 44.3), (436.3, 44.3), (436.3, 44.3), (436.3, 44.3), (436.3, 44.3), (436.3, 44.3), (436.3, 44.3), (436.3, 44.3), (436.3, 44.3), (436.3, 44.3), (436.3, 44.3)]",0,0,8.3
novice,bomberman,10,Bomb,1,0,7.7,0.115,"[(48.0, 48.0), (62.9, 51.7), (77.9, 51.7), (98.4, 51.7), (113.3, 57.3), (115.2, 59.2), (115.2, 59.2), (115.2, 61.1), (115.2, 61.1), (115.2, 62.9), (115.2, 62.9), (115.2, 64.8), (115.2, 64.8), (115.2, 66.7), (115.2, 61.1), (115.2, 68.5), (115.2, 59.2), (115.2, 64.8), (115.2, 57.3), (115.2, 61.1), (115.2, 59.2), (115.2, 59.2), (115.2, 61.1), (115.2, 61.1), (115.2, 62.9), (115.2, 62.9), (115.2, 64.8), (115.2, 64.8), (115.2, 66.7), (115.2, 61.1), (115.2, 68.5), (115.2, 66.7), (115.2, 61.1), (115.2, 68.5), (115.2, 59.2), (115.2, 64.8), (115.2, 57.3), (115.2, 61.1), (115.2, 59.2), (115.2, 59.2), (115.2, 61.1), (115.2, 61.1), (115.2, 62.9), (115.2, 62.9), (115.2, 64.8), (115.2, 64.8), (115.2, 66.7), (115.2, 61.1), (115.2, 68.5), (115.2, 59.2), (115.2, 64.8), (115.2, 57.3), (115.2, 61.1), (115.2, 59.2), (115.2, 59.2), (115.2, 61.1), (115.2, 61.1), (115.2, 62.9), (115.2, 62.9), (115.2, 64.8), (115.2, 64.8)]",0,1,8.0
novice,bomberman,10,Stuck,0,0,0.0,0.0,"[(48.0, 48.0), (48.0, 44.3), (48.0, 44.3), (48.0, 44.3), (48.0, 44.3), (48.0, 44.3), (48.0, 44.3), (48.0, 44.3), (48.0, 44.3), (48.0, 44.3), (48.0, 44.3), (48.0, 44.3), (48.0, 44.3), (48.0, 44.3), (48.0, 44.3), (48.0, 44.3), (48.0, 44.3), (48.0, 44.3), (48.0, 44.3), (48.0, 44.3), (48.0, 44.3), (48.0, 44.3), (48.0, 44.3), (48.0, 44.3), (48.0, 44.3), (48.0, 44.3), (48.0, 44.3), (48.0, 44.3), (48.0, 44.3), (48.0, 44.3), (48.0, 44.3), (48.0, 44.3), (48.0, 44.3), (48.0, 44.3), (48.0, 44.3), (48.0, 44.3), (48.0, 44.3), (48.0, 44.3)]",0,0,5.0
novice,bomberman,10,Bomb,1,0,48.53,0.385,"[(48.0, 48.0), (62.9, 44.3), (77.9, 44.3), (92.8, 44.3), (107.7, 44.3), (122.7, 44.3), (137.6, 44.3), (152.5, 44.3), (167.5, 44.3), (182.4, 44.3), (197.3, 44.3), (212.3, 44.3), (227.2, 44.3), (242.1, 44.3), (257.1, 44.3), (272.0, 44.3), (286.9, 44.3), (301.9, 44.3), (316.8, 44.3), (331.7, 44.3), (346.7, 44.3), (361.6, 44.3), (376.5, 44.3), (391.5, 44.3), (406.4, 44.3), (421.3, 44.3), (436.3, 44.3), (436.3, 44.3), (436.3, 44.3), (436.3, 44.3), (436.3, 44.3), (436.3, 44.3), (436.3, 44.3), (436.3, 44.3), (436.3, 44.3), (436.3, 44.3), (436.3, 44.3), (436.3, 44.3), (436.3, 44.3), (436.3, 44.3), (436.3, 44.3), (436.3, 44.3), (436.3, 44.3), (436.3, 44.3), (436.3, 44.3), (436.3, 44.3), (436.3, 44.3), (436.3, 44.3), (436.3, 44.3), (436.3, 44.3), (436.3, 44.3), (436.3, 44.3), (436.3, 44.3), (436.3, 44.3), (436.3, 44.3), (436.3, 44.3), (436.3, 44.3), (436.3, 44.3), (436.3, 44.3), (436.3, 44.3), (436.3, 44.3)]",0,0,8.0
novice,bomberman,10,Bomb,45,0,7.0,0.115,"[(48.0, 48.0), (62.9, 51.7), (77.9, 51.7), (98.4, 51.7), (113.3, 57.3), (111.5, 61.1), (115.2, 64.8), (111.5, 61.1), (111.5, 61.1), (115.2, 64.8), (111.5, 61.1), (111.5, 61.1), (115.2, 64.8), (111.5, 61.1), (111.5, 61.1), (115.2, 64.8), (111.5, 61.1), (111.5, 61.1), (115.2, 64.8), (111.5, 61.1), (111.5, 61.1), (115.2, 64.8), (111.5, 61.1), (111.5, 61.1), (115.2, 64.8), (111.5, 61.1), (111.5, 61.1), (115.2, 64.8), (111.5, 61.1), (111.5, 61.1), (115.2, 64.8), (111.5, 61.1), (111.5, 61.1), (115.2, 64.8), (111.5, 61.1), (111.5, 61.1), (115.2, 64.8), (111.5, 68.5), (109.6, 83.5), (109.6, 83.5), (109.6, 83.5), (109.6, 83.5), (109.6, 83.5), (109.6, 83.5), (109.6, 83.5), (109.6, 83.5), (109.6, 83.5), (109.6, 83.5), (109.6, 83.5), (109.6, 83.5), (109.6, 83.5), (109.6, 83.5), (109.6, 83.5), (109.6, 83.5), (109.6, 83.5), (109.6, 83.5), (109.6, 83.5), (109.6, 83.5), (109.6, 83.5), (109.6, 83.5), (109.6, 83.5)]",0,1,8.0
novice,bomberman,10,Bomb,2,0,4.2,0.0,"[(48.0, 48.0), (48.0, 44.3), (48.0, 44.3), (48.0, 44.3), (48.0, 44.3), (48.0, 44.3), (48.0, 44.3), (48.0, 44.3), (55.5, 44.3), (64.8, 44.3), (64.8, 44.3), (64.8, 44.3), (64.8, 44.3), (64.8, 44.3), (64.8, 44.3), (64.8, 44.3), (64.8, 44.3), (64.8, 44.3), (64.8, 44.3), (64.8, 44.3), (64.8, 44.3), (64.8, 44.3), (64.8, 44.3), (64.8, 44.3), (64.8, 44.3), (64.8, 44.3), (64.8, 44.3), (64.8, 44.3), (64.8, 44.3), (64.8, 44.3), (64.8, 44.3)]",0,0,4.0
novice,bomberman,10,Timeout,1,0,0.06,0.154,"[(48.0, 48.0), (48.0, 48.0), (48.0, 48.0), (48.0, 59.2), (48.0, 74.1), (48.0, 89.1), (48.0, 104.0), (48.0, 118.9), (48.0, 133.9), (48.0, 148.8), (48.0, 163.7), (48.0, 163.7), (48.0, 160.0), (48.0, 163.7), (48.0, 163.7), (48.0, 160.0), (48.0, 163.7), (48.0, 163.7), (48.0, 160.0), (48.0, 163.7), (48.0, 163.7), (48.0, 160.0), (48.0, 163.7), (48.0, 163.7), (48.0, 160.0), (48.0, 163.7), (48.0, 163.7), (48.0, 160.0), (48.0, 163.7), (48.0, 163.7), (48.0, 160.0), (48.0, 150.7), (48.0, 150.7), (48.0, 154.4), (48.0, 161.9), (48.0, 161.9), (48.0, 165.6), (48.0, 169.3), (48.0, 184.3), (48.0, 199.2), (48.0, 212.3), (48.0, 212.3), (48.0, 212.3), (48.0, 212.3), (48.0, 212.3), (48.0, 212.3), (48.0, 212.3), (48.0, 212.3), (48.0, 212.3), (48.0, 212.3), (48.0, 212.3), (48.0, 212.3), (48.0, 212.3), (48.0, 212.3), (48.0, 212.3), (48.0, 212.3), (48.0, 212.3), (48.0, 212.3), (48.0, 212.3), (48.0, 212.3), (48.0, 212.3), (51.7, 212.3), (51.7, 212.3), (51.7, 212.3), (51.7, 208.5), (51.7, 193.6), (51.7, 178.7), (51.7, 163.7), (51.7, 148.8), (51.7, 133.9), (51.7, 130.1), (51.7, 130.1), (51.7, 122.7), (51.7, 126.4), (51.7, 126.4), (51.7, 122.7), (51.7, 126.4), (51.7, 126.4), (51.7, 122.7), (51.7, 126.4), (51.7, 126.4), (51.7, 122.7), (51.7, 126.4), (51.7, 126.4), (51.7, 122.7), (51.7, 126.4), (51.7, 126.4), (51.7, 122.7), (51.7, 126.4), (51.7, 126.4), (51.7, 122.7), (51.7, 126.4), (51.7, 126.4), (51.7, 122.7), (51.7, 126.4), (51.7, 141.3), (51.7, 156.3), (51.7, 171.2), (51.7, 186.1), (51.7, 201.1), (51.7, 216.0), (51.7, 227.2), (51.7, 223.5), (51.7, 227.2), (51.7, 227.2), (51.7, 223.5), (51.7, 227.2), (51.7, 227.2), (51.7, 223.5), (51.7, 227.2), (51.7, 227.2), (51.7, 223.5), (51.7, 227.2), (51.7, 227.2), (51.7, 223.5), (51.7, 227.2), (51.7, 227.2), (51.7, 223.5), (51.7, 227.2), (51.7, 227.2), (51.7, 223.5), (51.7, 208.5), (51.7, 193.6), (51.7, 189.9), (51.7, 186.1), (51.7, 171.2), (51.7, 156.3), (51.7, 141.3), (51.7, 137.6), (51.7, 133.9), (51.7, 130.1), (51.7, 130.1), (51.7, 122.7), (51.7, 126.4), (51.7, 126.4), (51.7, 122.7), (51.7, 126.4), (51.7, 126.4), (51.7, 122.7), (51.7, 126.4), (51.7, 126.4), (51.7, 122.7), (51.7, 126.4), (51.7, 126.4), (51.7, 122.7), (51.7, 126.4), (51.7, 126.4), (51.7, 122.7), (51.7, 126.4), (51.7, 126.4), (51.7, 122.7), (51.7, 126.4), (51.7, 126.4), (51.7, 122.7), (51.7, 126.4), (51.7, 141.3), (51.7, 156.3), (51.7, 171.2), (51.7, 186.1), (51.7, 201.1), (51.7, 216.0), (51.7, 227.2), (51.7, 223.5), (51.7, 227.2), (51.7, 227.2), (51.7, 223.5), (51.7, 227.2), (51.7, 227.2), (51.7, 223.5), (51.7, 227.2), (51.7, 227.2), (51.7, 223.5), (51.7, 227.2), (51.7, 227.2), (51.7, 223.5), (51.7, 227.2), (51.7, 227.2), (51.7, 223.5), (51.7, 227.2), (51.7, 227.2), (51.7, 223.5), (51.7, 208.5), (51.7, 193.6), (51.7, 189.9), (51.7, 186.1), (51.7, 171.2), (51.7, 156.3), (51.7, 141.3), (51.7, 137.6), (51.7, 133.9), (51.7, 137.6), (51.7, 130.1), (51.7, 122.7), (51.7, 126.4), (51.7, 126.4), (51.7, 122.7), (51.7, 126.4), (51.7, 126.4), (51.7, 122.7), (51.7, 126.4), (51.7, 126.4), (51.7, 122.7), (51.7, 126.4), (51.7, 126.4), (51.7, 122.7), (51.7, 126.4), (51.7, 126.4), (51.7, 122.7), (51.7, 126.4), (51.7, 126.4), (51.7, 122.7), (51.7, 126.4), (51.7, 126.4), (51.7, 122.7), (51.7, 126.4), (51.7, 141.3), (51.7, 156.3), (51.7, 171.2), (51.7, 186.1), (51.7, 201.1), (51.7, 216.0), (51.7, 227.2), (51.7, 223.5), (51.7, 227.2), (51.7, 227.2), (51.7, 223.5), (51.7, 227.2), (51.7, 227.2), (51.7, 223.5), (51.7, 227.2), (51.7, 227.2), (51.7, 223.5), (51.7, 227.2), (51.7, 227.2), (51.7, 223.5), (51.7, 227.2), (51.7, 227.2), (51.7, 223.5), (51.7, 227.2), (51.7, 227.2), (51.7, 223.5), (51.7, 208.5), (51.7, 193.6), (51.7, 189.9), (51.7, 186.1), (51.7, 171.2), (51.7, 156.3), (51.7, 141.3), (51.7, 137.6), (51.7, 133.9), (51.7, 137.6), (51.7, 130.1), (51.7, 122.7), (51.7, 126.4), (51.7, 126.4), (51.7, 122.7), (51.7, 126.4), (51.7, 126.4), (51.7, 122.7), (51.7, 126.4), (51.7, 126.4), (51.7, 122.7), (51.7, 126.4), (51.7, 126.4), (51.7, 122.7), (51.7, 126.4), (51.7, 126.4), (51.7, 122.7), (51.7, 126.4), (51.7, 126.4), (51.7, 122.7), (51.7, 126.4), (51.7, 126.4), (51.7, 122.7), (51.7, 126.4), (51.7, 141.3), (51.7, 156.3), (51.7, 171.2), (51.7, 186.1), (51.7, 201.1), (51.7, 216.0), (51.7, 227.2), (51.7, 223.5), (51.7, 227.2), (51.7, 227.2), (51.7, 223.5), (51.7, 227.2), (51.7, 227.2), (51.7, 223.5), (51.7, 227.2), (51.7, 227.2), (51.7, 223.5), (51.7, 227.2), (51.7, 227.2), (51.7, 223.5), (51.7, 227.2), (51.7, 227.2), (51.7, 223.5), (51.7, 227.2), (51.7, 227.2), (51.7, 223.5), (51.7, 208.5), (51.7, 193.6), (51.7, 189.9), (51.7, 186.1), (51.7, 171.2), (51.7, 156.3), (51.7, 141.3), (51.7, 137.6), (51.7, 133.9), (51.7, 137.6), (51.7, 130.1), (51.7, 122.7), (51.7, 126.4), (51.7, 126.4), (51.7, 122.7), (51.7, 126.4), (51.7, 126.4), (51.7, 122.7), (51.7, 126.4), (51.7, 126.4), (51.7, 122.7), (51.7, 126.4), (51.7, 126.4), (51.7, 122.7), (51.7, 126.4), (51.7, 126.4), (51.7, 122.7), (51.7, 126.4), (51.7, 126.4), (51.7, 122.7), (51.7, 126.4), (51.7, 126.4), (51.7, 122.7), (51.7, 126.4), (51.7, 141.3), (51.7, 156.3), (51.7, 171.2), (51.7, 186.1), (51.7, 201.1), (51.7, 216.0), (51.7, 227.2), (51.7, 223.5), (51.7, 227.2), (51.7, 227.2), (51.7, 223.5), (51.7, 227.2), (51.7, 227.2), (51.7, 223.5), (51.7, 227.2), (51.7, 227.2), (51.7, 223.5), (51.7, 227.2), (51.7, 227.2), (51.7, 223.5), (51.7, 227.2), (51.7, 227.2), (51.7, 223.5), (51.7, 227.2), (51.7, 227.2), (51.7, 223.5), (51.7, 208.5), (51.7, 193.6), (51.7, 189.9), (51.7, 186.1), (51.7, 171.2), (51.7, 156.3), (51.7, 141.3), (51.7, 137.6), (51.7, 133.9), (51.7, 130.1), (51.7, 130.1), (51.7, 122.7), (51.7, 126.4), (51.7, 126.4), (51.7, 122.7), (51.7, 126.4), (51.7, 126.4), (51.7, 122.7), (51.7, 126.4), (51.7, 126.4), (51.7, 122.7), (51.7, 126.4), (51.7, 126.4), (51.7, 122.7), (51.7, 126.4), (51.7, 126.4), (51.7, 122.7), (51.7, 126.4), (51.7, 126.4), (51.7, 122.7), (51.7, 126.4), (51.7, 126.4), (51.7, 122.7), (51.7, 126.4), (51.7, 141.3), (51.7, 156.3), (51.7, 171.2), (51.7, 186.1), (51.7, 201.1), (51.7, 216.0), (51.7, 227.2), (51.7, 223.5), (51.7, 227.2), (51.7, 227.2), (51.7, 223.5), (51.7, 227.2), (51.7, 227.2), (51.7, 223.5), (51.7, 227.2), (51.7, 227.2), (51.7, 223.5), (51.7, 227.2), (51.7, 227.2), (51.7, 223.5), (51.7, 227.2), (51.7, 227.2), (51.7, 223.5), (51.7, 227.2), (51.7, 227.2), (51.7, 223.5), (51.7, 208.5), (51.7, 193.6), (51.7, 189.9), (51.7, 186.1), (51.7, 171.2), (51.7, 156.3), (51.7, 141.3), (51.7, 137.6), (51.7, 133.9), (51.7, 130.1), (51.7, 130.1), (51.7, 122.7), (51.7, 126.4), (51.7, 126.4), (51.7, 122.7), (51.7, 126.4), (51.7, 126.4), (51.7, 122.7), (51.7, 126.4), (51.7, 126.4), (51.7, 122.7), (51.7, 126.4), (51.7, 126.4), (51.7, 122.7), (51.7, 126.4), (51.7, 126.4), (51.7, 122.7), (51.7, 126.4), (51.7, 126.4), (51.7, 122.7)]",0,1,60.0
novice,bomberman,10,Bomb,2,0,47.6,0.462,"[(48.0, 48.0), (53.6, 44.3), (68.5, 44.3), (83.5, 44.3), (98.4, 44.3), (113.3, 44.3), (128.3, 44.3), (143.2, 44.3), (158.1, 44.3), (173.1, 44.3), (188.0, 44.3), (202.9, 44.3), (217.9, 44.3), (232.8, 44.3), (247.7, 44.3), (262.7, 44.3), (277.6, 44.3), (292.5, 44.3), (307.5, 44.3), (322.4, 44.3), (337.3, 44.3), (352.3, 44.3), (367.2, 44.3), (382.1, 44.3), (397.1, 44.3), (412.0, 44.3), (426.9, 44.3), (436.3, 44.3), (436.3, 44.3), (436.3, 44.3), (436.3, 44.3), (436.3, 44.3), (436.3, 44.3), (436.3, 44.3), (436.3, 44.3), (436.3, 44.3), (436.3, 44.3), (436.3, 44.3), (436.3, 44.3), (436.3, 44.3), (436.3, 44.3), (436.3, 44.3), (436.3, 44.3), (436.3, 44.3), (436.3, 44.3), (436.3, 44.3), (436.3, 44.3), (436.3, 51.7), (436.3, 66.7), (428.8, 81.6), (428.8, 96.5), (428.8, 100.3), (428.8, 96.5), (428.8, 92.8), (428.8, 89.1), (428.8, 85.3), (428.8, 85.3), (428.8, 89.1), (428.8, 85.3), (428.8, 85.3), (428.8, 89.1)]",0,0,8.0
novice,bomberman,10,Bomb,1,0,48.53,0.385,"[(48.0, 48.0), (62.9, 44.3), (77.9, 44.3), (92.8, 44.3), (107.7, 44.3), (122.7, 44.3), (137.6, 44.3), (152.5, 44.3), (167.5, 44.3), (182.4, 44.3), (197.3, 44.3), (212.3, 44.3), (227.2, 44.3), (242.1, 44.3), (257.1, 44.3), (272.0, 44.3), (286.9, 44.3), (301.9, 44.3), (316.8, 44.3), (331.7, 44.3), (346.7, 44.3), (361.6, 44.3), (376.5, 44.3), (391.5, 44.3), (406.4, 44.3), (421.3, 44.3), (436.3, 44.3), (436.3, 44.3), (436.3, 44.3), (436.3, 44.3), (436.3, 44.3), (436.3, 44.3), (436.3, 44.3), (436.3, 44.3), (436.3, 44.3), (436.3, 44.3), (436.3, 44.3), (436.3, 44.3), (436.3, 44.3), (436.3, 44.3), (436.3, 44.3), (436.3, 44.3), (436.3, 44.3), (436.3, 44.3), (436.3, 44.3), (436.3, 44.3), (436.3, 44.3), (436.3, 44.3), (436.3, 44.3), (436.3, 44.3), (436.3, 44.3), (436.3, 44.3), (436.3, 44.3), (436.3, 44.3), (436.3, 44.3), (436.3, 44.3), (436.3, 44.3), (436.3, 44.3), (436.3, 44.3), (436.3, 44.3), (436.3, 44.3)]",0,0,8.0
novice,bomberman,10,Bomb,3,0,46.5,0.385,"[(48.0, 48.0), (62.9, 44.3), (77.9, 44.3), (92.8, 44.3), (107.7, 44.3), (122.7, 44.3), (137.6, 44.3), (152.5, 44.3), (167.5, 44.3), (182.4, 44.3), (197.3, 44.3), (212.3, 44.3), (227.2, 44.3), (242.1, 44.3), (257.1, 44.3), (272.0, 44.3), (286.9, 44.3), (301.9, 44.3), (316.8, 44.3), (331.7, 44.3), (346.7, 44.3), (361.6, 44.3), (376.5, 44.3), (378.4, 44.3), (378.4, 44.3), (378.4, 44.3), (378.4, 44.3), (378.4, 44.3), (378.4, 44.3), (378.4, 44.3), (378.4, 44.3), (393.3, 44.3), (408.3, 44.3), (423.2, 44.3), (423.2, 44.3), (423.2, 44.3), (423.2, 44.3), (423.2, 44.3), (423.2, 44.3), (423.2, 44.3), (423.2, 44.3), (423.2, 44.3), (423.2, 44.3), (434.4, 44.3), (436.3, 44.3), (436.3, 44.3), (436.3, 44.3), (436.3, 44.3), (436.3, 44.3), (436.3, 44.3), (436.3, 44.3), (436.3, 44.3), (436.3, 44.3), (436.3, 44.3), (436.3, 44.3), (436.3, 44.3), (436.3, 44.3), (436.3, 44.3), (436.3, 44.3), (436.3, 44.3), (436.3, 44.3), (436.3, 44.3), (436.3, 44.3)]",0,0,8.35
novice,bomberman,10,Bomb,1,0,48.53,0.385,"[(48.0, 48.0), (62.9, 44.3), (77.9, 44.3), (92.8, 44.3), (107.7, 44.3), (122.7, 44.3), (137.6, 44.3), (152.5, 44.3), (167.5, 44.3), (182.4, 44.3), (197.3, 44.3), (212.3, 44.3), (227.2, 44.3), (242.1, 44.3), (257.1, 44.3), (272.0, 44.3), (286.9, 44.3), (301.9, 44.3), (316.8, 44.3), (331.7, 44.3), (346.7, 44.3), (361.6, 44.3), (376.5, 44.3), (391.5, 44.3), (406.4, 44.3), (421.3, 44.3), (436.3, 44.3), (436.3, 44.3), (436.3, 44.3), (436.3, 44.3), (436.3, 44.3), (436.3, 44.3), (436.3, 44.3), (436.3, 44.3), (436.3, 44.3), (436.3, 44.3), (436.3, 44.3), (436.3, 44.3), (436.3, 44.3), (436.3, 44.3), (436.3, 44.3), (436.3, 44.3), (436.3, 44.3), (436.3, 44.3), (436.3, 44.3), (436.3, 44.3), (436.3, 44.3), (436.3, 44.3), (436.3, 44.3), (436.3, 44.3), (436.3, 44.3), (436.3, 44.3), (436.3, 44.3), (436.3, 44.3), (436.3, 44.3), (436.3, 44.3), (436.3, 44.3), (436.3, 44.3), (436.3, 44.3), (436.3, 44.3), (436.3, 44.3)]",0,0,8.0
novice,bomberman,10,Stuck,0,0,0.0,0.0,"[(48.0, 48.0), (48.0, 44.3), (48.0, 44.3), (48.0, 44.3), (48.0, 44.3), (48.0, 44.3), (48.0, 44.3), (48.0, 44.3), (48.0, 44.3), (48.0, 44.3), (48.0, 44.3), (48.0, 44.3), (48.0, 44.3), (48.0, 44.3), (48.0, 44.3), (48.0, 44.3), (48.0, 44.3), (48.0, 44.3), (48.0, 44.3), (48.0, 44.3), (48.0, 44.3), (48.0, 44.3), (48.0, 44.3), (48.0, 44.3), (48.0, 44.3), (48.0, 44.3), (48.0, 44.3), (48.0, 44.3), (48.0, 44.3), (48.0, 44.3), (48.0, 44.3), (48.0, 44.3), (48.0, 44.3), (48.0, 44.3), (48.0, 44.3), (48.0, 44.3), (48.0, 44.3), (48.0, 44.3)]",0,0,5.0
novice,bomberman,10,Timeout,1,0,0.06,0.154,"[(48.0, 48.0), (48.0, 44.3), (48.0, 44.3), (48.0, 44.3), (48.0, 44.3), (48.0, 44.3), (48.0, 44.3), (48.0, 48.0), (48.0, 62.9), (48.0, 77.9), (48.0, 92.8), (48.0, 107.7), (48.0, 122.7), (48.0, 137.6), (48.0, 137.6), (48.0, 133.9), (48.0, 137.6), (48.0, 137.6), (48.0, 133.9), (48.0, 137.6), (48.0, 137.6), (48.0, 133.9), (48.0, 137.6), (48.0, 137.6), (48.0, 133.9), (48.0, 137.6), (48.0, 137.6), (48.0, 133.9), (48.0, 137.6), (48.0, 137.6), (48.0, 133.9), (48.0, 124.5), (48.0, 124.5), (48.0, 128.3), (48.0, 132.0), (48.0, 135.7), (48.0, 139.5), (48.0, 143.2), (48.0, 143.2), (48.0, 139.5), (48.0, 143.2), (48.0, 146.9), (48.0, 150.7), (48.0, 154.4), (48.0, 154.4), (48.0, 150.7), (48.0, 154.4), (48.0, 154.4), (48.0, 161.9), (48.0, 176.8), (48.0, 191.7), (48.0, 206.7), (48.0, 212.3), (48.0, 212.3), (48.0, 212.3), (48.0, 212.3), (48.0, 212.3), (48.0, 212.3), (48.0, 212.3), (48.0, 212.3), (48.0, 212.3), (51.7, 208.5), (51.7, 204.8), (51.7, 201.1), (51.7, 197.3), (51.7, 182.4), (51.7, 167.5), (51.7, 152.5), (51.7, 137.6), (51.7, 122.7), (51.7, 107.7), (51.7, 92.8), (51.7, 77.9), (51.7, 70.4), (51.7, 70.4), (51.7, 66.7), (51.7, 70.4), (51.7, 70.4), (51.7, 66.7), (51.7, 70.4), (51.7, 70.4), (51.7, 66.7), (51.7, 70.4), (51.7, 70.4), (51.7, 66.7), (51.7, 70.4), (51.7, 70.4), (51.7, 66.7), (51.7, 70.4), (51.7, 70.4), (51.7, 66.7), (51.7, 81.6), (51.7, 96.5), (51.7, 111.5), (51.7, 126.4), (51.7, 141.3), (51.7, 156.3), (51.7, 160.0), (51.7, 160.0), (51.7, 156.3), (51.7, 160.0), (51.7, 160.0), (51.7, 156.3), (51.7, 160.0), (51.7, 160.0), (51.7, 156.3), (51.7, 160.0), (51.7, 160.0), (51.7, 156.3), (51.7, 160.0), (51.7, 160.0), (51.7, 156.3), (51.7, 160.0), (51.7, 160.0), (51.7, 156.3), (51.7, 160.0), (51.7, 160.0), (51.7, 156.3), (51.7, 160.0), (51.7, 160.0), (51.7, 156.3), (51.7, 160.0), (51.7, 160.0), (51.7, 156.3), (51.7, 152.5), (51.7, 152.5), (51.7, 156.3), (51.7, 152.5), (51.7, 152.5), (51.7, 156.3), (51.7, 160.0), (51.7, 163.7), (51.7, 178.7), (51.7, 193.6), (51.7, 208.5), (51.7, 223.5), (51.7, 227.2), (51.7, 227.2), (51.7, 223.5), (51.7, 227.2), (51.7, 227.2), (51.7, 223.5), (51.7, 227.2), (51.7, 227.2), (51.7, 223.5), (51.7, 227.2), (51.7, 227.2), (51.7, 223.5), (51.7, 227.2), (51.7, 227.2), (51.7, 223.5), (51.7, 208.5), (51.7, 208.5), (51.7, 212.3), (51.7, 208.5), (51.7, 193.6), (51.7, 178.7), (51.7, 163.7), (51.7, 148.8), (51.7, 133.9), (51.7, 118.9), (51.7, 104.0), (51.7, 89.1), (51.7, 74.1), (51.7, 70.4), (51.7, 66.7), (51.7, 70.4), (51.7, 70.4), (51.7, 66.7), (51.7, 70.4), (51.7, 70.4), (51.7, 66.7), (51.7, 70.4), (51.7, 70.4), (51.7, 66.7), (51.7, 70.4), (51.7, 70.4), (51.7, 66.7), (51.7, 70.4), (51.7, 70.4), (51.7, 66.7), (51.7, 81.6), (51.7, 96.5), (51.7, 111.5), (51.7, 126.4), (51.7, 141.3), (51.7, 156.3), (51.7, 160.0), (51.7, 160.0), (51.7, 156.3), (51.7, 160.0), (51.7, 160.0), (51.7, 156.3), (51.7, 160.0), (51.7, 160.0), (51.7, 156.3), (51.7, 160.0), (51.7, 160.0), (51.7, 156.3), (51.7, 160.0), (51.7, 160.0), (51.7, 156.3), (51.7, 160.0), (51.7, 160.0), (51.7, 156.3), (51.7, 160.0), (51.7, 160.0), (51.7, 156.3), (51.7, 160.0), (51.7, 160.0), (51.7, 156.3), (51.7, 160.0), (51.7, 160.0), (51.7, 156.3), (51.7, 152.5), (51.7, 141.3), (51.7, 156.3), (51.7, 152.5), (51.7, 152.5), (51.7, 156.3), (51.7, 160.0), (51.7, 174.9), (51.7, 189.9), (51.7, 204.8), (51.7, 219.7), (51.7, 223.5), (51.7, 227.2), (51.7, 227.2), (51.7, 223.5), (51.7, 227.2), (51.7, 227.2), (51.7, 223.5), (51.7, 227.2), (51.7, 227.2), (51.7, 223.5), (51.7, 227.2), (51.7, 227.2), (51.7, 223.5), (51.7, 227.2), (51.7, 227.2), (51.7, 223.5), (51.7, 208.5), (51.7, 208.5), (51.7, 212.3), (51.7, 208.5), (51.7, 193.6), (51.7, 178.7), (51.7, 163.7), (51.7, 148.8), (51.7, 133.9), (51.7, 118.9), (51.7, 104.0), (51.7, 89.1), (51.7, 74.1), (51.7, 70.4), (51.7, 66.7), (51.7, 70.4), (51.7, 70.4), (51.7, 66.7), (51.7, 70.4), (51.7, 70.4), (51.7, 66.7), (51.7, 70.4), (51.7, 70.4), (51.7, 66.7), (51.7, 70.4), (51.7, 70.4), (51.7, 66.7), (51.7, 70.4), (51.7, 70.4), (51.7, 66.7), (51.7, 81.6), (51.7, 96.5), (51.7, 111.5), (51.7, 126.4), (51.7, 141.3), (51.7, 156.3), (51.7, 160.0), (51.7, 160.0), (51.7, 156.3), (51.7, 160.0), (51.7, 160.0), (51.7, 156.3), (51.7, 160.0), (51.7, 160.0), (51.7, 156.3), (51.7, 160.0), (51.7, 160.0), (51.7, 156.3), (51.7, 160.0), (51.7, 160.0), (51.7, 156.3), (51.7, 160.0), (51.7, 160.0), (51.7, 156.3), (51.7, 160.0), (51.7, 160.0), (51.7, 156.3), (51.7, 160.0), (51.7, 160.0), (51.7, 156.3), (51.7, 160.0), (51.7, 160.0), (51.7, 156.3), (51.7, 152.5), (51.7, 152.5), (51.7, 156.3), (51.7, 152.5), (51.7, 152.5), (51.7, 156.3), (51.7, 160.0), (51.7, 174.9), (51.7, 189.9), (51.7, 204.8), (51.7, 219.7), (51.7, 223.5), (51.7, 227.2), (51.7, 227.2), (51.7, 223.5), (51.7, 227.2), (51.7, 227.2), (51.7, 223.5), (51.7, 227.2), (51.7, 227.2), (51.7, 223.5), (51.7, 227.2), (51.7, 227.2), (51.7, 223.5), (51.7, 227.2), (51.7, 227.2), (51.7, 223.5), (51.7, 208.5), (51.7, 208.5), (51.7, 212.3), (51.7, 208.5), (51.7, 193.6), (51.7, 178.7), (51.7, 163.7), (51.7, 148.8), (51.7, 133.9), (51.7, 118.9), (51.7, 104.0), (51.7, 89.1), (51.7, 74.1), (51.7, 70.4), (51.7, 66.7), (51.7, 70.4), (51.7, 70.4), (51.7, 66.7), (51.7, 70.4), (51.7, 70.4), (51.7, 66.7), (51.7, 70.4), (51.7, 70.4), (51.7, 66.7), (51.7, 70.4), (51.7, 70.4), (51.7, 66.7), (51.7, 70.4), (51.7, 70.4), (51.7, 66.7), (51.7, 81.6), (51.7, 96.5), (51.7, 111.5), (51.7, 126.4), (51.7, 141.3), (51.7, 156.3), (51.7, 160.0), (51.7, 160.0), (51.7, 156.3), (51.7, 160.0), (51.7, 160.0), (51.7, 156.3), (51.7, 160.0), (51.7, 160.0), (51.7, 156.3), (51.7, 160.0), (51.7, 160.0), (51.7, 156.3), (51.7, 160.0), (51.7, 160.0), (51.7, 156.3), (51.7, 160.0), (51.7, 160.0), (51.7, 156.3), (51.7, 160.0), (51.7, 160.0), (51.7, 156.3), (51.7, 160.0), (51.7, 160.0), (51.7, 156.3), (51.7, 160.0), (51.7, 160.0), (51.7, 156.3), (51.7, 152.5), (51.7, 152.5), (51.7, 156.3), (51.7, 152.5), (51.7, 152.5), (51.7, 156.3), (51.7, 160.0), (51.7, 163.7), (51.7, 178.7), (51.7, 193.6), (51.7, 208.5), (51.7, 223.5), (51.7, 227.2), (51.7, 227.2), (51.7, 223.5), (51.7, 227.2), (51.7, 227.2), (51.7, 223.5), (51.7, 227.2), (51.7, 227.2), (51.7, 223.5), (51.7, 227.2), (51.7, 227.2), (51.7, 223.5), (51.7, 227.2), (51.7, 227.2), (51.7, 223.5), (51.7, 208.5), (51.7, 208.5), (51.7, 212.3), (51.7, 208.5), (51.7, 193.6), (51.7, 178.7), (51.7, 163.7), (51.7, 148.8), (51.7, 133.9), (51.7, 118.9), (51.7, 104.0), (51.7, 89.1), (51.7, 74.1), (51.7, 70.4), (51.7, 66.7), (51.7, 70.4), (51.7, 70.4), (51.7, 66.7), (51.7, 70.4), (51.7, 70.4), (51.7, 66.7), (51.7, 70.4), (51.7, 70.4), (51.7, 66.7), (51.7, 70.4), (51.7, 70.4), (51.7, 66.7), (51.7, 70.4), (51.7, 70.4), (51.7, 66.7)]",0,1,60.0
novice,bomberman,10,Bomb,1,0,7.7,0.115,"[(48.0, 48.0), (62.9, 51.7), (77.9, 51.7), (98.4, 51.7), (113.3, 57.3), (115.2, 72.3), (115.2, 83.5), (115.2, 83.5), (115.2, 83.5), (115.2, 83.5), (115.2, 83.5), (115.2, 83.5), (115.2, 83.5), (115.2, 83.5), (115.2, 83.5), (115.2, 83.5), (115.2, 83.5), (115.2, 83.5), (115.2, 83.5), (115.2, 83.5), (115.2, 83.5), (115.2, 83.5), (115.2, 83.5), (115.2, 83.5), (115.2, 83.5), (115.2, 83.5), (115.2, 83.5), (115.2, 83.5), (115.2, 83.5), (115.2, 83.5), (115.2, 83.5), (115.2, 83.5), (115.2, 83.5), (115.2, 83.5), (115.2, 83.5), (115.2, 83.5), (115.2, 83.5), (115.2, 83.5), (115.2, 83.5), (115.2, 83.5), (115.2, 83.5), (115.2, 83.5), (115.2, 83.5), (115.2, 83.5), (115.2, 83.5), (115.2, 83.5), (115.2, 83.5), (115.2, 83.5), (115.2, 83.5), (115.2, 83.5), (115.2, 83.5), (115.2, 83.5), (115.2, 83.5), (115.2, 83.5), (115.2, 83.5), (115.2, 83.5), (115.2, 83.5), (115.2, 83.5), (115.2, 83.5), (115.2, 83.5), (115.2, 83.5)]",0,1,8.0
novice,bomberman,10,Bomb,3,0,48.53,0.385,"[(48.0, 48.0), (62.9, 44.3), (77.9, 44.3), (92.8, 44.3), (107.7, 44.3), (122.7, 44.3), (137.6, 44.3), (152.5, 44.3), (167.5, 44.3), (182.4, 44.3), (197.3, 44.3), (212.3, 44.3), (227.2, 44.3), (242.1, 44.3), (257.1, 44.3), (272.0, 44.3), (286.9, 44.3), (301.9, 44.3), (316.8, 44.3), (331.7, 44.3), (346.7, 44.3), (361.6, 44.3), (376.5, 44.3), (391.5, 44.3), (406.4, 44.3), (421.3, 44.3), (436.3, 44.3), (436.3, 44.3), (436.3, 44.3), (436.3, 44.3), (436.3, 44.3), (436.3, 44.3), (436.3, 44.3), (436.3, 44.3), (436.3, 44.3), (436.3, 44.3), (436.3, 44.3), (436.3, 44.3), (436.3, 44.3), (436.3, 44.3), (436.3, 44.3), (436.3, 44.3), (436.3, 44.3), (436.3, 44.3), (436.3, 44.3), (436.3, 44.3), (436.3, 44.3), (436.3, 44.3), (436.3, 44.3), (436.3, 44.3), (436.3, 44.3), (436.3, 44.3), (436.3, 44.3), (436.3, 44.3), (436.3, 44.3), (436.3, 44.3), (436.3, 44.3), (436.3, 44.3), (436.3, 44.3), (436.3, 44.3), (436.3, 44.3)]",0,0,8.0
novice,bomberman,10,Bomb,1,0,48.53,0.423,"[(48.0, 48.0), (62.9, 44.3), (77.9, 44.3), (92.8, 44.3), (107.7, 44.3), (122.7, 44.3), (137.6, 44.3), (152.5, 44.3), (167.5, 44.3), (182.4, 44.3), (197.3, 44.3), (212.3, 44.3), (227.2, 44.3), (242.1, 44.3), (257.1, 44.3), (272.0, 44.3), (286.9, 44.3), (301.9, 44.3), (316.8, 44.3), (331.7, 44.3), (346.7, 44.3), (361.6, 44.3), (376.5, 44.3), (391.5, 44.3), (406.4, 44.3), (421.3, 44.3), (436.3, 44.3), (436.3, 44.3), (436.3, 44.3), (436.3, 44.3), (436.3, 44.3), (436.3, 44.3), (436.3, 44.3), (436.3, 55.5), (436.3, 66.7), (436.3, 66.7), (436.3, 66.7), (436.3, 66.7), (436.3, 66.7), (436.3, 66.7), (436.3, 66.7), (436.3, 66.7), (436.3, 66.7), (436.3, 66.7), (436.3, 66.7), (436.3, 66.7), (436.3, 66.7), (436.3, 66.7), (436.3, 66.7), (436.3, 66.7), (436.3, 66.7), (436.3, 66.7), (436.3, 66.7), (436.3, 66.7), (436.3, 66.7), (436.3, 66.7), (436.3, 66.7), (436.3, 66.7), (436.3, 66.7), (436.3, 66.7), (436.3, 66.7)]",0,0,8.0
novice,bomberman,10,Bomb,8,0,47.6,0.462,"[(48.0, 48.0), (53.6, 44.3), (68.5, 44.3), (83.5, 44.3), (98.4, 44.3), (113.3, 44.3), (128.3, 44.3), (143.2, 44.3), (158.1, 44.3), (173.1, 44.3), (188.0, 44.3), (202.9, 44.3), (217.9, 44.3), (232.8, 44.3), (247.7, 44.3), (262.7, 44.3), (277.6, 44.3), (292.5, 44.3), (307.5, 44.3), (322.4, 44.3), (337.3, 44.3), (352.3, 44.3), (367.2, 44.3), (382.1, 44.3), (397.1, 44.3), (412.0, 44.3), (426.9, 44.3), (436.3, 44.3), (436.3, 44.3), (436.3, 44.3), (436.3, 44.3), (436.3, 49.9), (436.3, 49.9), (436.3, 49.9), (436.3, 49.9), (436.3, 49.9), (436.3, 49.9), (436.3, 53.6), (436.3, 68.5), (436.3, 83.5), (436.3, 98.4), (436.3, 109.6), (436.3, 117.1), (436.3, 113.3), (436.3, 113.3), (436.3, 105.9), (436.3, 102.1), (436.3, 98.4), (436.3, 94.7), (428.8, 98.4), (428.8, 98.4), (428.8, 94.7), (428.8, 98.4), (428.8, 98.4), (428.8, 94.7), (428.8, 98.4), (428.8, 98.4), (428.8, 94.7), (428.8, 98.4), (428.8, 98.4), (428.8, 94.7)]",0,0,8.0
novice,bomberman,10,Bomb,8,0,47.6,0.462,"[(48.0, 48.0), (53.6, 44.3), (68.5, 44.3), (83.5, 44.3), (98.4, 44.3), (113.3, 44.3), (128.3, 44.3), (143.2, 44.3), (158.1, 44.3), (173.1, 44.3), (188.0, 44.3), (202.9, 44.3), (217.9, 44.3), (232.8, 44.3), (247.7, 44.3), (262.7, 44.3), (277.6, 44.3), (292.5, 44.3), (307.5, 44.3), (322.4, 44.3), (337.3, 44.3), (352.3, 44.3), (367.2, 44.3), (382.1, 44.3), (397.1, 44.3), (412.0, 44.3), (426.9, 44.3), (436.3, 44.3), (436.3, 44.3), (436.3, 44.3), (436.3, 44.3), (436.3, 49.9), (436.3, 49.9), (436.3, 49.9), (436.3, 49.9), (436.3, 49.9), (436.3, 49.9), (436.3, 53.6), (436.3, 68.5), (436.3, 83.5), (436.3, 98.4), (436.3, 109.6), (436.3, 117.1), (436.3, 113.3), (436.3, 113.3), (436.3, 105.9), (436.3, 102.1), (436.3, 98.4), (436.3, 94.7), (428.8, 98.4), (428.8, 98.4), (428.8, 94.7), (428.8, 98.4), (428.8, 98.4), (428.8, 94.7), (428.8, 98.4), (428.8, 98.4), (428.8, 94.7), (428.8, 98.4), (428.8, 98.4), (428.8, 94.7)]",0,0,8.0
novice,bomberman,10,Bomb,2,0,47.6,0.462,"[(48.0, 48.0), (53.6, 44.3), (68.5, 44.3), (83.5, 44.3), (98.4, 44.3), (113.3, 44.3), (128.3, 44.3), (143.2, 44.3), (158.1, 44.3), (173.1, 44.3), (188.0, 44.3), (202.9, 44.3), (217.9, 44.3), (232.8, 44.3), (247.7, 44.3), (262.7, 44.3), (277.6, 44.3), (292.5, 44.3), (307.5, 44.3), (322.4, 44.3), (337.3, 44.3), (352.3, 44.3), (367.2, 44.3), (382.1, 44.3), (397.1, 44.3), (412.0, 44.3), (426.9, 44.3), (436.3, 44.3), (436.3, 44.3), (436.3, 44.3), (436.3, 44.3), (436.3, 44.3), (436.3, 44.3), (436.3, 44.3), (436.3, 44.3), (436.3, 44.3), (436.3, 44.3), (436.3, 44.3), (436.3, 44.3), (436.3, 44.3), (436.3, 44.3), (436.3, 44.3), (436.3, 44.3), (436.3, 44.3), (436.3, 44.3), (436.3, 44.3), (436.3, 44.3), (436.3, 51.7), (436.3, 66.7), (428.8, 81.6), (428.8, 96.5), (428.8, 100.3), (428.8, 96.5), (428.8, 92.8), (428.8, 89.1), (428.8, 85.3), (428.8, 85.3), (428.8, 89.1), (428.8, 85.3), (428.8, 85.3), (428.8, 89.1)]",0,0,8.0
novice,bomberman,10,Bomb,1,0,48.53,0.423,"[(48.0, 48.0), (62.9, 44.3), (77.9, 44.3), (92.8, 44.3), (107.7, 44.3), (122.7, 44.3), (137.6, 44.3), (152.5, 44.3), (167.5, 44.3), (182.4, 44.3), (197.3, 44.3), (212.3, 44.3), (227.2, 44.3), (242.1, 44.3), (257.1, 44.3), (272.0, 44.3), (286.9, 44.3), (301.9, 44.3), (316.8, 44.3), (331.7, 44.3), (346.7, 44.3), (361.6, 44.3), (376.5, 44.3), (391.5, 44.3), (406.4, 44.3), (421.3, 44.3), (436.3, 44.3), (436.3, 44.3), (436.3, 44.3), (436.3, 44.3), (436.3, 44.3), (436.3, 44.3), (436.3, 44.3), (436.3, 55.5), (436.3, 66.7), (436.3, 66.7), (436.3, 66.7), (436.3, 66.7), (436.3, 66.7), (436.3, 66.7), (436.3, 66.7), (436.3, 66.7), (436.3, 66.7), (436.3, 66.7), (436.3, 66.7), (436.3, 66.7), (436.3, 66.7), (436.3, 66.7), (436.3, 66.7), (436.3, 66.7), (436.3, 66.7), (436.3, 66.7), (436.3, 66.7), (436.3, 66.7), (436.3, 66.7), (436.3, 66.7), (436.3, 66.7), (436.3, 66.7), (436.3, 66.7), (436.3, 66.7), (436.3, 66.7)]",0,0,8.0
novice,bomberman,10,Bomb,3,0,48.53,0.385,"[(48.0, 48.0), (62.9, 44.3), (77.9, 44.3), (92.8, 44.3), (107.7, 44.3), (122.7, 44.3), (137.6, 44.3), (152.5, 44.3), (167.5, 44.3), (182.4, 44.3), (197.3, 44.3), (212.3, 44.3), (227.2, 44.3), (242.1, 44.3), (257.1, 44.3), (272.0, 44.3), (286.9, 44.3), (301.9, 44.3), (316.8, 44.3), (331.7, 44.3), (346.7, 44.3), (361.6, 44.3), (376.5, 44.3), (391.5, 44.3), (406.4, 44.3), (421.3, 44.3), (436.3, 44.3), (436.3, 44.3), (436.3, 44.3), (436.3, 44.3), (436.3, 44.3), (436.3, 44.3), (436.3, 44.3), (436.3, 44.3), (436.3, 44.3), (436.3, 44.3), (436.3, 44.3), (436.3, 44.3), (436.3, 44.3), (436.3, 44.3), (436.3, 44.3), (436.3, 44.3), (436.3, 44.3), (436.3, 44.3), (436.3, 44.3), (436.3, 44.3), (436.3, 44.3), (436.3, 44.3), (436.3, 44.3), (436.3, 44.3), (436.3, 44.3), (436.3, 44.3), (436.3, 44.3), (436.3, 44.3), (436.3, 44.3), (436.3, 44.3), (436.3, 44.3), (436.3, 44.3), (436.3, 44.3), (436.3, 44.3), (436.3, 44.3)]",0,0,8.0
novice,bomberman,10,Bomb,25,0,16.46,0.077,"[(48.0, 48.0), (62.9, 51.7), (77.9, 44.3), (92.8, 44.3), (107.7, 44.3), (122.7, 44.3), (137.6, 44.3), (152.5, 44.3), (167.5, 46.1), (180.5, 61.1), (180.5, 62.9), (180.5, 64.8), (180.5, 64.8), (180.5, 66.7), (180.5, 61.1), (180.5, 68.5), (180.5, 59.2), (180.5, 64.8), (180.5, 57.3), (180.5, 61.1), (180.5, 59.2), (180.5, 59.2), (180.5, 61.1), (180.5, 61.1), (180.5, 62.9), (180.5, 62.9), (180.5, 64.8), (180.5, 64.8), (180.5, 66.7), (180.5, 61.1), (180.5, 68.5), (180.5, 59.2), (180.5, 64.8), (180.5, 57.3), (180.5, 61.1), (180.5, 59.2), (180.5, 59.2), (180.5, 61.1), (180.5, 61.1), (180.5, 62.9), (180.5, 62.9), (180.5, 64.8), (180.5, 64.8), (180.5, 66.7), (180.5, 61.1), (180.5, 68.5), (180.5, 59.2), (180.5, 64.8), (180.5, 57.3), (180.5, 61.1), (180.5, 59.2), (180.5, 59.2), (180.5, 61.1), (180.5, 61.1), (180.5, 62.9), (180.5, 62.9), (180.5, 64.8), (180.5, 64.8), (180.5, 66.7), (180.5, 61.1), (180.5, 68.5)]",0,0,8.05
novice,bomberman,10,Bomb,1,0,-0.93,0.0,"[(48.0, 48.0), (44.3, 48.0), (44.3, 48.0), (44.3, 48.0), (44.3, 48.0), (44.3, 48.0), (44.3, 48.0), (44.3, 48.0), (44.3, 48.0), (44.3, 48.0), (44.3, 48.0), (44.3, 48.0), (44.3, 48.0), (44.3, 48.0), (44.3, 48.0), (44.3, 48.0), (44.3, 48.0), (44.3, 48.0), (44.3, 48.0), (44.3, 48.0), (44.3, 48.0), (44.3, 48.0), (44.3, 48.0), (44.3, 48.0), (44.3, 48.0), (44.3, 48.0), (44.3, 48.0), (44.3, 48.0), (44.3, 48.0), (44.3, 48.0), (44.3, 48.0)]",0,0,4.0
novice,bomberman,10,Bomb,31,0,48.3,0.423,"[(48.0, 48.0), (53.6, 44.3), (68.5, 44.3), (83.5, 44.3), (98.4, 44.3), (113.3, 44.3), (128.3, 44.3), (143.2, 44.3), (158.1, 44.3), (173.1, 44.3), (188.0, 44.3), (202.9, 44.3), (217.9, 44.3), (232.8, 44.3), (247.7, 44.3), (262.7, 44.3), (277.6, 44.3), (292.5, 44.3), (307.5, 44.3), (322.4, 44.3), (337.3, 44.3), (352.3, 44.3), (367.2, 44.3), (382.1, 44.3), (397.1, 44.3), (412.0, 44.3), (426.9, 51.7), (436.3, 55.5), (436.3, 59.2), (436.3, 59.2), (436.3, 55.5), (436.3, 59.2), (436.3, 62.9), (436.3, 66.7), (436.3, 62.9), (436.3, 62.9), (436.3, 66.7), (436.3, 62.9), (436.3, 62.9), (436.3, 66.7), (436.3, 62.9), (436.3, 62.9), (436.3, 66.7), (436.3, 62.9), (436.3, 62.9), (436.3, 66.7), (436.3, 62.9), (432.5, 62.9), (436.3, 66.7), (432.5, 62.9), (432.5, 62.9), (436.3, 66.7), (432.5, 62.9), (428.8, 70.4), (428.8, 74.1), (430.7, 64.8), (430.7, 64.8), (434.4, 68.5), (430.7, 64.8), (430.7, 64.8), (434.4, 68.5)]",0,0,8.0
novice,bomberman,10,Bomb,4,0,47.3,0.462,"[(48.0, 48.0), (53.6, 44.3), (68.5, 49.9), (83.5, 44.3), (98.4, 44.3), (113.3, 44.3), (128.3, 44.3), (143.2, 44.3), (158.1, 44.3), (173.1, 44.3), (188.0, 44.3), (202.9, 44.3), (217.9, 44.3), (232.8, 44.3), (247.7, 44.3), (262.7, 44.3), (277.6, 44.3), (292.5, 44.3), (307.5, 44.3), (322.4, 44.3), (337.3, 44.3), (352.3, 44.3), (367.2, 44.3), (382.1, 44.3), (397.1, 44.3), (412.0, 44.3), (426.9, 44.3), (436.3, 44.3), (436.3, 44.3), (436.3, 44.3), (436.3, 44.3), (436.3, 44.3), (436.3, 44.3), (436.3, 44.3), (436.3, 44.3), (436.3, 44.3), (436.3, 44.3), (436.3, 44.3), (436.3, 44.3), (436.3, 44.3), (436.3, 44.3), (436.3, 44.3), (436.3, 44.3), (436.3, 44.3), (436.3, 51.7), (436.3, 66.7), (436.3, 81.6), (428.8, 96.5), (428.8, 100.3), (428.8, 96.5), (428.8, 96.5), (428.8, 100.3), (428.8, 96.5), (428.8, 96.5), (428.8, 100.3), (428.8, 96.5), (428.8, 96.5), (428.8, 100.3), (428.8, 96.5), (428.8, 96.5), (428.8, 100.3)]",0,0,8.05
novice,bomberman,10,Bomb,1,0,47.3,0.462,"[(48.0, 48.0), (53.6, 44.3), (68.5, 44.3), (83.5, 44.3), (98.4, 44.3), (113.3, 44.3), (128.3, 44.3), (143.2, 44.3), (158.1, 44.3), (173.1, 44.3), (188.0, 44.3), (202.9, 44.3), (217.9, 44.3), (232.8, 44.3), (247.7, 44.3), (262.7, 44.3), (277.6, 44.3), (292.5, 44.3), (307.5, 44.3), (322.4, 44.3), (337.3, 44.3), (352.3, 44.3), (367.2, 44.3), (382.1, 44.3), (397.1, 44.3), (412.0, 44.3), (426.9, 44.3), (436.3, 44.3), (436.3, 44.3), (436.3, 44.3), (436.3, 44.3), (436.3, 44.3), (436.3, 44.3), (436.3, 44.3), (436.3, 44.3), (436.3, 44.3), (436.3, 44.3), (436.3, 44.3), (436.3, 44.3), (436.3, 44.3), (436.3, 44.3), (436.3, 44.3), (436.3, 44.3), (436.3, 44.3), (436.3, 44.3), (436.3, 44.3), (436.3, 44.3), (436.3, 44.3), (436.3, 44.3), (436.3, 44.3), (436.3, 44.3), (436.3, 44.3), (436.3, 44.3), (436.3, 44.3), (436.3, 55.5), (432.5, 70.4), (428.8, 85.3), (428.8, 100.3), (428.8, 96.5), (428.8, 96.5), (428.8, 100.3)]",0,0,8.05
novice,bomberman,10,Bomb,1,0,23.8,0.154,"[(48.0, 48.0), (62.9, 44.3), (77.9, 44.3), (92.8, 44.3), (107.7, 44.3), (122.7, 44.3), (137.6, 44.3), (152.5, 44.3), (167.5, 44.3), (182.4, 44.3), (197.3, 44.3), (212.3, 44.3), (227.2, 44.3), (223.5, 44.3), (223.5, 44.3), (227.2, 44.3), (223.5, 44.3), (223.5, 44.3), (227.2, 44.3), (223.5, 44.3), (223.5, 44.3), (227.2, 44.3), (223.5, 44.3), (223.5, 44.3), (227.2, 44.3), (223.5, 44.3), (223.5, 44.3), (227.2, 44.3), (223.5, 44.3), (223.5, 44.3), (227.2, 44.3), (223.5, 44.3), (223.5, 44.3), (227.2, 44.3), (223.5, 44.3), (223.5, 44.3), (227.2, 44.3), (223.5, 44.3), (223.5, 44.3), (227.2, 44.3), (223.5, 44.3), (223.5, 44.3), (227.2, 44.3), (223.5, 44.3), (223.5, 44.3), (227.2, 44.3), (223.5, 44.3), (223.5, 44.3), (227.2, 44.3), (223.5, 44.3), (223.5, 44.3), (227.2, 44.3), (223.5, 44.3), (223.5, 44.3), (227.2, 44.3), (223.5, 44.3), (223.5, 44.3), (227.2, 44.3), (230.9, 44.3), (234.7, 44.3), (238.4, 44.3)]",0,0,8.0
novice,bomberman,10,Bomb,1,0,47.3,0.462,"[(48.0, 48.0), (53.6, 44.3), (68.5, 44.3), (83.5, 44.3), (98.4, 44.3), (113.3, 44.3), (128.3, 44.3), (143.2, 44.3), (158.1, 44.3), (173.1, 44.3), (188.0, 44.3), (202.9, 44.3), (217.9, 44.3), (232.8, 44.3), (247.7, 44.3), (262.7, 44.3), (277.6, 44.3), (292.5, 44.3), (307.5, 44.3), (322.4, 44.3), (337.3, 44.3), (352.3, 44.3), (367.2, 44.3), (382.1, 44.3), (397.1, 44.3), (412.0, 44.3), (426.9, 44.3), (436.3, 44.3), (436.3, 44.3), (436.3, 44.3), (436.3, 44.3), (436.3, 44.3), (436.3, 44.3), (436.3, 44.3), (436.3, 44.3), (436.3, 44.3), (436.3, 44.3), (436.3, 44.3), (436.3, 44.3), (436.3, 44.3), (436.3, 44.3), (436.3, 44.3), (436.3, 44.3), (436.3, 44.3), (436.3, 44.3), (436.3, 44.3), (436.3, 44.3), (436.3, 44.3), (436.3, 44.3), (436.3, 44.3), (436.3, 44.3), (436.3, 44.3), (436.3, 44.3), (436.3, 44.3), (436.3, 55.5), (432.5, 70.4), (428.8, 85.3), (428.8, 100.3), (428.8, 96.5), (428.8, 96.5), (428.8, 100.3)]",0,0,8.05
novice,bomberman,10,Bomb,4,0,47.3,0.462,"[(48.0, 48.0), (53.6, 44.3), (68.5, 49.9), (83.5, 44.3), (98.4, 44.3), (113.3, 44.3), (128.3, 44.3), (143.2, 44.3), (158.1, 44.3), (173.1, 44.3), (188.0, 44.3), (202.9, 44.3), (217.9, 44.3), (232.8, 44.3), (247.7, 44.3), (262.7, 44.3), (277.6, 44.3), (292.5, 44.3), (307.5, 44.3), (322.4, 44.3), (337.3, 44.3), (352.3, 44.3), (367.2, 44.3), (382.1, 44.3), (397.1, 44.3), (412.0, 44.3), (426.9, 44.3), (436.3, 44.3), (436.3, 44.3), (436.3, 44.3), (436.3, 44.3), (436.3, 44.3), (436.3, 44.3), (436.3, 44.3), (436.3, 44.3), (436.3, 44.3), (436.3, 44.3), (436.3, 44.3), (436.3, 44.3), (436.3, 44.3), (436.3, 44.3), (436.3, 44.3), (436.3, 44.3), (436.3, 44.3), (436.3, 51.7), (436.3, 66.7), (436.3, 81.6), (428.8, 96.5), (428.8, 100.3), (428.8, 96.5), (428.8, 96.5), (428.8, 100.3), (428.8, 96.5), (428.8, 96.5), (428.8, 100.3), (428.8, 96.5), (428.8, 96.5), (428.8, 100.3), (428.8, 96.5), (428.8, 96.5), (428.8, 100.3)]",0,0,8.05
novice,bomberman,10,Bomb,2,0,47.6,0.462,"[(48.0, 48.0), (53.6, 44.3), (68.5, 44.3), (83.5, 44.3), (98.4, 44.3), (113.3, 44.3), (128.3, 44.3), (143.2, 44.3), (158.1, 44.3), (173.1, 44.3), (188.0, 44.3), (202.9, 44.3), (217.9, 44.3), (232.8, 44.3), (247.7, 44.3), (262.7, 44.3), (277.6, 44.3), (292.5, 44.3), (307.5, 44.3), (322.4, 44.3), (337.3, 44.3), (352.3, 44.3), (367.2, 44.3), (382.1, 44.3), (397.1, 44.3), (412.0, 44.3), (426.9, 44.3), (436.3, 44.3), (436.3, 44.3), (436.3, 44.3), (436.3, 44.3), (436.3, 44.3), (436.3, 44.3), (436.3, 44.3), (436.3, 44.3), (436.3, 44.3), (436.3, 44.3), (436.3, 44.3), (436.3, 44.3), (436.3, 44.3), (436.3, 44.3), (436.3, 44.3), (436.3, 44.3), (436.3, 44.3), (436.3, 44.3), (436.3, 44.3), (436.3, 44.3), (436.3, 51.7), (436.3, 66.7), (428.8, 81.6), (428.8, 96.5), (428.8, 100.3), (428.8, 96.5), (428.8, 92.8), (428.8, 89.1), (428.8, 85.3), (428.8, 85.3), (428.8, 89.1), (428.8, 85.3), (428.8, 85.3), (428.8, 89.1)]",0,0,8.0
novice,bomberman,10,Bomb,8,0,47.6,0.462,"[(48.0, 48.0), (53.6, 44.3), (68.5, 44.3), (83.5, 44.3), (98.4, 44.3), (113.3, 44.3), (128.3, 44.3), (143.2, 44.3), (158.1, 44.3), (173.1, 44.3), (188.0, 44.3), (202.9, 44.3), (217.9, 44.3), (232.8, 44.3), (247.7, 44.3), (262.7, 44.3), (277.6, 44.3), (292.5, 44.3), (307.5, 44.3), (322.4, 44.3), (337.3, 44.3), (352.3, 44.3), (367.2, 44.3), (382.1, 44.3), (397.1, 44.3), (412.0, 44.3), (426.9, 44.3), (436.3, 44.3), (436.3, 44.3), (436.3, 44.3), (436.3, 44.3), (436.3, 49.9), (436.3, 49.9), (436.3, 49.9), (436.3, 49.9), (436.3, 49.9), (436.3, 49.9), (436.3, 53.6), (436.3, 68.5), (436.3, 83.5), (436.3, 98.4), (436.3, 109.6), (436.3, 117.1), (436.3, 113.3), (436.3, 113.3), (436.3, 105.9), (436.3, 102.1), (436.3, 98.4), (436.3, 94.7), (428.8, 98.4), (428.8, 98.4), (428.8, 94.7), (428.8, 98.4), (428.8, 98.4), (428.8, 94.7), (428.8, 98.4), (428.8, 98.4), (428.8, 94.7), (428.8, 98.4), (428.8, 98.4), (428.8, 94.7)]",0,0,8.0
novice,bomberman,10,Bomb,9,0,-0.93,0.077,"[(48.0, 48.0), (44.3, 44.3), (44.3, 44.3), (44.3, 44.3), (44.3, 44.3), (44.3, 46.1), (44.3, 61.1), (44.3, 64.8), (44.3, 64.8), (44.3, 61.1), (44.3, 64.8), (44.3, 64.8), (44.3, 61.1), (44.3, 64.8), (44.3, 64.8), (44.3, 61.1), (44.3, 64.8), (44.3, 68.5), (44.3, 72.3), (44.3, 68.5), (44.3, 68.5), (44.3, 72.3), (44.3, 76.0), (44.3, 90.9), (44.3, 94.7), (44.3, 98.4), (44.3, 98.4), (44.3, 94.7), (44.3, 98.4), (44.3, 98.4), (44.3, 94.7)]",0,0,4.0
novice,bomberman,10,Stuck,0,0,-0.75,0.0,"[(48.0, 48.0), (44.3, 44.3), (44.3, 44.3), (44.3, 44.3), (44.3, 44.3), (44.3, 44.3), (44.3, 44.3), (44.3, 44.3), (44.3, 44.3), (44.3, 44.3), (44.3, 44.3), (44.3, 44.3), (44.3, 44.3), (44.3, 44.3), (44.3, 44.3), (44.3, 44.3), (44.3, 44.3), (44.3, 44.3), (44.3, 44.3), (44.3, 44.3), (44.3, 44.3), (44.3, 44.3), (44.3, 44.3), (44.3, 44.3), (44.3, 44.3), (44.3, 44.3), (44.3, 44.3), (44.3, 44.3), (44.3, 44.3), (44.3, 44.3), (44.3, 44.3), (44.3, 44.3), (44.3, 44.3), (44.3, 44.3), (44.3, 44.3), (44.3, 44.3), (44.3, 44.3), (44.3, 44.3)]",0,0,5.0
novice,bomberman,10,Bomb,13,0,48.53,0.423,"[(48.0, 48.0), (62.9, 44.3), (77.9, 44.3), (92.8, 44.3), (107.7, 44.3), (122.7, 44.3), (137.6, 44.3), (152.5, 44.3), (167.5, 44.3), (182.4, 44.3), (197.3, 44.3), (212.3, 44.3), (227.2, 44.3), (242.1, 44.3), (257.1, 44.3), (272.0, 44.3), (286.9, 44.3), (301.9, 44.3), (316.8, 44.3), (331.7, 44.3), (346.7, 44.3), (361.6, 44.3), (376.5, 44.3), (391.5, 44.3), (406.4, 44.3), (421.3, 44.3), (436.3, 44.3), (436.3, 44.3), (436.3, 44.3), (436.3, 44.3), (436.3, 44.3), (436.3, 44.3), (436.3, 44.3), (436.3, 44.3), (436.3, 44.3), (436.3, 44.3), (436.3, 44.3), (436.3, 44.3), (436.3, 44.3), (436.3, 44.3), (436.3, 44.3), (436.3, 44.3), (436.3, 44.3), (436.3, 44.3), (436.3, 44.3), (436.3, 44.3), (436.3, 44.3), (436.3, 44.3), (436.3, 44.3), (436.3, 48.0), (436.3, 51.7), (436.3, 66.7), (436.3, 62.9), (436.3, 62.9), (436.3, 66.7), (436.3, 62.9), (436.3, 62.9), (436.3, 66.7), (436.3, 62.9), (432.5, 62.9), (436.3, 66.7)]",0,0,8.0
novice,bomberman,10,Bomb,1,0,-0.93,0.0,"[(48.0, 48.0), (44.3, 44.3), (44.3, 44.3), (44.3, 44.3), (44.3, 44.3), (44.3, 44.3), (44.3, 44.3), (44.3, 44.3), (44.3, 44.3), (44.3, 44.3), (44.3, 44.3), (44.3, 44.3), (44.3, 44.3), (44.3, 44.3), (44.3, 44.3), (44.3, 44.3), (44.3, 44.3), (44.3, 44.3), (44.3, 44.3), (44.3, 44.3), (44.3, 44.3), (44.3, 44.3), (44.3, 44.3), (44.3, 44.3), (44.3, 44.3), (44.3, 44.3), (44.3, 44.3), (44.3, 44.3), (44.3, 44.3), (44.3, 44.3), (44.3, 44.3)]",0,0,4.0
novice,bomberman,10,Bomb,1,0,47.83,0.385,"[(48.0, 48.0), (53.6, 44.3), (68.5, 44.3), (83.5, 44.3), (98.4, 44.3), (113.3, 44.3), (128.3, 44.3), (143.2, 44.3), (158.1, 44.3), (173.1, 44.3), (188.0, 44.3), (202.9, 44.3), (217.9, 44.3), (232.8, 44.3), (247.7, 44.3), (262.7, 44.3), (277.6, 44.3), (292.5, 44.3), (307.5, 44.3), (322.4, 44.3), (337.3, 44.3), (352.3, 44.3), (367.2, 44.3), (382.1, 44.3), (397.1, 44.3), (412.0, 44.3), (426.9, 44.3), (436.3, 44.3), (436.3, 44.3), (436.3, 44.3), (436.3, 44.3), (436.3, 44.3), (436.3, 44.3), (436.3, 44.3), (436.3, 44.3), (436.3, 44.3), (436.3, 44.3), (436.3, 44.3), (436.3, 44.3), (436.3, 44.3), (436.3, 44.3), (436.3, 44.3), (436.3, 44.3), (436.3, 44.3), (436.3, 44.3), (436.3, 44.3), (436.3, 44.3), (436.3, 44.3), (436.3, 44.3), (436.3, 44.3), (436.3, 44.3), (436.3, 44.3), (436.3, 44.3), (436.3, 44.3), (436.3, 44.3), (436.3, 44.3), (436.3, 44.3), (436.3, 44.3), (436.3, 44.3), (436.3, 44.3), (430.7, 44.3)]",0,0,8.0
novice,bomberman,10,Bomb,12,0,48.53,0.423,"[(48.0, 48.0), (53.6, 44.3), (68.5, 44.3), (83.5, 44.3), (98.4, 44.3), (113.3, 44.3), (128.3, 44.3), (143.2, 44.3), (158.1, 44.3), (173.1, 44.3), (188.0, 44.3), (202.9, 44.3), (217.9, 44.3), (232.8, 44.3), (247.7, 44.3), (262.7, 44.3), (277.6, 44.3), (292.5, 44.3), (307.5, 44.3), (322.4, 44.3), (337.3, 44.3), (352.3, 44.3), (367.2, 44.3), (382.1, 44.3), (397.1, 44.3), (412.0, 44.3), (426.9, 44.3), (436.3, 44.3), (436.3, 44.3), (436.3, 44.3), (436.3, 44.3), (436.3, 44.3), (436.3, 44.3), (436.3, 44.3), (436.3, 44.3), (436.3, 44.3), (436.3, 44.3), (436.3, 44.3), (436.3, 44.3), (436.3, 44.3), (436.3, 44.3), (436.3, 44.3), (436.3, 44.3), (436.3, 44.3), (436.3, 44.3), (436.3, 49.9), (436.3, 59.2), (432.5, 62.9), (436.3, 66.7), (432.5, 62.9), (432.5, 62.9), (436.3, 66.7), (432.5, 62.9), (432.5, 62.9), (436.3, 66.7), (432.5, 62.9), (432.5, 61.1), (436.3, 61.1), (436.3, 61.1), (436.3, 61.1), (436.3, 61.1)]",0,0,8.0
novice,bomberman,10,Bomb,8,0,47.6,0.462,"[(48.0, 48.0), (53.6, 44.3), (68.5, 44.3), (83.5, 44.3), (98.4, 44.3), (113.3, 44.3), (128.3, 44.3), (143.2, 44.3), (158.1, 44.3), (173.1, 44.3), (188.0, 44.3), (202.9, 44.3), (217.9, 44.3), (232.8, 44.3), (247.7, 44.3), (262.7, 44.3), (277.6, 44.3), (292.5, 44.3), (307.5, 44.3), (322.4, 44.3), (337.3, 44.3), (352.3, 44.3), (367.2, 44.3), (382.1, 44.3), (397.1, 44.3), (412.0, 44.3), (426.9, 44.3), (436.3, 44.3), (436.3, 44.3), (436.3, 44.3), (436.3, 44.3), (436.3, 49.9), (436.3, 49.9), (436.3, 49.9), (436.3, 49.9), (436.3, 49.9), (436.3, 49.9), (436.3, 53.6), (436.3, 68.5), (436.3, 83.5), (436.3, 98.4), (436.3, 109.6), (436.3, 117.1), (436.3, 113.3), (436.3, 113.3), (436.3, 105.9), (436.3, 102.1), (436.3, 98.4), (436.3, 94.7), (428.8, 98.4), (428.8, 98.4), (428.8, 94.7), (428.8, 98.4), (428.8, 98.4), (428.8, 94.7), (428.8, 98.4), (428.8, 98.4), (428.8, 94.7), (428.8, 98.4), (428.8, 98.4), (428.8, 94.7)]",0,0,8.0
novice,bomberman,10,Bomb,2,0,47.6,0.462,"[(48.0, 48.0), (53.6, 44.3), (68.5, 44.3), (83.5, 44.3), (98.4, 44.3), (113.3, 44.3), (128.3, 44.3), (143.2, 44.3), (158.1, 44.3), (173.1, 44.3), (188.0, 44.3), (202.9, 44.3), (217.9, 44.3), (232.8, 44.3), (247.7, 44.3), (262.7, 44.3), (277.6, 44.3), (292.5, 44.3), (307.5, 44.3), (322.4, 44.3), (337.3, 44.3), (352.3, 44.3), (367.2, 44.3), (382.1, 44.3), (397.1, 44.3), (412.0, 44.3), (426.9, 44.3), (436.3, 44.3), (436.3, 44.3), (436.3, 44.3), (436.3, 44.3), (436.3, 44.3), (436.3, 44.3), (436.3, 44.3), (436.3, 44.3), (436.3, 44.3), (436.3, 44.3), (436.3, 44.3), (436.3, 44.3), (436.3, 44.3), (436.3, 44.3), (436.3, 44.3), (436.3, 44.3), (436.3, 44.3), (436.3, 44.3), (436.3, 44.3), (436.3, 44.3), (436.3, 51.7), (436.3, 66.7), (428.8, 81.6), (428.8, 96.5), (428.8, 100.3), (428.8, 96.5), (428.8, 92.8), (428.8, 89.1), (428.8, 85.3), (428.8, 85.3), (428.8, 89.1), (428.8, 85.3), (428.8, 85.3), (428.8, 89.1)]",0,0,8.0
novice,bomberman,10,Bomb,4,0,47.3,0.462,"[(48.0, 48.0), (53.6, 44.3), (68.5, 49.9), (83.5, 44.3), (98.4, 44.3), (113.3, 44.3), (128.3, 44.3), (143.2, 44.3), (158.1, 44.3), (173.1, 44.3), (188.0, 44.3), (202.9, 44.3), (217.9, 44.3), (232.8, 44.3), (247.7, 44.3), (262.7, 44.3), (277.6, 44.3), (292.5, 44.3), (307.5, 44.3), (322.4, 44.3), (337.3, 44.3), (352.3, 44.3), (367.2, 44.3), (382.1, 44.3), (397.1, 44.3), (412.0, 44.3), (426.9, 44.3), (436.3, 44.3), (436.3, 44.3), (436.3, 44.3), (436.3, 44.3), (436.3, 44.3), (436.3, 44.3), (436.3, 44.3), (436.3, 44.3), (436.3, 44.3), (436.3, 44.3), (436.3, 44.3), (436.3, 44.3), (436.3, 44.3), (436.3, 44.3), (436.3, 44.3), (436.3, 44.3), (436.3, 44.3), (436.3, 51.7), (436.3, 66.7), (436.3, 81.6), (428.8, 96.5), (428.8, 100.3), (428.8, 96.5), (428.8, 96.5), (428.8, 100.3), (428.8, 96.5), (428.8, 96.5), (428.8, 100.3), (428.8, 96.5), (428.8, 96.5), (428.8, 100.3), (428.8, 96.5), (428.8, 96.5), (428.8, 100.3)]",0,0,8.05
novice,bomberman,10,Bomb,1,0,47.3,0.462,"[(48.0, 48.0), (53.6, 44.3), (68.5, 44.3), (83.5, 44.3), (98.4, 44.3), (113.3, 44.3), (128.3, 44.3), (143.2, 44.3), (158.1, 44.3), (173.1, 44.3), (188.0, 44.3), (202.9, 44.3), (217.9, 44.3), (232.8, 44.3), (247.7, 44.3), (262.7, 44.3), (277.6, 44.3), (292.5, 44.3), (307.5, 44.3), (322.4, 44.3), (337.3, 44.3), (352.3, 44.3), (367.2, 44.3), (382.1, 44.3), (397.1, 44.3), (412.0, 44.3), (426.9, 44.3), (436.3, 44.3), (436.3, 44.3), (436.3, 44.3), (436.3, 44.3), (436.3, 44.3), (436.3, 44.3), (436.3, 44.3), (436.3, 44.3), (436.3, 44.3), (436.3, 44.3), (436.3, 44.3), (436.3, 44.3), (436.3, 44.3), (436.3, 44.3), (436.3, 44.3), (436.3, 44.3), (436.3, 44.3), (436.3, 44.3), (436.3, 44.3), (436.3, 44.3), (436.3, 44.3), (436.3, 44.3), (436.3, 44.3), (436.3, 44.3), (436.3, 44.3), (436.3, 44.3), (436.3, 44.3), (436.3, 55.5), (432.5, 70.4), (428.8, 85.3), (428.8, 100.3), (428.8, 96.5), (428.8, 96.5), (428.8, 100.3)]",0,0,8.05
novice,bomberman,10,Bomb,2,0,46.72,0.462,"[(48.0, 48.0), (53.6, 44.3), (68.5, 44.3), (83.5, 44.3), (98.4, 44.3), (113.3, 44.3), (128.3, 44.3), (143.2, 44.3), (158.1, 44.3), (173.1, 44.3), (188.0, 44.3), (202.9, 44.3), (217.9, 44.3), (232.8, 44.3), (247.7, 44.3), (262.7, 44.3), (277.6, 44.3), (292.5, 44.3), (307.5, 44.3), (322.4, 44.3), (337.3, 44.3), (352.3, 44.3), (367.2, 44.3), (382.1, 44.3), (397.1, 44.3), (412.0, 44.3), (426.9, 44.3), (436.3, 44.3), (436.3, 44.3), (436.3, 44.3), (436.3, 44.3), (436.3, 49.9), (436.3, 49.9), (436.3, 49.9), (436.3, 49.9), (436.3, 49.9), (436.3, 49.9), (436.3, 49.9), (436.3, 49.9), (436.3, 49.9), (436.3, 49.9), (436.3, 49.9), (436.3, 49.9), (436.3, 49.9), (436.3, 49.9), (436.3, 49.9), (436.3, 49.9), (436.3, 49.9), (436.3, 49.9), (436.3, 49.9), (436.3, 51.7), (436.3, 66.7), (428.8, 81.6), (428.8, 96.5), (428.8, 100.3), (428.8, 104.0), (428.8, 104.0), (428.8, 100.3), (428.8, 104.0), (428.8, 104.0), (428.8, 100.3), (428.8, 96.5)]",0,0,8.15
novice,bomberman,10,Bomb,3,0,44.89,0.423,"[(48.0, 48.0), (44.3, 62.9), (44.3, 77.9), (44.3, 92.8), (44.3, 107.7), (44.3, 118.9), (44.3, 104.0), (44.3, 89.1), (44.3, 74.1), (44.3, 59.2), (59.2, 44.3), (74.1, 44.3), (89.1, 44.3), (104.0, 44.3), (118.9, 44.3), (133.9, 44.3), (148.8, 44.3), (163.7, 44.3), (178.7, 44.3), (193.6, 44.3), (208.5, 44.3), (223.5, 44.3), (238.4, 44.3), (253.3, 44.3), (268.3, 44.3), (283.2, 44.3), (298.1, 44.3), (313.1, 44.3), (328.0, 44.3), (342.9, 44.3), (357.9, 44.3), (372.8, 44.3), (387.7, 44.3), (402.7, 44.3), (417.6, 44.3), (428.8, 46.1), (436.3, 49.9), (436.3, 49.9), (436.3, 49.9), (436.3, 49.9), (436.3, 49.9), (436.3, 49.9), (436.3, 49.9), (436.3, 49.9), (436.3, 49.9), (436.3, 49.9), (436.3, 49.9), (436.3, 49.9), (436.3, 49.9), (436.3, 49.9), (436.3, 49.9), (436.3, 49.9), (436.3, 49.9), (436.3, 57.3), (430.7, 72.3), (430.7, 72.3), (436.3, 62.9), (436.3, 62.9), (436.3, 62.9), (436.3, 62.9), (436.3, 62.9), (436.3, 62.9), (436.3, 62.9), (436.3, 62.9), (436.3, 62.9)]",0,0,8.65
novice,bomberman,10,Bomb,2,0,40.13,0.462,"[(48.0, 48.0), (62.9, 44.3), (77.9, 44.3), (92.8, 44.3), (107.7, 44.3), (122.7, 44.3), (137.6, 44.3), (152.5, 44.3), (167.5, 44.3), (182.4, 44.3), (197.3, 44.3), (212.3, 44.3), (227.2, 44.3), (242.1, 44.3), (257.1, 51.7), (272.0, 44.3), (286.9, 44.3), (301.9, 48.0), (316.8, 51.7), (331.7, 49.9), (348.5, 51.7), (365.3, 53.6), (372.8, 68.5), (372.8, 83.5), (372.8, 98.4), (372.8, 94.7), (372.8, 94.7), (372.8, 98.4), (372.8, 94.7), (372.8, 94.7), (372.8, 98.4), (372.8, 94.7), (372.8, 94.7), (372.8, 98.4), (372.8, 94.7), (372.8, 98.4), (372.8, 98.4), (372.8, 109.6), (372.8, 115.2), (372.8, 115.2), (372.8, 115.2), (372.8, 115.2), (372.8, 115.2), (372.8, 115.2), (372.8, 115.2), (372.8, 115.2), (372.8, 115.2), (372.8, 115.2), (372.8, 115.2), (372.8, 115.2), (372.8, 115.2), (372.8, 115.2), (372.8, 115.2), (372.8, 115.2), (372.8, 115.2), (372.8, 115.2), (372.8, 115.2), (372.8, 115.2), (372.8, 115.2), (372.8, 115.2), (372.8, 115.2)]",0,2,8.0
novice,bomberman,10,Stuck,0,0,-0.75,0.0,"[(48.0, 48.0), (44.3, 44.3), (44.3, 44.3), (44.3, 44.3), (44.3, 44.3), (44.3, 44.3), (44.3, 44.3), (44.3, 44.3), (44.3, 44.3), (44.3, 44.3), (44.3, 44.3), (44.3, 44.3), (44.3, 44.3), (44.3, 44.3), (44.3, 44.3), (44.3, 44.3), (44.3, 44.3), (44.3, 44.3), (44.3, 44.3), (44.3, 44.3), (44.3, 44.3), (44.3, 44.3), (44.3, 44.3), (44.3, 44.3), (44.3, 44.3), (44.3, 44.3), (44.3, 44.3), (44.3, 44.3), (44.3, 44.3), (44.3, 44.3), (44.3, 44.3), (44.3, 44.3), (44.3, 44.3), (44.3, 44.3), (44.3, 44.3), (44.3, 44.3), (44.3, 44.3), (44.3, 44.3)]",0,0,5.0
novice,bomberman,10,Bomb,1,0,47.6,0.462,"[(48.0, 48.0), (53.6, 44.3), (68.5, 44.3), (83.5, 44.3), (98.4, 44.3), (113.3, 44.3), (128.3, 44.3), (143.2, 44.3), (158.1, 44.3), (173.1, 44.3), (188.0, 44.3), (202.9, 44.3), (217.9, 44.3), (232.8, 44.3), (247.7, 44.3), (262.7, 44.3), (277.6, 44.3), (292.5, 44.3), (307.5, 44.3), (322.4, 44.3), (337.3, 44.3), (352.3, 44.3), (367.2, 44.3), (382.1, 44.3), (397.1, 44.3), (412.0, 44.3), (426.9, 44.3), (436.3, 44.3), (436.3, 44.3), (436.3, 44.3), (436.3, 44.3), (436.3, 44.3), (436.3, 44.3), (436.3, 44.3), (436.3, 44.3), (436.3, 44.3), (436.3, 44.3), (436.3, 44.3), (436.3, 44.3), (436.3, 44.3), (436.3, 44.3), (436.3, 44.3), (436.3, 44.3), (436.3, 44.3), (436.3, 44.3), (436.3, 44.3), (436.3, 44.3), (436.3, 44.3), (436.3, 44.3), (436.3, 53.6), (434.4, 68.5), (428.8, 83.5), (428.8, 98.4), (428.8, 98.4), (428.8, 94.7), (428.8, 98.4), (428.8, 98.4), (428.8, 94.7), (428.8, 98.4), (428.8, 98.4), (428.8, 94.7)]",0,0,8.0
novice,bomberman,10,Bomb,14,0,48.53,0.423,"[(48.0, 48.0), (62.9, 44.3), (77.9, 44.3), (92.8, 44.3), (107.7, 44.3), (122.7, 44.3), (137.6, 44.3), (152.5, 44.3), (167.5, 44.3), (182.4, 44.3), (197.3, 44.3), (212.3, 44.3), (227.2, 44.3), (242.1, 44.3), (257.1, 44.3), (272.0, 44.3), (286.9, 44.3), (301.9, 44.3), (316.8, 44.3), (331.7, 44.3), (346.7, 44.3), (361.6, 44.3), (376.5, 44.3), (391.5, 44.3), (406.4, 44.3), (421.3, 44.3), (436.3, 44.3), (436.3, 44.3), (436.3, 44.3), (436.3, 44.3), (436.3, 44.3), (436.3, 44.3), (436.3, 44.3), (436.3, 44.3), (436.3, 44.3), (436.3, 44.3), (436.3, 44.3), (436.3, 44.3), (436.3, 44.3), (436.3, 44.3), (436.3, 44.3), (436.3, 44.3), (436.3, 44.3), (436.3, 44.3), (436.3, 44.3), (436.3, 44.3), (436.3, 44.3), (436.3, 44.3), (436.3, 44.3), (436.3, 48.0), (436.3, 62.9), (436.3, 66.7), (436.3, 62.9), (436.3, 62.9), (436.3, 66.7), (436.3, 62.9), (436.3, 62.9), (436.3, 66.7), (436.3, 62.9), (436.3, 62.9), (436.3, 66.7)]",0,0,8.0
novice,bomberman,10,Bomb,2,0,40.13,0.462,"[(48.0, 48.0), (62.9, 44.3), (77.9, 44.3), (92.8, 44.3), (107.7, 44.3), (122.7, 44.3), (137.6, 44.3), (152.5, 44.3), (167.5, 44.3), (182.4, 44.3), (197.3, 44.3), (212.3, 44.3), (227.2, 44.3), (242.1, 44.3), (257.1, 51.7), (272.0, 44.3), (286.9, 44.3), (301.9, 48.0), (316.8, 51.7), (331.7, 49.9), (348.5, 51.7), (365.3, 53.6), (372.8, 68.5), (372.8, 83.5), (372.8, 98.4), (372.8, 94.7), (372.8, 94.7), (372.8, 98.4), (372.8, 94.7), (372.8, 94.7), (372.8, 98.4), (372.8, 94.7), (372.8, 94.7), (372.8, 98.4), (372.8, 94.7), (372.8, 98.4), (372.8, 98.4), (372.8, 109.6), (372.8, 115.2), (372.8, 115.2), (372.8, 115.2), (372.8, 115.2), (372.8, 115.2), (372.8, 115.2), (372.8, 115.2), (372.8, 115.2), (372.8, 115.2), (372.8, 115.2), (372.8, 115.2), (372.8, 115.2), (372.8, 115.2), (372.8, 115.2), (372.8, 115.2), (372.8, 115.2), (372.8, 115.2), (372.8, 115.2), (372.8, 115.2), (372.8, 115.2), (372.8, 115.2), (372.8, 115.2), (372.8, 115.2)]",0,2,8.0
novice,bomberman,10,Bomb,1,0,47.6,0.462,"[(48.0, 48.0), (53.6, 44.3), (68.5, 44.3), (83.5, 44.3), (98.4, 44.3), (113.3, 44.3), (128.3, 44.3), (143.2, 44.3), (158.1, 44.3), (173.1, 44.3), (188.0, 44.3), (202.9, 44.3), (217.9, 44.3), (232.8, 44.3), (247.7, 44.3), (262.7, 44.3), (277.6, 44.3), (292.5, 44.3), (307.5, 44.3), (322.4, 44.3), (337.3, 44.3), (352.3, 44.3), (367.2, 44.3), (382.1, 44.3), (397.1, 44.3), (412.0, 44.3), (426.9, 44.3), (436.3, 44.3), (436.3, 44.3), (436.3, 44.3), (436.3, 44.3), (436.3, 44.3), (436.3, 44.3), (436.3, 44.3), (436.3, 44.3), (436.3, 44.3), (436.3, 44.3), (436.3, 44.3), (436.3, 44.3), (436.3, 44.3), (436.3, 44.3), (436.3, 44.3), (436.3, 44.3), (436.3, 44.3), (436.3, 44.3), (436.3, 44.3), (436.3, 44.3), (436.3, 44.3), (436.3, 44.3), (436.3, 53.6), (434.4, 68.5), (428.8, 83.5), (428.8, 98.4), (428.8, 98.4), (428.8, 94.7), (428.8, 98.4), (428.8, 98.4), (428.8, 94.7), (428.8, 98.4), (428.8, 98.4), (428.8, 94.7)]",0,0,8.0
novice,bomberman,10,Bomb,2,0,46.72,0.462,"[(48.0, 48.0), (53.6, 44.3), (68.5, 44.3), (83.5, 44.3), (98.4, 44.3), (113.3, 44.3), (128.3, 44.3), (143.2, 44.3), (158.1, 44.3), (173.1, 44.3), (188.0, 44.3), (202.9, 44.3), (217.9, 44.3), (232.8, 44.3), (247.7, 44.3), (262.7, 44.3), (277.6, 44.3), (292.5, 44.3), (307.5, 44.3), (322.4, 44.3), (337.3, 44.3), (352.3, 44.3), (367.2, 44.3), (382.1, 44.3), (397.1, 44.3), (412.0, 44.3), (426.9, 44.3), (436.3, 44.3), (436.3, 44.3), (436.3, 44.3), (436.3, 44.3), (436.3, 49.9), (436.3, 49.9), (436.3, 49.9), (436.3, 49.9), (436.3, 49.9), (436.3, 49.9), (436.3, 49.9), (436.3, 49.9), (436.3, 49.9), (436.3, 49.9), (436.3, 49.9), (436.3, 49.9), (436.3, 49.9), (436.3, 49.9), (436.3, 49.9), (436.3, 49.9), (436.3, 49.9), (436.3, 49.9), (436.3, 49.9), (436.3, 51.7), (436.3, 66.7), (428.8, 81.6), (428.8, 96.5), (428.8, 100.3), (428.8, 104.0), (428.8, 104.0), (428.8, 100.3), (428.8, 104.0), (428.8, 104.0), (428.8, 100.3), (428.8, 96.5)]",0,0,8.15
novice,bomberman,10,Bomb,1,0,47.3,0.462,"[(48.0, 48.0), (53.6, 44.3), (68.5, 44.3), (83.5, 44.3), (98.4, 44.3), (113.3, 44.3), (128.3, 44.3), (143.2, 44.3), (158.1, 44.3), (173.1, 44.3), (188.0, 44.3), (202.9, 44.3), (217.9, 44.3), (232.8, 44.3), (247.7, 44.3), (262.7, 44.3), (277.6, 44.3), (292.5, 44.3), (307.5, 44.3), (322.4, 44.3), (337.3, 44.3), (352.3, 44.3), (367.2, 44.3), (382.1, 44.3), (397.1, 44.3), (412.0, 44.3), (426.9, 44.3), (436.3, 44.3), (436.3, 44.3), (436.3, 44.3), (436.3, 44.3), (436.3, 44.3), (436.3, 44.3), (436.3, 44.3), (436.3, 44.3), (436.3, 44.3), (436.3, 44.3), (436.3, 44.3), (436.3, 44.3), (436.3, 44.3), (436.3, 44.3), (436.3, 44.3), (436.3, 44.3), (436.3, 44.3), (436.3, 44.3), (436.3, 44.3), (436.3, 44.3), (436.3, 44.3), (436.3, 44.3), (436.3, 44.3), (436.3, 44.3), (436.3, 44.3), (436.3, 44.3), (436.3, 44.3), (436.3, 55.5), (432.5, 70.4), (428.8, 85.3), (428.8, 100.3), (428.8, 96.5), (428.8, 96.5), (428.8, 100.3)]",0,0,8.05
novice,bomberman,10,Bomb,1,0,-0.47,0.115,"[(48.0, 48.0), (51.7, 62.9), (51.7, 77.9), (51.7, 92.8), (51.7, 107.7), (51.7, 122.7), (51.7, 137.6), (51.7, 145.1), (51.7, 145.1), (51.7, 148.8), (51.7, 145.1), (51.7, 145.1), (51.7, 148.8), (51.7, 145.1), (51.7, 145.1), (51.7, 148.8), (51.7, 145.1), (51.7, 145.1), (51.7, 148.8), (51.7, 145.1), (51.7, 145.1), (51.7, 148.8), (51.7, 145.1), (51.7, 145.1), (51.7, 148.8), (51.7, 145.1), (51.7, 145.1), (51.7, 148.8), (51.7, 145.1), (51.7, 145.1), (51.7, 148.8), (44.3, 145.1), (44.3, 133.9), (44.3, 137.6), (44.3, 141.3), (44.3, 141.3), (44.3, 137.6), (44.3, 145.1), (44.3, 145.1), (44.3, 148.8), (44.3, 145.1), (44.3, 145.1), (44.3, 148.8), (44.3, 145.1), (44.3, 145.1), (44.3, 148.8), (44.3, 152.5), (44.3, 152.5), (44.3, 148.8), (44.3, 152.5), (44.3, 152.5), (44.3, 148.8), (44.3, 152.5), (44.3, 152.5), (44.3, 148.8), (44.3, 152.5), (44.3, 152.5), (44.3, 148.8), (44.3, 152.5), (44.3, 152.5), (44.3, 160.0)]",0,0,8.0
novice,bomberman,10,Bomb,5,0,47.6,0.462,"[(48.0, 48.0), (53.6, 44.3), (68.5, 44.3), (83.5, 44.3), (98.4, 44.3), (113.3, 44.3), (128.3, 44.3), (143.2, 44.3), (158.1, 44.3), (173.1, 44.3), (188.0, 44.3), (202.9, 44.3), (217.9, 44.3), (232.8, 44.3), (247.7, 44.3), (262.7, 44.3), (277.6, 44.3), (292.5, 44.3), (307.5, 44.3), (322.4, 44.3), (337.3, 44.3), (352.3, 44.3), (367.2, 44.3), (382.1, 44.3), (397.1, 44.3), (412.0, 44.3), (426.9, 44.3), (436.3, 44.3), (436.3, 44.3), (436.3, 44.3), (436.3, 44.3), (436.3, 44.3), (436.3, 44.3), (436.3, 44.3), (436.3, 48.0), (436.3, 57.3), (436.3, 72.3), (436.3, 87.2), (436.3, 98.4), (436.3, 94.7), (436.3, 98.4), (436.3, 98.4), (436.3, 94.7), (436.3, 98.4), (436.3, 98.4), (436.3, 94.7), (432.5, 98.4), (430.7, 98.4), (428.8, 94.7), (428.8, 98.4), (428.8, 98.4), (428.8, 94.7), (428.8, 90.9), (428.8, 87.2), (428.8, 83.5), (428.8, 87.2), (428.8, 87.2), (428.8, 83.5), (428.8, 79.7), (428.8, 79.7), (428.8, 83.5)]",0,0,8.0
novice,bomberman,10,Bomb,2,0,48.3,0.423,"[(48.0, 48.0), (53.6, 44.3), (68.5, 44.3), (83.5, 44.3), (98.4, 44.3), (113.3, 44.3), (128.3, 44.3), (143.2, 44.3), (158.1, 44.3), (173.1, 44.3), (188.0, 44.3), (202.9, 44.3), (217.9, 44.3), (232.8, 44.3), (247.7, 44.3), (262.7, 44.3), (277.6, 44.3), (292.5, 44.3), (307.5, 44.3), (322.4, 44.3), (337.3, 44.3), (352.3, 44.3), (367.2, 44.3), (382.1, 44.3), (397.1, 44.3), (412.0, 44.3), (426.9, 44.3), (436.3, 44.3), (436.3, 44.3), (436.3, 44.3), (436.3, 44.3), (436.3, 44.3), (436.3, 44.3), (436.3, 44.3), (436.3, 44.3), (436.3, 44.3), (436.3, 44.3), (436.3, 44.3), (436.3, 44.3), (436.3, 44.3), (436.3, 59.2), (436.3, 66.7), (436.3, 66.7), (436.3, 66.7), (436.3, 66.7), (436.3, 66.7), (436.3, 66.7), (436.3, 66.7), (436.3, 66.7), (436.3, 66.7), (436.3, 66.7), (436.3, 66.7), (436.3, 66.7), (434.4, 66.7), (434.4, 68.5), (436.3, 68.5), (436.3, 68.5), (436.3, 68.5), (428.8, 66.7), (432.5, 68.5), (434.4, 68.5)]",0,0,8.0
novice,bomberman,10,Bomb,1,0,-0.89,0.115,"[(48.0, 48.0), (44.3, 62.9), (44.3, 77.9), (44.3, 92.8), (44.3, 107.7), (44.3, 122.7), (44.3, 126.4), (44.3, 130.1), (44.3, 130.1), (44.3, 126.4), (44.3, 130.1), (44.3, 130.1), (44.3, 126.4), (44.3, 130.1), (44.3, 130.1), (44.3, 126.4), (44.3, 130.1), (44.3, 130.1), (44.3, 126.4), (44.3, 130.1), (44.3, 130.1), (44.3, 126.4), (44.3, 130.1), (44.3, 130.1), (44.3, 126.4), (44.3, 130.1), (44.3, 130.1), (44.3, 126.4), (44.3, 130.1), (44.3, 130.1), (44.3, 126.4), (44.3, 130.1)]",0,0,4.2
novice,bomberman,10,Bomb,7,0,16.49,0.192,"[(48.0, 48.0), (62.9, 51.7), (77.9, 44.3), (92.8, 44.3), (107.7, 44.3), (122.7, 44.3), (137.6, 44.3), (152.5, 44.3), (167.5, 44.3), (182.4, 44.3), (197.3, 44.3), (212.3, 44.3), (227.2, 44.3), (242.1, 59.2), (244.0, 74.1), (244.0, 92.8), (244.0, 109.6), (258.9, 115.2), (273.9, 115.2), (275.7, 115.2), (275.7, 115.2), (275.7, 115.2), (275.7, 115.2), (275.7, 115.2), (275.7, 115.2), (275.7, 115.2), (275.7, 115.2), (275.7, 115.2), (275.7, 115.2), (275.7, 115.2), (275.7, 115.2), (275.7, 115.2), (275.7, 115.2), (275.7, 115.2), (275.7, 115.2), (275.7, 115.2), (275.7, 115.2), (275.7, 115.2), (275.7, 115.2), (275.7, 115.2), (275.7, 115.2), (275.7, 115.2), (275.7, 115.2), (275.7, 115.2), (275.7, 115.2), (275.7, 115.2), (275.7, 115.2), (275.7, 115.2), (275.7, 115.2), (275.7, 115.2), (275.7, 115.2), (275.7, 115.2), (275.7, 115.2), (275.7, 115.2), (275.7, 115.2), (275.7, 115.2), (273.9, 115.2), (270.1, 115.2), (258.9, 115.2), (242.1, 118.9), (242.1, 133.9), (236.5, 148.8), (236.5, 160.0), (236.5, 156.3), (236.5, 160.0), (236.5, 160.0), (236.5, 156.3), (236.5, 160.0), (236.5, 160.0), (236.5, 156.3), (236.5, 160.0), (236.5, 160.0), (236.5, 156.3), (236.5, 160.0), (236.5, 160.0), (236.5, 167.5), (236.5, 180.5), (236.5, 180.5), (236.5, 180.5), (236.5, 180.5), (236.5, 180.5), (236.5, 180.5), (236.5, 180.5), (236.5, 180.5), (236.5, 180.5), (236.5, 180.5), (236.5, 180.5), (236.5, 180.5), (236.5, 180.5), (236.5, 180.5), (236.5, 180.5)]",0,1,12.0
novice,bomberman,10,Bomb,1,0,47.6,0.423,"[(48.0, 48.0), (53.6, 44.3), (68.5, 44.3), (83.5, 44.3), (98.4, 44.3), (113.3, 44.3), (128.3, 44.3), (143.2, 44.3), (158.1, 44.3), (173.1, 44.3), (188.0, 44.3), (202.9, 44.3), (217.9, 44.3), (232.8, 44.3), (247.7, 44.3), (262.7, 44.3), (277.6, 44.3), (292.5, 44.3), (307.5, 44.3), (322.4, 44.3), (337.3, 44.3), (352.3, 44.3), (367.2, 44.3), (382.1, 44.3), (397.1, 44.3), (412.0, 44.3), (426.9, 44.3), (436.3, 44.3), (436.3, 44.3), (436.3, 44.3), (436.3, 44.3), (436.3, 44.3), (436.3, 44.3), (436.3, 44.3), (436.3, 44.3), (436.3, 44.3), (436.3, 44.3), (436.3, 44.3), (436.3, 44.3), (436.3, 44.3), (436.3, 44.3), (436.3, 44.3), (436.3, 44.3), (436.3, 44.3), (436.3, 44.3), (436.3, 44.3), (436.3, 44.3), (436.3, 44.3), (436.3, 44.3), (436.3, 44.3), (436.3, 57.3), (436.3, 72.3), (432.5, 87.2), (428.8, 87.2), (428.8, 83.5), (428.8, 79.7), (428.8, 79.7), (428.8, 83.5), (428.8, 79.7), (428.8, 79.7), (428.8, 83.5)]",0,0,8.0
novice,bomberman,10,Bomb,2,0,40.13,0.462,"[(48.0, 48.0), (62.9, 44.3), (77.9, 44.3), (92.8, 44.3), (107.7, 44.3), (122.7, 44.3), (137.6, 44.3), (152.5, 44.3), (167.5, 44.3), (182.4, 44.3), (197.3, 44.3), (212.3, 44.3), (227.2, 44.3), (242.1, 44.3), (257.1, 51.7), (272.0, 44.3), (286.9, 44.3), (301.9, 48.0), (316.8, 51.7), (331.7, 49.9), (348.5, 51.7), (365.3, 53.6), (372.8, 68.5), (372.8, 83.5), (372.8, 98.4), (372.8, 94.7), (372.8, 94.7), (372.8, 98.4), (372.8, 94.7), (372.8, 94.7), (372.8, 98.4), (372.8, 94.7), (372.8, 94.7), (372.8, 98.4), (372.8, 94.7), (372.8, 98.4), (372.8, 98.4), (372.8, 109.6), (372.8, 115.2), (372.8, 115.2), (372.8, 115.2), (372.8, 115.2), (372.8, 115.2), (372.8, 115.2), (372.8, 115.2), (372.8, 115.2), (372.8, 115.2), (372.8, 115.2), (372.8, 115.2), (372.8, 115.2), (372.8, 115.2), (372.8, 115.2), (372.8, 115.2), (372.8, 115.2), (372.8, 115.2), (372.8, 115.2), (372.8, 115.2), (372.8, 115.2), (372.8, 115.2), (372.8, 115.2), (372.8, 115.2)]",0,2,8.0
novice,bomberman,10,Bomb,5,0,47.6,0.462,"[(48.0, 48.0), (53.6, 44.3), (68.5, 44.3), (83.5, 44.3), (98.4, 44.3), (113.3, 44.3), (128.3, 44.3), (143.2, 44.3), (158.1, 44.3), (173.1, 44.3), (188.0, 44.3), (202.9, 44.3), (217.9, 44.3), (232.8, 44.3), (247.7, 44.3), (262.7, 44.3), (277.6, 44.3), (292.5, 44.3), (307.5, 44.3), (322.4, 44.3), (337.3, 44.3), (352.3, 44.3), (367.2, 44.3), (382.1, 44.3), (397.1, 44.3), (412.0, 44.3), (426.9, 44.3), (436.3, 44.3), (436.3, 44.3), (436.3, 44.3), (436.3, 44.3), (436.3, 44.3), (436.3, 44.3), (436.3, 44.3), (436.3, 48.0), (436.3, 57.3), (436.3, 72.3), (436.3, 87.2), (436.3, 98.4), (436.3, 94.7), (436.3, 98.4), (436.3, 98.4), (436.3, 94.7), (436.3, 98.4), (436.3, 98.4), (436.3, 94.7), (432.5, 98.4), (430.7, 98.4), (428.8, 94.7), (428.8, 98.4), (428.8, 98.4), (428.8, 94.7), (428.8, 90.9), (428.8, 87.2), (428.8, 83.5), (428.8, 87.2), (428.8, 87.2), (428.8, 83.5), (428.8, 79.7), (428.8, 79.7), (428.8, 83.5)]",0,0,8.0
novice,bomberman,10,Bomb,1,0,47.3,0.462,"[(48.0, 48.0), (53.6, 44.3), (68.5, 44.3), (83.5, 44.3), (98.4, 44.3), (113.3, 44.3), (128.3, 44.3), (143.2, 44.3), (158.1, 44.3), (173.1, 44.3), (188.0, 44.3), (202.9, 44.3), (217.9, 44.3), (232.8, 44.3), (247.7, 44.3), (262.7, 44.3), (277.6, 44.3), (292.5, 44.3), (307.5, 44.3), (322.4, 44.3), (337.3, 44.3), (352.3, 44.3), (367.2, 44.3), (382.1, 44.3), (397.1, 44.3), (412.0, 44.3), (426.9, 44.3), (436.3, 44.3), (436.3, 44.3), (436.3, 44.3), (436.3, 44.3), (436.3, 44.3), (436.3, 44.3), (436.3, 44.3), (436.3, 44.3), (436.3, 44.3), (436.3, 44.3), (436.3, 44.3), (436.3, 44.3), (436.3, 44.3), (436.3, 44.3), (436.3, 44.3), (436.3, 44.3), (436.3, 44.3), (436.3, 44.3), (436.3, 44.3), (436.3, 44.3), (436.3, 44.3), (436.3, 44.3), (436.3, 44.3), (436.3, 44.3), (436.3, 44.3), (436.3, 44.3), (436.3, 44.3), (436.3, 55.5), (432.5, 70.4), (428.8, 85.3), (428.8, 100.3), (428.8, 96.5), (428.8, 96.5), (428.8, 100.3)]",0,0,8.05
novice,bomberman,10,Bomb,2,0,46.72,0.462,"[(48.0, 48.0), (53.6, 44.3), (68.5, 44.3), (83.5, 44.3), (98.4, 44.3), (113.3, 44.3), (128.3, 44.3), (143.2, 44.3), (158.1, 44.3), (173.1, 44.3), (188.0, 44.3), (202.9, 44.3), (217.9, 44.3), (232.8, 44.3), (247.7, 44.3), (262.7, 44.3), (277.6, 44.3), (292.5, 44.3), (307.5, 44.3), (322.4, 44.3), (337.3, 44.3), (352.3, 44.3), (367.2, 44.3), (382.1, 44.3), (397.1, 44.3), (412.0, 44.3), (426.9, 44.3), (436.3, 44.3), (436.3, 44.3), (436.3, 44.3), (436.3, 44.3), (436.3, 49.9), (436.3, 49.9), (436.3, 49.9), (436.3, 49.9), (436.3, 49.9), (436.3, 49.9), (436.3, 49.9), (436.3, 49.9), (436.3, 49.9), (436.3, 49.9), (436.3, 49.9), (436.3, 49.9), (436.3, 49.9), (436.3, 49.9), (436.3, 49.9), (436.3, 49.9), (436.3, 49.9), (436.3, 49.9), (436.3, 49.9), (436.3, 51.7), (436.3, 66.7), (428.8, 81.6), (428.8, 96.5), (428.8, 100.3), (428.8, 104.0), (428.8, 104.0), (428.8, 100.3), (428.8, 104.0), (428.8, 104.0), (428.8, 100.3), (428.8, 96.5)]",0,0,8.15
novice,bomberman,10,Bomb,2,0,-0.47,0.154,"[(48.0, 48.0), (51.7, 62.9), (44.3, 77.9), (44.3, 92.8), (44.3, 107.7), (46.1, 122.7), (51.7, 137.6), (51.7, 156.3), (46.1, 150.7), (51.7, 160.0), (51.7, 156.3), (51.7, 152.5), (51.7, 163.7), (51.7, 160.0), (51.7, 163.7), (51.7, 161.9), (51.7, 161.9), (51.7, 161.9), (51.7, 163.7), (51.7, 160.0), (51.7, 150.7), (51.7, 150.7), (51.7, 152.5), (51.7, 154.4), (51.7, 156.3), (51.7, 158.1), (51.7, 160.0), (51.7, 160.0), (51.7, 160.0), (51.7, 158.1), (51.7, 158.1), (44.3, 154.4), (44.3, 150.7), (44.3, 146.9), (44.3, 150.7), (44.3, 154.4), (44.3, 158.1), (44.3, 161.9), (44.3, 161.9), (44.3, 158.1), (44.3, 165.6), (44.3, 165.6), (44.3, 169.3), (44.3, 173.1), (44.3, 188.0), (44.3, 191.7), (44.3, 195.5), (44.3, 195.5), (44.3, 191.7), (44.3, 195.5), (44.3, 195.5), (44.3, 191.7), (44.3, 195.5), (44.3, 195.5), (44.3, 191.7), (44.3, 195.5), (44.3, 195.5), (44.3, 191.7), (44.3, 195.5), (44.3, 195.5), (44.3, 191.7)]",0,0,8.0
novice,bomberman,10,Bomb,7,0,15.71,0.192,"[(48.0, 48.0), (62.9, 51.7), (77.9, 44.3), (92.8, 44.3), (107.7, 44.3), (122.7, 44.3), (137.6, 44.3), (152.5, 44.3), (167.5, 44.3), (182.4, 44.3), (197.3, 44.3), (212.3, 44.3), (227.2, 44.3), (242.1, 59.2), (244.0, 74.1), (244.0, 89.1), (244.0, 105.9), (255.2, 115.2), (260.8, 115.2), (257.1, 115.2), (257.1, 115.2), (260.8, 115.2), (257.1, 115.2), (257.1, 115.2), (260.8, 115.2), (257.1, 115.2), (257.1, 115.2), (260.8, 115.2), (257.1, 115.2), (257.1, 115.2), (260.8, 115.2), (257.1, 115.2), (257.1, 115.2), (260.8, 115.2), (255.2, 115.2), (255.2, 115.2), (255.2, 115.2), (255.2, 115.2), (255.2, 115.2), (255.2, 115.2), (255.2, 115.2), (255.2, 115.2), (255.2, 115.2), (240.3, 120.8), (236.5, 135.7), (244.0, 152.5), (244.0, 163.7), (244.0, 165.6), (244.0, 165.6), (244.0, 163.7), (244.0, 160.0), (244.0, 156.3), (244.0, 160.0), (244.0, 160.0), (244.0, 156.3), (240.3, 160.0), (236.5, 160.0), (236.5, 156.3), (236.5, 160.0), (236.5, 160.0), (236.5, 156.3), (236.5, 160.0), (236.5, 160.0), (236.5, 156.3), (236.5, 152.5), (236.5, 152.5), (236.5, 156.3), (236.5, 160.0), (236.5, 160.0), (236.5, 156.3), (236.5, 160.0), (236.5, 160.0), (236.5, 156.3), (236.5, 160.0), (236.5, 160.0), (236.5, 156.3), (236.5, 160.0), (236.5, 160.0), (236.5, 156.3), (236.5, 160.0), (236.5, 163.7), (236.5, 178.7), (236.5, 180.5), (236.5, 180.5), (236.5, 180.5), (236.5, 180.5), (236.5, 180.5), (236.5, 180.5), (236.5, 180.5), (236.5, 180.5), (236.5, 180.5)]",0,1,12.0
novice,bomberman,10,Bomb,2,0,47.3,0.462,"[(48.0, 48.0), (62.9, 44.3), (77.9, 44.3), (92.8, 44.3), (107.7, 44.3), (122.7, 44.3), (137.6, 44.3), (152.5, 44.3), (167.5, 44.3), (182.4, 44.3), (197.3, 44.3), (212.3, 44.3), (227.2, 44.3), (242.1, 44.3), (257.1, 44.3), (272.0, 44.3), (286.9, 44.3), (301.9, 44.3), (316.8, 44.3), (331.7, 44.3), (346.7, 44.3), (361.6, 44.3), (376.5, 44.3), (391.5, 44.3), (406.4, 44.3), (421.3, 44.3), (436.3, 44.3), (436.3, 44.3), (436.3, 44.3), (436.3, 44.3), (436.3, 44.3), (436.3, 49.9), (436.3, 49.9), (436.3, 49.9), (436.3, 49.9), (436.3, 49.9), (436.3, 49.9), (436.3, 49.9), (436.3, 49.9), (436.3, 49.9), (436.3, 49.9), (436.3, 49.9), (436.3, 49.9), (436.3, 49.9), (436.3, 49.9), (436.3, 49.9), (436.3, 49.9), (436.3, 49.9), (436.3, 61.1), (432.5, 70.4), (428.8, 85.3), (428.8, 100.3), (432.5, 96.5), (432.5, 96.5), (428.8, 100.3), (432.5, 96.5), (432.5, 96.5), (428.8, 100.3), (432.5, 96.5), (432.5, 96.5), (428.8, 100.3)]",0,0,8.05
novice,bomberman,10,Bomb,2,0,48.53,0.538,"[(48.0, 48.0), (62.9, 44.3), (77.9, 44.3), (92.8, 44.3), (107.7, 44.3), (122.7, 44.3), (137.6, 44.3), (152.5, 44.3), (167.5, 44.3), (182.4, 44.3), (197.3, 44.3), (212.3, 44.3), (227.2, 44.3), (242.1, 48.0), (257.1, 51.7), (272.0, 44.3), (286.9, 44.3), (301.9, 44.3), (316.8, 44.3), (331.7, 44.3), (346.7, 44.3), (361.6, 44.3), (376.5, 44.3), (391.5, 44.3), (406.4, 44.3), (421.3, 48.0), (436.3, 61.1), (436.3, 76.0), (436.3, 90.9), (436.3, 105.9), (436.3, 120.8), (436.3, 135.7), (436.3, 135.7), (436.3, 132.0), (436.3, 135.7), (436.3, 135.7), (436.3, 132.0), (436.3, 135.7), (436.3, 139.5), (436.3, 154.4), (436.3, 161.9), (436.3, 161.9), (436.3, 165.6), (436.3, 161.9), (436.3, 161.9), (436.3, 165.6), (436.3, 161.9), (436.3, 161.9), (436.3, 165.6), (436.3, 161.9), (436.3, 161.9), (436.3, 165.6), (436.3, 161.9), (436.3, 158.1), (436.3, 154.4), (436.3, 150.7), (436.3, 150.7), (436.3, 154.4), (436.3, 146.9), (436.3, 146.9), (436.3, 143.2)]",0,1,8.0
novice,bomberman,10,Bomb,1,0,18.98,0.154,"[(48.0, 48.0), (62.9, 51.7), (77.9, 44.3), (92.8, 44.3), (107.7, 44.3), (122.7, 44.3), (137.6, 44.3), (152.5, 44.3), (167.5, 44.3), (182.4, 44.3), (197.3, 44.3), (212.3, 44.3), (227.2, 44.3), (242.1, 59.2), (244.0, 64.8), (244.0, 68.5), (244.0, 64.8), (244.0, 64.8), (244.0, 68.5), (244.0, 64.8), (244.0, 64.8), (244.0, 68.5), (244.0, 64.8), (244.0, 64.8), (244.0, 68.5), (244.0, 64.8), (244.0, 64.8), (244.0, 68.5), (244.0, 64.8), (244.0, 64.8), (244.0, 68.5), (244.0, 62.9), (244.0, 64.8), (244.0, 68.5), (244.0, 64.8), (244.0, 64.8), (244.0, 68.5), (244.0, 64.8), (244.0, 64.8), (244.0, 68.5), (244.0, 64.8), (244.0, 64.8), (244.0, 79.7), (244.0, 100.3), (249.6, 115.2), (264.5, 115.2), (275.7, 115.2), (275.7, 115.2), (275.7, 115.2), (275.7, 115.2), (275.7, 115.2), (275.7, 115.2), (275.7, 115.2), (275.7, 115.2), (275.7, 115.2), (275.7, 115.2), (275.7, 115.2), (275.7, 115.2), (275.7, 115.2), (275.7, 115.2), (275.7, 115.2), (275.7, 115.2), (275.7, 115.2), (275.7, 115.2), (275.7, 111.5), (275.7, 111.5), (275.7, 115.2), (275.7, 115.2), (275.7, 115.2), (275.7, 115.2), (275.7, 115.2), (275.7, 115.2), (275.7, 115.2), (275.7, 115.2), (275.7, 115.2), (275.7, 115.2), (275.7, 115.2), (275.7, 115.2), (275.7, 115.2), (275.7, 115.2), (275.7, 115.2), (275.7, 115.2), (275.7, 115.2), (275.7, 115.2), (275.7, 115.2), (275.7, 115.2), (275.7, 115.2), (275.7, 115.2), (275.7, 115.2), (275.7, 115.2), (275.7, 115.2)]",0,1,12.0
novice,bomberman,10,Bomb,1,0,48.53,0.385,"[(48.0, 48.0), (62.9, 44.3), (77.9, 44.3), (92.8, 44.3), (107.7, 44.3), (122.7, 44.3), (137.6, 44.3), (152.5, 44.3), (167.5, 44.3), (182.4, 44.3), (197.3, 44.3), (212.3, 44.3), (227.2, 44.3), (242.1, 44.3), (257.1, 44.3), (272.0, 44.3), (286.9, 44.3), (301.9, 44.3), (316.8, 44.3), (331.7, 44.3), (346.7, 44.3), (361.6, 44.3), (376.5, 44.3), (391.5, 44.3), (406.4, 44.3), (421.3, 44.3), (436.3, 44.3), (436.3, 44.3), (436.3, 44.3), (436.3, 44.3), (436.3, 44.3), (436.3, 44.3), (436.3, 44.3), (436.3, 44.3), (436.3, 44.3), (436.3, 44.3), (436.3, 44.3), (436.3, 44.3), (436.3, 44.3), (436.3, 44.3), (436.3, 44.3), (436.3, 44.3), (436.3, 44.3), (436.3, 44.3), (436.3, 44.3), (436.3, 44.3), (436.3, 44.3), (436.3, 44.3), (436.3, 44.3), (436.3, 44.3), (436.3, 44.3), (436.3, 44.3), (436.3, 44.3), (436.3, 44.3), (436.3, 44.3), (436.3, 44.3), (436.3, 44.3), (436.3, 44.3), (436.3, 44.3), (436.3, 49.9), (436.3, 49.9)]",0,0,8.0
novice,bomberman,10,Bomb,2,0,48.53,0.538,"[(48.0, 48.0), (62.9, 44.3), (77.9, 44.3), (92.8, 44.3), (107.7, 44.3), (122.7, 44.3), (137.6, 44.3), (152.5, 44.3), (167.5, 44.3), (182.4, 44.3), (197.3, 44.3), (212.3, 44.3), (227.2, 44.3), (242.1, 48.0), (257.1, 51.7), (272.0, 44.3), (286.9, 44.3), (301.9, 44.3), (316.8, 44.3), (331.7, 44.3), (346.7, 44.3), (361.6, 44.3), (376.5, 44.3), (391.5, 44.3), (406.4, 44.3), (421.3, 48.0), (436.3, 61.1), (436.3, 76.0), (436.3, 90.9), (436.3, 105.9), (436.3, 120.8), (436.3, 135.7), (436.3, 135.7), (436.3, 132.0), (436.3, 135.7), (436.3, 135.7), (436.3, 132.0), (436.3, 135.7), (436.3, 139.5), (436.3, 154.4), (436.3, 161.9), (436.3, 161.9), (436.3, 165.6), (436.3, 161.9), (436.3, 161.9), (436.3, 165.6), (436.3, 161.9), (436.3, 161.9), (436.3, 165.6), (436.3, 161.9), (436.3, 161.9), (436.3, 165.6), (436.3, 161.9), (436.3, 158.1), (436.3, 154.4), (436.3, 150.7), (436.3, 150.7), (436.3, 154.4), (436.3, 146.9), (436.3, 146.9), (436.3, 143.2)]",0,1,8.0
novice,bomberman,10,Bomb,2,0,40.13,0.462,"[(48.0, 48.0), (62.9, 44.3), (77.9, 44.3), (92.8, 44.3), (107.7, 44.3), (122.7, 44.3), (137.6, 44.3), (152.5, 44.3), (167.5, 44.3), (182.4, 44.3), (197.3, 44.3), (212.3, 44.3), (227.2, 44.3), (242.1, 44.3), (257.1, 51.7), (272.0, 44.3), (286.9, 44.3), (301.9, 48.0), (316.8, 51.7), (331.7, 49.9), (348.5, 51.7), (365.3, 53.6), (372.8, 68.5), (372.8, 83.5), (372.8, 98.4), (372.8, 94.7), (372.8, 94.7), (372.8, 98.4), (372.8, 94.7), (372.8, 94.7), (372.8, 98.4), (372.8, 94.7), (372.8, 94.7), (372.8, 98.4), (372.8, 94.7), (372.8, 98.4), (372.8, 98.4), (372.8, 109.6), (372.8, 115.2), (372.8, 115.2), (372.8, 115.2), (372.8, 115.2), (372.8, 115.2), (372.8, 115.2), (372.8, 115.2), (372.8, 115.2), (372.8, 115.2), (372.8, 115.2), (372.8, 115.2), (372.8, 115.2), (372.8, 115.2), (372.8, 115.2), (372.8, 115.2), (372.8, 115.2), (372.8, 115.2), (372.8, 115.2), (372.8, 115.2), (372.8, 115.2), (372.8, 115.2), (372.8, 115.2), (372.8, 115.2)]",0,2,8.0
novice,bomberman,10,Bomb,2,0,47.3,0.462,"[(48.0, 48.0), (62.9, 44.3), (77.9, 44.3), (92.8, 44.3), (107.7, 44.3), (122.7, 44.3), (137.6, 44.3), (152.5, 44.3), (167.5, 44.3), (182.4, 44.3), (197.3, 44.3), (212.3, 44.3), (227.2, 44.3), (242.1, 44.3), (257.1, 44.3), (272.0, 44.3), (286.9, 44.3), (301.9, 44.3), (316.8, 44.3), (331.7, 44.3), (346.7, 44.3), (361.6, 44.3), (376.5, 44.3), (391.5, 44.3), (406.4, 44.3), (421.3, 44.3), (436.3, 44.3), (436.3, 44.3), (436.3, 44.3), (436.3, 44.3), (436.3, 44.3), (436.3, 49.9), (436.3, 49.9), (436.3, 49.9), (436.3, 49.9), (436.3, 49.9), (436.3, 49.9), (436.3, 49.9), (436.3, 49.9), (436.3, 49.9), (436.3, 49.9), (436.3, 49.9), (436.3, 49.9), (436.3, 49.9), (436.3, 49.9), (436.3, 49.9), (436.3, 49.9), (436.3, 49.9), (436.3, 61.1), (432.5, 70.4), (428.8, 85.3), (428.8, 100.3), (432.5, 96.5), (432.5, 96.5), (428.8, 100.3), (432.5, 96.5), (432.5, 96.5), (428.8, 100.3), (432.5, 96.5), (432.5, 96.5), (428.8, 100.3)]",0,0,8.05
novice,bomberman,10,Bomb,2,0,46.72,0.462,"[(48.0, 48.0), (53.6, 44.3), (68.5, 44.3), (83.5, 44.3), (98.4, 44.3), (113.3, 44.3), (128.3, 44.3), (143.2, 44.3), (158.1, 44.3), (173.1, 44.3), (188.0, 44.3), (202.9, 44.3), (217.9, 44.3), (232.8, 44.3), (247.7, 44.3), (262.7, 44.3), (277.6, 44.3), (292.5, 44.3), (307.5, 44.3), (322.4, 44.3), (337.3, 44.3), (352.3, 44.3), (367.2, 44.3), (382.1, 44.3), (397.1, 44.3), (412.0, 44.3), (426.9, 44.3), (436.3, 44.3), (436.3, 44.3), (436.3, 44.3), (436.3, 44.3), (436.3, 49.9), (436.3, 49.9), (436.3, 49.9), (436.3, 49.9), (436.3, 49.9), (436.3, 49.9), (436.3, 49.9), (436.3, 49.9), (436.3, 49.9), (436.3, 49.9), (436.3, 49.9), (436.3, 49.9), (436.3, 49.9), (436.3, 49.9), (436.3, 49.9), (436.3, 49.9), (436.3, 49.9), (436.3, 49.9), (436.3, 49.9), (436.3, 51.7), (436.3, 66.7), (428.8, 81.6), (428.8, 96.5), (428.8, 100.3), (428.8, 104.0), (428.8, 104.0), (428.8, 100.3), (428.8, 104.0), (428.8, 104.0), (428.8, 100.3), (428.8, 96.5)]",0,0,8.15
novice,bomberman,10,Bomb,8,0,47.6,0.462,"[(48.0, 48.0), (53.6, 44.3), (68.5, 44.3), (83.5, 44.3), (98.4, 44.3), (113.3, 44.3), (128.3, 44.3), (143.2, 44.3), (158.1, 44.3), (173.1, 44.3), (188.0, 44.3), (202.9, 44.3), (217.9, 44.3), (232.8, 44.3), (247.7, 44.3), (262.7, 44.3), (277.6, 44.3), (292.5, 44.3), (307.5, 44.3), (322.4, 44.3), (337.3, 44.3), (352.3, 44.3), (367.2, 44.3), (382.1, 44.3), (397.1, 44.3), (412.0, 44.3), (426.9, 44.3), (436.3, 44.3), (436.3, 44.3), (436.3, 44.3), (436.3, 44.3), (436.3, 44.3), (436.3, 44.3), (436.3, 44.3), (436.3, 44.3), (436.3, 46.1), (436.3, 49.9), (436.3, 64.8), (436.3, 64.8), (436.3, 72.3), (436.3, 68.5), (436.3, 68.5), (436.3, 72.3), (436.3, 76.0), (436.3, 87.2), (436.3, 83.5), (432.5, 98.4), (430.7, 98.4), (428.8, 94.7), (428.8, 90.9), (428.8, 87.2), (428.8, 83.5), (428.8, 79.7), (428.8, 77.9), (428.8, 77.9), (428.8, 77.9), (428.8, 77.9), (428.8, 77.9), (428.8, 77.9), (428.8, 77.9), (428.8, 77.9)]",0,0,8.0
novice,bomberman,10,Bomb,1,0,47.54,0.462,"[(48.0, 48.0), (62.9, 44.3), (77.9, 44.3), (92.8, 44.3), (107.7, 44.3), (122.7, 44.3), (137.6, 44.3), (152.5, 44.3), (167.5, 44.3), (182.4, 44.3), (197.3, 44.3), (212.3, 44.3), (227.2, 44.3), (242.1, 44.3), (257.1, 44.3), (272.0, 44.3), (286.9, 44.3), (301.9, 44.3), (316.8, 44.3), (331.7, 44.3), (346.7, 44.3), (361.6, 44.3), (376.5, 44.3), (391.5, 44.3), (406.4, 44.3), (421.3, 44.3), (436.3, 44.3), (436.3, 44.3), (436.3, 44.3), (436.3, 44.3), (436.3, 44.3), (436.3, 44.3), (436.3, 44.3), (436.3, 44.3), (436.3, 44.3), (436.3, 44.3), (436.3, 44.3), (436.3, 44.3), (436.3, 44.3), (436.3, 44.3), (436.3, 44.3), (436.3, 44.3), (436.3, 44.3), (436.3, 44.3), (436.3, 44.3), (436.3, 44.3), (436.3, 44.3), (436.3, 51.7), (436.3, 66.7), (436.3, 66.7), (436.3, 66.7), (436.3, 66.7), (436.3, 66.7), (436.3, 66.7), (436.3, 66.7), (436.3, 76.0), (436.3, 90.9), (436.3, 100.3), (436.3, 100.3), (436.3, 100.3), (436.3, 100.3)]",0,0,8.05
novice,bomberman,10,Bomb,1,0,31.87,0.5,"[(48.0, 48.0), (62.9, 44.3), (77.9, 44.3), (92.8, 44.3), (107.7, 44.3), (122.7, 44.3), (137.6, 44.3), (152.5, 44.3), (167.5, 44.3), (182.4, 44.3), (197.3, 44.3), (212.3, 44.3), (227.2, 44.3), (242.1, 44.3), (257.1, 44.3), (272.0, 44.3), (286.9, 44.3), (301.9, 44.3), (316.8, 44.3), (331.7, 44.3), (346.7, 44.3), (361.6, 44.3), (376.5, 44.3), (391.5, 44.3), (406.4, 44.3), (421.3, 44.3), (436.3, 44.3), (436.3, 44.3), (436.3, 44.3), (436.3, 44.3), (436.3, 44.3), (436.3, 44.3), (436.3, 44.3), (436.3, 44.3), (436.3, 59.2), (436.3, 74.1), (436.3, 89.1), (436.3, 104.0), (436.3, 118.9), (436.3, 122.7), (436.3, 126.4), (436.3, 137.6), (436.3, 133.9), (436.3, 137.6), (436.3, 137.6), (436.3, 133.9), (436.3, 130.1), (436.3, 126.4), (436.3, 122.7), (436.3, 126.4), (436.3, 126.4), (436.3, 122.7), (436.3, 126.4), (436.3, 126.4), (436.3, 122.7), (436.3, 126.4), (436.3, 126.4), (436.3, 122.7), (436.3, 126.4), (436.3, 126.4), (436.3, 122.7), (436.3, 118.9), (436.3, 118.9), (436.3, 122.7), (436.3, 118.9), (436.3, 104.0), (436.3, 89.1), (436.3, 74.1), (436.3, 59.2), (436.3, 44.3), (436.3, 44.3), (436.3, 44.3), (436.3, 44.3), (436.3, 44.3), (436.3, 44.3), (436.3, 44.3), (436.3, 44.3), (436.3, 44.3), (436.3, 44.3), (436.3, 44.3), (436.3, 44.3), (436.3, 44.3), (436.3, 44.3), (436.3, 46.1), (436.3, 44.3), (436.3, 44.3), (436.3, 44.3), (436.3, 44.3), (436.3, 44.3), (436.3, 44.3), (436.3, 44.3), (436.3, 59.2)]",0,1,12.18
novice,bomberman,10,Bomb,2,0,19.63,0.154,"[(48.0, 48.0), (62.9, 51.7), (77.9, 44.3), (92.8, 44.3), (107.7, 44.3), (122.7, 44.3), (137.6, 44.3), (152.5, 44.3), (167.5, 44.3), (182.4, 44.3), (197.3, 44.3), (212.3, 44.3), (227.2, 44.3), (242.1, 59.2), (244.0, 61.1), (244.0, 62.9), (244.0, 62.9), (244.0, 64.8), (244.0, 64.8), (244.0, 66.7), (244.0, 61.1), (244.0, 68.5), (244.0, 59.2), (244.0, 64.8), (244.0, 57.3), (244.0, 61.1), (244.0, 59.2), (244.0, 59.2), (244.0, 61.1), (244.0, 61.1), (244.0, 62.9), (244.0, 62.9), (244.0, 64.8), (244.0, 64.8), (244.0, 66.7), (244.0, 61.1), (244.0, 68.5), (244.0, 59.2), (244.0, 70.4), (244.0, 85.3), (244.0, 105.9), (255.2, 111.5), (270.1, 109.6), (275.7, 109.6), (275.7, 109.6), (275.7, 109.6), (275.7, 109.6), (275.7, 109.6), (275.7, 109.6), (275.7, 109.6), (275.7, 109.6), (275.7, 109.6), (275.7, 109.6), (275.7, 109.6), (275.7, 109.6), (275.7, 109.6), (275.7, 109.6), (275.7, 109.6), (275.7, 109.6), (275.7, 109.6), (275.7, 109.6), (275.7, 109.6), (275.7, 109.6), (275.7, 109.6), (275.7, 109.6), (275.7, 109.6), (275.7, 109.6), (275.7, 109.6), (275.7, 109.6), (275.7, 109.6), (275.7, 109.6), (275.7, 109.6), (275.7, 109.6), (275.7, 109.6), (275.7, 109.6), (275.7, 109.6), (275.7, 109.6), (275.7, 109.6), (275.7, 109.6), (275.7, 109.6), (275.7, 109.6), (275.7, 109.6), (275.7, 109.6), (275.7, 109.6), (275.7, 109.6), (275.7, 109.6), (275.7, 109.6), (275.7, 109.6)]",0,1,11.6
novice,bomberman,10,Bomb,1,0,28.47,0.154,"[(48.0, 48.0), (62.9, 51.7), (77.9, 44.3), (92.8, 44.3), (107.7, 44.3), (122.7, 44.3), (137.6, 44.3), (152.5, 44.3), (167.5, 44.3), (182.4, 44.3), (197.3, 44.3), (212.3, 44.3), (227.2, 44.3), (242.1, 59.2), (244.0, 74.1), (244.0, 92.8), (244.0, 102.1), (244.0, 102.1), (244.0, 105.9), (244.0, 102.1), (244.0, 102.1), (244.0, 105.9), (244.0, 102.1), (244.0, 102.1), (244.0, 105.9), (244.0, 102.1), (244.0, 102.1), (244.0, 105.9), (244.0, 102.1), (244.0, 102.1), (244.0, 105.9), (255.2, 115.2), (270.1, 109.6), (275.7, 109.6), (275.7, 109.6), (275.7, 111.5), (275.7, 115.2), (275.7, 115.2), (275.7, 115.2), (275.7, 115.2), (275.7, 115.2), (275.7, 115.2), (275.7, 115.2), (275.7, 115.2), (275.7, 115.2), (275.7, 115.2), (275.7, 115.2), (275.7, 115.2), (275.7, 115.2), (275.7, 115.2), (275.7, 115.2), (275.7, 115.2), (275.7, 115.2), (275.7, 115.2), (275.7, 115.2), (275.7, 115.2), (275.7, 115.2), (275.7, 115.2), (275.7, 115.2), (275.7, 115.2), (275.7, 115.2)]",0,1,8.0
novice,bomberman,10,Bomb,1,0,48.53,0.385,"[(48.0, 48.0), (53.6, 44.3), (68.5, 44.3), (83.5, 44.3), (98.4, 44.3), (113.3, 44.3), (128.3, 44.3), (143.2, 44.3), (158.1, 44.3), (173.1, 44.3), (188.0, 44.3), (202.9, 44.3), (217.9, 44.3), (232.8, 44.3), (247.7, 44.3), (262.7, 44.3), (277.6, 44.3), (292.5, 44.3), (307.5, 44.3), (322.4, 44.3), (337.3, 44.3), (352.3, 44.3), (367.2, 44.3), (382.1, 44.3), (397.1, 44.3), (412.0, 44.3), (426.9, 44.3), (436.3, 44.3), (436.3, 44.3), (436.3, 44.3), (436.3, 44.3), (436.3, 44.3), (436.3, 44.3), (436.3, 44.3), (436.3, 44.3), (436.3, 44.3), (436.3, 44.3), (436.3, 44.3), (436.3, 44.3), (436.3, 44.3), (436.3, 44.3), (436.3, 44.3), (436.3, 44.3), (436.3, 44.3), (436.3, 44.3), (436.3, 44.3), (436.3, 44.3), (436.3, 44.3), (436.3, 44.3), (436.3, 44.3), (436.3, 44.3), (436.3, 44.3), (436.3, 44.3), (436.3, 44.3), (436.3, 44.3), (436.3, 44.3), (436.3, 44.3), (436.3, 44.3), (436.3, 55.5), (436.3, 55.5), (436.3, 55.5)]",0,0,8.0
novice,bomberman,10,Bomb,1,0,31.87,0.5,"[(48.0, 48.0), (62.9, 44.3), (77.9, 44.3), (92.8, 44.3), (107.7, 44.3), (122.7, 44.3), (137.6, 44.3), (152.5, 44.3), (167.5, 44.3), (182.4, 44.3), (197.3, 44.3), (212.3, 44.3), (227.2, 44.3), (242.1, 44.3), (257.1, 44.3), (272.0, 44.3), (286.9, 44.3), (301.9, 44.3), (316.8, 44.3), (331.7, 44.3), (346.7, 44.3), (361.6, 44.3), (376.5, 44.3), (391.5, 44.3), (406.4, 44.3), (421.3, 44.3), (436.3, 44.3), (436.3, 44.3), (436.3, 44.3), (436.3, 44.3), (436.3, 44.3), (436.3, 44.3), (436.3, 44.3), (436.3, 44.3), (436.3, 59.2), (436.3, 74.1), (436.3, 89.1), (436.3, 104.0), (436.3, 118.9), (436.3, 122.7), (436.3, 126.4), (436.3, 137.6), (436.3, 133.9), (436.3, 137.6), (436.3, 137.6), (436.3, 133.9), (436.3, 130.1), (436.3, 126.4), (436.3, 122.7), (436.3, 126.4), (436.3, 126.4), (436.3, 122.7), (436.3, 126.4), (436.3, 126.4), (436.3, 122.7), (436.3, 126.4), (436.3, 126.4), (436.3, 122.7), (436.3, 126.4), (436.3, 126.4), (436.3, 122.7), (436.3, 118.9), (436.3, 118.9), (436.3, 122.7), (436.3, 118.9), (436.3, 104.0), (436.3, 89.1), (436.3, 74.1), (436.3, 59.2), (436.3, 44.3), (436.3, 44.3), (436.3, 44.3), (436.3, 44.3), (436.3, 44.3), (436.3, 44.3), (436.3, 44.3), (436.3, 44.3), (436.3, 44.3), (436.3, 44.3), (436.3, 44.3), (436.3, 44.3), (436.3, 44.3), (436.3, 44.3), (436.3, 46.1), (436.3, 44.3), (436.3, 44.3), (436.3, 44.3), (436.3, 44.3), (436.3, 44.3), (436.3, 44.3), (436.3, 44.3), (436.3, 59.2)]",0,1,12.18
novice,bomberman,10,Bomb,2,0,48.53,0.538,"[(48.0, 48.0), (62.9, 44.3), (77.9, 44.3), (92.8, 44.3), (107.7, 44.3), (122.7, 44.3), (137.6, 44.3), (152.5, 44.3), (167.5, 44.3), (182.4, 44.3), (197.3, 44.3), (212.3, 44.3), (227.2, 44.3), (242.1, 48.0), (257.1, 51.7), (272.0, 44.3), (286.9, 44.3), (301.9, 44.3), (316.8, 44.3), (331.7, 44.3), (346.7, 44.3), (361.6, 44.3), (376.5, 44.3), (391.5, 44.3), (406.4, 44.3), (421.3, 48.0), (436.3, 61.1), (436.3, 76.0), (436.3, 90.9), (436.3, 105.9), (436.3, 120.8), (436.3, 135.7), (436.3, 135.7), (436.3, 132.0), (436.3, 135.7), (436.3, 135.7), (436.3, 132.0), (436.3, 135.7), (436.3, 139.5), (436.3, 154.4), (436.3, 161.9), (436.3, 161.9), (436.3, 165.6), (436.3, 161.9), (436.3, 161.9), (436.3, 165.6), (436.3, 161.9), (436.3, 161.9), (436.3, 165.6), (436.3, 161.9), (436.3, 161.9), (436.3, 165.6), (436.3, 161.9), (436.3, 158.1), (436.3, 154.4), (436.3, 150.7), (436.3, 150.7), (436.3, 154.4), (436.3, 146.9), (436.3, 146.9), (436.3, 143.2)]",0,1,8.0
novice,bomberman,10,Bomb,2,0,40.13,0.462,"[(48.0, 48.0), (62.9, 44.3), (77.9, 44.3), (92.8, 44.3), (107.7, 44.3), (122.7, 44.3), (137.6, 44.3), (152.5, 44.3), (167.5, 44.3), (182.4, 44.3), (197.3, 44.3), (212.3, 44.3), (227.2, 44.3), (242.1, 44.3), (257.1, 51.7), (272.0, 44.3), (286.9, 44.3), (301.9, 48.0), (316.8, 51.7), (331.7, 49.9), (348.5, 51.7), (365.3, 53.6), (372.8, 68.5), (372.8, 83.5), (372.8, 98.4), (372.8, 94.7), (372.8, 94.7), (372.8, 98.4), (372.8, 94.7), (372.8, 94.7), (372.8, 98.4), (372.8, 94.7), (372.8, 94.7), (372.8, 98.4), (372.8, 94.7), (372.8, 98.4), (372.8, 98.4), (372.8, 109.6), (372.8, 115.2), (372.8, 115.2), (372.8, 115.2), (372.8, 115.2), (372.8, 115.2), (372.8, 115.2), (372.8, 115.2), (372.8, 115.2), (372.8, 115.2), (372.8, 115.2), (372.8, 115.2), (372.8, 115.2), (372.8, 115.2), (372.8, 115.2), (372.8, 115.2), (372.8, 115.2), (372.8, 115.2), (372.8, 115.2), (372.8, 115.2), (372.8, 115.2), (372.8, 115.2), (372.8, 115.2), (372.8, 115.2)]",0,2,8.0
novice,bomberman,10,Bomb,1,0,47.54,0.462,"[(48.0, 48.0), (62.9, 44.3), (77.9, 44.3), (92.8, 44.3), (107.7, 44.3), (122.7, 44.3), (137.6, 44.3), (152.5, 44.3), (167.5, 44.3), (182.4, 44.3), (197.3, 44.3), (212.3, 44.3), (227.2, 44.3), (242.1, 44.3), (257.1, 44.3), (272.0, 44.3), (286.9, 44.3), (301.9, 44.3), (316.8, 44.3), (331.7, 44.3), (346.7, 44.3), (361.6, 44.3), (376.5, 44.3), (391.5, 44.3), (406.4, 44.3), (421.3, 44.3), (436.3, 44.3), (436.3, 44.3), (436.3, 44.3), (436.3, 44.3), (436.3, 44.3), (436.3, 44.3), (436.3, 44.3), (436.3, 44.3), (436.3, 44.3), (436.3, 44.3), (436.3, 44.3), (436.3, 44.3), (436.3, 44.3), (436.3, 44.3), (436.3, 44.3), (436.3, 44.3), (436.3, 44.3), (436.3, 44.3), (436.3, 44.3), (436.3, 44.3), (436.3, 44.3), (436.3, 51.7), (436.3, 66.7), (436.3, 66.7), (436.3, 66.7), (436.3, 66.7), (436.3, 66.7), (436.3, 66.7), (436.3, 66.7), (436.3, 76.0), (436.3, 90.9), (436.3, 100.3), (436.3, 100.3), (436.3, 100.3), (436.3, 100.3)]",0,0,8.05
novice,bomberman,10,Bomb,1,0,47.3,0.538,"[(48.0, 48.0), (62.9, 44.3), (77.9, 44.3), (92.8, 44.3), (107.7, 44.3), (122.7, 44.3), (137.6, 44.3), (152.5, 44.3), (167.5, 44.3), (182.4, 44.3), (197.3, 44.3), (212.3, 44.3), (227.2, 44.3), (242.1, 44.3), (257.1, 44.3), (272.0, 44.3), (286.9, 44.3), (301.9, 44.3), (316.8, 44.3), (331.7, 44.3), (346.7, 44.3), (361.6, 44.3), (376.5, 44.3), (391.5, 44.3), (406.4, 44.3), (421.3, 48.0), (436.3, 61.1), (436.3, 76.0), (436.3, 90.9), (436.3, 105.9), (436.3, 120.8), (436.3, 117.1), (436.3, 128.3), (436.3, 132.0), (436.3, 128.3), (436.3, 128.3), (436.3, 132.0), (436.3, 135.7), (436.3, 139.5), (436.3, 154.4), (436.3, 161.9), (436.3, 161.9), (436.3, 165.6), (436.3, 161.9), (436.3, 161.9), (436.3, 165.6), (436.3, 161.9), (436.3, 161.9), (436.3, 165.6), (436.3, 161.9), (436.3, 161.9), (436.3, 165.6), (436.3, 161.9), (436.3, 161.9), (436.3, 165.6), (436.3, 161.9), (436.3, 161.9), (436.3, 165.6), (430.7, 161.9), (428.8, 161.9), (428.8, 165.6)]",0,1,8.05
novice,bomberman,10,Bomb,4,0,47.6,0.462,"[(48.0, 48.0), (53.6, 44.3), (68.5, 44.3), (83.5, 44.3), (98.4, 44.3), (113.3, 44.3), (128.3, 44.3), (143.2, 44.3), (158.1, 44.3), (173.1, 44.3), (188.0, 44.3), (202.9, 44.3), (217.9, 44.3), (232.8, 44.3), (247.7, 44.3), (262.7, 44.3), (277.6, 44.3), (292.5, 44.3), (307.5, 44.3), (322.4, 44.3), (337.3, 44.3), (352.3, 44.3), (367.2, 44.3), (382.1, 44.3), (397.1, 44.3), (412.0, 44.3), (426.9, 44.3), (436.3, 44.3), (436.3, 44.3), (436.3, 44.3), (436.3, 44.3), (436.3, 44.3), (436.3, 44.3), (436.3, 44.3), (436.3, 44.3), (436.3, 51.7), (436.3, 66.7), (436.3, 70.4), (436.3, 85.3), (436.3, 100.3), (436.3, 96.5), (436.3, 96.5), (436.3, 100.3), (436.3, 96.5), (436.3, 96.5), (436.3, 100.3), (436.3, 104.0), (436.3, 104.0), (430.7, 100.3), (428.8, 96.5), (428.8, 96.5), (428.8, 100.3), (428.8, 96.5), (432.5, 96.5), (428.8, 100.3), (432.5, 96.5), (428.8, 96.5), (428.8, 89.1), (428.8, 92.8), (428.8, 92.8), (428.8, 89.1)]",0,0,8.0
novice,bomberman,10,Bomb,3,0,31.17,0.462,"[(48.0, 48.0), (53.6, 44.3), (68.5, 44.3), (83.5, 44.3), (98.4, 44.3), (113.3, 44.3), (128.3, 44.3), (143.2, 44.3), (158.1, 44.3), (173.1, 44.3), (188.0, 44.3), (202.9, 44.3), (217.9, 44.3), (232.8, 44.3), (247.7, 44.3), (262.7, 44.3), (277.6, 44.3), (292.5, 44.3), (307.5, 44.3), (322.4, 44.3), (337.3, 44.3), (352.3, 44.3), (367.2, 44.3), (382.1, 44.3), (397.1, 44.3), (412.0, 44.3), (426.9, 51.7), (436.3, 66.7), (436.3, 81.6), (436.3, 96.5), (436.3, 100.3), (432.5, 107.7), (436.3, 96.5), (436.3, 100.3), (436.3, 96.5), (436.3, 92.8), (436.3, 77.9), (436.3, 62.9), (436.3, 55.5), (436.3, 55.5), (436.3, 55.5), (436.3, 55.5), (436.3, 55.5), (436.3, 55.5), (436.3, 55.5), (436.3, 55.5), (436.3, 55.5), (436.3, 55.5), (436.3, 55.5), (436.3, 55.5), (436.3, 55.5), (436.3, 55.5), (436.3, 55.5), (436.3, 55.5), (436.3, 55.5), (436.3, 55.5), (436.3, 55.5), (436.3, 55.5), (436.3, 55.5), (436.3, 55.5), (436.3, 55.5), (436.3, 55.5), (436.3, 55.5), (436.3, 55.5), (436.3, 55.5), (436.3, 55.5), (436.3, 55.5), (436.3, 55.5), (436.3, 55.5), (436.3, 55.5), (436.3, 55.5), (436.3, 55.5), (436.3, 55.5), (436.3, 55.5), (436.3, 55.5), (436.3, 55.5), (436.3, 55.5), (436.3, 55.5), (436.3, 55.5), (436.3, 55.5), (436.3, 55.5), (436.3, 55.5), (436.3, 55.5), (436.3, 55.5), (436.3, 55.5), (436.3, 55.5), (436.3, 57.3), (436.3, 61.1), (432.5, 70.4), (428.8, 85.3), (428.8, 94.7), (428.8, 100.3)]",0,1,12.22
novice,bomberman,10,Bomb,3,0,16.43,0.269,"[(48.0, 48.0), (62.9, 51.7), (77.9, 44.3), (92.8, 44.3), (107.7, 44.3), (122.7, 44.3), (137.6, 44.3), (152.5, 44.3), (167.5, 44.3), (182.4, 44.3), (197.3, 44.3), (212.3, 44.3), (227.2, 44.3), (242.1, 59.2), (244.0, 74.1), (244.0, 92.8), (244.0, 109.6), (258.9, 113.3), (273.9, 109.6), (275.7, 113.3), (275.7, 113.3), (275.7, 109.6), (275.7, 113.3), (275.7, 113.3), (275.7, 109.6), (275.7, 113.3), (275.7, 113.3), (275.7, 109.6), (275.7, 113.3), (275.7, 113.3), (275.7, 109.6), (275.7, 115.2), (275.7, 115.2), (275.7, 115.2), (275.7, 115.2), (275.7, 115.2), (275.7, 115.2), (275.7, 115.2), (275.7, 115.2), (275.7, 115.2), (275.7, 115.2), (275.7, 115.2), (275.7, 115.2), (275.7, 115.2), (275.7, 115.2), (275.7, 115.2), (275.7, 115.2), (275.7, 115.2), (260.8, 115.2), (244.0, 117.1), (238.4, 132.0), (244.0, 146.9), (244.0, 158.1), (244.0, 158.1), (244.0, 161.9), (244.0, 158.1), (244.0, 158.1), (244.0, 161.9), (244.0, 158.1), (244.0, 158.1), (244.0, 161.9), (238.4, 158.1), (238.4, 158.1), (238.4, 161.9), (238.4, 158.1), (238.4, 143.2), (238.4, 128.3), (238.4, 113.3), (238.4, 98.4), (244.0, 94.7), (244.0, 90.9), (244.0, 87.2), (244.0, 83.5), (244.0, 90.9), (244.0, 98.4), (244.0, 94.7), (244.0, 100.3), (244.0, 100.3), (244.0, 107.7), (245.9, 111.5), (249.6, 111.5), (253.3, 109.6), (258.9, 111.5), (260.8, 113.3), (260.8, 109.6), (272.0, 109.6), (286.9, 109.6), (288.8, 109.6), (288.8, 109.6), (296.3, 111.5), (305.6, 115.2), (305.6, 111.5), (311.2, 115.2), (316.8, 115.2), (326.1, 113.3), (335.5, 115.2), (344.8, 115.2), (359.7, 115.2), (372.8, 115.2), (372.8, 115.2), (372.8, 115.2), (372.8, 115.2), (372.8, 115.2), (372.8, 115.2), (372.8, 113.3), (372.8, 109.6), (372.8, 113.3), (372.8, 113.3), (372.8, 109.6), (372.8, 105.9), (372.8, 105.9), (372.8, 109.6), (372.8, 102.1), (372.8, 94.7), (372.8, 98.4), (372.8, 94.7), (372.8, 94.7), (372.8, 98.4), (372.8, 94.7), (372.8, 90.9), (372.8, 87.2), (372.8, 90.9), (372.8, 90.9), (372.8, 98.4), (372.8, 94.7), (372.8, 94.7), (372.8, 98.4), (372.8, 94.7), (372.8, 94.7), (372.8, 98.4), (372.8, 94.7), (372.8, 94.7), (372.8, 98.4), (372.8, 94.7), (372.8, 94.7), (372.8, 98.4), (372.8, 94.7), (372.8, 94.7), (372.8, 98.4), (372.8, 94.7), (372.8, 94.7), (372.8, 98.4), (372.8, 102.1), (372.8, 113.3), (372.8, 109.6), (372.8, 115.2), (372.8, 115.2), (372.8, 115.2), (372.8, 115.2), (372.8, 115.2), (372.8, 115.2)]",0,3,20.0
novice,bomberman,10,Bomb,18,0,15.65,0.154,"[(48.0, 48.0), (62.9, 44.3), (77.9, 44.3), (92.8, 44.3), (107.7, 44.3), (122.7, 44.3), (137.6, 44.3), (152.5, 44.3), (167.5, 44.3), (182.4, 44.3), (197.3, 44.3), (212.3, 44.3), (227.2, 44.3), (242.1, 59.2), (244.0, 59.2), (244.0, 55.5), (244.0, 59.2), (244.0, 59.2), (244.0, 55.5), (244.0, 59.2), (244.0, 59.2), (244.0, 55.5), (244.0, 59.2), (244.0, 59.2), (244.0, 55.5), (244.0, 59.2), (244.0, 59.2), (244.0, 55.5), (244.0, 59.2), (244.0, 59.2), (244.0, 55.5), (244.0, 59.2), (244.0, 68.5), (244.0, 72.3), (244.0, 79.7), (244.0, 90.9), (244.0, 92.8), (244.0, 100.3), (244.0, 94.7), (244.0, 102.1), (244.0, 98.4), (244.0, 100.3), (244.0, 100.3), (244.0, 98.4), (244.0, 98.4), (244.0, 96.5), (244.0, 96.5), (244.0, 94.7), (244.0, 94.7), (244.0, 92.8), (244.0, 98.4), (244.0, 90.9), (244.0, 100.3), (244.0, 94.7), (244.0, 100.3), (244.0, 96.5), (244.0, 96.5), (244.0, 100.3), (244.0, 96.5), (244.0, 96.5), (244.0, 100.3), (249.6, 109.6), (255.2, 109.6), (255.2, 109.6), (255.2, 109.6), (255.2, 109.6), (255.2, 109.6), (255.2, 109.6), (255.2, 109.6), (255.2, 109.6), (255.2, 109.6), (255.2, 109.6), (255.2, 109.6), (255.2, 109.6), (255.2, 109.6), (255.2, 109.6), (255.2, 109.6), (249.6, 111.5), (238.4, 115.2), (240.3, 118.9), (236.5, 130.1), (236.5, 126.4), (236.5, 130.1), (236.5, 133.9), (236.5, 141.3), (236.5, 141.3), (236.5, 141.3), (236.5, 141.3), (236.5, 141.3), (236.5, 141.3), (236.5, 141.3)]",0,1,12.05
novice,bomberman,10,Bomb,1,0,-0.78,0.154,"[(48.0, 48.0), (44.3, 62.9), (44.3, 77.9), (44.3, 92.8), (44.3, 107.7), (44.3, 122.7), (44.3, 137.6), (44.3, 133.9), (44.3, 141.3), (44.3, 148.8), (44.3, 145.1), (44.3, 145.1), (44.3, 148.8), (44.3, 152.5), (44.3, 152.5), (44.3, 160.0), (44.3, 156.3), (44.3, 163.7), (44.3, 160.0), (44.3, 163.7), (44.3, 163.7), (44.3, 160.0), (44.3, 163.7), (44.3, 163.7), (44.3, 160.0), (44.3, 163.7), (44.3, 163.7), (44.3, 160.0), (44.3, 163.7), (44.3, 163.7), (44.3, 160.0), (44.3, 163.7), (44.3, 163.7), (44.3, 160.0), (44.3, 163.7), (44.3, 163.7), (44.3, 160.0)]",0,0,4.8
novice,bomberman,10,Bomb,1,0,47.3,0.538,"[(48.0, 48.0), (62.9, 44.3), (77.9, 44.3), (92.8, 44.3), (107.7, 44.3), (122.7, 44.3), (137.6, 44.3), (152.5, 44.3), (167.5, 44.3), (182.4, 44.3), (197.3, 44.3), (212.3, 44.3), (227.2, 44.3), (242.1, 44.3), (257.1, 44.3), (272.0, 44.3), (286.9, 44.3), (301.9, 44.3), (316.8, 44.3), (331.7, 44.3), (346.7, 44.3), (361.6, 44.3), (376.5, 44.3), (391.5, 44.3), (406.4, 44.3), (421.3, 48.0), (436.3, 61.1), (436.3, 76.0), (436.3, 90.9), (436.3, 105.9), (436.3, 120.8), (436.3, 117.1), (436.3, 128.3), (436.3, 132.0), (436.3, 128.3), (436.3, 128.3), (436.3, 132.0), (436.3, 135.7), (436.3, 139.5), (436.3, 154.4), (436.3, 161.9), (436.3, 161.9), (436.3, 165.6), (436.3, 161.9), (436.3, 161.9), (436.3, 165.6), (436.3, 161.9), (436.3, 161.9), (436.3, 165.6), (436.3, 161.9), (436.3, 161.9), (436.3, 165.6), (436.3, 161.9), (436.3, 161.9), (436.3, 165.6), (436.3, 161.9), (436.3, 161.9), (436.3, 165.6), (430.7, 161.9), (428.8, 161.9), (428.8, 165.6)]",0,1,8.05
novice,bomberman,10,Bomb,1,0,31.87,0.5,"[(48.0, 48.0), (62.9, 44.3), (77.9, 44.3), (92.8, 44.3), (107.7, 44.3), (122.7, 44.3), (137.6, 44.3), (152.5, 44.3), (167.5, 44.3), (182.4, 44.3), (197.3, 44.3), (212.3, 44.3), (227.2, 44.3), (242.1, 44.3), (257.1, 44.3), (272.0, 44.3), (286.9, 44.3), (301.9, 44.3), (316.8, 44.3), (331.7, 44.3), (346.7, 44.3), (361.6, 44.3), (376.5, 44.3), (391.5, 44.3), (406.4, 44.3), (421.3, 44.3), (436.3, 44.3), (436.3, 44.3), (436.3, 44.3), (436.3, 44.3), (436.3, 44.3), (436.3, 44.3), (436.3, 44.3), (436.3, 44.3), (436.3, 59.2), (436.3, 74.1), (436.3, 89.1), (436.3, 104.0), (436.3, 118.9), (436.3, 122.7), (436.3, 126.4), (436.3, 137.6), (436.3, 133.9), (436.3, 137.6), (436.3, 137.6), (436.3, 133.9), (436.3, 130.1), (436.3, 126.4), (436.3, 122.7), (436.3, 126.4), (436.3, 126.4), (436.3, 122.7), (436.3, 126.4), (436.3, 126.4), (436.3, 122.7), (436.3, 126.4), (436.3, 126.4), (436.3, 122.7), (436.3, 126.4), (436.3, 126.4), (436.3, 122.7), (436.3, 118.9), (436.3, 118.9), (436.3, 122.7), (436.3, 118.9), (436.3, 104.0), (436.3, 89.1), (436.3, 74.1), (436.3, 59.2), (436.3, 44.3), (436.3, 44.3), (436.3, 44.3), (436.3, 44.3), (436.3, 44.3), (436.3, 44.3), (436.3, 44.3), (436.3, 44.3), (436.3, 44.3), (436.3, 44.3), (436.3, 44.3), (436.3, 44.3), (436.3, 44.3), (436.3, 44.3), (436.3, 46.1), (436.3, 44.3), (436.3, 44.3), (436.3, 44.3), (436.3, 44.3), (436.3, 44.3), (436.3, 44.3), (436.3, 44.3), (436.3, 59.2)]",0,1,12.18
novice,bomberman,10,Bomb,2,0,48.53,0.538,"[(48.0, 48.0), (62.9, 44.3), (77.9, 44.3), (92.8, 44.3), (107.7, 44.3), (122.7, 44.3), (137.6, 44.3), (152.5, 44.3), (167.5, 44.3), (182.4, 44.3), (197.3, 44.3), (212.3, 44.3), (227.2, 44.3), (242.1, 48.0), (257.1, 51.7), (272.0, 44.3), (286.9, 44.3), (301.9, 44.3), (316.8, 44.3), (331.7, 44.3), (346.7, 44.3), (361.6, 44.3), (376.5, 44.3), (391.5, 44.3), (406.4, 44.3), (421.3, 48.0), (436.3, 61.1), (436.3, 76.0), (436.3, 90.9), (436.3, 105.9), (436.3, 120.8), (436.3, 135.7), (436.3, 135.7), (436.3, 132.0), (436.3, 135.7), (436.3, 135.7), (436.3, 132.0), (436.3, 135.7), (436.3, 139.5), (436.3, 154.4), (436.3, 161.9), (436.3, 161.9), (436.3, 165.6), (436.3, 161.9), (436.3, 161.9), (436.3, 165.6), (436.3, 161.9), (436.3, 161.9), (436.3, 165.6), (436.3, 161.9), (436.3, 161.9), (436.3, 165.6), (436.3, 161.9), (436.3, 158.1), (436.3, 154.4), (436.3, 150.7), (436.3, 150.7), (436.3, 154.4), (436.3, 146.9), (436.3, 146.9), (436.3, 143.2)]",0,1,8.0
novice,bomberman,10,Bomb,3,0,31.17,0.462,"[(48.0, 48.0), (53.6, 44.3), (68.5, 44.3), (83.5, 44.3), (98.4, 44.3), (113.3, 44.3), (128.3, 44.3), (143.2, 44.3), (158.1, 44.3), (173.1, 44.3), (188.0, 44.3), (202.9, 44.3), (217.9, 44.3), (232.8, 44.3), (247.7, 44.3), (262.7, 44.3), (277.6, 44.3), (292.5, 44.3), (307.5, 44.3), (322.4, 44.3), (337.3, 44.3), (352.3, 44.3), (367.2, 44.3), (382.1, 44.3), (397.1, 44.3), (412.0, 44.3), (426.9, 51.7), (436.3, 66.7), (436.3, 81.6), (436.3, 96.5), (436.3, 100.3), (432.5, 107.7), (436.3, 96.5), (436.3, 100.3), (436.3, 96.5), (436.3, 92.8), (436.3, 77.9), (436.3, 62.9), (436.3, 55.5), (436.3, 55.5), (436.3, 55.5), (436.3, 55.5), (436.3, 55.5), (436.3, 55.5), (436.3, 55.5), (436.3, 55.5), (436.3, 55.5), (436.3, 55.5), (436.3, 55.5), (436.3, 55.5), (436.3, 55.5), (436.3, 55.5), (436.3, 55.5), (436.3, 55.5), (436.3, 55.5), (436.3, 55.5), (436.3, 55.5), (436.3, 55.5), (436.3, 55.5), (436.3, 55.5), (436.3, 55.5), (436.3, 55.5), (436.3, 55.5), (436.3, 55.5), (436.3, 55.5), (436.3, 55.5), (436.3, 55.5), (436.3, 55.5), (436.3, 55.5), (436.3, 55.5), (436.3, 55.5), (436.3, 55.5), (436.3, 55.5), (436.3, 55.5), (436.3, 55.5), (436.3, 55.5), (436.3, 55.5), (436.3, 55.5), (436.3, 55.5), (436.3, 55.5), (436.3, 55.5), (436.3, 55.5), (436.3, 55.5), (436.3, 55.5), (436.3, 55.5), (436.3, 55.5), (436.3, 57.3), (436.3, 61.1), (432.5, 70.4), (428.8, 85.3), (428.8, 94.7), (428.8, 100.3)]",0,1,12.22
novice,bomberman,10,Bomb,26,0,-0.43,0.077,"[(48.0, 48.0), (44.3, 62.9), (44.3, 77.9), (44.3, 92.8), (44.3, 107.7), (44.3, 118.9), (44.3, 104.0), (44.3, 89.1), (44.3, 74.1), (44.3, 59.2), (44.3, 44.3), (44.3, 44.3), (44.3, 44.3), (44.3, 44.3), (44.3, 44.3), (44.3, 44.3), (44.3, 44.3), (44.3, 44.3), (44.3, 44.3), (44.3, 44.3), (44.3, 44.3), (44.3, 44.3), (44.3, 44.3), (44.3, 44.3), (44.3, 44.3), (44.3, 44.3), (44.3, 44.3), (44.3, 44.3), (44.3, 44.3), (44.3, 44.3), (44.3, 44.3), (44.3, 44.3), (44.3, 44.3), (44.3, 44.3), (44.3, 44.3), (44.3, 46.1), (44.3, 44.3), (44.3, 46.1), (44.3, 57.3), (44.3, 61.1), (44.3, 46.1), (44.3, 44.3), (44.3, 44.3), (44.3, 44.3), (44.3, 44.3), (44.3, 44.3), (44.3, 44.3), (44.3, 57.3), (44.3, 61.1), (44.3, 64.8), (44.3, 64.8), (44.3, 61.1), (44.3, 64.8), (44.3, 64.8), (44.3, 61.1), (44.3, 64.8), (44.3, 64.8), (44.3, 61.1), (44.3, 64.8), (44.3, 64.8), (44.3, 61.1), (44.3, 64.8), (44.3, 64.8), (44.3, 61.1), (44.3, 64.8)]",0,0,8.65
novice,bomberman,10,Bomb,1,0,40.6,0.308,"[(48.0, 48.0), (62.9, 44.3), (77.9, 44.3), (92.8, 44.3), (107.7, 44.3), (122.7, 44.3), (137.6, 44.3), (152.5, 44.3), (167.5, 44.3), (182.4, 44.3), (197.3, 44.3), (212.3, 44.3), (227.2, 44.3), (242.1, 44.3), (257.1, 44.3), (272.0, 44.3), (286.9, 44.3), (301.9, 44.3), (316.8, 44.3), (331.7, 44.3), (346.7, 44.3), (361.6, 49.9), (372.8, 64.8), (372.8, 62.9), (372.8, 61.1), (372.8, 64.8), (372.8, 68.5), (372.8, 72.3), (372.8, 70.4), (372.8, 68.5), (372.8, 66.7), (372.8, 68.5), (372.8, 83.5), (372.8, 98.4), (372.8, 94.7), (372.8, 94.7), (372.8, 98.4), (372.8, 94.7), (372.8, 102.1), (372.8, 109.6), (372.8, 115.2), (372.8, 115.2), (372.8, 115.2), (372.8, 115.2), (372.8, 115.2), (372.8, 115.2), (372.8, 115.2), (372.8, 115.2), (372.8, 115.2), (372.8, 115.2), (372.8, 115.2), (372.8, 115.2), (372.8, 115.2), (372.8, 115.2), (372.8, 115.2), (372.8, 115.2), (372.8, 115.2), (372.8, 115.2), (372.8, 115.2), (372.8, 115.2), (372.8, 115.2)]",0,0,8.0
novice,bomberman,10,Bomb,1,0,40.6,0.308,"[(48.0, 48.0), (62.9, 44.3), (77.9, 44.3), (92.8, 44.3), (107.7, 44.3), (122.7, 44.3), (137.6, 44.3), (152.5, 44.3), (167.5, 44.3), (182.4, 44.3), (197.3, 44.3), (212.3, 44.3), (227.2, 44.3), (242.1, 44.3), (257.1, 44.3), (272.0, 44.3), (286.9, 44.3), (301.9, 44.3), (316.8, 44.3), (331.7, 44.3), (346.7, 44.3), (361.6, 49.9), (372.8, 64.8), (372.8, 79.7), (372.8, 94.7), (372.8, 98.4), (372.8, 98.4), (372.8, 94.7), (372.8, 98.4), (372.8, 98.4), (372.8, 94.7), (372.8, 102.1), (372.8, 102.1), (372.8, 109.6), (372.8, 109.6), (372.8, 109.6), (372.8, 109.6), (372.8, 109.6), (372.8, 109.6), (372.8, 109.6), (372.8, 111.5), (372.8, 111.5), (372.8, 115.2), (372.8, 115.2), (372.8, 115.2), (372.8, 115.2), (372.8, 111.5), (372.8, 109.6), (372.8, 109.6), (372.8, 109.6), (372.8, 109.6), (372.8, 109.6), (372.8, 109.6), (372.8, 109.6), (372.8, 109.6), (372.8, 109.6), (372.8, 109.6), (372.8, 109.6), (372.8, 109.6), (372.8, 109.6), (372.8, 109.6)]",0,0,8.0
novice,bomberman,10,Bomb,4,0,47.5,0.5,"[(48.0, 48.0), (57.3, 44.3), (64.8, 44.3), (64.8, 44.3), (68.5, 44.3), (83.5, 44.3), (98.4, 44.3), (113.3, 44.3), (128.3, 44.3), (143.2, 44.3), (158.1, 44.3), (173.1, 44.3), (188.0, 44.3), (202.9, 44.3), (217.9, 44.3), (232.8, 44.3), (247.7, 44.3), (262.7, 44.3), (277.6, 44.3), (292.5, 44.3), (307.5, 44.3), (322.4, 44.3), (337.3, 44.3), (352.3, 44.3), (367.2, 44.3), (382.1, 44.3), (397.1, 44.3), (412.0, 44.3), (426.9, 46.1), (436.3, 57.3), (436.3, 72.3), (436.3, 76.0), (436.3, 90.9), (436.3, 105.9), (436.3, 120.8), (436.3, 132.0), (436.3, 128.3), (436.3, 132.0), (436.3, 135.7), (436.3, 139.5), (436.3, 143.2), (436.3, 146.9), (436.3, 150.7), (436.3, 154.4), (436.3, 154.4), (436.3, 139.5), (436.3, 143.2), (436.3, 135.7), (436.3, 139.5), (436.3, 132.0), (434.4, 124.5), (428.8, 128.3), (428.8, 124.5), (428.8, 124.5), (428.8, 128.3), (428.8, 124.5), (428.8, 124.5), (428.8, 128.3), (428.8, 124.5), (428.8, 124.5), (428.8, 128.3)]",0,0,8.02
novice,bomberman,10,Bomb,1,0,28.47,0.154,"[(48.0, 48.0), (62.9, 44.3), (77.9, 44.3), (92.8, 44.3), (107.7, 44.3), (122.7, 44.3), (137.6, 44.3), (152.5, 44.3), (167.5, 44.3), (182.4, 44.3), (197.3, 44.3), (212.3, 44.3), (227.2, 44.3), (242.1, 59.2), (244.0, 74.1), (244.0, 92.8), (244.0, 102.1), (244.0, 102.1), (244.0, 105.9), (244.0, 102.1), (244.0, 102.1), (244.0, 105.9), (244.0, 102.1), (244.0, 102.1), (244.0, 105.9), (244.0, 102.1), (244.0, 102.1), (244.0, 105.9), (244.0, 102.1), (244.0, 102.1), (244.0, 105.9), (255.2, 111.5), (270.1, 109.6), (275.7, 109.6), (275.7, 109.6), (275.7, 109.6), (275.7, 109.6), (275.7, 113.3), (275.7, 115.2), (275.7, 115.2), (275.7, 115.2), (275.7, 115.2), (275.7, 115.2), (275.7, 115.2), (275.7, 115.2), (275.7, 115.2), (275.7, 115.2), (275.7, 115.2), (275.7, 115.2), (275.7, 115.2), (275.7, 115.2), (275.7, 115.2), (275.7, 115.2), (275.7, 115.2), (275.7, 115.2), (275.7, 115.2), (275.7, 113.3), (275.7, 109.6), (275.7, 109.6), (275.7, 109.6), (275.7, 109.6)]",0,1,8.0
novice,bomberman,10,Bomb,1,0,47.54,0.538,"[(48.0, 48.0), (62.9, 44.3), (77.9, 44.3), (92.8, 44.3), (107.7, 44.3), (122.7, 44.3), (137.6, 44.3), (152.5, 44.3), (167.5, 44.3), (182.4, 44.3), (197.3, 44.3), (212.3, 44.3), (227.2, 44.3), (242.1, 44.3), (257.1, 44.3), (272.0, 44.3), (286.9, 44.3), (301.9, 44.3), (316.8, 44.3), (331.7, 44.3), (346.7, 44.3), (361.6, 49.9), (376.5, 46.1), (391.5, 44.3), (406.4, 44.3), (421.3, 48.0), (436.3, 61.1), (436.3, 76.0), (436.3, 90.9), (436.3, 94.7), (436.3, 98.4), (436.3, 102.1), (436.3, 117.1), (436.3, 120.8), (436.3, 120.8), (436.3, 122.7), (436.3, 132.0), (436.3, 137.6), (436.3, 139.5), (436.3, 154.4), (436.3, 169.3), (436.3, 171.2), (436.3, 176.8), (436.3, 176.8), (436.3, 176.8), (436.3, 176.8), (436.3, 173.1), (436.3, 173.1), (436.3, 176.8), (436.3, 173.1), (436.3, 173.1), (436.3, 176.8), (436.3, 169.3), (436.3, 169.3), (436.3, 165.6), (436.3, 169.3), (436.3, 169.3), (436.3, 165.6), (436.3, 161.9), (436.3, 161.9), (436.3, 165.6)]",0,1,8.05
novice,bomberman,10,Bomb,1,0,47.54,0.538,"[(48.0, 48.0), (62.9, 44.3), (77.9, 44.3), (92.8, 44.3), (107.7, 44.3), (122.7, 44.3), (137.6, 44.3), (152.5, 44.3), (167.5, 44.3), (182.4, 44.3), (197.3, 44.3), (212.3, 44.3), (227.2, 44.3), (242.1, 44.3), (257.1, 44.3), (272.0, 44.3), (286.9, 44.3), (301.9, 44.3), (316.8, 44.3), (331.7, 44.3), (346.7, 44.3), (361.6, 49.9), (376.5, 46.1), (391.5, 44.3), (406.4, 44.3), (421.3, 48.0), (436.3, 61.1), (436.3, 76.0), (436.3, 90.9), (436.3, 94.7), (436.3, 98.4), (436.3, 102.1), (436.3, 117.1), (436.3, 120.8), (436.3, 120.8), (436.3, 122.7), (436.3, 132.0), (436.3, 137.6), (436.3, 139.5), (436.3, 154.4), (436.3, 169.3), (436.3, 171.2), (436.3, 176.8), (436.3, 176.8), (436.3, 176.8), (436.3, 176.8), (436.3, 173.1), (436.3, 173.1), (436.3, 176.8), (436.3, 173.1), (436.3, 173.1), (436.3, 176.8), (436.3, 169.3), (436.3, 169.3), (436.3, 165.6), (436.3, 169.3), (436.3, 169.3), (436.3, 165.6), (436.3, 161.9), (436.3, 161.9), (436.3, 165.6)]",0,1,8.05
novice,bomberman,10,Bomb,1,0,47.3,0.538,"[(48.0, 48.0), (62.9, 44.3), (77.9, 44.3), (92.8, 44.3), (107.7, 44.3), (122.7, 44.3), (137.6, 44.3), (152.5, 44.3), (167.5, 44.3), (182.4, 44.3), (197.3, 44.3), (212.3, 44.3), (227.2, 44.3), (242.1, 44.3), (257.1, 44.3), (272.0, 44.3), (286.9, 44.3), (301.9, 44.3), (316.8, 44.3), (331.7, 44.3), (346.7, 44.3), (361.6, 44.3), (376.5, 44.3), (391.5, 44.3), (406.4, 44.3), (421.3, 48.0), (436.3, 61.1), (436.3, 76.0), (436.3, 90.9), (436.3, 105.9), (436.3, 120.8), (436.3, 117.1), (436.3, 128.3), (436.3, 132.0), (436.3, 128.3), (436.3, 128.3), (436.3, 132.0), (436.3, 135.7), (436.3, 139.5), (436.3, 154.4), (436.3, 161.9), (436.3, 161.9), (436.3, 165.6), (436.3, 161.9), (436.3, 161.9), (436.3, 165.6), (436.3, 161.9), (436.3, 161.9), (436.3, 165.6), (436.3, 161.9), (436.3, 161.9), (436.3, 165.6), (436.3, 161.9), (436.3, 161.9), (436.3, 165.6), (436.3, 161.9), (436.3, 161.9), (436.3, 165.6), (430.7, 161.9), (428.8, 161.9), (428.8, 165.6)]",0,1,8.05
novice,bomberman,10,Bomb,1,0,31.87,0.5,"[(48.0, 48.0), (62.9, 44.3), (77.9, 44.3), (92.8, 44.3), (107.7, 44.3), (122.7, 44.3), (137.6, 44.3), (152.5, 44.3), (167.5, 44.3), (182.4, 44.3), (197.3, 44.3), (212.3, 44.3), (227.2, 44.3), (242.1, 44.3), (257.1, 44.3), (272.0, 44.3), (286.9, 44.3), (301.9, 44.3), (316.8, 44.3), (331.7, 44.3), (346.7, 44.3), (361.6, 44.3), (376.5, 44.3), (391.5, 44.3), (406.4, 44.3), (421.3, 44.3), (436.3, 44.3), (436.3, 44.3), (436.3, 44.3), (436.3, 44.3), (436.3, 44.3), (436.3, 44.3), (436.3, 44.3), (436.3, 44.3), (436.3, 59.2), (436.3, 74.1), (436.3, 89.1), (436.3, 104.0), (436.3, 118.9), (436.3, 122.7), (436.3, 126.4), (436.3, 137.6), (436.3, 133.9), (436.3, 137.6), (436.3, 137.6), (436.3, 133.9), (436.3, 130.1), (436.3, 126.4), (436.3, 122.7), (436.3, 126.4), (436.3, 126.4), (436.3, 122.7), (436.3, 126.4), (436.3, 126.4), (436.3, 122.7), (436.3, 126.4), (436.3, 126.4), (436.3, 122.7), (436.3, 126.4), (436.3, 126.4), (436.3, 122.7), (436.3, 118.9), (436.3, 118.9), (436.3, 122.7), (436.3, 118.9), (436.3, 104.0), (436.3, 89.1), (436.3, 74.1), (436.3, 59.2), (436.3, 44.3), (436.3, 44.3), (436.3, 44.3), (436.3, 44.3), (436.3, 44.3), (436.3, 44.3), (436.3, 44.3), (436.3, 44.3), (436.3, 44.3), (436.3, 44.3), (436.3, 44.3), (436.3, 44.3), (436.3, 44.3), (436.3, 44.3), (436.3, 46.1), (436.3, 44.3), (436.3, 44.3), (436.3, 44.3), (436.3, 44.3), (436.3, 44.3), (436.3, 44.3), (436.3, 44.3), (436.3, 59.2)]",0,1,12.18
novice,bomberman,10,Bomb,2,0,48.53,0.538,"[(48.0, 48.0), (62.9, 44.3), (77.9, 44.3), (92.8, 44.3), (107.7, 44.3), (122.7, 44.3), (137.6, 44.3), (152.5, 44.3), (167.5, 44.3), (182.4, 44.3), (197.3, 44.3), (212.3, 44.3), (227.2, 44.3), (242.1, 48.0), (257.1, 51.7), (272.0, 44.3), (286.9, 44.3), (301.9, 44.3), (316.8, 44.3), (331.7, 44.3), (346.7, 44.3), (361.6, 44.3), (376.5, 44.3), (391.5, 44.3), (406.4, 44.3), (421.3, 48.0), (436.3, 61.1), (436.3, 76.0), (436.3, 90.9), (436.3, 105.9), (436.3, 120.8), (436.3, 135.7), (436.3, 135.7), (436.3, 132.0), (436.3, 135.7), (436.3, 135.7), (436.3, 132.0), (436.3, 135.7), (436.3, 139.5), (436.3, 154.4), (436.3, 161.9), (436.3, 161.9), (436.3, 165.6), (436.3, 161.9), (436.3, 161.9), (436.3, 165.6), (436.3, 161.9), (436.3, 161.9), (436.3, 165.6), (436.3, 161.9), (436.3, 161.9), (436.3, 165.6), (436.3, 161.9), (436.3, 158.1), (436.3, 154.4), (436.3, 150.7), (436.3, 150.7), (436.3, 154.4), (436.3, 146.9), (436.3, 146.9), (436.3, 143.2)]",0,1,8.0
novice,bomberman,10,Bomb,3,0,40.6,0.308,"[(48.0, 48.0), (62.9, 44.3), (77.9, 44.3), (92.8, 44.3), (107.7, 44.3), (122.7, 44.3), (137.6, 44.3), (152.5, 44.3), (167.5, 44.3), (182.4, 44.3), (197.3, 44.3), (212.3, 44.3), (227.2, 44.3), (242.1, 44.3), (257.1, 44.3), (272.0, 44.3), (286.9, 44.3), (301.9, 44.3), (316.8, 44.3), (331.7, 44.3), (346.7, 44.3), (361.6, 49.9), (372.8, 64.8), (372.8, 79.7), (372.8, 94.7), (372.8, 98.4), (372.8, 98.4), (372.8, 94.7), (372.8, 98.4), (372.8, 98.4), (372.8, 94.7), (372.8, 98.4), (372.8, 98.4), (372.8, 94.7), (372.8, 98.4), (372.8, 102.1), (372.8, 105.9), (372.8, 102.1), (372.8, 98.4), (372.8, 94.7), (372.8, 98.4), (372.8, 98.4), (372.8, 94.7), (372.8, 98.4), (372.8, 98.4), (372.8, 94.7), (372.8, 98.4), (372.8, 98.4), (372.8, 94.7), (372.8, 109.6), (372.8, 115.2), (372.8, 115.2), (372.8, 115.2), (372.8, 115.2), (372.8, 115.2), (372.8, 115.2), (372.8, 115.2), (372.8, 115.2), (372.8, 115.2), (372.8, 115.2), (372.8, 115.2)]",0,0,8.0
novice,bomberman,10,Bomb,1,0,47.64,0.462,"[(48.0, 48.0), (62.9, 44.3), (77.9, 44.3), (92.8, 44.3), (107.7, 44.3), (122.7, 44.3), (137.6, 44.3), (152.5, 44.3), (167.5, 44.3), (182.4, 44.3), (197.3, 44.3), (212.3, 44.3), (227.2, 44.3), (242.1, 44.3), (257.1, 44.3), (272.0, 44.3), (286.9, 44.3), (301.9, 44.3), (316.8, 44.3), (331.7, 44.3), (346.7, 44.3), (361.6, 44.3), (376.5, 44.3), (391.5, 44.3), (406.4, 44.3), (421.3, 44.3), (436.3, 44.3), (436.3, 44.3), (436.3, 44.3), (436.3, 44.3), (436.3, 44.3), (436.3, 49.9), (436.3, 49.9), (436.3, 49.9), (436.3, 49.9), (436.3, 49.9), (436.3, 49.9), (436.3, 49.9), (436.3, 49.9), (436.3, 49.9), (436.3, 49.9), (436.3, 49.9), (436.3, 49.9), (436.3, 49.9), (436.3, 49.9), (436.3, 49.9), (436.3, 49.9), (436.3, 49.9), (436.3, 49.9), (436.3, 49.9), (436.3, 51.7), (436.3, 66.7), (436.3, 81.6), (436.3, 96.5), (436.3, 100.3), (436.3, 96.5), (436.3, 96.5), (436.3, 100.3), (436.3, 96.5), (436.3, 96.5), (436.3, 100.3), (436.3, 96.5)]",0,0,8.15
novice,bomberman,10,Bomb,17,0,24.04,0.5,"[(48.0, 48.0), (62.9, 44.3), (77.9, 44.3), (92.8, 44.3), (107.7, 44.3), (122.7, 44.3), (137.6, 44.3), (152.5, 44.3), (167.5, 44.3), (182.4, 44.3), (197.3, 44.3), (212.3, 44.3), (227.2, 44.3), (242.1, 44.3), (257.1, 44.3), (272.0, 44.3), (286.9, 44.3), (301.9, 44.3), (316.8, 44.3), (331.7, 44.3), (346.7, 44.3), (361.6, 44.3), (376.5, 44.3), (391.5, 44.3), (406.4, 44.3), (421.3, 48.0), (436.3, 48.0), (436.3, 44.3), (436.3, 48.0), (436.3, 48.0), (436.3, 44.3), (436.3, 53.6), (436.3, 68.5), (436.3, 83.5), (436.3, 98.4), (436.3, 113.3), (436.3, 117.1), (436.3, 113.3), (436.3, 120.8), (436.3, 117.1), (436.3, 124.5), (436.3, 124.5), (436.3, 128.3), (436.3, 124.5), (436.3, 124.5), (436.3, 128.3), (436.3, 124.5), (436.3, 124.5), (436.3, 128.3), (436.3, 124.5), (436.3, 124.5), (436.3, 128.3), (436.3, 120.8), (436.3, 120.8), (436.3, 117.1), (436.3, 120.8), (436.3, 113.3), (436.3, 117.1), (436.3, 113.3), (436.3, 109.6), (436.3, 105.9), (436.3, 102.1), (436.3, 102.1), (436.3, 105.9), (436.3, 102.1), (436.3, 87.2), (436.3, 72.3), (436.3, 57.3), (436.3, 44.3), (436.3, 44.3), (436.3, 44.3), (436.3, 44.3), (436.3, 44.3), (436.3, 44.3), (436.3, 44.3), (436.3, 44.3), (436.3, 44.3), (436.3, 44.3), (436.3, 44.3), (436.3, 44.3), (436.3, 44.3), (436.3, 44.3), (436.3, 44.3), (436.3, 44.3), (436.3, 44.3), (436.3, 44.3), (436.3, 44.3), (436.3, 44.3), (436.3, 44.3), (436.3, 44.3), (436.3, 44.3), (436.3, 44.3), (436.3, 44.3), (436.3, 44.3), (436.3, 48.0), (436.3, 62.9), (436.3, 77.9), (436.3, 92.8), (436.3, 107.7), (436.3, 111.5), (436.3, 115.2), (436.3, 115.2), (436.3, 111.5), (436.3, 115.2), (436.3, 107.7), (436.3, 111.5), (436.3, 104.0), (436.3, 104.0), (436.3, 100.3), (436.3, 104.0), (436.3, 96.5), (436.3, 100.3), (436.3, 96.5), (436.3, 96.5), (436.3, 100.3), (436.3, 96.5), (436.3, 96.5), (436.3, 100.3), (436.3, 96.5), (436.3, 96.5), (436.3, 100.3), (436.3, 96.5)]",0,1,16.15
novice,bomberman,10,Bomb,2,0,47.54,0.538,"[(48.0, 48.0), (62.9, 51.7), (77.9, 44.3), (92.8, 44.3), (107.7, 44.3), (122.7, 44.3), (137.6, 44.3), (152.5, 44.3), (167.5, 44.3), (182.4, 44.3), (197.3, 44.3), (212.3, 44.3), (227.2, 44.3), (242.1, 48.0), (257.1, 48.0), (272.0, 44.3), (286.9, 44.3), (301.9, 44.3), (316.8, 44.3), (331.7, 44.3), (346.7, 44.3), (361.6, 44.3), (376.5, 44.3), (391.5, 44.3), (406.4, 44.3), (421.3, 48.0), (436.3, 61.1), (436.3, 76.0), (436.3, 90.9), (436.3, 105.9), (436.3, 120.8), (436.3, 135.7), (436.3, 150.7), (436.3, 165.6), (436.3, 161.9), (436.3, 161.9), (436.3, 165.6), (436.3, 161.9), (436.3, 161.9), (436.3, 165.6), (436.3, 161.9), (436.3, 161.9), (436.3, 165.6), (436.3, 161.9), (436.3, 161.9), (436.3, 165.6), (436.3, 161.9), (436.3, 161.9), (436.3, 165.6), (436.3, 161.9), (436.3, 161.9), (436.3, 165.6), (436.3, 161.9), (436.3, 161.9), (436.3, 165.6), (436.3, 161.9), (436.3, 161.9), (436.3, 165.6), (436.3, 161.9), (436.3, 161.9), (436.3, 165.6)]",0,1,8.05
novice,bomberman,10,Bomb,1,0,28.47,0.154,"[(48.0, 48.0), (53.6, 44.3), (68.5, 44.3), (83.5, 44.3), (98.4, 44.3), (113.3, 44.3), (128.3, 44.3), (143.2, 44.3), (158.1, 44.3), (173.1, 44.3), (188.0, 44.3), (202.9, 44.3), (217.9, 44.3), (232.8, 48.0), (244.0, 62.9), (244.0, 77.9), (244.0, 98.4), (247.7, 113.3), (262.7, 109.6), (275.7, 111.5), (275.7, 111.5), (275.7, 115.2), (275.7, 111.5), (275.7, 111.5), (275.7, 115.2), (275.7, 111.5), (275.7, 111.5), (275.7, 115.2), (275.7, 111.5), (275.7, 111.5), (275.7, 115.2), (275.7, 113.3), (275.7, 115.2), (275.7, 115.2), (275.7, 115.2), (275.7, 115.2), (275.7, 115.2), (275.7, 115.2), (275.7, 115.2), (275.7, 115.2), (275.7, 115.2), (275.7, 115.2), (275.7, 115.2), (275.7, 115.2), (275.7, 115.2), (275.7, 115.2), (275.7, 115.2), (275.7, 115.2), (275.7, 115.2), (275.7, 115.2), (275.7, 115.2), (275.7, 115.2), (275.7, 115.2), (275.7, 115.2), (275.7, 115.2), (275.7, 115.2), (275.7, 115.2), (275.7, 115.2), (275.7, 115.2), (275.7, 115.2), (275.7, 115.2)]",0,1,8.0
novice,bomberman,10,Bomb,5,0,40.51,0.731,"[(48.0, 48.0), (62.9, 44.3), (77.9, 44.3), (92.8, 44.3), (107.7, 44.3), (122.7, 44.3), (137.6, 44.3), (152.5, 44.3), (167.5, 44.3), (182.4, 44.3), (197.3, 44.3), (212.3, 44.3), (227.2, 44.3), (242.1, 44.3), (257.1, 46.1), (272.0, 44.3), (286.9, 44.3), (301.9, 44.3), (316.8, 44.3), (331.7, 44.3), (346.7, 44.3), (361.6, 44.3), (376.5, 44.3), (391.5, 44.3), (406.4, 44.3), (421.3, 48.0), (436.3, 61.1), (436.3, 76.0), (436.3, 90.9), (436.3, 105.9), (436.3, 120.8), (436.3, 135.7), (436.3, 150.7), (436.3, 165.6), (436.3, 161.9), (436.3, 161.9), (436.3, 165.6), (436.3, 161.9), (436.3, 161.9), (436.3, 165.6), (436.3, 161.9), (436.3, 169.3), (436.3, 165.6), (436.3, 161.9), (436.3, 161.9), (436.3, 165.6), (436.3, 169.3), (436.3, 169.3), (436.3, 165.6), (436.3, 169.3), (436.3, 173.1), (436.3, 176.8), (436.3, 173.1), (436.3, 173.1), (436.3, 176.8), (436.3, 173.1), (436.3, 173.1), (436.3, 174.9), (436.3, 180.5), (434.4, 180.5), (428.8, 180.5), (428.8, 180.5), (428.8, 180.5), (428.8, 180.5), (428.8, 180.5), (428.8, 180.5), (428.8, 180.5), (428.8, 180.5), (428.8, 180.5), (428.8, 180.5), (428.8, 180.5)]",0,2,9.4
novice,bomberman,10,Bomb,5,0,40.51,0.731,"[(48.0, 48.0), (62.9, 44.3), (77.9, 44.3), (92.8, 44.3), (107.7, 44.3), (122.7, 44.3), (137.6, 44.3), (152.5, 44.3), (167.5, 44.3), (182.4, 44.3), (197.3, 44.3), (212.3, 44.3), (227.2, 44.3), (242.1, 44.3), (257.1, 46.1), (272.0, 44.3), (286.9, 44.3), (301.9, 44.3), (316.8, 44.3), (331.7, 44.3), (346.7, 44.3), (361.6, 44.3), (376.5, 44.3), (391.5, 44.3), (406.4, 44.3), (421.3, 48.0), (436.3, 61.1), (436.3, 76.0), (436.3, 90.9), (436.3, 105.9), (436.3, 120.8), (436.3, 135.7), (436.3, 150.7), (436.3, 165.6), (436.3, 161.9), (436.3, 161.9), (436.3, 165.6), (436.3, 161.9), (436.3, 161.9), (436.3, 165.6), (436.3, 161.9), (436.3, 169.3), (436.3, 165.6), (436.3, 161.9), (436.3, 161.9), (436.3, 165.6), (436.3, 169.3), (436.3, 169.3), (436.3, 165.6), (436.3, 169.3), (436.3, 173.1), (436.3, 176.8), (436.3, 173.1), (436.3, 173.1), (436.3, 176.8), (436.3, 173.1), (436.3, 173.1), (436.3, 174.9), (436.3, 180.5), (434.4, 180.5), (428.8, 180.5), (428.8, 180.5), (428.8, 180.5), (428.8, 180.5), (428.8, 180.5), (428.8, 180.5), (428.8, 180.5), (428.8, 180.5), (428.8, 180.5), (428.8, 180.5), (428.8, 180.5)]",0,2,9.4
novice,bomberman,10,Bomb,2,0,47.54,0.538,"[(48.0, 48.0), (62.9, 51.7), (77.9, 44.3), (92.8, 44.3), (107.7, 44.3), (122.7, 44.3), (137.6, 44.3), (152.5, 44.3), (167.5, 44.3), (182.4, 44.3), (197.3, 44.3), (212.3, 44.3), (227.2, 44.3), (242.1, 48.0), (257.1, 48.0), (272.0, 44.3), (286.9, 44.3), (301.9, 44.3), (316.8, 44.3), (331.7, 44.3), (346.7, 44.3), (361.6, 44.3), (376.5, 44.3), (391.5, 44.3), (406.4, 44.3), (421.3, 48.0), (436.3, 61.1), (436.3, 76.0), (436.3, 90.9), (436.3, 105.9), (436.3, 120.8), (436.3, 135.7), (436.3, 150.7), (436.3, 165.6), (436.3, 161.9), (436.3, 161.9), (436.3, 165.6), (436.3, 161.9), (436.3, 161.9), (436.3, 165.6), (436.3, 161.9), (436.3, 161.9), (436.3, 165.6), (436.3, 161.9), (436.3, 161.9), (436.3, 165.6), (436.3, 161.9), (436.3, 161.9), (436.3, 165.6), (436.3, 161.9), (436.3, 161.9), (436.3, 165.6), (436.3, 161.9), (436.3, 161.9), (436.3, 165.6), (436.3, 161.9), (436.3, 161.9), (436.3, 165.6), (436.3, 161.9), (436.3, 161.9), (436.3, 165.6)]",0,1,8.05
novice,bomberman,10,Bomb,1,0,47.3,0.538,"[(48.0, 48.0), (62.9, 44.3), (77.9, 44.3), (92.8, 44.3), (107.7, 44.3), (122.7, 44.3), (137.6, 44.3), (152.5, 44.3), (167.5, 44.3), (182.4, 44.3), (197.3, 44.3), (212.3, 44.3), (227.2, 44.3), (242.1, 44.3), (257.1, 44.3), (272.0, 44.3), (286.9, 44.3), (301.9, 44.3), (316.8, 44.3), (331.7, 44.3), (346.7, 44.3), (361.6, 44.3), (376.5, 44.3), (391.5, 44.3), (406.4, 44.3), (421.3, 48.0), (436.3, 61.1), (436.3, 76.0), (436.3, 90.9), (436.3, 105.9), (436.3, 120.8), (436.3, 117.1), (436.3, 128.3), (436.3, 132.0), (436.3, 128.3), (436.3, 128.3), (436.3, 132.0), (436.3, 135.7), (436.3, 139.5), (436.3, 154.4), (436.3, 161.9), (436.3, 161.9), (436.3, 165.6), (436.3, 161.9), (436.3, 161.9), (436.3, 165.6), (436.3, 161.9), (436.3, 161.9), (436.3, 165.6), (436.3, 161.9), (436.3, 161.9), (436.3, 165.6), (436.3, 161.9), (436.3, 161.9), (436.3, 165.6), (436.3, 161.9), (436.3, 161.9), (436.3, 165.6), (430.7, 161.9), (428.8, 161.9), (428.8, 165.6)]",0,1,8.05
novice,bomberman,10,Bomb,1,0,47.54,0.538,"[(48.0, 48.0), (62.9, 44.3), (77.9, 44.3), (92.8, 44.3), (107.7, 44.3), (122.7, 44.3), (137.6, 44.3), (152.5, 44.3), (167.5, 44.3), (182.4, 44.3), (197.3, 44.3), (212.3, 44.3), (227.2, 44.3), (242.1, 44.3), (257.1, 44.3), (272.0, 44.3), (286.9, 44.3), (301.9, 44.3), (316.8, 44.3), (331.7, 44.3), (346.7, 44.3), (361.6, 49.9), (376.5, 46.1), (391.5, 44.3), (406.4, 44.3), (421.3, 48.0), (436.3, 61.1), (436.3, 76.0), (436.3, 90.9), (436.3, 94.7), (436.3, 98.4), (436.3, 102.1), (436.3, 117.1), (436.3, 120.8), (436.3, 120.8), (436.3, 122.7), (436.3, 132.0), (436.3, 137.6), (436.3, 139.5), (436.3, 154.4), (436.3, 169.3), (436.3, 171.2), (436.3, 176.8), (436.3, 176.8), (436.3, 176.8), (436.3, 176.8), (436.3, 173.1), (436.3, 173.1), (436.3, 176.8), (436.3, 173.1), (436.3, 173.1), (436.3, 176.8), (436.3, 169.3), (436.3, 169.3), (436.3, 165.6), (436.3, 169.3), (436.3, 169.3), (436.3, 165.6), (436.3, 161.9), (436.3, 161.9), (436.3, 165.6)]",0,1,8.05
novice,bomberman,10,Bomb,1,0,-0.92,0.077,"[(48.0, 48.0), (53.6, 44.3), (64.8, 44.3), (61.1, 44.3), (64.8, 44.3), (53.6, 44.3), (44.3, 44.3), (44.3, 44.3), (44.3, 48.0), (44.3, 55.5), (44.3, 62.9), (44.3, 62.9), (44.3, 66.7), (44.3, 62.9), (44.3, 62.9), (44.3, 66.7), (44.3, 62.9), (44.3, 62.9), (44.3, 66.7), (44.3, 62.9), (44.3, 62.9), (44.3, 66.7), (44.3, 62.9), (44.3, 62.9), (44.3, 66.7), (44.3, 62.9), (44.3, 62.9), (44.3, 77.9), (44.3, 92.8), (44.3, 96.5), (44.3, 100.3)]",0,0,4.05
novice,bomberman,10,Bomb,1,0,32.36,0.5,"[(48.0, 48.0), (62.9, 44.3), (77.9, 44.3), (92.8, 44.3), (107.7, 44.3), (122.7, 44.3), (137.6, 44.3), (152.5, 44.3), (167.5, 44.3), (182.4, 44.3), (197.3, 44.3), (212.3, 44.3), (227.2, 44.3), (242.1, 44.3), (257.1, 44.3), (272.0, 44.3), (286.9, 44.3), (301.9, 44.3), (316.8, 44.3), (331.7, 44.3), (346.7, 44.3), (361.6, 44.3), (376.5, 44.3), (391.5, 44.3), (406.4, 44.3), (421.3, 48.0), (436.3, 57.3), (436.3, 53.6), (436.3, 57.3), (436.3, 57.3), (436.3, 53.6), (436.3, 57.3), (436.3, 72.3), (436.3, 87.2), (436.3, 102.1), (436.3, 115.2), (436.3, 115.2), (436.3, 115.2), (436.3, 120.8), (436.3, 120.8), (436.3, 120.8), (436.3, 126.4), (436.3, 132.0), (436.3, 132.0), (436.3, 132.0), (436.3, 132.0), (436.3, 132.0), (436.3, 132.0), (436.3, 132.0), (436.3, 132.0), (436.3, 132.0), (436.3, 132.0), (436.3, 132.0), (436.3, 132.0), (436.3, 132.0), (436.3, 132.0), (436.3, 132.0), (436.3, 132.0), (436.3, 132.0), (436.3, 132.0), (436.3, 132.0), (436.3, 117.1), (436.3, 105.9), (436.3, 109.6), (436.3, 109.6), (436.3, 109.6), (436.3, 109.6), (436.3, 109.6), (436.3, 109.6), (436.3, 109.6), (436.3, 109.6), (436.3, 109.6), (436.3, 109.6), (436.3, 109.6), (436.3, 109.6), (436.3, 109.6), (436.3, 109.6), (436.3, 109.6), (436.3, 109.6), (436.3, 109.6), (436.3, 109.6), (436.3, 109.6), (436.3, 109.6), (436.3, 109.6), (436.3, 109.6), (436.3, 109.6), (436.3, 115.2), (436.3, 115.2), (436.3, 115.2), (436.3, 115.2), (436.3, 115.2)]",0,0,12.0
novice,bomberman,10,Bomb,12,0,47.6,0.462,"[(48.0, 48.0), (53.6, 44.3), (68.5, 44.3), (83.5, 44.3), (98.4, 44.3), (113.3, 44.3), (128.3, 44.3), (143.2, 44.3), (158.1, 44.3), (173.1, 44.3), (188.0, 44.3), (202.9, 44.3), (217.9, 44.3), (232.8, 44.3), (247.7, 44.3), (262.7, 44.3), (277.6, 44.3), (292.5, 44.3), (307.5, 44.3), (322.4, 44.3), (337.3, 44.3), (352.3, 44.3), (367.2, 44.3), (382.1, 44.3), (397.1, 44.3), (412.0, 44.3), (426.9, 44.3), (436.3, 44.3), (436.3, 44.3), (436.3, 44.3), (436.3, 44.3), (436.3, 44.3), (436.3, 44.3), (436.3, 44.3), (436.3, 44.3), (436.3, 44.3), (436.3, 44.3), (436.3, 44.3), (436.3, 44.3), (436.3, 44.3), (436.3, 44.3), (436.3, 44.3), (436.3, 44.3), (436.3, 44.3), (436.3, 57.3), (436.3, 61.1), (436.3, 64.8), (436.3, 64.8), (436.3, 61.1), (436.3, 64.8), (436.3, 64.8), (436.3, 61.1), (436.3, 64.8), (436.3, 64.8), (436.3, 61.1), (436.3, 76.0), (434.4, 90.9), (434.4, 105.9), (432.5, 98.4), (432.5, 98.4), (428.8, 94.7)]",0,0,8.0
novice,bomberman,10,Bomb,4,0,38.46,0.731,"[(48.0, 48.0), (62.9, 44.3), (77.9, 44.3), (92.8, 44.3), (107.7, 44.3), (122.7, 44.3), (137.6, 44.3), (152.5, 44.3), (167.5, 44.3), (182.4, 44.3), (197.3, 44.3), (212.3, 44.3), (227.2, 44.3), (242.1, 44.3), (257.1, 44.3), (272.0, 44.3), (286.9, 44.3), (301.9, 44.3), (316.8, 44.3), (331.7, 44.3), (346.7, 44.3), (361.6, 44.3), (376.5, 44.3), (391.5, 44.3), (406.4, 44.3), (421.3, 48.0), (436.3, 61.1), (436.3, 76.0), (436.3, 90.9), (436.3, 105.9), (436.3, 120.8), (436.3, 135.7), (436.3, 150.7), (436.3, 165.6), (436.3, 161.9), (436.3, 158.1), (436.3, 154.4), (436.3, 158.1), (436.3, 161.9), (436.3, 165.6), (436.3, 161.9), (436.3, 161.9), (436.3, 165.6), (436.3, 161.9), (436.3, 161.9), (436.3, 165.6), (436.3, 161.9), (436.3, 161.9), (436.3, 165.6), (436.3, 161.9), (436.3, 161.9), (436.3, 165.6), (436.3, 161.9), (436.3, 161.9), (436.3, 165.6), (436.3, 169.3), (436.3, 169.3), (436.3, 165.6), (436.3, 173.1), (436.3, 173.1), (436.3, 176.8), (436.3, 180.5), (436.3, 180.5), (436.3, 180.5), (436.3, 180.5), (436.3, 180.5), (436.3, 180.5), (436.3, 180.5), (436.3, 180.5), (436.3, 180.5), (436.3, 180.5), (428.8, 180.5), (428.8, 180.5), (428.8, 180.5), (428.8, 180.5)]",0,2,9.9
novice,bomberman,10,Bomb,1,0,28.47,0.154,"[(48.0, 48.0), (62.9, 51.7), (77.9, 44.3), (92.8, 44.3), (107.7, 44.3), (122.7, 44.3), (137.6, 44.3), (152.5, 44.3), (167.5, 44.3), (182.4, 44.3), (197.3, 44.3), (212.3, 44.3), (227.2, 44.3), (242.1, 59.2), (244.0, 74.1), (244.0, 92.8), (244.0, 109.6), (258.9, 113.3), (273.9, 115.2), (275.7, 115.2), (275.7, 115.2), (275.7, 115.2), (275.7, 115.2), (275.7, 115.2), (275.7, 115.2), (275.7, 115.2), (275.7, 115.2), (275.7, 115.2), (275.7, 115.2), (275.7, 115.2), (275.7, 115.2), (275.7, 115.2), (275.7, 115.2), (275.7, 115.2), (275.7, 115.2), (275.7, 115.2), (275.7, 115.2), (275.7, 115.2), (275.7, 115.2), (275.7, 115.2), (275.7, 115.2), (275.7, 115.2), (275.7, 115.2), (275.7, 115.2), (275.7, 115.2), (275.7, 115.2), (275.7, 115.2), (275.7, 115.2), (275.7, 115.2), (275.7, 115.2), (275.7, 115.2), (275.7, 115.2), (275.7, 115.2), (275.7, 115.2), (275.7, 115.2), (275.7, 115.2), (275.7, 115.2), (275.7, 115.2), (275.7, 115.2), (275.7, 115.2), (275.7, 115.2)]",0,1,8.0
novice,bomberman,10,Bomb,17,0,48.53,0.423,"[(48.0, 48.0), (62.9, 44.3), (72.3, 44.3), (87.2, 44.3), (102.1, 44.3), (117.1, 44.3), (132.0, 44.3), (146.9, 44.3), (161.9, 44.3), (176.8, 44.3), (191.7, 44.3), (206.7, 44.3), (221.6, 44.3), (236.5, 44.3), (251.5, 44.3), (266.4, 44.3), (281.3, 44.3), (296.3, 44.3), (311.2, 44.3), (326.1, 44.3), (341.1, 44.3), (356.0, 44.3), (370.9, 44.3), (385.9, 44.3), (400.8, 44.3), (415.7, 44.3), (430.7, 44.3), (436.3, 44.3), (436.3, 44.3), (436.3, 44.3), (436.3, 44.3), (436.3, 44.3), (436.3, 44.3), (436.3, 44.3), (436.3, 44.3), (436.3, 44.3), (436.3, 44.3), (436.3, 44.3), (436.3, 44.3), (436.3, 44.3), (436.3, 44.3), (436.3, 46.1), (436.3, 49.9), (436.3, 57.3), (436.3, 64.8), (436.3, 61.1), (436.3, 64.8), (436.3, 64.8), (436.3, 61.1), (436.3, 64.8), (436.3, 64.8), (436.3, 61.1), (436.3, 64.8), (436.3, 64.8), (436.3, 61.1), (436.3, 64.8), (436.3, 61.1), (436.3, 61.1), (436.3, 61.1), (436.3, 61.1), (436.3, 61.1)]",0,0,8.0
novice,bomberman,10,Bomb,4,0,38.46,0.731,"[(48.0, 48.0), (62.9, 44.3), (77.9, 44.3), (92.8, 44.3), (107.7, 44.3), (122.7, 44.3), (137.6, 44.3), (152.5, 44.3), (167.5, 44.3), (182.4, 44.3), (197.3, 44.3), (212.3, 44.3), (227.2, 44.3), (242.1, 44.3), (257.1, 44.3), (272.0, 44.3), (286.9, 44.3), (301.9, 44.3), (316.8, 44.3), (331.7, 44.3), (346.7, 44.3), (361.6, 44.3), (376.5, 44.3), (391.5, 44.3), (406.4, 44.3), (421.3, 48.0), (436.3, 61.1), (436.3, 76.0), (436.3, 90.9), (436.3, 105.9), (436.3, 120.8), (436.3, 135.7), (436.3, 150.7), (436.3, 165.6), (436.3, 161.9), (436.3, 158.1), (436.3, 154.4), (436.3, 158.1), (436.3, 161.9), (436.3, 165.6), (436.3, 161.9), (436.3, 161.9), (436.3, 165.6), (436.3, 161.9), (436.3, 161.9), (436.3, 165.6), (436.3, 161.9), (436.3, 161.9), (436.3, 165.6), (436.3, 161.9), (436.3, 161.9), (436.3, 165.6), (436.3, 161.9), (436.3, 161.9), (436.3, 165.6), (436.3, 169.3), (436.3, 169.3), (436.3, 165.6), (436.3, 173.1), (436.3, 173.1), (436.3, 176.8), (436.3, 180.5), (436.3, 180.5), (436.3, 180.5), (436.3, 180.5), (436.3, 180.5), (436.3, 180.5), (436.3, 180.5), (436.3, 180.5), (436.3, 180.5), (436.3, 180.5), (428.8, 180.5), (428.8, 180.5), (428.8, 180.5), (428.8, 180.5)]",0,2,9.9
novice,bomberman,10,Bomb,5,0,40.51,0.731,"[(48.0, 48.0), (62.9, 44.3), (77.9, 44.3), (92.8, 44.3), (107.7, 44.3), (122.7, 44.3), (137.6, 44.3), (152.5, 44.3), (167.5, 44.3), (182.4, 44.3), (197.3, 44.3), (212.3, 44.3), (227.2, 44.3), (242.1, 44.3), (257.1, 46.1), (272.0, 44.3), (286.9, 44.3), (301.9, 44.3), (316.8, 44.3), (331.7, 44.3), (346.7, 44.3), (361.6, 44.3), (376.5, 44.3), (391.5, 44.3), (406.4, 44.3), (421.3, 48.0), (436.3, 61.1), (436.3, 76.0), (436.3, 90.9), (436.3, 105.9), (436.3, 120.8), (436.3, 135.7), (436.3, 150.7), (436.3, 165.6), (436.3, 161.9), (436.3, 161.9), (436.3, 165.6), (436.3, 161.9), (436.3, 161.9), (436.3, 165.6), (436.3, 161.9), (436.3, 169.3), (436.3, 165.6), (436.3, 161.9), (436.3, 161.9), (436.3, 165.6), (436.3, 169.3), (436.3, 169.3), (436.3, 165.6), (436.3, 169.3), (436.3, 173.1), (436.3, 176.8), (436.3, 173.1), (436.3, 173.1), (436.3, 176.8), (436.3, 173.1), (436.3, 173.1), (436.3, 174.9), (436.3, 180.5), (434.4, 180.5), (428.8, 180.5), (428.8, 180.5), (428.8, 180.5), (428.8, 180.5), (428.8, 180.5), (428.8, 180.5), (428.8, 180.5), (428.8, 180.5), (428.8, 180.5), (428.8, 180.5), (428.8, 180.5)]",0,2,9.4
novice,bomberman,10,Bomb,1,0,47.54,0.538,"[(48.0, 48.0), (62.9, 44.3), (77.9, 44.3), (92.8, 44.3), (107.7, 44.3), (122.7, 44.3), (137.6, 44.3), (152.5, 44.3), (167.5, 44.3), (182.4, 44.3), (197.3, 44.3), (212.3, 44.3), (227.2, 44.3), (242.1, 44.3), (257.1, 44.3), (272.0, 44.3), (286.9, 44.3), (301.9, 44.3), (316.8, 44.3), (331.7, 44.3), (346.7, 44.3), (361.6, 49.9), (376.5, 46.1), (391.5, 44.3), (406.4, 44.3), (421.3, 48.0), (436.3, 61.1), (436.3, 76.0), (436.3, 90.9), (436.3, 94.7), (436.3, 98.4), (436.3, 102.1), (436.3, 117.1), (436.3, 120.8), (436.3, 120.8), (436.3, 122.7), (436.3, 132.0), (436.3, 137.6), (436.3, 139.5), (436.3, 154.4), (436.3, 169.3), (436.3, 171.2), (436.3, 176.8), (436.3, 176.8), (436.3, 176.8), (436.3, 176.8), (436.3, 173.1), (436.3, 173.1), (436.3, 176.8), (436.3, 173.1), (436.3, 173.1), (436.3, 176.8), (436.3, 169.3), (436.3, 169.3), (436.3, 165.6), (436.3, 169.3), (436.3, 169.3), (436.3, 165.6), (436.3, 161.9), (436.3, 161.9), (436.3, 165.6)]",0,1,8.05
novice,bomberman,10,Bomb,1,0,47.3,0.538,"[(48.0, 48.0), (62.9, 44.3), (77.9, 44.3), (92.8, 44.3), (107.7, 44.3), (122.7, 44.3), (137.6, 44.3), (152.5, 44.3), (167.5, 44.3), (182.4, 44.3), (197.3, 44.3), (212.3, 44.3), (227.2, 44.3), (242.1, 44.3), (257.1, 44.3), (272.0, 44.3), (286.9, 44.3), (301.9, 44.3), (316.8, 44.3), (331.7, 44.3), (346.7, 44.3), (361.6, 44.3), (376.5, 44.3), (391.5, 44.3), (406.4, 44.3), (421.3, 48.0), (436.3, 61.1), (436.3, 76.0), (436.3, 90.9), (436.3, 105.9), (436.3, 120.8), (436.3, 117.1), (436.3, 128.3), (436.3, 132.0), (436.3, 128.3), (436.3, 128.3), (436.3, 132.0), (436.3, 135.7), (436.3, 139.5), (436.3, 154.4), (436.3, 161.9), (436.3, 161.9), (436.3, 165.6), (436.3, 161.9), (436.3, 161.9), (436.3, 165.6), (436.3, 161.9), (436.3, 161.9), (436.3, 165.6), (436.3, 161.9), (436.3, 161.9), (436.3, 165.6), (436.3, 161.9), (436.3, 161.9), (436.3, 165.6), (436.3, 161.9), (436.3, 161.9), (436.3, 165.6), (430.7, 161.9), (428.8, 161.9), (428.8, 165.6)]",0,1,8.05
novice,bomberman,10,Bomb,3,0,41.3,0.731,"[(48.0, 48.0), (62.9, 44.3), (77.9, 44.3), (92.8, 44.3), (107.7, 44.3), (122.7, 44.3), (137.6, 44.3), (152.5, 44.3), (167.5, 44.3), (182.4, 44.3), (197.3, 44.3), (212.3, 44.3), (227.2, 44.3), (242.1, 44.3), (257.1, 44.3), (272.0, 44.3), (286.9, 44.3), (301.9, 44.3), (316.8, 44.3), (331.7, 44.3), (346.7, 44.3), (361.6, 44.3), (376.5, 44.3), (391.5, 44.3), (406.4, 44.3), (421.3, 48.0), (436.3, 61.1), (436.3, 76.0), (436.3, 90.9), (436.3, 105.9), (436.3, 120.8), (436.3, 135.7), (436.3, 150.7), (436.3, 154.4), (436.3, 150.7), (436.3, 150.7), (436.3, 143.2), (436.3, 150.7), (436.3, 150.7), (436.3, 154.4), (436.3, 161.9), (436.3, 161.9), (436.3, 165.6), (436.3, 161.9), (436.3, 161.9), (436.3, 165.6), (436.3, 161.9), (436.3, 161.9), (436.3, 165.6), (436.3, 161.9), (436.3, 169.3), (436.3, 165.6), (436.3, 169.3), (436.3, 171.2), (436.3, 171.2), (436.3, 171.2), (436.3, 171.2), (436.3, 171.2), (436.3, 171.2), (436.3, 171.2), (436.3, 171.2), (436.3, 171.2), (436.3, 171.2), (436.3, 171.2), (436.3, 171.2), (436.3, 171.2), (436.3, 171.2), (436.3, 171.2), (436.3, 171.2), (436.3, 171.2), (436.3, 171.2)]",0,2,9.4
novice,bomberman,10,Bomb,1,0,7.0,0.0,"[(48.0, 48.0), (53.6, 44.3), (53.6, 44.3), (53.6, 44.3), (53.6, 44.3), (53.6, 44.3), (53.6, 44.3), (53.6, 44.3), (53.6, 44.3), (53.6, 44.3), (53.6, 44.3), (53.6, 44.3), (53.6, 44.3), (53.6, 44.3), (53.6, 44.3), (53.6, 44.3), (53.6, 44.3), (53.6, 46.1), (53.6, 49.9), (53.6, 51.7), (53.6, 51.7), (53.6, 51.7), (53.6, 51.7), (53.6, 51.7), (53.6, 51.7), (53.6, 51.7), (53.6, 51.7), (53.6, 51.7), (53.6, 51.7), (61.1, 51.7), (76.0, 44.3)]",0,0,4.0
novice,bomberman,10,Bomb,2,0,42.67,0.5,"[(48.0, 48.0), (62.9, 44.3), (77.9, 44.3), (92.8, 44.3), (107.7, 44.3), (122.7, 44.3), (137.6, 44.3), (152.5, 44.3), (167.5, 44.3), (182.4, 44.3), (197.3, 44.3), (212.3, 44.3), (227.2, 44.3), (242.1, 44.3), (257.1, 44.3), (272.0, 44.3), (286.9, 44.3), (301.9, 44.3), (316.8, 44.3), (331.7, 44.3), (346.7, 44.3), (361.6, 44.3), (376.5, 44.3), (391.5, 44.3), (406.4, 44.3), (421.3, 44.3), (436.3, 48.0), (436.3, 44.3), (436.3, 48.0), (436.3, 48.0), (436.3, 44.3), (436.3, 48.0), (436.3, 48.0), (436.3, 44.3), (436.3, 48.0), (436.3, 48.0), (436.3, 44.3), (436.3, 48.0), (436.3, 48.0), (436.3, 49.9), (436.3, 64.8), (436.3, 79.7), (436.3, 94.7), (436.3, 102.1), (436.3, 102.1), (436.3, 117.1), (436.3, 124.5), (436.3, 124.5), (436.3, 117.1), (436.3, 120.8), (436.3, 120.8), (436.3, 117.1), (436.3, 113.3), (436.3, 113.3), (436.3, 117.1), (436.3, 113.3), (436.3, 109.6), (436.3, 105.9), (436.3, 102.1), (436.3, 102.1), (436.3, 105.9), (436.3, 98.4), (436.3, 98.4), (436.3, 94.7), (436.3, 98.4), (436.3, 98.4), (436.3, 94.7), (436.3, 98.4), (436.3, 98.4)]",0,0,9.1
novice,bomberman,10,Bomb,2,0,10.58,0.077,"[(48.0, 48.0), (62.9, 51.7), (77.9, 44.3), (92.8, 44.3), (107.7, 51.7), (115.2, 55.5), (115.2, 59.2), (115.2, 55.5), (115.2, 55.5), (115.2, 57.3), (115.2, 61.1), (115.2, 59.2), (115.2, 59.2), (115.2, 61.1), (115.2, 61.1), (115.2, 62.9), (115.2, 62.9), (115.2, 64.8), (115.2, 64.8), (115.2, 66.7), (115.2, 61.1), (115.2, 68.5), (115.2, 59.2), (115.2, 64.8), (115.2, 57.3), (115.2, 61.1), (115.2, 59.2), (115.2, 59.2), (115.2, 61.1), (115.2, 61.1), (115.2, 62.9), (115.2, 66.7), (115.2, 61.1), (115.2, 68.5), (115.2, 59.2), (122.7, 51.7), (137.6, 46.1), (154.4, 51.7), (173.1, 53.6), (180.5, 68.5), (180.5, 83.5), (180.5, 87.2), (180.5, 90.9), (180.5, 87.2), (180.5, 87.2), (180.5, 90.9), (180.5, 87.2), (180.5, 87.2), (180.5, 90.9), (180.5, 87.2), (180.5, 87.2), (180.5, 90.9), (180.5, 87.2), (180.5, 87.2), (180.5, 90.9), (180.5, 87.2), (180.5, 87.2), (180.5, 90.9), (180.5, 87.2), (180.5, 87.2), (180.5, 90.9), (180.5, 94.7), (180.5, 94.7), (180.5, 90.9), (180.5, 94.7), (180.5, 94.7), (180.5, 90.9), (180.5, 94.7), (180.5, 94.7), (180.5, 90.9), (180.5, 94.7), (180.5, 94.7), (180.5, 90.9), (180.5, 94.7), (180.5, 94.7), (180.5, 90.9), (180.5, 94.7), (180.5, 94.7), (180.5, 90.9), (180.5, 94.7), (180.5, 94.7), (180.5, 90.9), (180.5, 94.7), (180.5, 94.7), (180.5, 90.9), (180.5, 94.7), (180.5, 94.7), (180.5, 90.9), (180.5, 94.7), (180.5, 94.7), (180.5, 90.9)]",0,0,12.0
novice,bomberman,10,Bomb,1,0,31.73,0.5,"[(48.0, 48.0), (62.9, 44.3), (77.9, 44.3), (92.8, 44.3), (107.7, 44.3), (122.7, 44.3), (137.6, 44.3), (152.5, 44.3), (167.5, 44.3), (182.4, 44.3), (197.3, 44.3), (212.3, 44.3), (227.2, 44.3), (242.1, 44.3), (257.1, 44.3), (272.0, 44.3), (286.9, 44.3), (301.9, 44.3), (316.8, 44.3), (331.7, 44.3), (346.7, 44.3), (361.6, 44.3), (376.5, 44.3), (391.5, 44.3), (406.4, 44.3), (421.3, 44.3), (436.3, 44.3), (436.3, 44.3), (436.3, 44.3), (436.3, 44.3), (436.3, 44.3), (436.3, 48.0), (436.3, 62.9), (436.3, 77.9), (436.3, 92.8), (436.3, 96.5), (436.3, 100.3), (436.3, 104.0), (436.3, 104.0), (436.3, 111.5), (436.3, 115.2), (436.3, 118.9), (436.3, 122.7), (436.3, 126.4), (436.3, 126.4), (436.3, 122.7), (436.3, 118.9), (436.3, 118.9), (436.3, 122.7), (436.3, 118.9), (436.3, 118.9), (436.3, 122.7), (436.3, 118.9), (436.3, 118.9), (436.3, 122.7), (436.3, 115.2), (436.3, 115.2), (436.3, 111.5), (436.3, 115.2), (436.3, 115.2), (436.3, 111.5), (430.7, 104.0), (430.7, 107.7), (430.7, 111.5), (430.7, 118.9), (430.7, 104.0), (430.7, 89.1), (430.7, 74.1), (432.5, 59.2), (436.3, 44.3), (436.3, 44.3), (436.3, 44.3), (436.3, 44.3), (436.3, 44.3), (436.3, 44.3), (436.3, 44.3), (436.3, 44.3), (436.3, 44.3), (436.3, 44.3), (436.3, 48.0), (436.3, 59.2), (436.3, 66.7), (428.8, 81.6), (428.8, 83.5), (428.8, 83.5), (428.8, 83.5), (428.8, 83.5), (428.8, 83.5), (428.8, 83.5), (428.8, 83.5), (428.8, 83.5)]",0,1,12.0
novice,bomberman,10,Bomb,1,0,28.47,0.154,"[(48.0, 48.0), (62.9, 51.7), (77.9, 44.3), (92.8, 44.3), (107.7, 44.3), (122.7, 44.3), (137.6, 44.3), (152.5, 44.3), (167.5, 44.3), (182.4, 44.3), (197.3, 44.3), (212.3, 44.3), (227.2, 44.3), (242.1, 59.2), (244.0, 74.1), (244.0, 92.8), (244.0, 109.6), (258.9, 113.3), (273.9, 109.6), (275.7, 109.6), (275.7, 109.6), (275.7, 109.6), (275.7, 109.6), (275.7, 109.6), (275.7, 109.6), (275.7, 109.6), (275.7, 109.6), (275.7, 109.6), (275.7, 109.6), (275.7, 109.6), (275.7, 109.6), (275.7, 109.6), (275.7, 111.5), (275.7, 115.2), (275.7, 115.2), (275.7, 115.2), (275.7, 115.2), (275.7, 115.2), (275.7, 115.2), (275.7, 115.2), (275.7, 115.2), (275.7, 115.2), (275.7, 115.2), (275.7, 115.2), (275.7, 115.2), (275.7, 115.2), (275.7, 115.2), (275.7, 115.2), (275.7, 115.2), (275.7, 115.2), (275.7, 115.2), (275.7, 115.2), (275.7, 115.2), (275.7, 115.2), (275.7, 115.2), (275.7, 115.2), (275.7, 115.2), (275.7, 115.2), (275.7, 115.2), (275.7, 115.2), (275.7, 115.2)]",0,1,8.0
novice,bomberman,10,Bomb,3,0,41.3,0.731,"[(48.0, 48.0), (62.9, 44.3), (77.9, 44.3), (92.8, 44.3), (107.7, 44.3), (122.7, 44.3), (137.6, 44.3), (152.5, 44.3), (167.5, 44.3), (182.4, 44.3), (197.3, 44.3), (212.3, 44.3), (227.2, 44.3), (242.1, 44.3), (257.1, 44.3), (272.0, 44.3), (286.9, 44.3), (301.9, 44.3), (316.8, 44.3), (331.7, 44.3), (346.7, 44.3), (361.6, 44.3), (376.5, 44.3), (391.5, 44.3), (406.4, 44.3), (421.3, 48.0), (436.3, 61.1), (436.3, 76.0), (436.3, 90.9), (436.3, 105.9), (436.3, 120.8), (436.3, 135.7), (436.3, 150.7), (436.3, 154.4), (436.3, 150.7), (436.3, 150.7), (436.3, 143.2), (436.3, 150.7), (436.3, 150.7), (436.3, 154.4), (436.3, 161.9), (436.3, 161.9), (436.3, 165.6), (436.3, 161.9), (436.3, 161.9), (436.3, 165.6), (436.3, 161.9), (436.3, 161.9), (436.3, 165.6), (436.3, 161.9), (436.3, 169.3), (436.3, 165.6), (436.3, 169.3), (436.3, 171.2), (436.3, 171.2), (436.3, 171.2), (436.3, 171.2), (436.3, 171.2), (436.3, 171.2), (436.3, 171.2), (436.3, 171.2), (436.3, 171.2), (436.3, 171.2), (436.3, 171.2), (436.3, 171.2), (436.3, 171.2), (436.3, 171.2), (436.3, 171.2), (436.3, 171.2), (436.3, 171.2), (436.3, 171.2)]",0,2,9.4
novice,bomberman,10,Bomb,5,0,40.51,0.731,"[(48.0, 48.0), (62.9, 44.3), (77.9, 44.3), (92.8, 44.3), (107.7, 44.3), (122.7, 44.3), (137.6, 44.3), (152.5, 44.3), (167.5, 44.3), (182.4, 44.3), (197.3, 44.3), (212.3, 44.3), (227.2, 44.3), (242.1, 44.3), (257.1, 46.1), (272.0, 44.3), (286.9, 44.3), (301.9, 44.3), (316.8, 44.3), (331.7, 44.3), (346.7, 44.3), (361.6, 44.3), (376.5, 44.3), (391.5, 44.3), (406.4, 44.3), (421.3, 48.0), (436.3, 61.1), (436.3, 76.0), (436.3, 90.9), (436.3, 105.9), (436.3, 120.8), (436.3, 135.7), (436.3, 150.7), (436.3, 165.6), (436.3, 161.9), (436.3, 161.9), (436.3, 165.6), (436.3, 161.9), (436.3, 161.9), (436.3, 165.6), (436.3, 161.9), (436.3, 169.3), (436.3, 165.6), (436.3, 161.9), (436.3, 161.9), (436.3, 165.6), (436.3, 169.3), (436.3, 169.3), (436.3, 165.6), (436.3, 169.3), (436.3, 173.1), (436.3, 176.8), (436.3, 173.1), (436.3, 173.1), (436.3, 176.8), (436.3, 173.1), (436.3, 173.1), (436.3, 174.9), (436.3, 180.5), (434.4, 180.5), (428.8, 180.5), (428.8, 180.5), (428.8, 180.5), (428.8, 180.5), (428.8, 180.5), (428.8, 180.5), (428.8, 180.5), (428.8, 180.5), (428.8, 180.5), (428.8, 180.5), (428.8, 180.5)]",0,2,9.4
novice,bomberman,10,Bomb,4,0,38.46,0.731,"[(48.0, 48.0), (62.9, 44.3), (77.9, 44.3), (92.8, 44.3), (107.7, 44.3), (122.7, 44.3), (137.6, 44.3), (152.5, 44.3), (167.5, 44.3), (182.4, 44.3), (197.3, 44.3), (212.3, 44.3), (227.2, 44.3), (242.1, 44.3), (257.1, 44.3), (272.0, 44.3), (286.9, 44.3), (301.9, 44.3), (316.8, 44.3), (331.7, 44.3), (346.7, 44.3), (361.6, 44.3), (376.5, 44.3), (391.5, 44.3), (406.4, 44.3), (421.3, 48.0), (436.3, 61.1), (436.3, 76.0), (436.3, 90.9), (436.3, 105.9), (436.3, 120.8), (436.3, 135.7), (436.3, 150.7), (436.3, 165.6), (436.3, 161.9), (436.3, 158.1), (436.3, 154.4), (436.3, 158.1), (436.3, 161.9), (436.3, 165.6), (436.3, 161.9), (436.3, 161.9), (436.3, 165.6), (436.3, 161.9), (436.3, 161.9), (436.3, 165.6), (436.3, 161.9), (436.3, 161.9), (436.3, 165.6), (436.3, 161.9), (436.3, 161.9), (436.3, 165.6), (436.3, 161.9), (436.3, 161.9), (436.3, 165.6), (436.3, 169.3), (436.3, 169.3), (436.3, 165.6), (436.3, 173.1), (436.3, 173.1), (436.3, 176.8), (436.3, 180.5), (436.3, 180.5), (436.3, 180.5), (436.3, 180.5), (436.3, 180.5), (436.3, 180.5), (436.3, 180.5), (436.3, 180.5), (436.3, 180.5), (436.3, 180.5), (428.8, 180.5), (428.8, 180.5), (428.8, 180.5), (428.8, 180.5)]",0,2,9.9
novice,bomberman,10,Bomb,1,0,47.3,0.538,"[(48.0, 48.0), (62.9, 44.3), (77.9, 44.3), (92.8, 44.3), (107.7, 44.3), (122.7, 44.3), (137.6, 44.3), (152.5, 44.3), (167.5, 44.3), (182.4, 44.3), (197.3, 44.3), (212.3, 44.3), (227.2, 44.3), (242.1, 44.3), (257.1, 44.3), (272.0, 44.3), (286.9, 44.3), (301.9, 44.3), (316.8, 44.3), (331.7, 44.3), (346.7, 44.3), (361.6, 44.3), (376.5, 44.3), (391.5, 44.3), (406.4, 44.3), (421.3, 48.0), (436.3, 61.1), (436.3, 76.0), (436.3, 90.9), (436.3, 105.9), (436.3, 120.8), (436.3, 117.1), (436.3, 128.3), (436.3, 132.0), (436.3, 128.3), (436.3, 128.3), (436.3, 132.0), (436.3, 135.7), (436.3, 139.5), (436.3, 154.4), (436.3, 161.9), (436.3, 161.9), (436.3, 165.6), (436.3, 161.9), (436.3, 161.9), (436.3, 165.6), (436.3, 161.9), (436.3, 161.9), (436.3, 165.6), (436.3, 161.9), (436.3, 161.9), (436.3, 165.6), (436.3, 161.9), (436.3, 161.9), (436.3, 165.6), (436.3, 161.9), (436.3, 161.9), (436.3, 165.6), (430.7, 161.9), (428.8, 161.9), (428.8, 165.6)]",0,1,8.05
novice,bomberman,10,Bomb,1,0,47.54,0.5,"[(48.0, 48.0), (62.9, 44.3), (77.9, 44.3), (92.8, 44.3), (107.7, 44.3), (122.7, 44.3), (137.6, 44.3), (152.5, 44.3), (167.5, 44.3), (182.4, 44.3), (197.3, 44.3), (212.3, 44.3), (227.2, 44.3), (242.1, 44.3), (257.1, 44.3), (272.0, 44.3), (286.9, 44.3), (301.9, 44.3), (316.8, 44.3), (331.7, 44.3), (346.7, 44.3), (361.6, 49.9), (376.5, 51.7), (391.5, 44.3), (406.4, 44.3), (421.3, 48.0), (436.3, 61.1), (436.3, 64.8), (436.3, 64.8), (436.3, 64.8), (436.3, 64.8), (436.3, 64.8), (436.3, 64.8), (436.3, 64.8), (436.3, 64.8), (436.3, 64.8), (436.3, 64.8), (436.3, 64.8), (436.3, 72.3), (436.3, 87.2), (436.3, 102.1), (436.3, 117.1), (436.3, 132.0), (436.3, 132.0), (436.3, 132.0), (436.3, 132.0), (436.3, 132.0), (436.3, 132.0), (436.3, 132.0), (436.3, 132.0), (436.3, 132.0), (436.3, 132.0), (436.3, 132.0), (436.3, 132.0), (436.3, 132.0), (436.3, 132.0), (436.3, 132.0), (436.3, 132.0), (436.3, 132.0), (436.3, 132.0), (436.3, 132.0)]",0,0,8.05
novice,bomberman,10,Bomb,6,0,48.23,0.462,"[(48.0, 48.0), (62.9, 44.3), (77.9, 44.3), (92.8, 44.3), (107.7, 44.3), (122.7, 44.3), (137.6, 44.3), (152.5, 44.3), (167.5, 44.3), (182.4, 44.3), (197.3, 44.3), (212.3, 44.3), (227.2, 44.3), (242.1, 44.3), (257.1, 44.3), (272.0, 44.3), (286.9, 44.3), (301.9, 44.3), (316.8, 44.3), (331.7, 44.3), (346.7, 44.3), (361.6, 44.3), (376.5, 44.3), (391.5, 44.3), (406.4, 44.3), (421.3, 44.3), (436.3, 44.3), (436.3, 44.3), (436.3, 44.3), (436.3, 44.3), (436.3, 44.3), (436.3, 44.3), (436.3, 44.3), (436.3, 44.3), (436.3, 44.3), (436.3, 44.3), (436.3, 44.3), (436.3, 44.3), (436.3, 44.3), (436.3, 44.3), (436.3, 44.3), (436.3, 44.3), (436.3, 44.3), (436.3, 44.3), (436.3, 44.3), (436.3, 44.3), (436.3, 48.0), (436.3, 62.9), (436.3, 66.7), (436.3, 62.9), (436.3, 62.9), (436.3, 66.7), (436.3, 62.9), (436.3, 62.9), (436.3, 66.7), (436.3, 70.4), (436.3, 85.3), (436.3, 100.3), (436.3, 96.5), (436.3, 96.5), (436.3, 100.3)]",0,0,8.05
novice,bomberman,10,Bomb,23,0,-0.93,0.038,"[(48.0, 48.0), (44.3, 44.3), (44.3, 44.3), (44.3, 44.3), (44.3, 44.3), (44.3, 44.3), (44.3, 44.3), (44.3, 44.3), (44.3, 44.3), (44.3, 44.3), (44.3, 48.0), (44.3, 62.9), (44.3, 66.7), (44.3, 62.9), (44.3, 62.9), (44.3, 66.7), (44.3, 62.9), (44.3, 62.9), (44.3, 66.7), (44.3, 62.9), (44.3, 62.9), (44.3, 66.7), (44.3, 62.9), (44.3, 62.9), (44.3, 66.7), (44.3, 62.9), (44.3, 62.9), (44.3, 66.7), (44.3, 62.9), (44.3, 62.9), (44.3, 66.7)]",0,0,4.0
novice,bomberman,10,Bomb,3,0,35.91,0.538,"[(48.0, 48.0), (62.9, 44.3), (77.9, 44.3), (92.8, 44.3), (107.7, 44.3), (122.7, 44.3), (137.6, 44.3), (152.5, 44.3), (167.5, 44.3), (182.4, 44.3), (197.3, 44.3), (212.3, 44.3), (227.2, 44.3), (242.1, 44.3), (257.1, 44.3), (272.0, 44.3), (286.9, 44.3), (301.9, 44.3), (316.8, 44.3), (331.7, 44.3), (346.7, 44.3), (361.6, 44.3), (376.5, 51.7), (391.5, 44.3), (406.4, 49.9), (425.1, 51.7), (436.3, 64.8), (436.3, 79.7), (436.3, 94.7), (436.3, 109.6), (436.3, 124.5), (436.3, 139.5), (436.3, 154.4), (436.3, 158.1), (436.3, 161.9), (436.3, 161.9), (436.3, 158.1), (436.3, 161.9), (436.3, 161.9), (436.3, 158.1), (436.3, 161.9), (436.3, 161.9), (436.3, 158.1), (436.3, 161.9), (436.3, 161.9), (436.3, 158.1), (436.3, 161.9), (436.3, 161.9), (436.3, 158.1), (436.3, 161.9), (436.3, 161.9), (436.3, 158.1), (436.3, 161.9), (436.3, 161.9), (436.3, 158.1), (436.3, 161.9), (436.3, 161.9), (436.3, 158.1), (436.3, 161.9), (436.3, 161.9), (436.3, 158.1), (436.3, 161.9), (436.3, 161.9), (436.3, 158.1), (436.3, 161.9), (434.4, 161.9), (430.7, 158.1), (434.4, 161.9), (428.8, 161.9), (428.8, 158.1), (428.8, 161.9), (428.8, 161.9), (428.8, 158.1), (428.8, 161.9), (428.8, 161.9), (428.8, 158.1), (428.8, 161.9), (428.8, 161.9), (428.8, 158.1)]",0,0,10.5
novice,bomberman,10,Stuck,0,0,-0.75,0.0,"[(48.0, 48.0), (44.3, 44.3), (44.3, 44.3), (44.3, 44.3), (44.3, 44.3), (44.3, 44.3), (44.3, 44.3), (44.3, 44.3), (44.3, 44.3), (44.3, 44.3), (44.3, 44.3), (44.3, 44.3), (44.3, 44.3), (44.3, 44.3), (44.3, 44.3), (44.3, 44.3), (44.3, 44.3), (44.3, 44.3), (44.3, 44.3), (44.3, 44.3), (44.3, 44.3), (44.3, 44.3), (44.3, 44.3), (44.3, 44.3), (44.3, 44.3), (44.3, 44.3), (44.3, 44.3), (44.3, 44.3), (44.3, 44.3), (44.3, 44.3), (44.3, 44.3), (44.3, 44.3), (44.3, 44.3), (44.3, 44.3), (44.3, 44.3), (44.3, 44.3), (44.3, 44.3), (44.3, 44.3)]",0,0,5.0
novice,bomberman,10,Bomb,1,0,47.64,0.462,"[(48.0, 48.0), (62.9, 44.3), (77.9, 44.3), (92.8, 44.3), (107.7, 44.3), (122.7, 44.3), (137.6, 44.3), (152.5, 44.3), (167.5, 44.3), (182.4, 44.3), (197.3, 44.3), (212.3, 44.3), (227.2, 44.3), (242.1, 44.3), (257.1, 44.3), (272.0, 44.3), (286.9, 44.3), (301.9, 44.3), (316.8, 44.3), (331.7, 44.3), (346.7, 44.3), (361.6, 44.3), (376.5, 44.3), (391.5, 44.3), (406.4, 44.3), (421.3, 44.3), (436.3, 44.3), (436.3, 44.3), (436.3, 44.3), (436.3, 44.3), (436.3, 44.3), (436.3, 44.3), (436.3, 44.3), (436.3, 44.3), (436.3, 44.3), (436.3, 44.3), (436.3, 44.3), (436.3, 48.0), (436.3, 62.9), (436.3, 66.7), (436.3, 62.9), (436.3, 62.9), (436.3, 66.7), (436.3, 70.4), (436.3, 70.4), (436.3, 77.9), (436.3, 92.8), (436.3, 96.5), (436.3, 100.3), (436.3, 96.5), (436.3, 96.5), (436.3, 100.3), (436.3, 96.5), (436.3, 96.5), (436.3, 100.3), (436.3, 96.5), (436.3, 96.5), (436.3, 100.3), (436.3, 104.0), (436.3, 104.0), (436.3, 100.3), (436.3, 96.5)]",0,0,8.15
novice,bomberman,10,Bomb,4,0,38.46,0.731,"[(48.0, 48.0), (62.9, 44.3), (77.9, 44.3), (92.8, 44.3), (107.7, 44.3), (122.7, 44.3), (137.6, 44.3), (152.5, 44.3), (167.5, 44.3), (182.4, 44.3), (197.3, 44.3), (212.3, 44.3), (227.2, 44.3), (242.1, 44.3), (257.1, 44.3), (272.0, 44.3), (286.9, 44.3), (301.9, 44.3), (316.8, 44.3), (331.7, 44.3), (346.7, 44.3), (361.6, 44.3), (376.5, 44.3), (391.5, 44.3), (406.4, 44.3), (421.3, 48.0), (436.3, 61.1), (436.3, 76.0), (436.3, 90.9), (436.3, 105.9), (436.3, 120.8), (436.3, 135.7), (436.3, 150.7), (436.3, 165.6), (436.3, 161.9), (436.3, 158.1), (436.3, 154.4), (436.3, 158.1), (436.3, 161.9), (436.3, 165.6), (436.3, 161.9), (436.3, 161.9), (436.3, 165.6), (436.3, 161.9), (436.3, 161.9), (436.3, 165.6), (436.3, 161.9), (436.3, 161.9), (436.3, 165.6), (436.3, 161.9), (436.3, 161.9), (436.3, 165.6), (436.3, 161.9), (436.3, 161.9), (436.3, 165.6), (436.3, 169.3), (436.3, 169.3), (436.3, 165.6), (436.3, 173.1), (436.3, 173.1), (436.3, 176.8), (436.3, 180.5), (436.3, 180.5), (436.3, 180.5), (436.3, 180.5), (436.3, 180.5), (436.3, 180.5), (436.3, 180.5), (436.3, 180.5), (436.3, 180.5), (436.3, 180.5), (428.8, 180.5), (428.8, 180.5), (428.8, 180.5), (428.8, 180.5)]",0,2,9.9
novice,bomberman,10,Bomb,5,0,40.51,0.731,"[(48.0, 48.0), (62.9, 44.3), (77.9, 44.3), (92.8, 44.3), (107.7, 44.3), (122.7, 44.3), (137.6, 44.3), (152.5, 44.3), (167.5, 44.3), (182.4, 44.3), (197.3, 44.3), (212.3, 44.3), (227.2, 44.3), (242.1, 44.3), (257.1, 46.1), (272.0, 44.3), (286.9, 44.3), (301.9, 44.3), (316.8, 44.3), (331.7, 44.3), (346.7, 44.3), (361.6, 44.3), (376.5, 44.3), (391.5, 44.3), (406.4, 44.3), (421.3, 48.0), (436.3, 61.1), (436.3, 76.0), (436.3, 90.9), (436.3, 105.9), (436.3, 120.8), (436.3, 135.7), (436.3, 150.7), (436.3, 165.6), (436.3, 161.9), (436.3, 161.9), (436.3, 165.6), (436.3, 161.9), (436.3, 161.9), (436.3, 165.6), (436.3, 161.9), (436.3, 169.3), (436.3, 165.6), (436.3, 161.9), (436.3, 161.9), (436.3, 165.6), (436.3, 169.3), (436.3, 169.3), (436.3, 165.6), (436.3, 169.3), (436.3, 173.1), (436.3, 176.8), (436.3, 173.1), (436.3, 173.1), (436.3, 176.8), (436.3, 173.1), (436.3, 173.1), (436.3, 174.9), (436.3, 180.5), (434.4, 180.5), (428.8, 180.5), (428.8, 180.5), (428.8, 180.5), (428.8, 180.5), (428.8, 180.5), (428.8, 180.5), (428.8, 180.5), (428.8, 180.5), (428.8, 180.5), (428.8, 180.5), (428.8, 180.5)]",0,2,9.4
novice,bomberman,10,Bomb,3,0,41.3,0.731,"[(48.0, 48.0), (62.9, 44.3), (77.9, 44.3), (92.8, 44.3), (107.7, 44.3), (122.7, 44.3), (137.6, 44.3), (152.5, 44.3), (167.5, 44.3), (182.4, 44.3), (197.3, 44.3), (212.3, 44.3), (227.2, 44.3), (242.1, 44.3), (257.1, 44.3), (272.0, 44.3), (286.9, 44.3), (301.9, 44.3), (316.8, 44.3), (331.7, 44.3), (346.7, 44.3), (361.6, 44.3), (376.5, 44.3), (391.5, 44.3), (406.4, 44.3), (421.3, 48.0), (436.3, 61.1), (436.3, 76.0), (436.3, 90.9), (436.3, 105.9), (436.3, 120.8), (436.3, 135.7), (436.3, 150.7), (436.3, 154.4), (436.3, 150.7), (436.3, 150.7), (436.3, 143.2), (436.3, 150.7), (436.3, 150.7), (436.3, 154.4), (436.3, 161.9), (436.3, 161.9), (436.3, 165.6), (436.3, 161.9), (436.3, 161.9), (436.3, 165.6), (436.3, 161.9), (436.3, 161.9), (436.3, 165.6), (436.3, 161.9), (436.3, 169.3), (436.3, 165.6), (436.3, 169.3), (436.3, 171.2), (436.3, 171.2), (436.3, 171.2), (436.3, 171.2), (436.3, 171.2), (436.3, 171.2), (436.3, 171.2), (436.3, 171.2), (436.3, 171.2), (436.3, 171.2), (436.3, 171.2), (436.3, 171.2), (436.3, 171.2), (436.3, 171.2), (436.3, 171.2), (436.3, 171.2), (436.3, 171.2), (436.3, 171.2)]",0,2,9.4
novice,bomberman,10,Bomb,1,0,47.3,0.538,"[(48.0, 48.0), (62.9, 44.3), (77.9, 44.3), (92.8, 44.3), (107.7, 44.3), (122.7, 44.3), (137.6, 44.3), (152.5, 44.3), (167.5, 44.3), (182.4, 44.3), (197.3, 44.3), (212.3, 44.3), (227.2, 44.3), (242.1, 44.3), (257.1, 44.3), (272.0, 44.3), (286.9, 44.3), (301.9, 44.3), (316.8, 44.3), (331.7, 44.3), (346.7, 44.3), (361.6, 44.3), (376.5, 44.3), (391.5, 44.3), (406.4, 44.3), (421.3, 48.0), (436.3, 61.1), (436.3, 76.0), (436.3, 90.9), (436.3, 105.9), (436.3, 120.8), (436.3, 117.1), (436.3, 128.3), (436.3, 132.0), (436.3, 128.3), (436.3, 128.3), (436.3, 132.0), (436.3, 135.7), (436.3, 139.5), (436.3, 154.4), (436.3, 161.9), (436.3, 161.9), (436.3, 165.6), (436.3, 161.9), (436.3, 161.9), (436.3, 165.6), (436.3, 161.9), (436.3, 161.9), (436.3, 165.6), (436.3, 161.9), (436.3, 161.9), (436.3, 165.6), (436.3, 161.9), (436.3, 161.9), (436.3, 165.6), (436.3, 161.9), (436.3, 161.9), (436.3, 165.6), (430.7, 161.9), (428.8, 161.9), (428.8, 165.6)]",0,1,8.05
novice,bomberman,10,Bomb,1,0,48.53,0.538,"[(48.0, 48.0), (62.9, 44.3), (77.9, 44.3), (92.8, 44.3), (107.7, 44.3), (122.7, 44.3), (137.6, 44.3), (152.5, 44.3), (167.5, 44.3), (182.4, 44.3), (197.3, 44.3), (212.3, 44.3), (227.2, 44.3), (242.1, 44.3), (257.1, 44.3), (272.0, 44.3), (286.9, 44.3), (301.9, 44.3), (316.8, 44.3), (331.7, 44.3), (346.7, 44.3), (361.6, 44.3), (376.5, 44.3), (391.5, 44.3), (406.4, 44.3), (421.3, 48.0), (436.3, 61.1), (436.3, 76.0), (436.3, 90.9), (436.3, 105.9), (436.3, 120.8), (436.3, 135.7), (436.3, 150.7), (436.3, 165.6), (436.3, 161.9), (436.3, 161.9), (436.3, 154.4), (436.3, 161.9), (436.3, 161.9), (436.3, 165.6), (436.3, 161.9), (436.3, 161.9), (436.3, 165.6), (436.3, 169.3), (436.3, 169.3), (436.3, 165.6), (436.3, 161.9), (436.3, 161.9), (436.3, 165.6), (436.3, 161.9), (436.3, 161.9), (436.3, 165.6), (436.3, 161.9), (436.3, 161.9), (436.3, 165.6), (436.3, 161.9), (436.3, 158.1), (436.3, 154.4), (436.3, 146.9), (436.3, 146.9), (436.3, 141.3)]",0,1,8.0
novice,bomberman,10,Bomb,1,0,48.53,0.385,"[(48.0, 48.0), (53.6, 44.3), (68.5, 44.3), (83.5, 44.3), (98.4, 44.3), (113.3, 44.3), (128.3, 44.3), (143.2, 44.3), (158.1, 44.3), (173.1, 44.3), (188.0, 44.3), (202.9, 44.3), (217.9, 44.3), (232.8, 44.3), (247.7, 44.3), (262.7, 44.3), (277.6, 44.3), (292.5, 44.3), (307.5, 44.3), (322.4, 44.3), (337.3, 44.3), (352.3, 44.3), (367.2, 44.3), (382.1, 44.3), (397.1, 44.3), (412.0, 44.3), (426.9, 44.3), (436.3, 44.3), (436.3, 44.3), (436.3, 44.3), (436.3, 44.3), (436.3, 44.3), (436.3, 44.3), (436.3, 44.3), (436.3, 44.3), (436.3, 44.3), (436.3, 44.3), (436.3, 44.3), (436.3, 44.3), (436.3, 44.3), (436.3, 44.3), (436.3, 44.3), (436.3, 44.3), (436.3, 44.3), (436.3, 44.3), (436.3, 44.3), (436.3, 44.3), (436.3, 44.3), (436.3, 44.3), (436.3, 44.3), (436.3, 44.3), (436.3, 44.3), (436.3, 44.3), (436.3, 44.3), (436.3, 44.3), (436.3, 44.3), (436.3, 44.3), (436.3, 44.3), (436.3, 44.3), (436.3, 44.3), (436.3, 44.3)]",0,0,8.0
novice,bomberman,10,Bomb,1,0,48.53,0.423,"[(48.0, 48.0), (62.9, 44.3), (77.9, 44.3), (92.8, 44.3), (107.7, 44.3), (122.7, 44.3), (137.6, 44.3), (152.5, 44.3), (167.5, 44.3), (182.4, 44.3), (197.3, 44.3), (212.3, 44.3), (227.2, 44.3), (242.1, 44.3), (257.1, 46.1), (272.0, 44.3), (286.9, 44.3), (301.9, 44.3), (316.8, 44.3), (331.7, 44.3), (346.7, 44.3), (361.6, 44.3), (376.5, 44.3), (391.5, 44.3), (406.4, 44.3), (421.3, 48.0), (436.3, 61.1), (436.3, 64.8), (436.3, 64.8), (436.3, 64.8), (436.3, 64.8), (436.3, 64.8), (436.3, 64.8), (436.3, 64.8), (436.3, 64.8), (436.3, 64.8), (436.3, 64.8), (436.3, 64.8), (436.3, 64.8), (436.3, 64.8), (436.3, 64.8), (436.3, 64.8), (436.3, 64.8), (436.3, 64.8), (436.3, 64.8), (436.3, 64.8), (436.3, 64.8), (436.3, 64.8), (436.3, 64.8), (436.3, 64.8), (436.3, 64.8), (436.3, 64.8), (436.3, 64.8), (436.3, 64.8), (436.3, 64.8), (436.3, 64.8), (436.3, 64.8), (436.3, 64.8), (436.3, 64.8), (436.3, 64.8), (436.3, 64.8)]",0,0,8.0
novice,bomberman,10,Bomb,1,0,31.48,0.692,"[(48.0, 48.0), (62.9, 44.3), (77.9, 44.3), (92.8, 44.3), (107.7, 44.3), (122.7, 44.3), (137.6, 44.3), (152.5, 44.3), (167.5, 44.3), (182.4, 44.3), (197.3, 44.3), (212.3, 44.3), (227.2, 44.3), (242.1, 44.3), (257.1, 44.3), (272.0, 44.3), (286.9, 44.3), (301.9, 44.3), (316.8, 44.3), (331.7, 44.3), (346.7, 44.3), (361.6, 44.3), (376.5, 44.3), (391.5, 44.3), (406.4, 44.3), (421.3, 48.0), (436.3, 61.1), (436.3, 76.0), (436.3, 90.9), (436.3, 105.9), (436.3, 120.8), (436.3, 135.7), (436.3, 150.7), (436.3, 165.6), (436.3, 161.9), (436.3, 161.9), (436.3, 165.6), (436.3, 161.9), (436.3, 161.9), (436.3, 165.6), (436.3, 169.3), (436.3, 173.1), (436.3, 176.8), (436.3, 180.5), (436.3, 180.5), (436.3, 180.5), (436.3, 180.5), (436.3, 180.5), (436.3, 180.5), (436.3, 180.5), (436.3, 180.5), (436.3, 180.5), (436.3, 180.5), (436.3, 180.5), (436.3, 180.5), (436.3, 180.5), (436.3, 180.5), (436.3, 180.5), (436.3, 180.5), (436.3, 180.5), (436.3, 180.5), (428.8, 180.5), (428.8, 180.5), (428.8, 180.5), (432.5, 176.8), (436.3, 161.9), (436.3, 146.9), (436.3, 132.0), (436.3, 117.1), (436.3, 102.1), (436.3, 87.2), (436.3, 83.5), (436.3, 79.7), (436.3, 83.5), (436.3, 87.2), (436.3, 90.9), (436.3, 94.7), (436.3, 94.7), (436.3, 96.5), (436.3, 96.5), (436.3, 96.5), (436.3, 96.5), (436.3, 96.5), (436.3, 96.5), (436.3, 96.5), (436.3, 96.5), (436.3, 96.5), (436.3, 96.5), (436.3, 96.5), (436.3, 96.5), (436.3, 96.5), (436.3, 105.9), (436.3, 120.8)]",0,3,12.33
novice,bomberman,10,Bomb,1,0,48.53,0.423,"[(48.0, 48.0), (62.9, 44.3), (77.9, 44.3), (92.8, 44.3), (107.7, 44.3), (122.7, 44.3), (137.6, 44.3), (152.5, 44.3), (167.5, 44.3), (182.4, 44.3), (197.3, 44.3), (212.3, 44.3), (227.2, 44.3), (242.1, 44.3), (257.1, 44.3), (272.0, 44.3), (286.9, 44.3), (301.9, 44.3), (316.8, 44.3), (331.7, 44.3), (346.7, 44.3), (361.6, 44.3), (376.5, 44.3), (391.5, 44.3), (406.4, 44.3), (421.3, 44.3), (436.3, 44.3), (436.3, 44.3), (436.3, 44.3), (436.3, 44.3), (436.3, 44.3), (436.3, 44.3), (436.3, 44.3), (436.3, 44.3), (436.3, 44.3), (436.3, 44.3), (436.3, 44.3), (436.3, 44.3), (436.3, 44.3), (436.3, 44.3), (436.3, 44.3), (436.3, 44.3), (436.3, 44.3), (436.3, 53.6), (436.3, 66.7), (436.3, 66.7), (436.3, 66.7), (436.3, 66.7), (436.3, 66.7), (436.3, 66.7), (436.3, 66.7), (436.3, 66.7), (436.3, 66.7), (436.3, 66.7), (436.3, 66.7), (436.3, 66.7), (436.3, 66.7), (436.3, 66.7), (436.3, 66.7), (436.3, 79.7), (436.3, 94.7)]",0,0,8.0
novice,bomberman,10,Bomb,2,0,41.62,0.538,"[(48.0, 48.0), (62.9, 44.3), (77.9, 44.3), (92.8, 44.3), (107.7, 44.3), (122.7, 44.3), (137.6, 44.3), (152.5, 44.3), (167.5, 44.3), (182.4, 44.3), (197.3, 44.3), (212.3, 44.3), (227.2, 44.3), (242.1, 44.3), (257.1, 44.3), (272.0, 44.3), (286.9, 44.3), (301.9, 44.3), (316.8, 44.3), (331.7, 44.3), (346.7, 44.3), (361.6, 44.3), (376.5, 44.3), (391.5, 44.3), (406.4, 44.3), (421.3, 48.0), (436.3, 61.1), (436.3, 76.0), (436.3, 90.9), (436.3, 105.9), (436.3, 120.8), (436.3, 135.7), (436.3, 150.7), (436.3, 154.4), (436.3, 150.7), (436.3, 150.7), (436.3, 143.2), (436.3, 146.9), (436.3, 150.7), (436.3, 143.2), (436.3, 158.1), (436.3, 161.9), (436.3, 165.6), (436.3, 161.9), (436.3, 161.9), (436.3, 165.6), (436.3, 161.9), (436.3, 161.9), (436.3, 165.6), (436.3, 161.9), (436.3, 161.9), (436.3, 165.6), (436.3, 161.9), (436.3, 161.9), (436.3, 165.6), (436.3, 161.9), (436.3, 161.9), (428.8, 165.6), (428.8, 161.9), (428.8, 161.9), (428.8, 165.6), (428.8, 161.9), (428.8, 161.9), (428.8, 165.6), (428.8, 161.9), (428.8, 161.9), (428.8, 165.6), (428.8, 161.9), (428.8, 161.9)]",0,0,9.15
novice,bomberman,10,Bomb,1,0,31.48,0.692,"[(48.0, 48.0), (62.9, 44.3), (77.9, 44.3), (92.8, 44.3), (107.7, 44.3), (122.7, 44.3), (137.6, 44.3), (152.5, 44.3), (167.5, 44.3), (182.4, 44.3), (197.3, 44.3), (212.3, 44.3), (227.2, 44.3), (242.1, 44.3), (257.1, 44.3), (272.0, 44.3), (286.9, 44.3), (301.9, 44.3), (316.8, 44.3), (331.7, 44.3), (346.7, 44.3), (361.6, 44.3), (376.5, 44.3), (391.5, 44.3), (406.4, 44.3), (421.3, 48.0), (436.3, 61.1), (436.3, 76.0), (436.3, 90.9), (436.3, 105.9), (436.3, 120.8), (436.3, 135.7), (436.3, 150.7), (436.3, 165.6), (436.3, 161.9), (436.3, 161.9), (436.3, 165.6), (436.3, 161.9), (436.3, 161.9), (436.3, 165.6), (436.3, 169.3), (436.3, 173.1), (436.3, 176.8), (436.3, 180.5), (436.3, 180.5), (436.3, 180.5), (436.3, 180.5), (436.3, 180.5), (436.3, 180.5), (436.3, 180.5), (436.3, 180.5), (436.3, 180.5), (436.3, 180.5), (436.3, 180.5), (436.3, 180.5), (436.3, 180.5), (436.3, 180.5), (436.3, 180.5), (436.3, 180.5), (436.3, 180.5), (436.3, 180.5), (428.8, 180.5), (428.8, 180.5), (428.8, 180.5), (432.5, 176.8), (436.3, 161.9), (436.3, 146.9), (436.3, 132.0), (436.3, 117.1), (436.3, 102.1), (436.3, 87.2), (436.3, 83.5), (436.3, 79.7), (436.3, 83.5), (436.3, 87.2), (436.3, 90.9), (436.3, 94.7), (436.3, 94.7), (436.3, 96.5), (436.3, 96.5), (436.3, 96.5), (436.3, 96.5), (436.3, 96.5), (436.3, 96.5), (436.3, 96.5), (436.3, 96.5), (436.3, 96.5), (436.3, 96.5), (436.3, 96.5), (436.3, 96.5), (436.3, 96.5), (436.3, 105.9), (436.3, 120.8)]",0,3,12.33
novice,bomberman,10,Bomb,3,0,41.3,0.731,"[(48.0, 48.0), (62.9, 44.3), (77.9, 44.3), (92.8, 44.3), (107.7, 44.3), (122.7, 44.3), (137.6, 44.3), (152.5, 44.3), (167.5, 44.3), (182.4, 44.3), (197.3, 44.3), (212.3, 44.3), (227.2, 44.3), (242.1, 44.3), (257.1, 44.3), (272.0, 44.3), (286.9, 44.3), (301.9, 44.3), (316.8, 44.3), (331.7, 44.3), (346.7, 44.3), (361.6, 44.3), (376.5, 44.3), (391.5, 44.3), (406.4, 44.3), (421.3, 48.0), (436.3, 61.1), (436.3, 76.0), (436.3, 90.9), (436.3, 105.9), (436.3, 120.8), (436.3, 135.7), (436.3, 150.7), (436.3, 154.4), (436.3, 150.7), (436.3, 150.7), (436.3, 143.2), (436.3, 150.7), (436.3, 150.7), (436.3, 154.4), (436.3, 161.9), (436.3, 161.9), (436.3, 165.6), (436.3, 161.9), (436.3, 161.9), (436.3, 165.6), (436.3, 161.9), (436.3, 161.9), (436.3, 165.6), (436.3, 161.9), (436.3, 169.3), (436.3, 165.6), (436.3, 169.3), (436.3, 171.2), (436.3, 171.2), (436.3, 171.2), (436.3, 171.2), (436.3, 171.2), (436.3, 171.2), (436.3, 171.2), (436.3, 171.2), (436.3, 171.2), (436.3, 171.2), (436.3, 171.2), (436.3, 171.2), (436.3, 171.2), (436.3, 171.2), (436.3, 171.2), (436.3, 171.2), (436.3, 171.2), (436.3, 171.2)]",0,2,9.4
novice,bomberman,10,Bomb,5,0,40.51,0.731,"[(48.0, 48.0), (62.9, 44.3), (77.9, 44.3), (92.8, 44.3), (107.7, 44.3), (122.7, 44.3), (137.6, 44.3), (152.5, 44.3), (167.5, 44.3), (182.4, 44.3), (197.3, 44.3), (212.3, 44.3), (227.2, 44.3), (242.1, 44.3), (257.1, 46.1), (272.0, 44.3), (286.9, 44.3), (301.9, 44.3), (316.8, 44.3), (331.7, 44.3), (346.7, 44.3), (361.6, 44.3), (376.5, 44.3), (391.5, 44.3), (406.4, 44.3), (421.3, 48.0), (436.3, 61.1), (436.3, 76.0), (436.3, 90.9), (436.3, 105.9), (436.3, 120.8), (436.3, 135.7), (436.3, 150.7), (436.3, 165.6), (436.3, 161.9), (436.3, 161.9), (436.3, 165.6), (436.3, 161.9), (436.3, 161.9), (436.3, 165.6), (436.3, 161.9), (436.3, 169.3), (436.3, 165.6), (436.3, 161.9), (436.3, 161.9), (436.3, 165.6), (436.3, 169.3), (436.3, 169.3), (436.3, 165.6), (436.3, 169.3), (436.3, 173.1), (436.3, 176.8), (436.3, 173.1), (436.3, 173.1), (436.3, 176.8), (436.3, 173.1), (436.3, 173.1), (436.3, 174.9), (436.3, 180.5), (434.4, 180.5), (428.8, 180.5), (428.8, 180.5), (428.8, 180.5), (428.8, 180.5), (428.8, 180.5), (428.8, 180.5), (428.8, 180.5), (428.8, 180.5), (428.8, 180.5), (428.8, 180.5), (428.8, 180.5)]",0,2,9.4
novice,bomberman,10,Bomb,4,0,38.46,0.731,"[(48.0, 48.0), (62.9, 44.3), (77.9, 44.3), (92.8, 44.3), (107.7, 44.3), (122.7, 44.3), (137.6, 44.3), (152.5, 44.3), (167.5, 44.3), (182.4, 44.3), (197.3, 44.3), (212.3, 44.3), (227.2, 44.3), (242.1, 44.3), (257.1, 44.3), (272.0, 44.3), (286.9, 44.3), (301.9, 44.3), (316.8, 44.3), (331.7, 44.3), (346.7, 44.3), (361.6, 44.3), (376.5, 44.3), (391.5, 44.3), (406.4, 44.3), (421.3, 48.0), (436.3, 61.1), (436.3, 76.0), (436.3, 90.9), (436.3, 105.9), (436.3, 120.8), (436.3, 135.7), (436.3, 150.7), (436.3, 165.6), (436.3, 161.9), (436.3, 158.1), (436.3, 154.4), (436.3, 158.1), (436.3, 161.9), (436.3, 165.6), (436.3, 161.9), (436.3, 161.9), (436.3, 165.6), (436.3, 161.9), (436.3, 161.9), (436.3, 165.6), (436.3, 161.9), (436.3, 161.9), (436.3, 165.6), (436.3, 161.9), (436.3, 161.9), (436.3, 165.6), (436.3, 161.9), (436.3, 161.9), (436.3, 165.6), (436.3, 169.3), (436.3, 169.3), (436.3, 165.6), (436.3, 173.1), (436.3, 173.1), (436.3, 176.8), (436.3, 180.5), (436.3, 180.5), (436.3, 180.5), (436.3, 180.5), (436.3, 180.5), (436.3, 180.5), (436.3, 180.5), (436.3, 180.5), (436.3, 180.5), (436.3, 180.5), (428.8, 180.5), (428.8, 180.5), (428.8, 180.5), (428.8, 180.5)]",0,2,9.9
novice,bomberman,10,Bomb,1,0,47.6,0.538,"[(48.0, 48.0), (62.9, 44.3), (77.9, 44.3), (92.8, 44.3), (107.7, 44.3), (122.7, 44.3), (137.6, 44.3), (152.5, 44.3), (167.5, 44.3), (182.4, 44.3), (197.3, 44.3), (212.3, 44.3), (227.2, 44.3), (242.1, 44.3), (257.1, 46.1), (272.0, 44.3), (286.9, 44.3), (301.9, 44.3), (316.8, 44.3), (331.7, 44.3), (346.7, 44.3), (361.6, 44.3), (376.5, 48.0), (391.5, 44.3), (406.4, 44.3), (421.3, 48.0), (436.3, 61.1), (436.3, 76.0), (436.3, 90.9), (436.3, 105.9), (436.3, 109.6), (436.3, 113.3), (436.3, 117.1), (436.3, 132.0), (436.3, 128.3), (436.3, 128.3), (436.3, 132.0), (436.3, 128.3), (436.3, 128.3), (436.3, 132.0), (436.3, 135.7), (436.3, 135.7), (436.3, 143.2), (436.3, 158.1), (436.3, 161.9), (436.3, 165.6), (436.3, 161.9), (436.3, 161.9), (436.3, 165.6), (436.3, 161.9), (436.3, 161.9), (436.3, 165.6), (436.3, 161.9), (436.3, 161.9), (436.3, 165.6), (436.3, 161.9), (436.3, 161.9), (436.3, 165.6), (436.3, 161.9), (428.8, 158.1), (428.8, 154.4)]",0,1,8.0
novice,bomberman,10,Bomb,1,0,-0.93,0.038,"[(48.0, 48.0), (44.3, 44.3), (44.3, 44.3), (44.3, 44.3), (44.3, 44.3), (44.3, 44.3), (44.3, 44.3), (44.3, 44.3), (44.3, 44.3), (44.3, 44.3), (44.3, 44.3), (44.3, 44.3), (44.3, 44.3), (44.3, 44.3), (44.3, 44.3), (44.3, 44.3), (44.3, 44.3), (44.3, 44.3), (44.3, 44.3), (44.3, 44.3), (44.3, 44.3), (44.3, 44.3), (44.3, 44.3), (44.3, 48.0), (44.3, 55.5), (44.3, 62.9), (44.3, 62.9), (44.3, 66.7), (44.3, 62.9), (44.3, 62.9), (44.3, 66.7)]",0,0,4.0
novice,bomberman,10,Bomb,1,0,31.73,0.538,"[(48.0, 48.0), (53.6, 44.3), (68.5, 44.3), (83.5, 44.3), (98.4, 44.3), (113.3, 44.3), (128.3, 44.3), (143.2, 44.3), (158.1, 44.3), (173.1, 44.3), (188.0, 44.3), (202.9, 44.3), (217.9, 44.3), (232.8, 44.3), (247.7, 44.3), (262.7, 44.3), (277.6, 44.3), (292.5, 44.3), (307.5, 44.3), (322.4, 44.3), (337.3, 44.3), (352.3, 44.3), (367.2, 44.3), (382.1, 44.3), (397.1, 44.3), (412.0, 44.3), (426.9, 44.3), (436.3, 44.3), (436.3, 44.3), (436.3, 44.3), (436.3, 44.3), (436.3, 44.3), (436.3, 51.7), (436.3, 66.7), (436.3, 81.6), (436.3, 96.5), (436.3, 111.5), (436.3, 126.4), (436.3, 141.3), (436.3, 156.3), (436.3, 160.0), (436.3, 160.0), (436.3, 156.3), (436.3, 160.0), (436.3, 160.0), (436.3, 156.3), (436.3, 160.0), (436.3, 160.0), (436.3, 156.3), (436.3, 152.5), (436.3, 148.8), (436.3, 145.1), (436.3, 141.3), (436.3, 137.6), (436.3, 133.9), (436.3, 126.4), (436.3, 126.4), (436.3, 122.7), (436.3, 126.4), (436.3, 126.4), (436.3, 122.7), (430.7, 126.4), (430.7, 126.4), (430.7, 122.7), (434.4, 118.9), (436.3, 104.0), (436.3, 89.1), (436.3, 74.1), (436.3, 59.2), (436.3, 44.3), (436.3, 44.3), (436.3, 44.3), (436.3, 44.3), (436.3, 44.3), (436.3, 44.3), (436.3, 44.3), (436.3, 44.3), (436.3, 44.3), (436.3, 44.3), (436.3, 44.3), (436.3, 46.1), (436.3, 49.9), (436.3, 53.6), (436.3, 57.3), (436.3, 61.1), (436.3, 57.3), (436.3, 68.5), (428.8, 83.5), (428.8, 83.5), (428.8, 83.5), (428.8, 83.5)]",0,1,12.0
novice,bomberman,10,Bomb,13,0,48.53,0.423,"[(48.0, 48.0), (62.9, 44.3), (77.9, 44.3), (92.8, 44.3), (107.7, 44.3), (122.7, 44.3), (137.6, 44.3), (152.5, 44.3), (167.5, 44.3), (182.4, 44.3), (197.3, 44.3), (212.3, 44.3), (227.2, 44.3), (242.1, 44.3), (257.1, 44.3), (272.0, 44.3), (286.9, 44.3), (301.9, 44.3), (316.8, 44.3), (331.7, 44.3), (346.7, 44.3), (361.6, 44.3), (376.5, 44.3), (391.5, 44.3), (406.4, 44.3), (421.3, 44.3), (436.3, 44.3), (436.3, 44.3), (436.3, 44.3), (436.3, 44.3), (436.3, 44.3), (436.3, 44.3), (436.3, 44.3), (436.3, 44.3), (436.3, 44.3), (436.3, 44.3), (436.3, 44.3), (436.3, 44.3), (436.3, 44.3), (436.3, 44.3), (436.3, 44.3), (436.3, 44.3), (436.3, 44.3), (436.3, 44.3), (436.3, 48.0), (436.3, 55.5), (436.3, 62.9), (436.3, 62.9), (436.3, 66.7), (436.3, 62.9), (436.3, 62.9), (436.3, 66.7), (436.3, 62.9), (436.3, 62.9), (436.3, 66.7), (436.3, 70.4), (436.3, 85.3), (436.3, 89.1), (436.3, 81.6), (436.3, 77.9), (436.3, 77.9)]",0,0,8.0
novice,bomberman,10,Timeout,4,0,6.47,0.5,"[(48.0, 48.0), (62.9, 44.3), (77.9, 44.3), (92.8, 44.3), (107.7, 44.3), (122.7, 44.3), (137.6, 44.3), (152.5, 44.3), (167.5, 44.3), (182.4, 44.3), (197.3, 44.3), (212.3, 44.3), (227.2, 44.3), (242.1, 44.3), (257.1, 44.3), (272.0, 44.3), (286.9, 44.3), (301.9, 44.3), (316.8, 44.3), (331.7, 44.3), (346.7, 44.3), (361.6, 44.3), (376.5, 44.3), (391.5, 44.3), (406.4, 44.3), (421.3, 44.3), (436.3, 44.3), (436.3, 44.3), (436.3, 44.3), (436.3, 44.3), (436.3, 44.3), (436.3, 44.3), (436.3, 44.3), (436.3, 44.3), (436.3, 44.3), (436.3, 44.3), (436.3, 44.3), (436.3, 44.3), (436.3, 44.3), (436.3, 49.9), (436.3, 64.8), (436.3, 64.8), (436.3, 61.1), (436.3, 76.0), (436.3, 90.9), (436.3, 94.7), (436.3, 98.4), (436.3, 102.1), (436.3, 117.1), (436.3, 120.8), (436.3, 120.8), (436.3, 117.1), (436.3, 120.8), (436.3, 120.8), (436.3, 117.1), (436.3, 120.8), (436.3, 120.8), (436.3, 117.1), (436.3, 120.8), (436.3, 124.5), (436.3, 128.3), (436.3, 124.5), (436.3, 124.5), (436.3, 128.3), (436.3, 124.5), (436.3, 109.6), (436.3, 94.7), (436.3, 79.7), (436.3, 64.8), (436.3, 49.9), (436.3, 44.3), (436.3, 44.3), (436.3, 44.3), (436.3, 44.3), (436.3, 44.3), (436.3, 44.3), (436.3, 44.3), (436.3, 44.3), (436.3, 44.3), (436.3, 44.3), (436.3, 44.3), (436.3, 44.3), (436.3, 44.3), (436.3, 44.3), (436.3, 44.3), (436.3, 44.3), (436.3, 44.3), (436.3, 44.3), (436.3, 44.3), (436.3, 44.3), (436.3, 44.3), (436.3, 44.3), (436.3, 44.3), (436.3, 44.3), (436.3, 44.3), (436.3, 44.3), (436.3, 44.3), (436.3, 44.3), (436.3, 44.3), (436.3, 49.9), (436.3, 64.8), (436.3, 64.8), (436.3, 61.1), (436.3, 76.0), (436.3, 90.9), (436.3, 105.9), (436.3, 102.1), (436.3, 102.1), (436.3, 105.9), (436.3, 109.6), (436.3, 109.6), (436.3, 105.9), (436.3, 113.3), (436.3, 113.3), (436.3, 117.1), (436.3, 113.3), (436.3, 113.3), (436.3, 117.1), (436.3, 113.3), (436.3, 113.3), (436.3, 117.1), (430.7, 120.8), (430.7, 124.5), (436.3, 128.3), (436.3, 124.5), (436.3, 109.6), (436.3, 94.7), (436.3, 79.7), (436.3, 64.8), (436.3, 49.9), (436.3, 44.3), (436.3, 44.3), (436.3, 44.3), (436.3, 44.3), (436.3, 44.3), (436.3, 44.3), (436.3, 44.3), (436.3, 44.3), (436.3, 44.3), (436.3, 44.3), (436.3, 44.3), (436.3, 44.3), (436.3, 44.3), (436.3, 44.3), (436.3, 44.3), (436.3, 44.3), (436.3, 44.3), (436.3, 44.3), (436.3, 44.3), (436.3, 44.3), (436.3, 44.3), (436.3, 44.3), (436.3, 44.3), (436.3, 44.3), (436.3, 44.3), (436.3, 44.3), (436.3, 44.3), (436.3, 44.3), (436.3, 44.3), (436.3, 49.9), (436.3, 64.8), (436.3, 64.8), (436.3, 61.1), (436.3, 76.0), (436.3, 90.9), (436.3, 94.7), (436.3, 98.4), (436.3, 98.4), (436.3, 94.7), (436.3, 98.4), (436.3, 102.1), (436.3, 105.9), (436.3, 102.1), (436.3, 102.1), (436.3, 105.9), (436.3, 102.1), (436.3, 109.6), (436.3, 117.1), (436.3, 113.3), (436.3, 113.3), (436.3, 117.1), (436.3, 120.8), (436.3, 124.5), (436.3, 128.3), (436.3, 124.5), (436.3, 109.6), (436.3, 94.7), (436.3, 79.7), (436.3, 64.8), (436.3, 49.9), (436.3, 44.3), (436.3, 44.3), (436.3, 44.3), (436.3, 44.3), (436.3, 44.3), (436.3, 44.3), (436.3, 44.3), (436.3, 44.3), (436.3, 44.3), (436.3, 44.3), (436.3, 44.3), (436.3, 44.3), (436.3, 44.3), (436.3, 44.3), (436.3, 44.3), (436.3, 44.3), (436.3, 44.3), (436.3, 44.3), (436.3, 44.3), (436.3, 44.3), (436.3, 44.3), (436.3, 44.3), (436.3, 44.3), (436.3, 44.3), (436.3, 44.3), (436.3, 44.3), (436.3, 44.3), (436.3, 44.3), (436.3, 44.3), (436.3, 49.9), (436.3, 64.8), (436.3, 64.8), (436.3, 61.1), (436.3, 76.0), (436.3, 90.9), (436.3, 94.7), (436.3, 98.4), (436.3, 98.4), (436.3, 94.7), (436.3, 98.4), (436.3, 98.4), (436.3, 94.7), (436.3, 98.4), (436.3, 98.4), (436.3, 94.7), (436.3, 98.4), (436.3, 98.4), (436.3, 105.9), (436.3, 102.1), (436.3, 102.1), (436.3, 105.9), (436.3, 109.6), (436.3, 124.5), (436.3, 128.3), (436.3, 124.5), (436.3, 109.6), (436.3, 94.7), (436.3, 79.7), (436.3, 64.8), (436.3, 49.9), (436.3, 44.3), (436.3, 44.3), (436.3, 44.3), (436.3, 44.3), (436.3, 44.3), (436.3, 44.3), (436.3, 44.3), (436.3, 44.3), (436.3, 44.3), (436.3, 44.3), (436.3, 44.3), (436.3, 44.3), (436.3, 44.3), (436.3, 44.3), (436.3, 44.3), (436.3, 44.3), (436.3, 44.3), (436.3, 44.3), (436.3, 44.3), (436.3, 44.3), (436.3, 44.3), (436.3, 44.3), (436.3, 44.3), (436.3, 44.3), (436.3, 44.3), (436.3, 44.3), (436.3, 44.3), (436.3, 44.3), (436.3, 44.3), (436.3, 49.9), (436.3, 64.8), (436.3, 64.8), (436.3, 61.1), (436.3, 76.0), (436.3, 90.9), (436.3, 94.7), (436.3, 98.4), (436.3, 98.4), (436.3, 94.7), (436.3, 102.1), (436.3, 113.3), (436.3, 117.1), (436.3, 120.8), (436.3, 124.5), (436.3, 128.3), (436.3, 124.5), (436.3, 124.5), (436.3, 128.3), (436.3, 124.5), (436.3, 124.5), (436.3, 128.3), (436.3, 124.5), (436.3, 124.5), (436.3, 128.3), (436.3, 124.5), (436.3, 109.6), (436.3, 94.7), (436.3, 79.7), (436.3, 64.8), (436.3, 49.9), (436.3, 44.3), (436.3, 44.3), (436.3, 44.3), (436.3, 44.3), (436.3, 44.3), (436.3, 44.3), (436.3, 44.3), (436.3, 44.3), (436.3, 44.3), (436.3, 44.3), (436.3, 44.3), (436.3, 44.3), (436.3, 44.3), (436.3, 44.3), (436.3, 44.3), (436.3, 44.3), (436.3, 44.3), (436.3, 44.3), (436.3, 44.3), (436.3, 44.3), (436.3, 44.3), (436.3, 44.3), (436.3, 44.3), (436.3, 44.3), (436.3, 44.3), (436.3, 44.3), (436.3, 44.3), (436.3, 44.3), (436.3, 44.3), (436.3, 44.3), (436.3, 44.3), (436.3, 49.9), (436.3, 55.5), (436.3, 64.8), (436.3, 79.7), (436.3, 94.7), (436.3, 98.4), (436.3, 98.4), (436.3, 105.9), (436.3, 113.3), (436.3, 120.8), (436.3, 128.3), (436.3, 124.5), (436.3, 124.5), (436.3, 128.3), (436.3, 124.5), (436.3, 124.5), (436.3, 128.3), (436.3, 124.5), (436.3, 124.5), (436.3, 128.3), (436.3, 124.5), (436.3, 124.5), (436.3, 128.3), (436.3, 124.5), (436.3, 109.6), (436.3, 94.7), (436.3, 79.7), (436.3, 64.8), (436.3, 49.9), (436.3, 44.3), (436.3, 44.3), (436.3, 44.3), (436.3, 44.3), (436.3, 44.3), (436.3, 44.3), (436.3, 44.3), (436.3, 44.3), (436.3, 44.3), (436.3, 44.3), (436.3, 44.3), (436.3, 44.3), (436.3, 44.3), (436.3, 44.3), (436.3, 44.3), (436.3, 44.3), (436.3, 44.3), (436.3, 44.3), (436.3, 44.3), (436.3, 44.3), (436.3, 44.3), (436.3, 44.3), (436.3, 44.3), (436.3, 44.3), (436.3, 44.3), (436.3, 44.3), (436.3, 44.3), (436.3, 44.3), (436.3, 44.3), (436.3, 49.9), (436.3, 55.5), (436.3, 55.5), (436.3, 55.5), (436.3, 55.5), (436.3, 55.5), (436.3, 66.7), (436.3, 81.6), (436.3, 96.5), (436.3, 100.3), (436.3, 96.5), (436.3, 96.5), (436.3, 100.3), (436.3, 104.0), (436.3, 107.7), (436.3, 111.5), (436.3, 115.2), (436.3, 115.2), (436.3, 111.5), (436.3, 118.9), (436.3, 118.9), (436.3, 122.7), (436.3, 126.4), (436.3, 126.4), (436.3, 122.7), (436.3, 118.9), (436.3, 104.0), (436.3, 89.1), (436.3, 74.1), (436.3, 59.2), (436.3, 44.3), (436.3, 44.3), (436.3, 44.3), (436.3, 44.3), (436.3, 44.3), (436.3, 44.3), (436.3, 44.3), (436.3, 44.3), (436.3, 44.3), (436.3, 44.3), (436.3, 44.3), (436.3, 44.3), (436.3, 44.3), (436.3, 44.3), (436.3, 44.3), (436.3, 44.3), (436.3, 44.3), (436.3, 44.3), (436.3, 44.3), (436.3, 44.3), (436.3, 44.3), (436.3, 44.3)]",0,1,60.0
novice,bomberman,10,Bomb,4,0,47.83,0.423,"[(48.0, 48.0), (62.9, 44.3), (77.9, 44.3), (92.8, 44.3), (107.7, 44.3), (122.7, 44.3), (137.6, 44.3), (152.5, 44.3), (167.5, 44.3), (182.4, 44.3), (197.3, 44.3), (212.3, 44.3), (227.2, 44.3), (242.1, 44.3), (257.1, 44.3), (272.0, 44.3), (286.9, 44.3), (301.9, 44.3), (316.8, 44.3), (331.7, 44.3), (346.7, 44.3), (361.6, 44.3), (376.5, 44.3), (391.5, 44.3), (406.4, 44.3), (421.3, 44.3), (436.3, 44.3), (436.3, 44.3), (436.3, 44.3), (436.3, 44.3), (436.3, 44.3), (436.3, 44.3), (436.3, 44.3), (436.3, 44.3), (436.3, 44.3), (436.3, 44.3), (436.3, 44.3), (436.3, 44.3), (436.3, 44.3), (436.3, 44.3), (436.3, 44.3), (436.3, 44.3), (436.3, 44.3), (436.3, 44.3), (436.3, 44.3), (436.3, 44.3), (436.3, 44.3), (436.3, 44.3), (436.3, 44.3), (436.3, 44.3), (436.3, 46.1), (436.3, 61.1), (436.3, 64.8), (436.3, 64.8), (436.3, 61.1), (436.3, 64.8), (436.3, 64.8), (430.7, 61.1), (434.4, 64.8), (434.4, 64.8), (430.7, 61.1)]",0,0,8.0
novice,bomberman,10,Bomb,1,0,31.48,0.692,"[(48.0, 48.0), (62.9, 44.3), (77.9, 44.3), (92.8, 44.3), (107.7, 44.3), (122.7, 44.3), (137.6, 44.3), (152.5, 44.3), (167.5, 44.3), (182.4, 44.3), (197.3, 44.3), (212.3, 44.3), (227.2, 44.3), (242.1, 44.3), (257.1, 44.3), (272.0, 44.3), (286.9, 44.3), (301.9, 44.3), (316.8, 44.3), (331.7, 44.3), (346.7, 44.3), (361.6, 44.3), (376.5, 44.3), (391.5, 44.3), (406.4, 44.3), (421.3, 48.0), (436.3, 61.1), (436.3, 76.0), (436.3, 90.9), (436.3, 105.9), (436.3, 120.8), (436.3, 135.7), (436.3, 150.7), (436.3, 165.6), (436.3, 161.9), (436.3, 161.9), (436.3, 165.6), (436.3, 161.9), (436.3, 161.9), (436.3, 165.6), (436.3, 169.3), (436.3, 173.1), (436.3, 176.8), (436.3, 180.5), (436.3, 180.5), (436.3, 180.5), (436.3, 180.5), (436.3, 180.5), (436.3, 180.5), (436.3, 180.5), (436.3, 180.5), (436.3, 180.5), (436.3, 180.5), (436.3, 180.5), (436.3, 180.5), (436.3, 180.5), (436.3, 180.5), (436.3, 180.5), (436.3, 180.5), (436.3, 180.5), (436.3, 180.5), (428.8, 180.5), (428.8, 180.5), (428.8, 180.5), (432.5, 176.8), (436.3, 161.9), (436.3, 146.9), (436.3, 132.0), (436.3, 117.1), (436.3, 102.1), (436.3, 87.2), (436.3, 83.5), (436.3, 79.7), (436.3, 83.5), (436.3, 87.2), (436.3, 90.9), (436.3, 94.7), (436.3, 94.7), (436.3, 96.5), (436.3, 96.5), (436.3, 96.5), (436.3, 96.5), (436.3, 96.5), (436.3, 96.5), (436.3, 96.5), (436.3, 96.5), (436.3, 96.5), (436.3, 96.5), (436.3, 96.5), (436.3, 96.5), (436.3, 96.5), (436.3, 105.9), (436.3, 120.8)]",0,3,12.33
novice,bomberman,10,Bomb,4,0,38.46,0.731,"[(48.0, 48.0), (62.9, 44.3), (77.9, 44.3), (92.8, 44.3), (107.7, 44.3), (122.7, 44.3), (137.6, 44.3), (152.5, 44.3), (167.5, 44.3), (182.4, 44.3), (197.3, 44.3), (212.3, 44.3), (227.2, 44.3), (242.1, 44.3), (257.1, 44.3), (272.0, 44.3), (286.9, 44.3), (301.9, 44.3), (316.8, 44.3), (331.7, 44.3), (346.7, 44.3), (361.6, 44.3), (376.5, 44.3), (391.5, 44.3), (406.4, 44.3), (421.3, 48.0), (436.3, 61.1), (436.3, 76.0), (436.3, 90.9), (436.3, 105.9), (436.3, 120.8), (436.3, 135.7), (436.3, 150.7), (436.3, 165.6), (436.3, 161.9), (436.3, 158.1), (436.3, 154.4), (436.3, 158.1), (436.3, 161.9), (436.3, 165.6), (436.3, 161.9), (436.3, 161.9), (436.3, 165.6), (436.3, 161.9), (436.3, 161.9), (436.3, 165.6), (436.3, 161.9), (436.3, 161.9), (436.3, 165.6), (436.3, 161.9), (436.3, 161.9), (436.3, 165.6), (436.3, 161.9), (436.3, 161.9), (436.3, 165.6), (436.3, 169.3), (436.3, 169.3), (436.3, 165.6), (436.3, 173.1), (436.3, 173.1), (436.3, 176.8), (436.3, 180.5), (436.3, 180.5), (436.3, 180.5), (436.3, 180.5), (436.3, 180.5), (436.3, 180.5), (436.3, 180.5), (436.3, 180.5), (436.3, 180.5), (436.3, 180.5), (428.8, 180.5), (428.8, 180.5), (428.8, 180.5), (428.8, 180.5)]",0,2,9.9
novice,bomberman,10,Bomb,5,0,40.51,0.731,"[(48.0, 48.0), (62.9, 44.3), (77.9, 44.3), (92.8, 44.3), (107.7, 44.3), (122.7, 44.3), (137.6, 44.3), (152.5, 44.3), (167.5, 44.3), (182.4, 44.3), (197.3, 44.3), (212.3, 44.3), (227.2, 44.3), (242.1, 44.3), (257.1, 46.1), (272.0, 44.3), (286.9, 44.3), (301.9, 44.3), (316.8, 44.3), (331.7, 44.3), (346.7, 44.3), (361.6, 44.3), (376.5, 44.3), (391.5, 44.3), (406.4, 44.3), (421.3, 48.0), (436.3, 61.1), (436.3, 76.0), (436.3, 90.9), (436.3, 105.9), (436.3, 120.8), (436.3, 135.7), (436.3, 150.7), (436.3, 165.6), (436.3, 161.9), (436.3, 161.9), (436.3, 165.6), (436.3, 161.9), (436.3, 161.9), (436.3, 165.6), (436.3, 161.9), (436.3, 169.3), (436.3, 165.6), (436.3, 161.9), (436.3, 161.9), (436.3, 165.6), (436.3, 169.3), (436.3, 169.3), (436.3, 165.6), (436.3, 169.3), (436.3, 173.1), (436.3, 176.8), (436.3, 173.1), (436.3, 173.1), (436.3, 176.8), (436.3, 173.1), (436.3, 173.1), (436.3, 174.9), (436.3, 180.5), (434.4, 180.5), (428.8, 180.5), (428.8, 180.5), (428.8, 180.5), (428.8, 180.5), (428.8, 180.5), (428.8, 180.5), (428.8, 180.5), (428.8, 180.5), (428.8, 180.5), (428.8, 180.5), (428.8, 180.5)]",0,2,9.4
novice,bomberman,10,Bomb,3,0,41.3,0.731,"[(48.0, 48.0), (62.9, 44.3), (77.9, 44.3), (92.8, 44.3), (107.7, 44.3), (122.7, 44.3), (137.6, 44.3), (152.5, 44.3), (167.5, 44.3), (182.4, 44.3), (197.3, 44.3), (212.3, 44.3), (227.2, 44.3), (242.1, 44.3), (257.1, 44.3), (272.0, 44.3), (286.9, 44.3), (301.9, 44.3), (316.8, 44.3), (331.7, 44.3), (346.7, 44.3), (361.6, 44.3), (376.5, 44.3), (391.5, 44.3), (406.4, 44.3), (421.3, 48.0), (436.3, 61.1), (436.3, 76.0), (436.3, 90.9), (436.3, 105.9), (436.3, 120.8), (436.3, 135.7), (436.3, 150.7), (436.3, 154.4), (436.3, 150.7), (436.3, 150.7), (436.3, 143.2), (436.3, 150.7), (436.3, 150.7), (436.3, 154.4), (436.3, 161.9), (436.3, 161.9), (436.3, 165.6), (436.3, 161.9), (436.3, 161.9), (436.3, 165.6), (436.3, 161.9), (436.3, 161.9), (436.3, 165.6), (436.3, 161.9), (436.3, 169.3), (436.3, 165.6), (436.3, 169.3), (436.3, 171.2), (436.3, 171.2), (436.3, 171.2), (436.3, 171.2), (436.3, 171.2), (436.3, 171.2), (436.3, 171.2), (436.3, 171.2), (436.3, 171.2), (436.3, 171.2), (436.3, 171.2), (436.3, 171.2), (436.3, 171.2), (436.3, 171.2), (436.3, 171.2), (436.3, 171.2), (436.3, 171.2), (436.3, 171.2)]",0,2,9.4
novice,bomberman,10,Bomb,1,0,19.04,0.538,"[(48.0, 48.0), (62.9, 44.3), (77.9, 44.3), (92.8, 44.3), (107.7, 44.3), (122.7, 44.3), (137.6, 44.3), (152.5, 44.3), (167.5, 44.3), (182.4, 44.3), (197.3, 44.3), (212.3, 44.3), (227.2, 44.3), (242.1, 44.3), (257.1, 44.3), (272.0, 44.3), (286.9, 44.3), (301.9, 44.3), (316.8, 44.3), (331.7, 44.3), (346.7, 44.3), (361.6, 44.3), (376.5, 44.3), (391.5, 44.3), (406.4, 44.3), (421.3, 44.3), (436.3, 44.3), (436.3, 44.3), (436.3, 44.3), (436.3, 44.3), (436.3, 44.3), (436.3, 44.3), (436.3, 44.3), (436.3, 44.3), (436.3, 44.3), (436.3, 44.3), (436.3, 44.3), (436.3, 44.3), (436.3, 44.3), (436.3, 44.3), (436.3, 44.3), (436.3, 44.3), (436.3, 44.3), (436.3, 44.3), (436.3, 44.3), (436.3, 44.3), (436.3, 53.6), (436.3, 68.5), (436.3, 83.5), (436.3, 98.4), (436.3, 113.3), (436.3, 128.3), (436.3, 135.7), (436.3, 132.0), (436.3, 128.3), (436.3, 124.5), (436.3, 124.5), (436.3, 128.3), (436.3, 124.5), (436.3, 124.5), (436.3, 128.3), (436.3, 124.5), (436.3, 124.5), (436.3, 128.3), (436.3, 118.9), (436.3, 104.0), (436.3, 89.1), (436.3, 89.1), (436.3, 89.1), (436.3, 89.1), (436.3, 89.1), (436.3, 89.1), (436.3, 89.1), (436.3, 89.1), (436.3, 89.1), (436.3, 89.1), (436.3, 89.1), (436.3, 89.1), (436.3, 89.1), (436.3, 89.1), (436.3, 89.1), (436.3, 89.1), (436.3, 89.1), (436.3, 89.1), (436.3, 89.1), (436.3, 89.1), (436.3, 89.1), (436.3, 89.1), (436.3, 89.1), (436.3, 89.1), (436.3, 89.1), (436.3, 89.1), (436.3, 89.1), (436.3, 89.1), (436.3, 92.8), (436.3, 107.7), (436.3, 122.7), (436.3, 137.6), (436.3, 152.5), (436.3, 156.3), (436.3, 160.0), (436.3, 160.0), (436.3, 156.3), (436.3, 160.0), (436.3, 160.0), (436.3, 156.3), (436.3, 160.0), (436.3, 160.0), (436.3, 156.3), (436.3, 160.0), (436.3, 160.0), (436.3, 156.3), (436.3, 160.0), (436.3, 160.0), (436.3, 156.3), (436.3, 160.0), (436.3, 160.0), (436.3, 156.3), (436.3, 160.0), (436.3, 160.0), (436.3, 156.3), (436.3, 152.5), (436.3, 141.3), (436.3, 156.3), (436.3, 146.9), (436.3, 133.9), (436.3, 133.9), (436.3, 133.9), (436.3, 133.9), (436.3, 133.9), (436.3, 133.9), (436.3, 133.9), (436.3, 133.9), (436.3, 133.9), (436.3, 133.9), (436.3, 133.9), (436.3, 133.9), (436.3, 133.9), (436.3, 133.9), (436.3, 133.9), (436.3, 133.9), (436.3, 133.9), (436.3, 133.9), (436.3, 139.5), (436.3, 145.1), (436.3, 148.8), (436.3, 156.3), (430.7, 156.3), (428.8, 163.7), (428.8, 174.9), (428.8, 180.5)]",0,0,20.0
novice,bomberman,10,Bomb,4,0,38.86,0.538,"[(48.0, 48.0), (62.9, 44.3), (77.9, 44.3), (92.8, 44.3), (107.7, 44.3), (122.7, 44.3), (137.6, 44.3), (152.5, 44.3), (167.5, 44.3), (182.4, 44.3), (197.3, 44.3), (212.3, 44.3), (227.2, 44.3), (242.1, 44.3), (257.1, 44.3), (272.0, 44.3), (286.9, 44.3), (301.9, 44.3), (316.8, 44.3), (331.7, 44.3), (346.7, 44.3), (361.6, 44.3), (376.5, 44.3), (391.5, 44.3), (406.4, 44.3), (421.3, 48.0), (436.3, 61.1), (436.3, 76.0), (436.3, 90.9), (436.3, 105.9), (436.3, 120.8), (436.3, 135.7), (436.3, 146.9), (436.3, 143.2), (436.3, 135.7), (436.3, 135.7), (436.3, 132.0), (436.3, 135.7), (436.3, 135.7), (436.3, 143.2), (436.3, 146.9), (436.3, 146.9), (436.3, 154.4), (436.3, 150.7), (436.3, 158.1), (436.3, 154.4), (436.3, 150.7), (436.3, 150.7), (436.3, 154.4), (436.3, 150.7), (436.3, 150.7), (436.3, 154.4), (436.3, 150.7), (436.3, 150.7), (436.3, 154.4), (436.3, 150.7), (428.8, 150.7), (428.8, 154.4), (428.8, 150.7), (428.8, 150.7), (428.8, 154.4), (428.8, 150.7), (428.8, 150.7), (428.8, 154.4), (428.8, 150.7), (428.8, 150.7), (428.8, 154.4), (428.8, 150.7), (428.8, 150.7), (428.8, 154.4), (428.8, 158.1), (428.8, 161.9), (428.8, 165.6), (428.8, 161.9)]",0,0,9.8
novice,bomberman,10,Stuck,0,0,-0.75,0.0,"[(48.0, 48.0), (44.3, 44.3), (44.3, 44.3), (44.3, 44.3), (44.3, 44.3), (44.3, 44.3), (44.3, 44.3), (44.3, 44.3), (44.3, 44.3), (44.3, 44.3), (44.3, 44.3), (44.3, 44.3), (44.3, 44.3), (44.3, 44.3), (44.3, 44.3), (44.3, 44.3), (44.3, 44.3), (44.3, 44.3), (44.3, 44.3), (44.3, 44.3), (44.3, 44.3), (44.3, 44.3), (44.3, 44.3), (44.3, 44.3), (44.3, 44.3), (44.3, 44.3), (44.3, 44.3), (44.3, 44.3), (44.3, 44.3), (44.3, 44.3), (44.3, 44.3), (44.3, 44.3), (44.3, 44.3), (44.3, 44.3), (44.3, 44.3), (44.3, 44.3), (44.3, 44.3), (44.3, 44.3)]",0,0,5.0
novice,bomberman,10,Bomb,1,0,8.7,0.538,"[(48.0, 48.0), (62.9, 44.3), (77.9, 44.3), (92.8, 44.3), (107.7, 44.3), (122.7, 44.3), (137.6, 44.3), (152.5, 44.3), (167.5, 44.3), (182.4, 44.3), (197.3, 44.3), (212.3, 44.3), (227.2, 44.3), (242.1, 44.3), (257.1, 44.3), (272.0, 44.3), (286.9, 44.3), (301.9, 44.3), (316.8, 44.3), (331.7, 44.3), (346.7, 44.3), (361.6, 44.3), (376.5, 44.3), (391.5, 44.3), (406.4, 44.3), (421.3, 44.3), (436.3, 44.3), (436.3, 44.3), (436.3, 44.3), (436.3, 44.3), (436.3, 44.3), (436.3, 44.3), (436.3, 44.3), (436.3, 44.3), (436.3, 44.3), (436.3, 44.3), (436.3, 44.3), (436.3, 48.0), (436.3, 62.9), (436.3, 77.9), (436.3, 92.8), (436.3, 107.7), (436.3, 122.7), (436.3, 137.6), (436.3, 137.6), (436.3, 122.7), (436.3, 126.4), (436.3, 126.4), (436.3, 122.7), (436.3, 126.4), (436.3, 126.4), (436.3, 122.7), (436.3, 126.4), (436.3, 126.4), (436.3, 122.7), (436.3, 126.4), (436.3, 126.4), (436.3, 122.7), (436.3, 126.4), (436.3, 126.4), (436.3, 122.7), (436.3, 126.4), (436.3, 126.4), (436.3, 122.7), (436.3, 118.9), (436.3, 104.0), (436.3, 89.1), (436.3, 74.1), (436.3, 59.2), (436.3, 44.3), (436.3, 44.3), (436.3, 44.3), (436.3, 44.3), (436.3, 44.3), (436.3, 44.3), (436.3, 44.3), (436.3, 44.3), (436.3, 44.3), (436.3, 44.3), (436.3, 44.3), (436.3, 44.3), (436.3, 44.3), (436.3, 44.3), (436.3, 44.3), (436.3, 44.3), (436.3, 44.3), (436.3, 44.3), (436.3, 44.3), (436.3, 44.3), (436.3, 44.3), (436.3, 44.3), (436.3, 44.3), (436.3, 44.3), (436.3, 44.3), (436.3, 44.3), (436.3, 44.3), (436.3, 44.3), (436.3, 48.0), (436.3, 62.9), (436.3, 77.9), (436.3, 92.8), (436.3, 104.0), (436.3, 111.5), (436.3, 126.4), (436.3, 126.4), (436.3, 122.7), (436.3, 126.4), (436.3, 126.4), (436.3, 122.7), (436.3, 126.4), (436.3, 126.4), (436.3, 122.7), (436.3, 126.4), (436.3, 126.4), (436.3, 122.7), (436.3, 126.4), (436.3, 126.4), (436.3, 122.7), (436.3, 126.4), (436.3, 126.4), (436.3, 122.7), (436.3, 118.9), (436.3, 126.4), (436.3, 122.7), (436.3, 118.9), (436.3, 104.0), (436.3, 89.1), (436.3, 74.1), (436.3, 59.2), (436.3, 44.3), (436.3, 44.3), (436.3, 44.3), (436.3, 44.3), (436.3, 44.3), (436.3, 44.3), (436.3, 44.3), (436.3, 44.3), (436.3, 44.3), (436.3, 44.3), (436.3, 44.3), (436.3, 44.3), (436.3, 44.3), (436.3, 44.3), (436.3, 44.3), (436.3, 44.3), (436.3, 44.3), (436.3, 44.3), (436.3, 44.3), (436.3, 44.3), (436.3, 44.3), (436.3, 44.3), (436.3, 44.3), (436.3, 44.3), (436.3, 44.3), (436.3, 44.3), (436.3, 44.3), (436.3, 44.3), (436.3, 48.0), (436.3, 62.9), (436.3, 77.9), (436.3, 92.8), (436.3, 107.7), (436.3, 111.5), (436.3, 115.2), (436.3, 115.2), (436.3, 111.5), (436.3, 115.2), (436.3, 115.2), (436.3, 111.5), (436.3, 115.2), (436.3, 115.2), (436.3, 111.5), (436.3, 115.2), (436.3, 115.2), (436.3, 111.5), (436.3, 115.2), (436.3, 118.9), (436.3, 122.7), (436.3, 118.9), (436.3, 118.9), (436.3, 122.7), (436.3, 115.2), (436.3, 118.9), (436.3, 122.7), (436.3, 118.9), (436.3, 104.0), (436.3, 89.1), (436.3, 74.1), (436.3, 59.2), (436.3, 44.3), (436.3, 44.3), (436.3, 44.3), (436.3, 44.3), (436.3, 44.3), (436.3, 44.3), (436.3, 44.3), (436.3, 44.3), (436.3, 44.3), (436.3, 44.3), (436.3, 44.3), (436.3, 44.3), (436.3, 44.3), (436.3, 44.3), (436.3, 44.3), (436.3, 44.3), (436.3, 44.3), (436.3, 44.3), (436.3, 44.3), (436.3, 44.3), (436.3, 44.3), (436.3, 44.3), (436.3, 44.3), (436.3, 44.3), (436.3, 44.3), (436.3, 44.3), (436.3, 44.3), (436.3, 44.3), (436.3, 48.0), (436.3, 62.9), (436.3, 77.9), (436.3, 92.8), (436.3, 107.7), (436.3, 111.5), (436.3, 107.7), (436.3, 107.7), (436.3, 111.5), (436.3, 107.7), (436.3, 107.7), (436.3, 111.5), (436.3, 107.7), (436.3, 107.7), (436.3, 111.5), (436.3, 107.7), (436.3, 107.7), (436.3, 111.5), (436.3, 107.7), (436.3, 107.7), (436.3, 111.5), (436.3, 107.7), (436.3, 107.7), (436.3, 111.5), (436.3, 104.0), (436.3, 115.2), (436.3, 111.5), (436.3, 118.9), (436.3, 104.0), (436.3, 89.1), (436.3, 74.1), (436.3, 59.2), (436.3, 44.3), (436.3, 44.3), (436.3, 44.3), (436.3, 44.3), (436.3, 44.3), (436.3, 44.3), (436.3, 44.3), (436.3, 44.3), (436.3, 44.3), (436.3, 44.3), (436.3, 44.3), (436.3, 44.3), (436.3, 44.3), (436.3, 44.3), (436.3, 44.3), (436.3, 44.3), (436.3, 44.3), (436.3, 44.3), (436.3, 44.3), (436.3, 44.3), (436.3, 44.3), (436.3, 44.3), (436.3, 44.3), (436.3, 44.3), (436.3, 44.3), (436.3, 44.3), (436.3, 44.3), (436.3, 44.3), (436.3, 48.0), (436.3, 62.9), (436.3, 77.9), (436.3, 92.8), (436.3, 96.5), (436.3, 100.3), (436.3, 96.5), (436.3, 96.5), (436.3, 100.3), (436.3, 104.0), (436.3, 107.7), (436.3, 111.5), (436.3, 118.9), (436.3, 126.4), (436.3, 122.7), (436.3, 126.4), (436.3, 126.4), (436.3, 122.7), (436.3, 126.4), (436.3, 126.4), (436.3, 122.7), (436.3, 126.4), (436.3, 137.6), (436.3, 133.9), (436.3, 126.4), (436.3, 130.1), (436.3, 133.9), (436.3, 137.6), (436.3, 137.6), (436.3, 133.9), (436.3, 137.6), (436.3, 137.6), (436.3, 145.1), (436.3, 141.3), (436.3, 141.3), (436.3, 145.1), (436.3, 148.8), (436.3, 152.5), (436.3, 156.3), (436.3, 152.5), (436.3, 152.5), (430.7, 156.3), (434.4, 160.0), (434.4, 160.0), (430.7, 156.3), (434.4, 160.0), (434.4, 160.0), (430.7, 156.3), (434.4, 160.0), (434.4, 160.0), (430.7, 156.3), (434.4, 160.0), (434.4, 160.0), (430.7, 156.3)]",0,1,44.0
novice,bomberman,10,Bomb,1,0,8.65,0.5,"[(48.0, 48.0), (62.9, 44.3), (77.9, 44.3), (92.8, 44.3), (107.7, 44.3), (122.7, 44.3), (137.6, 44.3), (152.5, 44.3), (167.5, 44.3), (182.4, 44.3), (197.3, 44.3), (212.3, 44.3), (227.2, 44.3), (242.1, 44.3), (257.1, 44.3), (272.0, 44.3), (286.9, 44.3), (301.9, 44.3), (316.8, 44.3), (331.7, 44.3), (346.7, 44.3), (361.6, 44.3), (376.5, 44.3), (391.5, 44.3), (406.4, 44.3), (421.3, 44.3), (436.3, 44.3), (436.3, 44.3), (436.3, 44.3), (436.3, 44.3), (436.3, 44.3), (436.3, 48.0), (436.3, 62.9), (436.3, 66.7), (436.3, 62.9), (436.3, 62.9), (436.3, 66.7), (436.3, 62.9), (436.3, 62.9), (436.3, 77.9), (436.3, 92.8), (436.3, 96.5), (436.3, 100.3), (436.3, 96.5), (436.3, 96.5), (436.3, 100.3), (436.3, 96.5), (436.3, 107.7), (436.3, 122.7), (436.3, 118.9), (436.3, 118.9), (436.3, 122.7), (436.3, 118.9), (436.3, 118.9), (436.3, 122.7), (436.3, 126.4), (436.3, 126.4), (436.3, 122.7), (436.3, 126.4), (436.3, 126.4), (436.3, 122.7), (436.3, 126.4), (436.3, 126.4), (436.3, 122.7), (436.3, 118.9), (436.3, 104.0), (436.3, 89.1), (436.3, 74.1), (436.3, 59.2), (436.3, 44.3), (436.3, 44.3), (436.3, 44.3), (436.3, 44.3), (436.3, 44.3), (436.3, 44.3), (436.3, 44.3), (436.3, 44.3), (436.3, 44.3), (436.3, 44.3), (436.3, 44.3), (436.3, 44.3), (436.3, 44.3), (436.3, 44.3), (436.3, 44.3), (436.3, 44.3), (436.3, 44.3), (436.3, 44.3), (436.3, 44.3), (436.3, 44.3), (436.3, 44.3), (436.3, 44.3), (436.3, 44.3), (436.3, 44.3), (436.3, 44.3), (436.3, 48.0), (436.3, 62.9), (436.3, 66.7), (436.3, 62.9), (436.3, 62.9), (436.3, 77.9), (436.3, 92.8), (436.3, 104.0), (436.3, 111.5), (436.3, 118.9), (436.3, 118.9), (436.3, 122.7), (436.3, 118.9), (436.3, 118.9), (436.3, 122.7), (436.3, 126.4), (436.3, 126.4), (436.3, 122.7), (436.3, 126.4), (436.3, 126.4), (436.3, 122.7), (436.3, 126.4), (436.3, 126.4), (436.3, 122.7), (436.3, 126.4), (436.3, 126.4), (436.3, 122.7), (436.3, 126.4), (436.3, 126.4), (436.3, 122.7), (436.3, 118.9), (436.3, 104.0), (436.3, 89.1), (436.3, 74.1), (436.3, 59.2), (436.3, 44.3), (436.3, 44.3), (436.3, 44.3), (436.3, 44.3), (436.3, 44.3), (436.3, 44.3), (436.3, 44.3), (436.3, 44.3), (436.3, 44.3), (436.3, 44.3), (436.3, 44.3), (436.3, 44.3), (436.3, 44.3), (436.3, 44.3), (436.3, 44.3), (436.3, 44.3), (436.3, 44.3), (436.3, 44.3), (436.3, 44.3), (436.3, 44.3), (436.3, 44.3), (436.3, 44.3), (436.3, 44.3), (436.3, 44.3), (436.3, 44.3), (436.3, 48.0), (436.3, 62.9), (436.3, 66.7), (436.3, 62.9), (436.3, 62.9), (436.3, 77.9), (436.3, 92.8), (436.3, 107.7), (436.3, 111.5), (436.3, 115.2), (436.3, 115.2), (436.3, 111.5), (436.3, 115.2), (436.3, 115.2), (436.3, 111.5), (436.3, 115.2), (436.3, 115.2), (436.3, 122.7), (436.3, 118.9), (436.3, 118.9), (436.3, 122.7), (436.3, 118.9), (436.3, 118.9), (436.3, 122.7), (436.3, 118.9), (436.3, 126.4), (436.3, 122.7), (436.3, 126.4), (436.3, 126.4), (436.3, 122.7), (436.3, 118.9), (436.3, 104.0), (436.3, 89.1), (436.3, 74.1), (436.3, 59.2), (436.3, 44.3), (436.3, 44.3), (436.3, 44.3), (436.3, 44.3), (436.3, 44.3), (436.3, 44.3), (436.3, 44.3), (436.3, 44.3), (436.3, 44.3), (436.3, 44.3), (436.3, 44.3), (436.3, 44.3), (436.3, 44.3), (436.3, 44.3), (436.3, 44.3), (436.3, 44.3), (436.3, 44.3), (436.3, 44.3), (436.3, 44.3), (436.3, 44.3), (436.3, 44.3), (436.3, 44.3), (436.3, 44.3), (436.3, 44.3), (436.3, 44.3), (436.3, 48.0), (436.3, 62.9), (436.3, 66.7), (436.3, 62.9), (436.3, 62.9), (436.3, 77.9), (436.3, 92.8), (436.3, 96.5), (436.3, 100.3), (436.3, 104.0), (436.3, 104.0), (436.3, 100.3), (436.3, 104.0), (436.3, 104.0), (436.3, 100.3), (436.3, 104.0), (436.3, 104.0), (436.3, 111.5), (436.3, 107.7), (436.3, 115.2), (436.3, 111.5), (436.3, 115.2), (436.3, 115.2), (436.3, 111.5), (436.3, 115.2), (436.3, 115.2), (436.3, 122.7), (436.3, 126.4), (436.3, 126.4), (436.3, 122.7), (436.3, 118.9), (436.3, 104.0), (436.3, 89.1), (436.3, 74.1), (436.3, 59.2), (436.3, 44.3), (436.3, 44.3), (436.3, 44.3), (436.3, 44.3), (436.3, 44.3), (436.3, 44.3), (436.3, 44.3), (436.3, 44.3), (436.3, 44.3), (436.3, 44.3), (436.3, 44.3), (436.3, 44.3), (436.3, 44.3), (436.3, 44.3), (436.3, 44.3), (436.3, 44.3), (436.3, 44.3), (436.3, 44.3), (436.3, 44.3), (436.3, 44.3), (436.3, 44.3), (436.3, 44.3), (436.3, 44.3), (436.3, 44.3), (436.3, 44.3), (436.3, 48.0), (436.3, 62.9), (436.3, 66.7), (436.3, 62.9), (436.3, 62.9), (436.3, 77.9), (436.3, 92.8), (436.3, 96.5), (436.3, 100.3), (436.3, 96.5), (436.3, 96.5), (436.3, 100.3), (436.3, 96.5), (436.3, 104.0), (436.3, 111.5), (436.3, 118.9), (436.3, 126.4), (436.3, 122.7), (436.3, 126.4), (436.3, 126.4), (436.3, 122.7), (436.3, 126.4), (436.3, 126.4), (436.3, 122.7), (436.3, 126.4), (436.3, 126.4), (436.3, 122.7), (436.3, 126.4), (436.3, 126.4), (436.3, 122.7), (436.3, 118.9), (436.3, 126.4), (436.3, 122.7), (436.3, 126.4), (436.3, 126.4), (436.3, 122.7), (436.3, 126.4), (436.3, 126.4), (436.3, 122.7), (436.3, 126.4), (436.3, 126.4), (436.3, 122.7), (436.3, 126.4), (436.3, 126.4), (436.3, 122.7), (436.3, 126.4), (436.3, 126.4), (436.3, 122.7), (436.3, 126.4), (434.4, 126.4), (430.7, 122.7), (428.8, 128.3), (428.8, 132.0), (428.8, 135.7), (428.8, 141.3), (428.8, 143.2), (428.8, 146.9)]",0,1,44.0
novice,bomberman,10,Bomb,16,0,48.53,0.462,"[(48.0, 48.0), (62.9, 44.3), (77.9, 44.3), (92.8, 44.3), (107.7, 44.3), (122.7, 44.3), (137.6, 44.3), (152.5, 44.3), (167.5, 44.3), (182.4, 44.3), (197.3, 44.3), (212.3, 44.3), (227.2, 44.3), (242.1, 44.3), (257.1, 44.3), (272.0, 44.3), (286.9, 44.3), (301.9, 44.3), (316.8, 44.3), (331.7, 44.3), (346.7, 44.3), (361.6, 44.3), (376.5, 44.3), (391.5, 44.3), (406.4, 44.3), (421.3, 44.3), (436.3, 44.3), (436.3, 44.3), (436.3, 44.3), (436.3, 44.3), (436.3, 44.3), (436.3, 44.3), (436.3, 57.3), (436.3, 61.1), (436.3, 64.8), (436.3, 64.8), (436.3, 61.1), (436.3, 64.8), (436.3, 64.8), (436.3, 61.1), (436.3, 64.8), (436.3, 64.8), (436.3, 61.1), (436.3, 64.8), (436.3, 68.5), (436.3, 72.3), (436.3, 87.2), (436.3, 102.1), (436.3, 94.7), (436.3, 98.4), (436.3, 98.4), (436.3, 94.7), (436.3, 98.4), (436.3, 98.4), (436.3, 94.7), (436.3, 98.4), (436.3, 98.4), (436.3, 94.7), (436.3, 98.4), (436.3, 98.4), (436.3, 94.7)]",0,0,8.0
novice,bomberman,10,Bomb,1,0,31.48,0.692,"[(48.0, 48.0), (62.9, 44.3), (77.9, 44.3), (92.8, 44.3), (107.7, 44.3), (122.7, 44.3), (137.6, 44.3), (152.5, 44.3), (167.5, 44.3), (182.4, 44.3), (197.3, 44.3), (212.3, 44.3), (227.2, 44.3), (242.1, 44.3), (257.1, 44.3), (272.0, 44.3), (286.9, 44.3), (301.9, 44.3), (316.8, 44.3), (331.7, 44.3), (346.7, 44.3), (361.6, 44.3), (376.5, 44.3), (391.5, 44.3), (406.4, 44.3), (421.3, 48.0), (436.3, 61.1), (436.3, 76.0), (436.3, 90.9), (436.3, 105.9), (436.3, 120.8), (436.3, 135.7), (436.3, 150.7), (436.3, 165.6), (436.3, 161.9), (436.3, 161.9), (436.3, 165.6), (436.3, 161.9), (436.3, 161.9), (436.3, 165.6), (436.3, 169.3), (436.3, 173.1), (436.3, 176.8), (436.3, 180.5), (436.3, 180.5), (436.3, 180.5), (436.3, 180.5), (436.3, 180.5), (436.3, 180.5), (436.3, 180.5), (436.3, 180.5), (436.3, 180.5), (436.3, 180.5), (436.3, 180.5), (436.3, 180.5), (436.3, 180.5), (436.3, 180.5), (436.3, 180.5), (436.3, 180.5), (436.3, 180.5), (436.3, 180.5), (428.8, 180.5), (428.8, 180.5), (428.8, 180.5), (432.5, 176.8), (436.3, 161.9), (436.3, 146.9), (436.3, 132.0), (436.3, 117.1), (436.3, 102.1), (436.3, 87.2), (436.3, 83.5), (436.3, 79.7), (436.3, 83.5), (436.3, 87.2), (436.3, 90.9), (436.3, 94.7), (436.3, 94.7), (436.3, 96.5), (436.3, 96.5), (436.3, 96.5), (436.3, 96.5), (436.3, 96.5), (436.3, 96.5), (436.3, 96.5), (436.3, 96.5), (436.3, 96.5), (436.3, 96.5), (436.3, 96.5), (436.3, 96.5), (436.3, 96.5), (436.3, 105.9), (436.3, 120.8)]",0,3,12.33
novice,bomberman,10,Bomb,3,0,41.3,0.731,"[(48.0, 48.0), (62.9, 44.3), (77.9, 44.3), (92.8, 44.3), (107.7, 44.3), (122.7, 44.3), (137.6, 44.3), (152.5, 44.3), (167.5, 44.3), (182.4, 44.3), (197.3, 44.3), (212.3, 44.3), (227.2, 44.3), (242.1, 44.3), (257.1, 44.3), (272.0, 44.3), (286.9, 44.3), (301.9, 44.3), (316.8, 44.3), (331.7, 44.3), (346.7, 44.3), (361.6, 44.3), (376.5, 44.3), (391.5, 44.3), (406.4, 44.3), (421.3, 48.0), (436.3, 61.1), (436.3, 76.0), (436.3, 90.9), (436.3, 105.9), (436.3, 120.8), (436.3, 135.7), (436.3, 150.7), (436.3, 154.4), (436.3, 150.7), (436.3, 150.7), (436.3, 143.2), (436.3, 150.7), (436.3, 150.7), (436.3, 154.4), (436.3, 161.9), (436.3, 161.9), (436.3, 165.6), (436.3, 161.9), (436.3, 161.9), (436.3, 165.6), (436.3, 161.9), (436.3, 161.9), (436.3, 165.6), (436.3, 161.9), (436.3, 169.3), (436.3, 165.6), (436.3, 169.3), (436.3, 171.2), (436.3, 171.2), (436.3, 171.2), (436.3, 171.2), (436.3, 171.2), (436.3, 171.2), (436.3, 171.2), (436.3, 171.2), (436.3, 171.2), (436.3, 171.2), (436.3, 171.2), (436.3, 171.2), (436.3, 171.2), (436.3, 171.2), (436.3, 171.2), (436.3, 171.2), (436.3, 171.2), (436.3, 171.2)]",0,2,9.4
novice,bomberman,10,Bomb,5,0,40.51,0.731,"[(48.0, 48.0), (62.9, 44.3), (77.9, 44.3), (92.8, 44.3), (107.7, 44.3), (122.7, 44.3), (137.6, 44.3), (152.5, 44.3), (167.5, 44.3), (182.4, 44.3), (197.3, 44.3), (212.3, 44.3), (227.2, 44.3), (242.1, 44.3), (257.1, 46.1), (272.0, 44.3), (286.9, 44.3), (301.9, 44.3), (316.8, 44.3), (331.7, 44.3), (346.7, 44.3), (361.6, 44.3), (376.5, 44.3), (391.5, 44.3), (406.4, 44.3), (421.3, 48.0), (436.3, 61.1), (436.3, 76.0), (436.3, 90.9), (436.3, 105.9), (436.3, 120.8), (436.3, 135.7), (436.3, 150.7), (436.3, 165.6), (436.3, 161.9), (436.3, 161.9), (436.3, 165.6), (436.3, 161.9), (436.3, 161.9), (436.3, 165.6), (436.3, 161.9), (436.3, 169.3), (436.3, 165.6), (436.3, 161.9), (436.3, 161.9), (436.3, 165.6), (436.3, 169.3), (436.3, 169.3), (436.3, 165.6), (436.3, 169.3), (436.3, 173.1), (436.3, 176.8), (436.3, 173.1), (436.3, 173.1), (436.3, 176.8), (436.3, 173.1), (436.3, 173.1), (436.3, 174.9), (436.3, 180.5), (434.4, 180.5), (428.8, 180.5), (428.8, 180.5), (428.8, 180.5), (428.8, 180.5), (428.8, 180.5), (428.8, 180.5), (428.8, 180.5), (428.8, 180.5), (428.8, 180.5), (428.8, 180.5), (428.8, 180.5)]",0,2,9.4
novice,bomberman,10,Bomb,4,0,38.46,0.731,"[(48.0, 48.0), (62.9, 44.3), (77.9, 44.3), (92.8, 44.3), (107.7, 44.3), (122.7, 44.3), (137.6, 44.3), (152.5, 44.3), (167.5, 44.3), (182.4, 44.3), (197.3, 44.3), (212.3, 44.3), (227.2, 44.3), (242.1, 44.3), (257.1, 44.3), (272.0, 44.3), (286.9, 44.3), (301.9, 44.3), (316.8, 44.3), (331.7, 44.3), (346.7, 44.3), (361.6, 44.3), (376.5, 44.3), (391.5, 44.3), (406.4, 44.3), (421.3, 48.0), (436.3, 61.1), (436.3, 76.0), (436.3, 90.9), (436.3, 105.9), (436.3, 120.8), (436.3, 135.7), (436.3, 150.7), (436.3, 165.6), (436.3, 161.9), (436.3, 158.1), (436.3, 154.4), (436.3, 158.1), (436.3, 161.9), (436.3, 165.6), (436.3, 161.9), (436.3, 161.9), (436.3, 165.6), (436.3, 161.9), (436.3, 161.9), (436.3, 165.6), (436.3, 161.9), (436.3, 161.9), (436.3, 165.6), (436.3, 161.9), (436.3, 161.9), (436.3, 165.6), (436.3, 161.9), (436.3, 161.9), (436.3, 165.6), (436.3, 169.3), (436.3, 169.3), (436.3, 165.6), (436.3, 173.1), (436.3, 173.1), (436.3, 176.8), (436.3, 180.5), (436.3, 180.5), (436.3, 180.5), (436.3, 180.5), (436.3, 180.5), (436.3, 180.5), (436.3, 180.5), (436.3, 180.5), (436.3, 180.5), (436.3, 180.5), (428.8, 180.5), (428.8, 180.5), (428.8, 180.5), (428.8, 180.5)]",0,2,9.9
novice,bomberman,10,Bomb,1,0,47.3,0.538,"[(48.0, 48.0), (62.9, 44.3), (77.9, 44.3), (92.8, 44.3), (107.7, 44.3), (122.7, 44.3), (137.6, 44.3), (152.5, 44.3), (167.5, 44.3), (182.4, 44.3), (197.3, 44.3), (212.3, 44.3), (227.2, 44.3), (242.1, 44.3), (257.1, 44.3), (272.0, 44.3), (286.9, 44.3), (301.9, 44.3), (316.8, 44.3), (331.7, 44.3), (346.7, 44.3), (361.6, 44.3), (376.5, 44.3), (391.5, 44.3), (406.4, 44.3), (421.3, 48.0), (436.3, 61.1), (436.3, 76.0), (436.3, 90.9), (436.3, 105.9), (436.3, 120.8), (436.3, 124.5), (436.3, 139.5), (436.3, 154.4), (436.3, 158.1), (436.3, 158.1), (436.3, 165.6), (436.3, 161.9), (436.3, 161.9), (436.3, 165.6), (436.3, 161.9), (436.3, 161.9), (436.3, 165.6), (436.3, 161.9), (436.3, 161.9), (436.3, 165.6), (436.3, 161.9), (436.3, 161.9), (436.3, 165.6), (436.3, 161.9), (436.3, 161.9), (436.3, 165.6), (436.3, 161.9), (436.3, 161.9), (436.3, 165.6), (436.3, 161.9), (436.3, 161.9), (430.7, 165.6), (434.4, 161.9), (434.4, 161.9), (430.7, 165.6)]",0,1,8.05
novice,bomberman,10,Bomb,2,0,46.16,0.538,"[(48.0, 48.0), (62.9, 44.3), (77.9, 44.3), (92.8, 44.3), (107.7, 44.3), (122.7, 44.3), (137.6, 44.3), (152.5, 44.3), (167.5, 44.3), (182.4, 44.3), (197.3, 44.3), (212.3, 44.3), (227.2, 44.3), (242.1, 44.3), (257.1, 44.3), (272.0, 44.3), (286.9, 44.3), (301.9, 44.3), (316.8, 44.3), (331.7, 44.3), (346.7, 44.3), (361.6, 44.3), (376.5, 44.3), (391.5, 44.3), (406.4, 44.3), (421.3, 48.0), (436.3, 61.1), (436.3, 76.0), (436.3, 90.9), (436.3, 105.9), (436.3, 109.6), (436.3, 105.9), (436.3, 105.9), (436.3, 109.6), (436.3, 113.3), (436.3, 117.1), (436.3, 120.8), (436.3, 128.3), (436.3, 135.7), (436.3, 132.0), (436.3, 146.9), (436.3, 161.9), (436.3, 165.6), (436.3, 161.9), (436.3, 161.9), (436.3, 165.6), (436.3, 161.9), (436.3, 161.9), (436.3, 165.6), (436.3, 161.9), (436.3, 161.9), (436.3, 165.6), (436.3, 161.9), (436.3, 161.9), (436.3, 165.6), (436.3, 161.9), (436.3, 161.9), (436.3, 165.6), (436.3, 161.9), (436.3, 161.9), (436.3, 165.6), (434.4, 161.9)]",0,1,8.25
novice,bomberman,10,Timeout,1,0,6.47,0.5,"[(48.0, 48.0), (62.9, 44.3), (77.9, 44.3), (92.8, 44.3), (107.7, 44.3), (122.7, 44.3), (137.6, 44.3), (152.5, 44.3), (167.5, 44.3), (182.4, 44.3), (197.3, 44.3), (212.3, 44.3), (227.2, 44.3), (242.1, 44.3), (257.1, 44.3), (272.0, 44.3), (286.9, 44.3), (301.9, 44.3), (316.8, 44.3), (331.7, 44.3), (346.7, 44.3), (361.6, 44.3), (376.5, 44.3), (391.5, 44.3), (406.4, 44.3), (421.3, 44.3), (436.3, 44.3), (436.3, 44.3), (436.3, 44.3), (436.3, 44.3), (436.3, 44.3), (436.3, 44.3), (436.3, 44.3), (436.3, 44.3), (436.3, 44.3), (436.3, 44.3), (436.3, 44.3), (436.3, 44.3), (436.3, 44.3), (436.3, 44.3), (436.3, 46.1), (436.3, 57.3), (436.3, 72.3), (436.3, 87.2), (436.3, 102.1), (436.3, 117.1), (436.3, 124.5), (436.3, 124.5), (436.3, 128.3), (436.3, 124.5), (436.3, 124.5), (436.3, 128.3), (436.3, 124.5), (436.3, 124.5), (436.3, 128.3), (436.3, 124.5), (436.3, 124.5), (436.3, 128.3), (436.3, 124.5), (436.3, 124.5), (436.3, 128.3), (436.3, 124.5), (436.3, 124.5), (436.3, 128.3), (436.3, 124.5), (436.3, 109.6), (436.3, 94.7), (436.3, 79.7), (436.3, 64.8), (436.3, 49.9), (436.3, 44.3), (436.3, 44.3), (436.3, 44.3), (436.3, 44.3), (436.3, 44.3), (436.3, 44.3), (436.3, 44.3), (436.3, 44.3), (436.3, 44.3), (436.3, 44.3), (436.3, 44.3), (436.3, 44.3), (436.3, 44.3), (436.3, 44.3), (436.3, 44.3), (436.3, 44.3), (436.3, 44.3), (436.3, 44.3), (436.3, 44.3), (436.3, 44.3), (436.3, 44.3), (436.3, 44.3), (436.3, 44.3), (436.3, 44.3), (436.3, 44.3), (436.3, 44.3), (436.3, 44.3), (436.3, 44.3), (436.3, 44.3), (436.3, 44.3), (436.3, 46.1), (436.3, 57.3), (436.3, 72.3), (436.3, 87.2), (436.3, 102.1), (436.3, 117.1), (436.3, 124.5), (436.3, 124.5), (436.3, 128.3), (436.3, 124.5), (436.3, 124.5), (436.3, 128.3), (436.3, 124.5), (436.3, 124.5), (436.3, 128.3), (436.3, 124.5), (436.3, 124.5), (436.3, 128.3), (436.3, 124.5), (436.3, 124.5), (436.3, 128.3), (436.3, 124.5), (436.3, 124.5), (436.3, 128.3), (436.3, 124.5), (436.3, 109.6), (436.3, 94.7), (436.3, 79.7), (436.3, 64.8), (436.3, 49.9), (436.3, 44.3), (436.3, 44.3), (436.3, 44.3), (436.3, 44.3), (436.3, 44.3), (436.3, 44.3), (436.3, 44.3), (436.3, 44.3), (436.3, 44.3), (436.3, 44.3), (436.3, 44.3), (436.3, 44.3), (436.3, 44.3), (436.3, 44.3), (436.3, 44.3), (436.3, 44.3), (436.3, 44.3), (436.3, 44.3), (436.3, 44.3), (436.3, 44.3), (436.3, 44.3), (436.3, 44.3), (436.3, 44.3), (436.3, 44.3), (436.3, 44.3), (436.3, 44.3), (436.3, 44.3), (436.3, 44.3), (436.3, 44.3), (436.3, 44.3), (436.3, 46.1), (436.3, 57.3), (436.3, 72.3), (436.3, 87.2), (436.3, 102.1), (436.3, 117.1), (436.3, 124.5), (436.3, 124.5), (436.3, 128.3), (436.3, 124.5), (436.3, 124.5), (436.3, 128.3), (436.3, 124.5), (436.3, 124.5), (436.3, 128.3), (436.3, 124.5), (436.3, 124.5), (436.3, 128.3), (436.3, 124.5), (436.3, 124.5), (436.3, 128.3), (436.3, 120.8), (436.3, 120.8), (436.3, 117.1), (436.3, 113.3), (436.3, 98.4), (436.3, 83.5), (436.3, 68.5), (436.3, 53.6), (436.3, 44.3), (436.3, 44.3), (436.3, 44.3), (436.3, 44.3), (436.3, 44.3), (436.3, 44.3), (436.3, 44.3), (436.3, 44.3), (436.3, 44.3), (436.3, 44.3), (436.3, 44.3), (436.3, 44.3), (436.3, 44.3), (436.3, 44.3), (436.3, 44.3), (436.3, 44.3), (436.3, 44.3), (436.3, 44.3), (436.3, 44.3), (436.3, 44.3), (436.3, 44.3), (436.3, 44.3), (436.3, 44.3), (436.3, 44.3), (436.3, 44.3), (436.3, 44.3), (436.3, 44.3), (436.3, 44.3), (436.3, 44.3), (436.3, 44.3), (436.3, 44.3), (436.3, 46.1), (436.3, 57.3), (436.3, 72.3), (436.3, 87.2), (436.3, 102.1), (436.3, 117.1), (436.3, 113.3), (436.3, 113.3), (436.3, 117.1), (436.3, 113.3), (436.3, 113.3), (436.3, 117.1), (436.3, 113.3), (436.3, 113.3), (436.3, 117.1), (436.3, 113.3), (436.3, 113.3), (436.3, 117.1), (436.3, 113.3), (436.3, 113.3), (436.3, 117.1), (436.3, 113.3), (436.3, 113.3), (436.3, 117.1), (436.3, 124.5), (436.3, 109.6), (436.3, 94.7), (436.3, 79.7), (436.3, 64.8), (436.3, 49.9), (436.3, 44.3), (436.3, 44.3), (436.3, 44.3), (436.3, 44.3), (436.3, 44.3), (436.3, 44.3), (436.3, 44.3), (436.3, 44.3), (436.3, 44.3), (436.3, 44.3), (436.3, 44.3), (436.3, 44.3), (436.3, 44.3), (436.3, 44.3), (436.3, 44.3), (436.3, 44.3), (436.3, 44.3), (436.3, 44.3), (436.3, 44.3), (436.3, 44.3), (436.3, 44.3), (436.3, 44.3), (436.3, 44.3), (436.3, 44.3), (436.3, 44.3), (436.3, 44.3), (436.3, 44.3), (436.3, 44.3), (436.3, 44.3), (436.3, 44.3), (436.3, 46.1), (436.3, 57.3), (436.3, 72.3), (436.3, 87.2), (436.3, 98.4), (436.3, 94.7), (436.3, 98.4), (436.3, 98.4), (436.3, 105.9), (436.3, 109.6), (436.3, 113.3), (436.3, 117.1), (436.3, 124.5), (436.3, 124.5), (436.3, 128.3), (436.3, 124.5), (436.3, 124.5), (436.3, 128.3), (436.3, 124.5), (436.3, 124.5), (436.3, 128.3), (436.3, 124.5), (436.3, 124.5), (436.3, 128.3), (436.3, 124.5), (436.3, 109.6), (436.3, 94.7), (436.3, 79.7), (436.3, 64.8), (436.3, 49.9), (436.3, 44.3), (436.3, 44.3), (436.3, 44.3), (436.3, 44.3), (436.3, 44.3), (436.3, 44.3), (436.3, 44.3), (436.3, 44.3), (436.3, 44.3), (436.3, 44.3), (436.3, 44.3), (436.3, 44.3), (436.3, 44.3), (436.3, 44.3), (436.3, 44.3), (436.3, 44.3), (436.3, 44.3), (436.3, 44.3), (436.3, 44.3), (436.3, 44.3), (436.3, 44.3), (436.3, 44.3), (436.3, 44.3), (436.3, 44.3), (436.3, 44.3), (436.3, 44.3), (436.3, 44.3), (436.3, 44.3), (436.3, 44.3), (436.3, 44.3), (436.3, 46.1), (436.3, 57.3), (436.3, 72.3), (436.3, 87.2), (436.3, 98.4), (436.3, 94.7), (436.3, 98.4), (436.3, 102.1), (436.3, 117.1), (436.3, 120.8), (436.3, 124.5), (436.3, 128.3), (436.3, 124.5), (436.3, 124.5), (436.3, 128.3), (436.3, 124.5), (436.3, 124.5), (436.3, 128.3), (436.3, 124.5), (436.3, 124.5), (436.3, 128.3), (436.3, 124.5), (436.3, 124.5), (436.3, 128.3), (436.3, 124.5), (436.3, 109.6), (436.3, 94.7), (436.3, 79.7), (436.3, 64.8), (436.3, 49.9), (436.3, 44.3), (436.3, 44.3), (436.3, 44.3), (436.3, 44.3), (436.3, 44.3), (436.3, 44.3), (436.3, 44.3), (436.3, 44.3), (436.3, 44.3), (436.3, 44.3), (436.3, 44.3), (436.3, 44.3), (436.3, 44.3), (436.3, 44.3), (436.3, 44.3), (436.3, 44.3), (436.3, 44.3), (436.3, 44.3), (436.3, 44.3), (436.3, 44.3), (436.3, 44.3), (436.3, 44.3), (436.3, 44.3), (436.3, 44.3), (436.3, 44.3), (436.3, 44.3), (436.3, 44.3), (436.3, 44.3), (436.3, 44.3), (436.3, 44.3), (436.3, 46.1), (436.3, 57.3), (436.3, 72.3), (436.3, 87.2), (436.3, 98.4), (436.3, 94.7), (436.3, 98.4), (436.3, 98.4), (436.3, 94.7), (436.3, 98.4), (436.3, 102.1), (436.3, 105.9), (436.3, 102.1), (436.3, 113.3), (436.3, 117.1), (436.3, 113.3), (436.3, 113.3), (436.3, 117.1), (436.3, 113.3), (436.3, 113.3), (436.3, 117.1), (436.3, 113.3), (436.3, 113.3), (436.3, 117.1), (436.3, 113.3), (436.3, 98.4), (436.3, 83.5), (436.3, 68.5), (436.3, 53.6), (436.3, 44.3), (436.3, 44.3), (436.3, 44.3), (436.3, 44.3), (436.3, 44.3), (436.3, 44.3), (436.3, 44.3), (436.3, 44.3), (436.3, 44.3), (436.3, 44.3), (436.3, 44.3), (436.3, 44.3), (436.3, 44.3), (436.3, 44.3), (436.3, 44.3), (436.3, 44.3), (436.3, 44.3), (436.3, 44.3), (436.3, 44.3), (436.3, 44.3), (436.3, 44.3), (436.3, 44.3)]",0,1,60.0
novice,bomberman,10,Stuck,0,0,-0.75,0.0,"[(48.0, 48.0), (44.3, 44.3), (44.3, 44.3), (44.3, 44.3), (44.3, 44.3), (44.3, 44.3), (44.3, 44.3), (44.3, 44.3), (44.3, 44.3), (44.3, 44.3), (44.3, 44.3), (44.3, 44.3), (44.3, 44.3), (44.3, 44.3), (44.3, 44.3), (44.3, 44.3), (44.3, 44.3), (44.3, 44.3), (44.3, 44.3), (44.3, 44.3), (44.3, 44.3), (44.3, 44.3), (44.3, 44.3), (44.3, 44.3), (44.3, 44.3), (44.3, 44.3), (44.3, 44.3), (44.3, 44.3), (44.3, 44.3), (44.3, 44.3), (44.3, 44.3), (44.3, 44.3), (44.3, 44.3), (44.3, 44.3), (44.3, 44.3), (44.3, 44.3), (44.3, 44.3), (44.3, 44.3)]",0,0,5.0
novice,bomberman,10,Enemy,1,0,8.44,0.731,"[(48.0, 48.0), (62.9, 44.3), (77.9, 44.3), (92.8, 44.3), (107.7, 44.3), (122.7, 44.3), (137.6, 44.3), (152.5, 44.3), (167.5, 44.3), (182.4, 44.3), (197.3, 44.3), (212.3, 44.3), (227.2, 44.3), (242.1, 44.3), (257.1, 44.3), (272.0, 44.3), (286.9, 44.3), (301.9, 44.3), (316.8, 44.3), (331.7, 44.3), (346.7, 44.3), (361.6, 44.3), (376.5, 44.3), (391.5, 44.3), (406.4, 44.3), (421.3, 44.3), (436.3, 46.1), (436.3, 61.1), (436.3, 76.0), (436.3, 90.9), (436.3, 94.7), (436.3, 98.4), (436.3, 98.4), (436.3, 94.7), (436.3, 98.4), (436.3, 98.4), (436.3, 94.7), (436.3, 98.4), (436.3, 102.1), (436.3, 109.6), (436.3, 111.5), (436.3, 122.7), (436.3, 137.6), (436.3, 152.5), (436.3, 163.7), (436.3, 160.0), (436.3, 163.7), (436.3, 163.7), (436.3, 160.0), (436.3, 163.7), (436.3, 163.7), (436.3, 160.0), (436.3, 163.7), (436.3, 163.7), (436.3, 160.0), (436.3, 163.7), (436.3, 163.7), (436.3, 160.0), (436.3, 163.7), (436.3, 163.7), (436.3, 160.0), (436.3, 163.7), (436.3, 163.7), (436.3, 160.0), (436.3, 156.3), (436.3, 141.3), (436.3, 126.4), (436.3, 111.5), (436.3, 96.5), (436.3, 81.6), (436.3, 66.7), (436.3, 51.7), (436.3, 44.3), (436.3, 44.3), (436.3, 44.3), (436.3, 44.3), (436.3, 44.3), (436.3, 44.3), (436.3, 44.3), (436.3, 44.3), (436.3, 44.3), (436.3, 44.3), (436.3, 44.3), (436.3, 44.3), (436.3, 44.3), (436.3, 44.3), (436.3, 44.3), (436.3, 44.3), (436.3, 44.3), (436.3, 44.3), (436.3, 44.3), (436.3, 53.6), (436.3, 66.7), (436.3, 66.7), (436.3, 70.4), (436.3, 85.3), (436.3, 100.3), (436.3, 104.0), (436.3, 107.7), (436.3, 122.7), (436.3, 126.4), (436.3, 126.4), (436.3, 122.7), (436.3, 126.4), (436.3, 126.4), (436.3, 122.7), (436.3, 126.4), (436.3, 126.4), (436.3, 122.7), (436.3, 126.4), (436.3, 126.4), (436.3, 122.7), (436.3, 126.4), (436.3, 126.4), (436.3, 122.7), (436.3, 126.4), (436.3, 126.4), (436.3, 122.7), (436.3, 126.4), (436.3, 126.4), (436.3, 122.7), (436.3, 126.4), (436.3, 126.4), (436.3, 122.7), (436.3, 118.9), (436.3, 104.0), (436.3, 89.1), (436.3, 74.1), (436.3, 59.2), (436.3, 44.3), (436.3, 44.3), (436.3, 44.3), (436.3, 44.3), (436.3, 44.3), (436.3, 44.3), (436.3, 44.3), (436.3, 44.3), (436.3, 44.3), (436.3, 44.3), (436.3, 44.3), (436.3, 44.3), (436.3, 44.3), (436.3, 44.3), (436.3, 44.3), (436.3, 44.3), (436.3, 44.3), (436.3, 44.3), (436.3, 44.3), (436.3, 44.3), (436.3, 44.3), (436.3, 44.3), (436.3, 49.9), (436.3, 49.9), (436.3, 55.5), (436.3, 70.4), (436.3, 85.3), (436.3, 100.3), (436.3, 115.2), (436.3, 126.4), (436.3, 122.7), (436.3, 126.4), (436.3, 126.4), (436.3, 122.7), (436.3, 126.4), (436.3, 126.4), (436.3, 122.7), (436.3, 126.4), (436.3, 126.4), (436.3, 122.7), (436.3, 126.4), (436.3, 126.4), (436.3, 122.7), (436.3, 126.4), (436.3, 126.4), (436.3, 122.7), (436.3, 126.4), (436.3, 126.4), (436.3, 122.7), (436.3, 126.4), (436.3, 126.4), (436.3, 122.7), (436.3, 126.4), (436.3, 126.4), (436.3, 122.7), (436.3, 118.9), (436.3, 104.0), (436.3, 89.1), (436.3, 74.1), (436.3, 59.2), (436.3, 44.3), (436.3, 44.3), (436.3, 44.3), (436.3, 44.3), (436.3, 44.3), (436.3, 44.3), (436.3, 44.3), (436.3, 44.3), (436.3, 44.3), (436.3, 44.3), (436.3, 44.3), (436.3, 44.3), (436.3, 44.3), (436.3, 44.3), (436.3, 44.3), (436.3, 44.3), (436.3, 44.3), (436.3, 44.3), (436.3, 44.3), (436.3, 44.3), (436.3, 44.3), (436.3, 44.3), (436.3, 49.9), (436.3, 49.9), (436.3, 55.5), (436.3, 70.4), (436.3, 85.3), (436.3, 100.3), (436.3, 115.2), (436.3, 118.9), (436.3, 122.7), (436.3, 126.4), (436.3, 126.4), (436.3, 122.7), (436.3, 126.4), (436.3, 126.4), (436.3, 122.7), (436.3, 126.4), (436.3, 126.4), (436.3, 122.7), (436.3, 126.4), (436.3, 126.4), (436.3, 122.7), (436.3, 126.4), (436.3, 126.4), (436.3, 122.7), (436.3, 126.4), (436.3, 126.4), (436.3, 122.7), (436.3, 126.4), (436.3, 126.4), (436.3, 122.7), (436.3, 126.4), (436.3, 126.4), (436.3, 122.7), (436.3, 118.9), (436.3, 104.0), (436.3, 111.5), (436.3, 126.4), (436.3, 126.4), (436.3, 122.7), (436.3, 126.4), (436.3, 126.4), (436.3, 122.7), (436.3, 126.4), (436.3, 137.6), (436.3, 145.1), (436.3, 141.3), (436.3, 150.7), (436.3, 158.1), (436.3, 161.9), (436.3, 161.9), (436.3, 158.1), (436.3, 161.9), (436.3, 161.9), (436.3, 158.1), (436.3, 161.9), (436.3, 161.9), (436.3, 158.1), (436.3, 173.1), (436.3, 176.8), (436.3, 180.5), (430.7, 180.5), (430.7, 180.5), (428.8, 180.5), (432.5, 176.8), (436.3, 161.9), (436.3, 146.9), (436.3, 132.0), (436.3, 117.1), (436.3, 102.1), (436.3, 87.2), (436.3, 72.3), (436.3, 57.3), (436.3, 44.3), (436.3, 44.3), (436.3, 44.3), (436.3, 44.3), (436.3, 44.3), (436.3, 44.3), (436.3, 44.3), (436.3, 44.3), (436.3, 44.3), (436.3, 44.3), (436.3, 44.3), (436.3, 44.3), (436.3, 44.3), (436.3, 44.3), (436.3, 44.3), (436.3, 44.3), (436.3, 44.3), (436.3, 44.3), (436.3, 59.2), (436.3, 74.1), (436.3, 89.1), (436.3, 104.0), (436.3, 118.9), (436.3, 133.9), (436.3, 148.8), (436.3, 163.7), (436.3, 167.5), (436.3, 163.7), (436.3, 152.5), (436.3, 145.1), (436.3, 141.3), (436.3, 137.6), (436.3, 122.7), (436.3, 126.4), (436.3, 126.4), (436.3, 122.7), (436.3, 126.4), (436.3, 126.4), (436.3, 122.7), (436.3, 126.4), (436.3, 126.4), (436.3, 122.7), (436.3, 126.4), (436.3, 126.4), (436.3, 122.7), (436.3, 126.4), (436.3, 126.4), (436.3, 122.7), (436.3, 126.4), (436.3, 126.4), (436.3, 122.7), (436.3, 126.4), (436.3, 126.4), (436.3, 122.7), (436.3, 126.4), (436.3, 126.4), (436.3, 122.7), (436.3, 126.4), (436.3, 126.4), (436.3, 122.7), (436.3, 126.4), (436.3, 130.1), (436.3, 145.1)]",0,3,46.0
novice,bomberman,10,Bomb,1,0,48.53,0.423,"[(48.0, 48.0), (62.9, 44.3), (77.9, 44.3), (92.8, 44.3), (107.7, 44.3), (122.7, 44.3), (137.6, 44.3), (152.5, 44.3), (167.5, 44.3), (182.4, 44.3), (197.3, 44.3), (212.3, 44.3), (227.2, 44.3), (242.1, 44.3), (257.1, 44.3), (272.0, 44.3), (286.9, 44.3), (301.9, 44.3), (316.8, 44.3), (331.7, 44.3), (346.7, 44.3), (361.6, 44.3), (376.5, 44.3), (391.5, 44.3), (406.4, 44.3), (421.3, 44.3), (436.3, 44.3), (436.3, 44.3), (436.3, 44.3), (436.3, 44.3), (436.3, 44.3), (436.3, 44.3), (436.3, 44.3), (436.3, 44.3), (436.3, 44.3), (436.3, 44.3), (436.3, 44.3), (436.3, 44.3), (436.3, 44.3), (436.3, 44.3), (436.3, 44.3), (436.3, 44.3), (436.3, 44.3), (436.3, 44.3), (436.3, 44.3), (436.3, 49.9), (436.3, 64.8), (436.3, 64.8), (436.3, 61.1), (436.3, 64.8), (436.3, 64.8), (436.3, 61.1), (436.3, 64.8), (436.3, 64.8), (436.3, 61.1), (436.3, 76.0), (436.3, 77.9), (436.3, 77.9), (436.3, 77.9), (436.3, 77.9), (436.3, 77.9)]",0,0,8.0
novice,bomberman,10,Enemy,1,0,8.44,0.731,"[(48.0, 48.0), (62.9, 44.3), (77.9, 44.3), (92.8, 44.3), (107.7, 44.3), (122.7, 44.3), (137.6, 44.3), (152.5, 44.3), (167.5, 44.3), (182.4, 44.3), (197.3, 44.3), (212.3, 44.3), (227.2, 44.3), (242.1, 44.3), (257.1, 44.3), (272.0, 44.3), (286.9, 44.3), (301.9, 44.3), (316.8, 44.3), (331.7, 44.3), (346.7, 44.3), (361.6, 44.3), (376.5, 44.3), (391.5, 44.3), (406.4, 44.3), (421.3, 44.3), (436.3, 46.1), (436.3, 61.1), (436.3, 76.0), (436.3, 90.9), (436.3, 94.7), (436.3, 98.4), (436.3, 98.4), (436.3, 94.7), (436.3, 98.4), (436.3, 98.4), (436.3, 94.7), (436.3, 98.4), (436.3, 102.1), (436.3, 109.6), (436.3, 111.5), (436.3, 122.7), (436.3, 137.6), (436.3, 152.5), (436.3, 163.7), (436.3, 160.0), (436.3, 163.7), (436.3, 163.7), (436.3, 160.0), (436.3, 163.7), (436.3, 163.7), (436.3, 160.0), (436.3, 163.7), (436.3, 163.7), (436.3, 160.0), (436.3, 163.7), (436.3, 163.7), (436.3, 160.0), (436.3, 163.7), (436.3, 163.7), (436.3, 160.0), (436.3, 163.7), (436.3, 163.7), (436.3, 160.0), (436.3, 156.3), (436.3, 141.3), (436.3, 126.4), (436.3, 111.5), (436.3, 96.5), (436.3, 81.6), (436.3, 66.7), (436.3, 51.7), (436.3, 44.3), (436.3, 44.3), (436.3, 44.3), (436.3, 44.3), (436.3, 44.3), (436.3, 44.3), (436.3, 44.3), (436.3, 44.3), (436.3, 44.3), (436.3, 44.3), (436.3, 44.3), (436.3, 44.3), (436.3, 44.3), (436.3, 44.3), (436.3, 44.3), (436.3, 44.3), (436.3, 44.3), (436.3, 44.3), (436.3, 44.3), (436.3, 53.6), (436.3, 66.7), (436.3, 66.7), (436.3, 70.4), (436.3, 85.3), (436.3, 100.3), (436.3, 104.0), (436.3, 107.7), (436.3, 122.7), (436.3, 126.4), (436.3, 126.4), (436.3, 122.7), (436.3, 126.4), (436.3, 126.4), (436.3, 122.7), (436.3, 126.4), (436.3, 126.4), (436.3, 122.7), (436.3, 126.4), (436.3, 126.4), (436.3, 122.7), (436.3, 126.4), (436.3, 126.4), (436.3, 122.7), (436.3, 126.4), (436.3, 126.4), (436.3, 122.7), (436.3, 126.4), (436.3, 126.4), (436.3, 122.7), (436.3, 126.4), (436.3, 126.4), (436.3, 122.7), (436.3, 118.9), (436.3, 104.0), (436.3, 89.1), (436.3, 74.1), (436.3, 59.2), (436.3, 44.3), (436.3, 44.3), (436.3, 44.3), (436.3, 44.3), (436.3, 44.3), (436.3, 44.3), (436.3, 44.3), (436.3, 44.3), (436.3, 44.3), (436.3, 44.3), (436.3, 44.3), (436.3, 44.3), (436.3, 44.3), (436.3, 44.3), (436.3, 44.3), (436.3, 44.3), (436.3, 44.3), (436.3, 44.3), (436.3, 44.3), (436.3, 44.3), (436.3, 44.3), (436.3, 44.3), (436.3, 49.9), (436.3, 49.9), (436.3, 55.5), (436.3, 70.4), (436.3, 85.3), (436.3, 100.3), (436.3, 115.2), (436.3, 126.4), (436.3, 122.7), (436.3, 126.4), (436.3, 126.4), (436.3, 122.7), (436.3, 126.4), (436.3, 126.4), (436.3, 122.7), (436.3, 126.4), (436.3, 126.4), (436.3, 122.7), (436.3, 126.4), (436.3, 126.4), (436.3, 122.7), (436.3, 126.4), (436.3, 126.4), (436.3, 122.7), (436.3, 126.4), (436.3, 126.4), (436.3, 122.7), (436.3, 126.4), (436.3, 126.4), (436.3, 122.7), (436.3, 126.4), (436.3, 126.4), (436.3, 122.7), (436.3, 118.9), (436.3, 104.0), (436.3, 89.1), (436.3, 74.1), (436.3, 59.2), (436.3, 44.3), (436.3, 44.3), (436.3, 44.3), (436.3, 44.3), (436.3, 44.3), (436.3, 44.3), (436.3, 44.3), (436.3, 44.3), (436.3, 44.3), (436.3, 44.3), (436.3, 44.3), (436.3, 44.3), (436.3, 44.3), (436.3, 44.3), (436.3, 44.3), (436.3, 44.3), (436.3, 44.3), (436.3, 44.3), (436.3, 44.3), (436.3, 44.3), (436.3, 44.3), (436.3, 44.3), (436.3, 49.9), (436.3, 49.9), (436.3, 55.5), (436.3, 70.4), (436.3, 85.3), (436.3, 100.3), (436.3, 115.2), (436.3, 118.9), (436.3, 122.7), (436.3, 126.4), (436.3, 126.4), (436.3, 122.7), (436.3, 126.4), (436.3, 126.4), (436.3, 122.7), (436.3, 126.4), (436.3, 126.4), (436.3, 122.7), (436.3, 126.4), (436.3, 126.4), (436.3, 122.7), (436.3, 126.4), (436.3, 126.4), (436.3, 122.7), (436.3, 126.4), (436.3, 126.4), (436.3, 122.7), (436.3, 126.4), (436.3, 126.4), (436.3, 122.7), (436.3, 126.4), (436.3, 126.4), (436.3, 122.7), (436.3, 118.9), (436.3, 104.0), (436.3, 111.5), (436.3, 126.4), (436.3, 126.4), (436.3, 122.7), (436.3, 126.4), (436.3, 126.4), (436.3, 122.7), (436.3, 126.4), (436.3, 137.6), (436.3, 145.1), (436.3, 141.3), (436.3, 150.7), (436.3, 158.1), (436.3, 161.9), (436.3, 161.9), (436.3, 158.1), (436.3, 161.9), (436.3, 161.9), (436.3, 158.1), (436.3, 161.9), (436.3, 161.9), (436.3, 158.1), (436.3, 173.1), (436.3, 176.8), (436.3, 180.5), (430.7, 180.5), (430.7, 180.5), (428.8, 180.5), (432.5, 176.8), (436.3, 161.9), (436.3, 146.9), (436.3, 132.0), (436.3, 117.1), (436.3, 102.1), (436.3, 87.2), (436.3, 72.3), (436.3, 57.3), (436.3, 44.3), (436.3, 44.3), (436.3, 44.3), (436.3, 44.3), (436.3, 44.3), (436.3, 44.3), (436.3, 44.3), (436.3, 44.3), (436.3, 44.3), (436.3, 44.3), (436.3, 44.3), (436.3, 44.3), (436.3, 44.3), (436.3, 44.3), (436.3, 44.3), (436.3, 44.3), (436.3, 44.3), (436.3, 44.3), (436.3, 59.2), (436.3, 74.1), (436.3, 89.1), (436.3, 104.0), (436.3, 118.9), (436.3, 133.9), (436.3, 148.8), (436.3, 163.7), (436.3, 167.5), (436.3, 163.7), (436.3, 152.5), (436.3, 145.1), (436.3, 141.3), (436.3, 137.6), (436.3, 122.7), (436.3, 126.4), (436.3, 126.4), (436.3, 122.7), (436.3, 126.4), (436.3, 126.4), (436.3, 122.7), (436.3, 126.4), (436.3, 126.4), (436.3, 122.7), (436.3, 126.4), (436.3, 126.4), (436.3, 122.7), (436.3, 126.4), (436.3, 126.4), (436.3, 122.7), (436.3, 126.4), (436.3, 126.4), (436.3, 122.7), (436.3, 126.4), (436.3, 126.4), (436.3, 122.7), (436.3, 126.4), (436.3, 126.4), (436.3, 122.7), (436.3, 126.4), (436.3, 126.4), (436.3, 122.7), (436.3, 126.4), (436.3, 130.1), (436.3, 145.1)]",0,3,46.0
novice,bomberman,10,Bomb,1,0,31.48,0.692,"[(48.0, 48.0), (62.9, 44.3), (77.9, 44.3), (92.8, 44.3), (107.7, 44.3), (122.7, 44.3), (137.6, 44.3), (152.5, 44.3), (167.5, 44.3), (182.4, 44.3), (197.3, 44.3), (212.3, 44.3), (227.2, 44.3), (242.1, 44.3), (257.1, 44.3), (272.0, 44.3), (286.9, 44.3), (301.9, 44.3), (316.8, 44.3), (331.7, 44.3), (346.7, 44.3), (361.6, 44.3), (376.5, 44.3), (391.5, 44.3), (406.4, 44.3), (421.3, 48.0), (436.3, 61.1), (436.3, 76.0), (436.3, 90.9), (436.3, 105.9), (436.3, 120.8), (436.3, 135.7), (436.3, 150.7), (436.3, 165.6), (436.3, 161.9), (436.3, 161.9), (436.3, 165.6), (436.3, 161.9), (436.3, 161.9), (436.3, 165.6), (436.3, 169.3), (436.3, 173.1), (436.3, 176.8), (436.3, 180.5), (436.3, 180.5), (436.3, 180.5), (436.3, 180.5), (436.3, 180.5), (436.3, 180.5), (436.3, 180.5), (436.3, 180.5), (436.3, 180.5), (436.3, 180.5), (436.3, 180.5), (436.3, 180.5), (436.3, 180.5), (436.3, 180.5), (436.3, 180.5), (436.3, 180.5), (436.3, 180.5), (436.3, 180.5), (428.8, 180.5), (428.8, 180.5), (428.8, 180.5), (432.5, 176.8), (436.3, 161.9), (436.3, 146.9), (436.3, 132.0), (436.3, 117.1), (436.3, 102.1), (436.3, 87.2), (436.3, 83.5), (436.3, 79.7), (436.3, 83.5), (436.3, 87.2), (436.3, 90.9), (436.3, 94.7), (436.3, 94.7), (436.3, 96.5), (436.3, 96.5), (436.3, 96.5), (436.3, 96.5), (436.3, 96.5), (436.3, 96.5), (436.3, 96.5), (436.3, 96.5), (436.3, 96.5), (436.3, 96.5), (436.3, 96.5), (436.3, 96.5), (436.3, 96.5), (436.3, 105.9), (436.3, 120.8)]",0,3,12.33
novice,bomberman,10,Bomb,4,0,38.46,0.731,"[(48.0, 48.0), (62.9, 44.3), (77.9, 44.3), (92.8, 44.3), (107.7, 44.3), (122.7, 44.3), (137.6, 44.3), (152.5, 44.3), (167.5, 44.3), (182.4, 44.3), (197.3, 44.3), (212.3, 44.3), (227.2, 44.3), (242.1, 44.3), (257.1, 44.3), (272.0, 44.3), (286.9, 44.3), (301.9, 44.3), (316.8, 44.3), (331.7, 44.3), (346.7, 44.3), (361.6, 44.3), (376.5, 44.3), (391.5, 44.3), (406.4, 44.3), (421.3, 48.0), (436.3, 61.1), (436.3, 76.0), (436.3, 90.9), (436.3, 105.9), (436.3, 120.8), (436.3, 135.7), (436.3, 150.7), (436.3, 165.6), (436.3, 161.9), (436.3, 158.1), (436.3, 154.4), (436.3, 158.1), (436.3, 161.9), (436.3, 165.6), (436.3, 161.9), (436.3, 161.9), (436.3, 165.6), (436.3, 161.9), (436.3, 161.9), (436.3, 165.6), (436.3, 161.9), (436.3, 161.9), (436.3, 165.6), (436.3, 161.9), (436.3, 161.9), (436.3, 165.6), (436.3, 161.9), (436.3, 161.9), (436.3, 165.6), (436.3, 169.3), (436.3, 169.3), (436.3, 165.6), (436.3, 173.1), (436.3, 173.1), (436.3, 176.8), (436.3, 180.5), (436.3, 180.5), (436.3, 180.5), (436.3, 180.5), (436.3, 180.5), (436.3, 180.5), (436.3, 180.5), (436.3, 180.5), (436.3, 180.5), (436.3, 180.5), (428.8, 180.5), (428.8, 180.5), (428.8, 180.5), (428.8, 180.5)]",0,2,9.9
novice,bomberman,10,Bomb,5,0,40.51,0.731,"[(48.0, 48.0), (62.9, 44.3), (77.9, 44.3), (92.8, 44.3), (107.7, 44.3), (122.7, 44.3), (137.6, 44.3), (152.5, 44.3), (167.5, 44.3), (182.4, 44.3), (197.3, 44.3), (212.3, 44.3), (227.2, 44.3), (242.1, 44.3), (257.1, 46.1), (272.0, 44.3), (286.9, 44.3), (301.9, 44.3), (316.8, 44.3), (331.7, 44.3), (346.7, 44.3), (361.6, 44.3), (376.5, 44.3), (391.5, 44.3), (406.4, 44.3), (421.3, 48.0), (436.3, 61.1), (436.3, 76.0), (436.3, 90.9), (436.3, 105.9), (436.3, 120.8), (436.3, 135.7), (436.3, 150.7), (436.3, 165.6), (436.3, 161.9), (436.3, 161.9), (436.3, 165.6), (436.3, 161.9), (436.3, 161.9), (436.3, 165.6), (436.3, 161.9), (436.3, 169.3), (436.3, 165.6), (436.3, 161.9), (436.3, 161.9), (436.3, 165.6), (436.3, 169.3), (436.3, 169.3), (436.3, 165.6), (436.3, 169.3), (436.3, 173.1), (436.3, 176.8), (436.3, 173.1), (436.3, 173.1), (436.3, 176.8), (436.3, 173.1), (436.3, 173.1), (436.3, 174.9), (436.3, 180.5), (434.4, 180.5), (428.8, 180.5), (428.8, 180.5), (428.8, 180.5), (428.8, 180.5), (428.8, 180.5), (428.8, 180.5), (428.8, 180.5), (428.8, 180.5), (428.8, 180.5), (428.8, 180.5), (428.8, 180.5)]",0,2,9.4
novice,bomberman,10,Enemy,3,0,22.47,0.808,"[(48.0, 48.0), (62.9, 44.3), (77.9, 44.3), (92.8, 44.3), (107.7, 44.3), (122.7, 44.3), (137.6, 44.3), (152.5, 44.3), (167.5, 44.3), (182.4, 44.3), (197.3, 44.3), (212.3, 44.3), (227.2, 44.3), (242.1, 44.3), (257.1, 44.3), (272.0, 44.3), (286.9, 44.3), (301.9, 44.3), (316.8, 44.3), (331.7, 44.3), (346.7, 44.3), (361.6, 44.3), (376.5, 44.3), (391.5, 44.3), (406.4, 44.3), (421.3, 48.0), (436.3, 61.1), (436.3, 76.0), (436.3, 90.9), (436.3, 105.9), (436.3, 120.8), (436.3, 135.7), (436.3, 150.7), (436.3, 143.2), (436.3, 146.9), (436.3, 139.5), (436.3, 132.0), (436.3, 139.5), (436.3, 146.9), (436.3, 143.2), (436.3, 150.7), (436.3, 150.7), (436.3, 165.6), (436.3, 161.9), (436.3, 161.9), (436.3, 165.6), (436.3, 158.1), (436.3, 150.7), (436.3, 154.4), (436.3, 150.7), (436.3, 150.7), (436.3, 154.4), (436.3, 150.7), (436.3, 135.7), (436.3, 132.0), (436.3, 135.7), (436.3, 124.5), (436.3, 109.6), (436.3, 105.9), (436.3, 105.9), (436.3, 109.6), (436.3, 105.9), (436.3, 102.1), (436.3, 98.4), (436.3, 98.4), (436.3, 98.4), (436.3, 98.4), (436.3, 98.4), (436.3, 98.4), (436.3, 98.4), (436.3, 98.4), (436.3, 98.4), (436.3, 98.4), (436.3, 98.4), (436.3, 98.4), (436.3, 98.4), (436.3, 98.4), (436.3, 98.4), (436.3, 109.6), (436.3, 124.5), (436.3, 139.5), (436.3, 154.4), (436.3, 161.9), (436.3, 161.9), (436.3, 165.6), (436.3, 169.3), (436.3, 173.1), (436.3, 176.8), (436.3, 180.5), (436.3, 184.3), (436.3, 188.0), (436.3, 202.9), (436.3, 206.7), (436.3, 210.4), (436.3, 214.1), (436.3, 217.9), (436.3, 221.6), (436.3, 225.3), (436.3, 225.3), (436.3, 221.6), (436.3, 225.3), (436.3, 225.3), (436.3, 221.6), (436.3, 225.3), (436.3, 225.3), (436.3, 210.4), (436.3, 206.7), (436.3, 206.7), (436.3, 210.4), (436.3, 214.1), (436.3, 214.1), (436.3, 210.4), (436.3, 214.1), (436.3, 214.1), (436.3, 210.4), (436.3, 214.1), (436.3, 217.9), (436.3, 221.6), (436.3, 225.3), (436.3, 225.3), (430.7, 221.6), (434.4, 225.3), (434.4, 225.3), (430.7, 221.6), (434.4, 225.3), (428.8, 225.3), (428.8, 221.6), (428.8, 225.3)]",0,3,16.95
novice,bomberman,10,Bomb,7,0,44.89,0.462,"[(48.0, 48.0), (62.9, 44.3), (77.9, 44.3), (92.8, 44.3), (107.7, 44.3), (122.7, 44.3), (137.6, 44.3), (152.5, 44.3), (167.5, 44.3), (182.4, 44.3), (197.3, 44.3), (212.3, 44.3), (227.2, 44.3), (242.1, 44.3), (257.1, 44.3), (272.0, 44.3), (286.9, 44.3), (301.9, 44.3), (316.8, 44.3), (331.7, 44.3), (346.7, 44.3), (361.6, 44.3), (376.5, 44.3), (391.5, 44.3), (406.4, 44.3), (421.3, 44.3), (436.3, 44.3), (436.3, 44.3), (436.3, 44.3), (436.3, 44.3), (436.3, 44.3), (436.3, 44.3), (436.3, 44.3), (436.3, 44.3), (436.3, 44.3), (436.3, 44.3), (436.3, 44.3), (436.3, 44.3), (436.3, 44.3), (436.3, 44.3), (436.3, 44.3), (436.3, 51.7), (436.3, 66.7), (436.3, 62.9), (436.3, 62.9), (436.3, 66.7), (436.3, 81.6), (436.3, 96.5), (436.3, 100.3), (436.3, 96.5), (436.3, 96.5), (436.3, 100.3), (436.3, 96.5), (436.3, 96.5), (436.3, 100.3), (436.3, 96.5), (436.3, 96.5), (436.3, 100.3), (436.3, 96.5), (436.3, 96.5), (436.3, 100.3), (436.3, 96.5), (436.3, 96.5), (436.3, 100.3), (436.3, 96.5)]",0,0,8.65
novice,bomberman,10,Bomb,1,0,48.53,0.423,"[(48.0, 48.0), (62.9, 44.3), (77.9, 44.3), (92.8, 44.3), (107.7, 44.3), (122.7, 44.3), (137.6, 44.3), (152.5, 44.3), (167.5, 44.3), (182.4, 44.3), (197.3, 44.3), (212.3, 44.3), (227.2, 44.3), (242.1, 44.3), (257.1, 44.3), (272.0, 44.3), (286.9, 44.3), (301.9, 44.3), (316.8, 44.3), (331.7, 44.3), (346.7, 44.3), (361.6, 44.3), (376.5, 44.3), (391.5, 44.3), (406.4, 44.3), (421.3, 44.3), (436.3, 44.3), (436.3, 44.3), (436.3, 44.3), (436.3, 44.3), (436.3, 44.3), (436.3, 44.3), (436.3, 44.3), (436.3, 44.3), (436.3, 44.3), (436.3, 44.3), (436.3, 44.3), (436.3, 44.3), (436.3, 44.3), (436.3, 44.3), (436.3, 44.3), (436.3, 44.3), (436.3, 44.3), (436.3, 44.3), (436.3, 44.3), (436.3, 44.3), (436.3, 44.3), (436.3, 44.3), (436.3, 44.3), (436.3, 44.3), (436.3, 44.3), (436.3, 44.3), (436.3, 44.3), (436.3, 44.3), (436.3, 44.3), (436.3, 44.3), (436.3, 44.3), (436.3, 44.3), (436.3, 48.0), (436.3, 62.9), (436.3, 66.7)]",0,0,8.0
novice,bomberman,10,Bomb,1,0,48.53,0.538,"[(48.0, 48.0), (62.9, 44.3), (77.9, 44.3), (92.8, 44.3), (107.7, 44.3), (122.7, 44.3), (137.6, 44.3), (152.5, 44.3), (167.5, 44.3), (182.4, 44.3), (197.3, 44.3), (212.3, 44.3), (227.2, 44.3), (242.1, 44.3), (257.1, 44.3), (272.0, 44.3), (286.9, 44.3), (301.9, 44.3), (316.8, 44.3), (331.7, 44.3), (346.7, 44.3), (361.6, 44.3), (376.5, 44.3), (391.5, 44.3), (406.4, 44.3), (421.3, 48.0), (436.3, 61.1), (436.3, 76.0), (436.3, 90.9), (436.3, 105.9), (436.3, 120.8), (436.3, 135.7), (436.3, 150.7), (436.3, 165.6), (436.3, 161.9), (436.3, 161.9), (436.3, 165.6), (436.3, 161.9), (436.3, 161.9), (436.3, 165.6), (436.3, 161.9), (436.3, 161.9), (436.3, 165.6), (436.3, 161.9), (436.3, 161.9), (436.3, 165.6), (436.3, 161.9), (436.3, 161.9), (436.3, 165.6), (436.3, 161.9), (436.3, 161.9), (436.3, 165.6), (436.3, 161.9), (436.3, 161.9), (436.3, 165.6), (436.3, 161.9), (436.3, 161.9), (436.3, 154.4), (436.3, 150.7), (436.3, 150.7), (436.3, 143.2)]",0,1,8.0
novice,bomberman,10,Bomb,2,0,40.49,0.5,"[(48.0, 48.0), (62.9, 44.3), (77.9, 44.3), (92.8, 44.3), (107.7, 44.3), (122.7, 44.3), (137.6, 44.3), (152.5, 44.3), (167.5, 44.3), (182.4, 44.3), (197.3, 44.3), (212.3, 44.3), (227.2, 44.3), (242.1, 48.0), (257.1, 51.7), (272.0, 44.3), (286.9, 44.3), (301.9, 44.3), (316.8, 44.3), (331.7, 44.3), (346.7, 44.3), (361.6, 44.3), (376.5, 44.3), (391.5, 44.3), (406.4, 44.3), (421.3, 48.0), (436.3, 61.1), (436.3, 76.0), (436.3, 90.9), (436.3, 105.9), (436.3, 120.8), (436.3, 117.1), (436.3, 113.3), (436.3, 109.6), (436.3, 113.3), (436.3, 105.9), (436.3, 109.6), (436.3, 105.9), (436.3, 113.3), (436.3, 109.6), (436.3, 113.3), (436.3, 117.1), (436.3, 120.8), (436.3, 135.7), (436.3, 135.7), (436.3, 132.0), (436.3, 135.7), (436.3, 135.7), (436.3, 132.0), (436.3, 128.3), (436.3, 128.3), (436.3, 132.0), (436.3, 128.3), (436.3, 128.3), (436.3, 132.0), (436.3, 128.3), (436.3, 128.3), (436.3, 132.0), (436.3, 128.3), (436.3, 128.3), (436.3, 132.0), (432.5, 128.3), (432.5, 128.3), (436.3, 132.0), (432.5, 128.3), (432.5, 128.3), (436.3, 132.0), (432.5, 128.3), (432.5, 128.3), (436.3, 132.0), (432.5, 128.3)]",0,1,9.45
novice,bomberman,10,Bomb,1,0,47.3,0.538,"[(48.0, 48.0), (62.9, 44.3), (77.9, 44.3), (92.8, 44.3), (107.7, 44.3), (122.7, 44.3), (137.6, 44.3), (152.5, 44.3), (167.5, 44.3), (182.4, 44.3), (197.3, 44.3), (212.3, 44.3), (227.2, 44.3), (242.1, 44.3), (257.1, 44.3), (272.0, 44.3), (286.9, 44.3), (301.9, 44.3), (316.8, 44.3), (331.7, 44.3), (346.7, 44.3), (361.6, 44.3), (376.5, 44.3), (391.5, 44.3), (406.4, 44.3), (421.3, 48.0), (436.3, 61.1), (436.3, 76.0), (436.3, 90.9), (436.3, 105.9), (436.3, 120.8), (436.3, 124.5), (436.3, 139.5), (436.3, 154.4), (436.3, 150.7), (436.3, 150.7), (436.3, 154.4), (436.3, 158.1), (436.3, 161.9), (436.3, 165.6), (436.3, 161.9), (436.3, 161.9), (436.3, 165.6), (436.3, 161.9), (436.3, 161.9), (436.3, 165.6), (436.3, 161.9), (436.3, 161.9), (436.3, 165.6), (436.3, 161.9), (436.3, 161.9), (436.3, 165.6), (436.3, 161.9), (436.3, 161.9), (436.3, 165.6), (436.3, 161.9), (436.3, 161.9), (430.7, 165.6), (428.8, 161.9), (428.8, 161.9), (428.8, 165.6)]",0,1,8.05
novice,bomberman,10,Enemy,3,0,22.47,0.808,"[(48.0, 48.0), (62.9, 44.3), (77.9, 44.3), (92.8, 44.3), (107.7, 44.3), (122.7, 44.3), (137.6, 44.3), (152.5, 44.3), (167.5, 44.3), (182.4, 44.3), (197.3, 44.3), (212.3, 44.3), (227.2, 44.3), (242.1, 44.3), (257.1, 44.3), (272.0, 44.3), (286.9, 44.3), (301.9, 44.3), (316.8, 44.3), (331.7, 44.3), (346.7, 44.3), (361.6, 44.3), (376.5, 44.3), (391.5, 44.3), (406.4, 44.3), (421.3, 48.0), (436.3, 61.1), (436.3, 76.0), (436.3, 90.9), (436.3, 105.9), (436.3, 120.8), (436.3, 135.7), (436.3, 150.7), (436.3, 143.2), (436.3, 146.9), (436.3, 139.5), (436.3, 132.0), (436.3, 139.5), (436.3, 146.9), (436.3, 143.2), (436.3, 150.7), (436.3, 150.7), (436.3, 165.6), (436.3, 161.9), (436.3, 161.9), (436.3, 165.6), (436.3, 158.1), (436.3, 150.7), (436.3, 154.4), (436.3, 150.7), (436.3, 150.7), (436.3, 154.4), (436.3, 150.7), (436.3, 135.7), (436.3, 132.0), (436.3, 135.7), (436.3, 124.5), (436.3, 109.6), (436.3, 105.9), (436.3, 105.9), (436.3, 109.6), (436.3, 105.9), (436.3, 102.1), (436.3, 98.4), (436.3, 98.4), (436.3, 98.4), (436.3, 98.4), (436.3, 98.4), (436.3, 98.4), (436.3, 98.4), (436.3, 98.4), (436.3, 98.4), (436.3, 98.4), (436.3, 98.4), (436.3, 98.4), (436.3, 98.4), (436.3, 98.4), (436.3, 98.4), (436.3, 109.6), (436.3, 124.5), (436.3, 139.5), (436.3, 154.4), (436.3, 161.9), (436.3, 161.9), (436.3, 165.6), (436.3, 169.3), (436.3, 173.1), (436.3, 176.8), (436.3, 180.5), (436.3, 184.3), (436.3, 188.0), (436.3, 202.9), (436.3, 206.7), (436.3, 210.4), (436.3, 214.1), (436.3, 217.9), (436.3, 221.6), (436.3, 225.3), (436.3, 225.3), (436.3, 221.6), (436.3, 225.3), (436.3, 225.3), (436.3, 221.6), (436.3, 225.3), (436.3, 225.3), (436.3, 210.4), (436.3, 206.7), (436.3, 206.7), (436.3, 210.4), (436.3, 214.1), (436.3, 214.1), (436.3, 210.4), (436.3, 214.1), (436.3, 214.1), (436.3, 210.4), (436.3, 214.1), (436.3, 217.9), (436.3, 221.6), (436.3, 225.3), (436.3, 225.3), (430.7, 221.6), (434.4, 225.3), (434.4, 225.3), (430.7, 221.6), (434.4, 225.3), (428.8, 225.3), (428.8, 221.6), (428.8, 225.3)]",0,3,16.95
novice,bomberman,10,Enemy,1,0,8.44,0.731,"[(48.0, 48.0), (62.9, 44.3), (77.9, 44.3), (92.8, 44.3), (107.7, 44.3), (122.7, 44.3), (137.6, 44.3), (152.5, 44.3), (167.5, 44.3), (182.4, 44.3), (197.3, 44.3), (212.3, 44.3), (227.2, 44.3), (242.1, 44.3), (257.1, 44.3), (272.0, 44.3), (286.9, 44.3), (301.9, 44.3), (316.8, 44.3), (331.7, 44.3), (346.7, 44.3), (361.6, 44.3), (376.5, 44.3), (391.5, 44.3), (406.4, 44.3), (421.3, 44.3), (436.3, 46.1), (436.3, 61.1), (436.3, 76.0), (436.3, 90.9), (436.3, 94.7), (436.3, 98.4), (436.3, 98.4), (436.3, 94.7), (436.3, 98.4), (436.3, 98.4), (436.3, 94.7), (436.3, 98.4), (436.3, 102.1), (436.3, 109.6), (436.3, 111.5), (436.3, 122.7), (436.3, 137.6), (436.3, 152.5), (436.3, 163.7), (436.3, 160.0), (436.3, 163.7), (436.3, 163.7), (436.3, 160.0), (436.3, 163.7), (436.3, 163.7), (436.3, 160.0), (436.3, 163.7), (436.3, 163.7), (436.3, 160.0), (436.3, 163.7), (436.3, 163.7), (436.3, 160.0), (436.3, 163.7), (436.3, 163.7), (436.3, 160.0), (436.3, 163.7), (436.3, 163.7), (436.3, 160.0), (436.3, 156.3), (436.3, 141.3), (436.3, 126.4), (436.3, 111.5), (436.3, 96.5), (436.3, 81.6), (436.3, 66.7), (436.3, 51.7), (436.3, 44.3), (436.3, 44.3), (436.3, 44.3), (436.3, 44.3), (436.3, 44.3), (436.3, 44.3), (436.3, 44.3), (436.3, 44.3), (436.3, 44.3), (436.3, 44.3), (436.3, 44.3), (436.3, 44.3), (436.3, 44.3), (436.3, 44.3), (436.3, 44.3), (436.3, 44.3), (436.3, 44.3), (436.3, 44.3), (436.3, 44.3), (436.3, 53.6), (436.3, 66.7), (436.3, 66.7), (436.3, 70.4), (436.3, 85.3), (436.3, 100.3), (436.3, 104.0), (436.3, 107.7), (436.3, 122.7), (436.3, 126.4), (436.3, 126.4), (436.3, 122.7), (436.3, 126.4), (436.3, 126.4), (436.3, 122.7), (436.3, 126.4), (436.3, 126.4), (436.3, 122.7), (436.3, 126.4), (436.3, 126.4), (436.3, 122.7), (436.3, 126.4), (436.3, 126.4), (436.3, 122.7), (436.3, 126.4), (436.3, 126.4), (436.3, 122.7), (436.3, 126.4), (436.3, 126.4), (436.3, 122.7), (436.3, 126.4), (436.3, 126.4), (436.3, 122.7), (436.3, 118.9), (436.3, 104.0), (436.3, 89.1), (436.3, 74.1), (436.3, 59.2), (436.3, 44.3), (436.3, 44.3), (436.3, 44.3), (436.3, 44.3), (436.3, 44.3), (436.3, 44.3), (436.3, 44.3), (436.3, 44.3), (436.3, 44.3), (436.3, 44.3), (436.3, 44.3), (436.3, 44.3), (436.3, 44.3), (436.3, 44.3), (436.3, 44.3), (436.3, 44.3), (436.3, 44.3), (436.3, 44.3), (436.3, 44.3), (436.3, 44.3), (436.3, 44.3), (436.3, 44.3), (436.3, 49.9), (436.3, 49.9), (436.3, 55.5), (436.3, 70.4), (436.3, 85.3), (436.3, 100.3), (436.3, 115.2), (436.3, 126.4), (436.3, 122.7), (436.3, 126.4), (436.3, 126.4), (436.3, 122.7), (436.3, 126.4), (436.3, 126.4), (436.3, 122.7), (436.3, 126.4), (436.3, 126.4), (436.3, 122.7), (436.3, 126.4), (436.3, 126.4), (436.3, 122.7), (436.3, 126.4), (436.3, 126.4), (436.3, 122.7), (436.3, 126.4), (436.3, 126.4), (436.3, 122.7), (436.3, 126.4), (436.3, 126.4), (436.3, 122.7), (436.3, 126.4), (436.3, 126.4), (436.3, 122.7), (436.3, 118.9), (436.3, 104.0), (436.3, 89.1), (436.3, 74.1), (436.3, 59.2), (436.3, 44.3), (436.3, 44.3), (436.3, 44.3), (436.3, 44.3), (436.3, 44.3), (436.3, 44.3), (436.3, 44.3), (436.3, 44.3), (436.3, 44.3), (436.3, 44.3), (436.3, 44.3), (436.3, 44.3), (436.3, 44.3), (436.3, 44.3), (436.3, 44.3), (436.3, 44.3), (436.3, 44.3), (436.3, 44.3), (436.3, 44.3), (436.3, 44.3), (436.3, 44.3), (436.3, 44.3), (436.3, 49.9), (436.3, 49.9), (436.3, 55.5), (436.3, 70.4), (436.3, 85.3), (436.3, 100.3), (436.3, 115.2), (436.3, 118.9), (436.3, 122.7), (436.3, 126.4), (436.3, 126.4), (436.3, 122.7), (436.3, 126.4), (436.3, 126.4), (436.3, 122.7), (436.3, 126.4), (436.3, 126.4), (436.3, 122.7), (436.3, 126.4), (436.3, 126.4), (436.3, 122.7), (436.3, 126.4), (436.3, 126.4), (436.3, 122.7), (436.3, 126.4), (436.3, 126.4), (436.3, 122.7), (436.3, 126.4), (436.3, 126.4), (436.3, 122.7), (436.3, 126.4), (436.3, 126.4), (436.3, 122.7), (436.3, 118.9), (436.3, 104.0), (436.3, 111.5), (436.3, 126.4), (436.3, 126.4), (436.3, 122.7), (436.3, 126.4), (436.3, 126.4), (436.3, 122.7), (436.3, 126.4), (436.3, 137.6), (436.3, 145.1), (436.3, 141.3), (436.3, 150.7), (436.3, 158.1), (436.3, 161.9), (436.3, 161.9), (436.3, 158.1), (436.3, 161.9), (436.3, 161.9), (436.3, 158.1), (436.3, 161.9), (436.3, 161.9), (436.3, 158.1), (436.3, 173.1), (436.3, 176.8), (436.3, 180.5), (430.7, 180.5), (430.7, 180.5), (428.8, 180.5), (432.5, 176.8), (436.3, 161.9), (436.3, 146.9), (436.3, 132.0), (436.3, 117.1), (436.3, 102.1), (436.3, 87.2), (436.3, 72.3), (436.3, 57.3), (436.3, 44.3), (436.3, 44.3), (436.3, 44.3), (436.3, 44.3), (436.3, 44.3), (436.3, 44.3), (436.3, 44.3), (436.3, 44.3), (436.3, 44.3), (436.3, 44.3), (436.3, 44.3), (436.3, 44.3), (436.3, 44.3), (436.3, 44.3), (436.3, 44.3), (436.3, 44.3), (436.3, 44.3), (436.3, 44.3), (436.3, 59.2), (436.3, 74.1), (436.3, 89.1), (436.3, 104.0), (436.3, 118.9), (436.3, 133.9), (436.3, 148.8), (436.3, 163.7), (436.3, 167.5), (436.3, 163.7), (436.3, 152.5), (436.3, 145.1), (436.3, 141.3), (436.3, 137.6), (436.3, 122.7), (436.3, 126.4), (436.3, 126.4), (436.3, 122.7), (436.3, 126.4), (436.3, 126.4), (436.3, 122.7), (436.3, 126.4), (436.3, 126.4), (436.3, 122.7), (436.3, 126.4), (436.3, 126.4), (436.3, 122.7), (436.3, 126.4), (436.3, 126.4), (436.3, 122.7), (436.3, 126.4), (436.3, 126.4), (436.3, 122.7), (436.3, 126.4), (436.3, 126.4), (436.3, 122.7), (436.3, 126.4), (436.3, 126.4), (436.3, 122.7), (436.3, 126.4), (436.3, 126.4), (436.3, 122.7), (436.3, 126.4), (436.3, 130.1), (436.3, 145.1)]",0,3,46.0
novice,bomberman,10,Bomb,1,0,31.48,0.692,"[(48.0, 48.0), (62.9, 44.3), (77.9, 44.3), (92.8, 44.3), (107.7, 44.3), (122.7, 44.3), (137.6, 44.3), (152.5, 44.3), (167.5, 44.3), (182.4, 44.3), (197.3, 44.3), (212.3, 44.3), (227.2, 44.3), (242.1, 44.3), (257.1, 44.3), (272.0, 44.3), (286.9, 44.3), (301.9, 44.3), (316.8, 44.3), (331.7, 44.3), (346.7, 44.3), (361.6, 44.3), (376.5, 44.3), (391.5, 44.3), (406.4, 44.3), (421.3, 48.0), (436.3, 61.1), (436.3, 76.0), (436.3, 90.9), (436.3, 105.9), (436.3, 120.8), (436.3, 135.7), (436.3, 150.7), (436.3, 165.6), (436.3, 161.9), (436.3, 161.9), (436.3, 165.6), (436.3, 161.9), (436.3, 161.9), (436.3, 165.6), (436.3, 169.3), (436.3, 173.1), (436.3, 176.8), (436.3, 180.5), (436.3, 180.5), (436.3, 180.5), (436.3, 180.5), (436.3, 180.5), (436.3, 180.5), (436.3, 180.5), (436.3, 180.5), (436.3, 180.5), (436.3, 180.5), (436.3, 180.5), (436.3, 180.5), (436.3, 180.5), (436.3, 180.5), (436.3, 180.5), (436.3, 180.5), (436.3, 180.5), (436.3, 180.5), (428.8, 180.5), (428.8, 180.5), (428.8, 180.5), (432.5, 176.8), (436.3, 161.9), (436.3, 146.9), (436.3, 132.0), (436.3, 117.1), (436.3, 102.1), (436.3, 87.2), (436.3, 83.5), (436.3, 79.7), (436.3, 83.5), (436.3, 87.2), (436.3, 90.9), (436.3, 94.7), (436.3, 94.7), (436.3, 96.5), (436.3, 96.5), (436.3, 96.5), (436.3, 96.5), (436.3, 96.5), (436.3, 96.5), (436.3, 96.5), (436.3, 96.5), (436.3, 96.5), (436.3, 96.5), (436.3, 96.5), (436.3, 96.5), (436.3, 96.5), (436.3, 105.9), (436.3, 120.8)]",0,3,12.33
novice,bomberman,10,Bomb,5,0,40.51,0.731,"[(48.0, 48.0), (62.9, 44.3), (77.9, 44.3), (92.8, 44.3), (107.7, 44.3), (122.7, 44.3), (137.6, 44.3), (152.5, 44.3), (167.5, 44.3), (182.4, 44.3), (197.3, 44.3), (212.3, 44.3), (227.2, 44.3), (242.1, 44.3), (257.1, 46.1), (272.0, 44.3), (286.9, 44.3), (301.9, 44.3), (316.8, 44.3), (331.7, 44.3), (346.7, 44.3), (361.6, 44.3), (376.5, 44.3), (391.5, 44.3), (406.4, 44.3), (421.3, 48.0), (436.3, 61.1), (436.3, 76.0), (436.3, 90.9), (436.3, 105.9), (436.3, 120.8), (436.3, 135.7), (436.3, 150.7), (436.3, 165.6), (436.3, 161.9), (436.3, 161.9), (436.3, 165.6), (436.3, 161.9), (436.3, 161.9), (436.3, 165.6), (436.3, 161.9), (436.3, 169.3), (436.3, 165.6), (436.3, 161.9), (436.3, 161.9), (436.3, 165.6), (436.3, 169.3), (436.3, 169.3), (436.3, 165.6), (436.3, 169.3), (436.3, 173.1), (436.3, 176.8), (436.3, 173.1), (436.3, 173.1), (436.3, 176.8), (436.3, 173.1), (436.3, 173.1), (436.3, 174.9), (436.3, 180.5), (434.4, 180.5), (428.8, 180.5), (428.8, 180.5), (428.8, 180.5), (428.8, 180.5), (428.8, 180.5), (428.8, 180.5), (428.8, 180.5), (428.8, 180.5), (428.8, 180.5), (428.8, 180.5), (428.8, 180.5)]",0,2,9.4
novice,bomberman,10,Bomb,3,0,10.26,0.5,"[(48.0, 48.0), (62.9, 44.3), (77.9, 44.3), (92.8, 44.3), (107.7, 44.3), (122.7, 44.3), (137.6, 44.3), (152.5, 44.3), (167.5, 44.3), (182.4, 44.3), (197.3, 44.3), (212.3, 44.3), (227.2, 44.3), (242.1, 48.0), (257.1, 51.7), (272.0, 44.3), (286.9, 44.3), (301.9, 44.3), (316.8, 44.3), (331.7, 44.3), (346.7, 44.3), (361.6, 49.9), (372.8, 64.8), (372.8, 79.7), (372.8, 94.7), (372.8, 98.4), (372.8, 98.4), (372.8, 94.7), (372.8, 98.4), (372.8, 98.4), (372.8, 94.7), (372.8, 98.4), (372.8, 98.4), (372.8, 94.7), (372.8, 98.4), (372.8, 98.4), (372.8, 94.7), (372.8, 98.4), (372.8, 98.4), (372.8, 94.7), (372.8, 98.4), (372.8, 102.1), (372.8, 105.9), (372.8, 115.2), (372.8, 115.2), (372.8, 115.2), (372.8, 111.5), (372.8, 107.7), (372.8, 104.0), (372.8, 100.3), (372.8, 96.5), (372.8, 92.8), (372.8, 89.1), (372.8, 89.1), (372.8, 92.8), (372.8, 89.1), (372.8, 85.3), (372.8, 64.8), (376.5, 48.0), (391.5, 44.3), (406.4, 44.3), (421.3, 48.0), (436.3, 51.7), (436.3, 55.5), (436.3, 48.0), (436.3, 48.0), (436.3, 44.3), (436.3, 44.3), (436.3, 44.3), (436.3, 44.3), (436.3, 44.3), (436.3, 44.3), (436.3, 44.3), (436.3, 44.3), (436.3, 48.0), (436.3, 55.5), (436.3, 59.2), (436.3, 74.1), (436.3, 89.1), (436.3, 96.5), (436.3, 96.5), (436.3, 100.3), (436.3, 96.5), (436.3, 96.5), (436.3, 100.3), (436.3, 104.0), (436.3, 104.0), (436.3, 111.5), (436.3, 115.2), (436.3, 115.2), (436.3, 122.7), (436.3, 118.9), (436.3, 118.9), (436.3, 133.9), (436.3, 137.6), (436.3, 137.6), (436.3, 145.1), (436.3, 141.3), (436.3, 141.3), (436.3, 156.3), (436.3, 152.5), (436.3, 152.5), (436.3, 145.1), (436.3, 141.3), (436.3, 137.6), (436.3, 133.9), (436.3, 137.6), (436.3, 137.6), (436.3, 133.9), (436.3, 137.6), (436.3, 137.6), (436.3, 133.9), (436.3, 137.6), (436.3, 137.6), (436.3, 133.9), (436.3, 130.1), (436.3, 126.4), (436.3, 111.5), (436.3, 96.5), (436.3, 81.6), (436.3, 77.9), (436.3, 81.6), (436.3, 70.4), (436.3, 66.7), (436.3, 70.4), (436.3, 70.4), (436.3, 66.7), (436.3, 62.9), (436.3, 48.0), (436.3, 44.3), (436.3, 44.3), (436.3, 44.3), (436.3, 44.3), (436.3, 46.1), (436.3, 57.3), (436.3, 61.1), (436.3, 76.0), (436.3, 90.9), (436.3, 94.7), (436.3, 98.4), (436.3, 98.4), (436.3, 94.7), (436.3, 98.4), (436.3, 102.1), (436.3, 105.9), (436.3, 109.6), (436.3, 113.3), (436.3, 117.1), (436.3, 120.8), (436.3, 120.8), (436.3, 128.3), (436.3, 135.7), (436.3, 135.7), (436.3, 139.5), (436.3, 143.2), (436.3, 143.2), (436.3, 150.7), (436.3, 154.4), (436.3, 154.4), (436.3, 139.5), (436.3, 143.2), (436.3, 146.9), (436.3, 139.5), (436.3, 135.7), (436.3, 132.0), (436.3, 128.3), (436.3, 113.3), (436.3, 98.4), (436.3, 83.5), (436.3, 87.2), (436.3, 87.2), (436.3, 83.5), (436.3, 87.2), (436.3, 79.7), (436.3, 83.5), (436.3, 79.7), (436.3, 79.7), (436.3, 72.3), (436.3, 68.5), (436.3, 68.5), (436.3, 72.3), (436.3, 68.5), (436.3, 68.5), (436.3, 61.1), (436.3, 46.1), (436.3, 44.3), (436.3, 44.3), (436.3, 44.3), (436.3, 44.3), (436.3, 44.3), (436.3, 44.3), (436.3, 44.3), (436.3, 44.3), (436.3, 59.2), (436.3, 62.9), (436.3, 77.9), (436.3, 92.8), (436.3, 96.5), (436.3, 100.3), (436.3, 96.5), (436.3, 104.0), (436.3, 100.3), (436.3, 104.0), (436.3, 115.2), (436.3, 111.5), (436.3, 115.2), (436.3, 118.9), (436.3, 122.7), (436.3, 137.6), (436.3, 137.6), (436.3, 145.1), (436.3, 141.3), (436.3, 141.3), (436.3, 156.3), (436.3, 152.5), (436.3, 152.5), (436.3, 145.1), (436.3, 141.3), (436.3, 141.3), (436.3, 133.9), (436.3, 137.6), (436.3, 141.3), (436.3, 133.9), (436.3, 118.9), (436.3, 118.9), (436.3, 111.5), (436.3, 96.5), (436.3, 85.3), (436.3, 77.9), (436.3, 81.6), (436.3, 81.6), (436.3, 77.9), (436.3, 81.6), (436.3, 74.1), (436.3, 66.7), (436.3, 70.4), (436.3, 70.4), (436.3, 66.7), (436.3, 62.9), (436.3, 48.0), (436.3, 44.3), (436.3, 44.3), (436.3, 44.3), (436.3, 44.3), (436.3, 44.3), (436.3, 44.3), (436.3, 44.3), (436.3, 44.3), (436.3, 44.3), (436.3, 44.3), (436.3, 44.3), (436.3, 44.3), (436.3, 55.5), (436.3, 70.4), (436.3, 85.3), (436.3, 100.3), (436.3, 96.5), (436.3, 96.5), (436.3, 100.3), (436.3, 104.0), (436.3, 107.7), (436.3, 111.5), (436.3, 115.2), (436.3, 118.9), (436.3, 122.7), (436.3, 126.4), (436.3, 137.6), (436.3, 145.1), (436.3, 141.3), (436.3, 141.3), (436.3, 156.3), (436.3, 152.5), (436.3, 152.5), (436.3, 145.1), (436.3, 141.3), (436.3, 141.3), (436.3, 133.9), (436.3, 137.6), (436.3, 137.6), (436.3, 133.9), (436.3, 126.4), (436.3, 130.1), (436.3, 122.7), (436.3, 107.7)]",0,2,37.85
novice,bomberman,10,Bomb,2,0,42.55,0.538,"[(48.0, 48.0), (62.9, 44.3), (77.9, 44.3), (92.8, 44.3), (107.7, 44.3), (122.7, 44.3), (137.6, 44.3), (152.5, 44.3), (167.5, 44.3), (182.4, 44.3), (197.3, 44.3), (212.3, 44.3), (227.2, 44.3), (242.1, 44.3), (257.1, 44.3), (272.0, 44.3), (286.9, 44.3), (301.9, 44.3), (316.8, 44.3), (331.7, 44.3), (346.7, 44.3), (361.6, 44.3), (376.5, 44.3), (391.5, 44.3), (406.4, 44.3), (421.3, 48.0), (436.3, 61.1), (436.3, 76.0), (436.3, 90.9), (436.3, 105.9), (436.3, 120.8), (436.3, 135.7), (436.3, 150.7), (436.3, 165.6), (436.3, 150.7), (436.3, 150.7), (436.3, 143.2), (436.3, 150.7), (436.3, 158.1), (436.3, 165.6), (436.3, 161.9), (436.3, 161.9), (436.3, 165.6), (436.3, 161.9), (436.3, 161.9), (436.3, 165.6), (436.3, 161.9), (436.3, 161.9), (436.3, 165.6), (436.3, 161.9), (436.3, 161.9), (436.3, 165.6), (436.3, 161.9), (436.3, 161.9), (436.3, 165.6), (436.3, 161.9), (436.3, 161.9), (436.3, 165.6), (436.3, 161.9), (434.4, 161.9), (428.8, 165.6), (428.8, 161.9), (428.8, 161.9), (428.8, 165.6), (428.8, 161.9), (428.8, 161.9), (428.8, 165.6), (428.8, 161.9)]",0,0,8.95
novice,bomberman,10,Bomb,3,0,39.45,0.5,"[(48.0, 48.0), (62.9, 44.3), (77.9, 44.3), (92.8, 44.3), (107.7, 44.3), (122.7, 44.3), (137.6, 44.3), (152.5, 44.3), (167.5, 44.3), (182.4, 44.3), (197.3, 44.3), (212.3, 44.3), (227.2, 44.3), (242.1, 44.3), (257.1, 44.3), (272.0, 44.3), (286.9, 44.3), (301.9, 44.3), (316.8, 44.3), (331.7, 44.3), (346.7, 44.3), (361.6, 44.3), (376.5, 44.3), (391.5, 44.3), (406.4, 44.3), (421.3, 44.3), (436.3, 44.3), (436.3, 44.3), (436.3, 44.3), (436.3, 44.3), (436.3, 44.3), (436.3, 44.3), (436.3, 44.3), (436.3, 44.3), (436.3, 44.3), (436.3, 44.3), (436.3, 44.3), (436.3, 44.3), (436.3, 44.3), (436.3, 44.3), (436.3, 44.3), (436.3, 44.3), (436.3, 44.3), (436.3, 44.3), (436.3, 46.1), (436.3, 61.1), (436.3, 76.0), (436.3, 90.9), (436.3, 105.9), (436.3, 120.8), (436.3, 135.7), (436.3, 150.7), (436.3, 143.2), (436.3, 143.2), (436.3, 139.5), (436.3, 132.0), (436.3, 120.8), (436.3, 117.1), (436.3, 113.3), (436.3, 113.3), (436.3, 105.9), (436.3, 102.1), (436.3, 102.1), (436.3, 94.7), (436.3, 98.4), (436.3, 98.4), (436.3, 94.7), (436.3, 98.4), (436.3, 98.4), (436.3, 94.7), (436.3, 98.4), (436.3, 98.4), (436.3, 94.7)]",0,0,9.7
novice,bomberman,10,Bomb,3,0,20.27,0.462,"[(48.0, 48.0), (62.9, 51.7), (77.9, 44.3), (92.8, 44.3), (107.7, 44.3), (122.7, 44.3), (137.6, 44.3), (152.5, 44.3), (167.5, 44.3), (182.4, 44.3), (197.3, 44.3), (212.3, 44.3), (227.2, 44.3), (242.1, 44.3), (257.1, 51.7), (272.0, 44.3), (286.9, 44.3), (301.9, 55.5), (307.5, 70.4), (307.5, 77.9), (307.5, 77.9), (307.5, 81.6), (307.5, 77.9), (307.5, 77.9), (307.5, 81.6), (307.5, 77.9), (307.5, 77.9), (307.5, 81.6), (307.5, 77.9), (307.5, 77.9), (307.5, 81.6), (307.5, 77.9), (307.5, 77.9), (307.5, 81.6), (307.5, 77.9), (307.5, 77.9), (307.5, 81.6), (307.5, 77.9), (307.5, 77.9), (307.5, 81.6), (307.5, 77.9), (307.5, 77.9), (307.5, 81.6), (307.5, 77.9), (307.5, 83.5), (307.5, 83.5), (307.5, 83.5), (307.5, 83.5), (307.5, 83.5), (307.5, 83.5), (307.5, 83.5), (307.5, 83.5), (307.5, 83.5), (307.5, 83.5), (307.5, 83.5), (307.5, 83.5), (307.5, 83.5), (307.5, 83.5), (307.5, 83.5), (307.5, 83.5), (307.5, 83.5), (307.5, 83.5), (307.5, 83.5), (307.5, 83.5), (307.5, 81.6), (307.5, 81.6), (307.5, 77.9), (307.5, 81.6), (307.5, 81.6), (307.5, 74.1), (307.5, 76.0), (307.5, 70.4), (307.5, 51.7), (322.4, 44.3), (337.3, 51.7), (357.9, 46.1), (372.8, 61.1), (372.8, 64.8), (372.8, 79.7), (372.8, 94.7), (372.8, 94.7), (372.8, 90.9), (372.8, 94.7), (372.8, 94.7), (372.8, 90.9), (372.8, 94.7), (372.8, 94.7), (372.8, 90.9), (372.8, 94.7), (372.8, 94.7), (372.8, 90.9), (372.8, 94.7), (372.8, 109.6), (372.8, 113.3), (372.8, 115.2), (372.8, 115.2), (372.8, 115.2), (372.8, 115.2), (372.8, 115.2), (372.8, 115.2), (372.8, 115.2), (372.8, 115.2), (372.8, 115.2), (372.8, 115.2), (372.8, 115.2), (372.8, 115.2), (372.8, 115.2), (372.8, 115.2), (372.8, 115.2), (372.8, 115.2), (372.8, 115.2), (372.8, 115.2), (372.8, 115.2), (372.8, 115.2), (372.8, 115.2), (372.8, 115.2), (372.8, 115.2), (372.8, 115.2), (372.8, 115.2)]",0,3,15.75
novice,bomberman,10,Bomb,2,0,24.89,0.154,"[(48.0, 48.0), (62.9, 44.3), (77.9, 44.3), (92.8, 44.3), (107.7, 44.3), (122.7, 44.3), (137.6, 44.3), (152.5, 44.3), (167.5, 44.3), (182.4, 44.3), (197.3, 44.3), (212.3, 44.3), (227.2, 44.3), (242.1, 59.2), (244.0, 74.1), (244.0, 92.8), (244.0, 109.6), (258.9, 113.3), (273.9, 109.6), (275.7, 113.3), (275.7, 113.3), (275.7, 109.6), (275.7, 113.3), (275.7, 113.3), (275.7, 109.6), (275.7, 113.3), (275.7, 113.3), (275.7, 109.6), (275.7, 113.3), (275.7, 113.3), (275.7, 109.6), (275.7, 113.3), (275.7, 113.3), (275.7, 109.6), (275.7, 113.3), (275.7, 113.3), (275.7, 109.6), (275.7, 113.3), (275.7, 113.3), (275.7, 109.6), (275.7, 115.2), (275.7, 115.2), (275.7, 115.2), (275.7, 115.2), (275.7, 115.2), (275.7, 115.2), (275.7, 115.2), (275.7, 115.2), (275.7, 115.2), (275.7, 115.2), (275.7, 115.2), (275.7, 115.2), (275.7, 115.2), (275.7, 115.2), (275.7, 115.2), (275.7, 115.2), (275.7, 115.2), (275.7, 115.2), (275.7, 115.2), (275.7, 115.2), (275.7, 115.2), (275.7, 115.2), (275.7, 115.2), (275.7, 115.2), (275.7, 115.2), (275.7, 115.2), (275.7, 115.2), (275.7, 115.2), (275.7, 115.2)]",0,1,9.15
novice,bomberman,10,Bomb,1,0,47.64,0.5,"[(48.0, 48.0), (62.9, 44.3), (77.9, 44.3), (92.8, 44.3), (107.7, 44.3), (122.7, 44.3), (137.6, 44.3), (152.5, 44.3), (167.5, 44.3), (182.4, 44.3), (197.3, 44.3), (212.3, 44.3), (227.2, 44.3), (242.1, 44.3), (257.1, 44.3), (272.0, 44.3), (286.9, 44.3), (301.9, 44.3), (316.8, 44.3), (331.7, 44.3), (346.7, 44.3), (361.6, 44.3), (376.5, 44.3), (391.5, 44.3), (406.4, 44.3), (421.3, 48.0), (436.3, 61.1), (436.3, 76.0), (436.3, 90.9), (436.3, 94.7), (436.3, 98.4), (436.3, 94.7), (436.3, 94.7), (436.3, 98.4), (436.3, 113.3), (436.3, 117.1), (436.3, 109.6), (436.3, 117.1), (436.3, 128.3), (436.3, 143.2), (436.3, 146.9), (436.3, 150.7), (436.3, 154.4), (436.3, 158.1), (436.3, 150.7), (436.3, 154.4), (436.3, 146.9), (436.3, 139.5), (436.3, 132.0), (436.3, 128.3), (436.3, 128.3), (436.3, 132.0), (436.3, 128.3), (436.3, 124.5), (436.3, 120.8), (436.3, 117.1), (436.3, 113.3), (436.3, 109.6), (436.3, 109.6), (436.3, 109.6), (436.3, 109.6), (436.3, 109.6)]",0,0,8.15
novice,bomberman,10,Enemy,3,0,22.47,0.808,"[(48.0, 48.0), (62.9, 44.3), (77.9, 44.3), (92.8, 44.3), (107.7, 44.3), (122.7, 44.3), (137.6, 44.3), (152.5, 44.3), (167.5, 44.3), (182.4, 44.3), (197.3, 44.3), (212.3, 44.3), (227.2, 44.3), (242.1, 44.3), (257.1, 44.3), (272.0, 44.3), (286.9, 44.3), (301.9, 44.3), (316.8, 44.3), (331.7, 44.3), (346.7, 44.3), (361.6, 44.3), (376.5, 44.3), (391.5, 44.3), (406.4, 44.3), (421.3, 48.0), (436.3, 61.1), (436.3, 76.0), (436.3, 90.9), (436.3, 105.9), (436.3, 120.8), (436.3, 135.7), (436.3, 150.7), (436.3, 143.2), (436.3, 146.9), (436.3, 139.5), (436.3, 132.0), (436.3, 139.5), (436.3, 146.9), (436.3, 143.2), (436.3, 150.7), (436.3, 150.7), (436.3, 165.6), (436.3, 161.9), (436.3, 161.9), (436.3, 165.6), (436.3, 158.1), (436.3, 150.7), (436.3, 154.4), (436.3, 150.7), (436.3, 150.7), (436.3, 154.4), (436.3, 150.7), (436.3, 135.7), (436.3, 132.0), (436.3, 135.7), (436.3, 124.5), (436.3, 109.6), (436.3, 105.9), (436.3, 105.9), (436.3, 109.6), (436.3, 105.9), (436.3, 102.1), (436.3, 98.4), (436.3, 98.4), (436.3, 98.4), (436.3, 98.4), (436.3, 98.4), (436.3, 98.4), (436.3, 98.4), (436.3, 98.4), (436.3, 98.4), (436.3, 98.4), (436.3, 98.4), (436.3, 98.4), (436.3, 98.4), (436.3, 98.4), (436.3, 98.4), (436.3, 109.6), (436.3, 124.5), (436.3, 139.5), (436.3, 154.4), (436.3, 161.9), (436.3, 161.9), (436.3, 165.6), (436.3, 169.3), (436.3, 173.1), (436.3, 176.8), (436.3, 180.5), (436.3, 184.3), (436.3, 188.0), (436.3, 202.9), (436.3, 206.7), (436.3, 210.4), (436.3, 214.1), (436.3, 217.9), (436.3, 221.6), (436.3, 225.3), (436.3, 225.3), (436.3, 221.6), (436.3, 225.3), (436.3, 225.3), (436.3, 221.6), (436.3, 225.3), (436.3, 225.3), (436.3, 210.4), (436.3, 206.7), (436.3, 206.7), (436.3, 210.4), (436.3, 214.1), (436.3, 214.1), (436.3, 210.4), (436.3, 214.1), (436.3, 214.1), (436.3, 210.4), (436.3, 214.1), (436.3, 217.9), (436.3, 221.6), (436.3, 225.3), (436.3, 225.3), (430.7, 221.6), (434.4, 225.3), (434.4, 225.3), (430.7, 221.6), (434.4, 225.3), (428.8, 225.3), (428.8, 221.6), (428.8, 225.3)]",0,3,16.95
novice,bomberman,10,Enemy,1,0,8.44,0.731,"[(48.0, 48.0), (62.9, 44.3), (77.9, 44.3), (92.8, 44.3), (107.7, 44.3), (122.7, 44.3), (137.6, 44.3), (152.5, 44.3), (167.5, 44.3), (182.4, 44.3), (197.3, 44.3), (212.3, 44.3), (227.2, 44.3), (242.1, 44.3), (257.1, 44.3), (272.0, 44.3), (286.9, 44.3), (301.9, 44.3), (316.8, 44.3), (331.7, 44.3), (346.7, 44.3), (361.6, 44.3), (376.5, 44.3), (391.5, 44.3), (406.4, 44.3), (421.3, 44.3), (436.3, 46.1), (436.3, 61.1), (436.3, 76.0), (436.3, 90.9), (436.3, 94.7), (436.3, 98.4), (436.3, 98.4), (436.3, 94.7), (436.3, 98.4), (436.3, 98.4), (436.3, 94.7), (436.3, 98.4), (436.3, 102.1), (436.3, 109.6), (436.3, 111.5), (436.3, 122.7), (436.3, 137.6), (436.3, 152.5), (436.3, 163.7), (436.3, 160.0), (436.3, 163.7), (436.3, 163.7), (436.3, 160.0), (436.3, 163.7), (436.3, 163.7), (436.3, 160.0), (436.3, 163.7), (436.3, 163.7), (436.3, 160.0), (436.3, 163.7), (436.3, 163.7), (436.3, 160.0), (436.3, 163.7), (436.3, 163.7), (436.3, 160.0), (436.3, 163.7), (436.3, 163.7), (436.3, 160.0), (436.3, 156.3), (436.3, 141.3), (436.3, 126.4), (436.3, 111.5), (436.3, 96.5), (436.3, 81.6), (436.3, 66.7), (436.3, 51.7), (436.3, 44.3), (436.3, 44.3), (436.3, 44.3), (436.3, 44.3), (436.3, 44.3), (436.3, 44.3), (436.3, 44.3), (436.3, 44.3), (436.3, 44.3), (436.3, 44.3), (436.3, 44.3), (436.3, 44.3), (436.3, 44.3), (436.3, 44.3), (436.3, 44.3), (436.3, 44.3), (436.3, 44.3), (436.3, 44.3), (436.3, 44.3), (436.3, 53.6), (436.3, 66.7), (436.3, 66.7), (436.3, 70.4), (436.3, 85.3), (436.3, 100.3), (436.3, 104.0), (436.3, 107.7), (436.3, 122.7), (436.3, 126.4), (436.3, 126.4), (436.3, 122.7), (436.3, 126.4), (436.3, 126.4), (436.3, 122.7), (436.3, 126.4), (436.3, 126.4), (436.3, 122.7), (436.3, 126.4), (436.3, 126.4), (436.3, 122.7), (436.3, 126.4), (436.3, 126.4), (436.3, 122.7), (436.3, 126.4), (436.3, 126.4), (436.3, 122.7), (436.3, 126.4), (436.3, 126.4), (436.3, 122.7), (436.3, 126.4), (436.3, 126.4), (436.3, 122.7), (436.3, 118.9), (436.3, 104.0), (436.3, 89.1), (436.3, 74.1), (436.3, 59.2), (436.3, 44.3), (436.3, 44.3), (436.3, 44.3), (436.3, 44.3), (436.3, 44.3), (436.3, 44.3), (436.3, 44.3), (436.3, 44.3), (436.3, 44.3), (436.3, 44.3), (436.3, 44.3), (436.3, 44.3), (436.3, 44.3), (436.3, 44.3), (436.3, 44.3), (436.3, 44.3), (436.3, 44.3), (436.3, 44.3), (436.3, 44.3), (436.3, 44.3), (436.3, 44.3), (436.3, 44.3), (436.3, 49.9), (436.3, 49.9), (436.3, 55.5), (436.3, 70.4), (436.3, 85.3), (436.3, 100.3), (436.3, 115.2), (436.3, 126.4), (436.3, 122.7), (436.3, 126.4), (436.3, 126.4), (436.3, 122.7), (436.3, 126.4), (436.3, 126.4), (436.3, 122.7), (436.3, 126.4), (436.3, 126.4), (436.3, 122.7), (436.3, 126.4), (436.3, 126.4), (436.3, 122.7), (436.3, 126.4), (436.3, 126.4), (436.3, 122.7), (436.3, 126.4), (436.3, 126.4), (436.3, 122.7), (436.3, 126.4), (436.3, 126.4), (436.3, 122.7), (436.3, 126.4), (436.3, 126.4), (436.3, 122.7), (436.3, 118.9), (436.3, 104.0), (436.3, 89.1), (436.3, 74.1), (436.3, 59.2), (436.3, 44.3), (436.3, 44.3), (436.3, 44.3), (436.3, 44.3), (436.3, 44.3), (436.3, 44.3), (436.3, 44.3), (436.3, 44.3), (436.3, 44.3), (436.3, 44.3), (436.3, 44.3), (436.3, 44.3), (436.3, 44.3), (436.3, 44.3), (436.3, 44.3), (436.3, 44.3), (436.3, 44.3), (436.3, 44.3), (436.3, 44.3), (436.3, 44.3), (436.3, 44.3), (436.3, 44.3), (436.3, 49.9), (436.3, 49.9), (436.3, 55.5), (436.3, 70.4), (436.3, 85.3), (436.3, 100.3), (436.3, 115.2), (436.3, 118.9), (436.3, 122.7), (436.3, 126.4), (436.3, 126.4), (436.3, 122.7), (436.3, 126.4), (436.3, 126.4), (436.3, 122.7), (436.3, 126.4), (436.3, 126.4), (436.3, 122.7), (436.3, 126.4), (436.3, 126.4), (436.3, 122.7), (436.3, 126.4), (436.3, 126.4), (436.3, 122.7), (436.3, 126.4), (436.3, 126.4), (436.3, 122.7), (436.3, 126.4), (436.3, 126.4), (436.3, 122.7), (436.3, 126.4), (436.3, 126.4), (436.3, 122.7), (436.3, 118.9), (436.3, 104.0), (436.3, 111.5), (436.3, 126.4), (436.3, 126.4), (436.3, 122.7), (436.3, 126.4), (436.3, 126.4), (436.3, 122.7), (436.3, 126.4), (436.3, 137.6), (436.3, 145.1), (436.3, 141.3), (436.3, 150.7), (436.3, 158.1), (436.3, 161.9), (436.3, 161.9), (436.3, 158.1), (436.3, 161.9), (436.3, 161.9), (436.3, 158.1), (436.3, 161.9), (436.3, 161.9), (436.3, 158.1), (436.3, 173.1), (436.3, 176.8), (436.3, 180.5), (430.7, 180.5), (430.7, 180.5), (428.8, 180.5), (432.5, 176.8), (436.3, 161.9), (436.3, 146.9), (436.3, 132.0), (436.3, 117.1), (436.3, 102.1), (436.3, 87.2), (436.3, 72.3), (436.3, 57.3), (436.3, 44.3), (436.3, 44.3), (436.3, 44.3), (436.3, 44.3), (436.3, 44.3), (436.3, 44.3), (436.3, 44.3), (436.3, 44.3), (436.3, 44.3), (436.3, 44.3), (436.3, 44.3), (436.3, 44.3), (436.3, 44.3), (436.3, 44.3), (436.3, 44.3), (436.3, 44.3), (436.3, 44.3), (436.3, 44.3), (436.3, 59.2), (436.3, 74.1), (436.3, 89.1), (436.3, 104.0), (436.3, 118.9), (436.3, 133.9), (436.3, 148.8), (436.3, 163.7), (436.3, 167.5), (436.3, 163.7), (436.3, 152.5), (436.3, 145.1), (436.3, 141.3), (436.3, 137.6), (436.3, 122.7), (436.3, 126.4), (436.3, 126.4), (436.3, 122.7), (436.3, 126.4), (436.3, 126.4), (436.3, 122.7), (436.3, 126.4), (436.3, 126.4), (436.3, 122.7), (436.3, 126.4), (436.3, 126.4), (436.3, 122.7), (436.3, 126.4), (436.3, 126.4), (436.3, 122.7), (436.3, 126.4), (436.3, 126.4), (436.3, 122.7), (436.3, 126.4), (436.3, 126.4), (436.3, 122.7), (436.3, 126.4), (436.3, 126.4), (436.3, 122.7), (436.3, 126.4), (436.3, 126.4), (436.3, 122.7), (436.3, 126.4), (436.3, 130.1), (436.3, 145.1)]",0,3,46.0
novice,bomberman,10,Bomb,1,0,31.48,0.692,"[(48.0, 48.0), (62.9, 44.3), (77.9, 44.3), (92.8, 44.3), (107.7, 44.3), (122.7, 44.3), (137.6, 44.3), (152.5, 44.3), (167.5, 44.3), (182.4, 44.3), (197.3, 44.3), (212.3, 44.3), (227.2, 44.3), (242.1, 44.3), (257.1, 44.3), (272.0, 44.3), (286.9, 44.3), (301.9, 44.3), (316.8, 44.3), (331.7, 44.3), (346.7, 44.3), (361.6, 44.3), (376.5, 44.3), (391.5, 44.3), (406.4, 44.3), (421.3, 48.0), (436.3, 61.1), (436.3, 76.0), (436.3, 90.9), (436.3, 105.9), (436.3, 120.8), (436.3, 135.7), (436.3, 150.7), (436.3, 165.6), (436.3, 161.9), (436.3, 161.9), (436.3, 165.6), (436.3, 161.9), (436.3, 161.9), (436.3, 165.6), (436.3, 169.3), (436.3, 173.1), (436.3, 176.8), (436.3, 180.5), (436.3, 180.5), (436.3, 180.5), (436.3, 180.5), (436.3, 180.5), (436.3, 180.5), (436.3, 180.5), (436.3, 180.5), (436.3, 180.5), (436.3, 180.5), (436.3, 180.5), (436.3, 180.5), (436.3, 180.5), (436.3, 180.5), (436.3, 180.5), (436.3, 180.5), (436.3, 180.5), (436.3, 180.5), (428.8, 180.5), (428.8, 180.5), (428.8, 180.5), (432.5, 176.8), (436.3, 161.9), (436.3, 146.9), (436.3, 132.0), (436.3, 117.1), (436.3, 102.1), (436.3, 87.2), (436.3, 83.5), (436.3, 79.7), (436.3, 83.5), (436.3, 87.2), (436.3, 90.9), (436.3, 94.7), (436.3, 94.7), (436.3, 96.5), (436.3, 96.5), (436.3, 96.5), (436.3, 96.5), (436.3, 96.5), (436.3, 96.5), (436.3, 96.5), (436.3, 96.5), (436.3, 96.5), (436.3, 96.5), (436.3, 96.5), (436.3, 96.5), (436.3, 96.5), (436.3, 105.9), (436.3, 120.8)]",0,3,12.33
novice,bomberman,10,Bomb,5,0,40.51,0.731,"[(48.0, 48.0), (62.9, 44.3), (77.9, 44.3), (92.8, 44.3), (107.7, 44.3), (122.7, 44.3), (137.6, 44.3), (152.5, 44.3), (167.5, 44.3), (182.4, 44.3), (197.3, 44.3), (212.3, 44.3), (227.2, 44.3), (242.1, 44.3), (257.1, 46.1), (272.0, 44.3), (286.9, 44.3), (301.9, 44.3), (316.8, 44.3), (331.7, 44.3), (346.7, 44.3), (361.6, 44.3), (376.5, 44.3), (391.5, 44.3), (406.4, 44.3), (421.3, 48.0), (436.3, 61.1), (436.3, 76.0), (436.3, 90.9), (436.3, 105.9), (436.3, 120.8), (436.3, 135.7), (436.3, 150.7), (436.3, 165.6), (436.3, 161.9), (436.3, 161.9), (436.3, 165.6), (436.3, 161.9), (436.3, 161.9), (436.3, 165.6), (436.3, 161.9), (436.3, 169.3), (436.3, 165.6), (436.3, 161.9), (436.3, 161.9), (436.3, 165.6), (436.3, 169.3), (436.3, 169.3), (436.3, 165.6), (436.3, 169.3), (436.3, 173.1), (436.3, 176.8), (436.3, 173.1), (436.3, 173.1), (436.3, 176.8), (436.3, 173.1), (436.3, 173.1), (436.3, 174.9), (436.3, 180.5), (434.4, 180.5), (428.8, 180.5), (428.8, 180.5), (428.8, 180.5), (428.8, 180.5), (428.8, 180.5), (428.8, 180.5), (428.8, 180.5), (428.8, 180.5), (428.8, 180.5), (428.8, 180.5), (428.8, 180.5)]",0,2,9.4
novice,bomberman,10,Bomb,6,0,48.53,0.462,"[(48.0, 48.0), (62.9, 44.3), (77.9, 44.3), (92.8, 44.3), (107.7, 44.3), (122.7, 44.3), (137.6, 44.3), (152.5, 44.3), (167.5, 44.3), (182.4, 44.3), (197.3, 44.3), (212.3, 44.3), (227.2, 44.3), (242.1, 44.3), (257.1, 44.3), (272.0, 44.3), (286.9, 44.3), (301.9, 44.3), (316.8, 44.3), (331.7, 44.3), (346.7, 44.3), (361.6, 44.3), (376.5, 44.3), (391.5, 44.3), (406.4, 44.3), (421.3, 44.3), (436.3, 44.3), (436.3, 44.3), (436.3, 44.3), (436.3, 44.3), (436.3, 44.3), (436.3, 44.3), (436.3, 44.3), (436.3, 44.3), (436.3, 44.3), (436.3, 44.3), (436.3, 44.3), (436.3, 44.3), (436.3, 44.3), (436.3, 44.3), (436.3, 44.3), (436.3, 44.3), (436.3, 44.3), (436.3, 44.3), (436.3, 44.3), (436.3, 44.3), (436.3, 44.3), (436.3, 44.3), (436.3, 44.3), (436.3, 44.3), (436.3, 44.3), (436.3, 44.3), (436.3, 44.3), (436.3, 46.1), (436.3, 61.1), (436.3, 76.0), (436.3, 90.9), (436.3, 94.7), (436.3, 98.4), (436.3, 98.4), (436.3, 94.7)]",0,0,8.0
novice,bomberman,10,Bomb,1,0,8.65,0.538,"[(48.0, 48.0), (62.9, 44.3), (77.9, 44.3), (92.8, 44.3), (107.7, 44.3), (122.7, 44.3), (137.6, 44.3), (152.5, 44.3), (167.5, 44.3), (182.4, 44.3), (197.3, 44.3), (212.3, 44.3), (227.2, 44.3), (242.1, 44.3), (257.1, 44.3), (272.0, 44.3), (286.9, 44.3), (301.9, 44.3), (316.8, 44.3), (331.7, 44.3), (346.7, 44.3), (361.6, 44.3), (376.5, 44.3), (391.5, 44.3), (406.4, 44.3), (421.3, 44.3), (436.3, 44.3), (436.3, 44.3), (436.3, 44.3), (436.3, 44.3), (436.3, 44.3), (436.3, 44.3), (436.3, 44.3), (436.3, 44.3), (436.3, 48.0), (436.3, 62.9), (436.3, 66.7), (436.3, 62.9), (436.3, 62.9), (436.3, 77.9), (436.3, 92.8), (436.3, 96.5), (436.3, 100.3), (436.3, 96.5), (436.3, 96.5), (436.3, 100.3), (436.3, 107.7), (436.3, 115.2), (436.3, 111.5), (436.3, 115.2), (436.3, 118.9), (436.3, 122.7), (436.3, 126.4), (436.3, 126.4), (436.3, 122.7), (436.3, 126.4), (436.3, 126.4), (436.3, 122.7), (436.3, 126.4), (436.3, 126.4), (436.3, 122.7), (436.3, 126.4), (436.3, 126.4), (436.3, 122.7), (436.3, 118.9), (436.3, 104.0), (436.3, 89.1), (436.3, 74.1), (436.3, 59.2), (436.3, 44.3), (436.3, 44.3), (436.3, 44.3), (436.3, 44.3), (436.3, 44.3), (436.3, 44.3), (436.3, 44.3), (436.3, 44.3), (436.3, 44.3), (436.3, 44.3), (436.3, 44.3), (436.3, 44.3), (436.3, 44.3), (436.3, 44.3), (436.3, 44.3), (436.3, 44.3), (436.3, 44.3), (436.3, 44.3), (436.3, 44.3), (436.3, 44.3), (436.3, 44.3), (436.3, 44.3), (436.3, 44.3), (436.3, 44.3), (436.3, 44.3), (436.3, 48.0), (436.3, 62.9), (436.3, 66.7), (436.3, 62.9), (436.3, 62.9), (436.3, 77.9), (436.3, 92.8), (436.3, 107.7), (436.3, 111.5), (436.3, 115.2), (436.3, 118.9), (436.3, 122.7), (436.3, 118.9), (436.3, 126.4), (436.3, 122.7), (436.3, 126.4), (436.3, 126.4), (436.3, 122.7), (436.3, 126.4), (436.3, 126.4), (436.3, 122.7), (436.3, 126.4), (436.3, 126.4), (436.3, 122.7), (436.3, 126.4), (436.3, 126.4), (436.3, 122.7), (436.3, 126.4), (436.3, 126.4), (436.3, 122.7), (436.3, 118.9), (436.3, 104.0), (436.3, 89.1), (436.3, 74.1), (436.3, 59.2), (436.3, 44.3), (436.3, 44.3), (436.3, 44.3), (436.3, 44.3), (436.3, 44.3), (436.3, 44.3), (436.3, 44.3), (436.3, 44.3), (436.3, 44.3), (436.3, 44.3), (436.3, 44.3), (436.3, 44.3), (436.3, 44.3), (436.3, 44.3), (436.3, 44.3), (436.3, 44.3), (436.3, 44.3), (436.3, 44.3), (436.3, 44.3), (436.3, 44.3), (436.3, 44.3), (436.3, 44.3), (436.3, 44.3), (436.3, 44.3), (436.3, 44.3), (436.3, 48.0), (436.3, 62.9), (436.3, 66.7), (436.3, 62.9), (436.3, 62.9), (436.3, 77.9), (436.3, 92.8), (436.3, 104.0), (436.3, 100.3), (436.3, 104.0), (436.3, 104.0), (436.3, 111.5), (436.3, 115.2), (436.3, 115.2), (436.3, 122.7), (436.3, 118.9), (436.3, 126.4), (436.3, 122.7), (436.3, 126.4), (436.3, 126.4), (436.3, 122.7), (436.3, 126.4), (436.3, 126.4), (436.3, 122.7), (436.3, 126.4), (436.3, 126.4), (436.3, 122.7), (436.3, 126.4), (436.3, 126.4), (436.3, 122.7), (436.3, 118.9), (436.3, 104.0), (436.3, 89.1), (436.3, 74.1), (436.3, 59.2), (436.3, 44.3), (436.3, 44.3), (436.3, 44.3), (436.3, 44.3), (436.3, 44.3), (436.3, 44.3), (436.3, 44.3), (436.3, 44.3), (436.3, 44.3), (436.3, 44.3), (436.3, 44.3), (436.3, 44.3), (436.3, 44.3), (436.3, 44.3), (436.3, 44.3), (436.3, 44.3), (436.3, 44.3), (436.3, 44.3), (436.3, 44.3), (436.3, 44.3), (436.3, 44.3), (436.3, 44.3), (436.3, 44.3), (436.3, 44.3), (436.3, 44.3), (436.3, 48.0), (436.3, 62.9), (436.3, 66.7), (436.3, 62.9), (436.3, 62.9), (436.3, 77.9), (436.3, 92.8), (436.3, 96.5), (436.3, 100.3), (436.3, 96.5), (436.3, 96.5), (436.3, 100.3), (436.3, 104.0), (436.3, 104.0), (436.3, 100.3), (436.3, 115.2), (436.3, 115.2), (436.3, 111.5), (436.3, 118.9), (436.3, 118.9), (436.3, 122.7), (436.3, 126.4), (436.3, 126.4), (436.3, 122.7), (436.3, 126.4), (436.3, 126.4), (436.3, 122.7), (436.3, 126.4), (436.3, 126.4), (436.3, 122.7), (436.3, 118.9), (436.3, 104.0), (436.3, 89.1), (436.3, 74.1), (436.3, 59.2), (436.3, 44.3), (436.3, 44.3), (436.3, 44.3), (436.3, 44.3), (436.3, 44.3), (436.3, 44.3), (436.3, 44.3), (436.3, 44.3), (436.3, 44.3), (436.3, 44.3), (436.3, 44.3), (436.3, 44.3), (436.3, 44.3), (436.3, 44.3), (436.3, 44.3), (436.3, 44.3), (436.3, 44.3), (436.3, 44.3), (436.3, 44.3), (436.3, 44.3), (436.3, 44.3), (436.3, 44.3), (436.3, 44.3), (436.3, 44.3), (436.3, 44.3), (436.3, 48.0), (436.3, 62.9), (436.3, 66.7), (436.3, 62.9), (436.3, 62.9), (436.3, 77.9), (436.3, 92.8), (436.3, 96.5), (436.3, 100.3), (436.3, 96.5), (436.3, 96.5), (436.3, 100.3), (436.3, 96.5), (436.3, 104.0), (436.3, 111.5), (436.3, 126.4), (436.3, 126.4), (436.3, 122.7), (436.3, 126.4), (436.3, 126.4), (436.3, 122.7), (436.3, 126.4), (436.3, 126.4), (436.3, 122.7), (436.3, 126.4), (436.3, 126.4), (436.3, 122.7), (436.3, 126.4), (436.3, 126.4), (436.3, 122.7), (436.3, 118.9), (436.3, 104.0), (436.3, 111.5), (436.3, 126.4), (436.3, 126.4), (436.3, 122.7), (436.3, 126.4), (436.3, 126.4), (436.3, 122.7), (436.3, 126.4), (436.3, 126.4), (436.3, 122.7), (436.3, 126.4), (436.3, 126.4), (430.7, 122.7), (434.4, 126.4), (434.4, 130.1), (434.4, 130.1), (432.5, 128.3), (428.8, 141.3), (428.8, 141.3), (428.8, 141.3), (428.8, 141.3), (428.8, 141.3), (428.8, 145.1), (428.8, 160.0), (428.8, 163.7)]",0,1,44.03
novice,bomberman,10,Bomb,4,0,9.29,0.846,"[(48.0, 48.0), (62.9, 44.3), (77.9, 44.3), (92.8, 44.3), (107.7, 44.3), (122.7, 44.3), (137.6, 44.3), (152.5, 44.3), (167.5, 44.3), (182.4, 44.3), (197.3, 44.3), (212.3, 44.3), (227.2, 44.3), (242.1, 44.3), (257.1, 44.3), (272.0, 44.3), (286.9, 44.3), (301.9, 44.3), (316.8, 44.3), (331.7, 44.3), (346.7, 44.3), (361.6, 44.3), (376.5, 44.3), (391.5, 44.3), (406.4, 44.3), (421.3, 48.0), (436.3, 61.1), (436.3, 76.0), (436.3, 90.9), (436.3, 105.9), (436.3, 120.8), (436.3, 135.7), (436.3, 150.7), (436.3, 154.4), (436.3, 146.9), (436.3, 146.9), (436.3, 143.2), (436.3, 146.9), (436.3, 146.9), (436.3, 154.4), (436.3, 150.7), (436.3, 158.1), (436.3, 165.6), (436.3, 161.9), (436.3, 161.9), (436.3, 154.4), (436.3, 150.7), (436.3, 150.7), (436.3, 143.2), (436.3, 135.7), (436.3, 124.5), (436.3, 120.8), (436.3, 117.1), (436.3, 113.3), (436.3, 109.6), (436.3, 113.3), (436.3, 105.9), (436.3, 109.6), (436.3, 105.9), (436.3, 102.1), (436.3, 98.4), (436.3, 90.9), (436.3, 90.9), (436.3, 76.0), (436.3, 79.7), (436.3, 72.3), (436.3, 76.0), (436.3, 68.5), (436.3, 57.3), (436.3, 44.3), (436.3, 44.3), (436.3, 44.3), (436.3, 44.3), (436.3, 44.3), (436.3, 46.1), (436.3, 61.1), (436.3, 76.0), (436.3, 90.9), (436.3, 105.9), (436.3, 120.8), (436.3, 135.7), (436.3, 150.7), (436.3, 158.1), (436.3, 158.1), (436.3, 161.9), (436.3, 165.6), (436.3, 169.3), (436.3, 173.1), (436.3, 176.8), (436.3, 180.5), (436.3, 184.3), (436.3, 188.0), (436.3, 191.7), (436.3, 206.7), (436.3, 210.4), (436.3, 214.1), (436.3, 217.9), (436.3, 221.6), (436.3, 225.3), (436.3, 229.1), (436.3, 225.3), (436.3, 225.3), (436.3, 229.1), (436.3, 221.6), (436.3, 221.6), (436.3, 206.7), (436.3, 202.9), (436.3, 199.2), (436.3, 195.5), (436.3, 191.7), (436.3, 176.8), (436.3, 161.9), (436.3, 146.9), (436.3, 132.0), (436.3, 117.1), (436.3, 102.1), (436.3, 98.4), (436.3, 94.7), (436.3, 98.4), (436.3, 98.4), (436.3, 94.7), (436.3, 90.9), (436.3, 87.2), (436.3, 83.5), (436.3, 79.7), (436.3, 76.0), (436.3, 72.3), (436.3, 68.5), (436.3, 53.6), (436.3, 44.3), (436.3, 44.3), (436.3, 44.3), (436.3, 44.3), (436.3, 48.0), (436.3, 51.7), (436.3, 66.7), (436.3, 81.6), (436.3, 96.5), (436.3, 111.5), (436.3, 126.4), (436.3, 141.3), (436.3, 156.3), (436.3, 163.7), (436.3, 171.2), (436.3, 167.5), (436.3, 174.9), (436.3, 174.9), (436.3, 178.7), (436.3, 182.4), (436.3, 197.3), (436.3, 201.1), (436.3, 208.5), (436.3, 208.5), (436.3, 212.3), (436.3, 216.0), (436.3, 227.2), (436.3, 223.5), (436.3, 227.2), (436.3, 227.2), (436.3, 223.5), (436.3, 219.7), (436.3, 216.0), (436.3, 212.3), (436.3, 208.5), (436.3, 216.0), (436.3, 201.1), (436.3, 186.1), (436.3, 171.2), (436.3, 156.3), (436.3, 141.3), (436.3, 126.4), (436.3, 111.5), (436.3, 104.0), (436.3, 96.5), (436.3, 100.3), (436.3, 96.5), (436.3, 96.5), (436.3, 100.3), (436.3, 85.3), (436.3, 85.3), (436.3, 77.9), (436.3, 81.6), (436.3, 74.1), (436.3, 66.7), (436.3, 70.4), (436.3, 59.2), (436.3, 44.3), (436.3, 44.3), (436.3, 44.3), (436.3, 44.3), (436.3, 48.0), (436.3, 51.7), (436.3, 55.5), (436.3, 59.2), (436.3, 74.1), (436.3, 89.1), (436.3, 104.0), (436.3, 118.9), (436.3, 133.9), (436.3, 148.8), (436.3, 163.7), (436.3, 178.7), (436.3, 182.4), (436.3, 182.4), (436.3, 189.9), (436.3, 204.8), (436.3, 208.5), (436.3, 212.3), (436.3, 216.0), (436.3, 216.0), (436.3, 223.5), (436.3, 227.2), (436.3, 227.2), (436.3, 223.5), (436.3, 227.2), (436.3, 227.2), (436.3, 223.5), (436.3, 227.2), (436.3, 227.2), (436.3, 212.3), (436.3, 216.0), (436.3, 208.5), (436.3, 212.3), (436.3, 204.8), (436.3, 204.8), (436.3, 189.9), (436.3, 174.9), (436.3, 160.0), (436.3, 145.1), (436.3, 130.1), (436.3, 115.2), (436.3, 100.3), (436.3, 96.5), (436.3, 96.5), (436.3, 100.3), (436.3, 85.3), (436.3, 85.3), (436.3, 77.9), (436.3, 81.6), (436.3, 74.1), (436.3, 66.7), (436.3, 70.4), (436.3, 59.2), (436.3, 44.3), (436.3, 44.3), (436.3, 44.3), (436.3, 44.3), (436.3, 48.0), (436.3, 51.7), (436.3, 55.5), (436.3, 59.2), (436.3, 74.1), (436.3, 89.1), (436.3, 96.5), (436.3, 107.7), (436.3, 122.7), (436.3, 137.6), (436.3, 152.5), (436.3, 167.5), (436.3, 182.4), (436.3, 197.3), (436.3, 201.1), (436.3, 208.5), (436.3, 208.5), (436.3, 212.3), (436.3, 216.0), (436.3, 219.7), (436.3, 223.5), (436.3, 227.2), (436.3, 227.2), (436.3, 234.7), (436.3, 230.9), (436.3, 230.9), (436.3, 223.5), (436.3, 227.2), (436.3, 227.2), (436.3, 223.5), (436.3, 219.7), (436.3, 216.0), (436.3, 212.3), (436.3, 208.5), (436.3, 204.8), (436.3, 201.1), (436.3, 197.3), (432.5, 193.6), (436.3, 178.7), (436.3, 174.9), (436.3, 182.4), (436.3, 178.7), (436.3, 193.6), (436.3, 193.6), (436.3, 189.9), (436.3, 193.6), (436.3, 197.3), (436.3, 201.1), (436.3, 204.8), (436.3, 219.7), (436.3, 234.7), (436.3, 249.6), (436.3, 253.3), (436.3, 257.1), (436.3, 249.6), (436.3, 249.6), (436.3, 245.9), (436.3, 242.1), (436.3, 238.4), (436.3, 234.7), (436.3, 230.9), (436.3, 230.9), (436.3, 234.7), (436.3, 230.9), (436.3, 216.0), (436.3, 204.8), (436.3, 204.8)]",0,3,41.8
novice,bomberman,10,Bomb,15,0,39.82,0.423,"[(48.0, 48.0), (62.9, 44.3), (77.9, 44.3), (92.8, 44.3), (107.7, 44.3), (122.7, 44.3), (137.6, 44.3), (152.5, 44.3), (167.5, 44.3), (182.4, 44.3), (197.3, 44.3), (212.3, 44.3), (227.2, 44.3), (242.1, 44.3), (257.1, 44.3), (272.0, 44.3), (286.9, 44.3), (301.9, 44.3), (316.8, 44.3), (331.7, 44.3), (346.7, 44.3), (361.6, 44.3), (376.5, 44.3), (391.5, 44.3), (406.4, 44.3), (421.3, 44.3), (436.3, 44.3), (436.3, 44.3), (436.3, 44.3), (436.3, 44.3), (436.3, 44.3), (436.3, 44.3), (436.3, 44.3), (436.3, 44.3), (436.3, 44.3), (436.3, 44.3), (436.3, 44.3), (436.3, 44.3), (436.3, 44.3), (436.3, 44.3), (436.3, 44.3), (436.3, 44.3), (436.3, 44.3), (436.3, 44.3), (436.3, 51.7), (436.3, 66.7), (436.3, 62.9), (436.3, 62.9), (436.3, 66.7), (436.3, 62.9), (436.3, 62.9), (436.3, 66.7), (436.3, 62.9), (436.3, 62.9), (436.3, 66.7), (436.3, 70.4), (436.3, 85.3), (436.3, 89.1), (436.3, 85.3), (436.3, 81.6), (436.3, 77.9), (436.3, 77.9), (436.3, 77.9), (436.3, 77.9), (436.3, 77.9), (436.3, 77.9), (436.3, 77.9), (436.3, 77.9), (436.3, 77.9), (436.3, 77.9), (436.3, 77.9), (436.3, 77.9), (436.3, 77.9), (436.3, 77.9)]",0,0,9.75
novice,bomberman,10,Bomb,2,0,15.41,0.231,"[(48.0, 48.0), (62.9, 51.7), (77.9, 44.3), (92.8, 44.3), (107.7, 44.3), (122.7, 44.3), (137.6, 44.3), (152.5, 44.3), (167.5, 46.1), (180.5, 61.1), (180.5, 76.0), (180.5, 90.9), (180.5, 105.9), (180.5, 111.5), (180.5, 111.5), (180.5, 115.2), (180.5, 111.5), (180.5, 111.5), (180.5, 115.2), (180.5, 111.5), (180.5, 111.5), (180.5, 115.2), (180.5, 111.5), (180.5, 111.5), (180.5, 115.2), (180.5, 111.5), (180.5, 111.5), (180.5, 115.2), (180.5, 111.5), (180.5, 111.5), (180.5, 115.2), (180.5, 111.5), (180.5, 111.5), (180.5, 115.2), (180.5, 111.5), (180.5, 115.2), (180.5, 115.2), (180.5, 115.2), (180.5, 115.2), (180.5, 115.2), (180.5, 115.2), (180.5, 115.2), (180.5, 115.2), (180.5, 115.2), (180.5, 115.2), (180.5, 115.2), (180.5, 115.2), (180.5, 115.2), (180.5, 115.2), (180.5, 115.2), (180.5, 115.2), (180.5, 115.2), (180.5, 115.2), (180.5, 115.2), (180.5, 115.2), (180.5, 115.2), (180.5, 115.2), (180.5, 115.2), (180.5, 115.2), (180.5, 115.2), (180.5, 115.2), (180.5, 115.2), (180.5, 115.2), (180.5, 115.2), (180.5, 115.2)]",0,2,8.6
novice,bomberman,10,Bomb,1,0,32.36,0.538,"[(48.0, 48.0), (62.9, 44.3), (77.9, 44.3), (92.8, 44.3), (107.7, 44.3), (122.7, 44.3), (137.6, 44.3), (152.5, 44.3), (167.5, 44.3), (182.4, 44.3), (197.3, 44.3), (212.3, 44.3), (227.2, 44.3), (242.1, 44.3), (257.1, 44.3), (272.0, 44.3), (286.9, 44.3), (301.9, 44.3), (316.8, 44.3), (331.7, 44.3), (346.7, 44.3), (361.6, 44.3), (376.5, 44.3), (391.5, 44.3), (406.4, 44.3), (421.3, 44.3), (436.3, 44.3), (436.3, 44.3), (436.3, 44.3), (436.3, 44.3), (436.3, 44.3), (436.3, 44.3), (436.3, 51.7), (436.3, 66.7), (436.3, 81.6), (436.3, 96.5), (436.3, 111.5), (436.3, 126.4), (436.3, 141.3), (436.3, 156.3), (436.3, 160.0), (436.3, 160.0), (436.3, 156.3), (436.3, 160.0), (436.3, 160.0), (436.3, 156.3), (436.3, 160.0), (436.3, 160.0), (436.3, 156.3), (436.3, 160.0), (436.3, 160.0), (436.3, 156.3), (436.3, 152.5), (436.3, 141.3), (436.3, 145.1), (436.3, 137.6), (436.3, 137.6), (436.3, 122.7), (436.3, 126.4), (436.3, 126.4), (436.3, 122.7), (436.3, 126.4), (436.3, 126.4), (436.3, 122.7), (436.3, 118.9), (436.3, 126.4), (436.3, 122.7), (436.3, 126.4), (436.3, 126.4), (436.3, 122.7), (436.3, 126.4), (436.3, 126.4), (436.3, 122.7), (436.3, 126.4), (436.3, 126.4), (436.3, 122.7), (436.3, 126.4), (436.3, 141.3), (436.3, 146.9), (436.3, 150.7), (436.3, 161.9), (436.3, 158.1), (436.3, 161.9), (436.3, 161.9), (436.3, 158.1), (436.3, 161.9), (436.3, 161.9), (436.3, 158.1), (436.3, 161.9), (436.3, 161.9), (436.3, 158.1)]",0,1,12.0
novice,bomberman,10,Bomb,4,0,9.29,0.846,"[(48.0, 48.0), (62.9, 44.3), (77.9, 44.3), (92.8, 44.3), (107.7, 44.3), (122.7, 44.3), (137.6, 44.3), (152.5, 44.3), (167.5, 44.3), (182.4, 44.3), (197.3, 44.3), (212.3, 44.3), (227.2, 44.3), (242.1, 44.3), (257.1, 44.3), (272.0, 44.3), (286.9, 44.3), (301.9, 44.3), (316.8, 44.3), (331.7, 44.3), (346.7, 44.3), (361.6, 44.3), (376.5, 44.3), (391.5, 44.3), (406.4, 44.3), (421.3, 48.0), (436.3, 61.1), (436.3, 76.0), (436.3, 90.9), (436.3, 105.9), (436.3, 120.8), (436.3, 135.7), (436.3, 150.7), (436.3, 154.4), (436.3, 146.9), (436.3, 146.9), (436.3, 143.2), (436.3, 146.9), (436.3, 146.9), (436.3, 154.4), (436.3, 150.7), (436.3, 158.1), (436.3, 165.6), (436.3, 161.9), (436.3, 161.9), (436.3, 154.4), (436.3, 150.7), (436.3, 150.7), (436.3, 143.2), (436.3, 135.7), (436.3, 124.5), (436.3, 120.8), (436.3, 117.1), (436.3, 113.3), (436.3, 109.6), (436.3, 113.3), (436.3, 105.9), (436.3, 109.6), (436.3, 105.9), (436.3, 102.1), (436.3, 98.4), (436.3, 90.9), (436.3, 90.9), (436.3, 76.0), (436.3, 79.7), (436.3, 72.3), (436.3, 76.0), (436.3, 68.5), (436.3, 57.3), (436.3, 44.3), (436.3, 44.3), (436.3, 44.3), (436.3, 44.3), (436.3, 44.3), (436.3, 46.1), (436.3, 61.1), (436.3, 76.0), (436.3, 90.9), (436.3, 105.9), (436.3, 120.8), (436.3, 135.7), (436.3, 150.7), (436.3, 158.1), (436.3, 158.1), (436.3, 161.9), (436.3, 165.6), (436.3, 169.3), (436.3, 173.1), (436.3, 176.8), (436.3, 180.5), (436.3, 184.3), (436.3, 188.0), (436.3, 191.7), (436.3, 206.7), (436.3, 210.4), (436.3, 214.1), (436.3, 217.9), (436.3, 221.6), (436.3, 225.3), (436.3, 229.1), (436.3, 225.3), (436.3, 225.3), (436.3, 229.1), (436.3, 221.6), (436.3, 221.6), (436.3, 206.7), (436.3, 202.9), (436.3, 199.2), (436.3, 195.5), (436.3, 191.7), (436.3, 176.8), (436.3, 161.9), (436.3, 146.9), (436.3, 132.0), (436.3, 117.1), (436.3, 102.1), (436.3, 98.4), (436.3, 94.7), (436.3, 98.4), (436.3, 98.4), (436.3, 94.7), (436.3, 90.9), (436.3, 87.2), (436.3, 83.5), (436.3, 79.7), (436.3, 76.0), (436.3, 72.3), (436.3, 68.5), (436.3, 53.6), (436.3, 44.3), (436.3, 44.3), (436.3, 44.3), (436.3, 44.3), (436.3, 48.0), (436.3, 51.7), (436.3, 66.7), (436.3, 81.6), (436.3, 96.5), (436.3, 111.5), (436.3, 126.4), (436.3, 141.3), (436.3, 156.3), (436.3, 163.7), (436.3, 171.2), (436.3, 167.5), (436.3, 174.9), (436.3, 174.9), (436.3, 178.7), (436.3, 182.4), (436.3, 197.3), (436.3, 201.1), (436.3, 208.5), (436.3, 208.5), (436.3, 212.3), (436.3, 216.0), (436.3, 227.2), (436.3, 223.5), (436.3, 227.2), (436.3, 227.2), (436.3, 223.5), (436.3, 219.7), (436.3, 216.0), (436.3, 212.3), (436.3, 208.5), (436.3, 216.0), (436.3, 201.1), (436.3, 186.1), (436.3, 171.2), (436.3, 156.3), (436.3, 141.3), (436.3, 126.4), (436.3, 111.5), (436.3, 104.0), (436.3, 96.5), (436.3, 100.3), (436.3, 96.5), (436.3, 96.5), (436.3, 100.3), (436.3, 85.3), (436.3, 85.3), (436.3, 77.9), (436.3, 81.6), (436.3, 74.1), (436.3, 66.7), (436.3, 70.4), (436.3, 59.2), (436.3, 44.3), (436.3, 44.3), (436.3, 44.3), (436.3, 44.3), (436.3, 48.0), (436.3, 51.7), (436.3, 55.5), (436.3, 59.2), (436.3, 74.1), (436.3, 89.1), (436.3, 104.0), (436.3, 118.9), (436.3, 133.9), (436.3, 148.8), (436.3, 163.7), (436.3, 178.7), (436.3, 182.4), (436.3, 182.4), (436.3, 189.9), (436.3, 204.8), (436.3, 208.5), (436.3, 212.3), (436.3, 216.0), (436.3, 216.0), (436.3, 223.5), (436.3, 227.2), (436.3, 227.2), (436.3, 223.5), (436.3, 227.2), (436.3, 227.2), (436.3, 223.5), (436.3, 227.2), (436.3, 227.2), (436.3, 212.3), (436.3, 216.0), (436.3, 208.5), (436.3, 212.3), (436.3, 204.8), (436.3, 204.8), (436.3, 189.9), (436.3, 174.9), (436.3, 160.0), (436.3, 145.1), (436.3, 130.1), (436.3, 115.2), (436.3, 100.3), (436.3, 96.5), (436.3, 96.5), (436.3, 100.3), (436.3, 85.3), (436.3, 85.3), (436.3, 77.9), (436.3, 81.6), (436.3, 74.1), (436.3, 66.7), (436.3, 70.4), (436.3, 59.2), (436.3, 44.3), (436.3, 44.3), (436.3, 44.3), (436.3, 44.3), (436.3, 48.0), (436.3, 51.7), (436.3, 55.5), (436.3, 59.2), (436.3, 74.1), (436.3, 89.1), (436.3, 96.5), (436.3, 107.7), (436.3, 122.7), (436.3, 137.6), (436.3, 152.5), (436.3, 167.5), (436.3, 182.4), (436.3, 197.3), (436.3, 201.1), (436.3, 208.5), (436.3, 208.5), (436.3, 212.3), (436.3, 216.0), (436.3, 219.7), (436.3, 223.5), (436.3, 227.2), (436.3, 227.2), (436.3, 234.7), (436.3, 230.9), (436.3, 230.9), (436.3, 223.5), (436.3, 227.2), (436.3, 227.2), (436.3, 223.5), (436.3, 219.7), (436.3, 216.0), (436.3, 212.3), (436.3, 208.5), (436.3, 204.8), (436.3, 201.1), (436.3, 197.3), (432.5, 193.6), (436.3, 178.7), (436.3, 174.9), (436.3, 182.4), (436.3, 178.7), (436.3, 193.6), (436.3, 193.6), (436.3, 189.9), (436.3, 193.6), (436.3, 197.3), (436.3, 201.1), (436.3, 204.8), (436.3, 219.7), (436.3, 234.7), (436.3, 249.6), (436.3, 253.3), (436.3, 257.1), (436.3, 249.6), (436.3, 249.6), (436.3, 245.9), (436.3, 242.1), (436.3, 238.4), (436.3, 234.7), (436.3, 230.9), (436.3, 230.9), (436.3, 234.7), (436.3, 230.9), (436.3, 216.0), (436.3, 204.8), (436.3, 204.8)]",0,3,41.8
novice,bomberman,10,Enemy,3,0,22.47,0.808,"[(48.0, 48.0), (62.9, 44.3), (77.9, 44.3), (92.8, 44.3), (107.7, 44.3), (122.7, 44.3), (137.6, 44.3), (152.5, 44.3), (167.5, 44.3), (182.4, 44.3), (197.3, 44.3), (212.3, 44.3), (227.2, 44.3), (242.1, 44.3), (257.1, 44.3), (272.0, 44.3), (286.9, 44.3), (301.9, 44.3), (316.8, 44.3), (331.7, 44.3), (346.7, 44.3), (361.6, 44.3), (376.5, 44.3), (391.5, 44.3), (406.4, 44.3), (421.3, 48.0), (436.3, 61.1), (436.3, 76.0), (436.3, 90.9), (436.3, 105.9), (436.3, 120.8), (436.3, 135.7), (436.3, 150.7), (436.3, 143.2), (436.3, 146.9), (436.3, 139.5), (436.3, 132.0), (436.3, 139.5), (436.3, 146.9), (436.3, 143.2), (436.3, 150.7), (436.3, 150.7), (436.3, 165.6), (436.3, 161.9), (436.3, 161.9), (436.3, 165.6), (436.3, 158.1), (436.3, 150.7), (436.3, 154.4), (436.3, 150.7), (436.3, 150.7), (436.3, 154.4), (436.3, 150.7), (436.3, 135.7), (436.3, 132.0), (436.3, 135.7), (436.3, 124.5), (436.3, 109.6), (436.3, 105.9), (436.3, 105.9), (436.3, 109.6), (436.3, 105.9), (436.3, 102.1), (436.3, 98.4), (436.3, 98.4), (436.3, 98.4), (436.3, 98.4), (436.3, 98.4), (436.3, 98.4), (436.3, 98.4), (436.3, 98.4), (436.3, 98.4), (436.3, 98.4), (436.3, 98.4), (436.3, 98.4), (436.3, 98.4), (436.3, 98.4), (436.3, 98.4), (436.3, 109.6), (436.3, 124.5), (436.3, 139.5), (436.3, 154.4), (436.3, 161.9), (436.3, 161.9), (436.3, 165.6), (436.3, 169.3), (436.3, 173.1), (436.3, 176.8), (436.3, 180.5), (436.3, 184.3), (436.3, 188.0), (436.3, 202.9), (436.3, 206.7), (436.3, 210.4), (436.3, 214.1), (436.3, 217.9), (436.3, 221.6), (436.3, 225.3), (436.3, 225.3), (436.3, 221.6), (436.3, 225.3), (436.3, 225.3), (436.3, 221.6), (436.3, 225.3), (436.3, 225.3), (436.3, 210.4), (436.3, 206.7), (436.3, 206.7), (436.3, 210.4), (436.3, 214.1), (436.3, 214.1), (436.3, 210.4), (436.3, 214.1), (436.3, 214.1), (436.3, 210.4), (436.3, 214.1), (436.3, 217.9), (436.3, 221.6), (436.3, 225.3), (436.3, 225.3), (430.7, 221.6), (434.4, 225.3), (434.4, 225.3), (430.7, 221.6), (434.4, 225.3), (428.8, 225.3), (428.8, 221.6), (428.8, 225.3)]",0,3,16.95
novice,bomberman,10,Enemy,1,0,8.44,0.731,"[(48.0, 48.0), (62.9, 44.3), (77.9, 44.3), (92.8, 44.3), (107.7, 44.3), (122.7, 44.3), (137.6, 44.3), (152.5, 44.3), (167.5, 44.3), (182.4, 44.3), (197.3, 44.3), (212.3, 44.3), (227.2, 44.3), (242.1, 44.3), (257.1, 44.3), (272.0, 44.3), (286.9, 44.3), (301.9, 44.3), (316.8, 44.3), (331.7, 44.3), (346.7, 44.3), (361.6, 44.3), (376.5, 44.3), (391.5, 44.3), (406.4, 44.3), (421.3, 44.3), (436.3, 46.1), (436.3, 61.1), (436.3, 76.0), (436.3, 90.9), (436.3, 94.7), (436.3, 98.4), (436.3, 98.4), (436.3, 94.7), (436.3, 98.4), (436.3, 98.4), (436.3, 94.7), (436.3, 98.4), (436.3, 102.1), (436.3, 109.6), (436.3, 111.5), (436.3, 122.7), (436.3, 137.6), (436.3, 152.5), (436.3, 163.7), (436.3, 160.0), (436.3, 163.7), (436.3, 163.7), (436.3, 160.0), (436.3, 163.7), (436.3, 163.7), (436.3, 160.0), (436.3, 163.7), (436.3, 163.7), (436.3, 160.0), (436.3, 163.7), (436.3, 163.7), (436.3, 160.0), (436.3, 163.7), (436.3, 163.7), (436.3, 160.0), (436.3, 163.7), (436.3, 163.7), (436.3, 160.0), (436.3, 156.3), (436.3, 141.3), (436.3, 126.4), (436.3, 111.5), (436.3, 96.5), (436.3, 81.6), (436.3, 66.7), (436.3, 51.7), (436.3, 44.3), (436.3, 44.3), (436.3, 44.3), (436.3, 44.3), (436.3, 44.3), (436.3, 44.3), (436.3, 44.3), (436.3, 44.3), (436.3, 44.3), (436.3, 44.3), (436.3, 44.3), (436.3, 44.3), (436.3, 44.3), (436.3, 44.3), (436.3, 44.3), (436.3, 44.3), (436.3, 44.3), (436.3, 44.3), (436.3, 44.3), (436.3, 53.6), (436.3, 66.7), (436.3, 66.7), (436.3, 70.4), (436.3, 85.3), (436.3, 100.3), (436.3, 104.0), (436.3, 107.7), (436.3, 122.7), (436.3, 126.4), (436.3, 126.4), (436.3, 122.7), (436.3, 126.4), (436.3, 126.4), (436.3, 122.7), (436.3, 126.4), (436.3, 126.4), (436.3, 122.7), (436.3, 126.4), (436.3, 126.4), (436.3, 122.7), (436.3, 126.4), (436.3, 126.4), (436.3, 122.7), (436.3, 126.4), (436.3, 126.4), (436.3, 122.7), (436.3, 126.4), (436.3, 126.4), (436.3, 122.7), (436.3, 126.4), (436.3, 126.4), (436.3, 122.7), (436.3, 118.9), (436.3, 104.0), (436.3, 89.1), (436.3, 74.1), (436.3, 59.2), (436.3, 44.3), (436.3, 44.3), (436.3, 44.3), (436.3, 44.3), (436.3, 44.3), (436.3, 44.3), (436.3, 44.3), (436.3, 44.3), (436.3, 44.3), (436.3, 44.3), (436.3, 44.3), (436.3, 44.3), (436.3, 44.3), (436.3, 44.3), (436.3, 44.3), (436.3, 44.3), (436.3, 44.3), (436.3, 44.3), (436.3, 44.3), (436.3, 44.3), (436.3, 44.3), (436.3, 44.3), (436.3, 49.9), (436.3, 49.9), (436.3, 55.5), (436.3, 70.4), (436.3, 85.3), (436.3, 100.3), (436.3, 115.2), (436.3, 126.4), (436.3, 122.7), (436.3, 126.4), (436.3, 126.4), (436.3, 122.7), (436.3, 126.4), (436.3, 126.4), (436.3, 122.7), (436.3, 126.4), (436.3, 126.4), (436.3, 122.7), (436.3, 126.4), (436.3, 126.4), (436.3, 122.7), (436.3, 126.4), (436.3, 126.4), (436.3, 122.7), (436.3, 126.4), (436.3, 126.4), (436.3, 122.7), (436.3, 126.4), (436.3, 126.4), (436.3, 122.7), (436.3, 126.4), (436.3, 126.4), (436.3, 122.7), (436.3, 118.9), (436.3, 104.0), (436.3, 89.1), (436.3, 74.1), (436.3, 59.2), (436.3, 44.3), (436.3, 44.3), (436.3, 44.3), (436.3, 44.3), (436.3, 44.3), (436.3, 44.3), (436.3, 44.3), (436.3, 44.3), (436.3, 44.3), (436.3, 44.3), (436.3, 44.3), (436.3, 44.3), (436.3, 44.3), (436.3, 44.3), (436.3, 44.3), (436.3, 44.3), (436.3, 44.3), (436.3, 44.3), (436.3, 44.3), (436.3, 44.3), (436.3, 44.3), (436.3, 44.3), (436.3, 49.9), (436.3, 49.9), (436.3, 55.5), (436.3, 70.4), (436.3, 85.3), (436.3, 100.3), (436.3, 115.2), (436.3, 118.9), (436.3, 122.7), (436.3, 126.4), (436.3, 126.4), (436.3, 122.7), (436.3, 126.4), (436.3, 126.4), (436.3, 122.7), (436.3, 126.4), (436.3, 126.4), (436.3, 122.7), (436.3, 126.4), (436.3, 126.4), (436.3, 122.7), (436.3, 126.4), (436.3, 126.4), (436.3, 122.7), (436.3, 126.4), (436.3, 126.4), (436.3, 122.7), (436.3, 126.4), (436.3, 126.4), (436.3, 122.7), (436.3, 126.4), (436.3, 126.4), (436.3, 122.7), (436.3, 118.9), (436.3, 104.0), (436.3, 111.5), (436.3, 126.4), (436.3, 126.4), (436.3, 122.7), (436.3, 126.4), (436.3, 126.4), (436.3, 122.7), (436.3, 126.4), (436.3, 137.6), (436.3, 145.1), (436.3, 141.3), (436.3, 150.7), (436.3, 158.1), (436.3, 161.9), (436.3, 161.9), (436.3, 158.1), (436.3, 161.9), (436.3, 161.9), (436.3, 158.1), (436.3, 161.9), (436.3, 161.9), (436.3, 158.1), (436.3, 173.1), (436.3, 176.8), (436.3, 180.5), (430.7, 180.5), (430.7, 180.5), (428.8, 180.5), (432.5, 176.8), (436.3, 161.9), (436.3, 146.9), (436.3, 132.0), (436.3, 117.1), (436.3, 102.1), (436.3, 87.2), (436.3, 72.3), (436.3, 57.3), (436.3, 44.3), (436.3, 44.3), (436.3, 44.3), (436.3, 44.3), (436.3, 44.3), (436.3, 44.3), (436.3, 44.3), (436.3, 44.3), (436.3, 44.3), (436.3, 44.3), (436.3, 44.3), (436.3, 44.3), (436.3, 44.3), (436.3, 44.3), (436.3, 44.3), (436.3, 44.3), (436.3, 44.3), (436.3, 44.3), (436.3, 59.2), (436.3, 74.1), (436.3, 89.1), (436.3, 104.0), (436.3, 118.9), (436.3, 133.9), (436.3, 148.8), (436.3, 163.7), (436.3, 167.5), (436.3, 163.7), (436.3, 152.5), (436.3, 145.1), (436.3, 141.3), (436.3, 137.6), (436.3, 122.7), (436.3, 126.4), (436.3, 126.4), (436.3, 122.7), (436.3, 126.4), (436.3, 126.4), (436.3, 122.7), (436.3, 126.4), (436.3, 126.4), (436.3, 122.7), (436.3, 126.4), (436.3, 126.4), (436.3, 122.7), (436.3, 126.4), (436.3, 126.4), (436.3, 122.7), (436.3, 126.4), (436.3, 126.4), (436.3, 122.7), (436.3, 126.4), (436.3, 126.4), (436.3, 122.7), (436.3, 126.4), (436.3, 126.4), (436.3, 122.7), (436.3, 126.4), (436.3, 126.4), (436.3, 122.7), (436.3, 126.4), (436.3, 130.1), (436.3, 145.1)]",0,3,46.0
novice,bomberman,10,Bomb,1,0,31.48,0.692,"[(48.0, 48.0), (62.9, 44.3), (77.9, 44.3), (92.8, 44.3), (107.7, 44.3), (122.7, 44.3), (137.6, 44.3), (152.5, 44.3), (167.5, 44.3), (182.4, 44.3), (197.3, 44.3), (212.3, 44.3), (227.2, 44.3), (242.1, 44.3), (257.1, 44.3), (272.0, 44.3), (286.9, 44.3), (301.9, 44.3), (316.8, 44.3), (331.7, 44.3), (346.7, 44.3), (361.6, 44.3), (376.5, 44.3), (391.5, 44.3), (406.4, 44.3), (421.3, 48.0), (436.3, 61.1), (436.3, 76.0), (436.3, 90.9), (436.3, 105.9), (436.3, 120.8), (436.3, 135.7), (436.3, 150.7), (436.3, 165.6), (436.3, 161.9), (436.3, 161.9), (436.3, 165.6), (436.3, 161.9), (436.3, 161.9), (436.3, 165.6), (436.3, 169.3), (436.3, 173.1), (436.3, 176.8), (436.3, 180.5), (436.3, 180.5), (436.3, 180.5), (436.3, 180.5), (436.3, 180.5), (436.3, 180.5), (436.3, 180.5), (436.3, 180.5), (436.3, 180.5), (436.3, 180.5), (436.3, 180.5), (436.3, 180.5), (436.3, 180.5), (436.3, 180.5), (436.3, 180.5), (436.3, 180.5), (436.3, 180.5), (436.3, 180.5), (428.8, 180.5), (428.8, 180.5), (428.8, 180.5), (432.5, 176.8), (436.3, 161.9), (436.3, 146.9), (436.3, 132.0), (436.3, 117.1), (436.3, 102.1), (436.3, 87.2), (436.3, 83.5), (436.3, 79.7), (436.3, 83.5), (436.3, 87.2), (436.3, 90.9), (436.3, 94.7), (436.3, 94.7), (436.3, 96.5), (436.3, 96.5), (436.3, 96.5), (436.3, 96.5), (436.3, 96.5), (436.3, 96.5), (436.3, 96.5), (436.3, 96.5), (436.3, 96.5), (436.3, 96.5), (436.3, 96.5), (436.3, 96.5), (436.3, 96.5), (436.3, 105.9), (436.3, 120.8)]",0,3,12.33
novice,bomberman,10,Timeout,1,0,6.47,0.5,"[(48.0, 48.0), (62.9, 44.3), (77.9, 44.3), (92.8, 44.3), (107.7, 44.3), (122.7, 44.3), (137.6, 44.3), (152.5, 44.3), (167.5, 44.3), (182.4, 44.3), (197.3, 44.3), (212.3, 44.3), (227.2, 44.3), (242.1, 44.3), (257.1, 44.3), (272.0, 44.3), (286.9, 44.3), (301.9, 44.3), (316.8, 44.3), (331.7, 44.3), (346.7, 44.3), (361.6, 44.3), (376.5, 44.3), (391.5, 44.3), (406.4, 44.3), (421.3, 44.3), (436.3, 44.3), (436.3, 44.3), (436.3, 44.3), (436.3, 44.3), (436.3, 44.3), (436.3, 44.3), (436.3, 44.3), (436.3, 44.3), (436.3, 44.3), (436.3, 51.7), (436.3, 66.7), (436.3, 62.9), (436.3, 62.9), (436.3, 77.9), (436.3, 92.8), (436.3, 96.5), (436.3, 100.3), (436.3, 96.5), (436.3, 96.5), (436.3, 100.3), (436.3, 107.7), (436.3, 104.0), (436.3, 100.3), (436.3, 96.5), (436.3, 96.5), (436.3, 100.3), (436.3, 104.0), (436.3, 107.7), (436.3, 111.5), (436.3, 115.2), (436.3, 118.9), (436.3, 122.7), (436.3, 126.4), (436.3, 126.4), (436.3, 122.7), (436.3, 126.4), (436.3, 126.4), (436.3, 122.7), (436.3, 118.9), (436.3, 104.0), (436.3, 89.1), (436.3, 74.1), (436.3, 59.2), (436.3, 44.3), (436.3, 44.3), (436.3, 44.3), (436.3, 44.3), (436.3, 44.3), (436.3, 44.3), (436.3, 44.3), (436.3, 44.3), (436.3, 44.3), (436.3, 44.3), (436.3, 44.3), (436.3, 44.3), (436.3, 44.3), (436.3, 44.3), (436.3, 44.3), (436.3, 44.3), (436.3, 44.3), (436.3, 44.3), (436.3, 44.3), (436.3, 44.3), (436.3, 44.3), (436.3, 44.3), (436.3, 44.3), (436.3, 44.3), (436.3, 44.3), (436.3, 44.3), (436.3, 51.7), (436.3, 66.7), (436.3, 62.9), (436.3, 62.9), (436.3, 77.9), (436.3, 92.8), (436.3, 107.7), (436.3, 111.5), (436.3, 107.7), (436.3, 104.0), (436.3, 100.3), (436.3, 96.5), (436.3, 96.5), (436.3, 100.3), (436.3, 96.5), (436.3, 96.5), (436.3, 100.3), (436.3, 115.2), (436.3, 118.9), (436.3, 122.7), (436.3, 126.4), (436.3, 126.4), (436.3, 122.7), (436.3, 126.4), (436.3, 126.4), (436.3, 122.7), (436.3, 126.4), (436.3, 126.4), (436.3, 122.7), (436.3, 118.9), (436.3, 104.0), (436.3, 89.1), (436.3, 74.1), (436.3, 59.2), (436.3, 44.3), (436.3, 44.3), (436.3, 44.3), (436.3, 44.3), (436.3, 44.3), (436.3, 44.3), (436.3, 44.3), (436.3, 44.3), (436.3, 44.3), (436.3, 44.3), (436.3, 44.3), (436.3, 44.3), (436.3, 44.3), (436.3, 44.3), (436.3, 44.3), (436.3, 44.3), (436.3, 44.3), (436.3, 44.3), (436.3, 44.3), (436.3, 44.3), (436.3, 44.3), (436.3, 44.3), (436.3, 44.3), (436.3, 44.3), (436.3, 44.3), (436.3, 44.3), (436.3, 51.7), (436.3, 66.7), (436.3, 62.9), (436.3, 62.9), (436.3, 77.9), (436.3, 92.8), (436.3, 104.0), (436.3, 100.3), (436.3, 96.5), (436.3, 96.5), (436.3, 100.3), (436.3, 96.5), (436.3, 96.5), (436.3, 100.3), (436.3, 96.5), (436.3, 96.5), (436.3, 100.3), (436.3, 96.5), (436.3, 104.0), (436.3, 111.5), (436.3, 115.2), (436.3, 118.9), (436.3, 122.7), (436.3, 126.4), (436.3, 126.4), (436.3, 122.7), (436.3, 126.4), (436.3, 126.4), (436.3, 122.7), (436.3, 118.9), (436.3, 104.0), (436.3, 89.1), (436.3, 74.1), (436.3, 59.2), (436.3, 44.3), (436.3, 44.3), (436.3, 44.3), (436.3, 44.3), (436.3, 44.3), (436.3, 44.3), (436.3, 44.3), (436.3, 44.3), (436.3, 44.3), (436.3, 44.3), (436.3, 44.3), (436.3, 44.3), (436.3, 44.3), (436.3, 44.3), (436.3, 44.3), (436.3, 44.3), (436.3, 44.3), (436.3, 44.3), (436.3, 44.3), (436.3, 44.3), (436.3, 44.3), (436.3, 44.3), (436.3, 44.3), (436.3, 44.3), (436.3, 44.3), (436.3, 44.3), (436.3, 51.7), (436.3, 66.7), (436.3, 62.9), (436.3, 62.9), (436.3, 77.9), (436.3, 92.8), (436.3, 85.3), (436.3, 77.9), (436.3, 85.3), (436.3, 96.5), (436.3, 100.3), (436.3, 96.5), (436.3, 96.5), (436.3, 100.3), (436.3, 96.5), (436.3, 96.5), (436.3, 100.3), (436.3, 96.5), (436.3, 96.5), (436.3, 100.3), (436.3, 104.0), (436.3, 107.7), (436.3, 122.7), (436.3, 126.4), (436.3, 126.4), (436.3, 122.7), (436.3, 126.4), (436.3, 126.4), (436.3, 122.7), (436.3, 118.9), (436.3, 104.0), (436.3, 89.1), (436.3, 74.1), (436.3, 59.2), (436.3, 44.3), (436.3, 44.3), (436.3, 44.3), (436.3, 44.3), (436.3, 44.3), (436.3, 44.3), (436.3, 44.3), (436.3, 44.3), (436.3, 44.3), (436.3, 44.3), (436.3, 44.3), (436.3, 44.3), (436.3, 44.3), (436.3, 44.3), (436.3, 44.3), (436.3, 44.3), (436.3, 44.3), (436.3, 44.3), (436.3, 44.3), (436.3, 44.3), (436.3, 44.3), (436.3, 44.3), (436.3, 44.3), (436.3, 44.3), (436.3, 44.3), (436.3, 44.3), (436.3, 51.7), (436.3, 66.7), (436.3, 62.9), (436.3, 62.9), (436.3, 77.9), (436.3, 77.9), (436.3, 77.9), (436.3, 77.9), (436.3, 77.9), (436.3, 81.6), (436.3, 89.1), (436.3, 96.5), (436.3, 96.5), (436.3, 100.3), (436.3, 96.5), (436.3, 96.5), (436.3, 111.5), (436.3, 126.4), (436.3, 126.4), (436.3, 122.7), (436.3, 126.4), (436.3, 126.4), (436.3, 122.7), (436.3, 126.4), (436.3, 126.4), (436.3, 122.7), (436.3, 126.4), (436.3, 126.4), (436.3, 122.7), (436.3, 118.9), (436.3, 104.0), (436.3, 89.1), (436.3, 74.1), (436.3, 59.2), (436.3, 44.3), (436.3, 44.3), (436.3, 44.3), (436.3, 44.3), (436.3, 44.3), (436.3, 44.3), (436.3, 44.3), (436.3, 44.3), (436.3, 44.3), (436.3, 44.3), (436.3, 44.3), (436.3, 44.3), (436.3, 44.3), (436.3, 44.3), (436.3, 44.3), (436.3, 44.3), (436.3, 44.3), (436.3, 44.3), (436.3, 44.3), (436.3, 44.3), (436.3, 44.3), (436.3, 44.3), (436.3, 44.3), (436.3, 44.3), (436.3, 44.3), (436.3, 44.3), (436.3, 44.3), (436.3, 44.3), (436.3, 44.3), (436.3, 44.3), (436.3, 44.3), (436.3, 59.2), (436.3, 62.9), (436.3, 66.7), (436.3, 70.4), (436.3, 85.3), (436.3, 100.3), (436.3, 96.5), (436.3, 96.5), (436.3, 100.3), (436.3, 96.5), (436.3, 107.7), (436.3, 122.7), (436.3, 126.4), (436.3, 126.4), (436.3, 122.7), (436.3, 126.4), (436.3, 126.4), (436.3, 122.7), (436.3, 126.4), (436.3, 126.4), (436.3, 122.7), (436.3, 126.4), (436.3, 126.4), (436.3, 122.7), (436.3, 118.9), (436.3, 104.0), (436.3, 89.1), (436.3, 74.1), (436.3, 59.2), (436.3, 44.3), (436.3, 44.3), (436.3, 44.3), (436.3, 44.3), (436.3, 44.3), (436.3, 44.3), (436.3, 44.3), (436.3, 44.3), (436.3, 44.3), (436.3, 44.3), (436.3, 44.3), (436.3, 44.3), (436.3, 44.3), (436.3, 44.3), (436.3, 44.3), (436.3, 44.3), (436.3, 44.3), (436.3, 44.3), (436.3, 44.3), (436.3, 44.3), (436.3, 44.3), (436.3, 44.3), (436.3, 44.3), (436.3, 44.3), (436.3, 44.3), (436.3, 44.3), (436.3, 44.3), (436.3, 44.3), (436.3, 44.3), (436.3, 46.1), (436.3, 49.9), (436.3, 64.8), (436.3, 64.8), (436.3, 61.1), (436.3, 64.8), (436.3, 77.9), (436.3, 83.5), (436.3, 98.4), (436.3, 98.4), (436.3, 94.7), (436.3, 98.4), (436.3, 98.4), (436.3, 94.7), (436.3, 98.4), (436.3, 113.3), (436.3, 117.1), (436.3, 124.5), (436.3, 124.5), (436.3, 128.3), (436.3, 124.5), (436.3, 124.5), (436.3, 128.3), (436.3, 124.5), (436.3, 124.5), (436.3, 128.3), (436.3, 124.5), (436.3, 109.6), (436.3, 94.7), (436.3, 79.7), (436.3, 64.8), (436.3, 49.9), (436.3, 44.3), (436.3, 44.3), (436.3, 44.3), (436.3, 44.3), (436.3, 44.3), (436.3, 44.3), (436.3, 44.3), (436.3, 44.3), (436.3, 44.3), (436.3, 44.3), (436.3, 44.3), (436.3, 44.3), (436.3, 44.3), (436.3, 44.3), (436.3, 44.3), (436.3, 44.3), (436.3, 44.3), (436.3, 44.3), (436.3, 44.3), (436.3, 44.3), (436.3, 44.3)]",0,1,60.0
novice,bomberman,10,Bomb,1,0,32.36,0.692,"[(48.0, 48.0), (62.9, 51.7), (77.9, 44.3), (92.8, 44.3), (107.7, 44.3), (122.7, 44.3), (137.6, 44.3), (152.5, 44.3), (167.5, 44.3), (182.4, 44.3), (197.3, 44.3), (212.3, 44.3), (227.2, 44.3), (242.1, 44.3), (257.1, 44.3), (272.0, 44.3), (286.9, 44.3), (301.9, 44.3), (316.8, 44.3), (331.7, 44.3), (346.7, 44.3), (361.6, 44.3), (376.5, 44.3), (391.5, 44.3), (406.4, 44.3), (421.3, 48.0), (436.3, 61.1), (436.3, 76.0), (436.3, 90.9), (436.3, 105.9), (436.3, 120.8), (436.3, 135.7), (436.3, 150.7), (436.3, 165.6), (436.3, 161.9), (436.3, 161.9), (436.3, 165.6), (436.3, 161.9), (436.3, 161.9), (436.3, 165.6), (436.3, 173.1), (436.3, 180.5), (436.3, 180.5), (436.3, 180.5), (436.3, 180.5), (436.3, 180.5), (436.3, 180.5), (436.3, 180.5), (436.3, 180.5), (436.3, 180.5), (436.3, 180.5), (436.3, 180.5), (436.3, 180.5), (436.3, 180.5), (436.3, 180.5), (436.3, 180.5), (436.3, 180.5), (436.3, 180.5), (436.3, 180.5), (436.3, 180.5), (436.3, 180.5), (428.8, 180.5), (428.8, 180.5), (428.8, 180.5), (428.8, 176.8), (428.8, 161.9), (428.8, 146.9), (428.8, 132.0), (428.8, 117.1), (428.8, 102.1), (428.8, 94.7), (428.8, 94.7), (428.8, 90.9), (428.8, 94.7), (428.8, 94.7), (428.8, 90.9), (428.8, 105.9), (428.8, 105.9), (428.8, 102.1), (428.8, 109.6), (430.7, 109.6), (436.3, 113.3), (436.3, 120.8), (436.3, 120.8), (436.3, 135.7), (436.3, 148.8), (436.3, 148.8), (436.3, 148.8), (436.3, 148.8), (436.3, 148.8), (436.3, 148.8)]",0,3,12.0
novice,bomberman,10,Enemy,1,0,21.75,0.808,"[(48.0, 48.0), (62.9, 44.3), (77.9, 44.3), (92.8, 44.3), (107.7, 44.3), (122.7, 44.3), (137.6, 44.3), (152.5, 44.3), (167.5, 44.3), (182.4, 44.3), (197.3, 44.3), (212.3, 44.3), (227.2, 44.3), (242.1, 44.3), (257.1, 44.3), (272.0, 44.3), (286.9, 44.3), (301.9, 44.3), (316.8, 44.3), (331.7, 44.3), (346.7, 44.3), (361.6, 44.3), (376.5, 44.3), (391.5, 44.3), (406.4, 44.3), (421.3, 48.0), (436.3, 61.1), (436.3, 76.0), (436.3, 90.9), (436.3, 94.7), (436.3, 98.4), (436.3, 94.7), (436.3, 105.9), (436.3, 120.8), (436.3, 135.7), (436.3, 150.7), (436.3, 165.6), (436.3, 161.9), (436.3, 161.9), (436.3, 165.6), (436.3, 161.9), (436.3, 161.9), (436.3, 165.6), (436.3, 161.9), (436.3, 161.9), (436.3, 165.6), (436.3, 161.9), (436.3, 161.9), (436.3, 165.6), (436.3, 161.9), (436.3, 169.3), (436.3, 165.6), (436.3, 169.3), (436.3, 169.3), (436.3, 176.8), (436.3, 173.1), (436.3, 173.1), (436.3, 176.8), (436.3, 180.5), (436.3, 178.7), (436.3, 180.5), (428.8, 178.7), (428.8, 180.5), (428.8, 180.5), (432.5, 176.8), (436.3, 161.9), (436.3, 146.9), (436.3, 132.0), (436.3, 117.1), (436.3, 102.1), (436.3, 87.2), (436.3, 72.3), (436.3, 57.3), (436.3, 49.9), (436.3, 49.9), (436.3, 46.1), (436.3, 53.6), (436.3, 53.6), (436.3, 57.3), (436.3, 61.1), (436.3, 72.3), (436.3, 68.5), (436.3, 76.0), (436.3, 83.5), (436.3, 79.7), (436.3, 87.2), (436.3, 87.2), (436.3, 96.5), (436.3, 96.5), (436.3, 96.5), (436.3, 96.5), (436.3, 102.1), (436.3, 102.1), (436.3, 102.1), (436.3, 105.9), (436.3, 120.8), (436.3, 135.7), (436.3, 150.7), (436.3, 165.6), (436.3, 180.5), (436.3, 195.5), (436.3, 210.4), (436.3, 225.3), (436.3, 221.6), (436.3, 221.6), (436.3, 225.3), (436.3, 217.9), (436.3, 210.4), (436.3, 202.9), (436.3, 206.7), (436.3, 199.2), (436.3, 202.9), (436.3, 195.5), (436.3, 195.5), (436.3, 191.7), (436.3, 195.5), (436.3, 195.5), (436.3, 191.7), (436.3, 195.5), (436.3, 195.5), (436.3, 191.7), (436.3, 195.5), (436.3, 195.5), (436.3, 191.7), (436.3, 188.0), (436.3, 195.5), (436.3, 191.7), (436.3, 195.5), (436.3, 195.5), (436.3, 191.7), (436.3, 195.5), (436.3, 195.5), (436.3, 191.7), (434.4, 195.5)]",0,3,17.85
novice,bomberman,10,Bomb,12,0,39.22,0.423,"[(48.0, 48.0), (62.9, 44.3), (77.9, 44.3), (92.8, 44.3), (107.7, 44.3), (122.7, 44.3), (137.6, 44.3), (152.5, 44.3), (167.5, 44.3), (182.4, 44.3), (197.3, 44.3), (212.3, 44.3), (227.2, 44.3), (242.1, 44.3), (257.1, 44.3), (272.0, 44.3), (286.9, 44.3), (301.9, 44.3), (316.8, 44.3), (331.7, 44.3), (346.7, 44.3), (361.6, 44.3), (376.5, 44.3), (391.5, 44.3), (406.4, 44.3), (421.3, 44.3), (436.3, 44.3), (436.3, 44.3), (436.3, 44.3), (436.3, 44.3), (436.3, 44.3), (436.3, 44.3), (436.3, 44.3), (436.3, 44.3), (436.3, 44.3), (436.3, 44.3), (436.3, 44.3), (436.3, 44.3), (436.3, 44.3), (436.3, 44.3), (436.3, 44.3), (436.3, 44.3), (436.3, 44.3), (436.3, 44.3), (436.3, 44.3), (436.3, 44.3), (436.3, 44.3), (436.3, 51.7), (436.3, 66.7), (436.3, 62.9), (436.3, 62.9), (436.3, 66.7), (436.3, 62.9), (436.3, 62.9), (436.3, 66.7), (436.3, 70.4), (436.3, 81.6), (436.3, 77.9), (436.3, 77.9), (436.3, 77.9), (436.3, 77.9), (436.3, 77.9), (436.3, 77.9), (436.3, 77.9), (436.3, 77.9), (436.3, 77.9), (436.3, 77.9), (436.3, 77.9), (436.3, 77.9), (436.3, 77.9), (436.3, 77.9), (436.3, 77.9), (436.3, 77.9), (436.3, 77.9), (436.3, 77.9)]",0,0,9.9
novice,bomberman,10,Bomb,7,0,14.7,0.538,"[(48.0, 48.0), (62.9, 44.3), (77.9, 44.3), (92.8, 44.3), (107.7, 44.3), (122.7, 44.3), (137.6, 44.3), (152.5, 44.3), (167.5, 44.3), (182.4, 44.3), (197.3, 44.3), (212.3, 44.3), (227.2, 44.3), (242.1, 44.3), (257.1, 44.3), (272.0, 44.3), (286.9, 44.3), (301.9, 44.3), (316.8, 44.3), (331.7, 44.3), (346.7, 44.3), (361.6, 44.3), (376.5, 51.7), (391.5, 44.3), (406.4, 44.3), (421.3, 48.0), (436.3, 61.1), (436.3, 76.0), (436.3, 90.9), (436.3, 105.9), (436.3, 120.8), (436.3, 135.7), (436.3, 146.9), (436.3, 143.2), (436.3, 139.5), (436.3, 135.7), (436.3, 132.0), (436.3, 135.7), (436.3, 139.5), (436.3, 143.2), (436.3, 146.9), (436.3, 150.7), (436.3, 154.4), (436.3, 161.9), (436.3, 158.1), (436.3, 154.4), (436.3, 150.7), (436.3, 150.7), (436.3, 143.2), (436.3, 146.9), (436.3, 146.9), (436.3, 143.2), (436.3, 139.5), (436.3, 135.7), (436.3, 132.0), (436.3, 135.7), (436.3, 124.5), (436.3, 109.6), (436.3, 94.7), (436.3, 90.9), (436.3, 87.2), (436.3, 79.7), (436.3, 79.7), (436.3, 76.0), (436.3, 72.3), (436.3, 68.5), (436.3, 53.6), (436.3, 44.3), (436.3, 44.3), (436.3, 44.3), (436.3, 44.3), (436.3, 44.3), (436.3, 44.3), (436.3, 44.3), (436.3, 44.3), (436.3, 44.3), (436.3, 53.6), (436.3, 68.5), (436.3, 83.5), (436.3, 85.3), (436.3, 85.3), (436.3, 89.1), (436.3, 96.5), (436.3, 96.5), (436.3, 100.3), (436.3, 96.5), (436.3, 96.5), (436.3, 100.3), (436.3, 107.7), (436.3, 115.2), (436.3, 122.7), (436.3, 126.4), (436.3, 130.1), (436.3, 133.9), (436.3, 137.6), (436.3, 141.3), (436.3, 145.1), (436.3, 152.5), (436.3, 152.5), (436.3, 156.3), (436.3, 160.0), (436.3, 160.0), (436.3, 156.3), (436.3, 152.5), (436.3, 148.8), (436.3, 145.1), (436.3, 141.3), (436.3, 137.6), (436.3, 133.9), (436.3, 137.6), (436.3, 130.1), (436.3, 133.9), (436.3, 118.9), (436.3, 104.0), (436.3, 89.1), (436.3, 85.3), (436.3, 81.6), (436.3, 77.9), (436.3, 81.6), (436.3, 70.4), (436.3, 66.7), (436.3, 70.4), (436.3, 59.2), (436.3, 44.3), (436.3, 44.3), (436.3, 44.3), (436.3, 44.3), (436.3, 44.3), (436.3, 44.3), (436.3, 44.3), (436.3, 44.3), (436.3, 44.3), (436.3, 44.3), (436.3, 44.3), (436.3, 46.1), (436.3, 49.9), (436.3, 53.6), (436.3, 68.5), (436.3, 83.5), (436.3, 90.9), (436.3, 98.4), (436.3, 94.7), (436.3, 98.4), (436.3, 98.4), (436.3, 105.9), (436.3, 109.6), (436.3, 113.3), (436.3, 117.1), (436.3, 120.8), (436.3, 132.0), (436.3, 139.5), (436.3, 143.2), (436.3, 143.2), (436.3, 150.7), (436.3, 154.4), (436.3, 158.1), (436.3, 161.9), (436.3, 158.1), (436.3, 158.1), (436.3, 161.9), (436.3, 154.4), (436.3, 146.9), (436.3, 139.5), (436.3, 143.2), (436.3, 135.7), (436.3, 128.3), (436.3, 124.5), (436.3, 124.5), (436.3, 128.3), (436.3, 124.5), (436.3, 109.6), (436.3, 94.7), (436.3, 87.2), (436.3, 79.7), (436.3, 83.5), (436.3, 76.0), (436.3, 68.5), (436.3, 72.3), (436.3, 57.3), (436.3, 46.1), (436.3, 49.9), (436.3, 44.3), (436.3, 44.3), (436.3, 44.3), (436.3, 44.3), (436.3, 44.3), (436.3, 44.3), (436.3, 44.3), (436.3, 44.3), (436.3, 44.3), (436.3, 44.3), (436.3, 46.1), (436.3, 49.9), (436.3, 46.1), (436.3, 57.3), (436.3, 61.1), (436.3, 64.8), (436.3, 79.7), (436.3, 94.7)]",0,0,26.42
novice,bomberman,10,Bomb,1,0,31.73,0.692,"[(48.0, 48.0), (62.9, 44.3), (77.9, 44.3), (92.8, 44.3), (107.7, 44.3), (122.7, 44.3), (137.6, 44.3), (152.5, 44.3), (167.5, 44.3), (182.4, 44.3), (197.3, 44.3), (212.3, 44.3), (227.2, 44.3), (242.1, 44.3), (257.1, 44.3), (272.0, 44.3), (286.9, 44.3), (301.9, 44.3), (316.8, 44.3), (331.7, 44.3), (346.7, 44.3), (361.6, 44.3), (376.5, 44.3), (391.5, 44.3), (406.4, 44.3), (421.3, 48.0), (436.3, 61.1), (436.3, 76.0), (436.3, 90.9), (436.3, 105.9), (436.3, 120.8), (436.3, 135.7), (436.3, 150.7), (436.3, 165.6), (436.3, 161.9), (436.3, 161.9), (436.3, 165.6), (436.3, 161.9), (436.3, 161.9), (436.3, 165.6), (436.3, 161.9), (436.3, 161.9), (436.3, 165.6), (436.3, 161.9), (436.3, 161.9), (436.3, 165.6), (436.3, 161.9), (436.3, 161.9), (436.3, 165.6), (436.3, 161.9), (436.3, 161.9), (436.3, 165.6), (436.3, 161.9), (436.3, 161.9), (436.3, 165.6), (436.3, 161.9), (436.3, 161.9), (436.3, 165.6), (436.3, 161.9), (436.3, 161.9), (436.3, 165.6), (436.3, 180.5), (436.3, 180.5), (436.3, 180.5), (436.3, 176.8), (436.3, 161.9), (436.3, 146.9), (436.3, 132.0), (436.3, 117.1), (436.3, 102.1), (436.3, 87.2), (436.3, 72.3), (436.3, 57.3), (436.3, 44.3), (436.3, 44.3), (436.3, 44.3), (436.3, 46.1), (436.3, 57.3), (436.3, 61.1), (436.3, 64.8), (436.3, 79.7), (436.3, 94.7), (436.3, 109.6), (436.3, 124.5), (436.3, 139.5), (436.3, 148.8), (436.3, 148.8), (436.3, 148.8), (432.5, 148.8), (428.8, 148.8), (428.8, 148.8)]",0,3,12.0
novice,bomberman,10,Bomb,4,0,9.29,0.846,"[(48.0, 48.0), (62.9, 44.3), (77.9, 44.3), (92.8, 44.3), (107.7, 44.3), (122.7, 44.3), (137.6, 44.3), (152.5, 44.3), (167.5, 44.3), (182.4, 44.3), (197.3, 44.3), (212.3, 44.3), (227.2, 44.3), (242.1, 44.3), (257.1, 44.3), (272.0, 44.3), (286.9, 44.3), (301.9, 44.3), (316.8, 44.3), (331.7, 44.3), (346.7, 44.3), (361.6, 44.3), (376.5, 44.3), (391.5, 44.3), (406.4, 44.3), (421.3, 48.0), (436.3, 61.1), (436.3, 76.0), (436.3, 90.9), (436.3, 105.9), (436.3, 120.8), (436.3, 135.7), (436.3, 150.7), (436.3, 154.4), (436.3, 146.9), (436.3, 146.9), (436.3, 143.2), (436.3, 146.9), (436.3, 146.9), (436.3, 154.4), (436.3, 150.7), (436.3, 158.1), (436.3, 165.6), (436.3, 161.9), (436.3, 161.9), (436.3, 154.4), (436.3, 150.7), (436.3, 150.7), (436.3, 143.2), (436.3, 135.7), (436.3, 124.5), (436.3, 120.8), (436.3, 117.1), (436.3, 113.3), (436.3, 109.6), (436.3, 113.3), (436.3, 105.9), (436.3, 109.6), (436.3, 105.9), (436.3, 102.1), (436.3, 98.4), (436.3, 90.9), (436.3, 90.9), (436.3, 76.0), (436.3, 79.7), (436.3, 72.3), (436.3, 76.0), (436.3, 68.5), (436.3, 57.3), (436.3, 44.3), (436.3, 44.3), (436.3, 44.3), (436.3, 44.3), (436.3, 44.3), (436.3, 46.1), (436.3, 61.1), (436.3, 76.0), (436.3, 90.9), (436.3, 105.9), (436.3, 120.8), (436.3, 135.7), (436.3, 150.7), (436.3, 158.1), (436.3, 158.1), (436.3, 161.9), (436.3, 165.6), (436.3, 169.3), (436.3, 173.1), (436.3, 176.8), (436.3, 180.5), (436.3, 184.3), (436.3, 188.0), (436.3, 191.7), (436.3, 206.7), (436.3, 210.4), (436.3, 214.1), (436.3, 217.9), (436.3, 221.6), (436.3, 225.3), (436.3, 229.1), (436.3, 225.3), (436.3, 225.3), (436.3, 229.1), (436.3, 221.6), (436.3, 221.6), (436.3, 206.7), (436.3, 202.9), (436.3, 199.2), (436.3, 195.5), (436.3, 191.7), (436.3, 176.8), (436.3, 161.9), (436.3, 146.9), (436.3, 132.0), (436.3, 117.1), (436.3, 102.1), (436.3, 98.4), (436.3, 94.7), (436.3, 98.4), (436.3, 98.4), (436.3, 94.7), (436.3, 90.9), (436.3, 87.2), (436.3, 83.5), (436.3, 79.7), (436.3, 76.0), (436.3, 72.3), (436.3, 68.5), (436.3, 53.6), (436.3, 44.3), (436.3, 44.3), (436.3, 44.3), (436.3, 44.3), (436.3, 48.0), (436.3, 51.7), (436.3, 66.7), (436.3, 81.6), (436.3, 96.5), (436.3, 111.5), (436.3, 126.4), (436.3, 141.3), (436.3, 156.3), (436.3, 163.7), (436.3, 171.2), (436.3, 167.5), (436.3, 174.9), (436.3, 174.9), (436.3, 178.7), (436.3, 182.4), (436.3, 197.3), (436.3, 201.1), (436.3, 208.5), (436.3, 208.5), (436.3, 212.3), (436.3, 216.0), (436.3, 227.2), (436.3, 223.5), (436.3, 227.2), (436.3, 227.2), (436.3, 223.5), (436.3, 219.7), (436.3, 216.0), (436.3, 212.3), (436.3, 208.5), (436.3, 216.0), (436.3, 201.1), (436.3, 186.1), (436.3, 171.2), (436.3, 156.3), (436.3, 141.3), (436.3, 126.4), (436.3, 111.5), (436.3, 104.0), (436.3, 96.5), (436.3, 100.3), (436.3, 96.5), (436.3, 96.5), (436.3, 100.3), (436.3, 85.3), (436.3, 85.3), (436.3, 77.9), (436.3, 81.6), (436.3, 74.1), (436.3, 66.7), (436.3, 70.4), (436.3, 59.2), (436.3, 44.3), (436.3, 44.3), (436.3, 44.3), (436.3, 44.3), (436.3, 48.0), (436.3, 51.7), (436.3, 55.5), (436.3, 59.2), (436.3, 74.1), (436.3, 89.1), (436.3, 104.0), (436.3, 118.9), (436.3, 133.9), (436.3, 148.8), (436.3, 163.7), (436.3, 178.7), (436.3, 182.4), (436.3, 182.4), (436.3, 189.9), (436.3, 204.8), (436.3, 208.5), (436.3, 212.3), (436.3, 216.0), (436.3, 216.0), (436.3, 223.5), (436.3, 227.2), (436.3, 227.2), (436.3, 223.5), (436.3, 227.2), (436.3, 227.2), (436.3, 223.5), (436.3, 227.2), (436.3, 227.2), (436.3, 212.3), (436.3, 216.0), (436.3, 208.5), (436.3, 212.3), (436.3, 204.8), (436.3, 204.8), (436.3, 189.9), (436.3, 174.9), (436.3, 160.0), (436.3, 145.1), (436.3, 130.1), (436.3, 115.2), (436.3, 100.3), (436.3, 96.5), (436.3, 96.5), (436.3, 100.3), (436.3, 85.3), (436.3, 85.3), (436.3, 77.9), (436.3, 81.6), (436.3, 74.1), (436.3, 66.7), (436.3, 70.4), (436.3, 59.2), (436.3, 44.3), (436.3, 44.3), (436.3, 44.3), (436.3, 44.3), (436.3, 48.0), (436.3, 51.7), (436.3, 55.5), (436.3, 59.2), (436.3, 74.1), (436.3, 89.1), (436.3, 96.5), (436.3, 107.7), (436.3, 122.7), (436.3, 137.6), (436.3, 152.5), (436.3, 167.5), (436.3, 182.4), (436.3, 197.3), (436.3, 201.1), (436.3, 208.5), (436.3, 208.5), (436.3, 212.3), (436.3, 216.0), (436.3, 219.7), (436.3, 223.5), (436.3, 227.2), (436.3, 227.2), (436.3, 234.7), (436.3, 230.9), (436.3, 230.9), (436.3, 223.5), (436.3, 227.2), (436.3, 227.2), (436.3, 223.5), (436.3, 219.7), (436.3, 216.0), (436.3, 212.3), (436.3, 208.5), (436.3, 204.8), (436.3, 201.1), (436.3, 197.3), (432.5, 193.6), (436.3, 178.7), (436.3, 174.9), (436.3, 182.4), (436.3, 178.7), (436.3, 193.6), (436.3, 193.6), (436.3, 189.9), (436.3, 193.6), (436.3, 197.3), (436.3, 201.1), (436.3, 204.8), (436.3, 219.7), (436.3, 234.7), (436.3, 249.6), (436.3, 253.3), (436.3, 257.1), (436.3, 249.6), (436.3, 249.6), (436.3, 245.9), (436.3, 242.1), (436.3, 238.4), (436.3, 234.7), (436.3, 230.9), (436.3, 230.9), (436.3, 234.7), (436.3, 230.9), (436.3, 216.0), (436.3, 204.8), (436.3, 204.8)]",0,3,41.8
novice,bomberman,10,Enemy,3,0,22.47,0.808,"[(48.0, 48.0), (62.9, 44.3), (77.9, 44.3), (92.8, 44.3), (107.7, 44.3), (122.7, 44.3), (137.6, 44.3), (152.5, 44.3), (167.5, 44.3), (182.4, 44.3), (197.3, 44.3), (212.3, 44.3), (227.2, 44.3), (242.1, 44.3), (257.1, 44.3), (272.0, 44.3), (286.9, 44.3), (301.9, 44.3), (316.8, 44.3), (331.7, 44.3), (346.7, 44.3), (361.6, 44.3), (376.5, 44.3), (391.5, 44.3), (406.4, 44.3), (421.3, 48.0), (436.3, 61.1), (436.3, 76.0), (436.3, 90.9), (436.3, 105.9), (436.3, 120.8), (436.3, 135.7), (436.3, 150.7), (436.3, 143.2), (436.3, 146.9), (436.3, 139.5), (436.3, 132.0), (436.3, 139.5), (436.3, 146.9), (436.3, 143.2), (436.3, 150.7), (436.3, 150.7), (436.3, 165.6), (436.3, 161.9), (436.3, 161.9), (436.3, 165.6), (436.3, 158.1), (436.3, 150.7), (436.3, 154.4), (436.3, 150.7), (436.3, 150.7), (436.3, 154.4), (436.3, 150.7), (436.3, 135.7), (436.3, 132.0), (436.3, 135.7), (436.3, 124.5), (436.3, 109.6), (436.3, 105.9), (436.3, 105.9), (436.3, 109.6), (436.3, 105.9), (436.3, 102.1), (436.3, 98.4), (436.3, 98.4), (436.3, 98.4), (436.3, 98.4), (436.3, 98.4), (436.3, 98.4), (436.3, 98.4), (436.3, 98.4), (436.3, 98.4), (436.3, 98.4), (436.3, 98.4), (436.3, 98.4), (436.3, 98.4), (436.3, 98.4), (436.3, 98.4), (436.3, 109.6), (436.3, 124.5), (436.3, 139.5), (436.3, 154.4), (436.3, 161.9), (436.3, 161.9), (436.3, 165.6), (436.3, 169.3), (436.3, 173.1), (436.3, 176.8), (436.3, 180.5), (436.3, 184.3), (436.3, 188.0), (436.3, 202.9), (436.3, 206.7), (436.3, 210.4), (436.3, 214.1), (436.3, 217.9), (436.3, 221.6), (436.3, 225.3), (436.3, 225.3), (436.3, 221.6), (436.3, 225.3), (436.3, 225.3), (436.3, 221.6), (436.3, 225.3), (436.3, 225.3), (436.3, 210.4), (436.3, 206.7), (436.3, 206.7), (436.3, 210.4), (436.3, 214.1), (436.3, 214.1), (436.3, 210.4), (436.3, 214.1), (436.3, 214.1), (436.3, 210.4), (436.3, 214.1), (436.3, 217.9), (436.3, 221.6), (436.3, 225.3), (436.3, 225.3), (430.7, 221.6), (434.4, 225.3), (434.4, 225.3), (430.7, 221.6), (434.4, 225.3), (428.8, 225.3), (428.8, 221.6), (428.8, 225.3)]",0,3,16.95
novice,bomberman,10,Enemy,1,0,21.75,0.808,"[(48.0, 48.0), (62.9, 44.3), (77.9, 44.3), (92.8, 44.3), (107.7, 44.3), (122.7, 44.3), (137.6, 44.3), (152.5, 44.3), (167.5, 44.3), (182.4, 44.3), (197.3, 44.3), (212.3, 44.3), (227.2, 44.3), (242.1, 44.3), (257.1, 44.3), (272.0, 44.3), (286.9, 44.3), (301.9, 44.3), (316.8, 44.3), (331.7, 44.3), (346.7, 44.3), (361.6, 44.3), (376.5, 44.3), (391.5, 44.3), (406.4, 44.3), (421.3, 48.0), (436.3, 61.1), (436.3, 76.0), (436.3, 90.9), (436.3, 94.7), (436.3, 98.4), (436.3, 94.7), (436.3, 105.9), (436.3, 120.8), (436.3, 135.7), (436.3, 150.7), (436.3, 165.6), (436.3, 161.9), (436.3, 161.9), (436.3, 165.6), (436.3, 161.9), (436.3, 161.9), (436.3, 165.6), (436.3, 161.9), (436.3, 161.9), (436.3, 165.6), (436.3, 161.9), (436.3, 161.9), (436.3, 165.6), (436.3, 161.9), (436.3, 169.3), (436.3, 165.6), (436.3, 169.3), (436.3, 169.3), (436.3, 176.8), (436.3, 173.1), (436.3, 173.1), (436.3, 176.8), (436.3, 180.5), (436.3, 178.7), (436.3, 180.5), (428.8, 178.7), (428.8, 180.5), (428.8, 180.5), (432.5, 176.8), (436.3, 161.9), (436.3, 146.9), (436.3, 132.0), (436.3, 117.1), (436.3, 102.1), (436.3, 87.2), (436.3, 72.3), (436.3, 57.3), (436.3, 49.9), (436.3, 49.9), (436.3, 46.1), (436.3, 53.6), (436.3, 53.6), (436.3, 57.3), (436.3, 61.1), (436.3, 72.3), (436.3, 68.5), (436.3, 76.0), (436.3, 83.5), (436.3, 79.7), (436.3, 87.2), (436.3, 87.2), (436.3, 96.5), (436.3, 96.5), (436.3, 96.5), (436.3, 96.5), (436.3, 102.1), (436.3, 102.1), (436.3, 102.1), (436.3, 105.9), (436.3, 120.8), (436.3, 135.7), (436.3, 150.7), (436.3, 165.6), (436.3, 180.5), (436.3, 195.5), (436.3, 210.4), (436.3, 225.3), (436.3, 221.6), (436.3, 221.6), (436.3, 225.3), (436.3, 217.9), (436.3, 210.4), (436.3, 202.9), (436.3, 206.7), (436.3, 199.2), (436.3, 202.9), (436.3, 195.5), (436.3, 195.5), (436.3, 191.7), (436.3, 195.5), (436.3, 195.5), (436.3, 191.7), (436.3, 195.5), (436.3, 195.5), (436.3, 191.7), (436.3, 195.5), (436.3, 195.5), (436.3, 191.7), (436.3, 188.0), (436.3, 195.5), (436.3, 191.7), (436.3, 195.5), (436.3, 195.5), (436.3, 191.7), (436.3, 195.5), (436.3, 195.5), (436.3, 191.7), (434.4, 195.5)]",0,3,17.85
novice,bomberman,10,Enemy,1,0,8.44,0.731,"[(48.0, 48.0), (62.9, 44.3), (77.9, 44.3), (92.8, 44.3), (107.7, 44.3), (122.7, 44.3), (137.6, 44.3), (152.5, 44.3), (167.5, 44.3), (182.4, 44.3), (197.3, 44.3), (212.3, 44.3), (227.2, 44.3), (242.1, 44.3), (257.1, 44.3), (272.0, 44.3), (286.9, 44.3), (301.9, 44.3), (316.8, 44.3), (331.7, 44.3), (346.7, 44.3), (361.6, 44.3), (376.5, 44.3), (391.5, 44.3), (406.4, 44.3), (421.3, 44.3), (436.3, 46.1), (436.3, 61.1), (436.3, 76.0), (436.3, 90.9), (436.3, 94.7), (436.3, 98.4), (436.3, 98.4), (436.3, 94.7), (436.3, 98.4), (436.3, 98.4), (436.3, 94.7), (436.3, 98.4), (436.3, 102.1), (436.3, 109.6), (436.3, 111.5), (436.3, 122.7), (436.3, 137.6), (436.3, 152.5), (436.3, 163.7), (436.3, 160.0), (436.3, 163.7), (436.3, 163.7), (436.3, 160.0), (436.3, 163.7), (436.3, 163.7), (436.3, 160.0), (436.3, 163.7), (436.3, 163.7), (436.3, 160.0), (436.3, 163.7), (436.3, 163.7), (436.3, 160.0), (436.3, 163.7), (436.3, 163.7), (436.3, 160.0), (436.3, 163.7), (436.3, 163.7), (436.3, 160.0), (436.3, 156.3), (436.3, 141.3), (436.3, 126.4), (436.3, 111.5), (436.3, 96.5), (436.3, 81.6), (436.3, 66.7), (436.3, 51.7), (436.3, 44.3), (436.3, 44.3), (436.3, 44.3), (436.3, 44.3), (436.3, 44.3), (436.3, 44.3), (436.3, 44.3), (436.3, 44.3), (436.3, 44.3), (436.3, 44.3), (436.3, 44.3), (436.3, 44.3), (436.3, 44.3), (436.3, 44.3), (436.3, 44.3), (436.3, 44.3), (436.3, 44.3), (436.3, 44.3), (436.3, 44.3), (436.3, 53.6), (436.3, 66.7), (436.3, 66.7), (436.3, 70.4), (436.3, 85.3), (436.3, 100.3), (436.3, 104.0), (436.3, 107.7), (436.3, 122.7), (436.3, 126.4), (436.3, 126.4), (436.3, 122.7), (436.3, 126.4), (436.3, 126.4), (436.3, 122.7), (436.3, 126.4), (436.3, 126.4), (436.3, 122.7), (436.3, 126.4), (436.3, 126.4), (436.3, 122.7), (436.3, 126.4), (436.3, 126.4), (436.3, 122.7), (436.3, 126.4), (436.3, 126.4), (436.3, 122.7), (436.3, 126.4), (436.3, 126.4), (436.3, 122.7), (436.3, 126.4), (436.3, 126.4), (436.3, 122.7), (436.3, 118.9), (436.3, 104.0), (436.3, 89.1), (436.3, 74.1), (436.3, 59.2), (436.3, 44.3), (436.3, 44.3), (436.3, 44.3), (436.3, 44.3), (436.3, 44.3), (436.3, 44.3), (436.3, 44.3), (436.3, 44.3), (436.3, 44.3), (436.3, 44.3), (436.3, 44.3), (436.3, 44.3), (436.3, 44.3), (436.3, 44.3), (436.3, 44.3), (436.3, 44.3), (436.3, 44.3), (436.3, 44.3), (436.3, 44.3), (436.3, 44.3), (436.3, 44.3), (436.3, 44.3), (436.3, 49.9), (436.3, 49.9), (436.3, 55.5), (436.3, 70.4), (436.3, 85.3), (436.3, 100.3), (436.3, 115.2), (436.3, 126.4), (436.3, 122.7), (436.3, 126.4), (436.3, 126.4), (436.3, 122.7), (436.3, 126.4), (436.3, 126.4), (436.3, 122.7), (436.3, 126.4), (436.3, 126.4), (436.3, 122.7), (436.3, 126.4), (436.3, 126.4), (436.3, 122.7), (436.3, 126.4), (436.3, 126.4), (436.3, 122.7), (436.3, 126.4), (436.3, 126.4), (436.3, 122.7), (436.3, 126.4), (436.3, 126.4), (436.3, 122.7), (436.3, 126.4), (436.3, 126.4), (436.3, 122.7), (436.3, 118.9), (436.3, 104.0), (436.3, 89.1), (436.3, 74.1), (436.3, 59.2), (436.3, 44.3), (436.3, 44.3), (436.3, 44.3), (436.3, 44.3), (436.3, 44.3), (436.3, 44.3), (436.3, 44.3), (436.3, 44.3), (436.3, 44.3), (436.3, 44.3), (436.3, 44.3), (436.3, 44.3), (436.3, 44.3), (436.3, 44.3), (436.3, 44.3), (436.3, 44.3), (436.3, 44.3), (436.3, 44.3), (436.3, 44.3), (436.3, 44.3), (436.3, 44.3), (436.3, 44.3), (436.3, 49.9), (436.3, 49.9), (436.3, 55.5), (436.3, 70.4), (436.3, 85.3), (436.3, 100.3), (436.3, 115.2), (436.3, 118.9), (436.3, 122.7), (436.3, 126.4), (436.3, 126.4), (436.3, 122.7), (436.3, 126.4), (436.3, 126.4), (436.3, 122.7), (436.3, 126.4), (436.3, 126.4), (436.3, 122.7), (436.3, 126.4), (436.3, 126.4), (436.3, 122.7), (436.3, 126.4), (436.3, 126.4), (436.3, 122.7), (436.3, 126.4), (436.3, 126.4), (436.3, 122.7), (436.3, 126.4), (436.3, 126.4), (436.3, 122.7), (436.3, 126.4), (436.3, 126.4), (436.3, 122.7), (436.3, 118.9), (436.3, 104.0), (436.3, 111.5), (436.3, 126.4), (436.3, 126.4), (436.3, 122.7), (436.3, 126.4), (436.3, 126.4), (436.3, 122.7), (436.3, 126.4), (436.3, 137.6), (436.3, 145.1), (436.3, 141.3), (436.3, 150.7), (436.3, 158.1), (436.3, 161.9), (436.3, 161.9), (436.3, 158.1), (436.3, 161.9), (436.3, 161.9), (436.3, 158.1), (436.3, 161.9), (436.3, 161.9), (436.3, 158.1), (436.3, 173.1), (436.3, 176.8), (436.3, 180.5), (430.7, 180.5), (430.7, 180.5), (428.8, 180.5), (432.5, 176.8), (436.3, 161.9), (436.3, 146.9), (436.3, 132.0), (436.3, 117.1), (436.3, 102.1), (436.3, 87.2), (436.3, 72.3), (436.3, 57.3), (436.3, 44.3), (436.3, 44.3), (436.3, 44.3), (436.3, 44.3), (436.3, 44.3), (436.3, 44.3), (436.3, 44.3), (436.3, 44.3), (436.3, 44.3), (436.3, 44.3), (436.3, 44.3), (436.3, 44.3), (436.3, 44.3), (436.3, 44.3), (436.3, 44.3), (436.3, 44.3), (436.3, 44.3), (436.3, 44.3), (436.3, 59.2), (436.3, 74.1), (436.3, 89.1), (436.3, 104.0), (436.3, 118.9), (436.3, 133.9), (436.3, 148.8), (436.3, 163.7), (436.3, 167.5), (436.3, 163.7), (436.3, 152.5), (436.3, 145.1), (436.3, 141.3), (436.3, 137.6), (436.3, 122.7), (436.3, 126.4), (436.3, 126.4), (436.3, 122.7), (436.3, 126.4), (436.3, 126.4), (436.3, 122.7), (436.3, 126.4), (436.3, 126.4), (436.3, 122.7), (436.3, 126.4), (436.3, 126.4), (436.3, 122.7), (436.3, 126.4), (436.3, 126.4), (436.3, 122.7), (436.3, 126.4), (436.3, 126.4), (436.3, 122.7), (436.3, 126.4), (436.3, 126.4), (436.3, 122.7), (436.3, 126.4), (436.3, 126.4), (436.3, 122.7), (436.3, 126.4), (436.3, 126.4), (436.3, 122.7), (436.3, 126.4), (436.3, 130.1), (436.3, 145.1)]",0,3,46.0
novice,bomberman,10,Bomb,4,0,47.3,0.462,"[(48.0, 48.0), (62.9, 44.3), (77.9, 44.3), (92.8, 44.3), (107.7, 44.3), (122.7, 44.3), (137.6, 44.3), (152.5, 44.3), (167.5, 44.3), (182.4, 44.3), (197.3, 44.3), (212.3, 44.3), (227.2, 44.3), (242.1, 44.3), (257.1, 44.3), (272.0, 44.3), (286.9, 44.3), (301.9, 44.3), (316.8, 44.3), (331.7, 44.3), (346.7, 44.3), (361.6, 44.3), (376.5, 44.3), (391.5, 44.3), (406.4, 44.3), (421.3, 44.3), (436.3, 44.3), (436.3, 44.3), (436.3, 44.3), (436.3, 44.3), (436.3, 44.3), (436.3, 44.3), (436.3, 44.3), (436.3, 44.3), (436.3, 44.3), (436.3, 44.3), (436.3, 44.3), (436.3, 44.3), (436.3, 44.3), (436.3, 44.3), (436.3, 44.3), (436.3, 44.3), (436.3, 44.3), (436.3, 44.3), (436.3, 44.3), (436.3, 44.3), (436.3, 44.3), (436.3, 44.3), (436.3, 44.3), (436.3, 44.3), (436.3, 44.3), (436.3, 55.5), (436.3, 70.4), (436.3, 85.3), (436.3, 100.3), (436.3, 96.5), (436.3, 96.5), (436.3, 100.3), (436.3, 96.5), (434.4, 96.5), (430.7, 100.3)]",0,0,8.05
novice,bomberman,10,Bomb,1,0,7.7,0.115,"[(48.0, 48.0), (62.9, 51.7), (77.9, 44.3), (92.8, 44.3), (107.7, 51.7), (115.2, 66.7), (115.2, 81.6), (115.2, 83.5), (115.2, 83.5), (115.2, 83.5), (115.2, 83.5), (115.2, 83.5), (115.2, 83.5), (115.2, 83.5), (115.2, 83.5), (115.2, 83.5), (115.2, 83.5), (115.2, 83.5), (115.2, 83.5), (115.2, 83.5), (115.2, 83.5), (115.2, 83.5), (115.2, 83.5), (115.2, 83.5), (115.2, 83.5), (115.2, 83.5), (115.2, 83.5), (115.2, 83.5), (115.2, 83.5), (115.2, 83.5), (115.2, 83.5), (115.2, 83.5), (115.2, 83.5), (115.2, 83.5), (115.2, 83.5), (115.2, 83.5), (115.2, 83.5), (115.2, 83.5), (115.2, 83.5), (115.2, 83.5), (115.2, 83.5), (115.2, 83.5), (115.2, 83.5), (115.2, 83.5), (109.6, 83.5), (109.6, 83.5), (109.6, 83.5), (109.6, 83.5), (109.6, 83.5), (109.6, 83.5), (109.6, 83.5), (109.6, 83.5), (109.6, 83.5), (109.6, 83.5), (109.6, 83.5), (109.6, 83.5), (109.6, 83.5), (109.6, 83.5), (109.6, 83.5), (109.6, 83.5), (109.6, 83.5)]",0,1,8.0
novice,bomberman,10,Enemy,1,0,19.51,0.731,"[(48.0, 48.0), (62.9, 44.3), (77.9, 44.3), (92.8, 44.3), (107.7, 44.3), (122.7, 44.3), (137.6, 44.3), (152.5, 44.3), (167.5, 44.3), (182.4, 44.3), (197.3, 44.3), (212.3, 44.3), (227.2, 44.3), (242.1, 44.3), (257.1, 44.3), (272.0, 44.3), (286.9, 44.3), (301.9, 44.3), (316.8, 44.3), (331.7, 44.3), (346.7, 44.3), (361.6, 44.3), (376.5, 44.3), (391.5, 44.3), (406.4, 44.3), (421.3, 44.3), (436.3, 44.3), (436.3, 44.3), (436.3, 44.3), (436.3, 44.3), (436.3, 44.3), (436.3, 48.0), (436.3, 62.9), (436.3, 77.9), (436.3, 92.8), (436.3, 107.7), (436.3, 122.7), (436.3, 126.4), (436.3, 126.4), (436.3, 122.7), (436.3, 126.4), (436.3, 126.4), (436.3, 122.7), (436.3, 126.4), (436.3, 126.4), (436.3, 122.7), (436.3, 126.4), (436.3, 126.4), (436.3, 122.7), (436.3, 126.4), (436.3, 126.4), (436.3, 122.7), (436.3, 126.4), (436.3, 126.4), (436.3, 122.7), (436.3, 126.4), (436.3, 126.4), (436.3, 122.7), (436.3, 126.4), (436.3, 126.4), (436.3, 122.7), (436.3, 126.4), (436.3, 126.4), (436.3, 122.7), (436.3, 118.9), (436.3, 118.9), (436.3, 122.7), (436.3, 126.4), (436.3, 126.4), (436.3, 122.7), (436.3, 122.7), (436.3, 122.7), (436.3, 122.7), (436.3, 122.7), (436.3, 122.7), (436.3, 122.7), (436.3, 122.7), (436.3, 122.7), (436.3, 122.7), (436.3, 122.7), (436.3, 122.7), (436.3, 122.7), (436.3, 126.4), (436.3, 126.4), (436.3, 122.7), (436.3, 126.4), (436.3, 137.6), (436.3, 133.9), (436.3, 148.8), (436.3, 163.7), (436.3, 178.7), (436.3, 174.9), (436.3, 174.9), (436.3, 180.5), (436.3, 176.8), (436.3, 161.9), (436.3, 146.9), (436.3, 132.0), (436.3, 117.1), (436.3, 102.1), (436.3, 105.9), (436.3, 109.6), (436.3, 113.3), (436.3, 105.9), (436.3, 98.4), (436.3, 90.9), (436.3, 94.7), (436.3, 87.2), (436.3, 90.9), (436.3, 87.2), (436.3, 83.5), (436.3, 79.7), (436.3, 76.0), (436.3, 72.3), (436.3, 68.5), (436.3, 72.3), (436.3, 61.1), (436.3, 46.1), (436.3, 44.3), (436.3, 44.3), (436.3, 44.3), (436.3, 53.6), (436.3, 68.5), (436.3, 83.5), (436.3, 98.4), (436.3, 113.3), (436.3, 128.3), (436.3, 143.2), (436.3, 158.1), (436.3, 150.7), (436.3, 154.4), (436.3, 146.9), (436.3, 139.5), (436.3, 143.2), (436.3, 143.2), (436.3, 139.5), (436.3, 132.0), (436.3, 124.5), (436.3, 128.3), (436.3, 124.5), (436.3, 124.5), (436.3, 128.3), (436.3, 124.5), (436.3, 124.5), (436.3, 128.3), (436.3, 124.5), (436.3, 124.5), (436.3, 128.3), (436.3, 124.5), (436.3, 124.5)]",0,3,19.9
novice,bomberman,10,Bomb,31,0,34.21,0.462,"[(48.0, 48.0), (62.9, 44.3), (77.9, 44.3), (92.8, 44.3), (107.7, 44.3), (122.7, 44.3), (137.6, 44.3), (152.5, 44.3), (167.5, 44.3), (182.4, 44.3), (197.3, 44.3), (212.3, 44.3), (227.2, 44.3), (242.1, 44.3), (257.1, 44.3), (272.0, 44.3), (286.9, 44.3), (301.9, 44.3), (316.8, 44.3), (331.7, 44.3), (346.7, 44.3), (361.6, 44.3), (376.5, 44.3), (391.5, 44.3), (406.4, 44.3), (421.3, 48.0), (436.3, 61.1), (436.3, 76.0), (436.3, 90.9), (436.3, 94.7), (436.3, 98.4), (436.3, 94.7), (436.3, 94.7), (436.3, 98.4), (436.3, 94.7), (436.3, 90.9), (436.3, 87.2), (436.3, 90.9), (436.3, 94.7), (436.3, 98.4), (436.3, 94.7), (436.3, 94.7), (436.3, 98.4), (436.3, 94.7), (436.3, 94.7), (436.3, 98.4), (436.3, 94.7), (436.3, 94.7), (436.3, 98.4), (436.3, 94.7), (436.3, 90.9), (436.3, 87.2), (436.3, 79.7), (436.3, 72.3), (436.3, 64.8), (436.3, 61.1), (436.3, 61.1), (436.3, 64.8), (436.3, 61.1), (436.3, 61.1), (436.3, 64.8), (436.3, 61.1), (436.3, 61.1), (436.3, 64.8), (436.3, 61.1), (436.3, 61.1), (436.3, 64.8), (436.3, 61.1), (436.3, 61.1), (436.3, 64.8), (436.3, 61.1), (436.3, 61.1), (436.3, 64.8), (436.3, 61.1), (436.3, 61.1), (436.3, 64.8), (436.3, 61.1), (436.3, 61.1), (436.3, 64.8), (436.3, 61.1), (436.3, 61.1), (436.3, 64.8), (436.3, 61.1), (436.3, 61.1), (436.3, 64.8), (436.3, 61.1)]",0,0,11.35
novice,bomberman,10,Bomb,4,0,42.67,0.423,"[(48.0, 48.0), (62.9, 44.3), (77.9, 44.3), (92.8, 44.3), (107.7, 44.3), (122.7, 44.3), (137.6, 44.3), (152.5, 44.3), (167.5, 44.3), (182.4, 44.3), (197.3, 44.3), (212.3, 44.3), (227.2, 44.3), (242.1, 44.3), (257.1, 44.3), (272.0, 44.3), (286.9, 44.3), (301.9, 44.3), (316.8, 44.3), (331.7, 44.3), (346.7, 44.3), (361.6, 44.3), (376.5, 44.3), (391.5, 44.3), (406.4, 44.3), (421.3, 44.3), (436.3, 44.3), (436.3, 44.3), (436.3, 44.3), (436.3, 44.3), (436.3, 44.3), (436.3, 44.3), (436.3, 44.3), (436.3, 44.3), (436.3, 44.3), (436.3, 44.3), (436.3, 44.3), (436.3, 44.3), (436.3, 44.3), (436.3, 44.3), (436.3, 44.3), (436.3, 44.3), (436.3, 44.3), (436.3, 44.3), (436.3, 44.3), (436.3, 44.3), (436.3, 44.3), (436.3, 44.3), (436.3, 44.3), (436.3, 44.3), (436.3, 44.3), (436.3, 44.3), (436.3, 48.0), (436.3, 62.9), (436.3, 66.7), (436.3, 62.9), (436.3, 59.2), (436.3, 55.5), (436.3, 55.5), (436.3, 55.5), (436.3, 55.5), (436.3, 55.5), (436.3, 55.5), (436.3, 55.5), (436.3, 55.5), (436.3, 55.5), (436.3, 55.5), (436.3, 55.5), (436.3, 55.5)]",0,0,9.1
novice,bomberman,10,Bomb,5,0,41.75,0.462,"[(48.0, 48.0), (62.9, 44.3), (77.9, 44.3), (92.8, 44.3), (107.7, 44.3), (122.7, 44.3), (137.6, 44.3), (152.5, 44.3), (167.5, 44.3), (182.4, 44.3), (197.3, 44.3), (212.3, 44.3), (227.2, 44.3), (242.1, 44.3), (257.1, 44.3), (272.0, 44.3), (286.9, 44.3), (301.9, 44.3), (316.8, 44.3), (331.7, 44.3), (346.7, 44.3), (361.6, 44.3), (376.5, 44.3), (391.5, 44.3), (406.4, 44.3), (421.3, 44.3), (436.3, 44.3), (436.3, 44.3), (436.3, 44.3), (436.3, 44.3), (436.3, 44.3), (436.3, 44.3), (436.3, 44.3), (436.3, 44.3), (436.3, 44.3), (436.3, 44.3), (436.3, 44.3), (436.3, 44.3), (436.3, 44.3), (436.3, 44.3), (436.3, 44.3), (436.3, 44.3), (436.3, 44.3), (436.3, 59.2), (436.3, 74.1), (436.3, 77.9), (436.3, 92.8), (436.3, 96.5), (436.3, 100.3), (436.3, 96.5), (436.3, 96.5), (436.3, 100.3), (436.3, 96.5), (436.3, 85.3), (436.3, 89.1), (436.3, 81.6), (436.3, 77.9), (436.3, 77.9), (436.3, 77.9), (436.3, 77.9), (436.3, 77.9), (436.3, 77.9), (436.3, 77.9), (436.3, 77.9), (436.3, 77.9), (436.3, 77.9), (436.3, 77.9), (436.3, 77.9), (436.3, 77.9), (436.3, 77.9)]",0,0,9.3
novice,bomberman,10,Bomb,4,0,9.29,0.846,"[(48.0, 48.0), (62.9, 44.3), (77.9, 44.3), (92.8, 44.3), (107.7, 44.3), (122.7, 44.3), (137.6, 44.3), (152.5, 44.3), (167.5, 44.3), (182.4, 44.3), (197.3, 44.3), (212.3, 44.3), (227.2, 44.3), (242.1, 44.3), (257.1, 44.3), (272.0, 44.3), (286.9, 44.3), (301.9, 44.3), (316.8, 44.3), (331.7, 44.3), (346.7, 44.3), (361.6, 44.3), (376.5, 44.3), (391.5, 44.3), (406.4, 44.3), (421.3, 48.0), (436.3, 61.1), (436.3, 76.0), (436.3, 90.9), (436.3, 105.9), (436.3, 120.8), (436.3, 135.7), (436.3, 150.7), (436.3, 154.4), (436.3, 146.9), (436.3, 146.9), (436.3, 143.2), (436.3, 146.9), (436.3, 146.9), (436.3, 154.4), (436.3, 150.7), (436.3, 158.1), (436.3, 165.6), (436.3, 161.9), (436.3, 161.9), (436.3, 154.4), (436.3, 150.7), (436.3, 150.7), (436.3, 143.2), (436.3, 135.7), (436.3, 124.5), (436.3, 120.8), (436.3, 117.1), (436.3, 113.3), (436.3, 109.6), (436.3, 113.3), (436.3, 105.9), (436.3, 109.6), (436.3, 105.9), (436.3, 102.1), (436.3, 98.4), (436.3, 90.9), (436.3, 90.9), (436.3, 76.0), (436.3, 79.7), (436.3, 72.3), (436.3, 76.0), (436.3, 68.5), (436.3, 57.3), (436.3, 44.3), (436.3, 44.3), (436.3, 44.3), (436.3, 44.3), (436.3, 44.3), (436.3, 46.1), (436.3, 61.1), (436.3, 76.0), (436.3, 90.9), (436.3, 105.9), (436.3, 120.8), (436.3, 135.7), (436.3, 150.7), (436.3, 158.1), (436.3, 158.1), (436.3, 161.9), (436.3, 165.6), (436.3, 169.3), (436.3, 173.1), (436.3, 176.8), (436.3, 180.5), (436.3, 184.3), (436.3, 188.0), (436.3, 191.7), (436.3, 206.7), (436.3, 210.4), (436.3, 214.1), (436.3, 217.9), (436.3, 221.6), (436.3, 225.3), (436.3, 229.1), (436.3, 225.3), (436.3, 225.3), (436.3, 229.1), (436.3, 221.6), (436.3, 221.6), (436.3, 206.7), (436.3, 202.9), (436.3, 199.2), (436.3, 195.5), (436.3, 191.7), (436.3, 176.8), (436.3, 161.9), (436.3, 146.9), (436.3, 132.0), (436.3, 117.1), (436.3, 102.1), (436.3, 98.4), (436.3, 94.7), (436.3, 98.4), (436.3, 98.4), (436.3, 94.7), (436.3, 90.9), (436.3, 87.2), (436.3, 83.5), (436.3, 79.7), (436.3, 76.0), (436.3, 72.3), (436.3, 68.5), (436.3, 53.6), (436.3, 44.3), (436.3, 44.3), (436.3, 44.3), (436.3, 44.3), (436.3, 48.0), (436.3, 51.7), (436.3, 66.7), (436.3, 81.6), (436.3, 96.5), (436.3, 111.5), (436.3, 126.4), (436.3, 141.3), (436.3, 156.3), (436.3, 163.7), (436.3, 171.2), (436.3, 167.5), (436.3, 174.9), (436.3, 174.9), (436.3, 178.7), (436.3, 182.4), (436.3, 197.3), (436.3, 201.1), (436.3, 208.5), (436.3, 208.5), (436.3, 212.3), (436.3, 216.0), (436.3, 227.2), (436.3, 223.5), (436.3, 227.2), (436.3, 227.2), (436.3, 223.5), (436.3, 219.7), (436.3, 216.0), (436.3, 212.3), (436.3, 208.5), (436.3, 216.0), (436.3, 201.1), (436.3, 186.1), (436.3, 171.2), (436.3, 156.3), (436.3, 141.3), (436.3, 126.4), (436.3, 111.5), (436.3, 104.0), (436.3, 96.5), (436.3, 100.3), (436.3, 96.5), (436.3, 96.5), (436.3, 100.3), (436.3, 85.3), (436.3, 85.3), (436.3, 77.9), (436.3, 81.6), (436.3, 74.1), (436.3, 66.7), (436.3, 70.4), (436.3, 59.2), (436.3, 44.3), (436.3, 44.3), (436.3, 44.3), (436.3, 44.3), (436.3, 48.0), (436.3, 51.7), (436.3, 55.5), (436.3, 59.2), (436.3, 74.1), (436.3, 89.1), (436.3, 104.0), (436.3, 118.9), (436.3, 133.9), (436.3, 148.8), (436.3, 163.7), (436.3, 178.7), (436.3, 182.4), (436.3, 182.4), (436.3, 189.9), (436.3, 204.8), (436.3, 208.5), (436.3, 212.3), (436.3, 216.0), (436.3, 216.0), (436.3, 223.5), (436.3, 227.2), (436.3, 227.2), (436.3, 223.5), (436.3, 227.2), (436.3, 227.2), (436.3, 223.5), (436.3, 227.2), (436.3, 227.2), (436.3, 212.3), (436.3, 216.0), (436.3, 208.5), (436.3, 212.3), (436.3, 204.8), (436.3, 204.8), (436.3, 189.9), (436.3, 174.9), (436.3, 160.0), (436.3, 145.1), (436.3, 130.1), (436.3, 115.2), (436.3, 100.3), (436.3, 96.5), (436.3, 96.5), (436.3, 100.3), (436.3, 85.3), (436.3, 85.3), (436.3, 77.9), (436.3, 81.6), (436.3, 74.1), (436.3, 66.7), (436.3, 70.4), (436.3, 59.2), (436.3, 44.3), (436.3, 44.3), (436.3, 44.3), (436.3, 44.3), (436.3, 48.0), (436.3, 51.7), (436.3, 55.5), (436.3, 59.2), (436.3, 74.1), (436.3, 89.1), (436.3, 96.5), (436.3, 107.7), (436.3, 122.7), (436.3, 137.6), (436.3, 152.5), (436.3, 167.5), (436.3, 182.4), (436.3, 197.3), (436.3, 201.1), (436.3, 208.5), (436.3, 208.5), (436.3, 212.3), (436.3, 216.0), (436.3, 219.7), (436.3, 223.5), (436.3, 227.2), (436.3, 227.2), (436.3, 234.7), (436.3, 230.9), (436.3, 230.9), (436.3, 223.5), (436.3, 227.2), (436.3, 227.2), (436.3, 223.5), (436.3, 219.7), (436.3, 216.0), (436.3, 212.3), (436.3, 208.5), (436.3, 204.8), (436.3, 201.1), (436.3, 197.3), (432.5, 193.6), (436.3, 178.7), (436.3, 174.9), (436.3, 182.4), (436.3, 178.7), (436.3, 193.6), (436.3, 193.6), (436.3, 189.9), (436.3, 193.6), (436.3, 197.3), (436.3, 201.1), (436.3, 204.8), (436.3, 219.7), (436.3, 234.7), (436.3, 249.6), (436.3, 253.3), (436.3, 257.1), (436.3, 249.6), (436.3, 249.6), (436.3, 245.9), (436.3, 242.1), (436.3, 238.4), (436.3, 234.7), (436.3, 230.9), (436.3, 230.9), (436.3, 234.7), (436.3, 230.9), (436.3, 216.0), (436.3, 204.8), (436.3, 204.8)]",0,3,41.8
novice,bomberman,10,Enemy,3,0,22.47,0.808,"[(48.0, 48.0), (62.9, 44.3), (77.9, 44.3), (92.8, 44.3), (107.7, 44.3), (122.7, 44.3), (137.6, 44.3), (152.5, 44.3), (167.5, 44.3), (182.4, 44.3), (197.3, 44.3), (212.3, 44.3), (227.2, 44.3), (242.1, 44.3), (257.1, 44.3), (272.0, 44.3), (286.9, 44.3), (301.9, 44.3), (316.8, 44.3), (331.7, 44.3), (346.7, 44.3), (361.6, 44.3), (376.5, 44.3), (391.5, 44.3), (406.4, 44.3), (421.3, 48.0), (436.3, 61.1), (436.3, 76.0), (436.3, 90.9), (436.3, 105.9), (436.3, 120.8), (436.3, 135.7), (436.3, 150.7), (436.3, 143.2), (436.3, 146.9), (436.3, 139.5), (436.3, 132.0), (436.3, 139.5), (436.3, 146.9), (436.3, 143.2), (436.3, 150.7), (436.3, 150.7), (436.3, 165.6), (436.3, 161.9), (436.3, 161.9), (436.3, 165.6), (436.3, 158.1), (436.3, 150.7), (436.3, 154.4), (436.3, 150.7), (436.3, 150.7), (436.3, 154.4), (436.3, 150.7), (436.3, 135.7), (436.3, 132.0), (436.3, 135.7), (436.3, 124.5), (436.3, 109.6), (436.3, 105.9), (436.3, 105.9), (436.3, 109.6), (436.3, 105.9), (436.3, 102.1), (436.3, 98.4), (436.3, 98.4), (436.3, 98.4), (436.3, 98.4), (436.3, 98.4), (436.3, 98.4), (436.3, 98.4), (436.3, 98.4), (436.3, 98.4), (436.3, 98.4), (436.3, 98.4), (436.3, 98.4), (436.3, 98.4), (436.3, 98.4), (436.3, 98.4), (436.3, 109.6), (436.3, 124.5), (436.3, 139.5), (436.3, 154.4), (436.3, 161.9), (436.3, 161.9), (436.3, 165.6), (436.3, 169.3), (436.3, 173.1), (436.3, 176.8), (436.3, 180.5), (436.3, 184.3), (436.3, 188.0), (436.3, 202.9), (436.3, 206.7), (436.3, 210.4), (436.3, 214.1), (436.3, 217.9), (436.3, 221.6), (436.3, 225.3), (436.3, 225.3), (436.3, 221.6), (436.3, 225.3), (436.3, 225.3), (436.3, 221.6), (436.3, 225.3), (436.3, 225.3), (436.3, 210.4), (436.3, 206.7), (436.3, 206.7), (436.3, 210.4), (436.3, 214.1), (436.3, 214.1), (436.3, 210.4), (436.3, 214.1), (436.3, 214.1), (436.3, 210.4), (436.3, 214.1), (436.3, 217.9), (436.3, 221.6), (436.3, 225.3), (436.3, 225.3), (430.7, 221.6), (434.4, 225.3), (434.4, 225.3), (430.7, 221.6), (434.4, 225.3), (428.8, 225.3), (428.8, 221.6), (428.8, 225.3)]",0,3,16.95
novice,bomberman,10,Enemy,1,0,21.75,0.808,"[(48.0, 48.0), (62.9, 44.3), (77.9, 44.3), (92.8, 44.3), (107.7, 44.3), (122.7, 44.3), (137.6, 44.3), (152.5, 44.3), (167.5, 44.3), (182.4, 44.3), (197.3, 44.3), (212.3, 44.3), (227.2, 44.3), (242.1, 44.3), (257.1, 44.3), (272.0, 44.3), (286.9, 44.3), (301.9, 44.3), (316.8, 44.3), (331.7, 44.3), (346.7, 44.3), (361.6, 44.3), (376.5, 44.3), (391.5, 44.3), (406.4, 44.3), (421.3, 48.0), (436.3, 61.1), (436.3, 76.0), (436.3, 90.9), (436.3, 94.7), (436.3, 98.4), (436.3, 94.7), (436.3, 105.9), (436.3, 120.8), (436.3, 135.7), (436.3, 150.7), (436.3, 165.6), (436.3, 161.9), (436.3, 161.9), (436.3, 165.6), (436.3, 161.9), (436.3, 161.9), (436.3, 165.6), (436.3, 161.9), (436.3, 161.9), (436.3, 165.6), (436.3, 161.9), (436.3, 161.9), (436.3, 165.6), (436.3, 161.9), (436.3, 169.3), (436.3, 165.6), (436.3, 169.3), (436.3, 169.3), (436.3, 176.8), (436.3, 173.1), (436.3, 173.1), (436.3, 176.8), (436.3, 180.5), (436.3, 178.7), (436.3, 180.5), (428.8, 178.7), (428.8, 180.5), (428.8, 180.5), (432.5, 176.8), (436.3, 161.9), (436.3, 146.9), (436.3, 132.0), (436.3, 117.1), (436.3, 102.1), (436.3, 87.2), (436.3, 72.3), (436.3, 57.3), (436.3, 49.9), (436.3, 49.9), (436.3, 46.1), (436.3, 53.6), (436.3, 53.6), (436.3, 57.3), (436.3, 61.1), (436.3, 72.3), (436.3, 68.5), (436.3, 76.0), (436.3, 83.5), (436.3, 79.7), (436.3, 87.2), (436.3, 87.2), (436.3, 96.5), (436.3, 96.5), (436.3, 96.5), (436.3, 96.5), (436.3, 102.1), (436.3, 102.1), (436.3, 102.1), (436.3, 105.9), (436.3, 120.8), (436.3, 135.7), (436.3, 150.7), (436.3, 165.6), (436.3, 180.5), (436.3, 195.5), (436.3, 210.4), (436.3, 225.3), (436.3, 221.6), (436.3, 221.6), (436.3, 225.3), (436.3, 217.9), (436.3, 210.4), (436.3, 202.9), (436.3, 206.7), (436.3, 199.2), (436.3, 202.9), (436.3, 195.5), (436.3, 195.5), (436.3, 191.7), (436.3, 195.5), (436.3, 195.5), (436.3, 191.7), (436.3, 195.5), (436.3, 195.5), (436.3, 191.7), (436.3, 195.5), (436.3, 195.5), (436.3, 191.7), (436.3, 188.0), (436.3, 195.5), (436.3, 191.7), (436.3, 195.5), (436.3, 195.5), (436.3, 191.7), (436.3, 195.5), (436.3, 195.5), (436.3, 191.7), (434.4, 195.5)]",0,3,17.85
novice,bomberman,10,Enemy,1,0,19.51,0.731,"[(48.0, 48.0), (62.9, 44.3), (77.9, 44.3), (92.8, 44.3), (107.7, 44.3), (122.7, 44.3), (137.6, 44.3), (152.5, 44.3), (167.5, 44.3), (182.4, 44.3), (197.3, 44.3), (212.3, 44.3), (227.2, 44.3), (242.1, 44.3), (257.1, 44.3), (272.0, 44.3), (286.9, 44.3), (301.9, 44.3), (316.8, 44.3), (331.7, 44.3), (346.7, 44.3), (361.6, 44.3), (376.5, 44.3), (391.5, 44.3), (406.4, 44.3), (421.3, 44.3), (436.3, 44.3), (436.3, 44.3), (436.3, 44.3), (436.3, 44.3), (436.3, 44.3), (436.3, 48.0), (436.3, 62.9), (436.3, 77.9), (436.3, 92.8), (436.3, 107.7), (436.3, 122.7), (436.3, 126.4), (436.3, 126.4), (436.3, 122.7), (436.3, 126.4), (436.3, 126.4), (436.3, 122.7), (436.3, 126.4), (436.3, 126.4), (436.3, 122.7), (436.3, 126.4), (436.3, 126.4), (436.3, 122.7), (436.3, 126.4), (436.3, 126.4), (436.3, 122.7), (436.3, 126.4), (436.3, 126.4), (436.3, 122.7), (436.3, 126.4), (436.3, 126.4), (436.3, 122.7), (436.3, 126.4), (436.3, 126.4), (436.3, 122.7), (436.3, 126.4), (436.3, 126.4), (436.3, 122.7), (436.3, 118.9), (436.3, 118.9), (436.3, 122.7), (436.3, 126.4), (436.3, 126.4), (436.3, 122.7), (436.3, 122.7), (436.3, 122.7), (436.3, 122.7), (436.3, 122.7), (436.3, 122.7), (436.3, 122.7), (436.3, 122.7), (436.3, 122.7), (436.3, 122.7), (436.3, 122.7), (436.3, 122.7), (436.3, 122.7), (436.3, 126.4), (436.3, 126.4), (436.3, 122.7), (436.3, 126.4), (436.3, 137.6), (436.3, 133.9), (436.3, 148.8), (436.3, 163.7), (436.3, 178.7), (436.3, 174.9), (436.3, 174.9), (436.3, 180.5), (436.3, 176.8), (436.3, 161.9), (436.3, 146.9), (436.3, 132.0), (436.3, 117.1), (436.3, 102.1), (436.3, 105.9), (436.3, 109.6), (436.3, 113.3), (436.3, 105.9), (436.3, 98.4), (436.3, 90.9), (436.3, 94.7), (436.3, 87.2), (436.3, 90.9), (436.3, 87.2), (436.3, 83.5), (436.3, 79.7), (436.3, 76.0), (436.3, 72.3), (436.3, 68.5), (436.3, 72.3), (436.3, 61.1), (436.3, 46.1), (436.3, 44.3), (436.3, 44.3), (436.3, 44.3), (436.3, 53.6), (436.3, 68.5), (436.3, 83.5), (436.3, 98.4), (436.3, 113.3), (436.3, 128.3), (436.3, 143.2), (436.3, 158.1), (436.3, 150.7), (436.3, 154.4), (436.3, 146.9), (436.3, 139.5), (436.3, 143.2), (436.3, 143.2), (436.3, 139.5), (436.3, 132.0), (436.3, 124.5), (436.3, 128.3), (436.3, 124.5), (436.3, 124.5), (436.3, 128.3), (436.3, 124.5), (436.3, 124.5), (436.3, 128.3), (436.3, 124.5), (436.3, 124.5), (436.3, 128.3), (436.3, 124.5), (436.3, 124.5)]",0,3,19.9
novice,bomberman,10,Bomb,1,0,7.47,0.5,"[(48.0, 48.0), (62.9, 44.3), (77.9, 44.3), (92.8, 44.3), (107.7, 44.3), (122.7, 44.3), (137.6, 44.3), (152.5, 44.3), (167.5, 44.3), (182.4, 44.3), (197.3, 44.3), (212.3, 44.3), (227.2, 44.3), (242.1, 44.3), (257.1, 44.3), (272.0, 44.3), (286.9, 44.3), (301.9, 44.3), (316.8, 44.3), (331.7, 44.3), (346.7, 44.3), (361.6, 44.3), (376.5, 44.3), (391.5, 44.3), (406.4, 44.3), (421.3, 44.3), (436.3, 44.3), (436.3, 44.3), (436.3, 44.3), (436.3, 44.3), (436.3, 44.3), (436.3, 44.3), (436.3, 44.3), (436.3, 44.3), (436.3, 44.3), (436.3, 44.3), (436.3, 44.3), (436.3, 53.6), (436.3, 68.5), (436.3, 83.5), (436.3, 98.4), (436.3, 113.3), (436.3, 117.1), (436.3, 120.8), (436.3, 124.5), (436.3, 128.3), (436.3, 124.5), (436.3, 124.5), (436.3, 128.3), (436.3, 124.5), (436.3, 124.5), (436.3, 128.3), (436.3, 124.5), (436.3, 124.5), (436.3, 128.3), (436.3, 124.5), (436.3, 124.5), (436.3, 128.3), (436.3, 124.5), (436.3, 124.5), (436.3, 128.3), (436.3, 124.5), (436.3, 124.5), (436.3, 128.3), (436.3, 124.5), (436.3, 109.6), (436.3, 94.7), (436.3, 79.7), (436.3, 64.8), (436.3, 49.9), (436.3, 44.3), (436.3, 44.3), (436.3, 44.3), (436.3, 44.3), (436.3, 44.3), (436.3, 44.3), (436.3, 44.3), (436.3, 44.3), (436.3, 44.3), (436.3, 44.3), (436.3, 44.3), (436.3, 44.3), (436.3, 44.3), (436.3, 44.3), (436.3, 44.3), (436.3, 44.3), (436.3, 44.3), (436.3, 44.3), (436.3, 44.3), (436.3, 44.3), (436.3, 44.3), (436.3, 44.3), (436.3, 44.3), (436.3, 44.3), (436.3, 44.3), (436.3, 44.3), (436.3, 44.3), (436.3, 53.6), (436.3, 68.5), (436.3, 83.5), (436.3, 98.4), (436.3, 113.3), (436.3, 117.1), (436.3, 120.8), (436.3, 120.8), (436.3, 117.1), (436.3, 120.8), (436.3, 120.8), (436.3, 117.1), (436.3, 120.8), (436.3, 124.5), (436.3, 128.3), (436.3, 124.5), (436.3, 124.5), (436.3, 128.3), (436.3, 124.5), (436.3, 124.5), (436.3, 128.3), (436.3, 124.5), (436.3, 124.5), (436.3, 128.3), (436.3, 124.5), (436.3, 124.5), (436.3, 128.3), (436.3, 124.5), (436.3, 109.6), (436.3, 94.7), (436.3, 79.7), (436.3, 64.8), (436.3, 49.9), (436.3, 44.3), (436.3, 44.3), (436.3, 44.3), (436.3, 44.3), (436.3, 44.3), (436.3, 44.3), (436.3, 44.3), (436.3, 44.3), (436.3, 44.3), (436.3, 44.3), (436.3, 44.3), (436.3, 44.3), (436.3, 44.3), (436.3, 44.3), (436.3, 44.3), (436.3, 44.3), (436.3, 44.3), (436.3, 44.3), (436.3, 44.3), (436.3, 44.3), (436.3, 44.3), (436.3, 44.3), (436.3, 44.3), (436.3, 44.3), (436.3, 44.3), (436.3, 44.3), (436.3, 44.3), (436.3, 53.6), (436.3, 68.5), (436.3, 83.5), (436.3, 98.4), (436.3, 113.3), (436.3, 117.1), (436.3, 113.3), (436.3, 113.3), (436.3, 117.1), (436.3, 113.3), (436.3, 113.3), (436.3, 117.1), (436.3, 120.8), (436.3, 120.8), (436.3, 117.1), (436.3, 120.8), (436.3, 120.8), (436.3, 117.1), (436.3, 124.5), (436.3, 124.5), (436.3, 128.3), (436.3, 124.5), (436.3, 124.5), (436.3, 128.3), (436.3, 124.5), (436.3, 124.5), (436.3, 128.3), (436.3, 124.5), (436.3, 109.6), (436.3, 94.7), (436.3, 79.7), (436.3, 64.8), (436.3, 49.9), (436.3, 44.3), (436.3, 44.3), (436.3, 44.3), (436.3, 44.3), (436.3, 44.3), (436.3, 44.3), (436.3, 44.3), (436.3, 44.3), (436.3, 44.3), (436.3, 44.3), (436.3, 44.3), (436.3, 44.3), (436.3, 44.3), (436.3, 44.3), (436.3, 44.3), (436.3, 44.3), (436.3, 44.3), (436.3, 44.3), (436.3, 44.3), (436.3, 44.3), (436.3, 44.3), (436.3, 44.3), (436.3, 44.3), (436.3, 44.3), (436.3, 44.3), (436.3, 44.3), (436.3, 44.3), (436.3, 53.6), (436.3, 68.5), (436.3, 83.5), (436.3, 98.4), (436.3, 102.1), (436.3, 105.9), (436.3, 102.1), (436.3, 109.6), (436.3, 117.1), (436.3, 113.3), (436.3, 113.3), (436.3, 117.1), (436.3, 113.3), (436.3, 113.3), (436.3, 117.1), (436.3, 120.8), (436.3, 120.8), (436.3, 117.1), (436.3, 120.8), (436.3, 120.8), (436.3, 128.3), (436.3, 124.5), (436.3, 124.5), (436.3, 128.3), (436.3, 124.5), (436.3, 124.5), (436.3, 128.3), (436.3, 124.5), (436.3, 109.6), (436.3, 94.7), (436.3, 79.7), (436.3, 64.8), (436.3, 49.9), (436.3, 44.3), (436.3, 44.3), (436.3, 44.3), (436.3, 44.3), (436.3, 44.3), (436.3, 44.3), (436.3, 44.3), (436.3, 44.3), (436.3, 44.3), (436.3, 44.3), (436.3, 44.3), (436.3, 44.3), (436.3, 44.3), (436.3, 44.3), (436.3, 44.3), (436.3, 44.3), (436.3, 44.3), (436.3, 44.3), (436.3, 44.3), (436.3, 44.3), (436.3, 44.3), (436.3, 44.3), (436.3, 44.3), (436.3, 44.3), (436.3, 44.3), (436.3, 44.3), (436.3, 44.3), (436.3, 53.6), (436.3, 68.5), (436.3, 83.5), (436.3, 87.2), (436.3, 87.2), (436.3, 83.5), (436.3, 87.2), (436.3, 87.2), (436.3, 83.5), (436.3, 98.4), (436.3, 113.3), (436.3, 117.1), (436.3, 120.8), (436.3, 124.5), (436.3, 128.3), (436.3, 124.5), (436.3, 124.5), (436.3, 128.3), (436.3, 124.5), (436.3, 124.5), (436.3, 128.3), (436.3, 124.5), (436.3, 124.5), (436.3, 128.3), (436.3, 124.5), (436.3, 124.5), (436.3, 128.3), (436.3, 124.5), (436.3, 109.6), (436.3, 94.7), (436.3, 79.7), (436.3, 77.9), (436.3, 72.3), (436.3, 68.5), (436.3, 64.8), (436.3, 49.9), (436.3, 44.3), (436.3, 44.3), (436.3, 44.3), (436.3, 44.3), (436.3, 44.3), (436.3, 44.3), (436.3, 44.3), (436.3, 44.3), (436.3, 44.3), (436.3, 44.3), (436.3, 44.3), (436.3, 44.3), (436.3, 44.3), (436.3, 44.3), (436.3, 44.3), (436.3, 44.3), (436.3, 44.3), (436.3, 44.3), (436.3, 44.3), (436.3, 44.3), (436.3, 44.3), (436.3, 44.3), (436.3, 44.3), (436.3, 44.3), (436.3, 48.0), (436.3, 49.9), (436.3, 49.9), (436.3, 61.1), (436.3, 61.1), (436.3, 61.1), (436.3, 61.1), (436.3, 62.9), (436.3, 77.9), (436.3, 92.8), (436.3, 107.7), (436.3, 122.7), (436.3, 126.4), (436.3, 126.4), (436.3, 122.7), (436.3, 126.4), (436.3, 126.4), (436.3, 122.7), (436.3, 126.4), (436.3, 126.4), (436.3, 122.7), (436.3, 126.4), (436.3, 126.4), (436.3, 122.7), (436.3, 126.4), (436.3, 126.4), (436.3, 122.7), (436.3, 118.9), (436.3, 118.9), (436.3, 122.7), (436.3, 126.4), (436.3, 126.4), (436.3, 122.7), (436.3, 126.4), (436.3, 126.4), (436.3, 122.7), (436.3, 122.7), (436.3, 122.7), (436.3, 122.7), (436.3, 122.7), (436.3, 122.7), (436.3, 122.7), (436.3, 122.7), (436.3, 122.7), (436.3, 122.7), (436.3, 122.7), (436.3, 122.7), (436.3, 122.7), (436.3, 122.7), (436.3, 126.4), (436.3, 122.7), (436.3, 126.4), (436.3, 126.4), (436.3, 122.7)]",0,1,52.0
novice,bomberman,10,Bomb,1,0,23.67,0.538,"[(48.0, 48.0), (62.9, 44.3), (77.9, 44.3), (92.8, 44.3), (107.7, 44.3), (122.7, 44.3), (137.6, 44.3), (152.5, 44.3), (167.5, 44.3), (182.4, 44.3), (197.3, 44.3), (212.3, 44.3), (227.2, 44.3), (242.1, 44.3), (257.1, 44.3), (272.0, 44.3), (286.9, 44.3), (301.9, 44.3), (316.8, 44.3), (331.7, 44.3), (346.7, 44.3), (361.6, 44.3), (376.5, 44.3), (391.5, 44.3), (406.4, 44.3), (421.3, 44.3), (436.3, 44.3), (436.3, 44.3), (436.3, 44.3), (436.3, 44.3), (436.3, 44.3), (436.3, 44.3), (436.3, 57.3), (436.3, 72.3), (436.3, 87.2), (436.3, 102.1), (436.3, 117.1), (436.3, 132.0), (436.3, 143.2), (436.3, 139.5), (436.3, 146.9), (436.3, 154.4), (436.3, 150.7), (436.3, 158.1), (436.3, 154.4), (436.3, 150.7), (436.3, 146.9), (436.3, 143.2), (436.3, 139.5), (436.3, 135.7), (436.3, 135.7), (436.3, 128.3), (436.3, 124.5), (436.3, 124.5), (436.3, 128.3), (436.3, 124.5), (436.3, 124.5), (436.3, 128.3), (436.3, 124.5), (436.3, 124.5), (436.3, 128.3), (436.3, 124.5), (436.3, 120.8), (436.3, 117.1), (436.3, 113.3), (436.3, 98.4), (436.3, 83.5), (436.3, 68.5), (436.3, 53.6), (436.3, 44.3), (436.3, 44.3), (436.3, 44.3), (436.3, 44.3), (436.3, 44.3), (436.3, 44.3), (436.3, 44.3), (436.3, 44.3), (436.3, 44.3), (436.3, 44.3), (436.3, 44.3), (436.3, 44.3), (436.3, 44.3), (436.3, 44.3), (436.3, 44.3), (436.3, 44.3), (436.3, 44.3), (436.3, 44.3), (436.3, 44.3), (436.3, 44.3), (436.3, 44.3), (436.3, 44.3), (436.3, 44.3), (436.3, 57.3), (436.3, 72.3), (436.3, 87.2), (436.3, 102.1), (436.3, 117.1), (436.3, 132.0), (436.3, 146.9), (436.3, 150.7), (436.3, 158.1), (436.3, 154.4), (436.3, 150.7), (436.3, 146.9), (436.3, 143.2), (436.3, 139.5), (436.3, 135.7), (436.3, 135.7), (436.3, 128.3), (436.3, 124.5), (436.3, 124.5), (436.3, 128.3), (436.3, 124.5), (436.3, 124.5), (436.3, 128.3), (436.3, 124.5), (436.3, 124.5), (436.3, 128.3), (436.3, 124.5), (436.3, 124.5), (436.3, 128.3), (436.3, 120.8), (436.3, 109.6), (436.3, 94.7)]",0,0,16.4
novice,bomberman,10,Bomb,3,0,21.77,0.692,"[(48.0, 48.0), (62.9, 44.3), (77.9, 44.3), (92.8, 44.3), (107.7, 44.3), (122.7, 44.3), (137.6, 44.3), (152.5, 44.3), (167.5, 44.3), (182.4, 44.3), (197.3, 44.3), (212.3, 44.3), (227.2, 44.3), (242.1, 48.0), (257.1, 51.7), (272.0, 44.3), (286.9, 44.3), (301.9, 44.3), (316.8, 44.3), (331.7, 44.3), (346.7, 44.3), (361.6, 44.3), (376.5, 44.3), (391.5, 44.3), (406.4, 44.3), (417.6, 48.0), (417.6, 51.7), (417.6, 51.7), (417.6, 51.7), (417.6, 51.7), (417.6, 51.7), (417.6, 51.7), (417.6, 51.7), (417.6, 51.7), (417.6, 51.7), (417.6, 51.7), (417.6, 51.7), (417.6, 51.7), (417.6, 51.7), (417.6, 51.7), (417.6, 51.7), (417.6, 51.7), (417.6, 51.7), (432.5, 57.3), (436.3, 72.3), (436.3, 87.2), (436.3, 102.1), (436.3, 117.1), (436.3, 132.0), (436.3, 146.9), (436.3, 161.9), (436.3, 165.6), (436.3, 158.1), (436.3, 150.7), (436.3, 154.4), (436.3, 146.9), (436.3, 146.9), (436.3, 143.2), (436.3, 135.7), (436.3, 135.7), (436.3, 132.0), (436.3, 128.3), (436.3, 128.3), (436.3, 132.0), (436.3, 128.3), (436.3, 128.3), (436.3, 132.0), (436.3, 128.3), (436.3, 128.3), (436.3, 132.0), (436.3, 128.3), (436.3, 124.5), (430.7, 120.8), (430.7, 124.5), (430.7, 128.3), (430.7, 132.0), (430.7, 117.1), (430.7, 117.1), (436.3, 120.8), (436.3, 124.5), (436.3, 128.3), (436.3, 132.0), (436.3, 135.7), (436.3, 139.5), (436.3, 154.4), (436.3, 161.9), (436.3, 161.9), (436.3, 165.6), (436.3, 169.3), (436.3, 169.3), (436.3, 176.8), (436.3, 173.1), (436.3, 180.5), (436.3, 180.5), (436.3, 180.5), (436.3, 180.5), (436.3, 180.5), (436.3, 180.5), (436.3, 180.5), (436.3, 180.5), (436.3, 180.5), (436.3, 180.5), (430.7, 180.5), (430.7, 180.5), (430.7, 180.5), (430.7, 180.5), (430.7, 165.6), (430.7, 161.9), (430.7, 158.1), (430.7, 161.9), (436.3, 154.4), (436.3, 146.9), (436.3, 143.2), (436.3, 139.5), (436.3, 135.7), (436.3, 139.5), (436.3, 132.0), (436.3, 124.5), (436.3, 109.6), (436.3, 98.4), (436.3, 90.9), (436.3, 94.7), (436.3, 94.7), (436.3, 90.9), (436.3, 94.7), (436.3, 87.2), (436.3, 90.9), (436.3, 83.5), (436.3, 83.5), (436.3, 79.7), (436.3, 83.5), (436.3, 87.2), (436.3, 102.1), (436.3, 117.1)]",0,3,17.83
novice,bomberman,10,Bomb,7,0,8.63,0.538,"[(48.0, 48.0), (62.9, 44.3), (77.9, 44.3), (92.8, 44.3), (107.7, 44.3), (122.7, 44.3), (137.6, 44.3), (152.5, 44.3), (167.5, 44.3), (182.4, 44.3), (197.3, 44.3), (212.3, 44.3), (227.2, 44.3), (242.1, 44.3), (257.1, 44.3), (272.0, 44.3), (286.9, 44.3), (301.9, 44.3), (316.8, 44.3), (331.7, 44.3), (346.7, 44.3), (361.6, 44.3), (376.5, 44.3), (391.5, 44.3), (406.4, 44.3), (421.3, 44.3), (436.3, 44.3), (436.3, 44.3), (436.3, 44.3), (436.3, 44.3), (436.3, 44.3), (436.3, 44.3), (436.3, 44.3), (436.3, 44.3), (436.3, 44.3), (436.3, 57.3), (436.3, 72.3), (436.3, 87.2), (436.3, 102.1), (436.3, 117.1), (436.3, 132.0), (436.3, 143.2), (436.3, 139.5), (436.3, 143.2), (436.3, 143.2), (436.3, 139.5), (436.3, 135.7), (436.3, 135.7), (436.3, 128.3), (436.3, 124.5), (436.3, 124.5), (436.3, 128.3), (436.3, 124.5), (436.3, 124.5), (436.3, 128.3), (436.3, 124.5), (436.3, 124.5), (436.3, 128.3), (436.3, 124.5), (436.3, 124.5), (436.3, 128.3), (436.3, 124.5), (434.4, 124.5), (430.7, 128.3), (434.4, 124.5), (436.3, 120.8), (436.3, 105.9), (436.3, 90.9), (436.3, 76.0), (436.3, 61.1), (436.3, 46.1), (436.3, 44.3), (436.3, 44.3), (436.3, 44.3), (436.3, 44.3), (436.3, 44.3), (436.3, 44.3), (436.3, 44.3), (436.3, 44.3), (436.3, 44.3), (436.3, 44.3), (436.3, 44.3), (436.3, 48.0), (436.3, 48.0), (436.3, 44.3), (436.3, 44.3), (436.3, 44.3), (436.3, 44.3), (436.3, 44.3), (436.3, 44.3), (436.3, 44.3), (436.3, 44.3), (436.3, 44.3), (436.3, 44.3), (436.3, 44.3), (436.3, 57.3), (436.3, 72.3), (436.3, 87.2), (436.3, 98.4), (436.3, 94.7), (436.3, 98.4), (436.3, 102.1), (436.3, 117.1), (436.3, 132.0), (436.3, 135.7), (436.3, 128.3), (436.3, 124.5), (436.3, 124.5), (436.3, 128.3), (436.3, 124.5), (436.3, 124.5), (436.3, 128.3), (436.3, 124.5), (436.3, 124.5), (436.3, 128.3), (436.3, 124.5), (436.3, 124.5), (436.3, 128.3), (436.3, 124.5), (436.3, 124.5), (436.3, 128.3), (434.4, 124.5), (434.4, 124.5), (430.7, 128.3), (434.4, 124.5), (436.3, 120.8), (436.3, 105.9), (436.3, 90.9), (436.3, 76.0), (436.3, 61.1), (436.3, 46.1), (436.3, 44.3), (436.3, 44.3), (436.3, 44.3), (436.3, 44.3), (436.3, 44.3), (436.3, 44.3), (436.3, 44.3), (436.3, 44.3), (436.3, 48.0), (436.3, 48.0), (436.3, 44.3), (436.3, 44.3), (436.3, 44.3), (436.3, 44.3), (436.3, 44.3), (436.3, 44.3), (436.3, 44.3), (436.3, 44.3), (436.3, 44.3), (436.3, 44.3), (436.3, 44.3), (436.3, 44.3), (436.3, 44.3), (436.3, 44.3), (436.3, 57.3), (436.3, 72.3), (436.3, 87.2), (436.3, 98.4), (436.3, 94.7), (436.3, 98.4), (436.3, 102.1), (436.3, 117.1), (436.3, 124.5), (436.3, 124.5), (436.3, 128.3), (436.3, 124.5), (436.3, 124.5), (436.3, 128.3), (436.3, 124.5), (436.3, 124.5), (436.3, 128.3), (436.3, 124.5), (436.3, 124.5), (436.3, 128.3), (436.3, 124.5), (436.3, 124.5), (436.3, 128.3), (436.3, 124.5), (434.4, 124.5), (430.7, 128.3), (434.4, 124.5), (434.4, 124.5), (430.7, 128.3), (434.4, 124.5), (436.3, 120.8), (436.3, 105.9), (436.3, 90.9), (436.3, 76.0), (436.3, 61.1), (436.3, 46.1), (436.3, 44.3), (436.3, 44.3), (436.3, 44.3), (436.3, 44.3), (436.3, 44.3), (436.3, 48.0), (436.3, 48.0), (436.3, 44.3), (436.3, 44.3), (436.3, 44.3), (436.3, 44.3), (436.3, 44.3), (436.3, 44.3), (436.3, 44.3), (436.3, 44.3), (436.3, 44.3), (436.3, 44.3), (436.3, 44.3), (436.3, 44.3), (436.3, 44.3), (436.3, 44.3), (436.3, 44.3), (436.3, 44.3), (436.3, 44.3), (436.3, 57.3), (436.3, 72.3), (436.3, 87.2), (436.3, 102.1), (436.3, 117.1), (436.3, 124.5), (436.3, 124.5), (436.3, 128.3), (436.3, 124.5), (436.3, 124.5), (436.3, 128.3), (436.3, 124.5), (436.3, 124.5), (436.3, 128.3), (436.3, 124.5), (436.3, 124.5), (436.3, 128.3), (436.3, 124.5), (436.3, 124.5), (436.3, 128.3), (436.3, 124.5), (436.3, 124.5), (436.3, 128.3), (434.4, 124.5), (434.4, 124.5), (430.7, 128.3), (434.4, 124.5), (434.4, 124.5), (430.7, 128.3), (434.4, 124.5), (436.3, 120.8), (436.3, 105.9), (436.3, 90.9), (436.3, 76.0), (436.3, 61.1), (436.3, 46.1), (436.3, 44.3), (436.3, 44.3), (436.3, 48.0), (436.3, 48.0), (436.3, 44.3), (436.3, 44.3), (436.3, 44.3), (436.3, 44.3), (436.3, 44.3), (436.3, 44.3), (436.3, 44.3), (436.3, 44.3), (436.3, 44.3), (436.3, 44.3), (436.3, 44.3), (436.3, 44.3), (436.3, 44.3), (436.3, 44.3), (436.3, 44.3), (436.3, 44.3), (436.3, 44.3), (436.3, 44.3), (436.3, 44.3), (436.3, 44.3), (436.3, 57.3), (436.3, 72.3), (436.3, 87.2), (436.3, 102.1), (436.3, 117.1), (436.3, 124.5), (436.3, 124.5), (436.3, 128.3), (436.3, 124.5), (436.3, 124.5), (436.3, 128.3), (436.3, 124.5), (436.3, 124.5), (436.3, 128.3), (436.3, 124.5), (436.3, 124.5), (436.3, 128.3), (436.3, 124.5), (436.3, 124.5), (436.3, 128.3), (436.3, 132.0), (436.3, 135.7), (436.3, 139.5), (436.3, 143.2), (436.3, 143.2), (436.3, 139.5), (436.3, 143.2), (436.3, 143.2), (436.3, 139.5), (436.3, 154.4), (436.3, 154.4), (436.3, 161.9), (436.3, 158.1), (436.3, 158.1), (436.3, 161.9), (436.3, 158.1), (436.3, 158.1), (436.3, 161.9), (432.5, 158.1), (428.8, 158.1), (428.8, 161.9), (428.8, 158.1), (428.8, 158.1), (428.8, 161.9), (428.8, 158.1), (428.8, 158.1), (428.8, 161.9), (428.8, 158.1), (428.8, 158.1), (428.8, 161.9), (428.8, 158.1), (428.8, 158.1), (428.8, 161.9), (428.8, 158.1), (428.8, 158.1), (428.8, 161.9)]",0,0,44.1
novice,bomberman,10,Bomb,5,0,34.78,0.538,"[(48.0, 48.0), (62.9, 44.3), (77.9, 44.3), (92.8, 44.3), (107.7, 44.3), (122.7, 44.3), (137.6, 44.3), (152.5, 44.3), (167.5, 44.3), (182.4, 44.3), (197.3, 44.3), (212.3, 44.3), (227.2, 44.3), (242.1, 44.3), (257.1, 44.3), (272.0, 44.3), (286.9, 44.3), (301.9, 44.3), (316.8, 44.3), (331.7, 44.3), (346.7, 44.3), (361.6, 44.3), (376.5, 44.3), (391.5, 44.3), (406.4, 44.3), (421.3, 48.0), (436.3, 61.1), (436.3, 76.0), (436.3, 90.9), (436.3, 105.9), (436.3, 120.8), (436.3, 135.7), (436.3, 150.7), (436.3, 165.6), (436.3, 161.9), (436.3, 158.1), (436.3, 154.4), (436.3, 158.1), (436.3, 161.9), (436.3, 165.6), (436.3, 161.9), (436.3, 161.9), (436.3, 165.6), (436.3, 161.9), (436.3, 161.9), (436.3, 165.6), (436.3, 161.9), (436.3, 161.9), (436.3, 165.6), (436.3, 161.9), (436.3, 150.7), (436.3, 154.4), (436.3, 146.9), (436.3, 139.5), (436.3, 143.2), (436.3, 146.9), (436.3, 146.9), (436.3, 143.2), (436.3, 146.9), (436.3, 146.9), (436.3, 143.2), (436.3, 146.9), (436.3, 146.9), (436.3, 143.2), (436.3, 150.7), (436.3, 150.7), (436.3, 154.4), (436.3, 150.7), (436.3, 150.7), (436.3, 154.4), (428.8, 150.7), (428.8, 158.1), (428.8, 154.4), (428.8, 161.9), (428.8, 161.9), (428.8, 165.6), (428.8, 161.9), (428.8, 161.9), (428.8, 165.6), (428.8, 161.9), (428.8, 161.9), (428.8, 165.6), (428.8, 161.9)]",0,0,10.95
novice,bomberman,10,Bomb,2,0,25.03,0.154,"[(48.0, 48.0), (62.9, 44.3), (77.9, 44.3), (92.8, 44.3), (107.7, 44.3), (122.7, 44.3), (137.6, 44.3), (152.5, 44.3), (167.5, 44.3), (182.4, 44.3), (197.3, 44.3), (212.3, 44.3), (227.2, 44.3), (242.1, 59.2), (244.0, 74.1), (244.0, 92.8), (244.0, 109.6), (258.9, 113.3), (273.9, 109.6), (275.7, 109.6), (275.7, 109.6), (275.7, 109.6), (275.7, 109.6), (275.7, 109.6), (275.7, 109.6), (275.7, 109.6), (275.7, 109.6), (275.7, 109.6), (275.7, 109.6), (275.7, 109.6), (275.7, 109.6), (275.7, 109.6), (275.7, 109.6), (275.7, 109.6), (275.7, 109.6), (275.7, 109.6), (275.7, 109.6), (275.7, 109.6), (275.7, 109.6), (275.7, 109.6), (275.7, 109.6), (275.7, 109.6), (275.7, 115.2), (275.7, 115.2), (275.7, 115.2), (275.7, 115.2), (275.7, 115.2), (275.7, 115.2), (275.7, 115.2), (275.7, 115.2), (275.7, 115.2), (275.7, 115.2), (275.7, 115.2), (275.7, 115.2), (275.7, 115.2), (275.7, 115.2), (275.7, 115.2), (275.7, 115.2), (275.7, 115.2), (275.7, 115.2), (275.7, 115.2), (275.7, 115.2), (275.7, 115.2), (275.7, 115.2), (275.7, 115.2), (275.7, 115.2), (275.7, 115.2), (275.7, 115.2), (275.7, 115.2)]",0,1,9.1
novice,bomberman,10,Bomb,4,0,9.29,0.846,"[(48.0, 48.0), (62.9, 44.3), (77.9, 44.3), (92.8, 44.3), (107.7, 44.3), (122.7, 44.3), (137.6, 44.3), (152.5, 44.3), (167.5, 44.3), (182.4, 44.3), (197.3, 44.3), (212.3, 44.3), (227.2, 44.3), (242.1, 44.3), (257.1, 44.3), (272.0, 44.3), (286.9, 44.3), (301.9, 44.3), (316.8, 44.3), (331.7, 44.3), (346.7, 44.3), (361.6, 44.3), (376.5, 44.3), (391.5, 44.3), (406.4, 44.3), (421.3, 48.0), (436.3, 61.1), (436.3, 76.0), (436.3, 90.9), (436.3, 105.9), (436.3, 120.8), (436.3, 135.7), (436.3, 150.7), (436.3, 154.4), (436.3, 146.9), (436.3, 146.9), (436.3, 143.2), (436.3, 146.9), (436.3, 146.9), (436.3, 154.4), (436.3, 150.7), (436.3, 158.1), (436.3, 165.6), (436.3, 161.9), (436.3, 161.9), (436.3, 154.4), (436.3, 150.7), (436.3, 150.7), (436.3, 143.2), (436.3, 135.7), (436.3, 124.5), (436.3, 120.8), (436.3, 117.1), (436.3, 113.3), (436.3, 109.6), (436.3, 113.3), (436.3, 105.9), (436.3, 109.6), (436.3, 105.9), (436.3, 102.1), (436.3, 98.4), (436.3, 90.9), (436.3, 90.9), (436.3, 76.0), (436.3, 79.7), (436.3, 72.3), (436.3, 76.0), (436.3, 68.5), (436.3, 57.3), (436.3, 44.3), (436.3, 44.3), (436.3, 44.3), (436.3, 44.3), (436.3, 44.3), (436.3, 46.1), (436.3, 61.1), (436.3, 76.0), (436.3, 90.9), (436.3, 105.9), (436.3, 120.8), (436.3, 135.7), (436.3, 150.7), (436.3, 158.1), (436.3, 158.1), (436.3, 161.9), (436.3, 165.6), (436.3, 169.3), (436.3, 173.1), (436.3, 176.8), (436.3, 180.5), (436.3, 184.3), (436.3, 188.0), (436.3, 191.7), (436.3, 206.7), (436.3, 210.4), (436.3, 214.1), (436.3, 217.9), (436.3, 221.6), (436.3, 225.3), (436.3, 229.1), (436.3, 225.3), (436.3, 225.3), (436.3, 229.1), (436.3, 221.6), (436.3, 221.6), (436.3, 206.7), (436.3, 202.9), (436.3, 199.2), (436.3, 195.5), (436.3, 191.7), (436.3, 176.8), (436.3, 161.9), (436.3, 146.9), (436.3, 132.0), (436.3, 117.1), (436.3, 102.1), (436.3, 98.4), (436.3, 94.7), (436.3, 98.4), (436.3, 98.4), (436.3, 94.7), (436.3, 90.9), (436.3, 87.2), (436.3, 83.5), (436.3, 79.7), (436.3, 76.0), (436.3, 72.3), (436.3, 68.5), (436.3, 53.6), (436.3, 44.3), (436.3, 44.3), (436.3, 44.3), (436.3, 44.3), (436.3, 48.0), (436.3, 51.7), (436.3, 66.7), (436.3, 81.6), (436.3, 96.5), (436.3, 111.5), (436.3, 126.4), (436.3, 141.3), (436.3, 156.3), (436.3, 163.7), (436.3, 171.2), (436.3, 167.5), (436.3, 174.9), (436.3, 174.9), (436.3, 178.7), (436.3, 182.4), (436.3, 197.3), (436.3, 201.1), (436.3, 208.5), (436.3, 208.5), (436.3, 212.3), (436.3, 216.0), (436.3, 227.2), (436.3, 223.5), (436.3, 227.2), (436.3, 227.2), (436.3, 223.5), (436.3, 219.7), (436.3, 216.0), (436.3, 212.3), (436.3, 208.5), (436.3, 216.0), (436.3, 201.1), (436.3, 186.1), (436.3, 171.2), (436.3, 156.3), (436.3, 141.3), (436.3, 126.4), (436.3, 111.5), (436.3, 104.0), (436.3, 96.5), (436.3, 100.3), (436.3, 96.5), (436.3, 96.5), (436.3, 100.3), (436.3, 85.3), (436.3, 85.3), (436.3, 77.9), (436.3, 81.6), (436.3, 74.1), (436.3, 66.7), (436.3, 70.4), (436.3, 59.2), (436.3, 44.3), (436.3, 44.3), (436.3, 44.3), (436.3, 44.3), (436.3, 48.0), (436.3, 51.7), (436.3, 55.5), (436.3, 59.2), (436.3, 74.1), (436.3, 89.1), (436.3, 104.0), (436.3, 118.9), (436.3, 133.9), (436.3, 148.8), (436.3, 163.7), (436.3, 178.7), (436.3, 182.4), (436.3, 182.4), (436.3, 189.9), (436.3, 204.8), (436.3, 208.5), (436.3, 212.3), (436.3, 216.0), (436.3, 216.0), (436.3, 223.5), (436.3, 227.2), (436.3, 227.2), (436.3, 223.5), (436.3, 227.2), (436.3, 227.2), (436.3, 223.5), (436.3, 227.2), (436.3, 227.2), (436.3, 212.3), (436.3, 216.0), (436.3, 208.5), (436.3, 212.3), (436.3, 204.8), (436.3, 204.8), (436.3, 189.9), (436.3, 174.9), (436.3, 160.0), (436.3, 145.1), (436.3, 130.1), (436.3, 115.2), (436.3, 100.3), (436.3, 96.5), (436.3, 96.5), (436.3, 100.3), (436.3, 85.3), (436.3, 85.3), (436.3, 77.9), (436.3, 81.6), (436.3, 74.1), (436.3, 66.7), (436.3, 70.4), (436.3, 59.2), (436.3, 44.3), (436.3, 44.3), (436.3, 44.3), (436.3, 44.3), (436.3, 48.0), (436.3, 51.7), (436.3, 55.5), (436.3, 59.2), (436.3, 74.1), (436.3, 89.1), (436.3, 96.5), (436.3, 107.7), (436.3, 122.7), (436.3, 137.6), (436.3, 152.5), (436.3, 167.5), (436.3, 182.4), (436.3, 197.3), (436.3, 201.1), (436.3, 208.5), (436.3, 208.5), (436.3, 212.3), (436.3, 216.0), (436.3, 219.7), (436.3, 223.5), (436.3, 227.2), (436.3, 227.2), (436.3, 234.7), (436.3, 230.9), (436.3, 230.9), (436.3, 223.5), (436.3, 227.2), (436.3, 227.2), (436.3, 223.5), (436.3, 219.7), (436.3, 216.0), (436.3, 212.3), (436.3, 208.5), (436.3, 204.8), (436.3, 201.1), (436.3, 197.3), (432.5, 193.6), (436.3, 178.7), (436.3, 174.9), (436.3, 182.4), (436.3, 178.7), (436.3, 193.6), (436.3, 193.6), (436.3, 189.9), (436.3, 193.6), (436.3, 197.3), (436.3, 201.1), (436.3, 204.8), (436.3, 219.7), (436.3, 234.7), (436.3, 249.6), (436.3, 253.3), (436.3, 257.1), (436.3, 249.6), (436.3, 249.6), (436.3, 245.9), (436.3, 242.1), (436.3, 238.4), (436.3, 234.7), (436.3, 230.9), (436.3, 230.9), (436.3, 234.7), (436.3, 230.9), (436.3, 216.0), (436.3, 204.8), (436.3, 204.8)]",0,3,41.8
novice,bomberman,10,Enemy,3,0,22.47,0.808,"[(48.0, 48.0), (62.9, 44.3), (77.9, 44.3), (92.8, 44.3), (107.7, 44.3), (122.7, 44.3), (137.6, 44.3), (152.5, 44.3), (167.5, 44.3), (182.4, 44.3), (197.3, 44.3), (212.3, 44.3), (227.2, 44.3), (242.1, 44.3), (257.1, 44.3), (272.0, 44.3), (286.9, 44.3), (301.9, 44.3), (316.8, 44.3), (331.7, 44.3), (346.7, 44.3), (361.6, 44.3), (376.5, 44.3), (391.5, 44.3), (406.4, 44.3), (421.3, 48.0), (436.3, 61.1), (436.3, 76.0), (436.3, 90.9), (436.3, 105.9), (436.3, 120.8), (436.3, 135.7), (436.3, 150.7), (436.3, 143.2), (436.3, 146.9), (436.3, 139.5), (436.3, 132.0), (436.3, 139.5), (436.3, 146.9), (436.3, 143.2), (436.3, 150.7), (436.3, 150.7), (436.3, 165.6), (436.3, 161.9), (436.3, 161.9), (436.3, 165.6), (436.3, 158.1), (436.3, 150.7), (436.3, 154.4), (436.3, 150.7), (436.3, 150.7), (436.3, 154.4), (436.3, 150.7), (436.3, 135.7), (436.3, 132.0), (436.3, 135.7), (436.3, 124.5), (436.3, 109.6), (436.3, 105.9), (436.3, 105.9), (436.3, 109.6), (436.3, 105.9), (436.3, 102.1), (436.3, 98.4), (436.3, 98.4), (436.3, 98.4), (436.3, 98.4), (436.3, 98.4), (436.3, 98.4), (436.3, 98.4), (436.3, 98.4), (436.3, 98.4), (436.3, 98.4), (436.3, 98.4), (436.3, 98.4), (436.3, 98.4), (436.3, 98.4), (436.3, 98.4), (436.3, 109.6), (436.3, 124.5), (436.3, 139.5), (436.3, 154.4), (436.3, 161.9), (436.3, 161.9), (436.3, 165.6), (436.3, 169.3), (436.3, 173.1), (436.3, 176.8), (436.3, 180.5), (436.3, 184.3), (436.3, 188.0), (436.3, 202.9), (436.3, 206.7), (436.3, 210.4), (436.3, 214.1), (436.3, 217.9), (436.3, 221.6), (436.3, 225.3), (436.3, 225.3), (436.3, 221.6), (436.3, 225.3), (436.3, 225.3), (436.3, 221.6), (436.3, 225.3), (436.3, 225.3), (436.3, 210.4), (436.3, 206.7), (436.3, 206.7), (436.3, 210.4), (436.3, 214.1), (436.3, 214.1), (436.3, 210.4), (436.3, 214.1), (436.3, 214.1), (436.3, 210.4), (436.3, 214.1), (436.3, 217.9), (436.3, 221.6), (436.3, 225.3), (436.3, 225.3), (430.7, 221.6), (434.4, 225.3), (434.4, 225.3), (430.7, 221.6), (434.4, 225.3), (428.8, 225.3), (428.8, 221.6), (428.8, 225.3)]",0,3,16.95
novice,bomberman,10,Enemy,1,0,21.75,0.808,"[(48.0, 48.0), (62.9, 44.3), (77.9, 44.3), (92.8, 44.3), (107.7, 44.3), (122.7, 44.3), (137.6, 44.3), (152.5, 44.3), (167.5, 44.3), (182.4, 44.3), (197.3, 44.3), (212.3, 44.3), (227.2, 44.3), (242.1, 44.3), (257.1, 44.3), (272.0, 44.3), (286.9, 44.3), (301.9, 44.3), (316.8, 44.3), (331.7, 44.3), (346.7, 44.3), (361.6, 44.3), (376.5, 44.3), (391.5, 44.3), (406.4, 44.3), (421.3, 48.0), (436.3, 61.1), (436.3, 76.0), (436.3, 90.9), (436.3, 94.7), (436.3, 98.4), (436.3, 94.7), (436.3, 105.9), (436.3, 120.8), (436.3, 135.7), (436.3, 150.7), (436.3, 165.6), (436.3, 161.9), (436.3, 161.9), (436.3, 165.6), (436.3, 161.9), (436.3, 161.9), (436.3, 165.6), (436.3, 161.9), (436.3, 161.9), (436.3, 165.6), (436.3, 161.9), (436.3, 161.9), (436.3, 165.6), (436.3, 161.9), (436.3, 169.3), (436.3, 165.6), (436.3, 169.3), (436.3, 169.3), (436.3, 176.8), (436.3, 173.1), (436.3, 173.1), (436.3, 176.8), (436.3, 180.5), (436.3, 178.7), (436.3, 180.5), (428.8, 178.7), (428.8, 180.5), (428.8, 180.5), (432.5, 176.8), (436.3, 161.9), (436.3, 146.9), (436.3, 132.0), (436.3, 117.1), (436.3, 102.1), (436.3, 87.2), (436.3, 72.3), (436.3, 57.3), (436.3, 49.9), (436.3, 49.9), (436.3, 46.1), (436.3, 53.6), (436.3, 53.6), (436.3, 57.3), (436.3, 61.1), (436.3, 72.3), (436.3, 68.5), (436.3, 76.0), (436.3, 83.5), (436.3, 79.7), (436.3, 87.2), (436.3, 87.2), (436.3, 96.5), (436.3, 96.5), (436.3, 96.5), (436.3, 96.5), (436.3, 102.1), (436.3, 102.1), (436.3, 102.1), (436.3, 105.9), (436.3, 120.8), (436.3, 135.7), (436.3, 150.7), (436.3, 165.6), (436.3, 180.5), (436.3, 195.5), (436.3, 210.4), (436.3, 225.3), (436.3, 221.6), (436.3, 221.6), (436.3, 225.3), (436.3, 217.9), (436.3, 210.4), (436.3, 202.9), (436.3, 206.7), (436.3, 199.2), (436.3, 202.9), (436.3, 195.5), (436.3, 195.5), (436.3, 191.7), (436.3, 195.5), (436.3, 195.5), (436.3, 191.7), (436.3, 195.5), (436.3, 195.5), (436.3, 191.7), (436.3, 195.5), (436.3, 195.5), (436.3, 191.7), (436.3, 188.0), (436.3, 195.5), (436.3, 191.7), (436.3, 195.5), (436.3, 195.5), (436.3, 191.7), (436.3, 195.5), (436.3, 195.5), (436.3, 191.7), (434.4, 195.5)]",0,3,17.85
novice,bomberman,10,Enemy,1,0,19.51,0.731,"[(48.0, 48.0), (62.9, 44.3), (77.9, 44.3), (92.8, 44.3), (107.7, 44.3), (122.7, 44.3), (137.6, 44.3), (152.5, 44.3), (167.5, 44.3), (182.4, 44.3), (197.3, 44.3), (212.3, 44.3), (227.2, 44.3), (242.1, 44.3), (257.1, 44.3), (272.0, 44.3), (286.9, 44.3), (301.9, 44.3), (316.8, 44.3), (331.7, 44.3), (346.7, 44.3), (361.6, 44.3), (376.5, 44.3), (391.5, 44.3), (406.4, 44.3), (421.3, 44.3), (436.3, 44.3), (436.3, 44.3), (436.3, 44.3), (436.3, 44.3), (436.3, 44.3), (436.3, 48.0), (436.3, 62.9), (436.3, 77.9), (436.3, 92.8), (436.3, 107.7), (436.3, 122.7), (436.3, 126.4), (436.3, 126.4), (436.3, 122.7), (436.3, 126.4), (436.3, 126.4), (436.3, 122.7), (436.3, 126.4), (436.3, 126.4), (436.3, 122.7), (436.3, 126.4), (436.3, 126.4), (436.3, 122.7), (436.3, 126.4), (436.3, 126.4), (436.3, 122.7), (436.3, 126.4), (436.3, 126.4), (436.3, 122.7), (436.3, 126.4), (436.3, 126.4), (436.3, 122.7), (436.3, 126.4), (436.3, 126.4), (436.3, 122.7), (436.3, 126.4), (436.3, 126.4), (436.3, 122.7), (436.3, 118.9), (436.3, 118.9), (436.3, 122.7), (436.3, 126.4), (436.3, 126.4), (436.3, 122.7), (436.3, 122.7), (436.3, 122.7), (436.3, 122.7), (436.3, 122.7), (436.3, 122.7), (436.3, 122.7), (436.3, 122.7), (436.3, 122.7), (436.3, 122.7), (436.3, 122.7), (436.3, 122.7), (436.3, 122.7), (436.3, 126.4), (436.3, 126.4), (436.3, 122.7), (436.3, 126.4), (436.3, 137.6), (436.3, 133.9), (436.3, 148.8), (436.3, 163.7), (436.3, 178.7), (436.3, 174.9), (436.3, 174.9), (436.3, 180.5), (436.3, 176.8), (436.3, 161.9), (436.3, 146.9), (436.3, 132.0), (436.3, 117.1), (436.3, 102.1), (436.3, 105.9), (436.3, 109.6), (436.3, 113.3), (436.3, 105.9), (436.3, 98.4), (436.3, 90.9), (436.3, 94.7), (436.3, 87.2), (436.3, 90.9), (436.3, 87.2), (436.3, 83.5), (436.3, 79.7), (436.3, 76.0), (436.3, 72.3), (436.3, 68.5), (436.3, 72.3), (436.3, 61.1), (436.3, 46.1), (436.3, 44.3), (436.3, 44.3), (436.3, 44.3), (436.3, 53.6), (436.3, 68.5), (436.3, 83.5), (436.3, 98.4), (436.3, 113.3), (436.3, 128.3), (436.3, 143.2), (436.3, 158.1), (436.3, 150.7), (436.3, 154.4), (436.3, 146.9), (436.3, 139.5), (436.3, 143.2), (436.3, 143.2), (436.3, 139.5), (436.3, 132.0), (436.3, 124.5), (436.3, 128.3), (436.3, 124.5), (436.3, 124.5), (436.3, 128.3), (436.3, 124.5), (436.3, 124.5), (436.3, 128.3), (436.3, 124.5), (436.3, 124.5), (436.3, 128.3), (436.3, 124.5), (436.3, 124.5)]",0,3,19.9
novice,bomberman,10,Bomb,1,0,32.09,0.692,"[(48.0, 48.0), (62.9, 44.3), (77.9, 44.3), (92.8, 44.3), (107.7, 44.3), (122.7, 44.3), (137.6, 44.3), (152.5, 44.3), (167.5, 44.3), (182.4, 44.3), (197.3, 44.3), (212.3, 44.3), (227.2, 44.3), (242.1, 44.3), (257.1, 44.3), (272.0, 44.3), (286.9, 44.3), (301.9, 44.3), (316.8, 44.3), (331.7, 44.3), (346.7, 44.3), (361.6, 44.3), (376.5, 44.3), (391.5, 44.3), (406.4, 44.3), (421.3, 48.0), (436.3, 61.1), (436.3, 76.0), (436.3, 90.9), (436.3, 105.9), (436.3, 120.8), (436.3, 135.7), (436.3, 150.7), (436.3, 165.6), (436.3, 161.9), (436.3, 161.9), (436.3, 165.6), (436.3, 169.3), (436.3, 169.3), (436.3, 176.8), (436.3, 173.1), (436.3, 180.5), (436.3, 180.5), (436.3, 180.5), (436.3, 180.5), (436.3, 180.5), (436.3, 180.5), (436.3, 180.5), (436.3, 180.5), (436.3, 180.5), (436.3, 180.5), (436.3, 180.5), (436.3, 180.5), (436.3, 180.5), (436.3, 180.5), (436.3, 180.5), (436.3, 180.5), (436.3, 180.5), (436.3, 180.5), (436.3, 180.5), (436.3, 180.5), (428.8, 178.7), (428.8, 178.7), (428.8, 174.9), (428.8, 171.2), (428.8, 156.3), (428.8, 141.3), (428.8, 126.4), (436.3, 111.5), (436.3, 96.5), (436.3, 81.6), (436.3, 66.7), (436.3, 51.7), (436.3, 44.3), (436.3, 44.3), (436.3, 44.3), (436.3, 44.3), (436.3, 46.1), (436.3, 49.9), (436.3, 46.1), (436.3, 57.3), (436.3, 61.1), (436.3, 57.3), (436.3, 57.3), (436.3, 72.3), (436.3, 87.2), (436.3, 102.1), (436.3, 117.1), (436.3, 113.3), (436.3, 113.3), (436.3, 117.1)]",0,3,12.1
novice,bomberman,10,Bomb,31,0,31.47,0.538,"[(48.0, 48.0), (62.9, 44.3), (77.9, 44.3), (92.8, 44.3), (107.7, 44.3), (122.7, 44.3), (137.6, 44.3), (152.5, 44.3), (167.5, 44.3), (182.4, 44.3), (197.3, 44.3), (212.3, 44.3), (227.2, 44.3), (242.1, 44.3), (257.1, 44.3), (272.0, 44.3), (286.9, 44.3), (301.9, 44.3), (316.8, 44.3), (331.7, 44.3), (346.7, 44.3), (361.6, 44.3), (376.5, 44.3), (391.5, 44.3), (406.4, 44.3), (421.3, 44.3), (436.3, 44.3), (436.3, 44.3), (436.3, 44.3), (436.3, 44.3), (436.3, 44.3), (436.3, 44.3), (436.3, 44.3), (436.3, 44.3), (436.3, 59.2), (436.3, 62.9), (436.3, 66.7), (436.3, 62.9), (436.3, 62.9), (436.3, 66.7), (436.3, 62.9), (436.3, 62.9), (436.3, 66.7), (436.3, 62.9), (436.3, 62.9), (436.3, 66.7), (436.3, 62.9), (436.3, 62.9), (436.3, 66.7), (436.3, 62.9), (436.3, 62.9), (436.3, 66.7), (436.3, 62.9), (436.3, 62.9), (436.3, 66.7), (432.5, 70.4), (428.8, 85.3), (428.8, 100.3), (428.8, 115.2), (430.7, 130.1), (436.3, 145.1), (436.3, 152.5), (436.3, 160.0), (430.7, 156.3), (434.4, 160.0), (434.4, 160.0), (430.7, 156.3), (434.4, 160.0), (434.4, 160.0), (430.7, 156.3), (434.4, 160.0), (434.4, 160.0), (430.7, 156.3), (434.4, 160.0), (434.4, 160.0), (430.7, 156.3), (434.4, 160.0), (434.4, 160.0), (430.7, 156.3), (434.4, 160.0), (434.4, 160.0), (430.7, 156.3), (428.8, 163.7), (432.5, 163.7), (428.8, 173.1), (428.8, 173.1), (428.8, 173.1), (428.8, 173.1), (428.8, 173.1), (428.8, 173.1), (428.8, 173.1)]",0,0,12.1
novice,bomberman,10,Bomb,3,0,47.54,0.538,"[(48.0, 48.0), (62.9, 44.3), (77.9, 44.3), (92.8, 44.3), (107.7, 44.3), (122.7, 44.3), (137.6, 44.3), (152.5, 44.3), (167.5, 44.3), (182.4, 44.3), (197.3, 44.3), (212.3, 44.3), (227.2, 44.3), (242.1, 44.3), (257.1, 44.3), (272.0, 44.3), (286.9, 44.3), (301.9, 44.3), (316.8, 44.3), (331.7, 44.3), (346.7, 44.3), (361.6, 44.3), (376.5, 44.3), (391.5, 44.3), (406.4, 44.3), (421.3, 48.0), (436.3, 61.1), (436.3, 76.0), (436.3, 90.9), (436.3, 94.7), (436.3, 98.4), (436.3, 94.7), (436.3, 94.7), (436.3, 98.4), (436.3, 105.9), (436.3, 113.3), (436.3, 109.6), (436.3, 124.5), (436.3, 139.5), (436.3, 154.4), (436.3, 161.9), (436.3, 161.9), (436.3, 165.6), (436.3, 161.9), (436.3, 161.9), (436.3, 165.6), (436.3, 161.9), (436.3, 161.9), (436.3, 165.6), (436.3, 161.9), (436.3, 161.9), (436.3, 165.6), (436.3, 161.9), (436.3, 161.9), (436.3, 165.6), (436.3, 161.9), (436.3, 161.9), (436.3, 165.6), (436.3, 161.9), (436.3, 161.9), (436.3, 165.6)]",0,1,8.05
novice,bomberman,10,Stuck,0,0,-0.75,0.0,"[(48.0, 48.0), (44.3, 44.3), (44.3, 44.3), (44.3, 44.3), (44.3, 44.3), (44.3, 44.3), (44.3, 44.3), (44.3, 44.3), (44.3, 44.3), (44.3, 44.3), (44.3, 44.3), (44.3, 44.3), (44.3, 44.3), (44.3, 44.3), (44.3, 44.3), (44.3, 44.3), (44.3, 44.3), (44.3, 44.3), (44.3, 44.3), (44.3, 44.3), (44.3, 44.3), (44.3, 44.3), (44.3, 44.3), (44.3, 44.3), (44.3, 44.3), (44.3, 44.3), (44.3, 44.3), (44.3, 44.3), (44.3, 44.3), (44.3, 44.3), (44.3, 44.3), (44.3, 44.3), (44.3, 44.3), (44.3, 44.3), (44.3, 44.3), (44.3, 44.3), (44.3, 44.3), (44.3, 44.3)]",0,0,5.0
novice,bomberman,10,Bomb,3,0,46.5,0.462,"[(48.0, 48.0), (62.9, 44.3), (77.9, 44.3), (92.8, 44.3), (107.7, 44.3), (122.7, 44.3), (137.6, 44.3), (152.5, 44.3), (167.5, 44.3), (182.4, 44.3), (197.3, 44.3), (212.3, 44.3), (227.2, 44.3), (242.1, 44.3), (257.1, 44.3), (272.0, 44.3), (286.9, 44.3), (301.9, 44.3), (316.8, 44.3), (331.7, 44.3), (346.7, 44.3), (361.6, 44.3), (376.5, 44.3), (391.5, 44.3), (406.4, 44.3), (421.3, 44.3), (436.3, 44.3), (436.3, 44.3), (436.3, 44.3), (436.3, 44.3), (436.3, 44.3), (436.3, 44.3), (436.3, 44.3), (436.3, 44.3), (436.3, 44.3), (436.3, 44.3), (436.3, 44.3), (436.3, 44.3), (436.3, 51.7), (436.3, 66.7), (436.3, 62.9), (436.3, 62.9), (436.3, 66.7), (436.3, 62.9), (436.3, 62.9), (436.3, 66.7), (436.3, 62.9), (436.3, 62.9), (436.3, 66.7), (436.3, 62.9), (436.3, 62.9), (436.3, 66.7), (436.3, 62.9), (436.3, 62.9), (436.3, 66.7), (436.3, 70.4), (436.3, 85.3), (436.3, 100.3), (436.3, 96.5), (436.3, 96.5), (436.3, 100.3), (436.3, 96.5), (436.3, 96.5)]",0,0,8.35
novice,bomberman,10,Bomb,3,0,39.46,0.5,"[(48.0, 48.0), (62.9, 44.3), (77.9, 44.3), (92.8, 44.3), (107.7, 44.3), (122.7, 44.3), (137.6, 44.3), (152.5, 44.3), (167.5, 44.3), (182.4, 44.3), (197.3, 44.3), (212.3, 44.3), (227.2, 44.3), (242.1, 44.3), (257.1, 44.3), (272.0, 44.3), (286.9, 44.3), (301.9, 44.3), (316.8, 44.3), (331.7, 44.3), (346.7, 44.3), (361.6, 44.3), (376.5, 44.3), (391.5, 44.3), (406.4, 44.3), (421.3, 44.3), (436.3, 44.3), (436.3, 44.3), (436.3, 44.3), (436.3, 44.3), (436.3, 44.3), (436.3, 44.3), (436.3, 44.3), (436.3, 44.3), (436.3, 44.3), (436.3, 44.3), (436.3, 44.3), (436.3, 44.3), (436.3, 44.3), (436.3, 44.3), (436.3, 44.3), (436.3, 44.3), (436.3, 44.3), (436.3, 46.1), (436.3, 57.3), (436.3, 72.3), (436.3, 87.2), (436.3, 102.1), (436.3, 117.1), (436.3, 132.0), (436.3, 135.7), (436.3, 128.3), (436.3, 124.5), (436.3, 120.8), (436.3, 117.1), (436.3, 113.3), (436.3, 113.3), (436.3, 117.1), (436.3, 109.6), (436.3, 102.1), (436.3, 105.9), (436.3, 102.1), (436.3, 98.4), (436.3, 94.7), (436.3, 90.9), (436.3, 87.2), (436.3, 83.5), (436.3, 79.7), (436.3, 77.9), (436.3, 77.9), (436.3, 77.9), (428.8, 77.9), (428.8, 77.9)]",0,0,9.65
novice,bomberman,10,Bomb,4,0,9.29,0.846,"[(48.0, 48.0), (62.9, 44.3), (77.9, 44.3), (92.8, 44.3), (107.7, 44.3), (122.7, 44.3), (137.6, 44.3), (152.5, 44.3), (167.5, 44.3), (182.4, 44.3), (197.3, 44.3), (212.3, 44.3), (227.2, 44.3), (242.1, 44.3), (257.1, 44.3), (272.0, 44.3), (286.9, 44.3), (301.9, 44.3), (316.8, 44.3), (331.7, 44.3), (346.7, 44.3), (361.6, 44.3), (376.5, 44.3), (391.5, 44.3), (406.4, 44.3), (421.3, 48.0), (436.3, 61.1), (436.3, 76.0), (436.3, 90.9), (436.3, 105.9), (436.3, 120.8), (436.3, 135.7), (436.3, 150.7), (436.3, 154.4), (436.3, 146.9), (436.3, 146.9), (436.3, 143.2), (436.3, 146.9), (436.3, 146.9), (436.3, 154.4), (436.3, 150.7), (436.3, 158.1), (436.3, 165.6), (436.3, 161.9), (436.3, 161.9), (436.3, 154.4), (436.3, 150.7), (436.3, 150.7), (436.3, 143.2), (436.3, 135.7), (436.3, 124.5), (436.3, 120.8), (436.3, 117.1), (436.3, 113.3), (436.3, 109.6), (436.3, 113.3), (436.3, 105.9), (436.3, 109.6), (436.3, 105.9), (436.3, 102.1), (436.3, 98.4), (436.3, 90.9), (436.3, 90.9), (436.3, 76.0), (436.3, 79.7), (436.3, 72.3), (436.3, 76.0), (436.3, 68.5), (436.3, 57.3), (436.3, 44.3), (436.3, 44.3), (436.3, 44.3), (436.3, 44.3), (436.3, 44.3), (436.3, 46.1), (436.3, 61.1), (436.3, 76.0), (436.3, 90.9), (436.3, 105.9), (436.3, 120.8), (436.3, 135.7), (436.3, 150.7), (436.3, 158.1), (436.3, 158.1), (436.3, 161.9), (436.3, 165.6), (436.3, 169.3), (436.3, 173.1), (436.3, 176.8), (436.3, 180.5), (436.3, 184.3), (436.3, 188.0), (436.3, 191.7), (436.3, 206.7), (436.3, 210.4), (436.3, 214.1), (436.3, 217.9), (436.3, 221.6), (436.3, 225.3), (436.3, 229.1), (436.3, 225.3), (436.3, 225.3), (436.3, 229.1), (436.3, 221.6), (436.3, 221.6), (436.3, 206.7), (436.3, 202.9), (436.3, 199.2), (436.3, 195.5), (436.3, 191.7), (436.3, 176.8), (436.3, 161.9), (436.3, 146.9), (436.3, 132.0), (436.3, 117.1), (436.3, 102.1), (436.3, 98.4), (436.3, 94.7), (436.3, 98.4), (436.3, 98.4), (436.3, 94.7), (436.3, 90.9), (436.3, 87.2), (436.3, 83.5), (436.3, 79.7), (436.3, 76.0), (436.3, 72.3), (436.3, 68.5), (436.3, 53.6), (436.3, 44.3), (436.3, 44.3), (436.3, 44.3), (436.3, 44.3), (436.3, 48.0), (436.3, 51.7), (436.3, 66.7), (436.3, 81.6), (436.3, 96.5), (436.3, 111.5), (436.3, 126.4), (436.3, 141.3), (436.3, 156.3), (436.3, 163.7), (436.3, 171.2), (436.3, 167.5), (436.3, 174.9), (436.3, 174.9), (436.3, 178.7), (436.3, 182.4), (436.3, 197.3), (436.3, 201.1), (436.3, 208.5), (436.3, 208.5), (436.3, 212.3), (436.3, 216.0), (436.3, 227.2), (436.3, 223.5), (436.3, 227.2), (436.3, 227.2), (436.3, 223.5), (436.3, 219.7), (436.3, 216.0), (436.3, 212.3), (436.3, 208.5), (436.3, 216.0), (436.3, 201.1), (436.3, 186.1), (436.3, 171.2), (436.3, 156.3), (436.3, 141.3), (436.3, 126.4), (436.3, 111.5), (436.3, 104.0), (436.3, 96.5), (436.3, 100.3), (436.3, 96.5), (436.3, 96.5), (436.3, 100.3), (436.3, 85.3), (436.3, 85.3), (436.3, 77.9), (436.3, 81.6), (436.3, 74.1), (436.3, 66.7), (436.3, 70.4), (436.3, 59.2), (436.3, 44.3), (436.3, 44.3), (436.3, 44.3), (436.3, 44.3), (436.3, 48.0), (436.3, 51.7), (436.3, 55.5), (436.3, 59.2), (436.3, 74.1), (436.3, 89.1), (436.3, 104.0), (436.3, 118.9), (436.3, 133.9), (436.3, 148.8), (436.3, 163.7), (436.3, 178.7), (436.3, 182.4), (436.3, 182.4), (436.3, 189.9), (436.3, 204.8), (436.3, 208.5), (436.3, 212.3), (436.3, 216.0), (436.3, 216.0), (436.3, 223.5), (436.3, 227.2), (436.3, 227.2), (436.3, 223.5), (436.3, 227.2), (436.3, 227.2), (436.3, 223.5), (436.3, 227.2), (436.3, 227.2), (436.3, 212.3), (436.3, 216.0), (436.3, 208.5), (436.3, 212.3), (436.3, 204.8), (436.3, 204.8), (436.3, 189.9), (436.3, 174.9), (436.3, 160.0), (436.3, 145.1), (436.3, 130.1), (436.3, 115.2), (436.3, 100.3), (436.3, 96.5), (436.3, 96.5), (436.3, 100.3), (436.3, 85.3), (436.3, 85.3), (436.3, 77.9), (436.3, 81.6), (436.3, 74.1), (436.3, 66.7), (436.3, 70.4), (436.3, 59.2), (436.3, 44.3), (436.3, 44.3), (436.3, 44.3), (436.3, 44.3), (436.3, 48.0), (436.3, 51.7), (436.3, 55.5), (436.3, 59.2), (436.3, 74.1), (436.3, 89.1), (436.3, 96.5), (436.3, 107.7), (436.3, 122.7), (436.3, 137.6), (436.3, 152.5), (436.3, 167.5), (436.3, 182.4), (436.3, 197.3), (436.3, 201.1), (436.3, 208.5), (436.3, 208.5), (436.3, 212.3), (436.3, 216.0), (436.3, 219.7), (436.3, 223.5), (436.3, 227.2), (436.3, 227.2), (436.3, 234.7), (436.3, 230.9), (436.3, 230.9), (436.3, 223.5), (436.3, 227.2), (436.3, 227.2), (436.3, 223.5), (436.3, 219.7), (436.3, 216.0), (436.3, 212.3), (436.3, 208.5), (436.3, 204.8), (436.3, 201.1), (436.3, 197.3), (432.5, 193.6), (436.3, 178.7), (436.3, 174.9), (436.3, 182.4), (436.3, 178.7), (436.3, 193.6), (436.3, 193.6), (436.3, 189.9), (436.3, 193.6), (436.3, 197.3), (436.3, 201.1), (436.3, 204.8), (436.3, 219.7), (436.3, 234.7), (436.3, 249.6), (436.3, 253.3), (436.3, 257.1), (436.3, 249.6), (436.3, 249.6), (436.3, 245.9), (436.3, 242.1), (436.3, 238.4), (436.3, 234.7), (436.3, 230.9), (436.3, 230.9), (436.3, 234.7), (436.3, 230.9), (436.3, 216.0), (436.3, 204.8), (436.3, 204.8)]",0,3,41.8
novice,bomberman,10,Enemy,3,0,22.47,0.808,"[(48.0, 48.0), (62.9, 44.3), (77.9, 44.3), (92.8, 44.3), (107.7, 44.3), (122.7, 44.3), (137.6, 44.3), (152.5, 44.3), (167.5, 44.3), (182.4, 44.3), (197.3, 44.3), (212.3, 44.3), (227.2, 44.3), (242.1, 44.3), (257.1, 44.3), (272.0, 44.3), (286.9, 44.3), (301.9, 44.3), (316.8, 44.3), (331.7, 44.3), (346.7, 44.3), (361.6, 44.3), (376.5, 44.3), (391.5, 44.3), (406.4, 44.3), (421.3, 48.0), (436.3, 61.1), (436.3, 76.0), (436.3, 90.9), (436.3, 105.9), (436.3, 120.8), (436.3, 135.7), (436.3, 150.7), (436.3, 143.2), (436.3, 146.9), (436.3, 139.5), (436.3, 132.0), (436.3, 139.5), (436.3, 146.9), (436.3, 143.2), (436.3, 150.7), (436.3, 150.7), (436.3, 165.6), (436.3, 161.9), (436.3, 161.9), (436.3, 165.6), (436.3, 158.1), (436.3, 150.7), (436.3, 154.4), (436.3, 150.7), (436.3, 150.7), (436.3, 154.4), (436.3, 150.7), (436.3, 135.7), (436.3, 132.0), (436.3, 135.7), (436.3, 124.5), (436.3, 109.6), (436.3, 105.9), (436.3, 105.9), (436.3, 109.6), (436.3, 105.9), (436.3, 102.1), (436.3, 98.4), (436.3, 98.4), (436.3, 98.4), (436.3, 98.4), (436.3, 98.4), (436.3, 98.4), (436.3, 98.4), (436.3, 98.4), (436.3, 98.4), (436.3, 98.4), (436.3, 98.4), (436.3, 98.4), (436.3, 98.4), (436.3, 98.4), (436.3, 98.4), (436.3, 109.6), (436.3, 124.5), (436.3, 139.5), (436.3, 154.4), (436.3, 161.9), (436.3, 161.9), (436.3, 165.6), (436.3, 169.3), (436.3, 173.1), (436.3, 176.8), (436.3, 180.5), (436.3, 184.3), (436.3, 188.0), (436.3, 202.9), (436.3, 206.7), (436.3, 210.4), (436.3, 214.1), (436.3, 217.9), (436.3, 221.6), (436.3, 225.3), (436.3, 225.3), (436.3, 221.6), (436.3, 225.3), (436.3, 225.3), (436.3, 221.6), (436.3, 225.3), (436.3, 225.3), (436.3, 210.4), (436.3, 206.7), (436.3, 206.7), (436.3, 210.4), (436.3, 214.1), (436.3, 214.1), (436.3, 210.4), (436.3, 214.1), (436.3, 214.1), (436.3, 210.4), (436.3, 214.1), (436.3, 217.9), (436.3, 221.6), (436.3, 225.3), (436.3, 225.3), (430.7, 221.6), (434.4, 225.3), (434.4, 225.3), (430.7, 221.6), (434.4, 225.3), (428.8, 225.3), (428.8, 221.6), (428.8, 225.3)]",0,3,16.95
novice,bomberman,10,Enemy,1,0,21.75,0.808,"[(48.0, 48.0), (62.9, 44.3), (77.9, 44.3), (92.8, 44.3), (107.7, 44.3), (122.7, 44.3), (137.6, 44.3), (152.5, 44.3), (167.5, 44.3), (182.4, 44.3), (197.3, 44.3), (212.3, 44.3), (227.2, 44.3), (242.1, 44.3), (257.1, 44.3), (272.0, 44.3), (286.9, 44.3), (301.9, 44.3), (316.8, 44.3), (331.7, 44.3), (346.7, 44.3), (361.6, 44.3), (376.5, 44.3), (391.5, 44.3), (406.4, 44.3), (421.3, 48.0), (436.3, 61.1), (436.3, 76.0), (436.3, 90.9), (436.3, 94.7), (436.3, 98.4), (436.3, 94.7), (436.3, 105.9), (436.3, 120.8), (436.3, 135.7), (436.3, 150.7), (436.3, 165.6), (436.3, 161.9), (436.3, 161.9), (436.3, 165.6), (436.3, 161.9), (436.3, 161.9), (436.3, 165.6), (436.3, 161.9), (436.3, 161.9), (436.3, 165.6), (436.3, 161.9), (436.3, 161.9), (436.3, 165.6), (436.3, 161.9), (436.3, 169.3), (436.3, 165.6), (436.3, 169.3), (436.3, 169.3), (436.3, 176.8), (436.3, 173.1), (436.3, 173.1), (436.3, 176.8), (436.3, 180.5), (436.3, 178.7), (436.3, 180.5), (428.8, 178.7), (428.8, 180.5), (428.8, 180.5), (432.5, 176.8), (436.3, 161.9), (436.3, 146.9), (436.3, 132.0), (436.3, 117.1), (436.3, 102.1), (436.3, 87.2), (436.3, 72.3), (436.3, 57.3), (436.3, 49.9), (436.3, 49.9), (436.3, 46.1), (436.3, 53.6), (436.3, 53.6), (436.3, 57.3), (436.3, 61.1), (436.3, 72.3), (436.3, 68.5), (436.3, 76.0), (436.3, 83.5), (436.3, 79.7), (436.3, 87.2), (436.3, 87.2), (436.3, 96.5), (436.3, 96.5), (436.3, 96.5), (436.3, 96.5), (436.3, 102.1), (436.3, 102.1), (436.3, 102.1), (436.3, 105.9), (436.3, 120.8), (436.3, 135.7), (436.3, 150.7), (436.3, 165.6), (436.3, 180.5), (436.3, 195.5), (436.3, 210.4), (436.3, 225.3), (436.3, 221.6), (436.3, 221.6), (436.3, 225.3), (436.3, 217.9), (436.3, 210.4), (436.3, 202.9), (436.3, 206.7), (436.3, 199.2), (436.3, 202.9), (436.3, 195.5), (436.3, 195.5), (436.3, 191.7), (436.3, 195.5), (436.3, 195.5), (436.3, 191.7), (436.3, 195.5), (436.3, 195.5), (436.3, 191.7), (436.3, 195.5), (436.3, 195.5), (436.3, 191.7), (436.3, 188.0), (436.3, 195.5), (436.3, 191.7), (436.3, 195.5), (436.3, 195.5), (436.3, 191.7), (436.3, 195.5), (436.3, 195.5), (436.3, 191.7), (434.4, 195.5)]",0,3,17.85
novice,bomberman,10,Enemy,1,0,19.51,0.731,"[(48.0, 48.0), (62.9, 44.3), (77.9, 44.3), (92.8, 44.3), (107.7, 44.3), (122.7, 44.3), (137.6, 44.3), (152.5, 44.3), (167.5, 44.3), (182.4, 44.3), (197.3, 44.3), (212.3, 44.3), (227.2, 44.3), (242.1, 44.3), (257.1, 44.3), (272.0, 44.3), (286.9, 44.3), (301.9, 44.3), (316.8, 44.3), (331.7, 44.3), (346.7, 44.3), (361.6, 44.3), (376.5, 44.3), (391.5, 44.3), (406.4, 44.3), (421.3, 44.3), (436.3, 44.3), (436.3, 44.3), (436.3, 44.3), (436.3, 44.3), (436.3, 44.3), (436.3, 48.0), (436.3, 62.9), (436.3, 77.9), (436.3, 92.8), (436.3, 107.7), (436.3, 122.7), (436.3, 126.4), (436.3, 126.4), (436.3, 122.7), (436.3, 126.4), (436.3, 126.4), (436.3, 122.7), (436.3, 126.4), (436.3, 126.4), (436.3, 122.7), (436.3, 126.4), (436.3, 126.4), (436.3, 122.7), (436.3, 126.4), (436.3, 126.4), (436.3, 122.7), (436.3, 126.4), (436.3, 126.4), (436.3, 122.7), (436.3, 126.4), (436.3, 126.4), (436.3, 122.7), (436.3, 126.4), (436.3, 126.4), (436.3, 122.7), (436.3, 126.4), (436.3, 126.4), (436.3, 122.7), (436.3, 118.9), (436.3, 118.9), (436.3, 122.7), (436.3, 126.4), (436.3, 126.4), (436.3, 122.7), (436.3, 122.7), (436.3, 122.7), (436.3, 122.7), (436.3, 122.7), (436.3, 122.7), (436.3, 122.7), (436.3, 122.7), (436.3, 122.7), (436.3, 122.7), (436.3, 122.7), (436.3, 122.7), (436.3, 122.7), (436.3, 126.4), (436.3, 126.4), (436.3, 122.7), (436.3, 126.4), (436.3, 137.6), (436.3, 133.9), (436.3, 148.8), (436.3, 163.7), (436.3, 178.7), (436.3, 174.9), (436.3, 174.9), (436.3, 180.5), (436.3, 176.8), (436.3, 161.9), (436.3, 146.9), (436.3, 132.0), (436.3, 117.1), (436.3, 102.1), (436.3, 105.9), (436.3, 109.6), (436.3, 113.3), (436.3, 105.9), (436.3, 98.4), (436.3, 90.9), (436.3, 94.7), (436.3, 87.2), (436.3, 90.9), (436.3, 87.2), (436.3, 83.5), (436.3, 79.7), (436.3, 76.0), (436.3, 72.3), (436.3, 68.5), (436.3, 72.3), (436.3, 61.1), (436.3, 46.1), (436.3, 44.3), (436.3, 44.3), (436.3, 44.3), (436.3, 53.6), (436.3, 68.5), (436.3, 83.5), (436.3, 98.4), (436.3, 113.3), (436.3, 128.3), (436.3, 143.2), (436.3, 158.1), (436.3, 150.7), (436.3, 154.4), (436.3, 146.9), (436.3, 139.5), (436.3, 143.2), (436.3, 143.2), (436.3, 139.5), (436.3, 132.0), (436.3, 124.5), (436.3, 128.3), (436.3, 124.5), (436.3, 124.5), (436.3, 128.3), (436.3, 124.5), (436.3, 124.5), (436.3, 128.3), (436.3, 124.5), (436.3, 124.5), (436.3, 128.3), (436.3, 124.5), (436.3, 124.5)]",0,3,19.9
novice,bomberman,10,Bomb,5,0,48.53,0.5,"[(48.0, 48.0), (62.9, 44.3), (77.9, 44.3), (92.8, 44.3), (107.7, 44.3), (122.7, 44.3), (137.6, 44.3), (152.5, 44.3), (167.5, 44.3), (182.4, 44.3), (197.3, 44.3), (212.3, 44.3), (227.2, 44.3), (242.1, 44.3), (257.1, 44.3), (272.0, 44.3), (286.9, 44.3), (301.9, 44.3), (316.8, 44.3), (331.7, 44.3), (346.7, 44.3), (361.6, 44.3), (376.5, 44.3), (391.5, 44.3), (406.4, 44.3), (421.3, 48.0), (436.3, 61.1), (436.3, 64.8), (436.3, 61.1), (436.3, 61.1), (436.3, 64.8), (436.3, 79.7), (436.3, 94.7), (436.3, 98.4), (436.3, 94.7), (436.3, 94.7), (436.3, 98.4), (436.3, 94.7), (436.3, 94.7), (436.3, 98.4), (436.3, 94.7), (436.3, 94.7), (436.3, 98.4), (436.3, 102.1), (436.3, 117.1), (436.3, 132.0), (436.3, 146.9), (436.3, 146.9), (436.3, 143.2), (436.3, 139.5), (436.3, 135.7), (436.3, 132.0), (436.3, 135.7), (436.3, 135.7), (436.3, 132.0), (436.3, 128.3), (436.3, 124.5), (436.3, 120.8), (436.3, 124.5), (436.3, 124.5), (436.3, 120.8)]",0,0,8.0
novice,bomberman,10,Bomb,2,0,39.67,0.308,"[(48.0, 48.0), (62.9, 44.3), (77.9, 44.3), (92.8, 44.3), (107.7, 44.3), (122.7, 44.3), (137.6, 44.3), (152.5, 44.3), (167.5, 44.3), (182.4, 44.3), (197.3, 44.3), (212.3, 44.3), (227.2, 44.3), (242.1, 44.3), (257.1, 51.7), (272.0, 44.3), (286.9, 44.3), (301.9, 44.3), (316.8, 44.3), (331.7, 44.3), (346.7, 44.3), (361.6, 49.9), (372.8, 64.8), (372.8, 79.7), (372.8, 94.7), (372.8, 98.4), (372.8, 98.4), (372.8, 94.7), (372.8, 98.4), (372.8, 98.4), (372.8, 94.7), (372.8, 98.4), (372.8, 98.4), (372.8, 105.9), (372.8, 102.1), (372.8, 98.4), (372.8, 94.7), (372.8, 98.4), (372.8, 102.1), (372.8, 105.9), (372.8, 102.1), (365.3, 98.4), (365.3, 105.9), (369.1, 98.4), (365.3, 98.4), (365.3, 105.9), (365.3, 100.3), (365.3, 94.7), (365.3, 102.1), (365.3, 98.4), (365.3, 100.3), (365.3, 100.3), (365.3, 98.4), (365.3, 98.4), (365.3, 96.5), (365.3, 96.5), (365.3, 94.7), (365.3, 94.7), (365.3, 92.8), (365.3, 98.4), (365.3, 90.9)]",0,0,8.0
novice,bomberman,10,Bomb,1,0,28.47,0.154,"[(48.0, 48.0), (62.9, 51.7), (77.9, 44.3), (92.8, 44.3), (107.7, 44.3), (122.7, 44.3), (137.6, 44.3), (152.5, 44.3), (167.5, 44.3), (182.4, 44.3), (197.3, 44.3), (212.3, 44.3), (227.2, 44.3), (242.1, 59.2), (244.0, 74.1), (244.0, 92.8), (244.0, 109.6), (258.9, 113.3), (273.9, 109.6), (275.7, 113.3), (275.7, 113.3), (275.7, 109.6), (275.7, 113.3), (275.7, 113.3), (275.7, 109.6), (275.7, 113.3), (275.7, 113.3), (275.7, 109.6), (275.7, 113.3), (275.7, 113.3), (275.7, 109.6), (275.7, 115.2), (275.7, 115.2), (275.7, 115.2), (275.7, 115.2), (275.7, 115.2), (275.7, 115.2), (275.7, 115.2), (275.7, 115.2), (275.7, 115.2), (275.7, 115.2), (275.7, 115.2), (275.7, 115.2), (275.7, 115.2), (275.7, 115.2), (275.7, 115.2), (275.7, 115.2), (275.7, 115.2), (275.7, 115.2), (275.7, 115.2), (275.7, 115.2), (275.7, 115.2), (275.7, 115.2), (275.7, 115.2), (275.7, 115.2), (275.7, 115.2), (275.7, 115.2), (275.7, 115.2), (275.7, 115.2), (275.7, 115.2), (275.7, 115.2)]",0,1,8.0
novice,bomberman,10,Bomb,1,0,28.47,0.154,"[(48.0, 48.0), (62.9, 51.7), (77.9, 44.3), (92.8, 44.3), (107.7, 44.3), (122.7, 44.3), (137.6, 44.3), (152.5, 44.3), (167.5, 44.3), (182.4, 44.3), (197.3, 44.3), (212.3, 44.3), (227.2, 44.3), (242.1, 59.2), (244.0, 74.1), (244.0, 92.8), (244.0, 109.6), (258.9, 115.2), (273.9, 115.2), (275.7, 115.2), (275.7, 115.2), (275.7, 115.2), (275.7, 115.2), (275.7, 115.2), (275.7, 115.2), (275.7, 115.2), (275.7, 115.2), (275.7, 115.2), (275.7, 115.2), (275.7, 115.2), (275.7, 115.2), (275.7, 115.2), (275.7, 115.2), (275.7, 115.2), (275.7, 115.2), (275.7, 115.2), (275.7, 115.2), (275.7, 115.2), (275.7, 115.2), (275.7, 115.2), (275.7, 115.2), (275.7, 115.2), (275.7, 115.2), (275.7, 115.2), (275.7, 115.2), (275.7, 115.2), (275.7, 115.2), (275.7, 115.2), (275.7, 115.2), (275.7, 115.2), (275.7, 115.2), (275.7, 115.2), (275.7, 115.2), (275.7, 115.2), (275.7, 115.2), (275.7, 115.2), (275.7, 115.2), (275.7, 115.2), (275.7, 115.2), (275.7, 115.2), (275.7, 115.2)]",0,1,8.0
novice,bomberman,10,Enemy,1,0,17.85,0.846,"[(48.0, 48.0), (62.9, 51.7), (77.9, 44.3), (92.8, 44.3), (107.7, 44.3), (122.7, 44.3), (137.6, 44.3), (152.5, 44.3), (167.5, 44.3), (182.4, 44.3), (197.3, 44.3), (212.3, 44.3), (227.2, 44.3), (242.1, 48.0), (257.1, 51.7), (272.0, 44.3), (286.9, 44.3), (301.9, 44.3), (316.8, 44.3), (331.7, 44.3), (346.7, 44.3), (361.6, 44.3), (376.5, 44.3), (391.5, 44.3), (406.4, 44.3), (421.3, 48.0), (436.3, 61.1), (436.3, 76.0), (436.3, 90.9), (436.3, 105.9), (436.3, 120.8), (436.3, 124.5), (436.3, 139.5), (436.3, 154.4), (436.3, 169.3), (436.3, 169.3), (436.3, 165.6), (436.3, 169.3), (436.3, 173.1), (436.3, 176.8), (436.3, 180.5), (436.3, 180.5), (436.3, 180.5), (436.3, 180.5), (436.3, 180.5), (436.3, 180.5), (436.3, 180.5), (436.3, 180.5), (436.3, 180.5), (436.3, 180.5), (436.3, 180.5), (436.3, 180.5), (436.3, 180.5), (436.3, 180.5), (436.3, 180.5), (436.3, 180.5), (436.3, 180.5), (436.3, 180.5), (436.3, 180.5), (436.3, 180.5), (436.3, 180.5), (436.3, 180.5), (436.3, 180.5), (436.3, 180.5), (436.3, 176.8), (436.3, 161.9), (436.3, 146.9), (436.3, 132.0), (436.3, 117.1), (436.3, 102.1), (436.3, 87.2), (436.3, 83.5), (436.3, 79.7), (436.3, 83.5), (436.3, 83.5), (436.3, 90.9), (436.3, 87.2), (436.3, 87.2), (436.3, 90.9), (436.3, 96.5), (436.3, 96.5), (436.3, 96.5), (436.3, 96.5), (436.3, 96.5), (436.3, 96.5), (436.3, 96.5), (436.3, 96.5), (436.3, 96.5), (436.3, 96.5), (436.3, 96.5), (436.3, 96.5), (436.3, 105.9), (436.3, 113.3), (436.3, 124.5), (436.3, 133.9), (436.3, 148.8), (436.3, 163.7), (436.3, 178.7), (436.3, 193.6), (436.3, 208.5), (436.3, 223.5), (436.3, 238.4), (436.3, 253.3), (436.3, 260.8), (436.3, 257.1), (436.3, 253.3), (436.3, 257.1), (436.3, 257.1), (436.3, 253.3), (436.3, 257.1), (436.3, 257.1), (436.3, 253.3), (436.3, 249.6), (436.3, 249.6), (436.3, 253.3), (436.3, 249.6), (436.3, 245.9), (436.3, 242.1), (436.3, 238.4), (436.3, 238.4), (436.3, 230.9), (436.3, 216.0), (436.3, 201.1), (436.3, 186.1), (436.3, 171.2), (436.3, 156.3), (436.3, 141.3), (436.3, 137.6), (436.3, 145.1), (436.3, 141.3), (436.3, 145.1), (436.3, 148.8), (436.3, 152.5), (436.3, 148.8), (436.3, 148.8), (436.3, 152.5), (436.3, 160.0), (436.3, 160.0), (436.3, 163.7), (436.3, 163.7), (436.3, 163.7), (436.3, 163.7), (436.3, 163.7), (436.3, 163.7), (436.3, 163.7), (436.3, 163.7), (436.3, 163.7), (436.3, 163.7), (436.3, 163.7), (436.3, 163.7), (436.3, 163.7), (436.3, 163.7), (436.3, 163.7), (436.3, 163.7), (436.3, 167.5), (436.3, 182.4), (436.3, 197.3), (436.3, 212.3), (436.3, 227.2), (436.3, 242.1), (436.3, 257.1), (436.3, 257.1), (436.3, 253.3), (436.3, 257.1)]",0,4,21.75
novice,bomberman,10,Bomb,1,0,48.53,0.462,"[(48.0, 48.0), (62.9, 44.3), (77.9, 44.3), (92.8, 44.3), (107.7, 44.3), (122.7, 44.3), (137.6, 44.3), (152.5, 44.3), (167.5, 44.3), (182.4, 44.3), (197.3, 44.3), (212.3, 44.3), (227.2, 44.3), (242.1, 44.3), (257.1, 44.3), (272.0, 44.3), (286.9, 44.3), (301.9, 44.3), (316.8, 44.3), (331.7, 44.3), (346.7, 44.3), (361.6, 44.3), (376.5, 44.3), (391.5, 44.3), (406.4, 44.3), (421.3, 44.3), (436.3, 46.1), (436.3, 49.9), (436.3, 46.1), (436.3, 46.1), (436.3, 49.9), (436.3, 64.8), (436.3, 79.7), (436.3, 94.7), (436.3, 98.4), (436.3, 98.4), (436.3, 94.7), (436.3, 98.4), (436.3, 98.4), (436.3, 94.7), (436.3, 98.4), (436.3, 102.1), (436.3, 105.9), (436.3, 109.6), (436.3, 113.3), (436.3, 105.9), (436.3, 102.1), (436.3, 102.1), (436.3, 94.7), (436.3, 98.4), (436.3, 98.4), (436.3, 94.7), (436.3, 98.4), (436.3, 98.4), (436.3, 94.7), (436.3, 98.4), (436.3, 98.4), (436.3, 94.7), (436.3, 98.4), (436.3, 98.4), (436.3, 94.7)]",0,0,8.0
novice,bomberman,10,Bomb,4,0,9.29,0.846,"[(48.0, 48.0), (62.9, 44.3), (77.9, 44.3), (92.8, 44.3), (107.7, 44.3), (122.7, 44.3), (137.6, 44.3), (152.5, 44.3), (167.5, 44.3), (182.4, 44.3), (197.3, 44.3), (212.3, 44.3), (227.2, 44.3), (242.1, 44.3), (257.1, 44.3), (272.0, 44.3), (286.9, 44.3), (301.9, 44.3), (316.8, 44.3), (331.7, 44.3), (346.7, 44.3), (361.6, 44.3), (376.5, 44.3), (391.5, 44.3), (406.4, 44.3), (421.3, 48.0), (436.3, 61.1), (436.3, 76.0), (436.3, 90.9), (436.3, 105.9), (436.3, 120.8), (436.3, 135.7), (436.3, 150.7), (436.3, 154.4), (436.3, 146.9), (436.3, 146.9), (436.3, 143.2), (436.3, 146.9), (436.3, 146.9), (436.3, 154.4), (436.3, 150.7), (436.3, 158.1), (436.3, 165.6), (436.3, 161.9), (436.3, 161.9), (436.3, 154.4), (436.3, 150.7), (436.3, 150.7), (436.3, 143.2), (436.3, 135.7), (436.3, 124.5), (436.3, 120.8), (436.3, 117.1), (436.3, 113.3), (436.3, 109.6), (436.3, 113.3), (436.3, 105.9), (436.3, 109.6), (436.3, 105.9), (436.3, 102.1), (436.3, 98.4), (436.3, 90.9), (436.3, 90.9), (436.3, 76.0), (436.3, 79.7), (436.3, 72.3), (436.3, 76.0), (436.3, 68.5), (436.3, 57.3), (436.3, 44.3), (436.3, 44.3), (436.3, 44.3), (436.3, 44.3), (436.3, 44.3), (436.3, 46.1), (436.3, 61.1), (436.3, 76.0), (436.3, 90.9), (436.3, 105.9), (436.3, 120.8), (436.3, 135.7), (436.3, 150.7), (436.3, 158.1), (436.3, 158.1), (436.3, 161.9), (436.3, 165.6), (436.3, 169.3), (436.3, 173.1), (436.3, 176.8), (436.3, 180.5), (436.3, 184.3), (436.3, 188.0), (436.3, 191.7), (436.3, 206.7), (436.3, 210.4), (436.3, 214.1), (436.3, 217.9), (436.3, 221.6), (436.3, 225.3), (436.3, 229.1), (436.3, 225.3), (436.3, 225.3), (436.3, 229.1), (436.3, 221.6), (436.3, 221.6), (436.3, 206.7), (436.3, 202.9), (436.3, 199.2), (436.3, 195.5), (436.3, 191.7), (436.3, 176.8), (436.3, 161.9), (436.3, 146.9), (436.3, 132.0), (436.3, 117.1), (436.3, 102.1), (436.3, 98.4), (436.3, 94.7), (436.3, 98.4), (436.3, 98.4), (436.3, 94.7), (436.3, 90.9), (436.3, 87.2), (436.3, 83.5), (436.3, 79.7), (436.3, 76.0), (436.3, 72.3), (436.3, 68.5), (436.3, 53.6), (436.3, 44.3), (436.3, 44.3), (436.3, 44.3), (436.3, 44.3), (436.3, 48.0), (436.3, 51.7), (436.3, 66.7), (436.3, 81.6), (436.3, 96.5), (436.3, 111.5), (436.3, 126.4), (436.3, 141.3), (436.3, 156.3), (436.3, 163.7), (436.3, 171.2), (436.3, 167.5), (436.3, 174.9), (436.3, 174.9), (436.3, 178.7), (436.3, 182.4), (436.3, 197.3), (436.3, 201.1), (436.3, 208.5), (436.3, 208.5), (436.3, 212.3), (436.3, 216.0), (436.3, 227.2), (436.3, 223.5), (436.3, 227.2), (436.3, 227.2), (436.3, 223.5), (436.3, 219.7), (436.3, 216.0), (436.3, 212.3), (436.3, 208.5), (436.3, 216.0), (436.3, 201.1), (436.3, 186.1), (436.3, 171.2), (436.3, 156.3), (436.3, 141.3), (436.3, 126.4), (436.3, 111.5), (436.3, 104.0), (436.3, 96.5), (436.3, 100.3), (436.3, 96.5), (436.3, 96.5), (436.3, 100.3), (436.3, 85.3), (436.3, 85.3), (436.3, 77.9), (436.3, 81.6), (436.3, 74.1), (436.3, 66.7), (436.3, 70.4), (436.3, 59.2), (436.3, 44.3), (436.3, 44.3), (436.3, 44.3), (436.3, 44.3), (436.3, 48.0), (436.3, 51.7), (436.3, 55.5), (436.3, 59.2), (436.3, 74.1), (436.3, 89.1), (436.3, 104.0), (436.3, 118.9), (436.3, 133.9), (436.3, 148.8), (436.3, 163.7), (436.3, 178.7), (436.3, 182.4), (436.3, 182.4), (436.3, 189.9), (436.3, 204.8), (436.3, 208.5), (436.3, 212.3), (436.3, 216.0), (436.3, 216.0), (436.3, 223.5), (436.3, 227.2), (436.3, 227.2), (436.3, 223.5), (436.3, 227.2), (436.3, 227.2), (436.3, 223.5), (436.3, 227.2), (436.3, 227.2), (436.3, 212.3), (436.3, 216.0), (436.3, 208.5), (436.3, 212.3), (436.3, 204.8), (436.3, 204.8), (436.3, 189.9), (436.3, 174.9), (436.3, 160.0), (436.3, 145.1), (436.3, 130.1), (436.3, 115.2), (436.3, 100.3), (436.3, 96.5), (436.3, 96.5), (436.3, 100.3), (436.3, 85.3), (436.3, 85.3), (436.3, 77.9), (436.3, 81.6), (436.3, 74.1), (436.3, 66.7), (436.3, 70.4), (436.3, 59.2), (436.3, 44.3), (436.3, 44.3), (436.3, 44.3), (436.3, 44.3), (436.3, 48.0), (436.3, 51.7), (436.3, 55.5), (436.3, 59.2), (436.3, 74.1), (436.3, 89.1), (436.3, 96.5), (436.3, 107.7), (436.3, 122.7), (436.3, 137.6), (436.3, 152.5), (436.3, 167.5), (436.3, 182.4), (436.3, 197.3), (436.3, 201.1), (436.3, 208.5), (436.3, 208.5), (436.3, 212.3), (436.3, 216.0), (436.3, 219.7), (436.3, 223.5), (436.3, 227.2), (436.3, 227.2), (436.3, 234.7), (436.3, 230.9), (436.3, 230.9), (436.3, 223.5), (436.3, 227.2), (436.3, 227.2), (436.3, 223.5), (436.3, 219.7), (436.3, 216.0), (436.3, 212.3), (436.3, 208.5), (436.3, 204.8), (436.3, 201.1), (436.3, 197.3), (432.5, 193.6), (436.3, 178.7), (436.3, 174.9), (436.3, 182.4), (436.3, 178.7), (436.3, 193.6), (436.3, 193.6), (436.3, 189.9), (436.3, 193.6), (436.3, 197.3), (436.3, 201.1), (436.3, 204.8), (436.3, 219.7), (436.3, 234.7), (436.3, 249.6), (436.3, 253.3), (436.3, 257.1), (436.3, 249.6), (436.3, 249.6), (436.3, 245.9), (436.3, 242.1), (436.3, 238.4), (436.3, 234.7), (436.3, 230.9), (436.3, 230.9), (436.3, 234.7), (436.3, 230.9), (436.3, 216.0), (436.3, 204.8), (436.3, 204.8)]",0,3,41.8
novice,bomberman,10,Enemy,1,0,17.85,0.846,"[(48.0, 48.0), (62.9, 51.7), (77.9, 44.3), (92.8, 44.3), (107.7, 44.3), (122.7, 44.3), (137.6, 44.3), (152.5, 44.3), (167.5, 44.3), (182.4, 44.3), (197.3, 44.3), (212.3, 44.3), (227.2, 44.3), (242.1, 48.0), (257.1, 51.7), (272.0, 44.3), (286.9, 44.3), (301.9, 44.3), (316.8, 44.3), (331.7, 44.3), (346.7, 44.3), (361.6, 44.3), (376.5, 44.3), (391.5, 44.3), (406.4, 44.3), (421.3, 48.0), (436.3, 61.1), (436.3, 76.0), (436.3, 90.9), (436.3, 105.9), (436.3, 120.8), (436.3, 124.5), (436.3, 139.5), (436.3, 154.4), (436.3, 169.3), (436.3, 169.3), (436.3, 165.6), (436.3, 169.3), (436.3, 173.1), (436.3, 176.8), (436.3, 180.5), (436.3, 180.5), (436.3, 180.5), (436.3, 180.5), (436.3, 180.5), (436.3, 180.5), (436.3, 180.5), (436.3, 180.5), (436.3, 180.5), (436.3, 180.5), (436.3, 180.5), (436.3, 180.5), (436.3, 180.5), (436.3, 180.5), (436.3, 180.5), (436.3, 180.5), (436.3, 180.5), (436.3, 180.5), (436.3, 180.5), (436.3, 180.5), (436.3, 180.5), (436.3, 180.5), (436.3, 180.5), (436.3, 180.5), (436.3, 176.8), (436.3, 161.9), (436.3, 146.9), (436.3, 132.0), (436.3, 117.1), (436.3, 102.1), (436.3, 87.2), (436.3, 83.5), (436.3, 79.7), (436.3, 83.5), (436.3, 83.5), (436.3, 90.9), (436.3, 87.2), (436.3, 87.2), (436.3, 90.9), (436.3, 96.5), (436.3, 96.5), (436.3, 96.5), (436.3, 96.5), (436.3, 96.5), (436.3, 96.5), (436.3, 96.5), (436.3, 96.5), (436.3, 96.5), (436.3, 96.5), (436.3, 96.5), (436.3, 96.5), (436.3, 105.9), (436.3, 113.3), (436.3, 124.5), (436.3, 133.9), (436.3, 148.8), (436.3, 163.7), (436.3, 178.7), (436.3, 193.6), (436.3, 208.5), (436.3, 223.5), (436.3, 238.4), (436.3, 253.3), (436.3, 260.8), (436.3, 257.1), (436.3, 253.3), (436.3, 257.1), (436.3, 257.1), (436.3, 253.3), (436.3, 257.1), (436.3, 257.1), (436.3, 253.3), (436.3, 249.6), (436.3, 249.6), (436.3, 253.3), (436.3, 249.6), (436.3, 245.9), (436.3, 242.1), (436.3, 238.4), (436.3, 238.4), (436.3, 230.9), (436.3, 216.0), (436.3, 201.1), (436.3, 186.1), (436.3, 171.2), (436.3, 156.3), (436.3, 141.3), (436.3, 137.6), (436.3, 145.1), (436.3, 141.3), (436.3, 145.1), (436.3, 148.8), (436.3, 152.5), (436.3, 148.8), (436.3, 148.8), (436.3, 152.5), (436.3, 160.0), (436.3, 160.0), (436.3, 163.7), (436.3, 163.7), (436.3, 163.7), (436.3, 163.7), (436.3, 163.7), (436.3, 163.7), (436.3, 163.7), (436.3, 163.7), (436.3, 163.7), (436.3, 163.7), (436.3, 163.7), (436.3, 163.7), (436.3, 163.7), (436.3, 163.7), (436.3, 163.7), (436.3, 163.7), (436.3, 167.5), (436.3, 182.4), (436.3, 197.3), (436.3, 212.3), (436.3, 227.2), (436.3, 242.1), (436.3, 257.1), (436.3, 257.1), (436.3, 253.3), (436.3, 257.1)]",0,4,21.75
novice,bomberman,10,Enemy,3,0,22.47,0.808,"[(48.0, 48.0), (62.9, 44.3), (77.9, 44.3), (92.8, 44.3), (107.7, 44.3), (122.7, 44.3), (137.6, 44.3), (152.5, 44.3), (167.5, 44.3), (182.4, 44.3), (197.3, 44.3), (212.3, 44.3), (227.2, 44.3), (242.1, 44.3), (257.1, 44.3), (272.0, 44.3), (286.9, 44.3), (301.9, 44.3), (316.8, 44.3), (331.7, 44.3), (346.7, 44.3), (361.6, 44.3), (376.5, 44.3), (391.5, 44.3), (406.4, 44.3), (421.3, 48.0), (436.3, 61.1), (436.3, 76.0), (436.3, 90.9), (436.3, 105.9), (436.3, 120.8), (436.3, 135.7), (436.3, 150.7), (436.3, 143.2), (436.3, 146.9), (436.3, 139.5), (436.3, 132.0), (436.3, 139.5), (436.3, 146.9), (436.3, 143.2), (436.3, 150.7), (436.3, 150.7), (436.3, 165.6), (436.3, 161.9), (436.3, 161.9), (436.3, 165.6), (436.3, 158.1), (436.3, 150.7), (436.3, 154.4), (436.3, 150.7), (436.3, 150.7), (436.3, 154.4), (436.3, 150.7), (436.3, 135.7), (436.3, 132.0), (436.3, 135.7), (436.3, 124.5), (436.3, 109.6), (436.3, 105.9), (436.3, 105.9), (436.3, 109.6), (436.3, 105.9), (436.3, 102.1), (436.3, 98.4), (436.3, 98.4), (436.3, 98.4), (436.3, 98.4), (436.3, 98.4), (436.3, 98.4), (436.3, 98.4), (436.3, 98.4), (436.3, 98.4), (436.3, 98.4), (436.3, 98.4), (436.3, 98.4), (436.3, 98.4), (436.3, 98.4), (436.3, 98.4), (436.3, 109.6), (436.3, 124.5), (436.3, 139.5), (436.3, 154.4), (436.3, 161.9), (436.3, 161.9), (436.3, 165.6), (436.3, 169.3), (436.3, 173.1), (436.3, 176.8), (436.3, 180.5), (436.3, 184.3), (436.3, 188.0), (436.3, 202.9), (436.3, 206.7), (436.3, 210.4), (436.3, 214.1), (436.3, 217.9), (436.3, 221.6), (436.3, 225.3), (436.3, 225.3), (436.3, 221.6), (436.3, 225.3), (436.3, 225.3), (436.3, 221.6), (436.3, 225.3), (436.3, 225.3), (436.3, 210.4), (436.3, 206.7), (436.3, 206.7), (436.3, 210.4), (436.3, 214.1), (436.3, 214.1), (436.3, 210.4), (436.3, 214.1), (436.3, 214.1), (436.3, 210.4), (436.3, 214.1), (436.3, 217.9), (436.3, 221.6), (436.3, 225.3), (436.3, 225.3), (430.7, 221.6), (434.4, 225.3), (434.4, 225.3), (430.7, 221.6), (434.4, 225.3), (428.8, 225.3), (428.8, 221.6), (428.8, 225.3)]",0,3,16.95
novice,bomberman,10,Enemy,1,0,21.75,0.808,"[(48.0, 48.0), (62.9, 44.3), (77.9, 44.3), (92.8, 44.3), (107.7, 44.3), (122.7, 44.3), (137.6, 44.3), (152.5, 44.3), (167.5, 44.3), (182.4, 44.3), (197.3, 44.3), (212.3, 44.3), (227.2, 44.3), (242.1, 44.3), (257.1, 44.3), (272.0, 44.3), (286.9, 44.3), (301.9, 44.3), (316.8, 44.3), (331.7, 44.3), (346.7, 44.3), (361.6, 44.3), (376.5, 44.3), (391.5, 44.3), (406.4, 44.3), (421.3, 48.0), (436.3, 61.1), (436.3, 76.0), (436.3, 90.9), (436.3, 94.7), (436.3, 98.4), (436.3, 94.7), (436.3, 105.9), (436.3, 120.8), (436.3, 135.7), (436.3, 150.7), (436.3, 165.6), (436.3, 161.9), (436.3, 161.9), (436.3, 165.6), (436.3, 161.9), (436.3, 161.9), (436.3, 165.6), (436.3, 161.9), (436.3, 161.9), (436.3, 165.6), (436.3, 161.9), (436.3, 161.9), (436.3, 165.6), (436.3, 161.9), (436.3, 169.3), (436.3, 165.6), (436.3, 169.3), (436.3, 169.3), (436.3, 176.8), (436.3, 173.1), (436.3, 173.1), (436.3, 176.8), (436.3, 180.5), (436.3, 178.7), (436.3, 180.5), (428.8, 178.7), (428.8, 180.5), (428.8, 180.5), (432.5, 176.8), (436.3, 161.9), (436.3, 146.9), (436.3, 132.0), (436.3, 117.1), (436.3, 102.1), (436.3, 87.2), (436.3, 72.3), (436.3, 57.3), (436.3, 49.9), (436.3, 49.9), (436.3, 46.1), (436.3, 53.6), (436.3, 53.6), (436.3, 57.3), (436.3, 61.1), (436.3, 72.3), (436.3, 68.5), (436.3, 76.0), (436.3, 83.5), (436.3, 79.7), (436.3, 87.2), (436.3, 87.2), (436.3, 96.5), (436.3, 96.5), (436.3, 96.5), (436.3, 96.5), (436.3, 102.1), (436.3, 102.1), (436.3, 102.1), (436.3, 105.9), (436.3, 120.8), (436.3, 135.7), (436.3, 150.7), (436.3, 165.6), (436.3, 180.5), (436.3, 195.5), (436.3, 210.4), (436.3, 225.3), (436.3, 221.6), (436.3, 221.6), (436.3, 225.3), (436.3, 217.9), (436.3, 210.4), (436.3, 202.9), (436.3, 206.7), (436.3, 199.2), (436.3, 202.9), (436.3, 195.5), (436.3, 195.5), (436.3, 191.7), (436.3, 195.5), (436.3, 195.5), (436.3, 191.7), (436.3, 195.5), (436.3, 195.5), (436.3, 191.7), (436.3, 195.5), (436.3, 195.5), (436.3, 191.7), (436.3, 188.0), (436.3, 195.5), (436.3, 191.7), (436.3, 195.5), (436.3, 195.5), (436.3, 191.7), (436.3, 195.5), (436.3, 195.5), (436.3, 191.7), (434.4, 195.5)]",0,3,17.85
novice,bomberman,10,Bomb,1,0,47.93,0.462,"[(48.0, 48.0), (62.9, 44.3), (77.9, 44.3), (92.8, 44.3), (107.7, 44.3), (122.7, 44.3), (137.6, 44.3), (152.5, 44.3), (167.5, 44.3), (182.4, 44.3), (197.3, 44.3), (212.3, 44.3), (227.2, 44.3), (242.1, 44.3), (257.1, 44.3), (272.0, 44.3), (286.9, 44.3), (301.9, 44.3), (316.8, 44.3), (331.7, 44.3), (346.7, 44.3), (361.6, 44.3), (376.5, 44.3), (391.5, 44.3), (406.4, 44.3), (421.3, 44.3), (436.3, 44.3), (436.3, 44.3), (436.3, 44.3), (436.3, 44.3), (436.3, 44.3), (436.3, 44.3), (436.3, 44.3), (436.3, 44.3), (436.3, 44.3), (436.3, 44.3), (436.3, 44.3), (436.3, 44.3), (436.3, 44.3), (436.3, 44.3), (436.3, 44.3), (436.3, 44.3), (436.3, 44.3), (436.3, 44.3), (436.3, 44.3), (436.3, 44.3), (436.3, 44.3), (436.3, 44.3), (436.3, 44.3), (436.3, 44.3), (436.3, 44.3), (436.3, 44.3), (436.3, 48.0), (436.3, 57.3), (436.3, 72.3), (436.3, 87.2), (436.3, 102.1), (436.3, 105.9), (436.3, 102.1), (436.3, 102.1), (436.3, 105.9)]",0,0,8.1
novice,bomberman,10,Bomb,1,0,28.47,0.154,"[(48.0, 48.0), (62.9, 51.7), (77.9, 44.3), (92.8, 44.3), (107.7, 44.3), (122.7, 44.3), (137.6, 44.3), (152.5, 44.3), (167.5, 44.3), (182.4, 44.3), (197.3, 44.3), (212.3, 44.3), (227.2, 44.3), (242.1, 59.2), (244.0, 74.1), (244.0, 92.8), (244.0, 109.6), (258.9, 115.2), (273.9, 115.2), (275.7, 115.2), (275.7, 115.2), (275.7, 115.2), (275.7, 115.2), (275.7, 115.2), (275.7, 115.2), (275.7, 115.2), (275.7, 115.2), (275.7, 115.2), (275.7, 115.2), (275.7, 115.2), (275.7, 115.2), (275.7, 115.2), (275.7, 115.2), (275.7, 115.2), (275.7, 115.2), (275.7, 115.2), (275.7, 115.2), (275.7, 115.2), (275.7, 115.2), (275.7, 115.2), (275.7, 115.2), (275.7, 115.2), (275.7, 115.2), (275.7, 115.2), (275.7, 115.2), (275.7, 115.2), (275.7, 115.2), (275.7, 115.2), (275.7, 115.2), (275.7, 115.2), (275.7, 115.2), (275.7, 115.2), (275.7, 115.2), (275.7, 115.2), (275.7, 115.2), (275.7, 115.2), (275.7, 115.2), (275.7, 115.2), (275.7, 115.2), (275.7, 115.2), (275.7, 115.2)]",0,1,8.0
novice,bomberman,10,Bomb,1,0,40.6,0.308,"[(48.0, 48.0), (62.9, 44.3), (77.9, 44.3), (92.8, 44.3), (107.7, 44.3), (122.7, 44.3), (137.6, 44.3), (152.5, 44.3), (167.5, 44.3), (182.4, 44.3), (197.3, 44.3), (212.3, 44.3), (227.2, 44.3), (242.1, 48.0), (257.1, 51.7), (272.0, 44.3), (286.9, 44.3), (301.9, 44.3), (316.8, 44.3), (331.7, 44.3), (346.7, 44.3), (361.6, 49.9), (372.8, 64.8), (372.8, 79.7), (372.8, 94.7), (372.8, 98.4), (372.8, 98.4), (372.8, 94.7), (372.8, 98.4), (372.8, 98.4), (372.8, 94.7), (372.8, 98.4), (372.8, 102.1), (372.8, 105.9), (372.8, 102.1), (372.8, 98.4), (372.8, 94.7), (372.8, 98.4), (372.8, 102.1), (372.8, 105.9), (372.8, 111.5), (372.8, 111.5), (372.8, 115.2), (372.8, 115.2), (372.8, 115.2), (372.8, 115.2), (372.8, 115.2), (372.8, 115.2), (372.8, 115.2), (372.8, 115.2), (372.8, 115.2), (372.8, 115.2), (372.8, 115.2), (372.8, 115.2), (372.8, 115.2), (372.8, 115.2), (372.8, 115.2), (372.8, 115.2), (372.8, 115.2), (372.8, 115.2), (372.8, 115.2)]",0,0,8.0
novice,bomberman,10,Bomb,1,0,48.53,0.538,"[(48.0, 48.0), (62.9, 44.3), (77.9, 44.3), (92.8, 44.3), (107.7, 44.3), (122.7, 44.3), (137.6, 44.3), (152.5, 44.3), (167.5, 44.3), (182.4, 44.3), (197.3, 44.3), (212.3, 44.3), (227.2, 44.3), (242.1, 44.3), (257.1, 44.3), (272.0, 44.3), (286.9, 44.3), (301.9, 44.3), (316.8, 44.3), (331.7, 44.3), (346.7, 44.3), (361.6, 44.3), (376.5, 44.3), (391.5, 44.3), (406.4, 44.3), (421.3, 48.0), (436.3, 61.1), (436.3, 76.0), (436.3, 90.9), (436.3, 105.9), (436.3, 120.8), (436.3, 135.7), (436.3, 150.7), (436.3, 165.6), (436.3, 173.1), (436.3, 169.3), (436.3, 165.6), (436.3, 169.3), (436.3, 173.1), (436.3, 176.8), (436.3, 180.5), (436.3, 180.5), (436.3, 180.5), (436.3, 180.5), (436.3, 180.5), (436.3, 180.5), (436.3, 180.5), (436.3, 180.5), (436.3, 180.5), (436.3, 176.8), (436.3, 176.8), (436.3, 180.5), (436.3, 173.1), (436.3, 165.6), (436.3, 169.3), (436.3, 165.6), (436.3, 150.7), (436.3, 141.3), (436.3, 141.3), (436.3, 141.3), (436.3, 141.3)]",0,1,8.0
novice,bomberman,10,Bomb,1,0,46.72,0.462,"[(48.0, 48.0), (62.9, 44.3), (77.9, 44.3), (92.8, 44.3), (107.7, 44.3), (122.7, 44.3), (137.6, 44.3), (152.5, 44.3), (167.5, 44.3), (182.4, 44.3), (197.3, 44.3), (212.3, 44.3), (227.2, 44.3), (242.1, 44.3), (257.1, 44.3), (272.0, 44.3), (286.9, 44.3), (301.9, 44.3), (316.8, 44.3), (331.7, 44.3), (346.7, 44.3), (361.6, 44.3), (376.5, 44.3), (391.5, 44.3), (406.4, 44.3), (421.3, 48.0), (436.3, 61.1), (436.3, 76.0), (436.3, 90.9), (436.3, 94.7), (436.3, 98.4), (436.3, 94.7), (436.3, 94.7), (436.3, 98.4), (436.3, 102.1), (436.3, 94.7), (436.3, 98.4), (436.3, 94.7), (436.3, 105.9), (436.3, 115.2), (436.3, 111.5), (436.3, 118.9), (436.3, 115.2), (436.3, 122.7), (436.3, 118.9), (436.3, 115.2), (436.3, 118.9), (436.3, 111.5), (436.3, 115.2), (436.3, 111.5), (436.3, 109.6), (436.3, 109.6), (436.3, 109.6), (436.3, 109.6), (436.3, 109.6), (428.8, 109.6), (428.8, 109.6), (428.8, 109.6), (428.8, 109.6), (428.8, 109.6), (428.8, 109.6), (428.8, 109.6)]",0,0,8.15
novice,bomberman,10,Stuck,0,0,-0.75,0.0,"[(48.0, 48.0), (44.3, 44.3), (44.3, 44.3), (44.3, 44.3), (44.3, 44.3), (44.3, 44.3), (44.3, 44.3), (44.3, 44.3), (44.3, 44.3), (44.3, 44.3), (44.3, 44.3), (44.3, 44.3), (44.3, 44.3), (44.3, 44.3), (44.3, 44.3), (44.3, 44.3), (44.3, 44.3), (44.3, 44.3), (44.3, 44.3), (44.3, 44.3), (44.3, 44.3), (44.3, 44.3), (44.3, 44.3), (44.3, 44.3), (44.3, 44.3), (44.3, 44.3), (44.3, 44.3), (44.3, 44.3), (44.3, 44.3), (44.3, 44.3), (44.3, 44.3), (44.3, 44.3), (44.3, 44.3), (44.3, 44.3), (44.3, 44.3), (44.3, 44.3), (44.3, 44.3), (44.3, 44.3)]",0,0,5.0
novice,bomberman,10,Bomb,4,0,9.29,0.846,"[(48.0, 48.0), (62.9, 44.3), (77.9, 44.3), (92.8, 44.3), (107.7, 44.3), (122.7, 44.3), (137.6, 44.3), (152.5, 44.3), (167.5, 44.3), (182.4, 44.3), (197.3, 44.3), (212.3, 44.3), (227.2, 44.3), (242.1, 44.3), (257.1, 44.3), (272.0, 44.3), (286.9, 44.3), (301.9, 44.3), (316.8, 44.3), (331.7, 44.3), (346.7, 44.3), (361.6, 44.3), (376.5, 44.3), (391.5, 44.3), (406.4, 44.3), (421.3, 48.0), (436.3, 61.1), (436.3, 76.0), (436.3, 90.9), (436.3, 105.9), (436.3, 120.8), (436.3, 135.7), (436.3, 150.7), (436.3, 154.4), (436.3, 146.9), (436.3, 146.9), (436.3, 143.2), (436.3, 146.9), (436.3, 146.9), (436.3, 154.4), (436.3, 150.7), (436.3, 158.1), (436.3, 165.6), (436.3, 161.9), (436.3, 161.9), (436.3, 154.4), (436.3, 150.7), (436.3, 150.7), (436.3, 143.2), (436.3, 135.7), (436.3, 124.5), (436.3, 120.8), (436.3, 117.1), (436.3, 113.3), (436.3, 109.6), (436.3, 113.3), (436.3, 105.9), (436.3, 109.6), (436.3, 105.9), (436.3, 102.1), (436.3, 98.4), (436.3, 90.9), (436.3, 90.9), (436.3, 76.0), (436.3, 79.7), (436.3, 72.3), (436.3, 76.0), (436.3, 68.5), (436.3, 57.3), (436.3, 44.3), (436.3, 44.3), (436.3, 44.3), (436.3, 44.3), (436.3, 44.3), (436.3, 46.1), (436.3, 61.1), (436.3, 76.0), (436.3, 90.9), (436.3, 105.9), (436.3, 120.8), (436.3, 135.7), (436.3, 150.7), (436.3, 158.1), (436.3, 158.1), (436.3, 161.9), (436.3, 165.6), (436.3, 169.3), (436.3, 173.1), (436.3, 176.8), (436.3, 180.5), (436.3, 184.3), (436.3, 188.0), (436.3, 191.7), (436.3, 206.7), (436.3, 210.4), (436.3, 214.1), (436.3, 217.9), (436.3, 221.6), (436.3, 225.3), (436.3, 229.1), (436.3, 225.3), (436.3, 225.3), (436.3, 229.1), (436.3, 221.6), (436.3, 221.6), (436.3, 206.7), (436.3, 202.9), (436.3, 199.2), (436.3, 195.5), (436.3, 191.7), (436.3, 176.8), (436.3, 161.9), (436.3, 146.9), (436.3, 132.0), (436.3, 117.1), (436.3, 102.1), (436.3, 98.4), (436.3, 94.7), (436.3, 98.4), (436.3, 98.4), (436.3, 94.7), (436.3, 90.9), (436.3, 87.2), (436.3, 83.5), (436.3, 79.7), (436.3, 76.0), (436.3, 72.3), (436.3, 68.5), (436.3, 53.6), (436.3, 44.3), (436.3, 44.3), (436.3, 44.3), (436.3, 44.3), (436.3, 48.0), (436.3, 51.7), (436.3, 66.7), (436.3, 81.6), (436.3, 96.5), (436.3, 111.5), (436.3, 126.4), (436.3, 141.3), (436.3, 156.3), (436.3, 163.7), (436.3, 171.2), (436.3, 167.5), (436.3, 174.9), (436.3, 174.9), (436.3, 178.7), (436.3, 182.4), (436.3, 197.3), (436.3, 201.1), (436.3, 208.5), (436.3, 208.5), (436.3, 212.3), (436.3, 216.0), (436.3, 227.2), (436.3, 223.5), (436.3, 227.2), (436.3, 227.2), (436.3, 223.5), (436.3, 219.7), (436.3, 216.0), (436.3, 212.3), (436.3, 208.5), (436.3, 216.0), (436.3, 201.1), (436.3, 186.1), (436.3, 171.2), (436.3, 156.3), (436.3, 141.3), (436.3, 126.4), (436.3, 111.5), (436.3, 104.0), (436.3, 96.5), (436.3, 100.3), (436.3, 96.5), (436.3, 96.5), (436.3, 100.3), (436.3, 85.3), (436.3, 85.3), (436.3, 77.9), (436.3, 81.6), (436.3, 74.1), (436.3, 66.7), (436.3, 70.4), (436.3, 59.2), (436.3, 44.3), (436.3, 44.3), (436.3, 44.3), (436.3, 44.3), (436.3, 48.0), (436.3, 51.7), (436.3, 55.5), (436.3, 59.2), (436.3, 74.1), (436.3, 89.1), (436.3, 104.0), (436.3, 118.9), (436.3, 133.9), (436.3, 148.8), (436.3, 163.7), (436.3, 178.7), (436.3, 182.4), (436.3, 182.4), (436.3, 189.9), (436.3, 204.8), (436.3, 208.5), (436.3, 212.3), (436.3, 216.0), (436.3, 216.0), (436.3, 223.5), (436.3, 227.2), (436.3, 227.2), (436.3, 223.5), (436.3, 227.2), (436.3, 227.2), (436.3, 223.5), (436.3, 227.2), (436.3, 227.2), (436.3, 212.3), (436.3, 216.0), (436.3, 208.5), (436.3, 212.3), (436.3, 204.8), (436.3, 204.8), (436.3, 189.9), (436.3, 174.9), (436.3, 160.0), (436.3, 145.1), (436.3, 130.1), (436.3, 115.2), (436.3, 100.3), (436.3, 96.5), (436.3, 96.5), (436.3, 100.3), (436.3, 85.3), (436.3, 85.3), (436.3, 77.9), (436.3, 81.6), (436.3, 74.1), (436.3, 66.7), (436.3, 70.4), (436.3, 59.2), (436.3, 44.3), (436.3, 44.3), (436.3, 44.3), (436.3, 44.3), (436.3, 48.0), (436.3, 51.7), (436.3, 55.5), (436.3, 59.2), (436.3, 74.1), (436.3, 89.1), (436.3, 96.5), (436.3, 107.7), (436.3, 122.7), (436.3, 137.6), (436.3, 152.5), (436.3, 167.5), (436.3, 182.4), (436.3, 197.3), (436.3, 201.1), (436.3, 208.5), (436.3, 208.5), (436.3, 212.3), (436.3, 216.0), (436.3, 219.7), (436.3, 223.5), (436.3, 227.2), (436.3, 227.2), (436.3, 234.7), (436.3, 230.9), (436.3, 230.9), (436.3, 223.5), (436.3, 227.2), (436.3, 227.2), (436.3, 223.5), (436.3, 219.7), (436.3, 216.0), (436.3, 212.3), (436.3, 208.5), (436.3, 204.8), (436.3, 201.1), (436.3, 197.3), (432.5, 193.6), (436.3, 178.7), (436.3, 174.9), (436.3, 182.4), (436.3, 178.7), (436.3, 193.6), (436.3, 193.6), (436.3, 189.9), (436.3, 193.6), (436.3, 197.3), (436.3, 201.1), (436.3, 204.8), (436.3, 219.7), (436.3, 234.7), (436.3, 249.6), (436.3, 253.3), (436.3, 257.1), (436.3, 249.6), (436.3, 249.6), (436.3, 245.9), (436.3, 242.1), (436.3, 238.4), (436.3, 234.7), (436.3, 230.9), (436.3, 230.9), (436.3, 234.7), (436.3, 230.9), (436.3, 216.0), (436.3, 204.8), (436.3, 204.8)]",0,3,41.8
novice,bomberman,10,Enemy,1,0,17.85,0.846,"[(48.0, 48.0), (62.9, 51.7), (77.9, 44.3), (92.8, 44.3), (107.7, 44.3), (122.7, 44.3), (137.6, 44.3), (152.5, 44.3), (167.5, 44.3), (182.4, 44.3), (197.3, 44.3), (212.3, 44.3), (227.2, 44.3), (242.1, 48.0), (257.1, 51.7), (272.0, 44.3), (286.9, 44.3), (301.9, 44.3), (316.8, 44.3), (331.7, 44.3), (346.7, 44.3), (361.6, 44.3), (376.5, 44.3), (391.5, 44.3), (406.4, 44.3), (421.3, 48.0), (436.3, 61.1), (436.3, 76.0), (436.3, 90.9), (436.3, 105.9), (436.3, 120.8), (436.3, 124.5), (436.3, 139.5), (436.3, 154.4), (436.3, 169.3), (436.3, 169.3), (436.3, 165.6), (436.3, 169.3), (436.3, 173.1), (436.3, 176.8), (436.3, 180.5), (436.3, 180.5), (436.3, 180.5), (436.3, 180.5), (436.3, 180.5), (436.3, 180.5), (436.3, 180.5), (436.3, 180.5), (436.3, 180.5), (436.3, 180.5), (436.3, 180.5), (436.3, 180.5), (436.3, 180.5), (436.3, 180.5), (436.3, 180.5), (436.3, 180.5), (436.3, 180.5), (436.3, 180.5), (436.3, 180.5), (436.3, 180.5), (436.3, 180.5), (436.3, 180.5), (436.3, 180.5), (436.3, 180.5), (436.3, 176.8), (436.3, 161.9), (436.3, 146.9), (436.3, 132.0), (436.3, 117.1), (436.3, 102.1), (436.3, 87.2), (436.3, 83.5), (436.3, 79.7), (436.3, 83.5), (436.3, 83.5), (436.3, 90.9), (436.3, 87.2), (436.3, 87.2), (436.3, 90.9), (436.3, 96.5), (436.3, 96.5), (436.3, 96.5), (436.3, 96.5), (436.3, 96.5), (436.3, 96.5), (436.3, 96.5), (436.3, 96.5), (436.3, 96.5), (436.3, 96.5), (436.3, 96.5), (436.3, 96.5), (436.3, 105.9), (436.3, 113.3), (436.3, 124.5), (436.3, 133.9), (436.3, 148.8), (436.3, 163.7), (436.3, 178.7), (436.3, 193.6), (436.3, 208.5), (436.3, 223.5), (436.3, 238.4), (436.3, 253.3), (436.3, 260.8), (436.3, 257.1), (436.3, 253.3), (436.3, 257.1), (436.3, 257.1), (436.3, 253.3), (436.3, 257.1), (436.3, 257.1), (436.3, 253.3), (436.3, 249.6), (436.3, 249.6), (436.3, 253.3), (436.3, 249.6), (436.3, 245.9), (436.3, 242.1), (436.3, 238.4), (436.3, 238.4), (436.3, 230.9), (436.3, 216.0), (436.3, 201.1), (436.3, 186.1), (436.3, 171.2), (436.3, 156.3), (436.3, 141.3), (436.3, 137.6), (436.3, 145.1), (436.3, 141.3), (436.3, 145.1), (436.3, 148.8), (436.3, 152.5), (436.3, 148.8), (436.3, 148.8), (436.3, 152.5), (436.3, 160.0), (436.3, 160.0), (436.3, 163.7), (436.3, 163.7), (436.3, 163.7), (436.3, 163.7), (436.3, 163.7), (436.3, 163.7), (436.3, 163.7), (436.3, 163.7), (436.3, 163.7), (436.3, 163.7), (436.3, 163.7), (436.3, 163.7), (436.3, 163.7), (436.3, 163.7), (436.3, 163.7), (436.3, 163.7), (436.3, 167.5), (436.3, 182.4), (436.3, 197.3), (436.3, 212.3), (436.3, 227.2), (436.3, 242.1), (436.3, 257.1), (436.3, 257.1), (436.3, 253.3), (436.3, 257.1)]",0,4,21.75
novice,bomberman,10,Enemy,3,0,22.47,0.808,"[(48.0, 48.0), (62.9, 44.3), (77.9, 44.3), (92.8, 44.3), (107.7, 44.3), (122.7, 44.3), (137.6, 44.3), (152.5, 44.3), (167.5, 44.3), (182.4, 44.3), (197.3, 44.3), (212.3, 44.3), (227.2, 44.3), (242.1, 44.3), (257.1, 44.3), (272.0, 44.3), (286.9, 44.3), (301.9, 44.3), (316.8, 44.3), (331.7, 44.3), (346.7, 44.3), (361.6, 44.3), (376.5, 44.3), (391.5, 44.3), (406.4, 44.3), (421.3, 48.0), (436.3, 61.1), (436.3, 76.0), (436.3, 90.9), (436.3, 105.9), (436.3, 120.8), (436.3, 135.7), (436.3, 150.7), (436.3, 143.2), (436.3, 146.9), (436.3, 139.5), (436.3, 132.0), (436.3, 139.5), (436.3, 146.9), (436.3, 143.2), (436.3, 150.7), (436.3, 150.7), (436.3, 165.6), (436.3, 161.9), (436.3, 161.9), (436.3, 165.6), (436.3, 158.1), (436.3, 150.7), (436.3, 154.4), (436.3, 150.7), (436.3, 150.7), (436.3, 154.4), (436.3, 150.7), (436.3, 135.7), (436.3, 132.0), (436.3, 135.7), (436.3, 124.5), (436.3, 109.6), (436.3, 105.9), (436.3, 105.9), (436.3, 109.6), (436.3, 105.9), (436.3, 102.1), (436.3, 98.4), (436.3, 98.4), (436.3, 98.4), (436.3, 98.4), (436.3, 98.4), (436.3, 98.4), (436.3, 98.4), (436.3, 98.4), (436.3, 98.4), (436.3, 98.4), (436.3, 98.4), (436.3, 98.4), (436.3, 98.4), (436.3, 98.4), (436.3, 98.4), (436.3, 109.6), (436.3, 124.5), (436.3, 139.5), (436.3, 154.4), (436.3, 161.9), (436.3, 161.9), (436.3, 165.6), (436.3, 169.3), (436.3, 173.1), (436.3, 176.8), (436.3, 180.5), (436.3, 184.3), (436.3, 188.0), (436.3, 202.9), (436.3, 206.7), (436.3, 210.4), (436.3, 214.1), (436.3, 217.9), (436.3, 221.6), (436.3, 225.3), (436.3, 225.3), (436.3, 221.6), (436.3, 225.3), (436.3, 225.3), (436.3, 221.6), (436.3, 225.3), (436.3, 225.3), (436.3, 210.4), (436.3, 206.7), (436.3, 206.7), (436.3, 210.4), (436.3, 214.1), (436.3, 214.1), (436.3, 210.4), (436.3, 214.1), (436.3, 214.1), (436.3, 210.4), (436.3, 214.1), (436.3, 217.9), (436.3, 221.6), (436.3, 225.3), (436.3, 225.3), (430.7, 221.6), (434.4, 225.3), (434.4, 225.3), (430.7, 221.6), (434.4, 225.3), (428.8, 225.3), (428.8, 221.6), (428.8, 225.3)]",0,3,16.95
novice,bomberman,10,Enemy,1,0,21.75,0.808,"[(48.0, 48.0), (62.9, 44.3), (77.9, 44.3), (92.8, 44.3), (107.7, 44.3), (122.7, 44.3), (137.6, 44.3), (152.5, 44.3), (167.5, 44.3), (182.4, 44.3), (197.3, 44.3), (212.3, 44.3), (227.2, 44.3), (242.1, 44.3), (257.1, 44.3), (272.0, 44.3), (286.9, 44.3), (301.9, 44.3), (316.8, 44.3), (331.7, 44.3), (346.7, 44.3), (361.6, 44.3), (376.5, 44.3), (391.5, 44.3), (406.4, 44.3), (421.3, 48.0), (436.3, 61.1), (436.3, 76.0), (436.3, 90.9), (436.3, 94.7), (436.3, 98.4), (436.3, 94.7), (436.3, 105.9), (436.3, 120.8), (436.3, 135.7), (436.3, 150.7), (436.3, 165.6), (436.3, 161.9), (436.3, 161.9), (436.3, 165.6), (436.3, 161.9), (436.3, 161.9), (436.3, 165.6), (436.3, 161.9), (436.3, 161.9), (436.3, 165.6), (436.3, 161.9), (436.3, 161.9), (436.3, 165.6), (436.3, 161.9), (436.3, 169.3), (436.3, 165.6), (436.3, 169.3), (436.3, 169.3), (436.3, 176.8), (436.3, 173.1), (436.3, 173.1), (436.3, 176.8), (436.3, 180.5), (436.3, 178.7), (436.3, 180.5), (428.8, 178.7), (428.8, 180.5), (428.8, 180.5), (432.5, 176.8), (436.3, 161.9), (436.3, 146.9), (436.3, 132.0), (436.3, 117.1), (436.3, 102.1), (436.3, 87.2), (436.3, 72.3), (436.3, 57.3), (436.3, 49.9), (436.3, 49.9), (436.3, 46.1), (436.3, 53.6), (436.3, 53.6), (436.3, 57.3), (436.3, 61.1), (436.3, 72.3), (436.3, 68.5), (436.3, 76.0), (436.3, 83.5), (436.3, 79.7), (436.3, 87.2), (436.3, 87.2), (436.3, 96.5), (436.3, 96.5), (436.3, 96.5), (436.3, 96.5), (436.3, 102.1), (436.3, 102.1), (436.3, 102.1), (436.3, 105.9), (436.3, 120.8), (436.3, 135.7), (436.3, 150.7), (436.3, 165.6), (436.3, 180.5), (436.3, 195.5), (436.3, 210.4), (436.3, 225.3), (436.3, 221.6), (436.3, 221.6), (436.3, 225.3), (436.3, 217.9), (436.3, 210.4), (436.3, 202.9), (436.3, 206.7), (436.3, 199.2), (436.3, 202.9), (436.3, 195.5), (436.3, 195.5), (436.3, 191.7), (436.3, 195.5), (436.3, 195.5), (436.3, 191.7), (436.3, 195.5), (436.3, 195.5), (436.3, 191.7), (436.3, 195.5), (436.3, 195.5), (436.3, 191.7), (436.3, 188.0), (436.3, 195.5), (436.3, 191.7), (436.3, 195.5), (436.3, 195.5), (436.3, 191.7), (436.3, 195.5), (436.3, 195.5), (436.3, 191.7), (434.4, 195.5)]",0,3,17.85
novice,bomberman,10,Bomb,1,0,27.94,0.154,"[(48.0, 48.0), (62.9, 44.3), (77.9, 44.3), (92.8, 44.3), (107.7, 44.3), (122.7, 44.3), (137.6, 44.3), (152.5, 44.3), (167.5, 44.3), (182.4, 44.3), (197.3, 44.3), (212.3, 44.3), (227.2, 44.3), (242.1, 59.2), (244.0, 74.1), (244.0, 92.8), (244.0, 109.6), (258.9, 115.2), (273.9, 115.2), (275.7, 115.2), (275.7, 115.2), (275.7, 115.2), (275.7, 115.2), (275.7, 115.2), (275.7, 115.2), (275.7, 115.2), (275.7, 115.2), (275.7, 115.2), (275.7, 115.2), (275.7, 115.2), (275.7, 115.2), (275.7, 115.2), (275.7, 115.2), (275.7, 115.2), (275.7, 115.2), (275.7, 115.2), (275.7, 115.2), (275.7, 115.2), (275.7, 115.2), (275.7, 115.2), (275.7, 115.2), (275.7, 115.2), (275.7, 115.2), (275.7, 115.2), (275.7, 115.2), (275.7, 115.2), (275.7, 115.2), (275.7, 115.2), (275.7, 115.2), (275.7, 115.2), (275.7, 115.2), (275.7, 115.2), (275.7, 115.2), (275.7, 115.2), (275.7, 115.2), (275.7, 115.2), (275.7, 115.2), (275.7, 115.2), (275.7, 115.2), (275.7, 115.2), (275.7, 115.2), (275.7, 115.2)]",0,1,8.15
novice,bomberman,10,Bomb,1,0,40.6,0.462,"[(48.0, 48.0), (62.9, 44.3), (77.9, 44.3), (92.8, 44.3), (107.7, 44.3), (122.7, 44.3), (137.6, 44.3), (152.5, 44.3), (167.5, 44.3), (182.4, 44.3), (197.3, 44.3), (212.3, 44.3), (227.2, 44.3), (242.1, 44.3), (257.1, 44.3), (272.0, 44.3), (286.9, 44.3), (301.9, 44.3), (316.8, 44.3), (331.7, 44.3), (346.7, 44.3), (361.6, 49.9), (372.8, 64.8), (372.8, 79.7), (372.8, 94.7), (372.8, 109.6), (372.8, 115.2), (372.8, 109.6), (372.8, 113.3), (372.8, 113.3), (372.8, 109.6), (372.8, 115.2), (372.8, 115.2), (372.8, 115.2), (372.8, 115.2), (372.8, 115.2), (372.8, 115.2), (372.8, 115.2), (372.8, 115.2), (372.8, 115.2), (372.8, 115.2), (372.8, 115.2), (372.8, 115.2), (372.8, 115.2), (372.8, 115.2), (372.8, 115.2), (372.8, 115.2), (372.8, 115.2), (372.8, 115.2), (372.8, 115.2), (372.8, 115.2), (372.8, 115.2), (372.8, 115.2), (372.8, 115.2), (372.8, 115.2), (372.8, 115.2), (372.8, 115.2), (372.8, 115.2), (372.8, 115.2), (372.8, 115.2), (372.8, 115.2)]",0,2,8.0
novice,bomberman,10,Bomb,1,0,47.45,0.538,"[(48.0, 48.0), (62.9, 44.3), (77.9, 44.3), (92.8, 44.3), (107.7, 44.3), (122.7, 44.3), (137.6, 44.3), (152.5, 44.3), (167.5, 44.3), (182.4, 44.3), (197.3, 44.3), (212.3, 44.3), (227.2, 44.3), (242.1, 44.3), (257.1, 44.3), (272.0, 44.3), (286.9, 44.3), (301.9, 44.3), (316.8, 44.3), (331.7, 44.3), (346.7, 44.3), (361.6, 44.3), (376.5, 44.3), (391.5, 44.3), (406.4, 44.3), (421.3, 48.0), (436.3, 61.1), (436.3, 76.0), (436.3, 90.9), (436.3, 105.9), (436.3, 120.8), (436.3, 124.5), (436.3, 135.7), (436.3, 132.0), (436.3, 135.7), (436.3, 135.7), (436.3, 132.0), (436.3, 135.7), (436.3, 139.5), (436.3, 154.4), (436.3, 161.9), (436.3, 169.3), (436.3, 165.6), (436.3, 173.1), (436.3, 173.1), (436.3, 176.8), (436.3, 173.1), (436.3, 173.1), (436.3, 176.8), (436.3, 173.1), (436.3, 173.1), (436.3, 176.8), (436.3, 173.1), (436.3, 173.1), (436.3, 176.8), (436.3, 180.5), (436.3, 180.5), (436.3, 180.5), (436.3, 180.5), (436.3, 180.5), (436.3, 180.5), (436.3, 165.6)]",0,1,8.18
novice,bomberman,10,Bomb,1,0,48.53,0.385,"[(48.0, 48.0), (62.9, 44.3), (77.9, 44.3), (92.8, 44.3), (107.7, 44.3), (122.7, 44.3), (137.6, 44.3), (152.5, 44.3), (167.5, 44.3), (182.4, 44.3), (197.3, 44.3), (212.3, 44.3), (227.2, 44.3), (242.1, 44.3), (257.1, 44.3), (272.0, 44.3), (286.9, 44.3), (301.9, 44.3), (316.8, 44.3), (331.7, 44.3), (346.7, 44.3), (361.6, 44.3), (376.5, 44.3), (391.5, 44.3), (406.4, 44.3), (421.3, 44.3), (436.3, 44.3), (436.3, 44.3), (436.3, 44.3), (436.3, 44.3), (436.3, 44.3), (436.3, 44.3), (436.3, 44.3), (436.3, 44.3), (436.3, 44.3), (436.3, 44.3), (436.3, 44.3), (436.3, 44.3), (436.3, 44.3), (436.3, 44.3), (436.3, 44.3), (436.3, 44.3), (436.3, 44.3), (436.3, 44.3), (436.3, 44.3), (436.3, 44.3), (436.3, 44.3), (436.3, 44.3), (436.3, 44.3), (436.3, 44.3), (436.3, 44.3), (436.3, 44.3), (436.3, 44.3), (436.3, 44.3), (436.3, 44.3), (436.3, 44.3), (436.3, 44.3), (436.3, 44.3), (436.3, 44.3), (436.3, 44.3), (436.3, 44.3)]",0,0,8.0
novice,bomberman,10,Enemy,1,0,21.68,0.808,"[(48.0, 48.0), (62.9, 44.3), (77.9, 44.3), (92.8, 44.3), (107.7, 44.3), (122.7, 44.3), (137.6, 44.3), (152.5, 44.3), (167.5, 44.3), (182.4, 44.3), (197.3, 44.3), (212.3, 44.3), (227.2, 44.3), (242.1, 44.3), (257.1, 44.3), (272.0, 44.3), (286.9, 44.3), (301.9, 44.3), (316.8, 44.3), (331.7, 44.3), (346.7, 44.3), (361.6, 44.3), (376.5, 44.3), (391.5, 44.3), (406.4, 44.3), (421.3, 48.0), (436.3, 61.1), (436.3, 76.0), (436.3, 90.9), (436.3, 94.7), (436.3, 98.4), (436.3, 102.1), (436.3, 117.1), (436.3, 132.0), (436.3, 146.9), (436.3, 161.9), (436.3, 165.6), (436.3, 161.9), (436.3, 161.9), (436.3, 165.6), (436.3, 161.9), (436.3, 161.9), (436.3, 165.6), (436.3, 161.9), (436.3, 161.9), (436.3, 165.6), (436.3, 161.9), (436.3, 169.3), (436.3, 165.6), (436.3, 169.3), (436.3, 169.3), (436.3, 165.6), (436.3, 173.1), (436.3, 173.1), (436.3, 176.8), (436.3, 173.1), (436.3, 173.1), (430.7, 174.9), (428.8, 178.7), (428.8, 178.7), (428.8, 174.9), (428.8, 180.5), (428.8, 180.5), (428.8, 180.5), (428.8, 176.8), (430.7, 161.9), (436.3, 146.9), (436.3, 132.0), (436.3, 117.1), (436.3, 102.1), (436.3, 87.2), (436.3, 72.3), (436.3, 57.3), (436.3, 49.9), (436.3, 49.9), (436.3, 46.1), (436.3, 53.6), (436.3, 53.6), (436.3, 57.3), (436.3, 72.3), (436.3, 83.5), (436.3, 90.9), (436.3, 87.2), (436.3, 94.7), (436.3, 90.9), (436.3, 94.7), (436.3, 94.7), (436.3, 90.9), (436.3, 94.7), (436.3, 94.7), (436.3, 90.9), (436.3, 96.5), (436.3, 109.6), (436.3, 118.9), (436.3, 133.9), (436.3, 148.8), (436.3, 163.7), (436.3, 178.7), (436.3, 193.6), (436.3, 208.5), (436.3, 223.5), (436.3, 223.5), (436.3, 219.7), (436.3, 223.5), (436.3, 223.5), (436.3, 219.7), (436.3, 223.5), (436.3, 223.5), (436.3, 219.7), (436.3, 216.0), (436.3, 212.3), (436.3, 208.5), (436.3, 204.8), (436.3, 201.1), (436.3, 197.3), (436.3, 193.6), (436.3, 189.9), (436.3, 186.1), (436.3, 178.7), (436.3, 178.7), (436.3, 174.9), (436.3, 167.5), (436.3, 178.7), (436.3, 186.1), (436.3, 189.9), (436.3, 193.6), (436.3, 197.3), (436.3, 193.6), (436.3, 193.6), (436.3, 197.3), (436.3, 193.6), (436.3, 193.6), (436.3, 197.3), (432.5, 201.1)]",0,3,17.73
novice,bomberman,10,Bomb,1,0,25.24,0.077,"[(48.0, 48.0), (62.9, 51.7), (77.9, 44.3), (92.8, 44.3), (107.7, 44.3), (122.7, 44.3), (137.6, 44.3), (152.5, 44.3), (167.5, 46.1), (180.5, 61.1), (180.5, 76.0), (180.5, 90.9), (180.5, 105.9), (180.5, 115.2), (180.5, 115.2), (180.5, 115.2), (180.5, 115.2), (180.5, 115.2), (180.5, 115.2), (180.5, 115.2), (180.5, 115.2), (180.5, 115.2), (180.5, 115.2), (180.5, 115.2), (180.5, 115.2), (180.5, 115.2), (180.5, 115.2), (180.5, 115.2), (180.5, 115.2), (180.5, 115.2), (180.5, 115.2), (180.5, 115.2), (180.5, 115.2), (180.5, 115.2), (180.5, 115.2), (180.5, 115.2), (180.5, 115.2), (180.5, 115.2), (180.5, 115.2), (180.5, 115.2)]",0,0,5.25
novice,bomberman,10,Bomb,4,0,9.29,0.846,"[(48.0, 48.0), (62.9, 44.3), (77.9, 44.3), (92.8, 44.3), (107.7, 44.3), (122.7, 44.3), (137.6, 44.3), (152.5, 44.3), (167.5, 44.3), (182.4, 44.3), (197.3, 44.3), (212.3, 44.3), (227.2, 44.3), (242.1, 44.3), (257.1, 44.3), (272.0, 44.3), (286.9, 44.3), (301.9, 44.3), (316.8, 44.3), (331.7, 44.3), (346.7, 44.3), (361.6, 44.3), (376.5, 44.3), (391.5, 44.3), (406.4, 44.3), (421.3, 48.0), (436.3, 61.1), (436.3, 76.0), (436.3, 90.9), (436.3, 105.9), (436.3, 120.8), (436.3, 135.7), (436.3, 150.7), (436.3, 154.4), (436.3, 146.9), (436.3, 146.9), (436.3, 143.2), (436.3, 146.9), (436.3, 146.9), (436.3, 154.4), (436.3, 150.7), (436.3, 158.1), (436.3, 165.6), (436.3, 161.9), (436.3, 161.9), (436.3, 154.4), (436.3, 150.7), (436.3, 150.7), (436.3, 143.2), (436.3, 135.7), (436.3, 124.5), (436.3, 120.8), (436.3, 117.1), (436.3, 113.3), (436.3, 109.6), (436.3, 113.3), (436.3, 105.9), (436.3, 109.6), (436.3, 105.9), (436.3, 102.1), (436.3, 98.4), (436.3, 90.9), (436.3, 90.9), (436.3, 76.0), (436.3, 79.7), (436.3, 72.3), (436.3, 76.0), (436.3, 68.5), (436.3, 57.3), (436.3, 44.3), (436.3, 44.3), (436.3, 44.3), (436.3, 44.3), (436.3, 44.3), (436.3, 46.1), (436.3, 61.1), (436.3, 76.0), (436.3, 90.9), (436.3, 105.9), (436.3, 120.8), (436.3, 135.7), (436.3, 150.7), (436.3, 158.1), (436.3, 158.1), (436.3, 161.9), (436.3, 165.6), (436.3, 169.3), (436.3, 173.1), (436.3, 176.8), (436.3, 180.5), (436.3, 184.3), (436.3, 188.0), (436.3, 191.7), (436.3, 206.7), (436.3, 210.4), (436.3, 214.1), (436.3, 217.9), (436.3, 221.6), (436.3, 225.3), (436.3, 229.1), (436.3, 225.3), (436.3, 225.3), (436.3, 229.1), (436.3, 221.6), (436.3, 221.6), (436.3, 206.7), (436.3, 202.9), (436.3, 199.2), (436.3, 195.5), (436.3, 191.7), (436.3, 176.8), (436.3, 161.9), (436.3, 146.9), (436.3, 132.0), (436.3, 117.1), (436.3, 102.1), (436.3, 98.4), (436.3, 94.7), (436.3, 98.4), (436.3, 98.4), (436.3, 94.7), (436.3, 90.9), (436.3, 87.2), (436.3, 83.5), (436.3, 79.7), (436.3, 76.0), (436.3, 72.3), (436.3, 68.5), (436.3, 53.6), (436.3, 44.3), (436.3, 44.3), (436.3, 44.3), (436.3, 44.3), (436.3, 48.0), (436.3, 51.7), (436.3, 66.7), (436.3, 81.6), (436.3, 96.5), (436.3, 111.5), (436.3, 126.4), (436.3, 141.3), (436.3, 156.3), (436.3, 163.7), (436.3, 171.2), (436.3, 167.5), (436.3, 174.9), (436.3, 174.9), (436.3, 178.7), (436.3, 182.4), (436.3, 197.3), (436.3, 201.1), (436.3, 208.5), (436.3, 208.5), (436.3, 212.3), (436.3, 216.0), (436.3, 227.2), (436.3, 223.5), (436.3, 227.2), (436.3, 227.2), (436.3, 223.5), (436.3, 219.7), (436.3, 216.0), (436.3, 212.3), (436.3, 208.5), (436.3, 216.0), (436.3, 201.1), (436.3, 186.1), (436.3, 171.2), (436.3, 156.3), (436.3, 141.3), (436.3, 126.4), (436.3, 111.5), (436.3, 104.0), (436.3, 96.5), (436.3, 100.3), (436.3, 96.5), (436.3, 96.5), (436.3, 100.3), (436.3, 85.3), (436.3, 85.3), (436.3, 77.9), (436.3, 81.6), (436.3, 74.1), (436.3, 66.7), (436.3, 70.4), (436.3, 59.2), (436.3, 44.3), (436.3, 44.3), (436.3, 44.3), (436.3, 44.3), (436.3, 48.0), (436.3, 51.7), (436.3, 55.5), (436.3, 59.2), (436.3, 74.1), (436.3, 89.1), (436.3, 104.0), (436.3, 118.9), (436.3, 133.9), (436.3, 148.8), (436.3, 163.7), (436.3, 178.7), (436.3, 182.4), (436.3, 182.4), (436.3, 189.9), (436.3, 204.8), (436.3, 208.5), (436.3, 212.3), (436.3, 216.0), (436.3, 216.0), (436.3, 223.5), (436.3, 227.2), (436.3, 227.2), (436.3, 223.5), (436.3, 227.2), (436.3, 227.2), (436.3, 223.5), (436.3, 227.2), (436.3, 227.2), (436.3, 212.3), (436.3, 216.0), (436.3, 208.5), (436.3, 212.3), (436.3, 204.8), (436.3, 204.8), (436.3, 189.9), (436.3, 174.9), (436.3, 160.0), (436.3, 145.1), (436.3, 130.1), (436.3, 115.2), (436.3, 100.3), (436.3, 96.5), (436.3, 96.5), (436.3, 100.3), (436.3, 85.3), (436.3, 85.3), (436.3, 77.9), (436.3, 81.6), (436.3, 74.1), (436.3, 66.7), (436.3, 70.4), (436.3, 59.2), (436.3, 44.3), (436.3, 44.3), (436.3, 44.3), (436.3, 44.3), (436.3, 48.0), (436.3, 51.7), (436.3, 55.5), (436.3, 59.2), (436.3, 74.1), (436.3, 89.1), (436.3, 96.5), (436.3, 107.7), (436.3, 122.7), (436.3, 137.6), (436.3, 152.5), (436.3, 167.5), (436.3, 182.4), (436.3, 197.3), (436.3, 201.1), (436.3, 208.5), (436.3, 208.5), (436.3, 212.3), (436.3, 216.0), (436.3, 219.7), (436.3, 223.5), (436.3, 227.2), (436.3, 227.2), (436.3, 234.7), (436.3, 230.9), (436.3, 230.9), (436.3, 223.5), (436.3, 227.2), (436.3, 227.2), (436.3, 223.5), (436.3, 219.7), (436.3, 216.0), (436.3, 212.3), (436.3, 208.5), (436.3, 204.8), (436.3, 201.1), (436.3, 197.3), (432.5, 193.6), (436.3, 178.7), (436.3, 174.9), (436.3, 182.4), (436.3, 178.7), (436.3, 193.6), (436.3, 193.6), (436.3, 189.9), (436.3, 193.6), (436.3, 197.3), (436.3, 201.1), (436.3, 204.8), (436.3, 219.7), (436.3, 234.7), (436.3, 249.6), (436.3, 253.3), (436.3, 257.1), (436.3, 249.6), (436.3, 249.6), (436.3, 245.9), (436.3, 242.1), (436.3, 238.4), (436.3, 234.7), (436.3, 230.9), (436.3, 230.9), (436.3, 234.7), (436.3, 230.9), (436.3, 216.0), (436.3, 204.8), (436.3, 204.8)]",0,3,41.8
novice,bomberman,10,Enemy,1,0,17.85,0.846,"[(48.0, 48.0), (62.9, 51.7), (77.9, 44.3), (92.8, 44.3), (107.7, 44.3), (122.7, 44.3), (137.6, 44.3), (152.5, 44.3), (167.5, 44.3), (182.4, 44.3), (197.3, 44.3), (212.3, 44.3), (227.2, 44.3), (242.1, 48.0), (257.1, 51.7), (272.0, 44.3), (286.9, 44.3), (301.9, 44.3), (316.8, 44.3), (331.7, 44.3), (346.7, 44.3), (361.6, 44.3), (376.5, 44.3), (391.5, 44.3), (406.4, 44.3), (421.3, 48.0), (436.3, 61.1), (436.3, 76.0), (436.3, 90.9), (436.3, 105.9), (436.3, 120.8), (436.3, 124.5), (436.3, 139.5), (436.3, 154.4), (436.3, 169.3), (436.3, 169.3), (436.3, 165.6), (436.3, 169.3), (436.3, 173.1), (436.3, 176.8), (436.3, 180.5), (436.3, 180.5), (436.3, 180.5), (436.3, 180.5), (436.3, 180.5), (436.3, 180.5), (436.3, 180.5), (436.3, 180.5), (436.3, 180.5), (436.3, 180.5), (436.3, 180.5), (436.3, 180.5), (436.3, 180.5), (436.3, 180.5), (436.3, 180.5), (436.3, 180.5), (436.3, 180.5), (436.3, 180.5), (436.3, 180.5), (436.3, 180.5), (436.3, 180.5), (436.3, 180.5), (436.3, 180.5), (436.3, 180.5), (436.3, 176.8), (436.3, 161.9), (436.3, 146.9), (436.3, 132.0), (436.3, 117.1), (436.3, 102.1), (436.3, 87.2), (436.3, 83.5), (436.3, 79.7), (436.3, 83.5), (436.3, 83.5), (436.3, 90.9), (436.3, 87.2), (436.3, 87.2), (436.3, 90.9), (436.3, 96.5), (436.3, 96.5), (436.3, 96.5), (436.3, 96.5), (436.3, 96.5), (436.3, 96.5), (436.3, 96.5), (436.3, 96.5), (436.3, 96.5), (436.3, 96.5), (436.3, 96.5), (436.3, 96.5), (436.3, 105.9), (436.3, 113.3), (436.3, 124.5), (436.3, 133.9), (436.3, 148.8), (436.3, 163.7), (436.3, 178.7), (436.3, 193.6), (436.3, 208.5), (436.3, 223.5), (436.3, 238.4), (436.3, 253.3), (436.3, 260.8), (436.3, 257.1), (436.3, 253.3), (436.3, 257.1), (436.3, 257.1), (436.3, 253.3), (436.3, 257.1), (436.3, 257.1), (436.3, 253.3), (436.3, 249.6), (436.3, 249.6), (436.3, 253.3), (436.3, 249.6), (436.3, 245.9), (436.3, 242.1), (436.3, 238.4), (436.3, 238.4), (436.3, 230.9), (436.3, 216.0), (436.3, 201.1), (436.3, 186.1), (436.3, 171.2), (436.3, 156.3), (436.3, 141.3), (436.3, 137.6), (436.3, 145.1), (436.3, 141.3), (436.3, 145.1), (436.3, 148.8), (436.3, 152.5), (436.3, 148.8), (436.3, 148.8), (436.3, 152.5), (436.3, 160.0), (436.3, 160.0), (436.3, 163.7), (436.3, 163.7), (436.3, 163.7), (436.3, 163.7), (436.3, 163.7), (436.3, 163.7), (436.3, 163.7), (436.3, 163.7), (436.3, 163.7), (436.3, 163.7), (436.3, 163.7), (436.3, 163.7), (436.3, 163.7), (436.3, 163.7), (436.3, 163.7), (436.3, 163.7), (436.3, 167.5), (436.3, 182.4), (436.3, 197.3), (436.3, 212.3), (436.3, 227.2), (436.3, 242.1), (436.3, 257.1), (436.3, 257.1), (436.3, 253.3), (436.3, 257.1)]",0,4,21.75
novice,bomberman,10,Enemy,3,0,22.47,0.808,"[(48.0, 48.0), (62.9, 44.3), (77.9, 44.3), (92.8, 44.3), (107.7, 44.3), (122.7, 44.3), (137.6, 44.3), (152.5, 44.3), (167.5, 44.3), (182.4, 44.3), (197.3, 44.3), (212.3, 44.3), (227.2, 44.3), (242.1, 44.3), (257.1, 44.3), (272.0, 44.3), (286.9, 44.3), (301.9, 44.3), (316.8, 44.3), (331.7, 44.3), (346.7, 44.3), (361.6, 44.3), (376.5, 44.3), (391.5, 44.3), (406.4, 44.3), (421.3, 48.0), (436.3, 61.1), (436.3, 76.0), (436.3, 90.9), (436.3, 105.9), (436.3, 120.8), (436.3, 135.7), (436.3, 150.7), (436.3, 143.2), (436.3, 146.9), (436.3, 139.5), (436.3, 132.0), (436.3, 139.5), (436.3, 146.9), (436.3, 143.2), (436.3, 150.7), (436.3, 150.7), (436.3, 165.6), (436.3, 161.9), (436.3, 161.9), (436.3, 165.6), (436.3, 158.1), (436.3, 150.7), (436.3, 154.4), (436.3, 150.7), (436.3, 150.7), (436.3, 154.4), (436.3, 150.7), (436.3, 135.7), (436.3, 132.0), (436.3, 135.7), (436.3, 124.5), (436.3, 109.6), (436.3, 105.9), (436.3, 105.9), (436.3, 109.6), (436.3, 105.9), (436.3, 102.1), (436.3, 98.4), (436.3, 98.4), (436.3, 98.4), (436.3, 98.4), (436.3, 98.4), (436.3, 98.4), (436.3, 98.4), (436.3, 98.4), (436.3, 98.4), (436.3, 98.4), (436.3, 98.4), (436.3, 98.4), (436.3, 98.4), (436.3, 98.4), (436.3, 98.4), (436.3, 109.6), (436.3, 124.5), (436.3, 139.5), (436.3, 154.4), (436.3, 161.9), (436.3, 161.9), (436.3, 165.6), (436.3, 169.3), (436.3, 173.1), (436.3, 176.8), (436.3, 180.5), (436.3, 184.3), (436.3, 188.0), (436.3, 202.9), (436.3, 206.7), (436.3, 210.4), (436.3, 214.1), (436.3, 217.9), (436.3, 221.6), (436.3, 225.3), (436.3, 225.3), (436.3, 221.6), (436.3, 225.3), (436.3, 225.3), (436.3, 221.6), (436.3, 225.3), (436.3, 225.3), (436.3, 210.4), (436.3, 206.7), (436.3, 206.7), (436.3, 210.4), (436.3, 214.1), (436.3, 214.1), (436.3, 210.4), (436.3, 214.1), (436.3, 214.1), (436.3, 210.4), (436.3, 214.1), (436.3, 217.9), (436.3, 221.6), (436.3, 225.3), (436.3, 225.3), (430.7, 221.6), (434.4, 225.3), (434.4, 225.3), (430.7, 221.6), (434.4, 225.3), (428.8, 225.3), (428.8, 221.6), (428.8, 225.3)]",0,3,16.95
novice,bomberman,10,Enemy,1,0,21.68,0.808,"[(48.0, 48.0), (62.9, 44.3), (77.9, 44.3), (92.8, 44.3), (107.7, 44.3), (122.7, 44.3), (137.6, 44.3), (152.5, 44.3), (167.5, 44.3), (182.4, 44.3), (197.3, 44.3), (212.3, 44.3), (227.2, 44.3), (242.1, 44.3), (257.1, 44.3), (272.0, 44.3), (286.9, 44.3), (301.9, 44.3), (316.8, 44.3), (331.7, 44.3), (346.7, 44.3), (361.6, 44.3), (376.5, 44.3), (391.5, 44.3), (406.4, 44.3), (421.3, 48.0), (436.3, 61.1), (436.3, 76.0), (436.3, 90.9), (436.3, 94.7), (436.3, 98.4), (436.3, 102.1), (436.3, 117.1), (436.3, 132.0), (436.3, 146.9), (436.3, 161.9), (436.3, 165.6), (436.3, 161.9), (436.3, 161.9), (436.3, 165.6), (436.3, 161.9), (436.3, 161.9), (436.3, 165.6), (436.3, 161.9), (436.3, 161.9), (436.3, 165.6), (436.3, 161.9), (436.3, 169.3), (436.3, 165.6), (436.3, 169.3), (436.3, 169.3), (436.3, 165.6), (436.3, 173.1), (436.3, 173.1), (436.3, 176.8), (436.3, 173.1), (436.3, 173.1), (430.7, 174.9), (428.8, 178.7), (428.8, 178.7), (428.8, 174.9), (428.8, 180.5), (428.8, 180.5), (428.8, 180.5), (428.8, 176.8), (430.7, 161.9), (436.3, 146.9), (436.3, 132.0), (436.3, 117.1), (436.3, 102.1), (436.3, 87.2), (436.3, 72.3), (436.3, 57.3), (436.3, 49.9), (436.3, 49.9), (436.3, 46.1), (436.3, 53.6), (436.3, 53.6), (436.3, 57.3), (436.3, 72.3), (436.3, 83.5), (436.3, 90.9), (436.3, 87.2), (436.3, 94.7), (436.3, 90.9), (436.3, 94.7), (436.3, 94.7), (436.3, 90.9), (436.3, 94.7), (436.3, 94.7), (436.3, 90.9), (436.3, 96.5), (436.3, 109.6), (436.3, 118.9), (436.3, 133.9), (436.3, 148.8), (436.3, 163.7), (436.3, 178.7), (436.3, 193.6), (436.3, 208.5), (436.3, 223.5), (436.3, 223.5), (436.3, 219.7), (436.3, 223.5), (436.3, 223.5), (436.3, 219.7), (436.3, 223.5), (436.3, 223.5), (436.3, 219.7), (436.3, 216.0), (436.3, 212.3), (436.3, 208.5), (436.3, 204.8), (436.3, 201.1), (436.3, 197.3), (436.3, 193.6), (436.3, 189.9), (436.3, 186.1), (436.3, 178.7), (436.3, 178.7), (436.3, 174.9), (436.3, 167.5), (436.3, 178.7), (436.3, 186.1), (436.3, 189.9), (436.3, 193.6), (436.3, 197.3), (436.3, 193.6), (436.3, 193.6), (436.3, 197.3), (436.3, 193.6), (436.3, 193.6), (436.3, 197.3), (432.5, 201.1)]",0,3,17.73
novice,bomberman,10,Bomb,2,0,47.4,0.538,"[(48.0, 48.0), (62.9, 44.3), (77.9, 44.3), (92.8, 44.3), (107.7, 44.3), (122.7, 44.3), (137.6, 44.3), (152.5, 44.3), (167.5, 44.3), (182.4, 44.3), (197.3, 44.3), (212.3, 44.3), (227.2, 44.3), (242.1, 44.3), (257.1, 44.3), (272.0, 44.3), (286.9, 44.3), (301.9, 44.3), (316.8, 44.3), (331.7, 44.3), (346.7, 44.3), (361.6, 44.3), (376.5, 44.3), (391.5, 44.3), (406.4, 44.3), (421.3, 48.0), (436.3, 61.1), (436.3, 76.0), (436.3, 90.9), (436.3, 105.9), (436.3, 120.8), (436.3, 135.7), (436.3, 150.7), (436.3, 165.6), (436.3, 161.9), (436.3, 161.9), (436.3, 165.6), (436.3, 161.9), (436.3, 161.9), (436.3, 165.6), (436.3, 169.3), (436.3, 173.1), (436.3, 176.8), (436.3, 180.5), (436.3, 178.7), (436.3, 174.9), (436.3, 171.2), (436.3, 171.2), (436.3, 163.7), (436.3, 167.5), (436.3, 167.5), (436.3, 163.7), (436.3, 160.0), (436.3, 160.0), (436.3, 163.7), (428.8, 160.0), (428.8, 160.0), (428.8, 163.7), (428.8, 160.0), (428.8, 160.0), (428.8, 163.7)]",0,1,8.03
novice,bomberman,10,Bomb,4,0,41.75,0.731,"[(48.0, 48.0), (62.9, 44.3), (77.9, 44.3), (92.8, 44.3), (107.7, 44.3), (122.7, 44.3), (137.6, 44.3), (152.5, 44.3), (167.5, 44.3), (182.4, 44.3), (197.3, 44.3), (212.3, 44.3), (227.2, 44.3), (242.1, 44.3), (257.1, 44.3), (272.0, 44.3), (286.9, 44.3), (301.9, 44.3), (316.8, 44.3), (331.7, 44.3), (346.7, 44.3), (361.6, 44.3), (376.5, 44.3), (391.5, 44.3), (406.4, 44.3), (421.3, 48.0), (436.3, 61.1), (436.3, 76.0), (436.3, 90.9), (436.3, 105.9), (436.3, 120.8), (436.3, 135.7), (436.3, 150.7), (436.3, 165.6), (436.3, 161.9), (436.3, 158.1), (436.3, 154.4), (436.3, 158.1), (436.3, 161.9), (436.3, 165.6), (436.3, 169.3), (436.3, 161.9), (436.3, 165.6), (436.3, 169.3), (436.3, 169.3), (436.3, 176.8), (436.3, 173.1), (436.3, 173.1), (436.3, 176.8), (436.3, 173.1), (436.3, 180.5), (436.3, 180.5), (436.3, 180.5), (436.3, 180.5), (436.3, 180.5), (436.3, 180.5), (436.3, 180.5), (436.3, 180.5), (436.3, 180.5), (436.3, 180.5), (436.3, 180.5), (436.3, 180.5), (436.3, 180.5), (436.3, 180.5), (436.3, 180.5), (436.3, 180.5), (436.3, 180.5), (436.3, 180.5), (436.3, 180.5), (436.3, 180.5)]",0,2,9.3
novice,bomberman,10,Stuck,0,0,-0.75,0.0,"[(48.0, 48.0), (44.3, 44.3), (44.3, 44.3), (44.3, 44.3), (44.3, 44.3), (44.3, 44.3), (44.3, 44.3), (44.3, 44.3), (44.3, 44.3), (44.3, 44.3), (44.3, 44.3), (44.3, 44.3), (44.3, 44.3), (44.3, 44.3), (44.3, 44.3), (44.3, 44.3), (44.3, 44.3), (44.3, 44.3), (44.3, 44.3), (44.3, 44.3), (44.3, 44.3), (44.3, 44.3), (44.3, 44.3), (44.3, 44.3), (44.3, 44.3), (44.3, 44.3), (44.3, 44.3), (44.3, 44.3), (44.3, 44.3), (44.3, 44.3), (44.3, 44.3), (44.3, 44.3), (44.3, 44.3), (44.3, 44.3), (44.3, 44.3), (44.3, 44.3), (44.3, 44.3), (44.3, 44.3)]",0,0,5.0
novice,bomberman,10,Bomb,3,0,40.23,0.538,"[(48.0, 48.0), (62.9, 44.3), (77.9, 44.3), (92.8, 44.3), (107.7, 44.3), (122.7, 44.3), (137.6, 44.3), (152.5, 44.3), (167.5, 44.3), (182.4, 44.3), (197.3, 44.3), (212.3, 44.3), (227.2, 44.3), (242.1, 44.3), (257.1, 44.3), (272.0, 44.3), (286.9, 44.3), (301.9, 44.3), (316.8, 44.3), (331.7, 44.3), (346.7, 44.3), (361.6, 44.3), (376.5, 44.3), (391.5, 44.3), (406.4, 44.3), (421.3, 48.0), (436.3, 61.1), (436.3, 76.0), (436.3, 90.9), (436.3, 105.9), (436.3, 120.8), (436.3, 135.7), (436.3, 150.7), (436.3, 154.4), (436.3, 150.7), (436.3, 146.9), (436.3, 143.2), (436.3, 146.9), (436.3, 150.7), (436.3, 154.4), (436.3, 158.1), (436.3, 161.9), (436.3, 165.6), (436.3, 161.9), (436.3, 161.9), (436.3, 165.6), (436.3, 161.9), (436.3, 161.9), (436.3, 165.6), (436.3, 161.9), (436.3, 158.1), (436.3, 154.4), (436.3, 150.7), (436.3, 150.7), (436.3, 154.4), (436.3, 150.7), (436.3, 150.7), (436.3, 154.4), (436.3, 150.7), (436.3, 146.9), (436.3, 143.2), (436.3, 146.9), (436.3, 146.9), (436.3, 143.2), (436.3, 146.9), (436.3, 146.9), (436.3, 143.2), (436.3, 146.9), (436.3, 146.9), (436.3, 143.2), (436.3, 146.9), (436.3, 139.5), (430.7, 143.2)]",0,0,9.65
novice,bomberman,10,Stuck,0,0,-0.75,0.0,"[(48.0, 48.0), (44.3, 44.3), (44.3, 44.3), (44.3, 44.3), (44.3, 44.3), (44.3, 44.3), (44.3, 44.3), (44.3, 44.3), (44.3, 44.3), (44.3, 44.3), (44.3, 44.3), (44.3, 44.3), (44.3, 44.3), (44.3, 44.3), (44.3, 44.3), (44.3, 44.3), (44.3, 44.3), (44.3, 44.3), (44.3, 44.3), (44.3, 44.3), (44.3, 44.3), (44.3, 44.3), (44.3, 44.3), (44.3, 44.3), (44.3, 44.3), (44.3, 44.3), (44.3, 44.3), (44.3, 44.3), (44.3, 44.3), (44.3, 44.3), (44.3, 44.3), (44.3, 44.3), (44.3, 44.3), (44.3, 44.3), (44.3, 44.3), (44.3, 44.3), (44.3, 44.3), (44.3, 44.3)]",0,0,5.0
novice,bomberman,10,Bomb,1,0,48.53,0.423,"[(48.0, 48.0), (62.9, 44.3), (77.9, 44.3), (92.8, 44.3), (107.7, 44.3), (122.7, 44.3), (137.6, 44.3), (152.5, 44.3), (167.5, 44.3), (182.4, 44.3), (197.3, 44.3), (212.3, 44.3), (227.2, 44.3), (242.1, 44.3), (257.1, 44.3), (272.0, 44.3), (286.9, 44.3), (301.9, 44.3), (316.8, 44.3), (331.7, 44.3), (346.7, 44.3), (361.6, 44.3), (376.5, 44.3), (391.5, 44.3), (406.4, 44.3), (421.3, 44.3), (436.3, 44.3), (436.3, 44.3), (436.3, 44.3), (436.3, 44.3), (436.3, 44.3), (436.3, 44.3), (436.3, 44.3), (436.3, 44.3), (436.3, 44.3), (436.3, 44.3), (436.3, 44.3), (436.3, 44.3), (436.3, 44.3), (436.3, 55.5), (436.3, 66.7), (436.3, 66.7), (436.3, 66.7), (436.3, 66.7), (436.3, 66.7), (436.3, 66.7), (436.3, 66.7), (436.3, 66.7), (436.3, 66.7), (436.3, 64.8), (436.3, 64.8), (436.3, 61.1), (436.3, 64.8), (436.3, 64.8), (436.3, 61.1), (436.3, 76.0), (436.3, 77.9), (436.3, 77.9), (436.3, 77.9), (436.3, 77.9), (436.3, 77.9)]",0,0,8.0
novice,bomberman,10,Bomb,4,0,9.29,0.846,"[(48.0, 48.0), (62.9, 44.3), (77.9, 44.3), (92.8, 44.3), (107.7, 44.3), (122.7, 44.3), (137.6, 44.3), (152.5, 44.3), (167.5, 44.3), (182.4, 44.3), (197.3, 44.3), (212.3, 44.3), (227.2, 44.3), (242.1, 44.3), (257.1, 44.3), (272.0, 44.3), (286.9, 44.3), (301.9, 44.3), (316.8, 44.3), (331.7, 44.3), (346.7, 44.3), (361.6, 44.3), (376.5, 44.3), (391.5, 44.3), (406.4, 44.3), (421.3, 48.0), (436.3, 61.1), (436.3, 76.0), (436.3, 90.9), (436.3, 105.9), (436.3, 120.8), (436.3, 135.7), (436.3, 150.7), (436.3, 154.4), (436.3, 146.9), (436.3, 146.9), (436.3, 143.2), (436.3, 146.9), (436.3, 146.9), (436.3, 154.4), (436.3, 150.7), (436.3, 158.1), (436.3, 165.6), (436.3, 161.9), (436.3, 161.9), (436.3, 154.4), (436.3, 150.7), (436.3, 150.7), (436.3, 143.2), (436.3, 135.7), (436.3, 124.5), (436.3, 120.8), (436.3, 117.1), (436.3, 113.3), (436.3, 109.6), (436.3, 113.3), (436.3, 105.9), (436.3, 109.6), (436.3, 105.9), (436.3, 102.1), (436.3, 98.4), (436.3, 90.9), (436.3, 90.9), (436.3, 76.0), (436.3, 79.7), (436.3, 72.3), (436.3, 76.0), (436.3, 68.5), (436.3, 57.3), (436.3, 44.3), (436.3, 44.3), (436.3, 44.3), (436.3, 44.3), (436.3, 44.3), (436.3, 46.1), (436.3, 61.1), (436.3, 76.0), (436.3, 90.9), (436.3, 105.9), (436.3, 120.8), (436.3, 135.7), (436.3, 150.7), (436.3, 158.1), (436.3, 158.1), (436.3, 161.9), (436.3, 165.6), (436.3, 169.3), (436.3, 173.1), (436.3, 176.8), (436.3, 180.5), (436.3, 184.3), (436.3, 188.0), (436.3, 191.7), (436.3, 206.7), (436.3, 210.4), (436.3, 214.1), (436.3, 217.9), (436.3, 221.6), (436.3, 225.3), (436.3, 229.1), (436.3, 225.3), (436.3, 225.3), (436.3, 229.1), (436.3, 221.6), (436.3, 221.6), (436.3, 206.7), (436.3, 202.9), (436.3, 199.2), (436.3, 195.5), (436.3, 191.7), (436.3, 176.8), (436.3, 161.9), (436.3, 146.9), (436.3, 132.0), (436.3, 117.1), (436.3, 102.1), (436.3, 98.4), (436.3, 94.7), (436.3, 98.4), (436.3, 98.4), (436.3, 94.7), (436.3, 90.9), (436.3, 87.2), (436.3, 83.5), (436.3, 79.7), (436.3, 76.0), (436.3, 72.3), (436.3, 68.5), (436.3, 53.6), (436.3, 44.3), (436.3, 44.3), (436.3, 44.3), (436.3, 44.3), (436.3, 48.0), (436.3, 51.7), (436.3, 66.7), (436.3, 81.6), (436.3, 96.5), (436.3, 111.5), (436.3, 126.4), (436.3, 141.3), (436.3, 156.3), (436.3, 163.7), (436.3, 171.2), (436.3, 167.5), (436.3, 174.9), (436.3, 174.9), (436.3, 178.7), (436.3, 182.4), (436.3, 197.3), (436.3, 201.1), (436.3, 208.5), (436.3, 208.5), (436.3, 212.3), (436.3, 216.0), (436.3, 227.2), (436.3, 223.5), (436.3, 227.2), (436.3, 227.2), (436.3, 223.5), (436.3, 219.7), (436.3, 216.0), (436.3, 212.3), (436.3, 208.5), (436.3, 216.0), (436.3, 201.1), (436.3, 186.1), (436.3, 171.2), (436.3, 156.3), (436.3, 141.3), (436.3, 126.4), (436.3, 111.5), (436.3, 104.0), (436.3, 96.5), (436.3, 100.3), (436.3, 96.5), (436.3, 96.5), (436.3, 100.3), (436.3, 85.3), (436.3, 85.3), (436.3, 77.9), (436.3, 81.6), (436.3, 74.1), (436.3, 66.7), (436.3, 70.4), (436.3, 59.2), (436.3, 44.3), (436.3, 44.3), (436.3, 44.3), (436.3, 44.3), (436.3, 48.0), (436.3, 51.7), (436.3, 55.5), (436.3, 59.2), (436.3, 74.1), (436.3, 89.1), (436.3, 104.0), (436.3, 118.9), (436.3, 133.9), (436.3, 148.8), (436.3, 163.7), (436.3, 178.7), (436.3, 182.4), (436.3, 182.4), (436.3, 189.9), (436.3, 204.8), (436.3, 208.5), (436.3, 212.3), (436.3, 216.0), (436.3, 216.0), (436.3, 223.5), (436.3, 227.2), (436.3, 227.2), (436.3, 223.5), (436.3, 227.2), (436.3, 227.2), (436.3, 223.5), (436.3, 227.2), (436.3, 227.2), (436.3, 212.3), (436.3, 216.0), (436.3, 208.5), (436.3, 212.3), (436.3, 204.8), (436.3, 204.8), (436.3, 189.9), (436.3, 174.9), (436.3, 160.0), (436.3, 145.1), (436.3, 130.1), (436.3, 115.2), (436.3, 100.3), (436.3, 96.5), (436.3, 96.5), (436.3, 100.3), (436.3, 85.3), (436.3, 85.3), (436.3, 77.9), (436.3, 81.6), (436.3, 74.1), (436.3, 66.7), (436.3, 70.4), (436.3, 59.2), (436.3, 44.3), (436.3, 44.3), (436.3, 44.3), (436.3, 44.3), (436.3, 48.0), (436.3, 51.7), (436.3, 55.5), (436.3, 59.2), (436.3, 74.1), (436.3, 89.1), (436.3, 96.5), (436.3, 107.7), (436.3, 122.7), (436.3, 137.6), (436.3, 152.5), (436.3, 167.5), (436.3, 182.4), (436.3, 197.3), (436.3, 201.1), (436.3, 208.5), (436.3, 208.5), (436.3, 212.3), (436.3, 216.0), (436.3, 219.7), (436.3, 223.5), (436.3, 227.2), (436.3, 227.2), (436.3, 234.7), (436.3, 230.9), (436.3, 230.9), (436.3, 223.5), (436.3, 227.2), (436.3, 227.2), (436.3, 223.5), (436.3, 219.7), (436.3, 216.0), (436.3, 212.3), (436.3, 208.5), (436.3, 204.8), (436.3, 201.1), (436.3, 197.3), (432.5, 193.6), (436.3, 178.7), (436.3, 174.9), (436.3, 182.4), (436.3, 178.7), (436.3, 193.6), (436.3, 193.6), (436.3, 189.9), (436.3, 193.6), (436.3, 197.3), (436.3, 201.1), (436.3, 204.8), (436.3, 219.7), (436.3, 234.7), (436.3, 249.6), (436.3, 253.3), (436.3, 257.1), (436.3, 249.6), (436.3, 249.6), (436.3, 245.9), (436.3, 242.1), (436.3, 238.4), (436.3, 234.7), (436.3, 230.9), (436.3, 230.9), (436.3, 234.7), (436.3, 230.9), (436.3, 216.0), (436.3, 204.8), (436.3, 204.8)]",0,3,41.8
novice,bomberman,10,Enemy,1,0,17.85,0.846,"[(48.0, 48.0), (62.9, 51.7), (77.9, 44.3), (92.8, 44.3), (107.7, 44.3), (122.7, 44.3), (137.6, 44.3), (152.5, 44.3), (167.5, 44.3), (182.4, 44.3), (197.3, 44.3), (212.3, 44.3), (227.2, 44.3), (242.1, 48.0), (257.1, 51.7), (272.0, 44.3), (286.9, 44.3), (301.9, 44.3), (316.8, 44.3), (331.7, 44.3), (346.7, 44.3), (361.6, 44.3), (376.5, 44.3), (391.5, 44.3), (406.4, 44.3), (421.3, 48.0), (436.3, 61.1), (436.3, 76.0), (436.3, 90.9), (436.3, 105.9), (436.3, 120.8), (436.3, 124.5), (436.3, 139.5), (436.3, 154.4), (436.3, 169.3), (436.3, 169.3), (436.3, 165.6), (436.3, 169.3), (436.3, 173.1), (436.3, 176.8), (436.3, 180.5), (436.3, 180.5), (436.3, 180.5), (436.3, 180.5), (436.3, 180.5), (436.3, 180.5), (436.3, 180.5), (436.3, 180.5), (436.3, 180.5), (436.3, 180.5), (436.3, 180.5), (436.3, 180.5), (436.3, 180.5), (436.3, 180.5), (436.3, 180.5), (436.3, 180.5), (436.3, 180.5), (436.3, 180.5), (436.3, 180.5), (436.3, 180.5), (436.3, 180.5), (436.3, 180.5), (436.3, 180.5), (436.3, 180.5), (436.3, 176.8), (436.3, 161.9), (436.3, 146.9), (436.3, 132.0), (436.3, 117.1), (436.3, 102.1), (436.3, 87.2), (436.3, 83.5), (436.3, 79.7), (436.3, 83.5), (436.3, 83.5), (436.3, 90.9), (436.3, 87.2), (436.3, 87.2), (436.3, 90.9), (436.3, 96.5), (436.3, 96.5), (436.3, 96.5), (436.3, 96.5), (436.3, 96.5), (436.3, 96.5), (436.3, 96.5), (436.3, 96.5), (436.3, 96.5), (436.3, 96.5), (436.3, 96.5), (436.3, 96.5), (436.3, 105.9), (436.3, 113.3), (436.3, 124.5), (436.3, 133.9), (436.3, 148.8), (436.3, 163.7), (436.3, 178.7), (436.3, 193.6), (436.3, 208.5), (436.3, 223.5), (436.3, 238.4), (436.3, 253.3), (436.3, 260.8), (436.3, 257.1), (436.3, 253.3), (436.3, 257.1), (436.3, 257.1), (436.3, 253.3), (436.3, 257.1), (436.3, 257.1), (436.3, 253.3), (436.3, 249.6), (436.3, 249.6), (436.3, 253.3), (436.3, 249.6), (436.3, 245.9), (436.3, 242.1), (436.3, 238.4), (436.3, 238.4), (436.3, 230.9), (436.3, 216.0), (436.3, 201.1), (436.3, 186.1), (436.3, 171.2), (436.3, 156.3), (436.3, 141.3), (436.3, 137.6), (436.3, 145.1), (436.3, 141.3), (436.3, 145.1), (436.3, 148.8), (436.3, 152.5), (436.3, 148.8), (436.3, 148.8), (436.3, 152.5), (436.3, 160.0), (436.3, 160.0), (436.3, 163.7), (436.3, 163.7), (436.3, 163.7), (436.3, 163.7), (436.3, 163.7), (436.3, 163.7), (436.3, 163.7), (436.3, 163.7), (436.3, 163.7), (436.3, 163.7), (436.3, 163.7), (436.3, 163.7), (436.3, 163.7), (436.3, 163.7), (436.3, 163.7), (436.3, 163.7), (436.3, 167.5), (436.3, 182.4), (436.3, 197.3), (436.3, 212.3), (436.3, 227.2), (436.3, 242.1), (436.3, 257.1), (436.3, 257.1), (436.3, 253.3), (436.3, 257.1)]",0,4,21.75
novice,bomberman,10,Enemy,3,0,22.47,0.808,"[(48.0, 48.0), (62.9, 44.3), (77.9, 44.3), (92.8, 44.3), (107.7, 44.3), (122.7, 44.3), (137.6, 44.3), (152.5, 44.3), (167.5, 44.3), (182.4, 44.3), (197.3, 44.3), (212.3, 44.3), (227.2, 44.3), (242.1, 44.3), (257.1, 44.3), (272.0, 44.3), (286.9, 44.3), (301.9, 44.3), (316.8, 44.3), (331.7, 44.3), (346.7, 44.3), (361.6, 44.3), (376.5, 44.3), (391.5, 44.3), (406.4, 44.3), (421.3, 48.0), (436.3, 61.1), (436.3, 76.0), (436.3, 90.9), (436.3, 105.9), (436.3, 120.8), (436.3, 135.7), (436.3, 150.7), (436.3, 143.2), (436.3, 146.9), (436.3, 139.5), (436.3, 132.0), (436.3, 139.5), (436.3, 146.9), (436.3, 143.2), (436.3, 150.7), (436.3, 150.7), (436.3, 165.6), (436.3, 161.9), (436.3, 161.9), (436.3, 165.6), (436.3, 158.1), (436.3, 150.7), (436.3, 154.4), (436.3, 150.7), (436.3, 150.7), (436.3, 154.4), (436.3, 150.7), (436.3, 135.7), (436.3, 132.0), (436.3, 135.7), (436.3, 124.5), (436.3, 109.6), (436.3, 105.9), (436.3, 105.9), (436.3, 109.6), (436.3, 105.9), (436.3, 102.1), (436.3, 98.4), (436.3, 98.4), (436.3, 98.4), (436.3, 98.4), (436.3, 98.4), (436.3, 98.4), (436.3, 98.4), (436.3, 98.4), (436.3, 98.4), (436.3, 98.4), (436.3, 98.4), (436.3, 98.4), (436.3, 98.4), (436.3, 98.4), (436.3, 98.4), (436.3, 109.6), (436.3, 124.5), (436.3, 139.5), (436.3, 154.4), (436.3, 161.9), (436.3, 161.9), (436.3, 165.6), (436.3, 169.3), (436.3, 173.1), (436.3, 176.8), (436.3, 180.5), (436.3, 184.3), (436.3, 188.0), (436.3, 202.9), (436.3, 206.7), (436.3, 210.4), (436.3, 214.1), (436.3, 217.9), (436.3, 221.6), (436.3, 225.3), (436.3, 225.3), (436.3, 221.6), (436.3, 225.3), (436.3, 225.3), (436.3, 221.6), (436.3, 225.3), (436.3, 225.3), (436.3, 210.4), (436.3, 206.7), (436.3, 206.7), (436.3, 210.4), (436.3, 214.1), (436.3, 214.1), (436.3, 210.4), (436.3, 214.1), (436.3, 214.1), (436.3, 210.4), (436.3, 214.1), (436.3, 217.9), (436.3, 221.6), (436.3, 225.3), (436.3, 225.3), (430.7, 221.6), (434.4, 225.3), (434.4, 225.3), (430.7, 221.6), (434.4, 225.3), (428.8, 225.3), (428.8, 221.6), (428.8, 225.3)]",0,3,16.95
novice,bomberman,10,Enemy,1,0,21.68,0.808,"[(48.0, 48.0), (62.9, 44.3), (77.9, 44.3), (92.8, 44.3), (107.7, 44.3), (122.7, 44.3), (137.6, 44.3), (152.5, 44.3), (167.5, 44.3), (182.4, 44.3), (197.3, 44.3), (212.3, 44.3), (227.2, 44.3), (242.1, 44.3), (257.1, 44.3), (272.0, 44.3), (286.9, 44.3), (301.9, 44.3), (316.8, 44.3), (331.7, 44.3), (346.7, 44.3), (361.6, 44.3), (376.5, 44.3), (391.5, 44.3), (406.4, 44.3), (421.3, 48.0), (436.3, 61.1), (436.3, 76.0), (436.3, 90.9), (436.3, 94.7), (436.3, 98.4), (436.3, 102.1), (436.3, 117.1), (436.3, 132.0), (436.3, 146.9), (436.3, 161.9), (436.3, 165.6), (436.3, 161.9), (436.3, 161.9), (436.3, 165.6), (436.3, 161.9), (436.3, 161.9), (436.3, 165.6), (436.3, 161.9), (436.3, 161.9), (436.3, 165.6), (436.3, 161.9), (436.3, 169.3), (436.3, 165.6), (436.3, 169.3), (436.3, 169.3), (436.3, 165.6), (436.3, 173.1), (436.3, 173.1), (436.3, 176.8), (436.3, 173.1), (436.3, 173.1), (430.7, 174.9), (428.8, 178.7), (428.8, 178.7), (428.8, 174.9), (428.8, 180.5), (428.8, 180.5), (428.8, 180.5), (428.8, 176.8), (430.7, 161.9), (436.3, 146.9), (436.3, 132.0), (436.3, 117.1), (436.3, 102.1), (436.3, 87.2), (436.3, 72.3), (436.3, 57.3), (436.3, 49.9), (436.3, 49.9), (436.3, 46.1), (436.3, 53.6), (436.3, 53.6), (436.3, 57.3), (436.3, 72.3), (436.3, 83.5), (436.3, 90.9), (436.3, 87.2), (436.3, 94.7), (436.3, 90.9), (436.3, 94.7), (436.3, 94.7), (436.3, 90.9), (436.3, 94.7), (436.3, 94.7), (436.3, 90.9), (436.3, 96.5), (436.3, 109.6), (436.3, 118.9), (436.3, 133.9), (436.3, 148.8), (436.3, 163.7), (436.3, 178.7), (436.3, 193.6), (436.3, 208.5), (436.3, 223.5), (436.3, 223.5), (436.3, 219.7), (436.3, 223.5), (436.3, 223.5), (436.3, 219.7), (436.3, 223.5), (436.3, 223.5), (436.3, 219.7), (436.3, 216.0), (436.3, 212.3), (436.3, 208.5), (436.3, 204.8), (436.3, 201.1), (436.3, 197.3), (436.3, 193.6), (436.3, 189.9), (436.3, 186.1), (436.3, 178.7), (436.3, 178.7), (436.3, 174.9), (436.3, 167.5), (436.3, 178.7), (436.3, 186.1), (436.3, 189.9), (436.3, 193.6), (436.3, 197.3), (436.3, 193.6), (436.3, 193.6), (436.3, 197.3), (436.3, 193.6), (436.3, 193.6), (436.3, 197.3), (432.5, 201.1)]",0,3,17.73
novice,bomberman,10,Stuck,0,0,-0.75,0.0,"[(48.0, 48.0), (44.3, 44.3), (44.3, 44.3), (44.3, 44.3), (44.3, 44.3), (44.3, 44.3), (44.3, 44.3), (44.3, 44.3), (44.3, 44.3), (44.3, 44.3), (44.3, 44.3), (44.3, 44.3), (44.3, 44.3), (44.3, 44.3), (44.3, 44.3), (44.3, 44.3), (44.3, 44.3), (44.3, 44.3), (44.3, 44.3), (44.3, 44.3), (44.3, 44.3), (44.3, 44.3), (44.3, 44.3), (44.3, 44.3), (44.3, 44.3), (44.3, 44.3), (44.3, 44.3), (44.3, 44.3), (44.3, 44.3), (44.3, 44.3), (44.3, 44.3), (44.3, 44.3), (44.3, 44.3), (44.3, 44.3), (44.3, 44.3), (44.3, 44.3), (44.3, 44.3), (44.3, 44.3)]",0,0,5.0
novice,bomberman,10,Bomb,1,0,47.45,0.538,"[(48.0, 48.0), (62.9, 44.3), (77.9, 44.3), (92.8, 44.3), (107.7, 44.3), (122.7, 44.3), (137.6, 44.3), (152.5, 44.3), (167.5, 44.3), (182.4, 44.3), (197.3, 44.3), (212.3, 44.3), (227.2, 44.3), (242.1, 44.3), (257.1, 44.3), (272.0, 44.3), (286.9, 44.3), (301.9, 44.3), (316.8, 44.3), (331.7, 44.3), (346.7, 44.3), (361.6, 49.9), (376.5, 51.7), (391.5, 44.3), (406.4, 44.3), (421.3, 48.0), (436.3, 61.1), (436.3, 76.0), (436.3, 90.9), (436.3, 105.9), (436.3, 120.8), (436.3, 135.7), (436.3, 150.7), (436.3, 165.6), (436.3, 161.9), (436.3, 161.9), (436.3, 165.6), (436.3, 161.9), (436.3, 169.3), (436.3, 165.6), (436.3, 173.1), (436.3, 173.1), (436.3, 180.5), (436.3, 180.5), (436.3, 180.5), (436.3, 180.5), (436.3, 180.5), (436.3, 180.5), (436.3, 180.5), (436.3, 180.5), (436.3, 180.5), (436.3, 180.5), (436.3, 180.5), (436.3, 176.8), (436.3, 180.5), (436.3, 176.8), (436.3, 176.8), (436.3, 180.5), (436.3, 176.8), (436.3, 176.8), (436.3, 180.5), (436.3, 165.6)]",0,1,8.18
novice,bomberman,10,Bomb,1,0,28.47,0.154,"[(48.0, 48.0), (62.9, 51.7), (77.9, 44.3), (92.8, 44.3), (107.7, 44.3), (122.7, 44.3), (137.6, 44.3), (152.5, 44.3), (167.5, 44.3), (182.4, 44.3), (197.3, 44.3), (212.3, 44.3), (227.2, 44.3), (242.1, 59.2), (244.0, 74.1), (244.0, 92.8), (244.0, 109.6), (258.9, 115.2), (273.9, 115.2), (275.7, 115.2), (275.7, 115.2), (275.7, 115.2), (275.7, 115.2), (275.7, 115.2), (275.7, 115.2), (275.7, 115.2), (275.7, 115.2), (275.7, 115.2), (275.7, 115.2), (275.7, 115.2), (275.7, 115.2), (275.7, 115.2), (275.7, 115.2), (275.7, 115.2), (275.7, 115.2), (275.7, 115.2), (275.7, 115.2), (275.7, 115.2), (275.7, 115.2), (275.7, 115.2), (275.7, 115.2), (275.7, 115.2), (275.7, 115.2), (275.7, 115.2), (275.7, 115.2), (275.7, 115.2), (275.7, 115.2), (275.7, 115.2), (275.7, 115.2), (275.7, 115.2), (275.7, 115.2), (275.7, 115.2), (275.7, 115.2), (275.7, 115.2), (275.7, 115.2), (275.7, 115.2), (275.7, 115.2), (275.7, 115.2), (275.7, 115.2), (275.7, 115.2), (275.7, 115.2)]",0,1,8.0
novice,bomberman,10,Bomb,4,0,28.98,0.577,"[(48.0, 48.0), (62.9, 44.3), (77.9, 44.3), (92.8, 44.3), (107.7, 44.3), (122.7, 44.3), (137.6, 44.3), (152.5, 44.3), (167.5, 44.3), (182.4, 44.3), (197.3, 44.3), (212.3, 44.3), (227.2, 44.3), (242.1, 44.3), (257.1, 44.3), (272.0, 44.3), (286.9, 44.3), (301.9, 44.3), (316.8, 44.3), (331.7, 44.3), (346.7, 44.3), (361.6, 44.3), (376.5, 44.3), (391.5, 44.3), (406.4, 44.3), (421.3, 48.0), (436.3, 61.1), (436.3, 76.0), (436.3, 90.9), (436.3, 105.9), (436.3, 120.8), (436.3, 135.7), (436.3, 150.7), (436.3, 165.6), (436.3, 150.7), (436.3, 150.7), (436.3, 143.2), (436.3, 150.7), (436.3, 150.7), (436.3, 165.6), (436.3, 161.9), (436.3, 161.9), (436.3, 165.6), (436.3, 161.9), (436.3, 161.9), (436.3, 165.6), (436.3, 161.9), (436.3, 158.1), (436.3, 154.4), (436.3, 139.5), (436.3, 135.7), (436.3, 132.0), (436.3, 128.3), (436.3, 128.3), (436.3, 132.0), (436.3, 124.5), (436.3, 117.1), (436.3, 120.8), (436.3, 113.3), (436.3, 113.3), (436.3, 109.6), (436.3, 105.9), (436.3, 105.9), (436.3, 98.4), (436.3, 94.7), (436.3, 79.7), (436.3, 64.8), (436.3, 61.1), (436.3, 46.1), (436.3, 44.3), (436.3, 44.3), (436.3, 44.3), (436.3, 44.3), (436.3, 44.3), (436.3, 44.3), (436.3, 44.3), (436.3, 44.3), (436.3, 44.3), (436.3, 44.3), (436.3, 44.3), (436.3, 44.3), (436.3, 44.3), (436.3, 44.3), (436.3, 44.3), (436.3, 44.3), (436.3, 44.3), (436.3, 44.3), (436.3, 44.3), (436.3, 44.3), (436.3, 44.3), (436.3, 44.3), (436.3, 44.3), (436.3, 44.3), (436.3, 44.3), (436.3, 44.3), (436.3, 44.3), (436.3, 44.3), (436.3, 44.3), (436.3, 44.3), (436.3, 44.3), (436.3, 44.3)]",0,2,13.4
novice,bomberman,10,Bomb,1,0,32.36,0.538,"[(48.0, 48.0), (62.9, 44.3), (77.9, 44.3), (92.8, 44.3), (107.7, 44.3), (122.7, 44.3), (137.6, 44.3), (152.5, 44.3), (167.5, 44.3), (182.4, 44.3), (197.3, 44.3), (212.3, 44.3), (227.2, 44.3), (242.1, 44.3), (257.1, 44.3), (272.0, 44.3), (286.9, 44.3), (301.9, 44.3), (316.8, 44.3), (331.7, 44.3), (346.7, 44.3), (361.6, 44.3), (376.5, 44.3), (391.5, 44.3), (406.4, 44.3), (421.3, 44.3), (436.3, 44.3), (436.3, 44.3), (436.3, 44.3), (436.3, 44.3), (436.3, 44.3), (436.3, 44.3), (436.3, 44.3), (436.3, 44.3), (436.3, 44.3), (436.3, 44.3), (436.3, 44.3), (436.3, 44.3), (436.3, 44.3), (436.3, 44.3), (436.3, 44.3), (436.3, 57.3), (436.3, 72.3), (436.3, 87.2), (436.3, 102.1), (436.3, 117.1), (436.3, 132.0), (436.3, 135.7), (436.3, 128.3), (436.3, 124.5), (436.3, 124.5), (436.3, 128.3), (436.3, 124.5), (436.3, 124.5), (436.3, 128.3), (436.3, 124.5), (436.3, 124.5), (436.3, 128.3), (436.3, 124.5), (436.3, 124.5), (436.3, 128.3), (436.3, 124.5), (436.3, 124.5), (436.3, 128.3), (436.3, 124.5), (436.3, 117.1), (436.3, 117.1), (436.3, 117.1), (436.3, 117.1), (436.3, 117.1), (436.3, 117.1), (436.3, 117.1), (436.3, 117.1), (436.3, 117.1), (436.3, 117.1), (436.3, 117.1), (436.3, 117.1), (436.3, 117.1), (436.3, 117.1), (436.3, 117.1), (436.3, 117.1), (436.3, 117.1), (436.3, 117.1), (436.3, 118.9), (436.3, 133.9), (436.3, 148.8), (436.3, 163.7), (436.3, 178.7), (436.3, 180.5), (436.3, 180.5), (436.3, 180.5)]",0,0,12.0
novice,bomberman,10,Bomb,1,0,48.53,0.538,"[(48.0, 48.0), (62.9, 44.3), (77.9, 44.3), (92.8, 44.3), (107.7, 44.3), (122.7, 44.3), (137.6, 44.3), (152.5, 44.3), (167.5, 44.3), (182.4, 44.3), (197.3, 44.3), (212.3, 44.3), (227.2, 44.3), (242.1, 44.3), (257.1, 44.3), (272.0, 44.3), (286.9, 44.3), (301.9, 44.3), (316.8, 44.3), (331.7, 44.3), (346.7, 44.3), (361.6, 44.3), (376.5, 44.3), (391.5, 44.3), (406.4, 44.3), (421.3, 48.0), (436.3, 61.1), (436.3, 76.0), (436.3, 90.9), (436.3, 105.9), (436.3, 120.8), (436.3, 124.5), (436.3, 139.5), (436.3, 154.4), (436.3, 150.7), (436.3, 150.7), (436.3, 154.4), (436.3, 150.7), (436.3, 150.7), (436.3, 165.6), (436.3, 161.9), (436.3, 161.9), (436.3, 165.6), (436.3, 161.9), (436.3, 161.9), (436.3, 165.6), (436.3, 161.9), (436.3, 161.9), (436.3, 165.6), (436.3, 161.9), (436.3, 161.9), (436.3, 165.6), (436.3, 161.9), (436.3, 158.1), (436.3, 154.4), (436.3, 150.7), (436.3, 150.7), (436.3, 154.4), (436.3, 150.7), (436.3, 150.7), (436.3, 154.4)]",0,1,8.0
novice,bomberman,10,Bomb,4,0,9.29,0.846,"[(48.0, 48.0), (62.9, 44.3), (77.9, 44.3), (92.8, 44.3), (107.7, 44.3), (122.7, 44.3), (137.6, 44.3), (152.5, 44.3), (167.5, 44.3), (182.4, 44.3), (197.3, 44.3), (212.3, 44.3), (227.2, 44.3), (242.1, 44.3), (257.1, 44.3), (272.0, 44.3), (286.9, 44.3), (301.9, 44.3), (316.8, 44.3), (331.7, 44.3), (346.7, 44.3), (361.6, 44.3), (376.5, 44.3), (391.5, 44.3), (406.4, 44.3), (421.3, 48.0), (436.3, 61.1), (436.3, 76.0), (436.3, 90.9), (436.3, 105.9), (436.3, 120.8), (436.3, 135.7), (436.3, 150.7), (436.3, 154.4), (436.3, 146.9), (436.3, 146.9), (436.3, 143.2), (436.3, 146.9), (436.3, 146.9), (436.3, 154.4), (436.3, 150.7), (436.3, 158.1), (436.3, 165.6), (436.3, 161.9), (436.3, 161.9), (436.3, 154.4), (436.3, 150.7), (436.3, 150.7), (436.3, 143.2), (436.3, 135.7), (436.3, 124.5), (436.3, 120.8), (436.3, 117.1), (436.3, 113.3), (436.3, 109.6), (436.3, 113.3), (436.3, 105.9), (436.3, 109.6), (436.3, 105.9), (436.3, 102.1), (436.3, 98.4), (436.3, 90.9), (436.3, 90.9), (436.3, 76.0), (436.3, 79.7), (436.3, 72.3), (436.3, 76.0), (436.3, 68.5), (436.3, 57.3), (436.3, 44.3), (436.3, 44.3), (436.3, 44.3), (436.3, 44.3), (436.3, 44.3), (436.3, 46.1), (436.3, 61.1), (436.3, 76.0), (436.3, 90.9), (436.3, 105.9), (436.3, 120.8), (436.3, 135.7), (436.3, 150.7), (436.3, 158.1), (436.3, 158.1), (436.3, 161.9), (436.3, 165.6), (436.3, 169.3), (436.3, 173.1), (436.3, 176.8), (436.3, 180.5), (436.3, 184.3), (436.3, 188.0), (436.3, 191.7), (436.3, 206.7), (436.3, 210.4), (436.3, 214.1), (436.3, 217.9), (436.3, 221.6), (436.3, 225.3), (436.3, 229.1), (436.3, 225.3), (436.3, 225.3), (436.3, 229.1), (436.3, 221.6), (436.3, 221.6), (436.3, 206.7), (436.3, 202.9), (436.3, 199.2), (436.3, 195.5), (436.3, 191.7), (436.3, 176.8), (436.3, 161.9), (436.3, 146.9), (436.3, 132.0), (436.3, 117.1), (436.3, 102.1), (436.3, 98.4), (436.3, 94.7), (436.3, 98.4), (436.3, 98.4), (436.3, 94.7), (436.3, 90.9), (436.3, 87.2), (436.3, 83.5), (436.3, 79.7), (436.3, 76.0), (436.3, 72.3), (436.3, 68.5), (436.3, 53.6), (436.3, 44.3), (436.3, 44.3), (436.3, 44.3), (436.3, 44.3), (436.3, 48.0), (436.3, 51.7), (436.3, 66.7), (436.3, 81.6), (436.3, 96.5), (436.3, 111.5), (436.3, 126.4), (436.3, 141.3), (436.3, 156.3), (436.3, 163.7), (436.3, 171.2), (436.3, 167.5), (436.3, 174.9), (436.3, 174.9), (436.3, 178.7), (436.3, 182.4), (436.3, 197.3), (436.3, 201.1), (436.3, 208.5), (436.3, 208.5), (436.3, 212.3), (436.3, 216.0), (436.3, 227.2), (436.3, 223.5), (436.3, 227.2), (436.3, 227.2), (436.3, 223.5), (436.3, 219.7), (436.3, 216.0), (436.3, 212.3), (436.3, 208.5), (436.3, 216.0), (436.3, 201.1), (436.3, 186.1), (436.3, 171.2), (436.3, 156.3), (436.3, 141.3), (436.3, 126.4), (436.3, 111.5), (436.3, 104.0), (436.3, 96.5), (436.3, 100.3), (436.3, 96.5), (436.3, 96.5), (436.3, 100.3), (436.3, 85.3), (436.3, 85.3), (436.3, 77.9), (436.3, 81.6), (436.3, 74.1), (436.3, 66.7), (436.3, 70.4), (436.3, 59.2), (436.3, 44.3), (436.3, 44.3), (436.3, 44.3), (436.3, 44.3), (436.3, 48.0), (436.3, 51.7), (436.3, 55.5), (436.3, 59.2), (436.3, 74.1), (436.3, 89.1), (436.3, 104.0), (436.3, 118.9), (436.3, 133.9), (436.3, 148.8), (436.3, 163.7), (436.3, 178.7), (436.3, 182.4), (436.3, 182.4), (436.3, 189.9), (436.3, 204.8), (436.3, 208.5), (436.3, 212.3), (436.3, 216.0), (436.3, 216.0), (436.3, 223.5), (436.3, 227.2), (436.3, 227.2), (436.3, 223.5), (436.3, 227.2), (436.3, 227.2), (436.3, 223.5), (436.3, 227.2), (436.3, 227.2), (436.3, 212.3), (436.3, 216.0), (436.3, 208.5), (436.3, 212.3), (436.3, 204.8), (436.3, 204.8), (436.3, 189.9), (436.3, 174.9), (436.3, 160.0), (436.3, 145.1), (436.3, 130.1), (436.3, 115.2), (436.3, 100.3), (436.3, 96.5), (436.3, 96.5), (436.3, 100.3), (436.3, 85.3), (436.3, 85.3), (436.3, 77.9), (436.3, 81.6), (436.3, 74.1), (436.3, 66.7), (436.3, 70.4), (436.3, 59.2), (436.3, 44.3), (436.3, 44.3), (436.3, 44.3), (436.3, 44.3), (436.3, 48.0), (436.3, 51.7), (436.3, 55.5), (436.3, 59.2), (436.3, 74.1), (436.3, 89.1), (436.3, 96.5), (436.3, 107.7), (436.3, 122.7), (436.3, 137.6), (436.3, 152.5), (436.3, 167.5), (436.3, 182.4), (436.3, 197.3), (436.3, 201.1), (436.3, 208.5), (436.3, 208.5), (436.3, 212.3), (436.3, 216.0), (436.3, 219.7), (436.3, 223.5), (436.3, 227.2), (436.3, 227.2), (436.3, 234.7), (436.3, 230.9), (436.3, 230.9), (436.3, 223.5), (436.3, 227.2), (436.3, 227.2), (436.3, 223.5), (436.3, 219.7), (436.3, 216.0), (436.3, 212.3), (436.3, 208.5), (436.3, 204.8), (436.3, 201.1), (436.3, 197.3), (432.5, 193.6), (436.3, 178.7), (436.3, 174.9), (436.3, 182.4), (436.3, 178.7), (436.3, 193.6), (436.3, 193.6), (436.3, 189.9), (436.3, 193.6), (436.3, 197.3), (436.3, 201.1), (436.3, 204.8), (436.3, 219.7), (436.3, 234.7), (436.3, 249.6), (436.3, 253.3), (436.3, 257.1), (436.3, 249.6), (436.3, 249.6), (436.3, 245.9), (436.3, 242.1), (436.3, 238.4), (436.3, 234.7), (436.3, 230.9), (436.3, 230.9), (436.3, 234.7), (436.3, 230.9), (436.3, 216.0), (436.3, 204.8), (436.3, 204.8)]",0,3,41.8
novice,bomberman,10,Enemy,1,0,17.85,0.846,"[(48.0, 48.0), (62.9, 51.7), (77.9, 44.3), (92.8, 44.3), (107.7, 44.3), (122.7, 44.3), (137.6, 44.3), (152.5, 44.3), (167.5, 44.3), (182.4, 44.3), (197.3, 44.3), (212.3, 44.3), (227.2, 44.3), (242.1, 48.0), (257.1, 51.7), (272.0, 44.3), (286.9, 44.3), (301.9, 44.3), (316.8, 44.3), (331.7, 44.3), (346.7, 44.3), (361.6, 44.3), (376.5, 44.3), (391.5, 44.3), (406.4, 44.3), (421.3, 48.0), (436.3, 61.1), (436.3, 76.0), (436.3, 90.9), (436.3, 105.9), (436.3, 120.8), (436.3, 124.5), (436.3, 139.5), (436.3, 154.4), (436.3, 169.3), (436.3, 169.3), (436.3, 165.6), (436.3, 169.3), (436.3, 173.1), (436.3, 176.8), (436.3, 180.5), (436.3, 180.5), (436.3, 180.5), (436.3, 180.5), (436.3, 180.5), (436.3, 180.5), (436.3, 180.5), (436.3, 180.5), (436.3, 180.5), (436.3, 180.5), (436.3, 180.5), (436.3, 180.5), (436.3, 180.5), (436.3, 180.5), (436.3, 180.5), (436.3, 180.5), (436.3, 180.5), (436.3, 180.5), (436.3, 180.5), (436.3, 180.5), (436.3, 180.5), (436.3, 180.5), (436.3, 180.5), (436.3, 180.5), (436.3, 176.8), (436.3, 161.9), (436.3, 146.9), (436.3, 132.0), (436.3, 117.1), (436.3, 102.1), (436.3, 87.2), (436.3, 83.5), (436.3, 79.7), (436.3, 83.5), (436.3, 83.5), (436.3, 90.9), (436.3, 87.2), (436.3, 87.2), (436.3, 90.9), (436.3, 96.5), (436.3, 96.5), (436.3, 96.5), (436.3, 96.5), (436.3, 96.5), (436.3, 96.5), (436.3, 96.5), (436.3, 96.5), (436.3, 96.5), (436.3, 96.5), (436.3, 96.5), (436.3, 96.5), (436.3, 105.9), (436.3, 113.3), (436.3, 124.5), (436.3, 133.9), (436.3, 148.8), (436.3, 163.7), (436.3, 178.7), (436.3, 193.6), (436.3, 208.5), (436.3, 223.5), (436.3, 238.4), (436.3, 253.3), (436.3, 260.8), (436.3, 257.1), (436.3, 253.3), (436.3, 257.1), (436.3, 257.1), (436.3, 253.3), (436.3, 257.1), (436.3, 257.1), (436.3, 253.3), (436.3, 249.6), (436.3, 249.6), (436.3, 253.3), (436.3, 249.6), (436.3, 245.9), (436.3, 242.1), (436.3, 238.4), (436.3, 238.4), (436.3, 230.9), (436.3, 216.0), (436.3, 201.1), (436.3, 186.1), (436.3, 171.2), (436.3, 156.3), (436.3, 141.3), (436.3, 137.6), (436.3, 145.1), (436.3, 141.3), (436.3, 145.1), (436.3, 148.8), (436.3, 152.5), (436.3, 148.8), (436.3, 148.8), (436.3, 152.5), (436.3, 160.0), (436.3, 160.0), (436.3, 163.7), (436.3, 163.7), (436.3, 163.7), (436.3, 163.7), (436.3, 163.7), (436.3, 163.7), (436.3, 163.7), (436.3, 163.7), (436.3, 163.7), (436.3, 163.7), (436.3, 163.7), (436.3, 163.7), (436.3, 163.7), (436.3, 163.7), (436.3, 163.7), (436.3, 163.7), (436.3, 167.5), (436.3, 182.4), (436.3, 197.3), (436.3, 212.3), (436.3, 227.2), (436.3, 242.1), (436.3, 257.1), (436.3, 257.1), (436.3, 253.3), (436.3, 257.1)]",0,4,21.75
novice,bomberman,10,Enemy,3,0,22.47,0.808,"[(48.0, 48.0), (62.9, 44.3), (77.9, 44.3), (92.8, 44.3), (107.7, 44.3), (122.7, 44.3), (137.6, 44.3), (152.5, 44.3), (167.5, 44.3), (182.4, 44.3), (197.3, 44.3), (212.3, 44.3), (227.2, 44.3), (242.1, 44.3), (257.1, 44.3), (272.0, 44.3), (286.9, 44.3), (301.9, 44.3), (316.8, 44.3), (331.7, 44.3), (346.7, 44.3), (361.6, 44.3), (376.5, 44.3), (391.5, 44.3), (406.4, 44.3), (421.3, 48.0), (436.3, 61.1), (436.3, 76.0), (436.3, 90.9), (436.3, 105.9), (436.3, 120.8), (436.3, 135.7), (436.3, 150.7), (436.3, 143.2), (436.3, 146.9), (436.3, 139.5), (436.3, 132.0), (436.3, 139.5), (436.3, 146.9), (436.3, 143.2), (436.3, 150.7), (436.3, 150.7), (436.3, 165.6), (436.3, 161.9), (436.3, 161.9), (436.3, 165.6), (436.3, 158.1), (436.3, 150.7), (436.3, 154.4), (436.3, 150.7), (436.3, 150.7), (436.3, 154.4), (436.3, 150.7), (436.3, 135.7), (436.3, 132.0), (436.3, 135.7), (436.3, 124.5), (436.3, 109.6), (436.3, 105.9), (436.3, 105.9), (436.3, 109.6), (436.3, 105.9), (436.3, 102.1), (436.3, 98.4), (436.3, 98.4), (436.3, 98.4), (436.3, 98.4), (436.3, 98.4), (436.3, 98.4), (436.3, 98.4), (436.3, 98.4), (436.3, 98.4), (436.3, 98.4), (436.3, 98.4), (436.3, 98.4), (436.3, 98.4), (436.3, 98.4), (436.3, 98.4), (436.3, 109.6), (436.3, 124.5), (436.3, 139.5), (436.3, 154.4), (436.3, 161.9), (436.3, 161.9), (436.3, 165.6), (436.3, 169.3), (436.3, 173.1), (436.3, 176.8), (436.3, 180.5), (436.3, 184.3), (436.3, 188.0), (436.3, 202.9), (436.3, 206.7), (436.3, 210.4), (436.3, 214.1), (436.3, 217.9), (436.3, 221.6), (436.3, 225.3), (436.3, 225.3), (436.3, 221.6), (436.3, 225.3), (436.3, 225.3), (436.3, 221.6), (436.3, 225.3), (436.3, 225.3), (436.3, 210.4), (436.3, 206.7), (436.3, 206.7), (436.3, 210.4), (436.3, 214.1), (436.3, 214.1), (436.3, 210.4), (436.3, 214.1), (436.3, 214.1), (436.3, 210.4), (436.3, 214.1), (436.3, 217.9), (436.3, 221.6), (436.3, 225.3), (436.3, 225.3), (430.7, 221.6), (434.4, 225.3), (434.4, 225.3), (430.7, 221.6), (434.4, 225.3), (428.8, 225.3), (428.8, 221.6), (428.8, 225.3)]",0,3,16.95
novice,bomberman,10,Enemy,1,0,21.68,0.808,"[(48.0, 48.0), (62.9, 44.3), (77.9, 44.3), (92.8, 44.3), (107.7, 44.3), (122.7, 44.3), (137.6, 44.3), (152.5, 44.3), (167.5, 44.3), (182.4, 44.3), (197.3, 44.3), (212.3, 44.3), (227.2, 44.3), (242.1, 44.3), (257.1, 44.3), (272.0, 44.3), (286.9, 44.3), (301.9, 44.3), (316.8, 44.3), (331.7, 44.3), (346.7, 44.3), (361.6, 44.3), (376.5, 44.3), (391.5, 44.3), (406.4, 44.3), (421.3, 48.0), (436.3, 61.1), (436.3, 76.0), (436.3, 90.9), (436.3, 94.7), (436.3, 98.4), (436.3, 102.1), (436.3, 117.1), (436.3, 132.0), (436.3, 146.9), (436.3, 161.9), (436.3, 165.6), (436.3, 161.9), (436.3, 161.9), (436.3, 165.6), (436.3, 161.9), (436.3, 161.9), (436.3, 165.6), (436.3, 161.9), (436.3, 161.9), (436.3, 165.6), (436.3, 161.9), (436.3, 169.3), (436.3, 165.6), (436.3, 169.3), (436.3, 169.3), (436.3, 165.6), (436.3, 173.1), (436.3, 173.1), (436.3, 176.8), (436.3, 173.1), (436.3, 173.1), (430.7, 174.9), (428.8, 178.7), (428.8, 178.7), (428.8, 174.9), (428.8, 180.5), (428.8, 180.5), (428.8, 180.5), (428.8, 176.8), (430.7, 161.9), (436.3, 146.9), (436.3, 132.0), (436.3, 117.1), (436.3, 102.1), (436.3, 87.2), (436.3, 72.3), (436.3, 57.3), (436.3, 49.9), (436.3, 49.9), (436.3, 46.1), (436.3, 53.6), (436.3, 53.6), (436.3, 57.3), (436.3, 72.3), (436.3, 83.5), (436.3, 90.9), (436.3, 87.2), (436.3, 94.7), (436.3, 90.9), (436.3, 94.7), (436.3, 94.7), (436.3, 90.9), (436.3, 94.7), (436.3, 94.7), (436.3, 90.9), (436.3, 96.5), (436.3, 109.6), (436.3, 118.9), (436.3, 133.9), (436.3, 148.8), (436.3, 163.7), (436.3, 178.7), (436.3, 193.6), (436.3, 208.5), (436.3, 223.5), (436.3, 223.5), (436.3, 219.7), (436.3, 223.5), (436.3, 223.5), (436.3, 219.7), (436.3, 223.5), (436.3, 223.5), (436.3, 219.7), (436.3, 216.0), (436.3, 212.3), (436.3, 208.5), (436.3, 204.8), (436.3, 201.1), (436.3, 197.3), (436.3, 193.6), (436.3, 189.9), (436.3, 186.1), (436.3, 178.7), (436.3, 178.7), (436.3, 174.9), (436.3, 167.5), (436.3, 178.7), (436.3, 186.1), (436.3, 189.9), (436.3, 193.6), (436.3, 197.3), (436.3, 193.6), (436.3, 193.6), (436.3, 197.3), (436.3, 193.6), (436.3, 193.6), (436.3, 197.3), (432.5, 201.1)]",0,3,17.73
novice,bomberman,10,Enemy,15,0,8.73,0.769,"[(48.0, 48.0), (62.9, 44.3), (77.9, 44.3), (92.8, 44.3), (107.7, 44.3), (122.7, 44.3), (137.6, 44.3), (152.5, 44.3), (167.5, 44.3), (182.4, 44.3), (197.3, 44.3), (212.3, 44.3), (227.2, 44.3), (242.1, 44.3), (257.1, 44.3), (272.0, 44.3), (286.9, 44.3), (301.9, 44.3), (316.8, 44.3), (331.7, 44.3), (346.7, 44.3), (361.6, 44.3), (376.5, 44.3), (391.5, 44.3), (406.4, 44.3), (421.3, 44.3), (436.3, 44.3), (436.3, 44.3), (436.3, 44.3), (436.3, 44.3), (436.3, 44.3), (436.3, 44.3), (436.3, 57.3), (436.3, 72.3), (436.3, 87.2), (436.3, 102.1), (436.3, 117.1), (436.3, 132.0), (436.3, 135.7), (436.3, 139.5), (436.3, 143.2), (436.3, 146.9), (436.3, 150.7), (436.3, 154.4), (436.3, 154.4), (436.3, 150.7), (436.3, 146.9), (436.3, 143.2), (436.3, 139.5), (436.3, 135.7), (436.3, 135.7), (436.3, 128.3), (436.3, 124.5), (436.3, 124.5), (436.3, 128.3), (436.3, 124.5), (436.3, 124.5), (436.3, 128.3), (436.3, 124.5), (436.3, 124.5), (436.3, 128.3), (434.4, 124.5), (434.4, 124.5), (430.7, 128.3), (434.4, 124.5), (436.3, 109.6), (436.3, 94.7), (436.3, 79.7), (436.3, 64.8), (436.3, 49.9), (436.3, 44.3), (436.3, 44.3), (436.3, 44.3), (436.3, 44.3), (436.3, 44.3), (436.3, 44.3), (436.3, 44.3), (436.3, 44.3), (436.3, 44.3), (436.3, 44.3), (436.3, 44.3), (436.3, 44.3), (436.3, 44.3), (436.3, 44.3), (436.3, 44.3), (436.3, 44.3), (436.3, 44.3), (436.3, 44.3), (436.3, 44.3), (436.3, 44.3), (436.3, 44.3), (436.3, 44.3), (436.3, 57.3), (436.3, 66.7), (436.3, 70.4), (436.3, 85.3), (436.3, 100.3), (436.3, 115.2), (436.3, 130.1), (436.3, 145.1), (436.3, 152.5), (436.3, 152.5), (436.3, 145.1), (436.3, 141.3), (436.3, 141.3), (436.3, 145.1), (436.3, 137.6), (436.3, 137.6), (436.3, 133.9), (436.3, 126.4), (436.3, 126.4), (436.3, 122.7), (436.3, 126.4), (436.3, 126.4), (436.3, 122.7), (436.3, 126.4), (436.3, 126.4), (436.3, 122.7), (436.3, 126.4), (436.3, 126.4), (436.3, 122.7), (432.5, 126.4), (436.3, 126.4), (436.3, 122.7), (436.3, 118.9), (436.3, 104.0), (436.3, 89.1), (436.3, 74.1), (436.3, 59.2), (436.3, 44.3), (436.3, 44.3), (436.3, 44.3), (436.3, 44.3), (436.3, 44.3), (436.3, 44.3), (436.3, 44.3), (436.3, 44.3), (436.3, 44.3), (436.3, 44.3), (436.3, 44.3), (436.3, 44.3), (436.3, 44.3), (436.3, 44.3), (436.3, 44.3), (436.3, 44.3), (436.3, 44.3), (436.3, 44.3), (436.3, 44.3), (436.3, 44.3), (436.3, 44.3), (436.3, 44.3), (436.3, 44.3), (436.3, 44.3), (436.3, 44.3), (436.3, 48.0), (436.3, 62.9), (436.3, 77.9), (436.3, 92.8), (436.3, 107.7), (436.3, 122.7), (436.3, 137.6), (436.3, 141.3), (436.3, 145.1), (436.3, 137.6), (436.3, 137.6), (436.3, 133.9), (436.3, 126.4), (436.3, 126.4), (436.3, 122.7), (436.3, 126.4), (436.3, 126.4), (436.3, 122.7), (436.3, 126.4), (436.3, 126.4), (436.3, 122.7), (436.3, 126.4), (436.3, 126.4), (436.3, 122.7), (436.3, 126.4), (436.3, 126.4), (436.3, 122.7), (436.3, 126.4), (436.3, 126.4), (436.3, 122.7), (436.3, 118.9), (436.3, 104.0), (436.3, 89.1), (436.3, 74.1), (436.3, 59.2), (436.3, 44.3), (436.3, 44.3), (436.3, 44.3), (436.3, 44.3), (436.3, 44.3), (436.3, 44.3), (436.3, 44.3), (436.3, 44.3), (436.3, 44.3), (436.3, 44.3), (436.3, 44.3), (436.3, 44.3), (436.3, 44.3), (436.3, 44.3), (436.3, 44.3), (436.3, 44.3), (436.3, 44.3), (436.3, 44.3), (436.3, 44.3), (436.3, 44.3), (436.3, 44.3), (436.3, 44.3), (436.3, 44.3), (436.3, 44.3), (436.3, 44.3), (436.3, 48.0), (436.3, 62.9), (436.3, 77.9), (436.3, 92.8), (436.3, 107.7), (436.3, 122.7), (436.3, 137.6), (436.3, 137.6), (436.3, 133.9), (436.3, 126.4), (436.3, 126.4), (436.3, 122.7), (436.3, 126.4), (436.3, 126.4), (436.3, 122.7), (436.3, 126.4), (436.3, 126.4), (436.3, 122.7), (436.3, 126.4), (436.3, 126.4), (436.3, 122.7), (436.3, 126.4), (436.3, 126.4), (436.3, 122.7), (436.3, 126.4), (436.3, 126.4), (436.3, 122.7), (436.3, 126.4), (436.3, 126.4), (436.3, 122.7), (436.3, 118.9), (436.3, 104.0), (436.3, 100.3), (436.3, 115.2), (436.3, 126.4), (436.3, 133.9), (436.3, 137.6), (436.3, 143.2), (436.3, 146.9), (436.3, 161.9), (436.3, 161.9), (436.3, 158.1), (436.3, 161.9), (436.3, 161.9), (436.3, 158.1), (436.3, 161.9), (436.3, 161.9), (436.3, 158.1), (432.5, 161.9), (432.5, 165.6), (436.3, 169.3), (436.3, 180.5), (436.3, 180.5), (436.3, 180.5), (436.3, 180.5), (436.3, 180.5), (436.3, 180.5), (428.8, 180.5), (428.8, 180.5), (428.8, 180.5), (432.5, 176.8), (436.3, 161.9), (436.3, 146.9), (436.3, 132.0), (436.3, 117.1), (436.3, 102.1), (436.3, 94.7), (436.3, 94.7), (436.3, 90.9), (436.3, 94.7), (436.3, 94.7), (436.3, 90.9), (436.3, 94.7), (436.3, 94.7), (436.3, 90.9), (436.3, 94.7), (436.3, 94.7), (436.3, 90.9), (436.3, 94.7), (436.3, 94.7), (436.3, 90.9), (436.3, 94.7), (436.3, 94.7), (436.3, 90.9), (436.3, 94.7), (436.3, 94.7), (436.3, 90.9), (436.3, 102.1), (436.3, 104.0), (436.3, 118.9), (436.3, 133.9), (436.3, 148.8), (436.3, 163.7), (436.3, 178.7), (436.3, 193.6), (436.3, 208.5), (436.3, 201.1), (436.3, 201.1), (436.3, 197.3), (436.3, 193.6), (436.3, 193.6), (436.3, 197.3), (436.3, 193.6), (436.3, 193.6), (436.3, 197.3), (436.3, 193.6), (436.3, 193.6), (436.3, 197.3), (436.3, 193.6), (436.3, 193.6), (436.3, 197.3), (436.3, 193.6), (436.3, 193.6), (436.3, 197.3), (436.3, 193.6), (436.3, 193.6), (436.3, 197.3), (436.3, 193.6), (436.3, 193.6), (436.3, 197.3)]",0,3,44.5
novice,bomberman,10,Bomb,7,0,40.87,0.423,"[(48.0, 48.0), (62.9, 44.3), (77.9, 44.3), (92.8, 44.3), (107.7, 44.3), (122.7, 44.3), (137.6, 44.3), (152.5, 44.3), (167.5, 44.3), (182.4, 44.3), (197.3, 44.3), (212.3, 44.3), (227.2, 44.3), (242.1, 44.3), (257.1, 44.3), (272.0, 44.3), (286.9, 44.3), (301.9, 44.3), (316.8, 44.3), (331.7, 44.3), (346.7, 44.3), (361.6, 44.3), (376.5, 44.3), (391.5, 44.3), (406.4, 44.3), (421.3, 44.3), (436.3, 44.3), (436.3, 44.3), (436.3, 44.3), (436.3, 44.3), (436.3, 44.3), (436.3, 44.3), (436.3, 44.3), (436.3, 44.3), (436.3, 44.3), (436.3, 44.3), (436.3, 44.3), (436.3, 44.3), (436.3, 44.3), (436.3, 44.3), (436.3, 44.3), (436.3, 44.3), (436.3, 44.3), (436.3, 44.3), (436.3, 44.3), (436.3, 44.3), (436.3, 44.3), (436.3, 44.3), (436.3, 44.3), (436.3, 44.3), (436.3, 44.3), (436.3, 55.5), (436.3, 62.9), (436.3, 62.9), (436.3, 66.7), (436.3, 62.9), (436.3, 62.9), (436.3, 66.7), (436.3, 62.9), (436.3, 62.9), (436.3, 66.7), (436.3, 62.9), (436.3, 62.9), (436.3, 66.7), (436.3, 62.9), (436.3, 62.9), (436.3, 66.7), (436.3, 62.9), (436.3, 62.9), (436.3, 66.7), (436.3, 62.9), (436.3, 62.9)]",0,0,9.5
novice,bomberman,10,Bomb,4,0,37.77,0.462,"[(48.0, 48.0), (62.9, 44.3), (77.9, 44.3), (92.8, 44.3), (107.7, 44.3), (122.7, 44.3), (137.6, 44.3), (152.5, 44.3), (167.5, 44.3), (182.4, 44.3), (197.3, 44.3), (212.3, 44.3), (227.2, 44.3), (242.1, 44.3), (257.1, 44.3), (272.0, 44.3), (286.9, 44.3), (301.9, 44.3), (316.8, 44.3), (331.7, 44.3), (346.7, 44.3), (361.6, 49.9), (372.8, 64.8), (372.8, 79.7), (372.8, 94.7), (372.8, 109.6), (372.8, 115.2), (372.8, 115.2), (372.8, 115.2), (372.8, 115.2), (372.8, 115.2), (372.8, 115.2), (372.8, 115.2), (372.8, 115.2), (372.8, 115.2), (372.8, 115.2), (372.8, 115.2), (372.8, 115.2), (372.8, 115.2), (372.8, 115.2), (372.8, 115.2), (372.8, 115.2), (372.8, 115.2), (372.8, 115.2), (372.8, 115.2), (372.8, 115.2), (372.8, 115.2), (372.8, 115.2), (372.8, 115.2), (372.8, 115.2), (372.8, 115.2), (372.8, 115.2), (372.8, 115.2), (372.8, 115.2), (372.8, 115.2), (372.8, 115.2), (372.8, 115.2), (372.8, 115.2), (372.8, 115.2), (372.8, 115.2), (372.8, 115.2), (372.8, 115.2), (372.8, 115.2), (372.8, 115.2), (372.8, 115.2)]",0,2,8.6
novice,bomberman,10,Bomb,1,0,32.36,0.538,"[(48.0, 48.0), (62.9, 44.3), (77.9, 44.3), (92.8, 44.3), (107.7, 44.3), (122.7, 44.3), (137.6, 44.3), (152.5, 44.3), (167.5, 44.3), (182.4, 44.3), (197.3, 44.3), (212.3, 44.3), (227.2, 44.3), (242.1, 44.3), (257.1, 44.3), (272.0, 44.3), (286.9, 44.3), (301.9, 44.3), (316.8, 44.3), (331.7, 44.3), (346.7, 44.3), (361.6, 44.3), (376.5, 44.3), (391.5, 44.3), (406.4, 44.3), (421.3, 44.3), (436.3, 44.3), (436.3, 44.3), (436.3, 44.3), (436.3, 44.3), (436.3, 44.3), (436.3, 44.3), (436.3, 44.3), (436.3, 44.3), (436.3, 44.3), (436.3, 44.3), (436.3, 44.3), (436.3, 44.3), (436.3, 44.3), (436.3, 44.3), (436.3, 44.3), (436.3, 44.3), (436.3, 44.3), (436.3, 44.3), (436.3, 44.3), (436.3, 44.3), (436.3, 59.2), (436.3, 74.1), (436.3, 83.5), (436.3, 98.4), (436.3, 113.3), (436.3, 128.3), (436.3, 128.3), (436.3, 128.3), (436.3, 128.3), (436.3, 128.3), (436.3, 128.3), (436.3, 128.3), (436.3, 128.3), (436.3, 128.3), (436.3, 128.3), (436.3, 128.3), (436.3, 128.3), (436.3, 128.3), (436.3, 128.3), (436.3, 128.3), (436.3, 128.3), (436.3, 128.3), (436.3, 128.3), (436.3, 128.3), (436.3, 128.3), (436.3, 128.3), (436.3, 128.3), (436.3, 137.6), (436.3, 152.5), (436.3, 156.3), (436.3, 160.0), (436.3, 160.0), (436.3, 156.3), (436.3, 160.0), (436.3, 163.7), (436.3, 173.1), (436.3, 173.1), (436.3, 173.1), (436.3, 173.1), (436.3, 173.1), (436.3, 180.5), (436.3, 180.5), (436.3, 180.5), (436.3, 180.5), (436.3, 180.5)]",0,0,12.0
novice,bomberman,10,Bomb,5,0,30.14,0.5,"[(48.0, 48.0), (62.9, 44.3), (77.9, 44.3), (92.8, 44.3), (107.7, 44.3), (122.7, 44.3), (137.6, 44.3), (152.5, 44.3), (167.5, 44.3), (182.4, 44.3), (197.3, 44.3), (212.3, 44.3), (227.2, 44.3), (242.1, 44.3), (257.1, 44.3), (272.0, 44.3), (286.9, 44.3), (301.9, 44.3), (316.8, 44.3), (331.7, 44.3), (346.7, 44.3), (361.6, 44.3), (376.5, 44.3), (391.5, 44.3), (406.4, 44.3), (421.3, 48.0), (436.3, 61.1), (436.3, 76.0), (436.3, 90.9), (436.3, 105.9), (436.3, 109.6), (436.3, 94.7), (436.3, 79.7), (436.3, 64.8), (436.3, 57.3), (436.3, 72.3), (436.3, 87.2), (436.3, 102.1), (436.3, 117.1), (436.3, 120.8), (436.3, 128.3), (436.3, 128.3), (436.3, 132.0), (436.3, 128.3), (436.3, 128.3), (436.3, 132.0), (436.3, 128.3), (436.3, 128.3), (436.3, 132.0), (436.3, 128.3), (436.3, 128.3), (436.3, 132.0), (436.3, 128.3), (436.3, 128.3), (436.3, 132.0), (436.3, 128.3), (436.3, 128.3), (436.3, 132.0), (436.3, 128.3), (436.3, 128.3), (436.3, 132.0), (436.3, 128.3), (436.3, 128.3), (436.3, 132.0), (436.3, 128.3), (436.3, 128.3), (436.3, 132.0), (436.3, 128.3), (436.3, 113.3), (436.3, 98.4), (436.3, 83.5), (436.3, 68.5), (436.3, 53.6), (436.3, 44.3), (436.3, 44.3), (436.3, 44.3), (436.3, 44.3), (436.3, 44.3), (436.3, 44.3), (436.3, 44.3), (436.3, 44.3), (436.3, 44.3), (436.3, 44.3), (436.3, 44.3), (436.3, 44.3), (436.3, 44.3), (436.3, 44.3), (436.3, 44.3), (436.3, 44.3), (436.3, 44.3), (436.3, 44.3), (436.3, 44.3), (436.3, 44.3), (436.3, 44.3), (436.3, 49.9), (436.3, 49.9), (436.3, 55.5)]",0,1,12.88
novice,bomberman,10,Bomb,2,0,40.86,0.423,"[(48.0, 48.0), (62.9, 44.3), (77.9, 44.3), (92.8, 44.3), (107.7, 44.3), (122.7, 44.3), (137.6, 44.3), (152.5, 44.3), (167.5, 44.3), (182.4, 44.3), (197.3, 44.3), (212.3, 44.3), (227.2, 44.3), (242.1, 44.3), (257.1, 44.3), (272.0, 44.3), (286.9, 44.3), (301.9, 44.3), (316.8, 44.3), (331.7, 44.3), (346.7, 44.3), (361.6, 49.9), (372.8, 64.8), (372.8, 79.7), (372.8, 94.7), (372.8, 109.6), (372.8, 115.2), (372.8, 115.2), (372.8, 115.2), (372.8, 115.2), (372.8, 115.2), (372.8, 115.2), (372.8, 115.2), (372.8, 115.2), (372.8, 115.2), (372.8, 115.2), (372.8, 115.2), (372.8, 115.2), (372.8, 115.2), (372.8, 115.2), (372.8, 115.2), (372.8, 115.2), (372.8, 115.2), (372.8, 115.2), (372.8, 115.2), (372.8, 115.2), (357.9, 115.2), (350.4, 115.2), (350.4, 115.2), (350.4, 115.2), (350.4, 115.2), (350.4, 115.2), (350.4, 115.2), (350.4, 115.2), (350.4, 115.2), (350.4, 115.2)]",0,2,7.4
novice,bomberman,10,Bomb,4,0,9.29,0.846,"[(48.0, 48.0), (62.9, 44.3), (77.9, 44.3), (92.8, 44.3), (107.7, 44.3), (122.7, 44.3), (137.6, 44.3), (152.5, 44.3), (167.5, 44.3), (182.4, 44.3), (197.3, 44.3), (212.3, 44.3), (227.2, 44.3), (242.1, 44.3), (257.1, 44.3), (272.0, 44.3), (286.9, 44.3), (301.9, 44.3), (316.8, 44.3), (331.7, 44.3), (346.7, 44.3), (361.6, 44.3), (376.5, 44.3), (391.5, 44.3), (406.4, 44.3), (421.3, 48.0), (436.3, 61.1), (436.3, 76.0), (436.3, 90.9), (436.3, 105.9), (436.3, 120.8), (436.3, 135.7), (436.3, 150.7), (436.3, 154.4), (436.3, 146.9), (436.3, 146.9), (436.3, 143.2), (436.3, 146.9), (436.3, 146.9), (436.3, 154.4), (436.3, 150.7), (436.3, 158.1), (436.3, 165.6), (436.3, 161.9), (436.3, 161.9), (436.3, 154.4), (436.3, 150.7), (436.3, 150.7), (436.3, 143.2), (436.3, 135.7), (436.3, 124.5), (436.3, 120.8), (436.3, 117.1), (436.3, 113.3), (436.3, 109.6), (436.3, 113.3), (436.3, 105.9), (436.3, 109.6), (436.3, 105.9), (436.3, 102.1), (436.3, 98.4), (436.3, 90.9), (436.3, 90.9), (436.3, 76.0), (436.3, 79.7), (436.3, 72.3), (436.3, 76.0), (436.3, 68.5), (436.3, 57.3), (436.3, 44.3), (436.3, 44.3), (436.3, 44.3), (436.3, 44.3), (436.3, 44.3), (436.3, 46.1), (436.3, 61.1), (436.3, 76.0), (436.3, 90.9), (436.3, 105.9), (436.3, 120.8), (436.3, 135.7), (436.3, 150.7), (436.3, 158.1), (436.3, 158.1), (436.3, 161.9), (436.3, 165.6), (436.3, 169.3), (436.3, 173.1), (436.3, 176.8), (436.3, 180.5), (436.3, 184.3), (436.3, 188.0), (436.3, 191.7), (436.3, 206.7), (436.3, 210.4), (436.3, 214.1), (436.3, 217.9), (436.3, 221.6), (436.3, 225.3), (436.3, 229.1), (436.3, 225.3), (436.3, 225.3), (436.3, 229.1), (436.3, 221.6), (436.3, 221.6), (436.3, 206.7), (436.3, 202.9), (436.3, 199.2), (436.3, 195.5), (436.3, 191.7), (436.3, 176.8), (436.3, 161.9), (436.3, 146.9), (436.3, 132.0), (436.3, 117.1), (436.3, 102.1), (436.3, 98.4), (436.3, 94.7), (436.3, 98.4), (436.3, 98.4), (436.3, 94.7), (436.3, 90.9), (436.3, 87.2), (436.3, 83.5), (436.3, 79.7), (436.3, 76.0), (436.3, 72.3), (436.3, 68.5), (436.3, 53.6), (436.3, 44.3), (436.3, 44.3), (436.3, 44.3), (436.3, 44.3), (436.3, 48.0), (436.3, 51.7), (436.3, 66.7), (436.3, 81.6), (436.3, 96.5), (436.3, 111.5), (436.3, 126.4), (436.3, 141.3), (436.3, 156.3), (436.3, 163.7), (436.3, 171.2), (436.3, 167.5), (436.3, 174.9), (436.3, 174.9), (436.3, 178.7), (436.3, 182.4), (436.3, 197.3), (436.3, 201.1), (436.3, 208.5), (436.3, 208.5), (436.3, 212.3), (436.3, 216.0), (436.3, 227.2), (436.3, 223.5), (436.3, 227.2), (436.3, 227.2), (436.3, 223.5), (436.3, 219.7), (436.3, 216.0), (436.3, 212.3), (436.3, 208.5), (436.3, 216.0), (436.3, 201.1), (436.3, 186.1), (436.3, 171.2), (436.3, 156.3), (436.3, 141.3), (436.3, 126.4), (436.3, 111.5), (436.3, 104.0), (436.3, 96.5), (436.3, 100.3), (436.3, 96.5), (436.3, 96.5), (436.3, 100.3), (436.3, 85.3), (436.3, 85.3), (436.3, 77.9), (436.3, 81.6), (436.3, 74.1), (436.3, 66.7), (436.3, 70.4), (436.3, 59.2), (436.3, 44.3), (436.3, 44.3), (436.3, 44.3), (436.3, 44.3), (436.3, 48.0), (436.3, 51.7), (436.3, 55.5), (436.3, 59.2), (436.3, 74.1), (436.3, 89.1), (436.3, 104.0), (436.3, 118.9), (436.3, 133.9), (436.3, 148.8), (436.3, 163.7), (436.3, 178.7), (436.3, 182.4), (436.3, 182.4), (436.3, 189.9), (436.3, 204.8), (436.3, 208.5), (436.3, 212.3), (436.3, 216.0), (436.3, 216.0), (436.3, 223.5), (436.3, 227.2), (436.3, 227.2), (436.3, 223.5), (436.3, 227.2), (436.3, 227.2), (436.3, 223.5), (436.3, 227.2), (436.3, 227.2), (436.3, 212.3), (436.3, 216.0), (436.3, 208.5), (436.3, 212.3), (436.3, 204.8), (436.3, 204.8), (436.3, 189.9), (436.3, 174.9), (436.3, 160.0), (436.3, 145.1), (436.3, 130.1), (436.3, 115.2), (436.3, 100.3), (436.3, 96.5), (436.3, 96.5), (436.3, 100.3), (436.3, 85.3), (436.3, 85.3), (436.3, 77.9), (436.3, 81.6), (436.3, 74.1), (436.3, 66.7), (436.3, 70.4), (436.3, 59.2), (436.3, 44.3), (436.3, 44.3), (436.3, 44.3), (436.3, 44.3), (436.3, 48.0), (436.3, 51.7), (436.3, 55.5), (436.3, 59.2), (436.3, 74.1), (436.3, 89.1), (436.3, 96.5), (436.3, 107.7), (436.3, 122.7), (436.3, 137.6), (436.3, 152.5), (436.3, 167.5), (436.3, 182.4), (436.3, 197.3), (436.3, 201.1), (436.3, 208.5), (436.3, 208.5), (436.3, 212.3), (436.3, 216.0), (436.3, 219.7), (436.3, 223.5), (436.3, 227.2), (436.3, 227.2), (436.3, 234.7), (436.3, 230.9), (436.3, 230.9), (436.3, 223.5), (436.3, 227.2), (436.3, 227.2), (436.3, 223.5), (436.3, 219.7), (436.3, 216.0), (436.3, 212.3), (436.3, 208.5), (436.3, 204.8), (436.3, 201.1), (436.3, 197.3), (432.5, 193.6), (436.3, 178.7), (436.3, 174.9), (436.3, 182.4), (436.3, 178.7), (436.3, 193.6), (436.3, 193.6), (436.3, 189.9), (436.3, 193.6), (436.3, 197.3), (436.3, 201.1), (436.3, 204.8), (436.3, 219.7), (436.3, 234.7), (436.3, 249.6), (436.3, 253.3), (436.3, 257.1), (436.3, 249.6), (436.3, 249.6), (436.3, 245.9), (436.3, 242.1), (436.3, 238.4), (436.3, 234.7), (436.3, 230.9), (436.3, 230.9), (436.3, 234.7), (436.3, 230.9), (436.3, 216.0), (436.3, 204.8), (436.3, 204.8)]",0,3,41.8
novice,bomberman,10,Enemy,1,0,17.85,0.846,"[(48.0, 48.0), (62.9, 51.7), (77.9, 44.3), (92.8, 44.3), (107.7, 44.3), (122.7, 44.3), (137.6, 44.3), (152.5, 44.3), (167.5, 44.3), (182.4, 44.3), (197.3, 44.3), (212.3, 44.3), (227.2, 44.3), (242.1, 48.0), (257.1, 51.7), (272.0, 44.3), (286.9, 44.3), (301.9, 44.3), (316.8, 44.3), (331.7, 44.3), (346.7, 44.3), (361.6, 44.3), (376.5, 44.3), (391.5, 44.3), (406.4, 44.3), (421.3, 48.0), (436.3, 61.1), (436.3, 76.0), (436.3, 90.9), (436.3, 105.9), (436.3, 120.8), (436.3, 124.5), (436.3, 139.5), (436.3, 154.4), (436.3, 169.3), (436.3, 169.3), (436.3, 165.6), (436.3, 169.3), (436.3, 173.1), (436.3, 176.8), (436.3, 180.5), (436.3, 180.5), (436.3, 180.5), (436.3, 180.5), (436.3, 180.5), (436.3, 180.5), (436.3, 180.5), (436.3, 180.5), (436.3, 180.5), (436.3, 180.5), (436.3, 180.5), (436.3, 180.5), (436.3, 180.5), (436.3, 180.5), (436.3, 180.5), (436.3, 180.5), (436.3, 180.5), (436.3, 180.5), (436.3, 180.5), (436.3, 180.5), (436.3, 180.5), (436.3, 180.5), (436.3, 180.5), (436.3, 180.5), (436.3, 176.8), (436.3, 161.9), (436.3, 146.9), (436.3, 132.0), (436.3, 117.1), (436.3, 102.1), (436.3, 87.2), (436.3, 83.5), (436.3, 79.7), (436.3, 83.5), (436.3, 83.5), (436.3, 90.9), (436.3, 87.2), (436.3, 87.2), (436.3, 90.9), (436.3, 96.5), (436.3, 96.5), (436.3, 96.5), (436.3, 96.5), (436.3, 96.5), (436.3, 96.5), (436.3, 96.5), (436.3, 96.5), (436.3, 96.5), (436.3, 96.5), (436.3, 96.5), (436.3, 96.5), (436.3, 105.9), (436.3, 113.3), (436.3, 124.5), (436.3, 133.9), (436.3, 148.8), (436.3, 163.7), (436.3, 178.7), (436.3, 193.6), (436.3, 208.5), (436.3, 223.5), (436.3, 238.4), (436.3, 253.3), (436.3, 260.8), (436.3, 257.1), (436.3, 253.3), (436.3, 257.1), (436.3, 257.1), (436.3, 253.3), (436.3, 257.1), (436.3, 257.1), (436.3, 253.3), (436.3, 249.6), (436.3, 249.6), (436.3, 253.3), (436.3, 249.6), (436.3, 245.9), (436.3, 242.1), (436.3, 238.4), (436.3, 238.4), (436.3, 230.9), (436.3, 216.0), (436.3, 201.1), (436.3, 186.1), (436.3, 171.2), (436.3, 156.3), (436.3, 141.3), (436.3, 137.6), (436.3, 145.1), (436.3, 141.3), (436.3, 145.1), (436.3, 148.8), (436.3, 152.5), (436.3, 148.8), (436.3, 148.8), (436.3, 152.5), (436.3, 160.0), (436.3, 160.0), (436.3, 163.7), (436.3, 163.7), (436.3, 163.7), (436.3, 163.7), (436.3, 163.7), (436.3, 163.7), (436.3, 163.7), (436.3, 163.7), (436.3, 163.7), (436.3, 163.7), (436.3, 163.7), (436.3, 163.7), (436.3, 163.7), (436.3, 163.7), (436.3, 163.7), (436.3, 163.7), (436.3, 167.5), (436.3, 182.4), (436.3, 197.3), (436.3, 212.3), (436.3, 227.2), (436.3, 242.1), (436.3, 257.1), (436.3, 257.1), (436.3, 253.3), (436.3, 257.1)]",0,4,21.75
novice,bomberman,10,Enemy,3,0,22.47,0.808,"[(48.0, 48.0), (62.9, 44.3), (77.9, 44.3), (92.8, 44.3), (107.7, 44.3), (122.7, 44.3), (137.6, 44.3), (152.5, 44.3), (167.5, 44.3), (182.4, 44.3), (197.3, 44.3), (212.3, 44.3), (227.2, 44.3), (242.1, 44.3), (257.1, 44.3), (272.0, 44.3), (286.9, 44.3), (301.9, 44.3), (316.8, 44.3), (331.7, 44.3), (346.7, 44.3), (361.6, 44.3), (376.5, 44.3), (391.5, 44.3), (406.4, 44.3), (421.3, 48.0), (436.3, 61.1), (436.3, 76.0), (436.3, 90.9), (436.3, 105.9), (436.3, 120.8), (436.3, 135.7), (436.3, 150.7), (436.3, 143.2), (436.3, 146.9), (436.3, 139.5), (436.3, 132.0), (436.3, 139.5), (436.3, 146.9), (436.3, 143.2), (436.3, 150.7), (436.3, 150.7), (436.3, 165.6), (436.3, 161.9), (436.3, 161.9), (436.3, 165.6), (436.3, 158.1), (436.3, 150.7), (436.3, 154.4), (436.3, 150.7), (436.3, 150.7), (436.3, 154.4), (436.3, 150.7), (436.3, 135.7), (436.3, 132.0), (436.3, 135.7), (436.3, 124.5), (436.3, 109.6), (436.3, 105.9), (436.3, 105.9), (436.3, 109.6), (436.3, 105.9), (436.3, 102.1), (436.3, 98.4), (436.3, 98.4), (436.3, 98.4), (436.3, 98.4), (436.3, 98.4), (436.3, 98.4), (436.3, 98.4), (436.3, 98.4), (436.3, 98.4), (436.3, 98.4), (436.3, 98.4), (436.3, 98.4), (436.3, 98.4), (436.3, 98.4), (436.3, 98.4), (436.3, 109.6), (436.3, 124.5), (436.3, 139.5), (436.3, 154.4), (436.3, 161.9), (436.3, 161.9), (436.3, 165.6), (436.3, 169.3), (436.3, 173.1), (436.3, 176.8), (436.3, 180.5), (436.3, 184.3), (436.3, 188.0), (436.3, 202.9), (436.3, 206.7), (436.3, 210.4), (436.3, 214.1), (436.3, 217.9), (436.3, 221.6), (436.3, 225.3), (436.3, 225.3), (436.3, 221.6), (436.3, 225.3), (436.3, 225.3), (436.3, 221.6), (436.3, 225.3), (436.3, 225.3), (436.3, 210.4), (436.3, 206.7), (436.3, 206.7), (436.3, 210.4), (436.3, 214.1), (436.3, 214.1), (436.3, 210.4), (436.3, 214.1), (436.3, 214.1), (436.3, 210.4), (436.3, 214.1), (436.3, 217.9), (436.3, 221.6), (436.3, 225.3), (436.3, 225.3), (430.7, 221.6), (434.4, 225.3), (434.4, 225.3), (430.7, 221.6), (434.4, 225.3), (428.8, 225.3), (428.8, 221.6), (428.8, 225.3)]",0,3,16.95
novice,bomberman,10,Enemy,1,0,21.68,0.808,"[(48.0, 48.0), (62.9, 44.3), (77.9, 44.3), (92.8, 44.3), (107.7, 44.3), (122.7, 44.3), (137.6, 44.3), (152.5, 44.3), (167.5, 44.3), (182.4, 44.3), (197.3, 44.3), (212.3, 44.3), (227.2, 44.3), (242.1, 44.3), (257.1, 44.3), (272.0, 44.3), (286.9, 44.3), (301.9, 44.3), (316.8, 44.3), (331.7, 44.3), (346.7, 44.3), (361.6, 44.3), (376.5, 44.3), (391.5, 44.3), (406.4, 44.3), (421.3, 48.0), (436.3, 61.1), (436.3, 76.0), (436.3, 90.9), (436.3, 94.7), (436.3, 98.4), (436.3, 102.1), (436.3, 117.1), (436.3, 132.0), (436.3, 146.9), (436.3, 161.9), (436.3, 165.6), (436.3, 161.9), (436.3, 161.9), (436.3, 165.6), (436.3, 161.9), (436.3, 161.9), (436.3, 165.6), (436.3, 161.9), (436.3, 161.9), (436.3, 165.6), (436.3, 161.9), (436.3, 169.3), (436.3, 165.6), (436.3, 169.3), (436.3, 169.3), (436.3, 165.6), (436.3, 173.1), (436.3, 173.1), (436.3, 176.8), (436.3, 173.1), (436.3, 173.1), (430.7, 174.9), (428.8, 178.7), (428.8, 178.7), (428.8, 174.9), (428.8, 180.5), (428.8, 180.5), (428.8, 180.5), (428.8, 176.8), (430.7, 161.9), (436.3, 146.9), (436.3, 132.0), (436.3, 117.1), (436.3, 102.1), (436.3, 87.2), (436.3, 72.3), (436.3, 57.3), (436.3, 49.9), (436.3, 49.9), (436.3, 46.1), (436.3, 53.6), (436.3, 53.6), (436.3, 57.3), (436.3, 72.3), (436.3, 83.5), (436.3, 90.9), (436.3, 87.2), (436.3, 94.7), (436.3, 90.9), (436.3, 94.7), (436.3, 94.7), (436.3, 90.9), (436.3, 94.7), (436.3, 94.7), (436.3, 90.9), (436.3, 96.5), (436.3, 109.6), (436.3, 118.9), (436.3, 133.9), (436.3, 148.8), (436.3, 163.7), (436.3, 178.7), (436.3, 193.6), (436.3, 208.5), (436.3, 223.5), (436.3, 223.5), (436.3, 219.7), (436.3, 223.5), (436.3, 223.5), (436.3, 219.7), (436.3, 223.5), (436.3, 223.5), (436.3, 219.7), (436.3, 216.0), (436.3, 212.3), (436.3, 208.5), (436.3, 204.8), (436.3, 201.1), (436.3, 197.3), (436.3, 193.6), (436.3, 189.9), (436.3, 186.1), (436.3, 178.7), (436.3, 178.7), (436.3, 174.9), (436.3, 167.5), (436.3, 178.7), (436.3, 186.1), (436.3, 189.9), (436.3, 193.6), (436.3, 197.3), (436.3, 193.6), (436.3, 193.6), (436.3, 197.3), (436.3, 193.6), (436.3, 193.6), (436.3, 197.3), (432.5, 201.1)]",0,3,17.73
novice,bomberman,10,Bomb,2,0,39.22,0.692,"[(48.0, 48.0), (62.9, 44.3), (77.9, 44.3), (92.8, 44.3), (107.7, 44.3), (122.7, 44.3), (137.6, 44.3), (152.5, 44.3), (167.5, 44.3), (182.4, 44.3), (197.3, 44.3), (212.3, 44.3), (227.2, 44.3), (242.1, 44.3), (257.1, 44.3), (272.0, 44.3), (286.9, 44.3), (301.9, 44.3), (316.8, 44.3), (331.7, 44.3), (346.7, 44.3), (361.6, 44.3), (376.5, 51.7), (391.5, 44.3), (406.4, 44.3), (421.3, 48.0), (436.3, 61.1), (436.3, 76.0), (436.3, 90.9), (436.3, 105.9), (436.3, 120.8), (436.3, 135.7), (436.3, 150.7), (436.3, 165.6), (436.3, 161.9), (436.3, 158.1), (436.3, 154.4), (436.3, 158.1), (436.3, 161.9), (436.3, 165.6), (436.3, 161.9), (436.3, 161.9), (436.3, 165.6), (436.3, 161.9), (436.3, 161.9), (436.3, 165.6), (436.3, 161.9), (436.3, 161.9), (436.3, 165.6), (436.3, 161.9), (436.3, 161.9), (436.3, 165.6), (436.3, 161.9), (436.3, 161.9), (436.3, 165.6), (436.3, 161.9), (436.3, 161.9), (436.3, 165.6), (436.3, 161.9), (436.3, 161.9), (436.3, 165.6), (436.3, 165.6), (436.3, 165.6), (436.3, 165.6), (436.3, 165.6), (436.3, 165.6), (436.3, 165.6), (436.3, 165.6), (436.3, 160.0), (436.3, 160.0), (436.3, 160.0), (436.3, 160.0), (436.3, 160.0), (436.3, 160.0), (436.3, 160.0)]",0,2,9.9
novice,bomberman,10,Bomb,2,0,37.15,0.385,"[(48.0, 48.0), (62.9, 44.3), (77.9, 44.3), (92.8, 44.3), (107.7, 44.3), (122.7, 44.3), (137.6, 44.3), (152.5, 44.3), (167.5, 44.3), (182.4, 44.3), (197.3, 44.3), (212.3, 44.3), (227.2, 44.3), (242.1, 44.3), (257.1, 44.3), (272.0, 44.3), (286.9, 44.3), (301.9, 44.3), (316.8, 44.3), (331.7, 44.3), (346.7, 44.3), (361.6, 44.3), (376.5, 44.3), (391.5, 44.3), (406.4, 44.3), (421.3, 44.3), (436.3, 44.3), (436.3, 44.3), (436.3, 44.3), (436.3, 44.3), (436.3, 44.3), (436.3, 44.3), (436.3, 44.3), (436.3, 44.3), (436.3, 44.3), (436.3, 44.3), (436.3, 44.3), (436.3, 44.3), (436.3, 44.3), (436.3, 44.3), (436.3, 44.3), (436.3, 44.3), (436.3, 44.3), (436.3, 44.3), (436.3, 44.3), (436.3, 44.3), (436.3, 44.3), (436.3, 44.3), (436.3, 44.3), (436.3, 44.3), (436.3, 44.3), (436.3, 44.3), (436.3, 44.3), (436.3, 44.3), (436.3, 44.3), (436.3, 44.3), (436.3, 44.3), (436.3, 44.3), (436.3, 44.3), (436.3, 44.3), (436.3, 44.3), (436.3, 44.3), (436.3, 44.3), (436.3, 44.3), (436.3, 44.3), (436.3, 44.3), (436.3, 44.3), (436.3, 44.3), (436.3, 44.3), (436.3, 44.3), (436.3, 44.3), (436.3, 44.3), (436.3, 44.3), (436.3, 44.3), (436.3, 44.3), (436.3, 44.3), (436.3, 44.3), (436.3, 44.3), (436.3, 44.3)]",0,0,10.45
novice,bomberman,10,Bomb,18,0,24.27,0.5,"[(48.0, 48.0), (62.9, 44.3), (77.9, 44.3), (92.8, 44.3), (107.7, 44.3), (122.7, 44.3), (137.6, 44.3), (152.5, 44.3), (167.5, 44.3), (182.4, 44.3), (197.3, 44.3), (212.3, 44.3), (227.2, 44.3), (242.1, 44.3), (257.1, 44.3), (272.0, 44.3), (286.9, 44.3), (301.9, 44.3), (316.8, 44.3), (331.7, 44.3), (346.7, 44.3), (361.6, 44.3), (376.5, 44.3), (391.5, 44.3), (406.4, 44.3), (421.3, 44.3), (436.3, 44.3), (436.3, 44.3), (436.3, 44.3), (436.3, 44.3), (436.3, 44.3), (436.3, 44.3), (436.3, 44.3), (436.3, 44.3), (436.3, 44.3), (436.3, 44.3), (436.3, 44.3), (436.3, 44.3), (436.3, 57.3), (436.3, 61.1), (436.3, 64.8), (436.3, 64.8), (436.3, 61.1), (436.3, 64.8), (436.3, 68.5), (436.3, 72.3), (436.3, 87.2), (436.3, 102.1), (436.3, 117.1), (436.3, 124.5), (436.3, 124.5), (436.3, 128.3), (436.3, 124.5), (436.3, 124.5), (436.3, 128.3), (436.3, 124.5), (436.3, 120.8), (436.3, 117.1), (436.3, 120.8), (436.3, 120.8), (436.3, 117.1), (436.3, 113.3), (436.3, 113.3), (436.3, 117.1), (436.3, 113.3), (436.3, 98.4), (436.3, 83.5), (436.3, 68.5), (436.3, 53.6), (436.3, 44.3), (436.3, 44.3), (436.3, 44.3), (436.3, 44.3), (436.3, 44.3), (436.3, 44.3), (436.3, 44.3), (436.3, 44.3), (436.3, 44.3), (436.3, 44.3), (436.3, 44.3), (436.3, 44.3), (436.3, 44.3), (436.3, 44.3), (436.3, 44.3), (436.3, 44.3), (436.3, 44.3), (436.3, 44.3), (436.3, 44.3), (436.3, 44.3), (436.3, 44.3), (436.3, 44.3), (436.3, 44.3), (436.3, 44.3), (436.3, 44.3), (436.3, 44.3), (436.3, 44.3), (436.3, 44.3), (436.3, 44.3), (436.3, 57.3), (436.3, 61.1), (436.3, 64.8), (436.3, 64.8), (436.3, 61.1), (436.3, 64.8), (436.3, 68.5), (436.3, 72.3), (436.3, 87.2), (436.3, 102.1), (436.3, 105.9), (436.3, 102.1), (436.3, 102.1), (436.3, 105.9), (436.3, 102.1), (436.3, 98.4), (436.3, 94.7), (436.3, 98.4), (436.3, 98.4), (436.3, 94.7), (436.3, 98.4), (436.3, 98.4), (436.3, 94.7)]",0,1,16.0
novice,bomberman,10,Bomb,4,0,40.1,0.538,"[(48.0, 48.0), (62.9, 44.3), (77.9, 44.3), (92.8, 44.3), (107.7, 44.3), (122.7, 44.3), (137.6, 44.3), (152.5, 44.3), (167.5, 44.3), (182.4, 44.3), (197.3, 44.3), (212.3, 44.3), (227.2, 44.3), (242.1, 44.3), (257.1, 44.3), (272.0, 44.3), (286.9, 44.3), (301.9, 44.3), (316.8, 44.3), (331.7, 44.3), (346.7, 44.3), (361.6, 44.3), (376.5, 44.3), (391.5, 44.3), (406.4, 44.3), (421.3, 48.0), (436.3, 61.1), (436.3, 76.0), (436.3, 90.9), (436.3, 105.9), (436.3, 120.8), (436.3, 135.7), (436.3, 150.7), (436.3, 154.4), (436.3, 150.7), (436.3, 150.7), (436.3, 143.2), (436.3, 150.7), (436.3, 150.7), (436.3, 154.4), (436.3, 161.9), (436.3, 161.9), (436.3, 165.6), (436.3, 161.9), (436.3, 161.9), (436.3, 165.6), (436.3, 161.9), (436.3, 161.9), (436.3, 165.6), (436.3, 158.1), (436.3, 150.7), (436.3, 154.4), (436.3, 146.9), (436.3, 146.9), (436.3, 143.2), (436.3, 135.7), (436.3, 135.7), (436.3, 132.0), (436.3, 117.1), (436.3, 102.1), (436.3, 98.4), (436.3, 94.7), (436.3, 94.7), (436.3, 98.4), (436.3, 90.9), (436.3, 90.9), (436.3, 87.2), (436.3, 79.7), (436.3, 79.7), (436.3, 76.0), (436.3, 72.3), (436.3, 72.3), (436.3, 87.2)]",0,0,9.68
novice,bomberman,10,Bomb,9,0,39.82,0.423,"[(48.0, 48.0), (62.9, 44.3), (77.9, 44.3), (92.8, 44.3), (107.7, 44.3), (122.7, 44.3), (137.6, 44.3), (152.5, 44.3), (167.5, 44.3), (182.4, 44.3), (197.3, 44.3), (212.3, 44.3), (227.2, 44.3), (242.1, 44.3), (257.1, 44.3), (272.0, 44.3), (286.9, 44.3), (301.9, 44.3), (316.8, 44.3), (331.7, 44.3), (346.7, 44.3), (361.6, 44.3), (376.5, 44.3), (391.5, 44.3), (406.4, 44.3), (421.3, 44.3), (436.3, 44.3), (436.3, 44.3), (436.3, 44.3), (436.3, 44.3), (436.3, 44.3), (436.3, 44.3), (436.3, 44.3), (436.3, 44.3), (436.3, 44.3), (436.3, 44.3), (436.3, 44.3), (436.3, 44.3), (436.3, 44.3), (436.3, 44.3), (436.3, 44.3), (436.3, 44.3), (436.3, 44.3), (436.3, 44.3), (436.3, 44.3), (436.3, 55.5), (436.3, 62.9), (436.3, 62.9), (436.3, 66.7), (436.3, 62.9), (436.3, 62.9), (436.3, 66.7), (436.3, 62.9), (436.3, 62.9), (436.3, 66.7), (436.3, 62.9), (436.3, 62.9), (436.3, 66.7), (436.3, 62.9), (436.3, 62.9), (436.3, 66.7), (436.3, 62.9), (436.3, 62.9), (436.3, 66.7), (436.3, 62.9), (436.3, 62.9), (436.3, 66.7), (436.3, 62.9), (436.3, 62.9), (436.3, 66.7), (436.3, 62.9), (436.3, 62.9), (436.3, 66.7), (436.3, 62.9)]",0,0,9.75
novice,bomberman,10,Stuck,0,0,-0.75,0.0,"[(48.0, 48.0), (44.3, 44.3), (44.3, 44.3), (44.3, 44.3), (44.3, 44.3), (44.3, 44.3), (44.3, 44.3), (44.3, 44.3), (44.3, 44.3), (44.3, 44.3), (44.3, 44.3), (44.3, 44.3), (44.3, 44.3), (44.3, 44.3), (44.3, 44.3), (44.3, 44.3), (44.3, 44.3), (44.3, 44.3), (44.3, 44.3), (44.3, 44.3), (44.3, 44.3), (44.3, 44.3), (44.3, 44.3), (44.3, 44.3), (44.3, 44.3), (44.3, 44.3), (44.3, 44.3), (44.3, 44.3), (44.3, 44.3), (44.3, 44.3), (44.3, 44.3), (44.3, 44.3), (44.3, 44.3), (44.3, 44.3), (44.3, 44.3), (44.3, 44.3), (44.3, 44.3), (44.3, 44.3)]",0,0,5.0
novice,bomberman,10,Bomb,4,0,9.29,0.846,"[(48.0, 48.0), (62.9, 44.3), (77.9, 44.3), (92.8, 44.3), (107.7, 44.3), (122.7, 44.3), (137.6, 44.3), (152.5, 44.3), (167.5, 44.3), (182.4, 44.3), (197.3, 44.3), (212.3, 44.3), (227.2, 44.3), (242.1, 44.3), (257.1, 44.3), (272.0, 44.3), (286.9, 44.3), (301.9, 44.3), (316.8, 44.3), (331.7, 44.3), (346.7, 44.3), (361.6, 44.3), (376.5, 44.3), (391.5, 44.3), (406.4, 44.3), (421.3, 48.0), (436.3, 61.1), (436.3, 76.0), (436.3, 90.9), (436.3, 105.9), (436.3, 120.8), (436.3, 135.7), (436.3, 150.7), (436.3, 154.4), (436.3, 146.9), (436.3, 146.9), (436.3, 143.2), (436.3, 146.9), (436.3, 146.9), (436.3, 154.4), (436.3, 150.7), (436.3, 158.1), (436.3, 165.6), (436.3, 161.9), (436.3, 161.9), (436.3, 154.4), (436.3, 150.7), (436.3, 150.7), (436.3, 143.2), (436.3, 135.7), (436.3, 124.5), (436.3, 120.8), (436.3, 117.1), (436.3, 113.3), (436.3, 109.6), (436.3, 113.3), (436.3, 105.9), (436.3, 109.6), (436.3, 105.9), (436.3, 102.1), (436.3, 98.4), (436.3, 90.9), (436.3, 90.9), (436.3, 76.0), (436.3, 79.7), (436.3, 72.3), (436.3, 76.0), (436.3, 68.5), (436.3, 57.3), (436.3, 44.3), (436.3, 44.3), (436.3, 44.3), (436.3, 44.3), (436.3, 44.3), (436.3, 46.1), (436.3, 61.1), (436.3, 76.0), (436.3, 90.9), (436.3, 105.9), (436.3, 120.8), (436.3, 135.7), (436.3, 150.7), (436.3, 158.1), (436.3, 158.1), (436.3, 161.9), (436.3, 165.6), (436.3, 169.3), (436.3, 173.1), (436.3, 176.8), (436.3, 180.5), (436.3, 184.3), (436.3, 188.0), (436.3, 191.7), (436.3, 206.7), (436.3, 210.4), (436.3, 214.1), (436.3, 217.9), (436.3, 221.6), (436.3, 225.3), (436.3, 229.1), (436.3, 225.3), (436.3, 225.3), (436.3, 229.1), (436.3, 221.6), (436.3, 221.6), (436.3, 206.7), (436.3, 202.9), (436.3, 199.2), (436.3, 195.5), (436.3, 191.7), (436.3, 176.8), (436.3, 161.9), (436.3, 146.9), (436.3, 132.0), (436.3, 117.1), (436.3, 102.1), (436.3, 98.4), (436.3, 94.7), (436.3, 98.4), (436.3, 98.4), (436.3, 94.7), (436.3, 90.9), (436.3, 87.2), (436.3, 83.5), (436.3, 79.7), (436.3, 76.0), (436.3, 72.3), (436.3, 68.5), (436.3, 53.6), (436.3, 44.3), (436.3, 44.3), (436.3, 44.3), (436.3, 44.3), (436.3, 48.0), (436.3, 51.7), (436.3, 66.7), (436.3, 81.6), (436.3, 96.5), (436.3, 111.5), (436.3, 126.4), (436.3, 141.3), (436.3, 156.3), (436.3, 163.7), (436.3, 171.2), (436.3, 167.5), (436.3, 174.9), (436.3, 174.9), (436.3, 178.7), (436.3, 182.4), (436.3, 197.3), (436.3, 201.1), (436.3, 208.5), (436.3, 208.5), (436.3, 212.3), (436.3, 216.0), (436.3, 227.2), (436.3, 223.5), (436.3, 227.2), (436.3, 227.2), (436.3, 223.5), (436.3, 219.7), (436.3, 216.0), (436.3, 212.3), (436.3, 208.5), (436.3, 216.0), (436.3, 201.1), (436.3, 186.1), (436.3, 171.2), (436.3, 156.3), (436.3, 141.3), (436.3, 126.4), (436.3, 111.5), (436.3, 104.0), (436.3, 96.5), (436.3, 100.3), (436.3, 96.5), (436.3, 96.5), (436.3, 100.3), (436.3, 85.3), (436.3, 85.3), (436.3, 77.9), (436.3, 81.6), (436.3, 74.1), (436.3, 66.7), (436.3, 70.4), (436.3, 59.2), (436.3, 44.3), (436.3, 44.3), (436.3, 44.3), (436.3, 44.3), (436.3, 48.0), (436.3, 51.7), (436.3, 55.5), (436.3, 59.2), (436.3, 74.1), (436.3, 89.1), (436.3, 104.0), (436.3, 118.9), (436.3, 133.9), (436.3, 148.8), (436.3, 163.7), (436.3, 178.7), (436.3, 182.4), (436.3, 182.4), (436.3, 189.9), (436.3, 204.8), (436.3, 208.5), (436.3, 212.3), (436.3, 216.0), (436.3, 216.0), (436.3, 223.5), (436.3, 227.2), (436.3, 227.2), (436.3, 223.5), (436.3, 227.2), (436.3, 227.2), (436.3, 223.5), (436.3, 227.2), (436.3, 227.2), (436.3, 212.3), (436.3, 216.0), (436.3, 208.5), (436.3, 212.3), (436.3, 204.8), (436.3, 204.8), (436.3, 189.9), (436.3, 174.9), (436.3, 160.0), (436.3, 145.1), (436.3, 130.1), (436.3, 115.2), (436.3, 100.3), (436.3, 96.5), (436.3, 96.5), (436.3, 100.3), (436.3, 85.3), (436.3, 85.3), (436.3, 77.9), (436.3, 81.6), (436.3, 74.1), (436.3, 66.7), (436.3, 70.4), (436.3, 59.2), (436.3, 44.3), (436.3, 44.3), (436.3, 44.3), (436.3, 44.3), (436.3, 48.0), (436.3, 51.7), (436.3, 55.5), (436.3, 59.2), (436.3, 74.1), (436.3, 89.1), (436.3, 96.5), (436.3, 107.7), (436.3, 122.7), (436.3, 137.6), (436.3, 152.5), (436.3, 167.5), (436.3, 182.4), (436.3, 197.3), (436.3, 201.1), (436.3, 208.5), (436.3, 208.5), (436.3, 212.3), (436.3, 216.0), (436.3, 219.7), (436.3, 223.5), (436.3, 227.2), (436.3, 227.2), (436.3, 234.7), (436.3, 230.9), (436.3, 230.9), (436.3, 223.5), (436.3, 227.2), (436.3, 227.2), (436.3, 223.5), (436.3, 219.7), (436.3, 216.0), (436.3, 212.3), (436.3, 208.5), (436.3, 204.8), (436.3, 201.1), (436.3, 197.3), (432.5, 193.6), (436.3, 178.7), (436.3, 174.9), (436.3, 182.4), (436.3, 178.7), (436.3, 193.6), (436.3, 193.6), (436.3, 189.9), (436.3, 193.6), (436.3, 197.3), (436.3, 201.1), (436.3, 204.8), (436.3, 219.7), (436.3, 234.7), (436.3, 249.6), (436.3, 253.3), (436.3, 257.1), (436.3, 249.6), (436.3, 249.6), (436.3, 245.9), (436.3, 242.1), (436.3, 238.4), (436.3, 234.7), (436.3, 230.9), (436.3, 230.9), (436.3, 234.7), (436.3, 230.9), (436.3, 216.0), (436.3, 204.8), (436.3, 204.8)]",0,3,41.8
novice,bomberman,10,Enemy,1,0,17.85,0.846,"[(48.0, 48.0), (62.9, 51.7), (77.9, 44.3), (92.8, 44.3), (107.7, 44.3), (122.7, 44.3), (137.6, 44.3), (152.5, 44.3), (167.5, 44.3), (182.4, 44.3), (197.3, 44.3), (212.3, 44.3), (227.2, 44.3), (242.1, 48.0), (257.1, 51.7), (272.0, 44.3), (286.9, 44.3), (301.9, 44.3), (316.8, 44.3), (331.7, 44.3), (346.7, 44.3), (361.6, 44.3), (376.5, 44.3), (391.5, 44.3), (406.4, 44.3), (421.3, 48.0), (436.3, 61.1), (436.3, 76.0), (436.3, 90.9), (436.3, 105.9), (436.3, 120.8), (436.3, 124.5), (436.3, 139.5), (436.3, 154.4), (436.3, 169.3), (436.3, 169.3), (436.3, 165.6), (436.3, 169.3), (436.3, 173.1), (436.3, 176.8), (436.3, 180.5), (436.3, 180.5), (436.3, 180.5), (436.3, 180.5), (436.3, 180.5), (436.3, 180.5), (436.3, 180.5), (436.3, 180.5), (436.3, 180.5), (436.3, 180.5), (436.3, 180.5), (436.3, 180.5), (436.3, 180.5), (436.3, 180.5), (436.3, 180.5), (436.3, 180.5), (436.3, 180.5), (436.3, 180.5), (436.3, 180.5), (436.3, 180.5), (436.3, 180.5), (436.3, 180.5), (436.3, 180.5), (436.3, 180.5), (436.3, 176.8), (436.3, 161.9), (436.3, 146.9), (436.3, 132.0), (436.3, 117.1), (436.3, 102.1), (436.3, 87.2), (436.3, 83.5), (436.3, 79.7), (436.3, 83.5), (436.3, 83.5), (436.3, 90.9), (436.3, 87.2), (436.3, 87.2), (436.3, 90.9), (436.3, 96.5), (436.3, 96.5), (436.3, 96.5), (436.3, 96.5), (436.3, 96.5), (436.3, 96.5), (436.3, 96.5), (436.3, 96.5), (436.3, 96.5), (436.3, 96.5), (436.3, 96.5), (436.3, 96.5), (436.3, 105.9), (436.3, 113.3), (436.3, 124.5), (436.3, 133.9), (436.3, 148.8), (436.3, 163.7), (436.3, 178.7), (436.3, 193.6), (436.3, 208.5), (436.3, 223.5), (436.3, 238.4), (436.3, 253.3), (436.3, 260.8), (436.3, 257.1), (436.3, 253.3), (436.3, 257.1), (436.3, 257.1), (436.3, 253.3), (436.3, 257.1), (436.3, 257.1), (436.3, 253.3), (436.3, 249.6), (436.3, 249.6), (436.3, 253.3), (436.3, 249.6), (436.3, 245.9), (436.3, 242.1), (436.3, 238.4), (436.3, 238.4), (436.3, 230.9), (436.3, 216.0), (436.3, 201.1), (436.3, 186.1), (436.3, 171.2), (436.3, 156.3), (436.3, 141.3), (436.3, 137.6), (436.3, 145.1), (436.3, 141.3), (436.3, 145.1), (436.3, 148.8), (436.3, 152.5), (436.3, 148.8), (436.3, 148.8), (436.3, 152.5), (436.3, 160.0), (436.3, 160.0), (436.3, 163.7), (436.3, 163.7), (436.3, 163.7), (436.3, 163.7), (436.3, 163.7), (436.3, 163.7), (436.3, 163.7), (436.3, 163.7), (436.3, 163.7), (436.3, 163.7), (436.3, 163.7), (436.3, 163.7), (436.3, 163.7), (436.3, 163.7), (436.3, 163.7), (436.3, 163.7), (436.3, 167.5), (436.3, 182.4), (436.3, 197.3), (436.3, 212.3), (436.3, 227.2), (436.3, 242.1), (436.3, 257.1), (436.3, 257.1), (436.3, 253.3), (436.3, 257.1)]",0,4,21.75
novice,bomberman,10,Enemy,3,0,22.47,0.808,"[(48.0, 48.0), (62.9, 44.3), (77.9, 44.3), (92.8, 44.3), (107.7, 44.3), (122.7, 44.3), (137.6, 44.3), (152.5, 44.3), (167.5, 44.3), (182.4, 44.3), (197.3, 44.3), (212.3, 44.3), (227.2, 44.3), (242.1, 44.3), (257.1, 44.3), (272.0, 44.3), (286.9, 44.3), (301.9, 44.3), (316.8, 44.3), (331.7, 44.3), (346.7, 44.3), (361.6, 44.3), (376.5, 44.3), (391.5, 44.3), (406.4, 44.3), (421.3, 48.0), (436.3, 61.1), (436.3, 76.0), (436.3, 90.9), (436.3, 105.9), (436.3, 120.8), (436.3, 135.7), (436.3, 150.7), (436.3, 143.2), (436.3, 146.9), (436.3, 139.5), (436.3, 132.0), (436.3, 139.5), (436.3, 146.9), (436.3, 143.2), (436.3, 150.7), (436.3, 150.7), (436.3, 165.6), (436.3, 161.9), (436.3, 161.9), (436.3, 165.6), (436.3, 158.1), (436.3, 150.7), (436.3, 154.4), (436.3, 150.7), (436.3, 150.7), (436.3, 154.4), (436.3, 150.7), (436.3, 135.7), (436.3, 132.0), (436.3, 135.7), (436.3, 124.5), (436.3, 109.6), (436.3, 105.9), (436.3, 105.9), (436.3, 109.6), (436.3, 105.9), (436.3, 102.1), (436.3, 98.4), (436.3, 98.4), (436.3, 98.4), (436.3, 98.4), (436.3, 98.4), (436.3, 98.4), (436.3, 98.4), (436.3, 98.4), (436.3, 98.4), (436.3, 98.4), (436.3, 98.4), (436.3, 98.4), (436.3, 98.4), (436.3, 98.4), (436.3, 98.4), (436.3, 109.6), (436.3, 124.5), (436.3, 139.5), (436.3, 154.4), (436.3, 161.9), (436.3, 161.9), (436.3, 165.6), (436.3, 169.3), (436.3, 173.1), (436.3, 176.8), (436.3, 180.5), (436.3, 184.3), (436.3, 188.0), (436.3, 202.9), (436.3, 206.7), (436.3, 210.4), (436.3, 214.1), (436.3, 217.9), (436.3, 221.6), (436.3, 225.3), (436.3, 225.3), (436.3, 221.6), (436.3, 225.3), (436.3, 225.3), (436.3, 221.6), (436.3, 225.3), (436.3, 225.3), (436.3, 210.4), (436.3, 206.7), (436.3, 206.7), (436.3, 210.4), (436.3, 214.1), (436.3, 214.1), (436.3, 210.4), (436.3, 214.1), (436.3, 214.1), (436.3, 210.4), (436.3, 214.1), (436.3, 217.9), (436.3, 221.6), (436.3, 225.3), (436.3, 225.3), (430.7, 221.6), (434.4, 225.3), (434.4, 225.3), (430.7, 221.6), (434.4, 225.3), (428.8, 225.3), (428.8, 221.6), (428.8, 225.3)]",0,3,16.95
novice,bomberman,10,Enemy,1,0,21.68,0.808,"[(48.0, 48.0), (62.9, 44.3), (77.9, 44.3), (92.8, 44.3), (107.7, 44.3), (122.7, 44.3), (137.6, 44.3), (152.5, 44.3), (167.5, 44.3), (182.4, 44.3), (197.3, 44.3), (212.3, 44.3), (227.2, 44.3), (242.1, 44.3), (257.1, 44.3), (272.0, 44.3), (286.9, 44.3), (301.9, 44.3), (316.8, 44.3), (331.7, 44.3), (346.7, 44.3), (361.6, 44.3), (376.5, 44.3), (391.5, 44.3), (406.4, 44.3), (421.3, 48.0), (436.3, 61.1), (436.3, 76.0), (436.3, 90.9), (436.3, 94.7), (436.3, 98.4), (436.3, 102.1), (436.3, 117.1), (436.3, 132.0), (436.3, 146.9), (436.3, 161.9), (436.3, 165.6), (436.3, 161.9), (436.3, 161.9), (436.3, 165.6), (436.3, 161.9), (436.3, 161.9), (436.3, 165.6), (436.3, 161.9), (436.3, 161.9), (436.3, 165.6), (436.3, 161.9), (436.3, 169.3), (436.3, 165.6), (436.3, 169.3), (436.3, 169.3), (436.3, 165.6), (436.3, 173.1), (436.3, 173.1), (436.3, 176.8), (436.3, 173.1), (436.3, 173.1), (430.7, 174.9), (428.8, 178.7), (428.8, 178.7), (428.8, 174.9), (428.8, 180.5), (428.8, 180.5), (428.8, 180.5), (428.8, 176.8), (430.7, 161.9), (436.3, 146.9), (436.3, 132.0), (436.3, 117.1), (436.3, 102.1), (436.3, 87.2), (436.3, 72.3), (436.3, 57.3), (436.3, 49.9), (436.3, 49.9), (436.3, 46.1), (436.3, 53.6), (436.3, 53.6), (436.3, 57.3), (436.3, 72.3), (436.3, 83.5), (436.3, 90.9), (436.3, 87.2), (436.3, 94.7), (436.3, 90.9), (436.3, 94.7), (436.3, 94.7), (436.3, 90.9), (436.3, 94.7), (436.3, 94.7), (436.3, 90.9), (436.3, 96.5), (436.3, 109.6), (436.3, 118.9), (436.3, 133.9), (436.3, 148.8), (436.3, 163.7), (436.3, 178.7), (436.3, 193.6), (436.3, 208.5), (436.3, 223.5), (436.3, 223.5), (436.3, 219.7), (436.3, 223.5), (436.3, 223.5), (436.3, 219.7), (436.3, 223.5), (436.3, 223.5), (436.3, 219.7), (436.3, 216.0), (436.3, 212.3), (436.3, 208.5), (436.3, 204.8), (436.3, 201.1), (436.3, 197.3), (436.3, 193.6), (436.3, 189.9), (436.3, 186.1), (436.3, 178.7), (436.3, 178.7), (436.3, 174.9), (436.3, 167.5), (436.3, 178.7), (436.3, 186.1), (436.3, 189.9), (436.3, 193.6), (436.3, 197.3), (436.3, 193.6), (436.3, 193.6), (436.3, 197.3), (436.3, 193.6), (436.3, 193.6), (436.3, 197.3), (432.5, 201.1)]",0,3,17.73
novice,bomberman,10,Bomb,2,0,37.8,0.423,"[(48.0, 48.0), (62.9, 48.0), (77.9, 44.3), (92.8, 44.3), (107.7, 44.3), (122.7, 44.3), (137.6, 44.3), (152.5, 44.3), (167.5, 44.3), (182.4, 44.3), (197.3, 44.3), (212.3, 44.3), (227.2, 44.3), (242.1, 44.3), (257.1, 51.7), (272.0, 44.3), (286.9, 44.3), (301.9, 44.3), (316.8, 44.3), (331.7, 44.3), (346.7, 44.3), (361.6, 49.9), (372.8, 64.8), (372.8, 79.7), (372.8, 94.7), (372.8, 109.6), (372.8, 115.2), (372.8, 109.6), (372.8, 113.3), (372.8, 113.3), (372.8, 109.6), (372.8, 113.3), (372.8, 115.2), (372.8, 115.2), (372.8, 115.2), (372.8, 115.2), (372.8, 115.2), (372.8, 115.2), (372.8, 115.2), (372.8, 115.2), (372.8, 115.2), (372.8, 115.2), (372.8, 115.2), (372.8, 115.2), (372.8, 115.2), (372.8, 115.2), (372.8, 115.2), (372.8, 115.2), (372.8, 115.2), (372.8, 115.2), (372.8, 115.2), (372.8, 115.2), (372.8, 115.2), (372.8, 115.2), (372.8, 115.2), (372.8, 115.2), (359.7, 115.2), (350.4, 115.2), (350.4, 115.2), (350.4, 115.2), (350.4, 115.2)]",0,2,8.0
novice,bomberman,10,Bomb,5,0,39.22,0.731,"[(48.0, 48.0), (62.9, 44.3), (77.9, 44.3), (92.8, 44.3), (107.7, 44.3), (122.7, 44.3), (137.6, 44.3), (152.5, 44.3), (167.5, 44.3), (182.4, 44.3), (197.3, 44.3), (212.3, 44.3), (227.2, 44.3), (242.1, 44.3), (257.1, 44.3), (272.0, 44.3), (286.9, 44.3), (301.9, 44.3), (316.8, 44.3), (331.7, 44.3), (346.7, 44.3), (361.6, 44.3), (376.5, 44.3), (391.5, 44.3), (406.4, 44.3), (421.3, 48.0), (436.3, 61.1), (436.3, 76.0), (436.3, 90.9), (436.3, 105.9), (436.3, 120.8), (436.3, 135.7), (436.3, 150.7), (436.3, 165.6), (436.3, 161.9), (436.3, 161.9), (436.3, 165.6), (436.3, 161.9), (436.3, 161.9), (436.3, 165.6), (436.3, 169.3), (436.3, 173.1), (436.3, 176.8), (436.3, 180.5), (436.3, 178.7), (436.3, 174.9), (436.3, 178.7), (436.3, 178.7), (436.3, 180.5), (436.3, 180.5), (436.3, 180.5), (436.3, 180.5), (436.3, 180.5), (436.3, 180.5), (436.3, 180.5), (436.3, 180.5), (436.3, 180.5), (436.3, 180.5), (436.3, 180.5), (436.3, 180.5), (436.3, 180.5), (436.3, 180.5), (436.3, 180.5), (436.3, 180.5), (436.3, 180.5), (436.3, 180.5), (436.3, 180.5), (436.3, 180.5), (436.3, 180.5), (436.3, 180.5), (436.3, 180.5), (436.3, 180.5), (436.3, 180.5), (436.3, 180.5), (436.3, 180.5)]",0,2,9.9
novice,bomberman,10,Bomb,3,0,37.99,0.462,"[(48.0, 48.0), (62.9, 44.3), (77.9, 44.3), (92.8, 44.3), (107.7, 44.3), (122.7, 44.3), (137.6, 44.3), (152.5, 44.3), (167.5, 44.3), (182.4, 44.3), (197.3, 44.3), (212.3, 44.3), (227.2, 44.3), (242.1, 44.3), (257.1, 44.3), (272.0, 44.3), (286.9, 44.3), (301.9, 44.3), (316.8, 44.3), (331.7, 44.3), (346.7, 44.3), (361.6, 44.3), (372.8, 59.2), (372.8, 74.1), (372.8, 89.1), (372.8, 104.0), (372.8, 115.2), (372.8, 115.2), (372.8, 115.2), (372.8, 115.2), (372.8, 115.2), (372.8, 115.2), (372.8, 115.2), (372.8, 115.2), (372.8, 115.2), (372.8, 107.7), (372.8, 92.8), (372.8, 96.5), (372.8, 100.3), (372.8, 115.2), (372.8, 115.2), (372.8, 115.2), (372.8, 115.2), (372.8, 115.2), (372.8, 115.2), (372.8, 115.2), (372.8, 115.2), (372.8, 115.2), (372.8, 115.2), (372.8, 115.2), (372.8, 115.2), (372.8, 115.2), (372.8, 115.2), (372.8, 115.2), (372.8, 115.2), (372.8, 115.2), (372.8, 115.2), (372.8, 115.2), (372.8, 115.2), (372.8, 115.2), (372.8, 115.2), (372.8, 115.2), (372.8, 115.2), (372.8, 115.2), (372.8, 115.2)]",0,2,8.55
novice,bomberman,10,Bomb,5,0,38.83,0.423,"[(48.0, 48.0), (62.9, 44.3), (77.9, 44.3), (92.8, 44.3), (107.7, 44.3), (122.7, 44.3), (137.6, 44.3), (152.5, 44.3), (167.5, 44.3), (182.4, 44.3), (197.3, 44.3), (212.3, 44.3), (227.2, 44.3), (242.1, 44.3), (257.1, 44.3), (272.0, 44.3), (286.9, 44.3), (301.9, 44.3), (316.8, 44.3), (331.7, 44.3), (346.7, 44.3), (361.6, 44.3), (376.5, 44.3), (391.5, 44.3), (406.4, 44.3), (421.3, 44.3), (436.3, 44.3), (436.3, 44.3), (436.3, 44.3), (436.3, 44.3), (436.3, 44.3), (436.3, 44.3), (436.3, 44.3), (436.3, 44.3), (436.3, 44.3), (436.3, 44.3), (436.3, 44.3), (436.3, 44.3), (436.3, 44.3), (436.3, 44.3), (436.3, 44.3), (436.3, 44.3), (436.3, 44.3), (436.3, 44.3), (436.3, 44.3), (436.3, 44.3), (436.3, 44.3), (436.3, 44.3), (436.3, 44.3), (436.3, 44.3), (436.3, 44.3), (436.3, 44.3), (436.3, 53.6), (436.3, 64.8), (436.3, 61.1), (436.3, 64.8), (436.3, 64.8), (436.3, 61.1), (436.3, 64.8), (436.3, 64.8), (436.3, 61.1), (436.3, 64.8), (436.3, 64.8), (436.3, 61.1), (436.3, 57.3), (436.3, 57.3), (436.3, 61.1), (436.3, 57.3), (436.3, 57.3), (436.3, 61.1), (436.3, 57.3), (436.3, 53.6), (436.3, 49.9), (436.3, 57.3), (436.3, 57.3), (436.3, 61.1)]",0,0,10.0
novice,bomberman,10,Bomb,1,0,28.47,0.154,"[(48.0, 48.0), (62.9, 51.7), (77.9, 44.3), (92.8, 44.3), (107.7, 44.3), (122.7, 44.3), (137.6, 44.3), (152.5, 44.3), (167.5, 44.3), (182.4, 44.3), (197.3, 44.3), (212.3, 44.3), (227.2, 44.3), (242.1, 59.2), (244.0, 74.1), (244.0, 92.8), (244.0, 109.6), (258.9, 109.6), (273.9, 109.6), (275.7, 109.6), (275.7, 109.6), (275.7, 109.6), (275.7, 109.6), (275.7, 109.6), (275.7, 109.6), (275.7, 109.6), (275.7, 109.6), (275.7, 109.6), (275.7, 109.6), (275.7, 109.6), (275.7, 109.6), (275.7, 109.6), (275.7, 109.6), (275.7, 109.6), (275.7, 115.2), (275.7, 115.2), (275.7, 115.2), (275.7, 115.2), (275.7, 115.2), (275.7, 115.2), (275.7, 115.2), (275.7, 115.2), (275.7, 115.2), (275.7, 115.2), (275.7, 115.2), (275.7, 115.2), (275.7, 115.2), (275.7, 115.2), (275.7, 115.2), (275.7, 115.2), (275.7, 115.2), (275.7, 115.2), (275.7, 115.2), (275.7, 115.2), (275.7, 115.2), (275.7, 115.2), (275.7, 115.2), (275.7, 115.2), (275.7, 115.2), (275.7, 115.2), (275.7, 115.2)]",0,1,8.0
novice,bomberman,10,Bomb,15,0,41.75,0.731,"[(48.0, 48.0), (62.9, 44.3), (77.9, 44.3), (92.8, 44.3), (107.7, 44.3), (122.7, 44.3), (137.6, 44.3), (152.5, 44.3), (167.5, 44.3), (182.4, 44.3), (197.3, 44.3), (212.3, 44.3), (227.2, 44.3), (242.1, 44.3), (257.1, 51.7), (272.0, 44.3), (286.9, 44.3), (301.9, 44.3), (316.8, 44.3), (331.7, 44.3), (346.7, 44.3), (361.6, 44.3), (376.5, 44.3), (391.5, 44.3), (406.4, 44.3), (421.3, 48.0), (436.3, 61.1), (436.3, 76.0), (436.3, 90.9), (436.3, 105.9), (436.3, 120.8), (436.3, 135.7), (436.3, 150.7), (436.3, 165.6), (436.3, 161.9), (436.3, 161.9), (436.3, 165.6), (436.3, 161.9), (436.3, 161.9), (436.3, 165.6), (436.3, 169.3), (436.3, 161.9), (436.3, 165.6), (436.3, 169.3), (436.3, 173.1), (436.3, 180.5), (436.3, 180.5), (436.3, 180.5), (436.3, 180.5), (436.3, 180.5), (436.3, 180.5), (436.3, 180.5), (436.3, 180.5), (436.3, 180.5), (436.3, 180.5), (436.3, 180.5), (436.3, 180.5), (436.3, 180.5), (436.3, 180.5), (436.3, 180.5), (436.3, 180.5), (436.3, 180.5), (436.3, 180.5), (436.3, 180.5), (436.3, 180.5), (436.3, 180.5), (436.3, 180.5), (436.3, 180.5), (436.3, 180.5), (436.3, 180.5)]",0,2,9.3
novice,bomberman,10,Bomb,4,0,9.29,0.846,"[(48.0, 48.0), (62.9, 44.3), (77.9, 44.3), (92.8, 44.3), (107.7, 44.3), (122.7, 44.3), (137.6, 44.3), (152.5, 44.3), (167.5, 44.3), (182.4, 44.3), (197.3, 44.3), (212.3, 44.3), (227.2, 44.3), (242.1, 44.3), (257.1, 44.3), (272.0, 44.3), (286.9, 44.3), (301.9, 44.3), (316.8, 44.3), (331.7, 44.3), (346.7, 44.3), (361.6, 44.3), (376.5, 44.3), (391.5, 44.3), (406.4, 44.3), (421.3, 48.0), (436.3, 61.1), (436.3, 76.0), (436.3, 90.9), (436.3, 105.9), (436.3, 120.8), (436.3, 135.7), (436.3, 150.7), (436.3, 154.4), (436.3, 146.9), (436.3, 146.9), (436.3, 143.2), (436.3, 146.9), (436.3, 146.9), (436.3, 154.4), (436.3, 150.7), (436.3, 158.1), (436.3, 165.6), (436.3, 161.9), (436.3, 161.9), (436.3, 154.4), (436.3, 150.7), (436.3, 150.7), (436.3, 143.2), (436.3, 135.7), (436.3, 124.5), (436.3, 120.8), (436.3, 117.1), (436.3, 113.3), (436.3, 109.6), (436.3, 113.3), (436.3, 105.9), (436.3, 109.6), (436.3, 105.9), (436.3, 102.1), (436.3, 98.4), (436.3, 90.9), (436.3, 90.9), (436.3, 76.0), (436.3, 79.7), (436.3, 72.3), (436.3, 76.0), (436.3, 68.5), (436.3, 57.3), (436.3, 44.3), (436.3, 44.3), (436.3, 44.3), (436.3, 44.3), (436.3, 44.3), (436.3, 46.1), (436.3, 61.1), (436.3, 76.0), (436.3, 90.9), (436.3, 105.9), (436.3, 120.8), (436.3, 135.7), (436.3, 150.7), (436.3, 158.1), (436.3, 158.1), (436.3, 161.9), (436.3, 165.6), (436.3, 169.3), (436.3, 173.1), (436.3, 176.8), (436.3, 180.5), (436.3, 184.3), (436.3, 188.0), (436.3, 191.7), (436.3, 206.7), (436.3, 210.4), (436.3, 214.1), (436.3, 217.9), (436.3, 221.6), (436.3, 225.3), (436.3, 229.1), (436.3, 225.3), (436.3, 225.3), (436.3, 229.1), (436.3, 221.6), (436.3, 221.6), (436.3, 206.7), (436.3, 202.9), (436.3, 199.2), (436.3, 195.5), (436.3, 191.7), (436.3, 176.8), (436.3, 161.9), (436.3, 146.9), (436.3, 132.0), (436.3, 117.1), (436.3, 102.1), (436.3, 98.4), (436.3, 94.7), (436.3, 98.4), (436.3, 98.4), (436.3, 94.7), (436.3, 90.9), (436.3, 87.2), (436.3, 83.5), (436.3, 79.7), (436.3, 76.0), (436.3, 72.3), (436.3, 68.5), (436.3, 53.6), (436.3, 44.3), (436.3, 44.3), (436.3, 44.3), (436.3, 44.3), (436.3, 48.0), (436.3, 51.7), (436.3, 66.7), (436.3, 81.6), (436.3, 96.5), (436.3, 111.5), (436.3, 126.4), (436.3, 141.3), (436.3, 156.3), (436.3, 163.7), (436.3, 171.2), (436.3, 167.5), (436.3, 174.9), (436.3, 174.9), (436.3, 178.7), (436.3, 182.4), (436.3, 197.3), (436.3, 201.1), (436.3, 208.5), (436.3, 208.5), (436.3, 212.3), (436.3, 216.0), (436.3, 227.2), (436.3, 223.5), (436.3, 227.2), (436.3, 227.2), (436.3, 223.5), (436.3, 219.7), (436.3, 216.0), (436.3, 212.3), (436.3, 208.5), (436.3, 216.0), (436.3, 201.1), (436.3, 186.1), (436.3, 171.2), (436.3, 156.3), (436.3, 141.3), (436.3, 126.4), (436.3, 111.5), (436.3, 104.0), (436.3, 96.5), (436.3, 100.3), (436.3, 96.5), (436.3, 96.5), (436.3, 100.3), (436.3, 85.3), (436.3, 85.3), (436.3, 77.9), (436.3, 81.6), (436.3, 74.1), (436.3, 66.7), (436.3, 70.4), (436.3, 59.2), (436.3, 44.3), (436.3, 44.3), (436.3, 44.3), (436.3, 44.3), (436.3, 48.0), (436.3, 51.7), (436.3, 55.5), (436.3, 59.2), (436.3, 74.1), (436.3, 89.1), (436.3, 104.0), (436.3, 118.9), (436.3, 133.9), (436.3, 148.8), (436.3, 163.7), (436.3, 178.7), (436.3, 182.4), (436.3, 182.4), (436.3, 189.9), (436.3, 204.8), (436.3, 208.5), (436.3, 212.3), (436.3, 216.0), (436.3, 216.0), (436.3, 223.5), (436.3, 227.2), (436.3, 227.2), (436.3, 223.5), (436.3, 227.2), (436.3, 227.2), (436.3, 223.5), (436.3, 227.2), (436.3, 227.2), (436.3, 212.3), (436.3, 216.0), (436.3, 208.5), (436.3, 212.3), (436.3, 204.8), (436.3, 204.8), (436.3, 189.9), (436.3, 174.9), (436.3, 160.0), (436.3, 145.1), (436.3, 130.1), (436.3, 115.2), (436.3, 100.3), (436.3, 96.5), (436.3, 96.5), (436.3, 100.3), (436.3, 85.3), (436.3, 85.3), (436.3, 77.9), (436.3, 81.6), (436.3, 74.1), (436.3, 66.7), (436.3, 70.4), (436.3, 59.2), (436.3, 44.3), (436.3, 44.3), (436.3, 44.3), (436.3, 44.3), (436.3, 48.0), (436.3, 51.7), (436.3, 55.5), (436.3, 59.2), (436.3, 74.1), (436.3, 89.1), (436.3, 96.5), (436.3, 107.7), (436.3, 122.7), (436.3, 137.6), (436.3, 152.5), (436.3, 167.5), (436.3, 182.4), (436.3, 197.3), (436.3, 201.1), (436.3, 208.5), (436.3, 208.5), (436.3, 212.3), (436.3, 216.0), (436.3, 219.7), (436.3, 223.5), (436.3, 227.2), (436.3, 227.2), (436.3, 234.7), (436.3, 230.9), (436.3, 230.9), (436.3, 223.5), (436.3, 227.2), (436.3, 227.2), (436.3, 223.5), (436.3, 219.7), (436.3, 216.0), (436.3, 212.3), (436.3, 208.5), (436.3, 204.8), (436.3, 201.1), (436.3, 197.3), (432.5, 193.6), (436.3, 178.7), (436.3, 174.9), (436.3, 182.4), (436.3, 178.7), (436.3, 193.6), (436.3, 193.6), (436.3, 189.9), (436.3, 193.6), (436.3, 197.3), (436.3, 201.1), (436.3, 204.8), (436.3, 219.7), (436.3, 234.7), (436.3, 249.6), (436.3, 253.3), (436.3, 257.1), (436.3, 249.6), (436.3, 249.6), (436.3, 245.9), (436.3, 242.1), (436.3, 238.4), (436.3, 234.7), (436.3, 230.9), (436.3, 230.9), (436.3, 234.7), (436.3, 230.9), (436.3, 216.0), (436.3, 204.8), (436.3, 204.8)]",0,3,41.8
novice,bomberman,10,Enemy,1,0,17.85,0.846,"[(48.0, 48.0), (62.9, 51.7), (77.9, 44.3), (92.8, 44.3), (107.7, 44.3), (122.7, 44.3), (137.6, 44.3), (152.5, 44.3), (167.5, 44.3), (182.4, 44.3), (197.3, 44.3), (212.3, 44.3), (227.2, 44.3), (242.1, 48.0), (257.1, 51.7), (272.0, 44.3), (286.9, 44.3), (301.9, 44.3), (316.8, 44.3), (331.7, 44.3), (346.7, 44.3), (361.6, 44.3), (376.5, 44.3), (391.5, 44.3), (406.4, 44.3), (421.3, 48.0), (436.3, 61.1), (436.3, 76.0), (436.3, 90.9), (436.3, 105.9), (436.3, 120.8), (436.3, 124.5), (436.3, 139.5), (436.3, 154.4), (436.3, 169.3), (436.3, 169.3), (436.3, 165.6), (436.3, 169.3), (436.3, 173.1), (436.3, 176.8), (436.3, 180.5), (436.3, 180.5), (436.3, 180.5), (436.3, 180.5), (436.3, 180.5), (436.3, 180.5), (436.3, 180.5), (436.3, 180.5), (436.3, 180.5), (436.3, 180.5), (436.3, 180.5), (436.3, 180.5), (436.3, 180.5), (436.3, 180.5), (436.3, 180.5), (436.3, 180.5), (436.3, 180.5), (436.3, 180.5), (436.3, 180.5), (436.3, 180.5), (436.3, 180.5), (436.3, 180.5), (436.3, 180.5), (436.3, 180.5), (436.3, 176.8), (436.3, 161.9), (436.3, 146.9), (436.3, 132.0), (436.3, 117.1), (436.3, 102.1), (436.3, 87.2), (436.3, 83.5), (436.3, 79.7), (436.3, 83.5), (436.3, 83.5), (436.3, 90.9), (436.3, 87.2), (436.3, 87.2), (436.3, 90.9), (436.3, 96.5), (436.3, 96.5), (436.3, 96.5), (436.3, 96.5), (436.3, 96.5), (436.3, 96.5), (436.3, 96.5), (436.3, 96.5), (436.3, 96.5), (436.3, 96.5), (436.3, 96.5), (436.3, 96.5), (436.3, 105.9), (436.3, 113.3), (436.3, 124.5), (436.3, 133.9), (436.3, 148.8), (436.3, 163.7), (436.3, 178.7), (436.3, 193.6), (436.3, 208.5), (436.3, 223.5), (436.3, 238.4), (436.3, 253.3), (436.3, 260.8), (436.3, 257.1), (436.3, 253.3), (436.3, 257.1), (436.3, 257.1), (436.3, 253.3), (436.3, 257.1), (436.3, 257.1), (436.3, 253.3), (436.3, 249.6), (436.3, 249.6), (436.3, 253.3), (436.3, 249.6), (436.3, 245.9), (436.3, 242.1), (436.3, 238.4), (436.3, 238.4), (436.3, 230.9), (436.3, 216.0), (436.3, 201.1), (436.3, 186.1), (436.3, 171.2), (436.3, 156.3), (436.3, 141.3), (436.3, 137.6), (436.3, 145.1), (436.3, 141.3), (436.3, 145.1), (436.3, 148.8), (436.3, 152.5), (436.3, 148.8), (436.3, 148.8), (436.3, 152.5), (436.3, 160.0), (436.3, 160.0), (436.3, 163.7), (436.3, 163.7), (436.3, 163.7), (436.3, 163.7), (436.3, 163.7), (436.3, 163.7), (436.3, 163.7), (436.3, 163.7), (436.3, 163.7), (436.3, 163.7), (436.3, 163.7), (436.3, 163.7), (436.3, 163.7), (436.3, 163.7), (436.3, 163.7), (436.3, 163.7), (436.3, 167.5), (436.3, 182.4), (436.3, 197.3), (436.3, 212.3), (436.3, 227.2), (436.3, 242.1), (436.3, 257.1), (436.3, 257.1), (436.3, 253.3), (436.3, 257.1)]",0,4,21.75
novice,bomberman,10,Enemy,3,0,22.47,0.808,"[(48.0, 48.0), (62.9, 44.3), (77.9, 44.3), (92.8, 44.3), (107.7, 44.3), (122.7, 44.3), (137.6, 44.3), (152.5, 44.3), (167.5, 44.3), (182.4, 44.3), (197.3, 44.3), (212.3, 44.3), (227.2, 44.3), (242.1, 44.3), (257.1, 44.3), (272.0, 44.3), (286.9, 44.3), (301.9, 44.3), (316.8, 44.3), (331.7, 44.3), (346.7, 44.3), (361.6, 44.3), (376.5, 44.3), (391.5, 44.3), (406.4, 44.3), (421.3, 48.0), (436.3, 61.1), (436.3, 76.0), (436.3, 90.9), (436.3, 105.9), (436.3, 120.8), (436.3, 135.7), (436.3, 150.7), (436.3, 143.2), (436.3, 146.9), (436.3, 139.5), (436.3, 132.0), (436.3, 139.5), (436.3, 146.9), (436.3, 143.2), (436.3, 150.7), (436.3, 150.7), (436.3, 165.6), (436.3, 161.9), (436.3, 161.9), (436.3, 165.6), (436.3, 158.1), (436.3, 150.7), (436.3, 154.4), (436.3, 150.7), (436.3, 150.7), (436.3, 154.4), (436.3, 150.7), (436.3, 135.7), (436.3, 132.0), (436.3, 135.7), (436.3, 124.5), (436.3, 109.6), (436.3, 105.9), (436.3, 105.9), (436.3, 109.6), (436.3, 105.9), (436.3, 102.1), (436.3, 98.4), (436.3, 98.4), (436.3, 98.4), (436.3, 98.4), (436.3, 98.4), (436.3, 98.4), (436.3, 98.4), (436.3, 98.4), (436.3, 98.4), (436.3, 98.4), (436.3, 98.4), (436.3, 98.4), (436.3, 98.4), (436.3, 98.4), (436.3, 98.4), (436.3, 109.6), (436.3, 124.5), (436.3, 139.5), (436.3, 154.4), (436.3, 161.9), (436.3, 161.9), (436.3, 165.6), (436.3, 169.3), (436.3, 173.1), (436.3, 176.8), (436.3, 180.5), (436.3, 184.3), (436.3, 188.0), (436.3, 202.9), (436.3, 206.7), (436.3, 210.4), (436.3, 214.1), (436.3, 217.9), (436.3, 221.6), (436.3, 225.3), (436.3, 225.3), (436.3, 221.6), (436.3, 225.3), (436.3, 225.3), (436.3, 221.6), (436.3, 225.3), (436.3, 225.3), (436.3, 210.4), (436.3, 206.7), (436.3, 206.7), (436.3, 210.4), (436.3, 214.1), (436.3, 214.1), (436.3, 210.4), (436.3, 214.1), (436.3, 214.1), (436.3, 210.4), (436.3, 214.1), (436.3, 217.9), (436.3, 221.6), (436.3, 225.3), (436.3, 225.3), (430.7, 221.6), (434.4, 225.3), (434.4, 225.3), (430.7, 221.6), (434.4, 225.3), (428.8, 225.3), (428.8, 221.6), (428.8, 225.3)]",0,3,16.95
novice,bomberman,10,Enemy,1,0,21.68,0.808,"[(48.0, 48.0), (62.9, 44.3), (77.9, 44.3), (92.8, 44.3), (107.7, 44.3), (122.7, 44.3), (137.6, 44.3), (152.5, 44.3), (167.5, 44.3), (182.4, 44.3), (197.3, 44.3), (212.3, 44.3), (227.2, 44.3), (242.1, 44.3), (257.1, 44.3), (272.0, 44.3), (286.9, 44.3), (301.9, 44.3), (316.8, 44.3), (331.7, 44.3), (346.7, 44.3), (361.6, 44.3), (376.5, 44.3), (391.5, 44.3), (406.4, 44.3), (421.3, 48.0), (436.3, 61.1), (436.3, 76.0), (436.3, 90.9), (436.3, 94.7), (436.3, 98.4), (436.3, 102.1), (436.3, 117.1), (436.3, 132.0), (436.3, 146.9), (436.3, 161.9), (436.3, 165.6), (436.3, 161.9), (436.3, 161.9), (436.3, 165.6), (436.3, 161.9), (436.3, 161.9), (436.3, 165.6), (436.3, 161.9), (436.3, 161.9), (436.3, 165.6), (436.3, 161.9), (436.3, 169.3), (436.3, 165.6), (436.3, 169.3), (436.3, 169.3), (436.3, 165.6), (436.3, 173.1), (436.3, 173.1), (436.3, 176.8), (436.3, 173.1), (436.3, 173.1), (430.7, 174.9), (428.8, 178.7), (428.8, 178.7), (428.8, 174.9), (428.8, 180.5), (428.8, 180.5), (428.8, 180.5), (428.8, 176.8), (430.7, 161.9), (436.3, 146.9), (436.3, 132.0), (436.3, 117.1), (436.3, 102.1), (436.3, 87.2), (436.3, 72.3), (436.3, 57.3), (436.3, 49.9), (436.3, 49.9), (436.3, 46.1), (436.3, 53.6), (436.3, 53.6), (436.3, 57.3), (436.3, 72.3), (436.3, 83.5), (436.3, 90.9), (436.3, 87.2), (436.3, 94.7), (436.3, 90.9), (436.3, 94.7), (436.3, 94.7), (436.3, 90.9), (436.3, 94.7), (436.3, 94.7), (436.3, 90.9), (436.3, 96.5), (436.3, 109.6), (436.3, 118.9), (436.3, 133.9), (436.3, 148.8), (436.3, 163.7), (436.3, 178.7), (436.3, 193.6), (436.3, 208.5), (436.3, 223.5), (436.3, 223.5), (436.3, 219.7), (436.3, 223.5), (436.3, 223.5), (436.3, 219.7), (436.3, 223.5), (436.3, 223.5), (436.3, 219.7), (436.3, 216.0), (436.3, 212.3), (436.3, 208.5), (436.3, 204.8), (436.3, 201.1), (436.3, 197.3), (436.3, 193.6), (436.3, 189.9), (436.3, 186.1), (436.3, 178.7), (436.3, 178.7), (436.3, 174.9), (436.3, 167.5), (436.3, 178.7), (436.3, 186.1), (436.3, 189.9), (436.3, 193.6), (436.3, 197.3), (436.3, 193.6), (436.3, 193.6), (436.3, 197.3), (436.3, 193.6), (436.3, 193.6), (436.3, 197.3), (432.5, 201.1)]",0,3,17.73
novice,bomberman,10,Bomb,4,0,44.12,0.731,"[(48.0, 48.0), (62.9, 44.3), (77.9, 44.3), (92.8, 44.3), (107.7, 44.3), (122.7, 44.3), (137.6, 44.3), (152.5, 44.3), (167.5, 44.3), (182.4, 44.3), (197.3, 44.3), (212.3, 44.3), (227.2, 44.3), (242.1, 44.3), (257.1, 44.3), (272.0, 44.3), (286.9, 44.3), (301.9, 44.3), (316.8, 44.3), (331.7, 44.3), (346.7, 44.3), (361.6, 44.3), (376.5, 44.3), (391.5, 44.3), (406.4, 44.3), (421.3, 48.0), (436.3, 61.1), (436.3, 76.0), (436.3, 90.9), (436.3, 105.9), (436.3, 120.8), (436.3, 135.7), (436.3, 150.7), (436.3, 165.6), (436.3, 161.9), (436.3, 161.9), (436.3, 165.6), (436.3, 161.9), (436.3, 161.9), (436.3, 176.8), (436.3, 180.5), (436.3, 180.5), (436.3, 180.5), (436.3, 180.5), (436.3, 180.5), (436.3, 180.5), (436.3, 180.5), (436.3, 180.5), (436.3, 180.5), (436.3, 180.5), (436.3, 180.5), (436.3, 180.5), (436.3, 180.5), (436.3, 180.5), (436.3, 180.5), (436.3, 180.5), (436.3, 180.5), (436.3, 180.5), (436.3, 180.5), (436.3, 180.5), (436.3, 180.5), (436.3, 180.5), (436.3, 180.5), (436.3, 180.5), (436.3, 180.5), (436.3, 180.5), (436.3, 180.5)]",0,2,8.8
novice,bomberman,10,Enemy,4,0,22.91,0.808,"[(48.0, 48.0), (62.9, 44.3), (77.9, 44.3), (92.8, 44.3), (107.7, 44.3), (122.7, 44.3), (137.6, 44.3), (152.5, 44.3), (167.5, 44.3), (182.4, 44.3), (197.3, 44.3), (212.3, 44.3), (227.2, 44.3), (242.1, 44.3), (257.1, 44.3), (272.0, 44.3), (286.9, 44.3), (301.9, 44.3), (316.8, 44.3), (331.7, 44.3), (346.7, 44.3), (361.6, 44.3), (376.5, 44.3), (391.5, 44.3), (406.4, 44.3), (421.3, 48.0), (436.3, 61.1), (436.3, 76.0), (436.3, 90.9), (436.3, 105.9), (436.3, 120.8), (436.3, 135.7), (436.3, 146.9), (436.3, 143.2), (436.3, 146.9), (436.3, 139.5), (436.3, 132.0), (436.3, 139.5), (436.3, 146.9), (436.3, 143.2), (436.3, 146.9), (436.3, 150.7), (436.3, 154.4), (436.3, 158.1), (436.3, 150.7), (436.3, 154.4), (436.3, 161.9), (436.3, 161.9), (436.3, 165.6), (436.3, 161.9), (436.3, 161.9), (436.3, 165.6), (436.3, 150.7), (436.3, 135.7), (436.3, 120.8), (436.3, 105.9), (436.3, 102.1), (436.3, 98.4), (436.3, 94.7), (436.3, 94.7), (436.3, 98.4), (436.3, 94.7), (436.3, 90.9), (436.3, 87.2), (436.3, 90.9), (436.3, 83.5), (436.3, 76.0), (436.3, 79.7), (436.3, 72.3), (436.3, 76.0), (436.3, 72.3), (436.3, 68.5), (436.3, 53.6), (436.3, 44.3), (436.3, 44.3), (436.3, 44.3), (436.3, 44.3), (436.3, 44.3), (436.3, 44.3), (436.3, 44.3), (436.3, 44.3), (436.3, 44.3), (436.3, 59.2), (436.3, 74.1), (436.3, 89.1), (436.3, 104.0), (436.3, 118.9), (436.3, 133.9), (436.3, 148.8), (436.3, 163.7), (436.3, 178.7), (436.3, 182.4), (436.3, 186.1), (436.3, 189.9), (436.3, 204.8), (436.3, 208.5), (436.3, 212.3), (436.3, 216.0), (436.3, 219.7), (436.3, 223.5), (436.3, 227.2), (436.3, 227.2), (436.3, 223.5), (436.3, 216.0), (436.3, 216.0), (436.3, 212.3), (436.3, 208.5), (436.3, 208.5), (436.3, 201.1), (436.3, 197.3), (436.3, 197.3), (436.3, 189.9), (436.3, 186.1), (436.3, 174.9), (436.3, 178.7), (436.3, 182.4), (436.3, 193.6), (436.3, 189.9), (436.3, 197.3), (436.3, 197.3), (436.3, 201.1), (436.3, 197.3), (436.3, 197.3), (436.3, 212.3), (436.3, 227.2), (436.3, 227.2), (436.3, 223.5), (436.3, 227.2)]",0,2,16.95
novice,bomberman,10,Bomb,2,0,32.62,0.462,"[(48.0, 48.0), (62.9, 44.3), (77.9, 44.3), (92.8, 44.3), (107.7, 44.3), (122.7, 44.3), (137.6, 44.3), (152.5, 44.3), (167.5, 44.3), (182.4, 44.3), (197.3, 44.3), (212.3, 44.3), (227.2, 44.3), (242.1, 44.3), (257.1, 44.3), (272.0, 44.3), (286.9, 44.3), (301.9, 44.3), (316.8, 44.3), (331.7, 44.3), (346.7, 51.7), (363.5, 51.7), (372.8, 66.7), (372.8, 81.6), (372.8, 96.5), (372.8, 111.5), (372.8, 115.2), (372.8, 115.2), (372.8, 115.2), (372.8, 115.2), (372.8, 115.2), (372.8, 115.2), (372.8, 115.2), (372.8, 115.2), (372.8, 115.2), (372.8, 115.2), (372.8, 115.2), (372.8, 115.2), (372.8, 115.2), (372.8, 115.2), (372.8, 115.2), (372.8, 115.2), (372.8, 115.2), (372.8, 115.2), (372.8, 115.2), (372.8, 115.2), (372.8, 115.2), (372.8, 115.2), (372.8, 115.2), (372.8, 115.2), (372.8, 115.2), (372.8, 115.2), (372.8, 115.2), (372.8, 115.2), (372.8, 115.2), (372.8, 115.2), (372.8, 115.2), (372.8, 115.2), (372.8, 115.2), (372.8, 115.2), (372.8, 115.2), (372.8, 115.2), (372.8, 115.2), (372.8, 115.2), (372.8, 115.2), (372.8, 115.2), (372.8, 115.2), (372.8, 115.2), (372.8, 115.2), (372.8, 115.2), (372.8, 115.2), (372.8, 115.2), (372.8, 115.2), (372.8, 115.2), (372.8, 115.2)]",0,2,9.9
novice,bomberman,10,Bomb,6,0,32.63,0.423,"[(48.0, 48.0), (62.9, 44.3), (77.9, 44.3), (92.8, 44.3), (107.7, 44.3), (122.7, 44.3), (137.6, 44.3), (152.5, 44.3), (167.5, 44.3), (182.4, 44.3), (197.3, 44.3), (212.3, 44.3), (227.2, 44.3), (242.1, 44.3), (257.1, 44.3), (272.0, 44.3), (286.9, 44.3), (301.9, 44.3), (316.8, 44.3), (331.7, 44.3), (346.7, 44.3), (361.6, 44.3), (376.5, 44.3), (391.5, 44.3), (406.4, 44.3), (421.3, 44.3), (436.3, 44.3), (436.3, 44.3), (436.3, 44.3), (436.3, 44.3), (436.3, 44.3), (436.3, 44.3), (436.3, 44.3), (436.3, 44.3), (436.3, 44.3), (436.3, 44.3), (436.3, 44.3), (436.3, 44.3), (436.3, 44.3), (436.3, 44.3), (436.3, 44.3), (436.3, 44.3), (436.3, 44.3), (436.3, 44.3), (436.3, 44.3), (436.3, 44.3), (436.3, 44.3), (436.3, 44.3), (436.3, 44.3), (436.3, 44.3), (436.3, 44.3), (436.3, 44.3), (436.3, 44.3), (436.3, 44.3), (436.3, 44.3), (436.3, 44.3), (436.3, 44.3), (436.3, 44.3), (436.3, 44.3), (436.3, 44.3), (436.3, 44.3), (436.3, 44.3), (436.3, 44.3), (436.3, 44.3), (436.3, 44.3), (436.3, 44.3), (436.3, 44.3), (436.3, 44.3), (436.3, 44.3), (436.3, 44.3), (436.3, 44.3), (436.3, 44.3), (436.3, 44.3), (436.3, 44.3), (436.3, 44.3), (436.3, 44.3), (436.3, 44.3), (436.3, 44.3), (436.3, 44.3), (436.3, 44.3), (436.3, 44.3), (436.3, 44.3), (436.3, 44.3), (436.3, 44.3), (436.3, 49.9), (436.3, 53.6), (436.3, 57.3), (436.3, 61.1), (436.3, 64.8), (432.5, 79.7)]",0,0,11.9
novice,bomberman,10,Bomb,1,0,20.3,0.462,"[(48.0, 48.0), (62.9, 51.7), (77.9, 44.3), (92.8, 44.3), (107.7, 44.3), (122.7, 44.3), (137.6, 44.3), (152.5, 44.3), (167.5, 44.3), (182.4, 44.3), (197.3, 44.3), (212.3, 44.3), (227.2, 44.3), (242.1, 59.2), (244.0, 59.2), (244.0, 55.5), (244.0, 59.2), (244.0, 59.2), (244.0, 55.5), (244.0, 59.2), (244.0, 59.2), (244.0, 55.5), (244.0, 59.2), (244.0, 59.2), (244.0, 55.5), (244.0, 59.2), (244.0, 59.2), (244.0, 55.5), (244.0, 59.2), (244.0, 59.2), (244.0, 55.5), (255.2, 51.7), (270.1, 44.3), (285.1, 44.3), (300.0, 48.0), (307.5, 62.9), (307.5, 64.8), (307.5, 66.7), (307.5, 61.1), (307.5, 68.5), (307.5, 59.2), (307.5, 64.8), (307.5, 57.3), (307.5, 61.1), (307.5, 59.2), (307.5, 59.2), (307.5, 61.1), (307.5, 61.1), (307.5, 62.9), (307.5, 62.9), (307.5, 64.8), (307.5, 64.8), (307.5, 66.7), (307.5, 61.1), (307.5, 68.5), (307.5, 59.2), (307.5, 64.8), (307.5, 57.3), (307.5, 61.1), (307.5, 59.2), (307.5, 59.2), (307.5, 61.1), (307.5, 70.4), (307.5, 59.2), (307.5, 53.6), (320.5, 49.9), (335.5, 44.3), (350.4, 48.0), (365.3, 53.6), (372.8, 68.5), (372.8, 66.7), (372.8, 64.8), (372.8, 64.8), (372.8, 70.4), (372.8, 62.9), (372.8, 77.9), (372.8, 77.9), (372.8, 81.6), (372.8, 85.3), (372.8, 89.1), (372.8, 89.1), (372.8, 85.3), (372.8, 89.1), (372.8, 92.8), (372.8, 96.5), (372.8, 92.8), (372.8, 92.8), (372.8, 96.5), (372.8, 92.8), (372.8, 92.8), (372.8, 96.5), (372.8, 92.8), (372.8, 92.8), (372.8, 107.7), (372.8, 111.5), (372.8, 115.2), (372.8, 115.2), (372.8, 115.2), (372.8, 115.2), (372.8, 115.2), (372.8, 115.2), (372.8, 115.2), (372.8, 115.2), (372.8, 115.2), (372.8, 115.2), (372.8, 115.2), (372.8, 115.2), (372.8, 115.2), (372.8, 115.2), (372.8, 115.2), (372.8, 115.2), (372.8, 115.2), (372.8, 115.2), (372.8, 115.2), (372.8, 115.2), (372.8, 115.2), (372.8, 115.2), (372.8, 115.2), (372.8, 115.2), (372.8, 115.2), (372.8, 115.2)]",0,2,16.0
novice,bomberman,10,Bomb,1,0,15.82,0.5,"[(48.0, 48.0), (62.9, 51.7), (77.9, 44.3), (92.8, 44.3), (107.7, 44.3), (122.7, 44.3), (137.6, 44.3), (152.5, 44.3), (167.5, 44.3), (182.4, 44.3), (197.3, 44.3), (212.3, 44.3), (227.2, 44.3), (242.1, 44.3), (257.1, 44.3), (272.0, 44.3), (286.9, 44.3), (301.9, 44.3), (316.8, 44.3), (331.7, 44.3), (346.7, 44.3), (361.6, 44.3), (376.5, 44.3), (391.5, 44.3), (406.4, 44.3), (421.3, 44.3), (436.3, 44.3), (436.3, 44.3), (436.3, 44.3), (436.3, 44.3), (436.3, 44.3), (436.3, 44.3), (436.3, 44.3), (436.3, 44.3), (436.3, 44.3), (436.3, 44.3), (436.3, 44.3), (436.3, 44.3), (436.3, 44.3), (436.3, 44.3), (436.3, 44.3), (436.3, 44.3), (436.3, 44.3), (436.3, 44.3), (436.3, 44.3), (436.3, 44.3), (436.3, 44.3), (436.3, 44.3), (436.3, 44.3), (436.3, 59.2), (436.3, 74.1), (436.3, 89.1), (436.3, 104.0), (436.3, 118.9), (436.3, 122.7), (436.3, 126.4), (436.3, 126.4), (436.3, 122.7), (436.3, 126.4), (436.3, 126.4), (436.3, 122.7), (436.3, 126.4), (436.3, 126.4), (436.3, 122.7), (436.3, 126.4), (436.3, 126.4), (436.3, 122.7), (436.3, 118.9), (436.3, 104.0), (436.3, 89.1), (436.3, 74.1), (436.3, 59.2), (436.3, 44.3), (436.3, 44.3), (436.3, 44.3), (436.3, 44.3), (436.3, 44.3), (436.3, 44.3), (436.3, 44.3), (436.3, 44.3), (436.3, 44.3), (436.3, 44.3), (436.3, 44.3), (436.3, 44.3), (436.3, 44.3), (436.3, 44.3), (436.3, 44.3), (436.3, 44.3), (436.3, 44.3), (436.3, 44.3), (436.3, 44.3), (436.3, 44.3), (436.3, 44.3), (436.3, 44.3), (436.3, 44.3), (436.3, 44.3), (436.3, 44.3), (436.3, 44.3), (436.3, 44.3), (436.3, 44.3), (436.3, 44.3), (436.3, 44.3), (436.3, 44.3), (436.3, 44.3), (436.3, 44.3), (436.3, 44.3), (436.3, 44.3), (436.3, 44.3), (436.3, 44.3), (436.3, 59.2), (436.3, 74.1), (436.3, 89.1), (436.3, 104.0), (436.3, 104.0), (436.3, 100.3), (436.3, 104.0), (436.3, 104.0), (436.3, 100.3), (436.3, 104.0), (436.3, 104.0), (436.3, 100.3), (436.3, 104.0), (436.3, 107.7), (436.3, 111.5), (436.3, 107.7), (436.3, 104.0), (436.3, 100.3), (436.3, 96.5), (436.3, 81.6), (436.3, 66.7), (436.3, 51.7), (436.3, 44.3), (436.3, 44.3), (436.3, 44.3), (436.3, 44.3), (436.3, 44.3), (436.3, 44.3), (436.3, 44.3), (436.3, 44.3), (436.3, 44.3), (436.3, 44.3), (436.3, 44.3), (436.3, 44.3), (436.3, 44.3), (436.3, 44.3), (436.3, 44.3), (436.3, 44.3), (436.3, 44.3), (436.3, 44.3), (436.3, 44.3), (436.3, 44.3), (436.3, 44.3), (436.3, 44.3), (436.3, 44.3), (436.3, 44.3), (436.3, 44.3), (436.3, 44.3), (436.3, 44.3), (436.3, 44.3), (436.3, 44.3), (436.3, 44.3), (436.3, 44.3), (436.3, 44.3), (436.3, 44.3), (436.3, 44.3), (436.3, 44.3), (436.3, 44.3), (436.3, 44.3), (436.3, 44.3), (436.3, 59.2), (436.3, 74.1), (436.3, 89.1), (436.3, 96.5), (436.3, 96.5), (436.3, 100.3), (436.3, 96.5), (436.3, 96.5), (436.3, 100.3), (436.3, 96.5), (436.3, 96.5), (436.3, 100.3), (436.3, 104.0), (436.3, 104.0), (436.3, 100.3), (436.3, 96.5)]",0,1,24.55
novice,bomberman,10,Bomb,4,0,9.29,0.846,"[(48.0, 48.0), (62.9, 44.3), (77.9, 44.3), (92.8, 44.3), (107.7, 44.3), (122.7, 44.3), (137.6, 44.3), (152.5, 44.3), (167.5, 44.3), (182.4, 44.3), (197.3, 44.3), (212.3, 44.3), (227.2, 44.3), (242.1, 44.3), (257.1, 44.3), (272.0, 44.3), (286.9, 44.3), (301.9, 44.3), (316.8, 44.3), (331.7, 44.3), (346.7, 44.3), (361.6, 44.3), (376.5, 44.3), (391.5, 44.3), (406.4, 44.3), (421.3, 48.0), (436.3, 61.1), (436.3, 76.0), (436.3, 90.9), (436.3, 105.9), (436.3, 120.8), (436.3, 135.7), (436.3, 150.7), (436.3, 154.4), (436.3, 146.9), (436.3, 146.9), (436.3, 143.2), (436.3, 146.9), (436.3, 146.9), (436.3, 154.4), (436.3, 150.7), (436.3, 158.1), (436.3, 165.6), (436.3, 161.9), (436.3, 161.9), (436.3, 154.4), (436.3, 150.7), (436.3, 150.7), (436.3, 143.2), (436.3, 135.7), (436.3, 124.5), (436.3, 120.8), (436.3, 117.1), (436.3, 113.3), (436.3, 109.6), (436.3, 113.3), (436.3, 105.9), (436.3, 109.6), (436.3, 105.9), (436.3, 102.1), (436.3, 98.4), (436.3, 90.9), (436.3, 90.9), (436.3, 76.0), (436.3, 79.7), (436.3, 72.3), (436.3, 76.0), (436.3, 68.5), (436.3, 57.3), (436.3, 44.3), (436.3, 44.3), (436.3, 44.3), (436.3, 44.3), (436.3, 44.3), (436.3, 46.1), (436.3, 61.1), (436.3, 76.0), (436.3, 90.9), (436.3, 105.9), (436.3, 120.8), (436.3, 135.7), (436.3, 150.7), (436.3, 158.1), (436.3, 158.1), (436.3, 161.9), (436.3, 165.6), (436.3, 169.3), (436.3, 173.1), (436.3, 176.8), (436.3, 180.5), (436.3, 184.3), (436.3, 188.0), (436.3, 191.7), (436.3, 206.7), (436.3, 210.4), (436.3, 214.1), (436.3, 217.9), (436.3, 221.6), (436.3, 225.3), (436.3, 229.1), (436.3, 225.3), (436.3, 225.3), (436.3, 229.1), (436.3, 221.6), (436.3, 221.6), (436.3, 206.7), (436.3, 202.9), (436.3, 199.2), (436.3, 195.5), (436.3, 191.7), (436.3, 176.8), (436.3, 161.9), (436.3, 146.9), (436.3, 132.0), (436.3, 117.1), (436.3, 102.1), (436.3, 98.4), (436.3, 94.7), (436.3, 98.4), (436.3, 98.4), (436.3, 94.7), (436.3, 90.9), (436.3, 87.2), (436.3, 83.5), (436.3, 79.7), (436.3, 76.0), (436.3, 72.3), (436.3, 68.5), (436.3, 53.6), (436.3, 44.3), (436.3, 44.3), (436.3, 44.3), (436.3, 44.3), (436.3, 48.0), (436.3, 51.7), (436.3, 66.7), (436.3, 81.6), (436.3, 96.5), (436.3, 111.5), (436.3, 126.4), (436.3, 141.3), (436.3, 156.3), (436.3, 163.7), (436.3, 171.2), (436.3, 167.5), (436.3, 174.9), (436.3, 174.9), (436.3, 178.7), (436.3, 182.4), (436.3, 197.3), (436.3, 201.1), (436.3, 208.5), (436.3, 208.5), (436.3, 212.3), (436.3, 216.0), (436.3, 227.2), (436.3, 223.5), (436.3, 227.2), (436.3, 227.2), (436.3, 223.5), (436.3, 219.7), (436.3, 216.0), (436.3, 212.3), (436.3, 208.5), (436.3, 216.0), (436.3, 201.1), (436.3, 186.1), (436.3, 171.2), (436.3, 156.3), (436.3, 141.3), (436.3, 126.4), (436.3, 111.5), (436.3, 104.0), (436.3, 96.5), (436.3, 100.3), (436.3, 96.5), (436.3, 96.5), (436.3, 100.3), (436.3, 85.3), (436.3, 85.3), (436.3, 77.9), (436.3, 81.6), (436.3, 74.1), (436.3, 66.7), (436.3, 70.4), (436.3, 59.2), (436.3, 44.3), (436.3, 44.3), (436.3, 44.3), (436.3, 44.3), (436.3, 48.0), (436.3, 51.7), (436.3, 55.5), (436.3, 59.2), (436.3, 74.1), (436.3, 89.1), (436.3, 104.0), (436.3, 118.9), (436.3, 133.9), (436.3, 148.8), (436.3, 163.7), (436.3, 178.7), (436.3, 182.4), (436.3, 182.4), (436.3, 189.9), (436.3, 204.8), (436.3, 208.5), (436.3, 212.3), (436.3, 216.0), (436.3, 216.0), (436.3, 223.5), (436.3, 227.2), (436.3, 227.2), (436.3, 223.5), (436.3, 227.2), (436.3, 227.2), (436.3, 223.5), (436.3, 227.2), (436.3, 227.2), (436.3, 212.3), (436.3, 216.0), (436.3, 208.5), (436.3, 212.3), (436.3, 204.8), (436.3, 204.8), (436.3, 189.9), (436.3, 174.9), (436.3, 160.0), (436.3, 145.1), (436.3, 130.1), (436.3, 115.2), (436.3, 100.3), (436.3, 96.5), (436.3, 96.5), (436.3, 100.3), (436.3, 85.3), (436.3, 85.3), (436.3, 77.9), (436.3, 81.6), (436.3, 74.1), (436.3, 66.7), (436.3, 70.4), (436.3, 59.2), (436.3, 44.3), (436.3, 44.3), (436.3, 44.3), (436.3, 44.3), (436.3, 48.0), (436.3, 51.7), (436.3, 55.5), (436.3, 59.2), (436.3, 74.1), (436.3, 89.1), (436.3, 96.5), (436.3, 107.7), (436.3, 122.7), (436.3, 137.6), (436.3, 152.5), (436.3, 167.5), (436.3, 182.4), (436.3, 197.3), (436.3, 201.1), (436.3, 208.5), (436.3, 208.5), (436.3, 212.3), (436.3, 216.0), (436.3, 219.7), (436.3, 223.5), (436.3, 227.2), (436.3, 227.2), (436.3, 234.7), (436.3, 230.9), (436.3, 230.9), (436.3, 223.5), (436.3, 227.2), (436.3, 227.2), (436.3, 223.5), (436.3, 219.7), (436.3, 216.0), (436.3, 212.3), (436.3, 208.5), (436.3, 204.8), (436.3, 201.1), (436.3, 197.3), (432.5, 193.6), (436.3, 178.7), (436.3, 174.9), (436.3, 182.4), (436.3, 178.7), (436.3, 193.6), (436.3, 193.6), (436.3, 189.9), (436.3, 193.6), (436.3, 197.3), (436.3, 201.1), (436.3, 204.8), (436.3, 219.7), (436.3, 234.7), (436.3, 249.6), (436.3, 253.3), (436.3, 257.1), (436.3, 249.6), (436.3, 249.6), (436.3, 245.9), (436.3, 242.1), (436.3, 238.4), (436.3, 234.7), (436.3, 230.9), (436.3, 230.9), (436.3, 234.7), (436.3, 230.9), (436.3, 216.0), (436.3, 204.8), (436.3, 204.8)]",0,3,41.8
novice,bomberman,10,Enemy,1,0,17.85,0.846,"[(48.0, 48.0), (62.9, 51.7), (77.9, 44.3), (92.8, 44.3), (107.7, 44.3), (122.7, 44.3), (137.6, 44.3), (152.5, 44.3), (167.5, 44.3), (182.4, 44.3), (197.3, 44.3), (212.3, 44.3), (227.2, 44.3), (242.1, 48.0), (257.1, 51.7), (272.0, 44.3), (286.9, 44.3), (301.9, 44.3), (316.8, 44.3), (331.7, 44.3), (346.7, 44.3), (361.6, 44.3), (376.5, 44.3), (391.5, 44.3), (406.4, 44.3), (421.3, 48.0), (436.3, 61.1), (436.3, 76.0), (436.3, 90.9), (436.3, 105.9), (436.3, 120.8), (436.3, 124.5), (436.3, 139.5), (436.3, 154.4), (436.3, 169.3), (436.3, 169.3), (436.3, 165.6), (436.3, 169.3), (436.3, 173.1), (436.3, 176.8), (436.3, 180.5), (436.3, 180.5), (436.3, 180.5), (436.3, 180.5), (436.3, 180.5), (436.3, 180.5), (436.3, 180.5), (436.3, 180.5), (436.3, 180.5), (436.3, 180.5), (436.3, 180.5), (436.3, 180.5), (436.3, 180.5), (436.3, 180.5), (436.3, 180.5), (436.3, 180.5), (436.3, 180.5), (436.3, 180.5), (436.3, 180.5), (436.3, 180.5), (436.3, 180.5), (436.3, 180.5), (436.3, 180.5), (436.3, 180.5), (436.3, 176.8), (436.3, 161.9), (436.3, 146.9), (436.3, 132.0), (436.3, 117.1), (436.3, 102.1), (436.3, 87.2), (436.3, 83.5), (436.3, 79.7), (436.3, 83.5), (436.3, 83.5), (436.3, 90.9), (436.3, 87.2), (436.3, 87.2), (436.3, 90.9), (436.3, 96.5), (436.3, 96.5), (436.3, 96.5), (436.3, 96.5), (436.3, 96.5), (436.3, 96.5), (436.3, 96.5), (436.3, 96.5), (436.3, 96.5), (436.3, 96.5), (436.3, 96.5), (436.3, 96.5), (436.3, 105.9), (436.3, 113.3), (436.3, 124.5), (436.3, 133.9), (436.3, 148.8), (436.3, 163.7), (436.3, 178.7), (436.3, 193.6), (436.3, 208.5), (436.3, 223.5), (436.3, 238.4), (436.3, 253.3), (436.3, 260.8), (436.3, 257.1), (436.3, 253.3), (436.3, 257.1), (436.3, 257.1), (436.3, 253.3), (436.3, 257.1), (436.3, 257.1), (436.3, 253.3), (436.3, 249.6), (436.3, 249.6), (436.3, 253.3), (436.3, 249.6), (436.3, 245.9), (436.3, 242.1), (436.3, 238.4), (436.3, 238.4), (436.3, 230.9), (436.3, 216.0), (436.3, 201.1), (436.3, 186.1), (436.3, 171.2), (436.3, 156.3), (436.3, 141.3), (436.3, 137.6), (436.3, 145.1), (436.3, 141.3), (436.3, 145.1), (436.3, 148.8), (436.3, 152.5), (436.3, 148.8), (436.3, 148.8), (436.3, 152.5), (436.3, 160.0), (436.3, 160.0), (436.3, 163.7), (436.3, 163.7), (436.3, 163.7), (436.3, 163.7), (436.3, 163.7), (436.3, 163.7), (436.3, 163.7), (436.3, 163.7), (436.3, 163.7), (436.3, 163.7), (436.3, 163.7), (436.3, 163.7), (436.3, 163.7), (436.3, 163.7), (436.3, 163.7), (436.3, 163.7), (436.3, 167.5), (436.3, 182.4), (436.3, 197.3), (436.3, 212.3), (436.3, 227.2), (436.3, 242.1), (436.3, 257.1), (436.3, 257.1), (436.3, 253.3), (436.3, 257.1)]",0,4,21.75
novice,bomberman,10,Enemy,3,0,22.47,0.808,"[(48.0, 48.0), (62.9, 44.3), (77.9, 44.3), (92.8, 44.3), (107.7, 44.3), (122.7, 44.3), (137.6, 44.3), (152.5, 44.3), (167.5, 44.3), (182.4, 44.3), (197.3, 44.3), (212.3, 44.3), (227.2, 44.3), (242.1, 44.3), (257.1, 44.3), (272.0, 44.3), (286.9, 44.3), (301.9, 44.3), (316.8, 44.3), (331.7, 44.3), (346.7, 44.3), (361.6, 44.3), (376.5, 44.3), (391.5, 44.3), (406.4, 44.3), (421.3, 48.0), (436.3, 61.1), (436.3, 76.0), (436.3, 90.9), (436.3, 105.9), (436.3, 120.8), (436.3, 135.7), (436.3, 150.7), (436.3, 143.2), (436.3, 146.9), (436.3, 139.5), (436.3, 132.0), (436.3, 139.5), (436.3, 146.9), (436.3, 143.2), (436.3, 150.7), (436.3, 150.7), (436.3, 165.6), (436.3, 161.9), (436.3, 161.9), (436.3, 165.6), (436.3, 158.1), (436.3, 150.7), (436.3, 154.4), (436.3, 150.7), (436.3, 150.7), (436.3, 154.4), (436.3, 150.7), (436.3, 135.7), (436.3, 132.0), (436.3, 135.7), (436.3, 124.5), (436.3, 109.6), (436.3, 105.9), (436.3, 105.9), (436.3, 109.6), (436.3, 105.9), (436.3, 102.1), (436.3, 98.4), (436.3, 98.4), (436.3, 98.4), (436.3, 98.4), (436.3, 98.4), (436.3, 98.4), (436.3, 98.4), (436.3, 98.4), (436.3, 98.4), (436.3, 98.4), (436.3, 98.4), (436.3, 98.4), (436.3, 98.4), (436.3, 98.4), (436.3, 98.4), (436.3, 109.6), (436.3, 124.5), (436.3, 139.5), (436.3, 154.4), (436.3, 161.9), (436.3, 161.9), (436.3, 165.6), (436.3, 169.3), (436.3, 173.1), (436.3, 176.8), (436.3, 180.5), (436.3, 184.3), (436.3, 188.0), (436.3, 202.9), (436.3, 206.7), (436.3, 210.4), (436.3, 214.1), (436.3, 217.9), (436.3, 221.6), (436.3, 225.3), (436.3, 225.3), (436.3, 221.6), (436.3, 225.3), (436.3, 225.3), (436.3, 221.6), (436.3, 225.3), (436.3, 225.3), (436.3, 210.4), (436.3, 206.7), (436.3, 206.7), (436.3, 210.4), (436.3, 214.1), (436.3, 214.1), (436.3, 210.4), (436.3, 214.1), (436.3, 214.1), (436.3, 210.4), (436.3, 214.1), (436.3, 217.9), (436.3, 221.6), (436.3, 225.3), (436.3, 225.3), (430.7, 221.6), (434.4, 225.3), (434.4, 225.3), (430.7, 221.6), (434.4, 225.3), (428.8, 225.3), (428.8, 221.6), (428.8, 225.3)]",0,3,16.95
novice,bomberman,10,Enemy,1,0,21.68,0.808,"[(48.0, 48.0), (62.9, 44.3), (77.9, 44.3), (92.8, 44.3), (107.7, 44.3), (122.7, 44.3), (137.6, 44.3), (152.5, 44.3), (167.5, 44.3), (182.4, 44.3), (197.3, 44.3), (212.3, 44.3), (227.2, 44.3), (242.1, 44.3), (257.1, 44.3), (272.0, 44.3), (286.9, 44.3), (301.9, 44.3), (316.8, 44.3), (331.7, 44.3), (346.7, 44.3), (361.6, 44.3), (376.5, 44.3), (391.5, 44.3), (406.4, 44.3), (421.3, 48.0), (436.3, 61.1), (436.3, 76.0), (436.3, 90.9), (436.3, 94.7), (436.3, 98.4), (436.3, 102.1), (436.3, 117.1), (436.3, 132.0), (436.3, 146.9), (436.3, 161.9), (436.3, 165.6), (436.3, 161.9), (436.3, 161.9), (436.3, 165.6), (436.3, 161.9), (436.3, 161.9), (436.3, 165.6), (436.3, 161.9), (436.3, 161.9), (436.3, 165.6), (436.3, 161.9), (436.3, 169.3), (436.3, 165.6), (436.3, 169.3), (436.3, 169.3), (436.3, 165.6), (436.3, 173.1), (436.3, 173.1), (436.3, 176.8), (436.3, 173.1), (436.3, 173.1), (430.7, 174.9), (428.8, 178.7), (428.8, 178.7), (428.8, 174.9), (428.8, 180.5), (428.8, 180.5), (428.8, 180.5), (428.8, 176.8), (430.7, 161.9), (436.3, 146.9), (436.3, 132.0), (436.3, 117.1), (436.3, 102.1), (436.3, 87.2), (436.3, 72.3), (436.3, 57.3), (436.3, 49.9), (436.3, 49.9), (436.3, 46.1), (436.3, 53.6), (436.3, 53.6), (436.3, 57.3), (436.3, 72.3), (436.3, 83.5), (436.3, 90.9), (436.3, 87.2), (436.3, 94.7), (436.3, 90.9), (436.3, 94.7), (436.3, 94.7), (436.3, 90.9), (436.3, 94.7), (436.3, 94.7), (436.3, 90.9), (436.3, 96.5), (436.3, 109.6), (436.3, 118.9), (436.3, 133.9), (436.3, 148.8), (436.3, 163.7), (436.3, 178.7), (436.3, 193.6), (436.3, 208.5), (436.3, 223.5), (436.3, 223.5), (436.3, 219.7), (436.3, 223.5), (436.3, 223.5), (436.3, 219.7), (436.3, 223.5), (436.3, 223.5), (436.3, 219.7), (436.3, 216.0), (436.3, 212.3), (436.3, 208.5), (436.3, 204.8), (436.3, 201.1), (436.3, 197.3), (436.3, 193.6), (436.3, 189.9), (436.3, 186.1), (436.3, 178.7), (436.3, 178.7), (436.3, 174.9), (436.3, 167.5), (436.3, 178.7), (436.3, 186.1), (436.3, 189.9), (436.3, 193.6), (436.3, 197.3), (436.3, 193.6), (436.3, 193.6), (436.3, 197.3), (436.3, 193.6), (436.3, 193.6), (436.3, 197.3), (432.5, 201.1)]",0,3,17.73
novice,bomberman,10,Bomb,2,0,46.78,0.538,"[(48.0, 48.0), (62.9, 44.3), (77.9, 44.3), (92.8, 44.3), (107.7, 44.3), (122.7, 44.3), (137.6, 44.3), (152.5, 44.3), (167.5, 44.3), (182.4, 44.3), (197.3, 44.3), (212.3, 44.3), (227.2, 44.3), (242.1, 44.3), (257.1, 46.1), (272.0, 44.3), (286.9, 44.3), (301.9, 44.3), (316.8, 44.3), (331.7, 44.3), (346.7, 44.3), (361.6, 44.3), (376.5, 44.3), (391.5, 44.3), (406.4, 44.3), (421.3, 48.0), (436.3, 61.1), (436.3, 76.0), (436.3, 90.9), (436.3, 105.9), (436.3, 120.8), (436.3, 135.7), (436.3, 150.7), (436.3, 154.4), (436.3, 169.3), (436.3, 169.3), (436.3, 165.6), (436.3, 161.9), (436.3, 161.9), (436.3, 165.6), (436.3, 161.9), (436.3, 161.9), (436.3, 165.6), (436.3, 169.3), (436.3, 161.9), (436.3, 165.6), (436.3, 161.9), (436.3, 161.9), (436.3, 165.6), (436.3, 150.7), (436.3, 150.7), (436.3, 143.2), (436.3, 139.5), (436.3, 135.7), (436.3, 132.0), (436.3, 128.3), (436.3, 128.3), (436.3, 132.0), (436.3, 128.3), (436.3, 128.3), (436.3, 132.0), (436.3, 128.3), (436.3, 128.3)]",0,0,8.3
novice,bomberman,10,Bomb,4,0,31.48,0.692,"[(48.0, 48.0), (62.9, 44.3), (77.9, 44.3), (92.8, 44.3), (107.7, 44.3), (122.7, 44.3), (137.6, 44.3), (152.5, 44.3), (167.5, 44.3), (182.4, 44.3), (197.3, 44.3), (212.3, 44.3), (227.2, 44.3), (242.1, 44.3), (257.1, 44.3), (272.0, 44.3), (286.9, 44.3), (301.9, 44.3), (316.8, 44.3), (331.7, 44.3), (346.7, 44.3), (361.6, 44.3), (376.5, 44.3), (391.5, 44.3), (406.4, 44.3), (421.3, 48.0), (436.3, 61.1), (436.3, 76.0), (436.3, 90.9), (436.3, 94.7), (436.3, 98.4), (436.3, 94.7), (436.3, 105.9), (436.3, 120.8), (436.3, 135.7), (436.3, 141.3), (436.3, 141.3), (436.3, 156.3), (436.3, 160.0), (436.3, 163.7), (436.3, 160.0), (436.3, 160.0), (436.3, 163.7), (436.3, 160.0), (436.3, 160.0), (436.3, 163.7), (436.3, 160.0), (436.3, 160.0), (436.3, 163.7), (436.3, 160.0), (436.3, 160.0), (436.3, 163.7), (436.3, 160.0), (428.8, 160.0), (428.8, 163.7), (428.8, 160.0), (428.8, 160.0), (428.8, 163.7), (428.8, 160.0), (428.8, 160.0), (428.8, 163.7), (428.8, 167.5), (428.8, 178.7), (428.8, 174.9), (428.8, 176.8), (430.7, 161.9), (436.3, 146.9), (436.3, 132.0), (436.3, 117.1), (436.3, 102.1), (436.3, 87.2), (436.3, 72.3), (436.3, 57.3), (436.3, 49.9), (436.3, 53.6), (436.3, 57.3), (436.3, 61.1), (436.3, 64.8), (436.3, 68.5), (436.3, 64.8), (436.3, 64.8), (436.3, 68.5), (436.3, 72.3), (436.3, 76.0), (436.3, 79.7), (436.3, 83.5), (436.3, 87.2), (436.3, 90.9), (436.3, 94.7), (436.3, 94.7), (436.3, 90.9), (436.3, 105.9), (436.3, 120.8)]",0,3,12.33
novice,bomberman,10,Enemy,3,0,20.13,0.692,"[(48.0, 48.0), (62.9, 51.7), (77.9, 44.3), (92.8, 44.3), (107.7, 44.3), (122.7, 44.3), (137.6, 44.3), (152.5, 44.3), (167.5, 44.3), (182.4, 44.3), (197.3, 44.3), (212.3, 44.3), (227.2, 44.3), (242.1, 44.3), (257.1, 44.3), (272.0, 44.3), (286.9, 44.3), (301.9, 44.3), (316.8, 44.3), (331.7, 44.3), (346.7, 44.3), (361.6, 44.3), (376.5, 44.3), (391.5, 44.3), (406.4, 44.3), (421.3, 44.3), (436.3, 44.3), (436.3, 44.3), (436.3, 44.3), (436.3, 44.3), (436.3, 44.3), (436.3, 44.3), (436.3, 44.3), (436.3, 44.3), (436.3, 44.3), (436.3, 44.3), (436.3, 44.3), (436.3, 44.3), (436.3, 49.9), (436.3, 49.9), (436.3, 49.9), (436.3, 49.9), (436.3, 49.9), (436.3, 49.9), (436.3, 49.9), (436.3, 49.9), (436.3, 49.9), (436.3, 49.9), (436.3, 49.9), (436.3, 49.9), (436.3, 49.9), (436.3, 61.1), (436.3, 76.0), (436.3, 90.9), (436.3, 105.9), (436.3, 120.8), (436.3, 124.5), (436.3, 128.3), (436.3, 124.5), (436.3, 124.5), (436.3, 128.3), (436.3, 124.5), (436.3, 124.5), (436.3, 128.3), (436.3, 124.5), (436.3, 124.5), (436.3, 128.3), (436.3, 124.5), (436.3, 124.5), (436.3, 128.3), (436.3, 124.5), (436.3, 120.8), (436.3, 117.1), (436.3, 117.1), (436.3, 117.1), (436.3, 117.1), (436.3, 117.1), (436.3, 117.1), (436.3, 117.1), (436.3, 117.1), (436.3, 118.9), (436.3, 128.3), (436.3, 143.2), (436.3, 158.1), (436.3, 173.1), (436.3, 178.7), (436.3, 180.5), (436.3, 180.5), (436.3, 180.5), (436.3, 180.5), (436.3, 180.5), (436.3, 180.5), (436.3, 180.5), (436.3, 180.5), (436.3, 180.5), (436.3, 180.5), (436.3, 180.5), (436.3, 180.5), (436.3, 180.5), (436.3, 180.5), (436.3, 180.5), (436.3, 178.7), (436.3, 163.7), (436.3, 148.8), (436.3, 133.9), (436.3, 118.9), (436.3, 118.9), (436.3, 118.9), (436.3, 118.9), (436.3, 118.9), (436.3, 118.9), (436.3, 118.9), (436.3, 118.9), (436.3, 118.9), (436.3, 118.9), (436.3, 118.9), (436.3, 118.9), (436.3, 118.9), (436.3, 118.9), (436.3, 118.9), (436.3, 118.9), (436.3, 118.9), (436.3, 118.9), (436.3, 118.9), (436.3, 118.9), (436.3, 118.9), (436.3, 118.9), (436.3, 118.9), (436.3, 124.5), (436.3, 124.5), (436.3, 124.5), (436.3, 124.5), (436.3, 124.5), (436.3, 124.5), (436.3, 124.5), (436.3, 124.5), (436.3, 124.5), (436.3, 124.5), (436.3, 124.5), (436.3, 124.5), (436.3, 124.5), (436.3, 124.5), (436.3, 124.5), (436.3, 126.4), (436.3, 141.3)]",0,3,19.28
novice,bomberman,10,Bomb,1,0,28.47,0.154,"[(48.0, 48.0), (62.9, 51.7), (77.9, 44.3), (92.8, 44.3), (107.7, 44.3), (122.7, 44.3), (137.6, 44.3), (152.5, 44.3), (167.5, 44.3), (182.4, 44.3), (197.3, 44.3), (212.3, 44.3), (227.2, 44.3), (242.1, 59.2), (244.0, 74.1), (244.0, 92.8), (244.0, 109.6), (258.9, 113.3), (273.9, 109.6), (275.7, 109.6), (275.7, 109.6), (275.7, 109.6), (275.7, 109.6), (275.7, 109.6), (275.7, 109.6), (275.7, 109.6), (275.7, 109.6), (275.7, 109.6), (275.7, 109.6), (275.7, 109.6), (275.7, 109.6), (275.7, 109.6), (275.7, 113.3), (275.7, 115.2), (275.7, 115.2), (275.7, 115.2), (275.7, 115.2), (275.7, 115.2), (275.7, 115.2), (275.7, 115.2), (275.7, 115.2), (275.7, 115.2), (275.7, 115.2), (275.7, 115.2), (275.7, 115.2), (275.7, 115.2), (275.7, 115.2), (275.7, 115.2), (275.7, 115.2), (275.7, 115.2), (275.7, 115.2), (275.7, 115.2), (275.7, 115.2), (275.7, 115.2), (275.7, 115.2), (275.7, 115.2), (275.7, 115.2), (275.7, 115.2), (275.7, 115.2), (275.7, 115.2), (275.7, 115.2)]",0,1,8.0
novice,bomberman,10,Bomb,5,0,14.42,0.538,"[(48.0, 48.0), (62.9, 44.3), (77.9, 44.3), (92.8, 44.3), (107.7, 44.3), (122.7, 44.3), (137.6, 44.3), (152.5, 44.3), (167.5, 44.3), (182.4, 44.3), (197.3, 44.3), (212.3, 44.3), (227.2, 44.3), (242.1, 44.3), (257.1, 44.3), (272.0, 44.3), (286.9, 44.3), (301.9, 44.3), (316.8, 44.3), (331.7, 44.3), (346.7, 44.3), (361.6, 49.9), (372.8, 64.8), (372.8, 79.7), (372.8, 94.7), (372.8, 98.4), (372.8, 98.4), (372.8, 94.7), (372.8, 98.4), (372.8, 98.4), (372.8, 94.7), (372.8, 98.4), (372.8, 98.4), (372.8, 94.7), (372.8, 98.4), (372.8, 98.4), (372.8, 94.7), (372.8, 98.4), (372.8, 98.4), (372.8, 94.7), (372.8, 98.4), (372.8, 98.4), (372.8, 94.7), (372.8, 98.4), (372.8, 98.4), (372.8, 94.7), (372.8, 98.4), (372.8, 98.4), (372.8, 94.7), (372.8, 98.4), (372.8, 98.4), (372.8, 94.7), (372.8, 98.4), (372.8, 98.4), (372.8, 94.7), (372.8, 79.7), (372.8, 70.4), (372.8, 51.7), (387.7, 44.3), (402.7, 44.3), (417.6, 44.3), (432.5, 57.3), (436.3, 72.3), (436.3, 87.2), (436.3, 83.5), (436.3, 79.7), (436.3, 76.0), (436.3, 72.3), (436.3, 72.3), (436.3, 64.8), (436.3, 49.9), (436.3, 44.3), (436.3, 44.3), (436.3, 44.3), (436.3, 44.3), (436.3, 49.9), (436.3, 46.1), (436.3, 46.1), (436.3, 61.1), (436.3, 53.6), (436.3, 68.5), (436.3, 83.5), (436.3, 98.4), (436.3, 98.4), (436.3, 94.7), (436.3, 102.1), (436.3, 102.1), (436.3, 117.1), (436.3, 120.8), (436.3, 120.8), (436.3, 128.3), (436.3, 124.5), (436.3, 132.0), (436.3, 139.5), (436.3, 135.7), (436.3, 143.2), (436.3, 139.5), (436.3, 146.9), (436.3, 154.4), (436.3, 150.7), (436.3, 158.1), (436.3, 154.4), (436.3, 150.7), (436.3, 146.9), (436.3, 143.2), (436.3, 139.5), (436.3, 135.7), (436.3, 135.7), (436.3, 128.3), (436.3, 124.5), (436.3, 124.5), (436.3, 128.3), (436.3, 124.5), (436.3, 109.6), (436.3, 94.7), (436.3, 87.2), (436.3, 87.2), (436.3, 83.5), (436.3, 79.7), (436.3, 79.7), (436.3, 72.3), (436.3, 68.5), (436.3, 68.5), (436.3, 72.3), (436.3, 68.5), (436.3, 64.8), (436.3, 49.9), (436.3, 44.3), (436.3, 44.3), (436.3, 44.3), (436.3, 44.3), (436.3, 44.3), (436.3, 44.3), (436.3, 44.3), (436.3, 44.3), (436.3, 44.3), (436.3, 44.3), (436.3, 44.3), (436.3, 44.3), (436.3, 48.0), (436.3, 62.9), (436.3, 77.9), (436.3, 92.8), (436.3, 104.0), (436.3, 111.5), (436.3, 115.2), (436.3, 118.9), (436.3, 122.7), (436.3, 126.4), (436.3, 130.1), (436.3, 133.9), (436.3, 137.6), (436.3, 141.3), (436.3, 145.1), (436.3, 148.8), (436.3, 152.5), (436.3, 156.3), (436.3, 160.0), (436.3, 160.0), (436.3, 156.3), (436.3, 152.5), (436.3, 141.3), (436.3, 145.1), (436.3, 141.3), (436.3, 137.6), (436.3, 133.9), (436.3, 126.4), (436.3, 126.4), (436.3, 122.7), (436.3, 126.4), (436.3, 126.4), (436.3, 122.7), (436.3, 126.4), (436.3, 115.2), (436.3, 100.3), (436.3, 85.3), (436.3, 70.4), (436.3, 66.7), (436.3, 70.4), (436.3, 70.4), (436.3, 55.5), (436.3, 44.3), (436.3, 44.3), (436.3, 44.3), (436.3, 44.3), (436.3, 44.3), (436.3, 44.3), (436.3, 44.3), (436.3, 44.3), (436.3, 44.3), (436.3, 44.3), (436.3, 44.3), (436.3, 44.3), (436.3, 44.3), (436.3, 44.3), (436.3, 44.3), (436.3, 44.3), (436.3, 44.3), (436.3, 49.9), (436.3, 53.6), (436.3, 68.5), (436.3, 83.5)]",0,2,26.92
novice,bomberman,10,Bomb,1,0,40.6,0.462,"[(48.0, 48.0), (62.9, 44.3), (77.9, 44.3), (92.8, 44.3), (107.7, 44.3), (122.7, 44.3), (137.6, 44.3), (152.5, 44.3), (167.5, 44.3), (182.4, 44.3), (197.3, 44.3), (212.3, 44.3), (227.2, 44.3), (242.1, 44.3), (257.1, 44.3), (272.0, 44.3), (286.9, 44.3), (301.9, 44.3), (316.8, 44.3), (331.7, 44.3), (346.7, 44.3), (361.6, 49.9), (372.8, 64.8), (372.8, 79.7), (372.8, 94.7), (372.8, 109.6), (372.8, 115.2), (372.8, 115.2), (372.8, 115.2), (372.8, 115.2), (372.8, 115.2), (372.8, 115.2), (372.8, 115.2), (372.8, 115.2), (372.8, 115.2), (372.8, 115.2), (372.8, 115.2), (372.8, 115.2), (372.8, 115.2), (372.8, 115.2), (372.8, 115.2), (372.8, 115.2), (372.8, 115.2), (372.8, 115.2), (372.8, 115.2), (372.8, 115.2), (372.8, 115.2), (372.8, 115.2), (372.8, 115.2), (372.8, 115.2), (372.8, 115.2), (372.8, 115.2), (372.8, 115.2), (372.8, 115.2), (372.8, 115.2), (372.8, 115.2), (372.8, 115.2), (372.8, 115.2), (372.8, 115.2), (372.8, 115.2), (372.8, 115.2)]",0,2,8.0
novice,bomberman,10,Bomb,4,0,9.29,0.846,"[(48.0, 48.0), (62.9, 44.3), (77.9, 44.3), (92.8, 44.3), (107.7, 44.3), (122.7, 44.3), (137.6, 44.3), (152.5, 44.3), (167.5, 44.3), (182.4, 44.3), (197.3, 44.3), (212.3, 44.3), (227.2, 44.3), (242.1, 44.3), (257.1, 44.3), (272.0, 44.3), (286.9, 44.3), (301.9, 44.3), (316.8, 44.3), (331.7, 44.3), (346.7, 44.3), (361.6, 44.3), (376.5, 44.3), (391.5, 44.3), (406.4, 44.3), (421.3, 48.0), (436.3, 61.1), (436.3, 76.0), (436.3, 90.9), (436.3, 105.9), (436.3, 120.8), (436.3, 135.7), (436.3, 150.7), (436.3, 154.4), (436.3, 146.9), (436.3, 146.9), (436.3, 143.2), (436.3, 146.9), (436.3, 146.9), (436.3, 154.4), (436.3, 150.7), (436.3, 158.1), (436.3, 165.6), (436.3, 161.9), (436.3, 161.9), (436.3, 154.4), (436.3, 150.7), (436.3, 150.7), (436.3, 143.2), (436.3, 135.7), (436.3, 124.5), (436.3, 120.8), (436.3, 117.1), (436.3, 113.3), (436.3, 109.6), (436.3, 113.3), (436.3, 105.9), (436.3, 109.6), (436.3, 105.9), (436.3, 102.1), (436.3, 98.4), (436.3, 90.9), (436.3, 90.9), (436.3, 76.0), (436.3, 79.7), (436.3, 72.3), (436.3, 76.0), (436.3, 68.5), (436.3, 57.3), (436.3, 44.3), (436.3, 44.3), (436.3, 44.3), (436.3, 44.3), (436.3, 44.3), (436.3, 46.1), (436.3, 61.1), (436.3, 76.0), (436.3, 90.9), (436.3, 105.9), (436.3, 120.8), (436.3, 135.7), (436.3, 150.7), (436.3, 158.1), (436.3, 158.1), (436.3, 161.9), (436.3, 165.6), (436.3, 169.3), (436.3, 173.1), (436.3, 176.8), (436.3, 180.5), (436.3, 184.3), (436.3, 188.0), (436.3, 191.7), (436.3, 206.7), (436.3, 210.4), (436.3, 214.1), (436.3, 217.9), (436.3, 221.6), (436.3, 225.3), (436.3, 229.1), (436.3, 225.3), (436.3, 225.3), (436.3, 229.1), (436.3, 221.6), (436.3, 221.6), (436.3, 206.7), (436.3, 202.9), (436.3, 199.2), (436.3, 195.5), (436.3, 191.7), (436.3, 176.8), (436.3, 161.9), (436.3, 146.9), (436.3, 132.0), (436.3, 117.1), (436.3, 102.1), (436.3, 98.4), (436.3, 94.7), (436.3, 98.4), (436.3, 98.4), (436.3, 94.7), (436.3, 90.9), (436.3, 87.2), (436.3, 83.5), (436.3, 79.7), (436.3, 76.0), (436.3, 72.3), (436.3, 68.5), (436.3, 53.6), (436.3, 44.3), (436.3, 44.3), (436.3, 44.3), (436.3, 44.3), (436.3, 48.0), (436.3, 51.7), (436.3, 66.7), (436.3, 81.6), (436.3, 96.5), (436.3, 111.5), (436.3, 126.4), (436.3, 141.3), (436.3, 156.3), (436.3, 163.7), (436.3, 171.2), (436.3, 167.5), (436.3, 174.9), (436.3, 174.9), (436.3, 178.7), (436.3, 182.4), (436.3, 197.3), (436.3, 201.1), (436.3, 208.5), (436.3, 208.5), (436.3, 212.3), (436.3, 216.0), (436.3, 227.2), (436.3, 223.5), (436.3, 227.2), (436.3, 227.2), (436.3, 223.5), (436.3, 219.7), (436.3, 216.0), (436.3, 212.3), (436.3, 208.5), (436.3, 216.0), (436.3, 201.1), (436.3, 186.1), (436.3, 171.2), (436.3, 156.3), (436.3, 141.3), (436.3, 126.4), (436.3, 111.5), (436.3, 104.0), (436.3, 96.5), (436.3, 100.3), (436.3, 96.5), (436.3, 96.5), (436.3, 100.3), (436.3, 85.3), (436.3, 85.3), (436.3, 77.9), (436.3, 81.6), (436.3, 74.1), (436.3, 66.7), (436.3, 70.4), (436.3, 59.2), (436.3, 44.3), (436.3, 44.3), (436.3, 44.3), (436.3, 44.3), (436.3, 48.0), (436.3, 51.7), (436.3, 55.5), (436.3, 59.2), (436.3, 74.1), (436.3, 89.1), (436.3, 104.0), (436.3, 118.9), (436.3, 133.9), (436.3, 148.8), (436.3, 163.7), (436.3, 178.7), (436.3, 182.4), (436.3, 182.4), (436.3, 189.9), (436.3, 204.8), (436.3, 208.5), (436.3, 212.3), (436.3, 216.0), (436.3, 216.0), (436.3, 223.5), (436.3, 227.2), (436.3, 227.2), (436.3, 223.5), (436.3, 227.2), (436.3, 227.2), (436.3, 223.5), (436.3, 227.2), (436.3, 227.2), (436.3, 212.3), (436.3, 216.0), (436.3, 208.5), (436.3, 212.3), (436.3, 204.8), (436.3, 204.8), (436.3, 189.9), (436.3, 174.9), (436.3, 160.0), (436.3, 145.1), (436.3, 130.1), (436.3, 115.2), (436.3, 100.3), (436.3, 96.5), (436.3, 96.5), (436.3, 100.3), (436.3, 85.3), (436.3, 85.3), (436.3, 77.9), (436.3, 81.6), (436.3, 74.1), (436.3, 66.7), (436.3, 70.4), (436.3, 59.2), (436.3, 44.3), (436.3, 44.3), (436.3, 44.3), (436.3, 44.3), (436.3, 48.0), (436.3, 51.7), (436.3, 55.5), (436.3, 59.2), (436.3, 74.1), (436.3, 89.1), (436.3, 96.5), (436.3, 107.7), (436.3, 122.7), (436.3, 137.6), (436.3, 152.5), (436.3, 167.5), (436.3, 182.4), (436.3, 197.3), (436.3, 201.1), (436.3, 208.5), (436.3, 208.5), (436.3, 212.3), (436.3, 216.0), (436.3, 219.7), (436.3, 223.5), (436.3, 227.2), (436.3, 227.2), (436.3, 234.7), (436.3, 230.9), (436.3, 230.9), (436.3, 223.5), (436.3, 227.2), (436.3, 227.2), (436.3, 223.5), (436.3, 219.7), (436.3, 216.0), (436.3, 212.3), (436.3, 208.5), (436.3, 204.8), (436.3, 201.1), (436.3, 197.3), (432.5, 193.6), (436.3, 178.7), (436.3, 174.9), (436.3, 182.4), (436.3, 178.7), (436.3, 193.6), (436.3, 193.6), (436.3, 189.9), (436.3, 193.6), (436.3, 197.3), (436.3, 201.1), (436.3, 204.8), (436.3, 219.7), (436.3, 234.7), (436.3, 249.6), (436.3, 253.3), (436.3, 257.1), (436.3, 249.6), (436.3, 249.6), (436.3, 245.9), (436.3, 242.1), (436.3, 238.4), (436.3, 234.7), (436.3, 230.9), (436.3, 230.9), (436.3, 234.7), (436.3, 230.9), (436.3, 216.0), (436.3, 204.8), (436.3, 204.8)]",0,3,41.8
novice,bomberman,10,Enemy,1,0,17.85,0.846,"[(48.0, 48.0), (62.9, 51.7), (77.9, 44.3), (92.8, 44.3), (107.7, 44.3), (122.7, 44.3), (137.6, 44.3), (152.5, 44.3), (167.5, 44.3), (182.4, 44.3), (197.3, 44.3), (212.3, 44.3), (227.2, 44.3), (242.1, 48.0), (257.1, 51.7), (272.0, 44.3), (286.9, 44.3), (301.9, 44.3), (316.8, 44.3), (331.7, 44.3), (346.7, 44.3), (361.6, 44.3), (376.5, 44.3), (391.5, 44.3), (406.4, 44.3), (421.3, 48.0), (436.3, 61.1), (436.3, 76.0), (436.3, 90.9), (436.3, 105.9), (436.3, 120.8), (436.3, 124.5), (436.3, 139.5), (436.3, 154.4), (436.3, 169.3), (436.3, 169.3), (436.3, 165.6), (436.3, 169.3), (436.3, 173.1), (436.3, 176.8), (436.3, 180.5), (436.3, 180.5), (436.3, 180.5), (436.3, 180.5), (436.3, 180.5), (436.3, 180.5), (436.3, 180.5), (436.3, 180.5), (436.3, 180.5), (436.3, 180.5), (436.3, 180.5), (436.3, 180.5), (436.3, 180.5), (436.3, 180.5), (436.3, 180.5), (436.3, 180.5), (436.3, 180.5), (436.3, 180.5), (436.3, 180.5), (436.3, 180.5), (436.3, 180.5), (436.3, 180.5), (436.3, 180.5), (436.3, 180.5), (436.3, 176.8), (436.3, 161.9), (436.3, 146.9), (436.3, 132.0), (436.3, 117.1), (436.3, 102.1), (436.3, 87.2), (436.3, 83.5), (436.3, 79.7), (436.3, 83.5), (436.3, 83.5), (436.3, 90.9), (436.3, 87.2), (436.3, 87.2), (436.3, 90.9), (436.3, 96.5), (436.3, 96.5), (436.3, 96.5), (436.3, 96.5), (436.3, 96.5), (436.3, 96.5), (436.3, 96.5), (436.3, 96.5), (436.3, 96.5), (436.3, 96.5), (436.3, 96.5), (436.3, 96.5), (436.3, 105.9), (436.3, 113.3), (436.3, 124.5), (436.3, 133.9), (436.3, 148.8), (436.3, 163.7), (436.3, 178.7), (436.3, 193.6), (436.3, 208.5), (436.3, 223.5), (436.3, 238.4), (436.3, 253.3), (436.3, 260.8), (436.3, 257.1), (436.3, 253.3), (436.3, 257.1), (436.3, 257.1), (436.3, 253.3), (436.3, 257.1), (436.3, 257.1), (436.3, 253.3), (436.3, 249.6), (436.3, 249.6), (436.3, 253.3), (436.3, 249.6), (436.3, 245.9), (436.3, 242.1), (436.3, 238.4), (436.3, 238.4), (436.3, 230.9), (436.3, 216.0), (436.3, 201.1), (436.3, 186.1), (436.3, 171.2), (436.3, 156.3), (436.3, 141.3), (436.3, 137.6), (436.3, 145.1), (436.3, 141.3), (436.3, 145.1), (436.3, 148.8), (436.3, 152.5), (436.3, 148.8), (436.3, 148.8), (436.3, 152.5), (436.3, 160.0), (436.3, 160.0), (436.3, 163.7), (436.3, 163.7), (436.3, 163.7), (436.3, 163.7), (436.3, 163.7), (436.3, 163.7), (436.3, 163.7), (436.3, 163.7), (436.3, 163.7), (436.3, 163.7), (436.3, 163.7), (436.3, 163.7), (436.3, 163.7), (436.3, 163.7), (436.3, 163.7), (436.3, 163.7), (436.3, 167.5), (436.3, 182.4), (436.3, 197.3), (436.3, 212.3), (436.3, 227.2), (436.3, 242.1), (436.3, 257.1), (436.3, 257.1), (436.3, 253.3), (436.3, 257.1)]",0,4,21.75
novice,bomberman,10,Enemy,3,0,22.47,0.808,"[(48.0, 48.0), (62.9, 44.3), (77.9, 44.3), (92.8, 44.3), (107.7, 44.3), (122.7, 44.3), (137.6, 44.3), (152.5, 44.3), (167.5, 44.3), (182.4, 44.3), (197.3, 44.3), (212.3, 44.3), (227.2, 44.3), (242.1, 44.3), (257.1, 44.3), (272.0, 44.3), (286.9, 44.3), (301.9, 44.3), (316.8, 44.3), (331.7, 44.3), (346.7, 44.3), (361.6, 44.3), (376.5, 44.3), (391.5, 44.3), (406.4, 44.3), (421.3, 48.0), (436.3, 61.1), (436.3, 76.0), (436.3, 90.9), (436.3, 105.9), (436.3, 120.8), (436.3, 135.7), (436.3, 150.7), (436.3, 143.2), (436.3, 146.9), (436.3, 139.5), (436.3, 132.0), (436.3, 139.5), (436.3, 146.9), (436.3, 143.2), (436.3, 150.7), (436.3, 150.7), (436.3, 165.6), (436.3, 161.9), (436.3, 161.9), (436.3, 165.6), (436.3, 158.1), (436.3, 150.7), (436.3, 154.4), (436.3, 150.7), (436.3, 150.7), (436.3, 154.4), (436.3, 150.7), (436.3, 135.7), (436.3, 132.0), (436.3, 135.7), (436.3, 124.5), (436.3, 109.6), (436.3, 105.9), (436.3, 105.9), (436.3, 109.6), (436.3, 105.9), (436.3, 102.1), (436.3, 98.4), (436.3, 98.4), (436.3, 98.4), (436.3, 98.4), (436.3, 98.4), (436.3, 98.4), (436.3, 98.4), (436.3, 98.4), (436.3, 98.4), (436.3, 98.4), (436.3, 98.4), (436.3, 98.4), (436.3, 98.4), (436.3, 98.4), (436.3, 98.4), (436.3, 109.6), (436.3, 124.5), (436.3, 139.5), (436.3, 154.4), (436.3, 161.9), (436.3, 161.9), (436.3, 165.6), (436.3, 169.3), (436.3, 173.1), (436.3, 176.8), (436.3, 180.5), (436.3, 184.3), (436.3, 188.0), (436.3, 202.9), (436.3, 206.7), (436.3, 210.4), (436.3, 214.1), (436.3, 217.9), (436.3, 221.6), (436.3, 225.3), (436.3, 225.3), (436.3, 221.6), (436.3, 225.3), (436.3, 225.3), (436.3, 221.6), (436.3, 225.3), (436.3, 225.3), (436.3, 210.4), (436.3, 206.7), (436.3, 206.7), (436.3, 210.4), (436.3, 214.1), (436.3, 214.1), (436.3, 210.4), (436.3, 214.1), (436.3, 214.1), (436.3, 210.4), (436.3, 214.1), (436.3, 217.9), (436.3, 221.6), (436.3, 225.3), (436.3, 225.3), (430.7, 221.6), (434.4, 225.3), (434.4, 225.3), (430.7, 221.6), (434.4, 225.3), (428.8, 225.3), (428.8, 221.6), (428.8, 225.3)]",0,3,16.95
novice,bomberman,10,Enemy,1,0,21.68,0.808,"[(48.0, 48.0), (62.9, 44.3), (77.9, 44.3), (92.8, 44.3), (107.7, 44.3), (122.7, 44.3), (137.6, 44.3), (152.5, 44.3), (167.5, 44.3), (182.4, 44.3), (197.3, 44.3), (212.3, 44.3), (227.2, 44.3), (242.1, 44.3), (257.1, 44.3), (272.0, 44.3), (286.9, 44.3), (301.9, 44.3), (316.8, 44.3), (331.7, 44.3), (346.7, 44.3), (361.6, 44.3), (376.5, 44.3), (391.5, 44.3), (406.4, 44.3), (421.3, 48.0), (436.3, 61.1), (436.3, 76.0), (436.3, 90.9), (436.3, 94.7), (436.3, 98.4), (436.3, 102.1), (436.3, 117.1), (436.3, 132.0), (436.3, 146.9), (436.3, 161.9), (436.3, 165.6), (436.3, 161.9), (436.3, 161.9), (436.3, 165.6), (436.3, 161.9), (436.3, 161.9), (436.3, 165.6), (436.3, 161.9), (436.3, 161.9), (436.3, 165.6), (436.3, 161.9), (436.3, 169.3), (436.3, 165.6), (436.3, 169.3), (436.3, 169.3), (436.3, 165.6), (436.3, 173.1), (436.3, 173.1), (436.3, 176.8), (436.3, 173.1), (436.3, 173.1), (430.7, 174.9), (428.8, 178.7), (428.8, 178.7), (428.8, 174.9), (428.8, 180.5), (428.8, 180.5), (428.8, 180.5), (428.8, 176.8), (430.7, 161.9), (436.3, 146.9), (436.3, 132.0), (436.3, 117.1), (436.3, 102.1), (436.3, 87.2), (436.3, 72.3), (436.3, 57.3), (436.3, 49.9), (436.3, 49.9), (436.3, 46.1), (436.3, 53.6), (436.3, 53.6), (436.3, 57.3), (436.3, 72.3), (436.3, 83.5), (436.3, 90.9), (436.3, 87.2), (436.3, 94.7), (436.3, 90.9), (436.3, 94.7), (436.3, 94.7), (436.3, 90.9), (436.3, 94.7), (436.3, 94.7), (436.3, 90.9), (436.3, 96.5), (436.3, 109.6), (436.3, 118.9), (436.3, 133.9), (436.3, 148.8), (436.3, 163.7), (436.3, 178.7), (436.3, 193.6), (436.3, 208.5), (436.3, 223.5), (436.3, 223.5), (436.3, 219.7), (436.3, 223.5), (436.3, 223.5), (436.3, 219.7), (436.3, 223.5), (436.3, 223.5), (436.3, 219.7), (436.3, 216.0), (436.3, 212.3), (436.3, 208.5), (436.3, 204.8), (436.3, 201.1), (436.3, 197.3), (436.3, 193.6), (436.3, 189.9), (436.3, 186.1), (436.3, 178.7), (436.3, 178.7), (436.3, 174.9), (436.3, 167.5), (436.3, 178.7), (436.3, 186.1), (436.3, 189.9), (436.3, 193.6), (436.3, 197.3), (436.3, 193.6), (436.3, 193.6), (436.3, 197.3), (436.3, 193.6), (436.3, 193.6), (436.3, 197.3), (432.5, 201.1)]",0,3,17.73
novice,bomberman,10,Bomb,9,0,8.63,0.538,"[(48.0, 48.0), (62.9, 44.3), (77.9, 44.3), (92.8, 44.3), (107.7, 44.3), (122.7, 44.3), (137.6, 44.3), (152.5, 44.3), (167.5, 44.3), (182.4, 44.3), (197.3, 44.3), (212.3, 44.3), (227.2, 44.3), (242.1, 44.3), (257.1, 44.3), (272.0, 44.3), (286.9, 44.3), (301.9, 44.3), (316.8, 44.3), (331.7, 44.3), (346.7, 44.3), (361.6, 44.3), (376.5, 44.3), (391.5, 44.3), (406.4, 44.3), (421.3, 44.3), (436.3, 44.3), (436.3, 44.3), (436.3, 44.3), (436.3, 44.3), (436.3, 44.3), (436.3, 44.3), (436.3, 44.3), (436.3, 44.3), (436.3, 44.3), (436.3, 44.3), (436.3, 44.3), (436.3, 44.3), (436.3, 44.3), (436.3, 44.3), (436.3, 48.0), (436.3, 62.9), (436.3, 77.9), (436.3, 92.8), (436.3, 107.7), (436.3, 122.7), (436.3, 126.4), (436.3, 126.4), (436.3, 122.7), (436.3, 126.4), (436.3, 126.4), (436.3, 122.7), (432.5, 126.4), (432.5, 126.4), (436.3, 122.7), (432.5, 126.4), (432.5, 126.4), (436.3, 122.7), (432.5, 126.4), (432.5, 126.4), (436.3, 122.7), (432.5, 126.4), (432.5, 126.4), (436.3, 122.7), (432.5, 126.4), (432.5, 126.4), (436.3, 111.5), (436.3, 96.5), (436.3, 81.6), (436.3, 66.7), (436.3, 51.7), (436.3, 44.3), (436.3, 44.3), (436.3, 44.3), (436.3, 44.3), (436.3, 44.3), (436.3, 44.3), (436.3, 44.3), (436.3, 44.3), (436.3, 44.3), (436.3, 44.3), (436.3, 44.3), (436.3, 44.3), (436.3, 44.3), (436.3, 44.3), (436.3, 44.3), (436.3, 44.3), (436.3, 44.3), (436.3, 44.3), (436.3, 44.3), (436.3, 44.3), (436.3, 44.3), (436.3, 44.3), (436.3, 44.3), (436.3, 44.3), (436.3, 44.3), (436.3, 44.3), (436.3, 44.3), (436.3, 44.3), (436.3, 44.3), (436.3, 48.0), (436.3, 62.9), (436.3, 77.9), (436.3, 92.8), (436.3, 107.7), (436.3, 122.7), (436.3, 126.4), (436.3, 126.4), (436.3, 122.7), (436.3, 126.4), (436.3, 126.4), (436.3, 122.7), (432.5, 126.4), (432.5, 126.4), (436.3, 122.7), (432.5, 126.4), (432.5, 126.4), (436.3, 122.7), (432.5, 126.4), (432.5, 126.4), (436.3, 122.7), (432.5, 126.4), (432.5, 126.4), (436.3, 122.7), (432.5, 126.4), (432.5, 126.4), (436.3, 111.5), (436.3, 96.5), (436.3, 81.6), (436.3, 66.7), (436.3, 51.7), (436.3, 44.3), (436.3, 44.3), (436.3, 44.3), (436.3, 44.3), (436.3, 44.3), (436.3, 44.3), (436.3, 44.3), (436.3, 44.3), (436.3, 44.3), (436.3, 44.3), (436.3, 44.3), (436.3, 44.3), (436.3, 44.3), (436.3, 44.3), (436.3, 44.3), (436.3, 44.3), (436.3, 44.3), (436.3, 44.3), (436.3, 44.3), (436.3, 44.3), (436.3, 44.3), (436.3, 44.3), (436.3, 44.3), (436.3, 44.3), (436.3, 44.3), (436.3, 44.3), (436.3, 44.3), (436.3, 44.3), (436.3, 44.3), (436.3, 48.0), (436.3, 62.9), (436.3, 77.9), (436.3, 92.8), (436.3, 107.7), (436.3, 122.7), (436.3, 126.4), (436.3, 126.4), (436.3, 122.7), (436.3, 126.4), (432.5, 126.4), (436.3, 122.7), (432.5, 126.4), (432.5, 126.4), (436.3, 122.7), (432.5, 126.4), (432.5, 126.4), (436.3, 122.7), (432.5, 126.4), (432.5, 126.4), (436.3, 122.7), (432.5, 126.4), (432.5, 126.4), (436.3, 122.7), (432.5, 126.4), (432.5, 126.4), (436.3, 111.5), (436.3, 96.5), (436.3, 81.6), (436.3, 66.7), (436.3, 51.7), (436.3, 44.3), (436.3, 44.3), (436.3, 44.3), (436.3, 44.3), (436.3, 44.3), (436.3, 44.3), (436.3, 44.3), (436.3, 44.3), (436.3, 44.3), (436.3, 44.3), (436.3, 44.3), (436.3, 44.3), (436.3, 44.3), (436.3, 44.3), (436.3, 44.3), (436.3, 44.3), (436.3, 44.3), (436.3, 44.3), (436.3, 44.3), (436.3, 44.3), (436.3, 44.3), (436.3, 44.3), (436.3, 44.3), (436.3, 44.3), (436.3, 44.3), (436.3, 44.3), (436.3, 44.3), (436.3, 44.3), (436.3, 44.3), (436.3, 48.0), (436.3, 62.9), (436.3, 77.9), (436.3, 92.8), (436.3, 107.7), (436.3, 122.7), (436.3, 126.4), (436.3, 126.4), (436.3, 122.7), (432.5, 126.4), (432.5, 126.4), (436.3, 122.7), (432.5, 126.4), (432.5, 126.4), (436.3, 122.7), (432.5, 126.4), (432.5, 126.4), (436.3, 122.7), (432.5, 126.4), (432.5, 126.4), (436.3, 122.7), (432.5, 126.4), (432.5, 126.4), (436.3, 122.7), (432.5, 126.4), (432.5, 126.4), (436.3, 111.5), (436.3, 96.5), (436.3, 81.6), (436.3, 66.7), (436.3, 51.7), (436.3, 44.3), (436.3, 44.3), (436.3, 44.3), (436.3, 44.3), (436.3, 44.3), (436.3, 44.3), (436.3, 44.3), (436.3, 44.3), (436.3, 44.3), (436.3, 44.3), (436.3, 44.3), (436.3, 44.3), (436.3, 44.3), (436.3, 44.3), (436.3, 44.3), (436.3, 44.3), (436.3, 44.3), (436.3, 44.3), (436.3, 44.3), (436.3, 44.3), (436.3, 44.3), (436.3, 44.3), (436.3, 44.3), (436.3, 44.3), (436.3, 44.3), (436.3, 44.3), (436.3, 44.3), (436.3, 44.3), (436.3, 44.3), (436.3, 48.0), (436.3, 62.9), (436.3, 77.9), (436.3, 92.8), (436.3, 107.7), (436.3, 122.7), (436.3, 126.4), (436.3, 126.4), (436.3, 122.7), (436.3, 126.4), (436.3, 126.4), (436.3, 122.7), (432.5, 126.4), (432.5, 126.4), (436.3, 122.7), (432.5, 126.4), (432.5, 126.4), (436.3, 122.7), (432.5, 126.4), (432.5, 126.4), (436.3, 122.7), (432.5, 126.4), (436.3, 126.4), (436.3, 122.7), (436.3, 130.1), (436.3, 137.6), (436.3, 133.9), (436.3, 141.3), (436.3, 141.3), (436.3, 156.3), (428.8, 152.5), (428.8, 160.0), (428.8, 156.3), (428.8, 160.0), (428.8, 160.0), (428.8, 156.3), (428.8, 160.0), (428.8, 160.0), (428.8, 156.3), (428.8, 160.0), (428.8, 160.0), (428.8, 156.3), (428.8, 160.0), (428.8, 160.0), (428.8, 156.3), (428.8, 160.0), (428.8, 160.0), (428.8, 156.3), (428.8, 160.0), (428.8, 160.0), (428.8, 156.3), (428.8, 171.2)]",0,0,44.15
novice,bomberman,10,Bomb,4,0,41.75,0.538,"[(48.0, 48.0), (62.9, 44.3), (77.9, 44.3), (92.8, 44.3), (107.7, 44.3), (122.7, 44.3), (137.6, 44.3), (152.5, 44.3), (167.5, 44.3), (182.4, 44.3), (197.3, 44.3), (212.3, 44.3), (227.2, 44.3), (242.1, 44.3), (257.1, 51.7), (272.0, 44.3), (286.9, 44.3), (301.9, 44.3), (316.8, 44.3), (331.7, 44.3), (346.7, 44.3), (361.6, 44.3), (376.5, 44.3), (391.5, 44.3), (406.4, 44.3), (421.3, 48.0), (436.3, 61.1), (436.3, 76.0), (436.3, 90.9), (436.3, 105.9), (436.3, 120.8), (436.3, 113.3), (436.3, 113.3), (436.3, 109.6), (436.3, 105.9), (436.3, 102.1), (436.3, 98.4), (436.3, 102.1), (436.3, 105.9), (436.3, 109.6), (436.3, 113.3), (436.3, 117.1), (436.3, 132.0), (436.3, 146.9), (436.3, 158.1), (436.3, 154.4), (436.3, 158.1), (436.3, 158.1), (436.3, 165.6), (436.3, 161.9), (436.3, 161.9), (436.3, 165.6), (436.3, 161.9), (436.3, 158.1), (436.3, 154.4), (436.3, 158.1), (436.3, 158.1), (436.3, 154.4), (436.3, 158.1), (436.3, 158.1), (436.3, 154.4), (436.3, 150.7), (436.3, 150.7), (436.3, 154.4), (436.3, 150.7), (436.3, 146.9), (436.3, 143.2), (436.3, 146.9), (436.3, 146.9), (436.3, 146.9)]",0,1,9.3
novice,bomberman,10,Bomb,1,0,28.47,0.154,"[(48.0, 48.0), (62.9, 51.7), (77.9, 44.3), (92.8, 44.3), (107.7, 44.3), (122.7, 44.3), (137.6, 44.3), (152.5, 44.3), (167.5, 44.3), (182.4, 44.3), (197.3, 44.3), (212.3, 44.3), (227.2, 44.3), (242.1, 59.2), (244.0, 74.1), (244.0, 92.8), (244.0, 109.6), (258.9, 115.2), (273.9, 115.2), (275.7, 115.2), (275.7, 115.2), (275.7, 115.2), (275.7, 115.2), (275.7, 115.2), (275.7, 115.2), (275.7, 115.2), (275.7, 115.2), (275.7, 115.2), (275.7, 115.2), (275.7, 115.2), (275.7, 115.2), (275.7, 115.2), (275.7, 115.2), (275.7, 115.2), (275.7, 115.2), (275.7, 115.2), (275.7, 115.2), (275.7, 115.2), (275.7, 115.2), (275.7, 115.2), (275.7, 115.2), (275.7, 115.2), (275.7, 115.2), (275.7, 115.2), (275.7, 115.2), (275.7, 115.2), (275.7, 115.2), (275.7, 115.2), (275.7, 115.2), (275.7, 115.2), (275.7, 115.2), (275.7, 115.2), (275.7, 115.2), (275.7, 115.2), (275.7, 115.2), (275.7, 115.2), (275.7, 115.2), (275.7, 115.2), (275.7, 115.2), (275.7, 115.2), (275.7, 115.2)]",0,1,8.0
novice,bomberman,10,Stuck,0,0,-0.75,0.0,"[(48.0, 48.0), (44.3, 44.3), (44.3, 44.3), (44.3, 44.3), (44.3, 44.3), (44.3, 44.3), (44.3, 44.3), (44.3, 44.3), (44.3, 44.3), (44.3, 44.3), (44.3, 44.3), (44.3, 44.3), (44.3, 44.3), (44.3, 44.3), (44.3, 44.3), (44.3, 44.3), (44.3, 44.3), (44.3, 44.3), (44.3, 44.3), (44.3, 44.3), (44.3, 44.3), (44.3, 44.3), (44.3, 44.3), (44.3, 44.3), (44.3, 44.3), (44.3, 44.3), (44.3, 44.3), (44.3, 44.3), (44.3, 44.3), (44.3, 44.3), (44.3, 44.3), (44.3, 44.3), (44.3, 44.3), (44.3, 44.3), (44.3, 44.3), (44.3, 44.3), (44.3, 44.3), (44.3, 44.3)]",0,0,5.0
novice,bomberman,10,Bomb,3,0,31.61,0.692,"[(48.0, 48.0), (62.9, 44.3), (77.9, 44.3), (92.8, 44.3), (107.7, 44.3), (122.7, 44.3), (137.6, 44.3), (152.5, 44.3), (167.5, 44.3), (182.4, 44.3), (197.3, 44.3), (212.3, 44.3), (227.2, 44.3), (242.1, 44.3), (257.1, 44.3), (272.0, 44.3), (286.9, 44.3), (301.9, 44.3), (316.8, 44.3), (331.7, 44.3), (346.7, 44.3), (361.6, 44.3), (376.5, 44.3), (391.5, 44.3), (406.4, 44.3), (421.3, 48.0), (436.3, 61.1), (436.3, 76.0), (436.3, 90.9), (436.3, 105.9), (436.3, 120.8), (436.3, 135.7), (436.3, 150.7), (436.3, 165.6), (436.3, 161.9), (436.3, 161.9), (436.3, 165.6), (436.3, 161.9), (436.3, 161.9), (436.3, 165.6), (436.3, 173.1), (436.3, 180.5), (436.3, 180.5), (436.3, 180.5), (436.3, 180.5), (436.3, 180.5), (436.3, 180.5), (436.3, 180.5), (436.3, 180.5), (436.3, 180.5), (436.3, 180.5), (436.3, 180.5), (436.3, 180.5), (436.3, 180.5), (436.3, 180.5), (436.3, 180.5), (436.3, 180.5), (436.3, 180.5), (436.3, 180.5), (436.3, 180.5), (436.3, 180.5), (436.3, 180.5), (436.3, 180.5), (436.3, 180.5), (436.3, 176.8), (436.3, 161.9), (436.3, 146.9), (436.3, 132.0), (436.3, 117.1), (436.3, 102.1), (436.3, 87.2), (436.3, 83.5), (436.3, 79.7), (436.3, 87.2), (436.3, 87.2), (436.3, 90.9), (436.3, 94.7), (436.3, 94.7), (436.3, 90.9), (436.3, 94.7), (436.3, 96.5), (436.3, 96.5), (436.3, 96.5), (436.3, 96.5), (436.3, 96.5), (436.3, 96.5), (436.3, 96.5), (436.3, 96.5), (436.3, 96.5), (436.3, 96.5), (436.3, 96.5), (436.3, 111.5), (436.3, 126.4)]",0,3,12.28
novice,bomberman,10,Bomb,11,0,47.83,0.423,"[(48.0, 48.0), (62.9, 44.3), (77.9, 44.3), (92.8, 44.3), (107.7, 44.3), (122.7, 44.3), (137.6, 44.3), (152.5, 44.3), (167.5, 44.3), (182.4, 44.3), (197.3, 44.3), (212.3, 44.3), (227.2, 44.3), (242.1, 44.3), (257.1, 44.3), (272.0, 44.3), (286.9, 44.3), (301.9, 44.3), (316.8, 44.3), (331.7, 44.3), (346.7, 44.3), (361.6, 44.3), (376.5, 44.3), (391.5, 44.3), (406.4, 44.3), (421.3, 44.3), (436.3, 44.3), (436.3, 44.3), (436.3, 44.3), (436.3, 44.3), (436.3, 44.3), (436.3, 44.3), (436.3, 44.3), (436.3, 44.3), (436.3, 44.3), (436.3, 44.3), (436.3, 44.3), (436.3, 44.3), (436.3, 44.3), (436.3, 44.3), (436.3, 44.3), (436.3, 44.3), (436.3, 44.3), (436.3, 44.3), (436.3, 44.3), (436.3, 44.3), (436.3, 53.6), (436.3, 64.8), (436.3, 61.1), (436.3, 64.8), (436.3, 64.8), (436.3, 61.1), (436.3, 64.8), (436.3, 64.8), (436.3, 61.1), (436.3, 64.8), (434.4, 64.8), (430.7, 61.1), (434.4, 64.8), (434.4, 64.8), (430.7, 61.1)]",0,0,8.0
novice,bomberman,10,Bomb,4,0,9.29,0.846,"[(48.0, 48.0), (62.9, 44.3), (77.9, 44.3), (92.8, 44.3), (107.7, 44.3), (122.7, 44.3), (137.6, 44.3), (152.5, 44.3), (167.5, 44.3), (182.4, 44.3), (197.3, 44.3), (212.3, 44.3), (227.2, 44.3), (242.1, 44.3), (257.1, 44.3), (272.0, 44.3), (286.9, 44.3), (301.9, 44.3), (316.8, 44.3), (331.7, 44.3), (346.7, 44.3), (361.6, 44.3), (376.5, 44.3), (391.5, 44.3), (406.4, 44.3), (421.3, 48.0), (436.3, 61.1), (436.3, 76.0), (436.3, 90.9), (436.3, 105.9), (436.3, 120.8), (436.3, 135.7), (436.3, 150.7), (436.3, 154.4), (436.3, 146.9), (436.3, 146.9), (436.3, 143.2), (436.3, 146.9), (436.3, 146.9), (436.3, 154.4), (436.3, 150.7), (436.3, 158.1), (436.3, 165.6), (436.3, 161.9), (436.3, 161.9), (436.3, 154.4), (436.3, 150.7), (436.3, 150.7), (436.3, 143.2), (436.3, 135.7), (436.3, 124.5), (436.3, 120.8), (436.3, 117.1), (436.3, 113.3), (436.3, 109.6), (436.3, 113.3), (436.3, 105.9), (436.3, 109.6), (436.3, 105.9), (436.3, 102.1), (436.3, 98.4), (436.3, 90.9), (436.3, 90.9), (436.3, 76.0), (436.3, 79.7), (436.3, 72.3), (436.3, 76.0), (436.3, 68.5), (436.3, 57.3), (436.3, 44.3), (436.3, 44.3), (436.3, 44.3), (436.3, 44.3), (436.3, 44.3), (436.3, 46.1), (436.3, 61.1), (436.3, 76.0), (436.3, 90.9), (436.3, 105.9), (436.3, 120.8), (436.3, 135.7), (436.3, 150.7), (436.3, 158.1), (436.3, 158.1), (436.3, 161.9), (436.3, 165.6), (436.3, 169.3), (436.3, 173.1), (436.3, 176.8), (436.3, 180.5), (436.3, 184.3), (436.3, 188.0), (436.3, 191.7), (436.3, 206.7), (436.3, 210.4), (436.3, 214.1), (436.3, 217.9), (436.3, 221.6), (436.3, 225.3), (436.3, 229.1), (436.3, 225.3), (436.3, 225.3), (436.3, 229.1), (436.3, 221.6), (436.3, 221.6), (436.3, 206.7), (436.3, 202.9), (436.3, 199.2), (436.3, 195.5), (436.3, 191.7), (436.3, 176.8), (436.3, 161.9), (436.3, 146.9), (436.3, 132.0), (436.3, 117.1), (436.3, 102.1), (436.3, 98.4), (436.3, 94.7), (436.3, 98.4), (436.3, 98.4), (436.3, 94.7), (436.3, 90.9), (436.3, 87.2), (436.3, 83.5), (436.3, 79.7), (436.3, 76.0), (436.3, 72.3), (436.3, 68.5), (436.3, 53.6), (436.3, 44.3), (436.3, 44.3), (436.3, 44.3), (436.3, 44.3), (436.3, 48.0), (436.3, 51.7), (436.3, 66.7), (436.3, 81.6), (436.3, 96.5), (436.3, 111.5), (436.3, 126.4), (436.3, 141.3), (436.3, 156.3), (436.3, 163.7), (436.3, 171.2), (436.3, 167.5), (436.3, 174.9), (436.3, 174.9), (436.3, 178.7), (436.3, 182.4), (436.3, 197.3), (436.3, 201.1), (436.3, 208.5), (436.3, 208.5), (436.3, 212.3), (436.3, 216.0), (436.3, 227.2), (436.3, 223.5), (436.3, 227.2), (436.3, 227.2), (436.3, 223.5), (436.3, 219.7), (436.3, 216.0), (436.3, 212.3), (436.3, 208.5), (436.3, 216.0), (436.3, 201.1), (436.3, 186.1), (436.3, 171.2), (436.3, 156.3), (436.3, 141.3), (436.3, 126.4), (436.3, 111.5), (436.3, 104.0), (436.3, 96.5), (436.3, 100.3), (436.3, 96.5), (436.3, 96.5), (436.3, 100.3), (436.3, 85.3), (436.3, 85.3), (436.3, 77.9), (436.3, 81.6), (436.3, 74.1), (436.3, 66.7), (436.3, 70.4), (436.3, 59.2), (436.3, 44.3), (436.3, 44.3), (436.3, 44.3), (436.3, 44.3), (436.3, 48.0), (436.3, 51.7), (436.3, 55.5), (436.3, 59.2), (436.3, 74.1), (436.3, 89.1), (436.3, 104.0), (436.3, 118.9), (436.3, 133.9), (436.3, 148.8), (436.3, 163.7), (436.3, 178.7), (436.3, 182.4), (436.3, 182.4), (436.3, 189.9), (436.3, 204.8), (436.3, 208.5), (436.3, 212.3), (436.3, 216.0), (436.3, 216.0), (436.3, 223.5), (436.3, 227.2), (436.3, 227.2), (436.3, 223.5), (436.3, 227.2), (436.3, 227.2), (436.3, 223.5), (436.3, 227.2), (436.3, 227.2), (436.3, 212.3), (436.3, 216.0), (436.3, 208.5), (436.3, 212.3), (436.3, 204.8), (436.3, 204.8), (436.3, 189.9), (436.3, 174.9), (436.3, 160.0), (436.3, 145.1), (436.3, 130.1), (436.3, 115.2), (436.3, 100.3), (436.3, 96.5), (436.3, 96.5), (436.3, 100.3), (436.3, 85.3), (436.3, 85.3), (436.3, 77.9), (436.3, 81.6), (436.3, 74.1), (436.3, 66.7), (436.3, 70.4), (436.3, 59.2), (436.3, 44.3), (436.3, 44.3), (436.3, 44.3), (436.3, 44.3), (436.3, 48.0), (436.3, 51.7), (436.3, 55.5), (436.3, 59.2), (436.3, 74.1), (436.3, 89.1), (436.3, 96.5), (436.3, 107.7), (436.3, 122.7), (436.3, 137.6), (436.3, 152.5), (436.3, 167.5), (436.3, 182.4), (436.3, 197.3), (436.3, 201.1), (436.3, 208.5), (436.3, 208.5), (436.3, 212.3), (436.3, 216.0), (436.3, 219.7), (436.3, 223.5), (436.3, 227.2), (436.3, 227.2), (436.3, 234.7), (436.3, 230.9), (436.3, 230.9), (436.3, 223.5), (436.3, 227.2), (436.3, 227.2), (436.3, 223.5), (436.3, 219.7), (436.3, 216.0), (436.3, 212.3), (436.3, 208.5), (436.3, 204.8), (436.3, 201.1), (436.3, 197.3), (432.5, 193.6), (436.3, 178.7), (436.3, 174.9), (436.3, 182.4), (436.3, 178.7), (436.3, 193.6), (436.3, 193.6), (436.3, 189.9), (436.3, 193.6), (436.3, 197.3), (436.3, 201.1), (436.3, 204.8), (436.3, 219.7), (436.3, 234.7), (436.3, 249.6), (436.3, 253.3), (436.3, 257.1), (436.3, 249.6), (436.3, 249.6), (436.3, 245.9), (436.3, 242.1), (436.3, 238.4), (436.3, 234.7), (436.3, 230.9), (436.3, 230.9), (436.3, 234.7), (436.3, 230.9), (436.3, 216.0), (436.3, 204.8), (436.3, 204.8)]",0,3,41.8
novice,bomberman,10,Enemy,1,0,17.85,0.846,"[(48.0, 48.0), (62.9, 51.7), (77.9, 44.3), (92.8, 44.3), (107.7, 44.3), (122.7, 44.3), (137.6, 44.3), (152.5, 44.3), (167.5, 44.3), (182.4, 44.3), (197.3, 44.3), (212.3, 44.3), (227.2, 44.3), (242.1, 48.0), (257.1, 51.7), (272.0, 44.3), (286.9, 44.3), (301.9, 44.3), (316.8, 44.3), (331.7, 44.3), (346.7, 44.3), (361.6, 44.3), (376.5, 44.3), (391.5, 44.3), (406.4, 44.3), (421.3, 48.0), (436.3, 61.1), (436.3, 76.0), (436.3, 90.9), (436.3, 105.9), (436.3, 120.8), (436.3, 124.5), (436.3, 139.5), (436.3, 154.4), (436.3, 169.3), (436.3, 169.3), (436.3, 165.6), (436.3, 169.3), (436.3, 173.1), (436.3, 176.8), (436.3, 180.5), (436.3, 180.5), (436.3, 180.5), (436.3, 180.5), (436.3, 180.5), (436.3, 180.5), (436.3, 180.5), (436.3, 180.5), (436.3, 180.5), (436.3, 180.5), (436.3, 180.5), (436.3, 180.5), (436.3, 180.5), (436.3, 180.5), (436.3, 180.5), (436.3, 180.5), (436.3, 180.5), (436.3, 180.5), (436.3, 180.5), (436.3, 180.5), (436.3, 180.5), (436.3, 180.5), (436.3, 180.5), (436.3, 180.5), (436.3, 176.8), (436.3, 161.9), (436.3, 146.9), (436.3, 132.0), (436.3, 117.1), (436.3, 102.1), (436.3, 87.2), (436.3, 83.5), (436.3, 79.7), (436.3, 83.5), (436.3, 83.5), (436.3, 90.9), (436.3, 87.2), (436.3, 87.2), (436.3, 90.9), (436.3, 96.5), (436.3, 96.5), (436.3, 96.5), (436.3, 96.5), (436.3, 96.5), (436.3, 96.5), (436.3, 96.5), (436.3, 96.5), (436.3, 96.5), (436.3, 96.5), (436.3, 96.5), (436.3, 96.5), (436.3, 105.9), (436.3, 113.3), (436.3, 124.5), (436.3, 133.9), (436.3, 148.8), (436.3, 163.7), (436.3, 178.7), (436.3, 193.6), (436.3, 208.5), (436.3, 223.5), (436.3, 238.4), (436.3, 253.3), (436.3, 260.8), (436.3, 257.1), (436.3, 253.3), (436.3, 257.1), (436.3, 257.1), (436.3, 253.3), (436.3, 257.1), (436.3, 257.1), (436.3, 253.3), (436.3, 249.6), (436.3, 249.6), (436.3, 253.3), (436.3, 249.6), (436.3, 245.9), (436.3, 242.1), (436.3, 238.4), (436.3, 238.4), (436.3, 230.9), (436.3, 216.0), (436.3, 201.1), (436.3, 186.1), (436.3, 171.2), (436.3, 156.3), (436.3, 141.3), (436.3, 137.6), (436.3, 145.1), (436.3, 141.3), (436.3, 145.1), (436.3, 148.8), (436.3, 152.5), (436.3, 148.8), (436.3, 148.8), (436.3, 152.5), (436.3, 160.0), (436.3, 160.0), (436.3, 163.7), (436.3, 163.7), (436.3, 163.7), (436.3, 163.7), (436.3, 163.7), (436.3, 163.7), (436.3, 163.7), (436.3, 163.7), (436.3, 163.7), (436.3, 163.7), (436.3, 163.7), (436.3, 163.7), (436.3, 163.7), (436.3, 163.7), (436.3, 163.7), (436.3, 163.7), (436.3, 167.5), (436.3, 182.4), (436.3, 197.3), (436.3, 212.3), (436.3, 227.2), (436.3, 242.1), (436.3, 257.1), (436.3, 257.1), (436.3, 253.3), (436.3, 257.1)]",0,4,21.75
novice,bomberman,10,Enemy,3,0,22.47,0.808,"[(48.0, 48.0), (62.9, 44.3), (77.9, 44.3), (92.8, 44.3), (107.7, 44.3), (122.7, 44.3), (137.6, 44.3), (152.5, 44.3), (167.5, 44.3), (182.4, 44.3), (197.3, 44.3), (212.3, 44.3), (227.2, 44.3), (242.1, 44.3), (257.1, 44.3), (272.0, 44.3), (286.9, 44.3), (301.9, 44.3), (316.8, 44.3), (331.7, 44.3), (346.7, 44.3), (361.6, 44.3), (376.5, 44.3), (391.5, 44.3), (406.4, 44.3), (421.3, 48.0), (436.3, 61.1), (436.3, 76.0), (436.3, 90.9), (436.3, 105.9), (436.3, 120.8), (436.3, 135.7), (436.3, 150.7), (436.3, 143.2), (436.3, 146.9), (436.3, 139.5), (436.3, 132.0), (436.3, 139.5), (436.3, 146.9), (436.3, 143.2), (436.3, 150.7), (436.3, 150.7), (436.3, 165.6), (436.3, 161.9), (436.3, 161.9), (436.3, 165.6), (436.3, 158.1), (436.3, 150.7), (436.3, 154.4), (436.3, 150.7), (436.3, 150.7), (436.3, 154.4), (436.3, 150.7), (436.3, 135.7), (436.3, 132.0), (436.3, 135.7), (436.3, 124.5), (436.3, 109.6), (436.3, 105.9), (436.3, 105.9), (436.3, 109.6), (436.3, 105.9), (436.3, 102.1), (436.3, 98.4), (436.3, 98.4), (436.3, 98.4), (436.3, 98.4), (436.3, 98.4), (436.3, 98.4), (436.3, 98.4), (436.3, 98.4), (436.3, 98.4), (436.3, 98.4), (436.3, 98.4), (436.3, 98.4), (436.3, 98.4), (436.3, 98.4), (436.3, 98.4), (436.3, 109.6), (436.3, 124.5), (436.3, 139.5), (436.3, 154.4), (436.3, 161.9), (436.3, 161.9), (436.3, 165.6), (436.3, 169.3), (436.3, 173.1), (436.3, 176.8), (436.3, 180.5), (436.3, 184.3), (436.3, 188.0), (436.3, 202.9), (436.3, 206.7), (436.3, 210.4), (436.3, 214.1), (436.3, 217.9), (436.3, 221.6), (436.3, 225.3), (436.3, 225.3), (436.3, 221.6), (436.3, 225.3), (436.3, 225.3), (436.3, 221.6), (436.3, 225.3), (436.3, 225.3), (436.3, 210.4), (436.3, 206.7), (436.3, 206.7), (436.3, 210.4), (436.3, 214.1), (436.3, 214.1), (436.3, 210.4), (436.3, 214.1), (436.3, 214.1), (436.3, 210.4), (436.3, 214.1), (436.3, 217.9), (436.3, 221.6), (436.3, 225.3), (436.3, 225.3), (430.7, 221.6), (434.4, 225.3), (434.4, 225.3), (430.7, 221.6), (434.4, 225.3), (428.8, 225.3), (428.8, 221.6), (428.8, 225.3)]",0,3,16.95
novice,bomberman,10,Enemy,1,0,21.68,0.808,"[(48.0, 48.0), (62.9, 44.3), (77.9, 44.3), (92.8, 44.3), (107.7, 44.3), (122.7, 44.3), (137.6, 44.3), (152.5, 44.3), (167.5, 44.3), (182.4, 44.3), (197.3, 44.3), (212.3, 44.3), (227.2, 44.3), (242.1, 44.3), (257.1, 44.3), (272.0, 44.3), (286.9, 44.3), (301.9, 44.3), (316.8, 44.3), (331.7, 44.3), (346.7, 44.3), (361.6, 44.3), (376.5, 44.3), (391.5, 44.3), (406.4, 44.3), (421.3, 48.0), (436.3, 61.1), (436.3, 76.0), (436.3, 90.9), (436.3, 94.7), (436.3, 98.4), (436.3, 102.1), (436.3, 117.1), (436.3, 132.0), (436.3, 146.9), (436.3, 161.9), (436.3, 165.6), (436.3, 161.9), (436.3, 161.9), (436.3, 165.6), (436.3, 161.9), (436.3, 161.9), (436.3, 165.6), (436.3, 161.9), (436.3, 161.9), (436.3, 165.6), (436.3, 161.9), (436.3, 169.3), (436.3, 165.6), (436.3, 169.3), (436.3, 169.3), (436.3, 165.6), (436.3, 173.1), (436.3, 173.1), (436.3, 176.8), (436.3, 173.1), (436.3, 173.1), (430.7, 174.9), (428.8, 178.7), (428.8, 178.7), (428.8, 174.9), (428.8, 180.5), (428.8, 180.5), (428.8, 180.5), (428.8, 176.8), (430.7, 161.9), (436.3, 146.9), (436.3, 132.0), (436.3, 117.1), (436.3, 102.1), (436.3, 87.2), (436.3, 72.3), (436.3, 57.3), (436.3, 49.9), (436.3, 49.9), (436.3, 46.1), (436.3, 53.6), (436.3, 53.6), (436.3, 57.3), (436.3, 72.3), (436.3, 83.5), (436.3, 90.9), (436.3, 87.2), (436.3, 94.7), (436.3, 90.9), (436.3, 94.7), (436.3, 94.7), (436.3, 90.9), (436.3, 94.7), (436.3, 94.7), (436.3, 90.9), (436.3, 96.5), (436.3, 109.6), (436.3, 118.9), (436.3, 133.9), (436.3, 148.8), (436.3, 163.7), (436.3, 178.7), (436.3, 193.6), (436.3, 208.5), (436.3, 223.5), (436.3, 223.5), (436.3, 219.7), (436.3, 223.5), (436.3, 223.5), (436.3, 219.7), (436.3, 223.5), (436.3, 223.5), (436.3, 219.7), (436.3, 216.0), (436.3, 212.3), (436.3, 208.5), (436.3, 204.8), (436.3, 201.1), (436.3, 197.3), (436.3, 193.6), (436.3, 189.9), (436.3, 186.1), (436.3, 178.7), (436.3, 178.7), (436.3, 174.9), (436.3, 167.5), (436.3, 178.7), (436.3, 186.1), (436.3, 189.9), (436.3, 193.6), (436.3, 197.3), (436.3, 193.6), (436.3, 193.6), (436.3, 197.3), (436.3, 193.6), (436.3, 193.6), (436.3, 197.3), (432.5, 201.1)]",0,3,17.73
novice,bomberman,10,Bomb,1,0,32.36,0.5,"[(48.0, 48.0), (62.9, 44.3), (77.9, 44.3), (92.8, 44.3), (107.7, 44.3), (122.7, 44.3), (137.6, 44.3), (152.5, 44.3), (167.5, 44.3), (182.4, 44.3), (197.3, 44.3), (212.3, 44.3), (227.2, 44.3), (242.1, 44.3), (257.1, 44.3), (272.0, 44.3), (286.9, 44.3), (301.9, 44.3), (316.8, 44.3), (331.7, 44.3), (346.7, 44.3), (361.6, 44.3), (376.5, 44.3), (391.5, 44.3), (406.4, 44.3), (421.3, 44.3), (436.3, 44.3), (436.3, 44.3), (436.3, 44.3), (436.3, 44.3), (436.3, 44.3), (436.3, 44.3), (436.3, 44.3), (436.3, 44.3), (436.3, 44.3), (436.3, 44.3), (436.3, 44.3), (436.3, 44.3), (436.3, 44.3), (436.3, 44.3), (436.3, 44.3), (436.3, 44.3), (436.3, 44.3), (436.3, 44.3), (436.3, 44.3), (436.3, 44.3), (436.3, 59.2), (436.3, 74.1), (436.3, 89.1), (436.3, 104.0), (436.3, 118.9), (436.3, 133.9), (436.3, 137.6), (436.3, 126.4), (436.3, 122.7), (436.3, 126.4), (436.3, 126.4), (436.3, 122.7), (436.3, 126.4), (436.3, 126.4), (436.3, 122.7), (436.3, 126.4), (436.3, 126.4), (436.3, 122.7), (436.3, 118.9), (436.3, 117.1), (436.3, 117.1), (436.3, 117.1), (436.3, 117.1), (436.3, 117.1), (436.3, 117.1), (436.3, 117.1), (436.3, 117.1), (436.3, 117.1), (436.3, 117.1), (436.3, 117.1), (436.3, 117.1), (436.3, 117.1), (436.3, 117.1), (436.3, 117.1), (436.3, 117.1), (436.3, 117.1), (436.3, 117.1), (436.3, 117.1), (436.3, 117.1), (436.3, 117.1), (436.3, 117.1), (436.3, 117.1), (436.3, 117.1), (436.3, 117.1), (436.3, 117.1)]",0,1,12.0
novice,bomberman,10,Bomb,1,0,35.7,0.423,"[(48.0, 48.0), (62.9, 44.3), (77.9, 44.3), (92.8, 44.3), (107.7, 44.3), (122.7, 44.3), (137.6, 44.3), (152.5, 44.3), (167.5, 44.3), (182.4, 44.3), (197.3, 44.3), (212.3, 44.3), (227.2, 44.3), (242.1, 44.3), (257.1, 44.3), (272.0, 44.3), (286.9, 44.3), (301.9, 44.3), (316.8, 44.3), (331.7, 44.3), (346.7, 44.3), (361.6, 49.9), (372.8, 64.8), (372.8, 79.7), (372.8, 94.7), (372.8, 109.6), (372.8, 115.2), (372.8, 115.2), (372.8, 115.2), (372.8, 115.2), (372.8, 115.2), (372.8, 115.2), (372.8, 115.2), (372.8, 115.2), (372.8, 115.2), (372.8, 115.2), (372.8, 115.2), (372.8, 115.2), (372.8, 115.2), (372.8, 115.2), (372.8, 115.2), (359.7, 115.2), (350.4, 115.2), (350.4, 115.2), (350.4, 115.2), (350.4, 115.2), (350.4, 115.2), (350.4, 115.2), (350.4, 115.2), (350.4, 115.2), (350.4, 115.2), (350.4, 115.2), (350.4, 115.2), (350.4, 115.2), (350.4, 115.2), (335.5, 115.2), (333.6, 115.2), (333.6, 115.2), (333.6, 115.2), (333.6, 115.2), (333.6, 115.2)]",0,2,8.0
novice,bomberman,10,Bomb,4,0,38.57,0.692,"[(48.0, 48.0), (62.9, 44.3), (77.9, 44.3), (92.8, 44.3), (107.7, 44.3), (122.7, 44.3), (137.6, 44.3), (152.5, 44.3), (167.5, 44.3), (182.4, 44.3), (197.3, 44.3), (212.3, 44.3), (227.2, 44.3), (242.1, 44.3), (257.1, 44.3), (272.0, 44.3), (286.9, 44.3), (301.9, 44.3), (316.8, 44.3), (331.7, 44.3), (346.7, 44.3), (361.6, 44.3), (376.5, 44.3), (391.5, 44.3), (406.4, 44.3), (421.3, 48.0), (436.3, 61.1), (436.3, 76.0), (436.3, 90.9), (436.3, 105.9), (436.3, 120.8), (436.3, 135.7), (436.3, 150.7), (436.3, 165.6), (436.3, 158.1), (436.3, 150.7), (436.3, 154.4), (436.3, 150.7), (436.3, 158.1), (436.3, 165.6), (436.3, 161.9), (436.3, 161.9), (436.3, 165.6), (436.3, 161.9), (436.3, 161.9), (436.3, 165.6), (436.3, 161.9), (436.3, 161.9), (436.3, 165.6), (436.3, 161.9), (436.3, 158.1), (436.3, 154.4), (436.3, 150.7), (436.3, 150.7), (436.3, 154.4), (436.3, 150.7), (436.3, 135.7), (436.3, 120.8), (436.3, 117.1), (436.3, 117.1), (436.3, 120.8), (436.3, 117.1), (436.3, 117.1), (436.3, 120.8), (436.3, 113.3), (436.3, 113.3), (436.3, 109.6), (436.3, 113.3), (436.3, 105.9), (436.3, 109.6), (436.3, 105.9), (436.3, 105.9), (436.3, 109.6), (436.3, 113.3), (436.3, 113.3), (436.3, 120.8)]",0,2,10.07
novice,bomberman,10,Bomb,1,0,32.22,0.692,"[(48.0, 48.0), (62.9, 44.3), (77.9, 44.3), (92.8, 44.3), (107.7, 44.3), (122.7, 44.3), (137.6, 44.3), (152.5, 44.3), (167.5, 44.3), (182.4, 44.3), (197.3, 44.3), (212.3, 44.3), (227.2, 44.3), (242.1, 44.3), (257.1, 44.3), (272.0, 44.3), (286.9, 44.3), (301.9, 44.3), (316.8, 44.3), (331.7, 44.3), (346.7, 44.3), (361.6, 44.3), (376.5, 44.3), (391.5, 44.3), (406.4, 44.3), (421.3, 44.3), (436.3, 44.3), (436.3, 44.3), (436.3, 44.3), (436.3, 44.3), (436.3, 44.3), (436.3, 44.3), (436.3, 44.3), (436.3, 44.3), (436.3, 44.3), (436.3, 44.3), (436.3, 44.3), (436.3, 44.3), (436.3, 46.1), (436.3, 61.1), (436.3, 76.0), (436.3, 90.9), (436.3, 105.9), (436.3, 120.8), (436.3, 135.7), (436.3, 150.7), (436.3, 165.6), (436.3, 169.3), (436.3, 161.9), (436.3, 158.1), (436.3, 158.1), (436.3, 161.9), (436.3, 158.1), (436.3, 158.1), (436.3, 161.9), (436.3, 158.1), (436.3, 158.1), (436.3, 161.9), (436.3, 158.1), (436.3, 158.1), (436.3, 161.9), (436.3, 154.4), (436.3, 154.4), (436.3, 150.7), (436.3, 135.7), (436.3, 122.7), (436.3, 122.7), (436.3, 122.7), (436.3, 122.7), (436.3, 122.7), (436.3, 122.7), (436.3, 122.7), (436.3, 122.7), (436.3, 122.7), (436.3, 122.7), (436.3, 122.7), (436.3, 122.7), (436.3, 122.7), (436.3, 122.7), (436.3, 122.7), (436.3, 122.7), (436.3, 122.7), (436.3, 122.7), (436.3, 122.7), (436.3, 122.7), (436.3, 122.7), (436.3, 122.7), (436.3, 122.7), (436.3, 122.7), (436.3, 122.7), (436.3, 122.7)]",0,2,12.05
novice,bomberman,10,Bomb,1,0,47.87,0.538,"[(48.0, 48.0), (62.9, 44.3), (77.9, 44.3), (92.8, 44.3), (107.7, 44.3), (122.7, 44.3), (137.6, 44.3), (152.5, 44.3), (167.5, 44.3), (182.4, 44.3), (197.3, 44.3), (212.3, 44.3), (227.2, 44.3), (242.1, 44.3), (257.1, 44.3), (272.0, 44.3), (286.9, 44.3), (301.9, 44.3), (316.8, 44.3), (331.7, 44.3), (346.7, 44.3), (361.6, 44.3), (376.5, 44.3), (391.5, 44.3), (406.4, 44.3), (421.3, 48.0), (436.3, 61.1), (436.3, 76.0), (436.3, 90.9), (436.3, 105.9), (436.3, 120.8), (436.3, 135.7), (436.3, 150.7), (436.3, 165.6), (436.3, 173.1), (436.3, 169.3), (436.3, 165.6), (436.3, 169.3), (436.3, 173.1), (436.3, 176.8), (436.3, 180.5), (436.3, 180.5), (436.3, 180.5), (436.3, 180.5), (436.3, 180.5), (436.3, 180.5), (436.3, 180.5), (436.3, 180.5), (436.3, 174.9), (436.3, 178.7), (436.3, 178.7), (436.3, 174.9), (436.3, 167.5), (436.3, 167.5), (436.3, 163.7), (436.3, 160.0), (436.3, 160.0), (436.3, 163.7), (436.3, 160.0), (436.3, 160.0), (436.3, 163.7)]",0,1,8.03
novice,bomberman,10,Stuck,0,0,40.64,0.308,"[(48.0, 48.0), (62.9, 44.3), (77.9, 44.3), (92.8, 44.3), (107.7, 44.3), (122.7, 44.3), (137.6, 44.3), (152.5, 44.3), (167.5, 44.3), (182.4, 44.3), (197.3, 44.3), (212.3, 44.3), (227.2, 44.3), (242.1, 44.3), (257.1, 44.3), (272.0, 44.3), (286.9, 44.3), (301.9, 44.3), (316.8, 44.3), (331.7, 44.3), (346.7, 44.3), (361.6, 44.3), (361.6, 44.3), (361.6, 44.3), (361.6, 44.3), (361.6, 44.3), (361.6, 44.3), (361.6, 44.3), (361.6, 44.3), (361.6, 44.3), (361.6, 44.3), (361.6, 44.3), (361.6, 44.3), (361.6, 44.3), (361.6, 44.3), (361.6, 44.3), (361.6, 44.3), (361.6, 44.3), (361.6, 44.3), (361.6, 44.3), (361.6, 44.3), (361.6, 44.3), (361.6, 44.3), (361.6, 44.3), (361.6, 44.3), (361.6, 44.3), (361.6, 44.3), (361.6, 44.3), (361.6, 44.3), (361.6, 44.3), (361.6, 44.3), (361.6, 44.3), (361.6, 44.3), (361.6, 44.3), (361.6, 44.3), (361.6, 44.3), (361.6, 44.3), (361.6, 44.3)]",0,0,7.72
novice,bomberman,10,Bomb,4,0,9.29,0.846,"[(48.0, 48.0), (62.9, 44.3), (77.9, 44.3), (92.8, 44.3), (107.7, 44.3), (122.7, 44.3), (137.6, 44.3), (152.5, 44.3), (167.5, 44.3), (182.4, 44.3), (197.3, 44.3), (212.3, 44.3), (227.2, 44.3), (242.1, 44.3), (257.1, 44.3), (272.0, 44.3), (286.9, 44.3), (301.9, 44.3), (316.8, 44.3), (331.7, 44.3), (346.7, 44.3), (361.6, 44.3), (376.5, 44.3), (391.5, 44.3), (406.4, 44.3), (421.3, 48.0), (436.3, 61.1), (436.3, 76.0), (436.3, 90.9), (436.3, 105.9), (436.3, 120.8), (436.3, 135.7), (436.3, 150.7), (436.3, 154.4), (436.3, 146.9), (436.3, 146.9), (436.3, 143.2), (436.3, 146.9), (436.3, 146.9), (436.3, 154.4), (436.3, 150.7), (436.3, 158.1), (436.3, 165.6), (436.3, 161.9), (436.3, 161.9), (436.3, 154.4), (436.3, 150.7), (436.3, 150.7), (436.3, 143.2), (436.3, 135.7), (436.3, 124.5), (436.3, 120.8), (436.3, 117.1), (436.3, 113.3), (436.3, 109.6), (436.3, 113.3), (436.3, 105.9), (436.3, 109.6), (436.3, 105.9), (436.3, 102.1), (436.3, 98.4), (436.3, 90.9), (436.3, 90.9), (436.3, 76.0), (436.3, 79.7), (436.3, 72.3), (436.3, 76.0), (436.3, 68.5), (436.3, 57.3), (436.3, 44.3), (436.3, 44.3), (436.3, 44.3), (436.3, 44.3), (436.3, 44.3), (436.3, 46.1), (436.3, 61.1), (436.3, 76.0), (436.3, 90.9), (436.3, 105.9), (436.3, 120.8), (436.3, 135.7), (436.3, 150.7), (436.3, 158.1), (436.3, 158.1), (436.3, 161.9), (436.3, 165.6), (436.3, 169.3), (436.3, 173.1), (436.3, 176.8), (436.3, 180.5), (436.3, 184.3), (436.3, 188.0), (436.3, 191.7), (436.3, 206.7), (436.3, 210.4), (436.3, 214.1), (436.3, 217.9), (436.3, 221.6), (436.3, 225.3), (436.3, 229.1), (436.3, 225.3), (436.3, 225.3), (436.3, 229.1), (436.3, 221.6), (436.3, 221.6), (436.3, 206.7), (436.3, 202.9), (436.3, 199.2), (436.3, 195.5), (436.3, 191.7), (436.3, 176.8), (436.3, 161.9), (436.3, 146.9), (436.3, 132.0), (436.3, 117.1), (436.3, 102.1), (436.3, 98.4), (436.3, 94.7), (436.3, 98.4), (436.3, 98.4), (436.3, 94.7), (436.3, 90.9), (436.3, 87.2), (436.3, 83.5), (436.3, 79.7), (436.3, 76.0), (436.3, 72.3), (436.3, 68.5), (436.3, 53.6), (436.3, 44.3), (436.3, 44.3), (436.3, 44.3), (436.3, 44.3), (436.3, 48.0), (436.3, 51.7), (436.3, 66.7), (436.3, 81.6), (436.3, 96.5), (436.3, 111.5), (436.3, 126.4), (436.3, 141.3), (436.3, 156.3), (436.3, 163.7), (436.3, 171.2), (436.3, 167.5), (436.3, 174.9), (436.3, 174.9), (436.3, 178.7), (436.3, 182.4), (436.3, 197.3), (436.3, 201.1), (436.3, 208.5), (436.3, 208.5), (436.3, 212.3), (436.3, 216.0), (436.3, 227.2), (436.3, 223.5), (436.3, 227.2), (436.3, 227.2), (436.3, 223.5), (436.3, 219.7), (436.3, 216.0), (436.3, 212.3), (436.3, 208.5), (436.3, 216.0), (436.3, 201.1), (436.3, 186.1), (436.3, 171.2), (436.3, 156.3), (436.3, 141.3), (436.3, 126.4), (436.3, 111.5), (436.3, 104.0), (436.3, 96.5), (436.3, 100.3), (436.3, 96.5), (436.3, 96.5), (436.3, 100.3), (436.3, 85.3), (436.3, 85.3), (436.3, 77.9), (436.3, 81.6), (436.3, 74.1), (436.3, 66.7), (436.3, 70.4), (436.3, 59.2), (436.3, 44.3), (436.3, 44.3), (436.3, 44.3), (436.3, 44.3), (436.3, 48.0), (436.3, 51.7), (436.3, 55.5), (436.3, 59.2), (436.3, 74.1), (436.3, 89.1), (436.3, 104.0), (436.3, 118.9), (436.3, 133.9), (436.3, 148.8), (436.3, 163.7), (436.3, 178.7), (436.3, 182.4), (436.3, 182.4), (436.3, 189.9), (436.3, 204.8), (436.3, 208.5), (436.3, 212.3), (436.3, 216.0), (436.3, 216.0), (436.3, 223.5), (436.3, 227.2), (436.3, 227.2), (436.3, 223.5), (436.3, 227.2), (436.3, 227.2), (436.3, 223.5), (436.3, 227.2), (436.3, 227.2), (436.3, 212.3), (436.3, 216.0), (436.3, 208.5), (436.3, 212.3), (436.3, 204.8), (436.3, 204.8), (436.3, 189.9), (436.3, 174.9), (436.3, 160.0), (436.3, 145.1), (436.3, 130.1), (436.3, 115.2), (436.3, 100.3), (436.3, 96.5), (436.3, 96.5), (436.3, 100.3), (436.3, 85.3), (436.3, 85.3), (436.3, 77.9), (436.3, 81.6), (436.3, 74.1), (436.3, 66.7), (436.3, 70.4), (436.3, 59.2), (436.3, 44.3), (436.3, 44.3), (436.3, 44.3), (436.3, 44.3), (436.3, 48.0), (436.3, 51.7), (436.3, 55.5), (436.3, 59.2), (436.3, 74.1), (436.3, 89.1), (436.3, 96.5), (436.3, 107.7), (436.3, 122.7), (436.3, 137.6), (436.3, 152.5), (436.3, 167.5), (436.3, 182.4), (436.3, 197.3), (436.3, 201.1), (436.3, 208.5), (436.3, 208.5), (436.3, 212.3), (436.3, 216.0), (436.3, 219.7), (436.3, 223.5), (436.3, 227.2), (436.3, 227.2), (436.3, 234.7), (436.3, 230.9), (436.3, 230.9), (436.3, 223.5), (436.3, 227.2), (436.3, 227.2), (436.3, 223.5), (436.3, 219.7), (436.3, 216.0), (436.3, 212.3), (436.3, 208.5), (436.3, 204.8), (436.3, 201.1), (436.3, 197.3), (432.5, 193.6), (436.3, 178.7), (436.3, 174.9), (436.3, 182.4), (436.3, 178.7), (436.3, 193.6), (436.3, 193.6), (436.3, 189.9), (436.3, 193.6), (436.3, 197.3), (436.3, 201.1), (436.3, 204.8), (436.3, 219.7), (436.3, 234.7), (436.3, 249.6), (436.3, 253.3), (436.3, 257.1), (436.3, 249.6), (436.3, 249.6), (436.3, 245.9), (436.3, 242.1), (436.3, 238.4), (436.3, 234.7), (436.3, 230.9), (436.3, 230.9), (436.3, 234.7), (436.3, 230.9), (436.3, 216.0), (436.3, 204.8), (436.3, 204.8)]",0,3,41.8
novice,bomberman,10,Enemy,1,0,17.85,0.846,"[(48.0, 48.0), (62.9, 51.7), (77.9, 44.3), (92.8, 44.3), (107.7, 44.3), (122.7, 44.3), (137.6, 44.3), (152.5, 44.3), (167.5, 44.3), (182.4, 44.3), (197.3, 44.3), (212.3, 44.3), (227.2, 44.3), (242.1, 48.0), (257.1, 51.7), (272.0, 44.3), (286.9, 44.3), (301.9, 44.3), (316.8, 44.3), (331.7, 44.3), (346.7, 44.3), (361.6, 44.3), (376.5, 44.3), (391.5, 44.3), (406.4, 44.3), (421.3, 48.0), (436.3, 61.1), (436.3, 76.0), (436.3, 90.9), (436.3, 105.9), (436.3, 120.8), (436.3, 124.5), (436.3, 139.5), (436.3, 154.4), (436.3, 169.3), (436.3, 169.3), (436.3, 165.6), (436.3, 169.3), (436.3, 173.1), (436.3, 176.8), (436.3, 180.5), (436.3, 180.5), (436.3, 180.5), (436.3, 180.5), (436.3, 180.5), (436.3, 180.5), (436.3, 180.5), (436.3, 180.5), (436.3, 180.5), (436.3, 180.5), (436.3, 180.5), (436.3, 180.5), (436.3, 180.5), (436.3, 180.5), (436.3, 180.5), (436.3, 180.5), (436.3, 180.5), (436.3, 180.5), (436.3, 180.5), (436.3, 180.5), (436.3, 180.5), (436.3, 180.5), (436.3, 180.5), (436.3, 180.5), (436.3, 176.8), (436.3, 161.9), (436.3, 146.9), (436.3, 132.0), (436.3, 117.1), (436.3, 102.1), (436.3, 87.2), (436.3, 83.5), (436.3, 79.7), (436.3, 83.5), (436.3, 83.5), (436.3, 90.9), (436.3, 87.2), (436.3, 87.2), (436.3, 90.9), (436.3, 96.5), (436.3, 96.5), (436.3, 96.5), (436.3, 96.5), (436.3, 96.5), (436.3, 96.5), (436.3, 96.5), (436.3, 96.5), (436.3, 96.5), (436.3, 96.5), (436.3, 96.5), (436.3, 96.5), (436.3, 105.9), (436.3, 113.3), (436.3, 124.5), (436.3, 133.9), (436.3, 148.8), (436.3, 163.7), (436.3, 178.7), (436.3, 193.6), (436.3, 208.5), (436.3, 223.5), (436.3, 238.4), (436.3, 253.3), (436.3, 260.8), (436.3, 257.1), (436.3, 253.3), (436.3, 257.1), (436.3, 257.1), (436.3, 253.3), (436.3, 257.1), (436.3, 257.1), (436.3, 253.3), (436.3, 249.6), (436.3, 249.6), (436.3, 253.3), (436.3, 249.6), (436.3, 245.9), (436.3, 242.1), (436.3, 238.4), (436.3, 238.4), (436.3, 230.9), (436.3, 216.0), (436.3, 201.1), (436.3, 186.1), (436.3, 171.2), (436.3, 156.3), (436.3, 141.3), (436.3, 137.6), (436.3, 145.1), (436.3, 141.3), (436.3, 145.1), (436.3, 148.8), (436.3, 152.5), (436.3, 148.8), (436.3, 148.8), (436.3, 152.5), (436.3, 160.0), (436.3, 160.0), (436.3, 163.7), (436.3, 163.7), (436.3, 163.7), (436.3, 163.7), (436.3, 163.7), (436.3, 163.7), (436.3, 163.7), (436.3, 163.7), (436.3, 163.7), (436.3, 163.7), (436.3, 163.7), (436.3, 163.7), (436.3, 163.7), (436.3, 163.7), (436.3, 163.7), (436.3, 163.7), (436.3, 167.5), (436.3, 182.4), (436.3, 197.3), (436.3, 212.3), (436.3, 227.2), (436.3, 242.1), (436.3, 257.1), (436.3, 257.1), (436.3, 253.3), (436.3, 257.1)]",0,4,21.75
novice,bomberman,10,Enemy,3,0,22.47,0.808,"[(48.0, 48.0), (62.9, 44.3), (77.9, 44.3), (92.8, 44.3), (107.7, 44.3), (122.7, 44.3), (137.6, 44.3), (152.5, 44.3), (167.5, 44.3), (182.4, 44.3), (197.3, 44.3), (212.3, 44.3), (227.2, 44.3), (242.1, 44.3), (257.1, 44.3), (272.0, 44.3), (286.9, 44.3), (301.9, 44.3), (316.8, 44.3), (331.7, 44.3), (346.7, 44.3), (361.6, 44.3), (376.5, 44.3), (391.5, 44.3), (406.4, 44.3), (421.3, 48.0), (436.3, 61.1), (436.3, 76.0), (436.3, 90.9), (436.3, 105.9), (436.3, 120.8), (436.3, 135.7), (436.3, 150.7), (436.3, 143.2), (436.3, 146.9), (436.3, 139.5), (436.3, 132.0), (436.3, 139.5), (436.3, 146.9), (436.3, 143.2), (436.3, 150.7), (436.3, 150.7), (436.3, 165.6), (436.3, 161.9), (436.3, 161.9), (436.3, 165.6), (436.3, 158.1), (436.3, 150.7), (436.3, 154.4), (436.3, 150.7), (436.3, 150.7), (436.3, 154.4), (436.3, 150.7), (436.3, 135.7), (436.3, 132.0), (436.3, 135.7), (436.3, 124.5), (436.3, 109.6), (436.3, 105.9), (436.3, 105.9), (436.3, 109.6), (436.3, 105.9), (436.3, 102.1), (436.3, 98.4), (436.3, 98.4), (436.3, 98.4), (436.3, 98.4), (436.3, 98.4), (436.3, 98.4), (436.3, 98.4), (436.3, 98.4), (436.3, 98.4), (436.3, 98.4), (436.3, 98.4), (436.3, 98.4), (436.3, 98.4), (436.3, 98.4), (436.3, 98.4), (436.3, 109.6), (436.3, 124.5), (436.3, 139.5), (436.3, 154.4), (436.3, 161.9), (436.3, 161.9), (436.3, 165.6), (436.3, 169.3), (436.3, 173.1), (436.3, 176.8), (436.3, 180.5), (436.3, 184.3), (436.3, 188.0), (436.3, 202.9), (436.3, 206.7), (436.3, 210.4), (436.3, 214.1), (436.3, 217.9), (436.3, 221.6), (436.3, 225.3), (436.3, 225.3), (436.3, 221.6), (436.3, 225.3), (436.3, 225.3), (436.3, 221.6), (436.3, 225.3), (436.3, 225.3), (436.3, 210.4), (436.3, 206.7), (436.3, 206.7), (436.3, 210.4), (436.3, 214.1), (436.3, 214.1), (436.3, 210.4), (436.3, 214.1), (436.3, 214.1), (436.3, 210.4), (436.3, 214.1), (436.3, 217.9), (436.3, 221.6), (436.3, 225.3), (436.3, 225.3), (430.7, 221.6), (434.4, 225.3), (434.4, 225.3), (430.7, 221.6), (434.4, 225.3), (428.8, 225.3), (428.8, 221.6), (428.8, 225.3)]",0,3,16.95
novice,bomberman,10,Enemy,1,0,21.68,0.808,"[(48.0, 48.0), (62.9, 44.3), (77.9, 44.3), (92.8, 44.3), (107.7, 44.3), (122.7, 44.3), (137.6, 44.3), (152.5, 44.3), (167.5, 44.3), (182.4, 44.3), (197.3, 44.3), (212.3, 44.3), (227.2, 44.3), (242.1, 44.3), (257.1, 44.3), (272.0, 44.3), (286.9, 44.3), (301.9, 44.3), (316.8, 44.3), (331.7, 44.3), (346.7, 44.3), (361.6, 44.3), (376.5, 44.3), (391.5, 44.3), (406.4, 44.3), (421.3, 48.0), (436.3, 61.1), (436.3, 76.0), (436.3, 90.9), (436.3, 94.7), (436.3, 98.4), (436.3, 102.1), (436.3, 117.1), (436.3, 132.0), (436.3, 146.9), (436.3, 161.9), (436.3, 165.6), (436.3, 161.9), (436.3, 161.9), (436.3, 165.6), (436.3, 161.9), (436.3, 161.9), (436.3, 165.6), (436.3, 161.9), (436.3, 161.9), (436.3, 165.6), (436.3, 161.9), (436.3, 169.3), (436.3, 165.6), (436.3, 169.3), (436.3, 169.3), (436.3, 165.6), (436.3, 173.1), (436.3, 173.1), (436.3, 176.8), (436.3, 173.1), (436.3, 173.1), (430.7, 174.9), (428.8, 178.7), (428.8, 178.7), (428.8, 174.9), (428.8, 180.5), (428.8, 180.5), (428.8, 180.5), (428.8, 176.8), (430.7, 161.9), (436.3, 146.9), (436.3, 132.0), (436.3, 117.1), (436.3, 102.1), (436.3, 87.2), (436.3, 72.3), (436.3, 57.3), (436.3, 49.9), (436.3, 49.9), (436.3, 46.1), (436.3, 53.6), (436.3, 53.6), (436.3, 57.3), (436.3, 72.3), (436.3, 83.5), (436.3, 90.9), (436.3, 87.2), (436.3, 94.7), (436.3, 90.9), (436.3, 94.7), (436.3, 94.7), (436.3, 90.9), (436.3, 94.7), (436.3, 94.7), (436.3, 90.9), (436.3, 96.5), (436.3, 109.6), (436.3, 118.9), (436.3, 133.9), (436.3, 148.8), (436.3, 163.7), (436.3, 178.7), (436.3, 193.6), (436.3, 208.5), (436.3, 223.5), (436.3, 223.5), (436.3, 219.7), (436.3, 223.5), (436.3, 223.5), (436.3, 219.7), (436.3, 223.5), (436.3, 223.5), (436.3, 219.7), (436.3, 216.0), (436.3, 212.3), (436.3, 208.5), (436.3, 204.8), (436.3, 201.1), (436.3, 197.3), (436.3, 193.6), (436.3, 189.9), (436.3, 186.1), (436.3, 178.7), (436.3, 178.7), (436.3, 174.9), (436.3, 167.5), (436.3, 178.7), (436.3, 186.1), (436.3, 189.9), (436.3, 193.6), (436.3, 197.3), (436.3, 193.6), (436.3, 193.6), (436.3, 197.3), (436.3, 193.6), (436.3, 193.6), (436.3, 197.3), (432.5, 201.1)]",0,3,17.73
novice,bomberman,10,Bomb,3,0,40.49,0.5,"[(48.0, 48.0), (62.9, 44.3), (77.9, 44.3), (92.8, 44.3), (107.7, 44.3), (122.7, 44.3), (137.6, 44.3), (152.5, 44.3), (167.5, 44.3), (182.4, 44.3), (197.3, 44.3), (212.3, 44.3), (227.2, 44.3), (242.1, 44.3), (257.1, 44.3), (272.0, 44.3), (286.9, 44.3), (301.9, 44.3), (316.8, 44.3), (331.7, 44.3), (346.7, 44.3), (361.6, 44.3), (376.5, 44.3), (391.5, 44.3), (406.4, 44.3), (421.3, 48.0), (436.3, 61.1), (436.3, 76.0), (436.3, 90.9), (436.3, 105.9), (436.3, 120.8), (436.3, 135.7), (436.3, 135.7), (436.3, 120.8), (436.3, 117.1), (436.3, 113.3), (436.3, 109.6), (436.3, 113.3), (436.3, 117.1), (436.3, 120.8), (436.3, 124.5), (436.3, 128.3), (436.3, 143.2), (436.3, 158.1), (436.3, 158.1), (436.3, 154.4), (436.3, 150.7), (436.3, 146.9), (436.3, 143.2), (436.3, 146.9), (436.3, 141.3), (436.3, 141.3), (436.3, 141.3), (436.3, 141.3), (436.3, 141.3), (436.3, 141.3), (436.3, 141.3), (436.3, 141.3), (436.3, 141.3), (436.3, 141.3), (436.3, 141.3), (436.3, 141.3), (436.3, 141.3), (436.3, 141.3), (436.3, 141.3), (436.3, 141.3), (436.3, 141.3), (436.3, 141.3), (436.3, 141.3), (436.3, 141.3), (436.3, 141.3)]",0,1,9.45
novice,bomberman,10,Bomb,1,0,32.36,0.731,"[(48.0, 48.0), (62.9, 44.3), (77.9, 44.3), (92.8, 44.3), (107.7, 44.3), (122.7, 44.3), (137.6, 44.3), (152.5, 44.3), (167.5, 44.3), (182.4, 44.3), (197.3, 44.3), (212.3, 44.3), (227.2, 44.3), (242.1, 44.3), (257.1, 44.3), (272.0, 44.3), (286.9, 44.3), (301.9, 44.3), (316.8, 44.3), (331.7, 44.3), (346.7, 44.3), (361.6, 44.3), (376.5, 44.3), (391.5, 44.3), (406.4, 44.3), (421.3, 48.0), (436.3, 61.1), (436.3, 76.0), (436.3, 90.9), (436.3, 105.9), (436.3, 120.8), (436.3, 135.7), (436.3, 150.7), (436.3, 165.6), (436.3, 180.5), (436.3, 180.5), (436.3, 180.5), (436.3, 180.5), (436.3, 180.5), (436.3, 180.5), (436.3, 180.5), (436.3, 180.5), (436.3, 180.5), (436.3, 180.5), (436.3, 180.5), (436.3, 180.5), (436.3, 180.5), (436.3, 180.5), (436.3, 180.5), (436.3, 180.5), (436.3, 180.5), (436.3, 180.5), (436.3, 180.5), (436.3, 180.5), (436.3, 180.5), (436.3, 180.5), (436.3, 180.5), (436.3, 180.5), (436.3, 180.5), (436.3, 180.5), (436.3, 180.5), (436.3, 180.5), (436.3, 180.5), (436.3, 180.5), (436.3, 176.8), (436.3, 165.6), (436.3, 163.7), (436.3, 163.7), (436.3, 163.7), (436.3, 163.7), (436.3, 178.7), (436.3, 180.5), (436.3, 180.5), (436.3, 180.5), (436.3, 180.5), (436.3, 180.5), (436.3, 180.5), (436.3, 180.5), (436.3, 180.5), (436.3, 180.5), (436.3, 180.5), (436.3, 180.5), (436.3, 180.5), (436.3, 180.5), (436.3, 180.5), (436.3, 180.5), (436.3, 180.5), (436.3, 180.5), (436.3, 180.5), (436.3, 180.5), (436.3, 180.5)]",0,3,12.0
novice,bomberman,10,Bomb,1,0,19.0,0.846,"[(48.0, 48.0), (62.9, 51.7), (77.9, 44.3), (92.8, 44.3), (107.7, 44.3), (122.7, 44.3), (137.6, 44.3), (152.5, 44.3), (167.5, 44.3), (182.4, 44.3), (197.3, 44.3), (212.3, 44.3), (227.2, 44.3), (242.1, 48.0), (257.1, 51.7), (272.0, 44.3), (286.9, 44.3), (301.9, 44.3), (316.8, 44.3), (331.7, 44.3), (346.7, 44.3), (361.6, 44.3), (376.5, 44.3), (391.5, 44.3), (406.4, 44.3), (421.3, 48.0), (436.3, 61.1), (436.3, 76.0), (436.3, 90.9), (436.3, 105.9), (436.3, 120.8), (436.3, 124.5), (436.3, 139.5), (436.3, 154.4), (436.3, 169.3), (436.3, 173.1), (436.3, 176.8), (436.3, 180.5), (436.3, 180.5), (436.3, 180.5), (436.3, 180.5), (436.3, 180.5), (436.3, 180.5), (436.3, 180.5), (436.3, 180.5), (436.3, 180.5), (436.3, 180.5), (436.3, 180.5), (436.3, 180.5), (436.3, 180.5), (436.3, 180.5), (436.3, 180.5), (436.3, 180.5), (436.3, 180.5), (436.3, 180.5), (436.3, 180.5), (436.3, 180.5), (436.3, 180.5), (436.3, 180.5), (436.3, 180.5), (436.3, 180.5), (436.3, 180.5), (436.3, 180.5), (436.3, 180.5), (436.3, 176.8), (436.3, 161.9), (436.3, 146.9), (436.3, 132.0), (436.3, 117.1), (436.3, 102.1), (436.3, 87.2), (436.3, 83.5), (436.3, 79.7), (436.3, 83.5), (436.3, 83.5), (436.3, 90.9), (436.3, 87.2), (436.3, 87.2), (436.3, 90.9), (436.3, 96.5), (436.3, 96.5), (436.3, 96.5), (436.3, 96.5), (436.3, 96.5), (436.3, 96.5), (436.3, 96.5), (436.3, 96.5), (436.3, 96.5), (436.3, 96.5), (436.3, 96.5), (436.3, 96.5), (436.3, 105.9), (436.3, 109.6), (436.3, 118.9), (436.3, 128.3), (436.3, 143.2), (436.3, 158.1), (436.3, 173.1), (436.3, 188.0), (436.3, 202.9), (436.3, 217.9), (436.3, 232.8), (436.3, 247.7), (436.3, 255.2), (436.3, 251.5), (436.3, 247.7), (436.3, 251.5), (436.3, 244.0), (436.3, 236.5), (436.3, 240.3), (436.3, 240.3), (436.3, 236.5), (436.3, 232.8), (436.3, 232.8), (436.3, 236.5), (436.3, 229.1), (436.3, 217.9), (436.3, 202.9), (436.3, 206.7), (436.3, 206.7), (436.3, 202.9), (436.3, 195.5), (436.3, 195.5), (436.3, 191.7), (436.3, 188.0), (436.3, 173.1), (436.3, 158.1), (436.3, 143.2), (436.3, 128.3), (436.3, 113.3), (436.3, 98.4), (436.3, 94.7), (436.3, 90.9), (436.3, 94.7), (436.3, 94.7), (436.3, 90.9), (436.3, 94.7), (436.3, 94.7), (436.3, 90.9), (436.3, 94.7), (436.3, 98.4), (436.3, 102.1), (436.3, 105.9), (436.3, 105.9), (436.3, 102.1), (436.3, 109.6), (436.3, 109.6), (436.3, 113.3), (436.3, 117.1), (436.3, 120.8), (436.3, 124.5), (436.3, 128.3), (436.3, 143.2), (436.3, 158.1)]",0,3,20.43
novice,bomberman,10,Bomb,7,0,48.53,0.423,"[(48.0, 48.0), (62.9, 44.3), (77.9, 44.3), (92.8, 44.3), (107.7, 44.3), (122.7, 44.3), (137.6, 44.3), (152.5, 44.3), (167.5, 44.3), (182.4, 44.3), (197.3, 44.3), (212.3, 44.3), (227.2, 44.3), (242.1, 44.3), (257.1, 44.3), (272.0, 44.3), (286.9, 44.3), (301.9, 44.3), (316.8, 44.3), (331.7, 44.3), (346.7, 44.3), (361.6, 44.3), (376.5, 44.3), (391.5, 44.3), (406.4, 44.3), (421.3, 44.3), (436.3, 44.3), (436.3, 44.3), (436.3, 44.3), (436.3, 44.3), (436.3, 44.3), (436.3, 44.3), (436.3, 44.3), (436.3, 44.3), (436.3, 44.3), (436.3, 44.3), (436.3, 44.3), (436.3, 44.3), (436.3, 44.3), (436.3, 44.3), (436.3, 44.3), (436.3, 44.3), (436.3, 44.3), (436.3, 59.2), (432.5, 62.9), (436.3, 66.7), (432.5, 62.9), (432.5, 62.9), (436.3, 66.7), (432.5, 62.9), (432.5, 62.9), (436.3, 66.7), (432.5, 62.9), (432.5, 62.9), (436.3, 66.7), (432.5, 62.9), (432.5, 62.9), (436.3, 66.7), (432.5, 62.9), (432.5, 62.9), (436.3, 66.7)]",0,0,8.0
novice,bomberman,10,Bomb,1,0,28.47,0.154,"[(48.0, 48.0), (62.9, 44.3), (77.9, 44.3), (92.8, 44.3), (107.7, 44.3), (122.7, 44.3), (137.6, 44.3), (152.5, 44.3), (167.5, 44.3), (182.4, 44.3), (197.3, 44.3), (212.3, 44.3), (227.2, 44.3), (242.1, 59.2), (244.0, 74.1), (244.0, 92.8), (244.0, 109.6), (258.9, 113.3), (273.9, 115.2), (275.7, 115.2), (275.7, 115.2), (275.7, 115.2), (275.7, 115.2), (275.7, 115.2), (275.7, 115.2), (275.7, 115.2), (275.7, 115.2), (275.7, 115.2), (275.7, 115.2), (275.7, 115.2), (275.7, 115.2), (275.7, 115.2), (275.7, 115.2), (275.7, 115.2), (275.7, 115.2), (275.7, 115.2), (275.7, 115.2), (275.7, 115.2), (275.7, 115.2), (275.7, 115.2), (275.7, 115.2), (275.7, 115.2), (275.7, 115.2), (275.7, 115.2), (275.7, 115.2), (275.7, 115.2), (275.7, 115.2), (275.7, 115.2), (275.7, 115.2), (275.7, 115.2), (275.7, 115.2), (275.7, 115.2), (275.7, 115.2), (275.7, 115.2), (275.7, 115.2), (275.7, 115.2), (275.7, 115.2), (275.7, 115.2), (275.7, 115.2), (275.7, 115.2), (275.7, 115.2)]",0,1,8.0
novice,bomberman,10,Bomb,3,0,43.24,0.538,"[(48.0, 48.0), (62.9, 44.3), (77.9, 44.3), (92.8, 44.3), (107.7, 44.3), (122.7, 44.3), (137.6, 44.3), (152.5, 44.3), (167.5, 44.3), (182.4, 44.3), (197.3, 44.3), (212.3, 44.3), (227.2, 44.3), (242.1, 44.3), (257.1, 44.3), (272.0, 44.3), (286.9, 44.3), (301.9, 44.3), (316.8, 44.3), (331.7, 44.3), (346.7, 44.3), (361.6, 44.3), (376.5, 44.3), (391.5, 44.3), (406.4, 44.3), (421.3, 48.0), (436.3, 61.1), (436.3, 76.0), (436.3, 90.9), (436.3, 105.9), (436.3, 120.8), (436.3, 135.7), (436.3, 135.7), (436.3, 132.0), (436.3, 128.3), (436.3, 124.5), (436.3, 109.6), (436.3, 124.5), (436.3, 135.7), (436.3, 132.0), (436.3, 146.9), (436.3, 161.9), (436.3, 165.6), (436.3, 161.9), (436.3, 161.9), (436.3, 165.6), (436.3, 161.9), (436.3, 161.9), (436.3, 165.6), (436.3, 161.9), (436.3, 161.9), (436.3, 165.6), (436.3, 169.3), (436.3, 169.3), (436.3, 165.6), (436.3, 169.3), (436.3, 169.3), (436.3, 165.6), (436.3, 169.3), (436.3, 169.3), (436.3, 165.6), (436.3, 169.3), (436.3, 169.3), (436.3, 165.6), (436.3, 169.3), (436.3, 173.1), (430.7, 165.6)]",0,1,8.85
