persona,game,world,cause_of_death,jump_count,coins_collected,avg_vx,progress_ratio,route,enemies_killed,bricks_destroyed,elapsed_time
speedrunner,bomberman,8,Enemy,1,0,33.8,0.556,"[(48.0, 112.0), (70.4, 109.2), (101.2, 112.0), (115.2, 131.6), (115.2, 159.6), (126.4, 179.2), (151.6, 173.6), (176.8, 184.8), (176.8, 207.2), (179.6, 235.2), (199.2, 243.6), (221.6, 243.6), (221.6, 243.6), (221.6, 243.6), (218.8, 243.6), (204.8, 243.6), (185.2, 243.6), (174.0, 263.2), (174.0, 291.2), (162.8, 308.0), (157.2, 308.0)]",0,0,2.73
speedrunner,bomberman,8,Bomb,1,0,13.41,0.111,"[(48.0, 112.0), (70.4, 109.2), (101.2, 109.2), (115.2, 92.4), (115.2, 78.4), (115.2, 78.4), (115.2, 78.4), (115.2, 78.4), (115.2, 78.4), (115.2, 78.4), (115.2, 78.4), (115.2, 78.4), (115.2, 78.4), (115.2, 78.4), (115.2, 78.4), (115.2, 78.4), (115.2, 78.4), (115.2, 78.4), (115.2, 78.4), (115.2, 78.4), (115.2, 78.4), (115.2, 78.4), (115.2, 78.4), (115.2, 78.4), (115.2, 78.4), (115.2, 78.4), (115.2, 78.4), (115.2, 78.4), (115.2, 78.4), (115.2, 78.4), (115.2, 78.4), (115.2, 78.4), (115.2, 78.4)]",0,0,4.38
speedrunner,bomberman,8,Enemy,0,0,168.0,0.556,"[(48.0, 112.0), (70.4, 112.0), (92.8, 112.0), (115.2, 112.0), (137.6, 112.0), (160.0, 112.0), (182.4, 112.0), (204.8, 114.8), (232.8, 114.8), (255.2, 114.8), (280.4, 114.8), (305.6, 114.8), (328.0, 114.8), (356.0, 114.8)]",0,0,1.73
speedrunner,bomberman,8,Enemy,9,0,18.31,0.5,"[(48.0, 112.0), (50.8, 134.4), (45.2, 156.8), (45.2, 179.2), (45.2, 201.6), (45.2, 224.0), (45.2, 246.4), (45.2, 268.8), (45.2, 291.2), (45.2, 313.6), (45.2, 336.0), (45.2, 338.8), (45.2, 338.8), (45.2, 338.8), (45.2, 338.8), (45.2, 338.8), (45.2, 338.8), (45.2, 338.8), (45.2, 338.8), (45.2, 338.8), (45.2, 338.8), (45.2, 338.8), (45.2, 338.8), (45.2, 338.8), (45.2, 338.8), (45.2, 338.8), (45.2, 338.8), (45.2, 338.8), (45.2, 338.8), (45.2, 338.8), (45.2, 336.0), (48.0, 322.0), (48.0, 322.0), (48.0, 322.0), (48.0, 322.0), (48.0, 322.0), (48.0, 322.0), (48.0, 322.0), (48.0, 322.0), (48.0, 322.0), (48.0, 322.0), (48.0, 322.0), (48.0, 322.0), (48.0, 322.0), (48.0, 322.0), (48.0, 322.0), (48.0, 322.0), (48.0, 322.0), (48.0, 322.0), (50.8, 316.4), (50.8, 322.0), (53.6, 305.2), (64.8, 308.0), (64.8, 308.0), (64.8, 308.0), (76.0, 308.0), (98.4, 308.0), (109.6, 299.6), (115.2, 277.2), (115.2, 249.2), (129.2, 240.8), (126.4, 243.6), (129.2, 243.6), (129.2, 240.8), (126.4, 243.6), (129.2, 243.6), (146.0, 243.6), (168.4, 238.0), (179.6, 218.4), (179.6, 190.4), (190.8, 173.6), (193.6, 176.4), (190.8, 179.2), (193.6, 179.2), (193.6, 176.4), (190.8, 179.2), (193.6, 179.2), (193.6, 176.4), (190.8, 179.2), (193.6, 179.2), (193.6, 176.4), (190.8, 179.2), (193.6, 179.2), (193.6, 176.4), (190.8, 179.2), (193.6, 179.2), (193.6, 176.4), (190.8, 179.2), (193.6, 179.2), (193.6, 176.4), (190.8, 179.2), (190.8, 179.2), (193.6, 179.2), (199.2, 179.2), (204.8, 179.2), (204.8, 179.2), (204.8, 179.2), (204.8, 179.2), (204.8, 179.2), (204.8, 179.2), (204.8, 179.2), (204.8, 179.2), (204.8, 179.2), (204.8, 179.2), (204.8, 179.2), (204.8, 179.2), (204.8, 179.2), (204.8, 179.2), (204.8, 179.2), (204.8, 179.2), (224.4, 173.6), (244.0, 162.4), (244.0, 140.0), (249.6, 109.2), (272.0, 114.8), (300.0, 109.2), (322.4, 109.2), (350.4, 114.8)]",0,0,15.6
speedrunner,bomberman,8,Bomb,3,0,-0.33,0.333,"[(48.0, 112.0), (45.2, 134.4), (45.2, 156.8), (45.2, 179.2), (45.2, 201.6), (45.2, 224.0), (45.2, 246.4), (45.2, 268.8), (45.2, 291.2), (45.2, 313.6), (45.2, 336.0), (45.2, 338.8), (45.2, 338.8), (45.2, 338.8), (45.2, 338.8), (45.2, 338.8), (45.2, 338.8), (45.2, 338.8), (45.2, 338.8), (45.2, 338.8), (45.2, 338.8), (45.2, 338.8), (45.2, 338.8), (45.2, 338.8), (45.2, 338.8), (45.2, 338.8), (45.2, 338.8), (45.2, 338.8), (45.2, 338.8), (45.2, 338.8), (45.2, 338.8), (45.2, 338.8), (45.2, 338.8), (45.2, 338.8), (45.2, 338.8), (45.2, 338.8), (45.2, 338.8), (45.2, 338.8), (45.2, 338.8), (45.2, 338.8), (45.2, 338.8), (45.2, 338.8), (45.2, 338.8), (45.2, 338.8), (45.2, 338.8), (45.2, 338.8), (45.2, 338.8), (45.2, 333.2), (45.2, 322.0), (45.2, 322.0), (45.2, 322.0), (45.2, 322.0), (45.2, 322.0), (45.2, 322.0), (45.2, 322.0), (45.2, 322.0), (45.2, 338.8), (45.2, 338.8), (45.2, 338.8), (45.2, 338.8), (45.2, 338.8), (45.2, 338.8), (45.2, 338.8), (45.2, 338.8), (45.2, 338.8)]",0,0,8.55
speedrunner,bomberman,8,Bomb,1,0,-0.23,0.333,"[(48.0, 112.0), (50.8, 120.4), (50.8, 123.2), (50.8, 145.6), (50.8, 162.4), (50.8, 162.4), (50.8, 162.4), (50.8, 162.4), (50.8, 168.0), (50.8, 176.4), (50.8, 176.4), (45.2, 190.4), (45.2, 212.8), (45.2, 224.0), (45.2, 224.0), (45.2, 224.0), (45.2, 224.0), (45.2, 224.0), (45.2, 224.0), (45.2, 224.0), (45.2, 224.0), (45.2, 224.0), (45.2, 224.0), (45.2, 224.0), (45.2, 224.0), (45.2, 224.0), (45.2, 226.8), (45.2, 232.4), (45.2, 238.0), (45.2, 240.8), (45.2, 246.4), (45.2, 249.2), (45.2, 249.2), (45.2, 249.2), (45.2, 252.0), (45.2, 271.6), (45.2, 294.0), (45.2, 316.4), (45.2, 338.8), (45.2, 338.8), (45.2, 338.8), (45.2, 338.8), (45.2, 338.8), (45.2, 338.8), (45.2, 338.8), (45.2, 338.8), (45.2, 338.8), (45.2, 338.8), (45.2, 338.8), (45.2, 338.8), (45.2, 338.8), (45.2, 338.8), (45.2, 338.8), (45.2, 338.8), (45.2, 338.8), (45.2, 338.8), (45.2, 338.8), (45.2, 338.8), (45.2, 338.8), (45.2, 338.8), (45.2, 338.8), (45.2, 338.8), (45.2, 338.8), (45.2, 338.8), (45.2, 338.8), (45.2, 338.8), (45.2, 338.8), (45.2, 338.8), (45.2, 338.8), (45.2, 338.8), (45.2, 338.8), (45.2, 338.8), (45.2, 338.8), (45.2, 338.8), (45.2, 338.8), (45.2, 338.8), (45.2, 338.8), (45.2, 338.8), (45.2, 338.8), (45.2, 338.8), (45.2, 338.8), (45.2, 338.8), (45.2, 338.8), (45.2, 338.8), (45.2, 338.8), (45.2, 338.8), (45.2, 338.8), (45.2, 338.8), (45.2, 338.8), (45.2, 338.8), (45.2, 338.8)]",0,0,12.0
speedrunner,bomberman,8,Bomb,3,0,8.4,0.111,"[(48.0, 112.0), (70.4, 109.2), (92.8, 109.2), (115.2, 100.8), (115.2, 78.4), (115.2, 78.4), (115.2, 78.4), (115.2, 78.4), (115.2, 78.4), (115.2, 78.4), (115.2, 78.4), (115.2, 78.4), (115.2, 78.4), (115.2, 78.4), (115.2, 78.4), (115.2, 78.4), (115.2, 78.4), (115.2, 78.4), (115.2, 78.4), (115.2, 78.4), (115.2, 78.4), (115.2, 78.4), (115.2, 78.4), (115.2, 78.4), (115.2, 78.4), (115.2, 78.4), (115.2, 78.4), (115.2, 78.4), (115.2, 78.4), (115.2, 78.4), (115.2, 78.4), (115.2, 78.4), (115.2, 78.4), (115.2, 78.4), (115.2, 78.4), (115.2, 78.4), (115.2, 78.4), (115.2, 78.4), (115.2, 78.4), (115.2, 78.4), (115.2, 78.4), (115.2, 78.4), (115.2, 78.4), (115.2, 78.4), (115.2, 78.4), (115.2, 78.4), (115.2, 78.4), (115.2, 78.4), (115.2, 78.4), (115.2, 78.4), (115.2, 78.4), (115.2, 78.4), (115.2, 78.4), (115.2, 78.4), (115.2, 78.4), (115.2, 78.4), (115.2, 78.4), (115.2, 78.4), (115.2, 78.4), (115.2, 78.4), (115.2, 78.4)]",0,0,8.0
speedrunner,bomberman,8,Stuck,0,0,-0.56,0.0,"[(48.0, 112.0), (45.2, 112.0), (45.2, 112.0), (45.2, 112.0), (45.2, 112.0), (45.2, 112.0), (45.2, 112.0), (45.2, 112.0), (45.2, 112.0), (45.2, 112.0), (45.2, 112.0), (45.2, 112.0), (45.2, 112.0), (45.2, 112.0), (45.2, 112.0), (45.2, 112.0), (45.2, 112.0), (45.2, 112.0), (45.2, 112.0), (45.2, 112.0), (45.2, 112.0), (45.2, 112.0), (45.2, 112.0), (45.2, 112.0), (45.2, 112.0), (45.2, 112.0), (45.2, 112.0), (45.2, 112.0), (45.2, 112.0), (45.2, 112.0), (45.2, 112.0), (45.2, 112.0), (45.2, 112.0), (45.2, 112.0), (45.2, 112.0), (45.2, 112.0), (45.2, 112.0), (45.2, 112.0)]",0,0,5.0
speedrunner,bomberman,8,Stuck,0,0,-0.56,0.0,"[(48.0, 112.0), (45.2, 112.0), (45.2, 112.0), (45.2, 112.0), (45.2, 112.0), (45.2, 112.0), (45.2, 112.0), (45.2, 112.0), (45.2, 112.0), (45.2, 112.0), (45.2, 112.0), (45.2, 112.0), (45.2, 112.0), (45.2, 112.0), (45.2, 112.0), (45.2, 112.0), (45.2, 112.0), (45.2, 112.0), (45.2, 112.0), (45.2, 112.0), (45.2, 112.0), (45.2, 112.0), (45.2, 112.0), (45.2, 112.0), (45.2, 112.0), (45.2, 112.0), (45.2, 112.0), (45.2, 112.0), (45.2, 112.0), (45.2, 112.0), (45.2, 112.0), (45.2, 112.0), (45.2, 112.0), (45.2, 112.0), (45.2, 112.0), (45.2, 112.0), (45.2, 112.0), (45.2, 112.0)]",0,0,5.0
speedrunner,bomberman,8,Stuck,0,0,-0.56,0.0,"[(48.0, 112.0), (45.2, 109.2), (45.2, 109.2), (45.2, 109.2), (45.2, 109.2), (45.2, 109.2), (45.2, 109.2), (45.2, 109.2), (45.2, 109.2), (45.2, 109.2), (45.2, 109.2), (45.2, 109.2), (45.2, 109.2), (45.2, 109.2), (45.2, 109.2), (45.2, 109.2), (45.2, 109.2), (45.2, 109.2), (45.2, 109.2), (45.2, 109.2), (45.2, 109.2), (45.2, 109.2), (45.2, 109.2), (45.2, 109.2), (45.2, 109.2), (45.2, 109.2), (45.2, 109.2), (45.2, 109.2), (45.2, 109.2), (45.2, 109.2), (45.2, 109.2), (45.2, 109.2), (45.2, 109.2), (45.2, 109.2), (45.2, 109.2), (45.2, 109.2), (45.2, 109.2), (45.2, 109.2)]",0,0,5.0
speedrunner,bomberman,8,Enemy,9,0,18.31,0.5,"[(48.0, 112.0), (50.8, 134.4), (45.2, 156.8), (45.2, 179.2), (45.2, 201.6), (45.2, 224.0), (45.2, 246.4), (45.2, 268.8), (45.2, 291.2), (45.2, 313.6), (45.2, 336.0), (45.2, 338.8), (45.2, 338.8), (45.2, 338.8), (45.2, 338.8), (45.2, 338.8), (45.2, 338.8), (45.2, 338.8), (45.2, 338.8), (45.2, 338.8), (45.2, 338.8), (45.2, 338.8), (45.2, 338.8), (45.2, 338.8), (45.2, 338.8), (45.2, 338.8), (45.2, 338.8), (45.2, 338.8), (45.2, 338.8), (45.2, 338.8), (45.2, 336.0), (48.0, 322.0), (48.0, 322.0), (48.0, 322.0), (48.0, 322.0), (48.0, 322.0), (48.0, 322.0), (48.0, 322.0), (48.0, 322.0), (48.0, 322.0), (48.0, 322.0), (48.0, 322.0), (48.0, 322.0), (48.0, 322.0), (48.0, 322.0), (48.0, 322.0), (48.0, 322.0), (48.0, 322.0), (48.0, 322.0), (50.8, 316.4), (50.8, 322.0), (53.6, 305.2), (64.8, 308.0), (64.8, 308.0), (64.8, 308.0), (76.0, 308.0), (98.4, 308.0), (109.6, 299.6), (115.2, 277.2), (115.2, 249.2), (129.2, 240.8), (126.4, 243.6), (129.2, 243.6), (129.2, 240.8), (126.4, 243.6), (129.2, 243.6), (146.0, 243.6), (168.4, 238.0), (179.6, 218.4), (179.6, 190.4), (190.8, 173.6), (193.6, 176.4), (190.8, 179.2), (193.6, 179.2), (193.6, 176.4), (190.8, 179.2), (193.6, 179.2), (193.6, 176.4), (190.8, 179.2), (193.6, 179.2), (193.6, 176.4), (190.8, 179.2), (193.6, 179.2), (193.6, 176.4), (190.8, 179.2), (193.6, 179.2), (193.6, 176.4), (190.8, 179.2), (193.6, 179.2), (193.6, 176.4), (190.8, 179.2), (190.8, 179.2), (193.6, 179.2), (199.2, 179.2), (204.8, 179.2), (204.8, 179.2), (204.8, 179.2), (204.8, 179.2), (204.8, 179.2), (204.8, 179.2), (204.8, 179.2), (204.8, 179.2), (204.8, 179.2), (204.8, 179.2), (204.8, 179.2), (204.8, 179.2), (204.8, 179.2), (204.8, 179.2), (204.8, 179.2), (204.8, 179.2), (224.4, 173.6), (244.0, 162.4), (244.0, 140.0), (249.6, 109.2), (272.0, 114.8), (300.0, 109.2), (322.4, 109.2), (350.4, 114.8)]",0,0,15.6
speedrunner,bomberman,8,Enemy,0,0,168.0,0.556,"[(48.0, 112.0), (70.4, 112.0), (92.8, 112.0), (115.2, 112.0), (137.6, 112.0), (160.0, 112.0), (182.4, 112.0), (204.8, 114.8), (232.8, 114.8), (255.2, 114.8), (280.4, 114.8), (305.6, 114.8), (328.0, 114.8), (356.0, 114.8)]",0,0,1.73
speedrunner,bomberman,8,Enemy,1,0,33.8,0.556,"[(48.0, 112.0), (70.4, 109.2), (101.2, 112.0), (115.2, 131.6), (115.2, 159.6), (126.4, 179.2), (151.6, 173.6), (176.8, 184.8), (176.8, 207.2), (179.6, 235.2), (199.2, 243.6), (221.6, 243.6), (221.6, 243.6), (221.6, 243.6), (218.8, 243.6), (204.8, 243.6), (185.2, 243.6), (174.0, 263.2), (174.0, 291.2), (162.8, 308.0), (157.2, 308.0)]",0,0,2.73
speedrunner,bomberman,8,Bomb,1,0,-0.23,0.333,"[(48.0, 112.0), (50.8, 120.4), (50.8, 123.2), (50.8, 145.6), (50.8, 162.4), (50.8, 162.4), (50.8, 162.4), (50.8, 162.4), (50.8, 168.0), (50.8, 176.4), (50.8, 176.4), (45.2, 190.4), (45.2, 212.8), (45.2, 224.0), (45.2, 224.0), (45.2, 224.0), (45.2, 224.0), (45.2, 224.0), (45.2, 224.0), (45.2, 224.0), (45.2, 224.0), (45.2, 224.0), (45.2, 224.0), (45.2, 224.0), (45.2, 224.0), (45.2, 224.0), (45.2, 226.8), (45.2, 232.4), (45.2, 238.0), (45.2, 240.8), (45.2, 246.4), (45.2, 249.2), (45.2, 249.2), (45.2, 249.2), (45.2, 252.0), (45.2, 271.6), (45.2, 294.0), (45.2, 316.4), (45.2, 338.8), (45.2, 338.8), (45.2, 338.8), (45.2, 338.8), (45.2, 338.8), (45.2, 338.8), (45.2, 338.8), (45.2, 338.8), (45.2, 338.8), (45.2, 338.8), (45.2, 338.8), (45.2, 338.8), (45.2, 338.8), (45.2, 338.8), (45.2, 338.8), (45.2, 338.8), (45.2, 338.8), (45.2, 338.8), (45.2, 338.8), (45.2, 338.8), (45.2, 338.8), (45.2, 338.8), (45.2, 338.8), (45.2, 338.8), (45.2, 338.8), (45.2, 338.8), (45.2, 338.8), (45.2, 338.8), (45.2, 338.8), (45.2, 338.8), (45.2, 338.8), (45.2, 338.8), (45.2, 338.8), (45.2, 338.8), (45.2, 338.8), (45.2, 338.8), (45.2, 338.8), (45.2, 338.8), (45.2, 338.8), (45.2, 338.8), (45.2, 338.8), (45.2, 338.8), (45.2, 338.8), (45.2, 338.8), (45.2, 338.8), (45.2, 338.8), (45.2, 338.8), (45.2, 338.8), (45.2, 338.8), (45.2, 338.8), (45.2, 338.8), (45.2, 338.8), (45.2, 338.8)]",0,0,12.0
speedrunner,bomberman,8,Bomb,3,0,-0.42,0.0,"[(48.0, 112.0), (48.0, 109.2), (48.0, 109.2), (48.0, 109.2), (48.0, 109.2), (48.0, 109.2), (48.0, 109.2), (48.0, 109.2), (48.0, 109.2), (48.0, 109.2), (48.0, 109.2), (48.0, 109.2), (48.0, 109.2), (48.0, 109.2), (48.0, 109.2), (48.0, 109.2), (48.0, 109.2), (48.0, 109.2), (48.0, 109.2), (48.0, 109.2), (48.0, 109.2), (45.2, 109.2), (45.2, 109.2), (45.2, 109.2), (45.2, 109.2), (45.2, 109.2), (45.2, 109.2), (45.2, 109.2), (45.2, 109.2), (45.2, 109.2), (45.2, 109.2), (45.2, 109.2), (45.2, 109.2), (45.2, 109.2), (45.2, 109.2), (45.2, 109.2), (45.2, 109.2), (45.2, 109.2), (45.2, 109.2), (45.2, 109.2), (45.2, 109.2), (45.2, 109.2), (45.2, 109.2), (45.2, 109.2), (45.2, 109.2), (45.2, 109.2), (45.2, 109.2), (45.2, 109.2), (45.2, 109.2), (45.2, 109.2), (45.2, 109.2)]",0,0,6.73
speedrunner,bomberman,8,Bomb,1,0,7.21,0.111,"[(48.0, 112.0), (70.4, 112.0), (101.2, 109.2), (115.2, 92.4), (115.2, 78.4), (115.2, 78.4), (115.2, 78.4), (115.2, 78.4), (115.2, 78.4), (115.2, 78.4), (115.2, 78.4), (115.2, 78.4), (115.2, 78.4), (115.2, 78.4), (115.2, 78.4), (115.2, 78.4), (115.2, 78.4), (115.2, 78.4), (115.2, 78.4), (115.2, 78.4), (115.2, 78.4), (115.2, 78.4), (115.2, 78.4), (115.2, 78.4), (115.2, 78.4), (115.2, 78.4), (115.2, 78.4), (115.2, 78.4), (115.2, 78.4), (115.2, 78.4), (115.2, 78.4), (115.2, 78.4), (115.2, 78.4), (115.2, 78.4), (115.2, 78.4), (115.2, 78.4), (115.2, 78.4), (115.2, 78.4), (115.2, 78.4), (115.2, 78.4), (115.2, 78.4), (115.2, 78.4), (115.2, 78.4), (115.2, 78.4), (115.2, 78.4), (115.2, 78.4), (115.2, 78.4), (115.2, 78.4), (115.2, 78.4), (115.2, 78.4), (115.2, 78.4), (115.2, 78.4), (115.2, 78.4), (115.2, 78.4), (115.2, 78.4), (115.2, 78.4), (115.2, 78.4), (115.2, 78.4), (115.2, 78.4), (115.2, 78.4), (115.2, 78.4), (115.2, 78.4)]",0,0,8.15
speedrunner,bomberman,8,Bomb,1,0,0.0,0.0,"[(48.0, 112.0), (48.0, 112.0), (48.0, 112.0), (48.0, 112.0), (48.0, 112.0), (48.0, 112.0), (48.0, 112.0), (48.0, 112.0), (48.0, 112.0), (48.0, 112.0), (48.0, 112.0), (48.0, 112.0), (48.0, 112.0), (48.0, 112.0), (48.0, 112.0), (48.0, 112.0), (48.0, 112.0), (48.0, 112.0), (48.0, 112.0), (48.0, 112.0), (48.0, 112.0), (48.0, 112.0), (48.0, 112.0), (48.0, 112.0), (48.0, 112.0), (48.0, 112.0), (48.0, 112.0), (48.0, 112.0), (48.0, 112.0), (48.0, 112.0), (48.0, 112.0)]",0,0,4.0
speedrunner,bomberman,8,Bomb,1,0,29.61,0.222,"[(48.0, 112.0), (70.4, 112.0), (92.8, 112.0), (115.2, 112.0), (137.6, 112.0), (160.0, 112.0), (182.4, 112.0), (185.2, 112.0), (185.2, 112.0), (185.2, 112.0), (185.2, 112.0), (185.2, 112.0), (185.2, 112.0), (185.2, 112.0), (185.2, 112.0), (185.2, 112.0), (185.2, 112.0), (185.2, 112.0), (185.2, 112.0), (185.2, 112.0), (185.2, 112.0), (185.2, 112.0), (185.2, 112.0), (185.2, 112.0), (185.2, 112.0), (185.2, 112.0), (185.2, 112.0), (185.2, 112.0), (185.2, 112.0), (185.2, 112.0), (185.2, 112.0), (185.2, 112.0), (185.2, 112.0), (185.2, 112.0), (185.2, 112.0)]",0,0,4.63
speedrunner,bomberman,8,Stuck,0,0,11.2,0.111,"[(48.0, 112.0), (70.4, 109.2), (101.2, 109.2), (115.2, 92.4), (115.2, 78.4), (115.2, 78.4), (115.2, 78.4), (115.2, 78.4), (115.2, 78.4), (115.2, 78.4), (115.2, 78.4), (115.2, 78.4), (115.2, 78.4), (115.2, 78.4), (115.2, 78.4), (115.2, 78.4), (115.2, 78.4), (115.2, 78.4), (115.2, 78.4), (115.2, 78.4), (115.2, 78.4), (115.2, 78.4), (115.2, 78.4), (115.2, 78.4), (115.2, 78.4), (115.2, 78.4), (115.2, 78.4), (115.2, 78.4), (115.2, 78.4), (115.2, 78.4), (115.2, 78.4), (115.2, 78.4), (115.2, 78.4), (115.2, 78.4), (115.2, 78.4), (115.2, 78.4), (115.2, 78.4), (115.2, 78.4), (115.2, 78.4), (115.2, 78.4)]",0,0,5.25
speedrunner,bomberman,8,Stuck,2,0,-0.29,0.333,"[(48.0, 112.0), (45.2, 134.4), (45.2, 156.8), (45.2, 179.2), (45.2, 201.6), (45.2, 224.0), (45.2, 246.4), (45.2, 268.8), (45.2, 291.2), (45.2, 313.6), (45.2, 336.0), (45.2, 338.8), (45.2, 338.8), (45.2, 338.8), (45.2, 338.8), (45.2, 338.8), (45.2, 338.8), (45.2, 338.8), (45.2, 338.8), (45.2, 338.8), (45.2, 338.8), (45.2, 338.8), (45.2, 338.8), (45.2, 338.8), (45.2, 338.8), (45.2, 338.8), (45.2, 338.8), (45.2, 338.8), (45.2, 338.8), (45.2, 338.8), (45.2, 338.8), (45.2, 338.8), (45.2, 338.8), (45.2, 338.8), (45.2, 338.8), (45.2, 338.8), (45.2, 338.8), (45.2, 338.8), (45.2, 338.8), (45.2, 338.8), (45.2, 338.8), (45.2, 338.8), (45.2, 338.8), (45.2, 338.8), (45.2, 338.8), (45.2, 338.8), (45.2, 338.8), (45.2, 338.8), (45.2, 338.8), (45.2, 338.8), (45.2, 338.8), (45.2, 338.8), (45.2, 338.8), (45.2, 338.8), (45.2, 338.8), (45.2, 338.8), (45.2, 338.8), (45.2, 338.8), (45.2, 338.8), (45.2, 338.8), (45.2, 338.8), (45.2, 338.8), (45.2, 338.8), (45.2, 338.8), (45.2, 338.8), (45.2, 338.8), (45.2, 338.8), (45.2, 338.8), (45.2, 338.8), (45.2, 338.8), (45.2, 338.8), (45.2, 338.8)]",0,0,9.57
speedrunner,bomberman,8,Enemy,9,0,18.31,0.5,"[(48.0, 112.0), (50.8, 134.4), (45.2, 156.8), (45.2, 179.2), (45.2, 201.6), (45.2, 224.0), (45.2, 246.4), (45.2, 268.8), (45.2, 291.2), (45.2, 313.6), (45.2, 336.0), (45.2, 338.8), (45.2, 338.8), (45.2, 338.8), (45.2, 338.8), (45.2, 338.8), (45.2, 338.8), (45.2, 338.8), (45.2, 338.8), (45.2, 338.8), (45.2, 338.8), (45.2, 338.8), (45.2, 338.8), (45.2, 338.8), (45.2, 338.8), (45.2, 338.8), (45.2, 338.8), (45.2, 338.8), (45.2, 338.8), (45.2, 338.8), (45.2, 336.0), (48.0, 322.0), (48.0, 322.0), (48.0, 322.0), (48.0, 322.0), (48.0, 322.0), (48.0, 322.0), (48.0, 322.0), (48.0, 322.0), (48.0, 322.0), (48.0, 322.0), (48.0, 322.0), (48.0, 322.0), (48.0, 322.0), (48.0, 322.0), (48.0, 322.0), (48.0, 322.0), (48.0, 322.0), (48.0, 322.0), (50.8, 316.4), (50.8, 322.0), (53.6, 305.2), (64.8, 308.0), (64.8, 308.0), (64.8, 308.0), (76.0, 308.0), (98.4, 308.0), (109.6, 299.6), (115.2, 277.2), (115.2, 249.2), (129.2, 240.8), (126.4, 243.6), (129.2, 243.6), (129.2, 240.8), (126.4, 243.6), (129.2, 243.6), (146.0, 243.6), (168.4, 238.0), (179.6, 218.4), (179.6, 190.4), (190.8, 173.6), (193.6, 176.4), (190.8, 179.2), (193.6, 179.2), (193.6, 176.4), (190.8, 179.2), (193.6, 179.2), (193.6, 176.4), (190.8, 179.2), (193.6, 179.2), (193.6, 176.4), (190.8, 179.2), (193.6, 179.2), (193.6, 176.4), (190.8, 179.2), (193.6, 179.2), (193.6, 176.4), (190.8, 179.2), (193.6, 179.2), (193.6, 176.4), (190.8, 179.2), (190.8, 179.2), (193.6, 179.2), (199.2, 179.2), (204.8, 179.2), (204.8, 179.2), (204.8, 179.2), (204.8, 179.2), (204.8, 179.2), (204.8, 179.2), (204.8, 179.2), (204.8, 179.2), (204.8, 179.2), (204.8, 179.2), (204.8, 179.2), (204.8, 179.2), (204.8, 179.2), (204.8, 179.2), (204.8, 179.2), (204.8, 179.2), (224.4, 173.6), (244.0, 162.4), (244.0, 140.0), (249.6, 109.2), (272.0, 114.8), (300.0, 109.2), (322.4, 109.2), (350.4, 114.8)]",0,0,15.6
speedrunner,bomberman,8,Enemy,1,0,33.8,0.556,"[(48.0, 112.0), (70.4, 109.2), (101.2, 112.0), (115.2, 131.6), (115.2, 159.6), (126.4, 179.2), (151.6, 173.6), (176.8, 184.8), (176.8, 207.2), (179.6, 235.2), (199.2, 243.6), (221.6, 243.6), (221.6, 243.6), (221.6, 243.6), (218.8, 243.6), (204.8, 243.6), (185.2, 243.6), (174.0, 263.2), (174.0, 291.2), (162.8, 308.0), (157.2, 308.0)]",0,0,2.73
speedrunner,bomberman,8,Enemy,0,0,168.0,0.556,"[(48.0, 112.0), (70.4, 112.0), (92.8, 112.0), (115.2, 112.0), (137.6, 112.0), (160.0, 112.0), (182.4, 112.0), (204.8, 114.8), (232.8, 114.8), (255.2, 114.8), (280.4, 114.8), (305.6, 114.8), (328.0, 114.8), (356.0, 114.8)]",0,0,1.73
speedrunner,bomberman,8,Stuck,2,0,-0.29,0.333,"[(48.0, 112.0), (45.2, 134.4), (45.2, 156.8), (45.2, 179.2), (45.2, 201.6), (45.2, 224.0), (45.2, 246.4), (45.2, 268.8), (45.2, 291.2), (45.2, 313.6), (45.2, 336.0), (45.2, 338.8), (45.2, 338.8), (45.2, 338.8), (45.2, 338.8), (45.2, 338.8), (45.2, 338.8), (45.2, 338.8), (45.2, 338.8), (45.2, 338.8), (45.2, 338.8), (45.2, 338.8), (45.2, 338.8), (45.2, 338.8), (45.2, 338.8), (45.2, 338.8), (45.2, 338.8), (45.2, 338.8), (45.2, 338.8), (45.2, 338.8), (45.2, 338.8), (45.2, 338.8), (45.2, 338.8), (45.2, 338.8), (45.2, 338.8), (45.2, 338.8), (45.2, 338.8), (45.2, 338.8), (45.2, 338.8), (45.2, 338.8), (45.2, 338.8), (45.2, 338.8), (45.2, 338.8), (45.2, 338.8), (45.2, 338.8), (45.2, 338.8), (45.2, 338.8), (45.2, 338.8), (45.2, 338.8), (45.2, 338.8), (45.2, 338.8), (45.2, 338.8), (45.2, 338.8), (45.2, 338.8), (45.2, 338.8), (45.2, 338.8), (45.2, 338.8), (45.2, 338.8), (45.2, 338.8), (45.2, 338.8), (45.2, 338.8), (45.2, 338.8), (45.2, 338.8), (45.2, 338.8), (45.2, 338.8), (45.2, 338.8), (45.2, 338.8), (45.2, 338.8), (45.2, 338.8), (45.2, 338.8), (45.2, 338.8), (45.2, 338.8)]",0,0,9.57
speedrunner,bomberman,8,Stuck,0,0,0.0,0.0,"[(48.0, 112.0), (48.0, 112.0), (48.0, 112.0), (48.0, 112.0), (48.0, 112.0), (48.0, 112.0), (48.0, 112.0), (48.0, 112.0), (48.0, 112.0), (48.0, 112.0), (48.0, 112.0), (48.0, 112.0), (48.0, 112.0), (48.0, 112.0), (48.0, 112.0), (48.0, 112.0), (48.0, 112.0), (48.0, 112.0), (48.0, 112.0), (48.0, 112.0), (48.0, 112.0), (48.0, 112.0), (48.0, 112.0), (48.0, 112.0), (48.0, 112.0), (48.0, 112.0), (48.0, 112.0), (48.0, 112.0), (48.0, 112.0), (48.0, 112.0), (48.0, 112.0), (48.0, 112.0), (48.0, 112.0), (48.0, 112.0), (48.0, 112.0), (48.0, 112.0), (48.0, 112.0), (48.0, 112.0)]",0,0,5.0
speedrunner,bomberman,8,Bomb,1,0,3.5,0.056,"[(48.0, 112.0), (64.8, 112.0), (64.8, 112.0), (64.8, 112.0), (64.8, 112.0), (64.8, 112.0), (64.8, 112.0), (64.8, 112.0), (64.8, 112.0), (64.8, 112.0), (64.8, 112.0), (64.8, 112.0), (64.8, 112.0), (64.8, 112.0), (64.8, 112.0), (64.8, 112.0), (64.8, 112.0), (64.8, 112.0), (64.8, 112.0), (64.8, 112.0), (64.8, 112.0), (64.8, 112.0), (64.8, 112.0), (64.8, 112.0), (64.8, 112.0), (64.8, 112.0), (62.0, 114.8), (62.0, 114.8), (62.0, 114.8), (62.0, 114.8), (62.0, 114.8)]",0,0,4.0
speedrunner,bomberman,8,Bomb,1,0,0.7,0.0,"[(48.0, 112.0), (50.8, 112.0), (50.8, 112.0), (50.8, 112.0), (50.8, 112.0), (50.8, 112.0), (50.8, 112.0), (50.8, 112.0), (50.8, 112.0), (50.8, 112.0), (50.8, 112.0), (50.8, 112.0), (50.8, 112.0), (50.8, 112.0), (50.8, 112.0), (50.8, 112.0), (50.8, 112.0), (50.8, 112.0), (50.8, 112.0), (50.8, 112.0), (50.8, 112.0), (50.8, 112.0), (50.8, 112.0), (50.8, 112.0), (50.8, 112.0), (50.8, 112.0), (50.8, 112.0), (50.8, 112.0), (50.8, 112.0), (50.8, 112.0), (50.8, 112.0)]",0,0,4.0
speedrunner,bomberman,8,Stuck,2,0,29.68,0.556,"[(48.0, 112.0), (70.4, 112.0), (92.8, 112.0), (115.2, 112.0), (137.6, 112.0), (160.0, 112.0), (182.4, 112.0), (185.2, 112.0), (185.2, 112.0), (185.2, 112.0), (185.2, 112.0), (185.2, 112.0), (185.2, 112.0), (185.2, 112.0), (185.2, 112.0), (185.2, 112.0), (185.2, 112.0), (185.2, 112.0), (185.2, 112.0), (185.2, 112.0), (185.2, 112.0), (185.2, 112.0), (185.2, 112.0), (185.2, 112.0), (185.2, 112.0), (185.2, 112.0), (185.2, 112.0), (185.2, 112.0), (185.2, 112.0), (185.2, 112.0), (185.2, 112.0), (190.8, 112.0), (216.0, 114.8), (241.2, 114.8), (263.6, 114.8), (291.6, 114.8), (314.0, 114.8), (336.4, 114.8), (353.2, 114.8), (353.2, 114.8), (353.2, 114.8), (353.2, 114.8), (353.2, 114.8), (353.2, 114.8), (353.2, 114.8), (353.2, 114.8), (353.2, 114.8), (353.2, 114.8), (353.2, 114.8), (353.2, 114.8), (353.2, 114.8), (353.2, 114.8), (353.2, 114.8), (353.2, 114.8), (353.2, 114.8), (353.2, 114.8), (353.2, 114.8), (353.2, 114.8), (353.2, 114.8), (353.2, 114.8), (353.2, 114.8), (353.2, 114.8), (353.2, 114.8), (353.2, 114.8), (353.2, 114.8), (353.2, 114.8), (353.2, 114.8), (353.2, 114.8), (353.2, 114.8), (353.2, 114.8), (356.0, 114.8), (361.6, 114.8), (361.6, 114.8), (361.6, 114.8), (361.6, 114.8), (361.6, 114.8)]",0,0,10.0
speedrunner,bomberman,8,Enemy,37,0,8.62,0.667,"[(48.0, 112.0), (70.4, 109.2), (101.2, 112.0), (115.2, 131.6), (115.2, 159.6), (126.4, 179.2), (151.6, 179.2), (176.8, 184.8), (174.0, 207.2), (179.6, 235.2), (199.2, 243.6), (221.6, 243.6), (221.6, 243.6), (221.6, 243.6), (221.6, 243.6), (221.6, 243.6), (221.6, 243.6), (221.6, 243.6), (221.6, 243.6), (221.6, 243.6), (221.6, 243.6), (221.6, 243.6), (221.6, 243.6), (221.6, 243.6), (227.2, 243.6), (227.2, 243.6), (232.8, 243.6), (232.8, 243.6), (238.4, 246.4), (238.4, 268.8), (238.4, 296.8), (221.6, 308.0), (221.6, 305.2), (221.6, 305.2), (221.6, 305.2), (221.6, 305.2), (216.0, 308.0), (199.2, 308.0), (182.4, 308.0), (160.0, 308.0), (137.6, 308.0), (132.0, 308.0), (120.8, 302.4), (109.6, 282.8), (109.6, 254.8), (109.6, 254.8), (109.6, 254.8), (109.6, 254.8), (109.6, 254.8), (109.6, 254.8), (109.6, 254.8), (109.6, 254.8), (109.6, 271.6), (109.6, 299.6), (95.6, 302.4), (95.6, 302.4), (95.6, 302.4), (95.6, 302.4), (95.6, 302.4), (95.6, 302.4), (95.6, 302.4), (95.6, 302.4), (95.6, 302.4), (95.6, 302.4), (95.6, 302.4), (95.6, 302.4), (95.6, 302.4), (95.6, 302.4), (95.6, 302.4), (95.6, 302.4), (95.6, 302.4), (95.6, 302.4), (95.6, 302.4), (95.6, 302.4), (95.6, 302.4), (95.6, 302.4), (78.8, 308.0), (67.6, 308.0), (45.2, 302.4), (50.8, 280.0), (50.8, 252.0), (64.8, 238.0), (90.0, 240.8), (112.4, 232.4), (126.4, 243.6), (151.6, 243.6)]",0,0,11.37
speedrunner,bomberman,8,Enemy,1,0,33.77,0.556,"[(48.0, 112.0), (70.4, 109.2), (101.2, 112.0), (115.2, 131.6), (115.2, 159.6), (126.4, 179.2), (151.6, 173.6), (176.8, 184.8), (174.0, 207.2), (179.6, 235.2), (199.2, 243.6), (221.6, 243.6), (221.6, 243.6), (221.6, 243.6), (218.8, 243.6), (196.4, 240.8), (196.4, 240.8), (174.0, 252.0), (174.0, 274.4), (174.0, 294.0), (174.0, 285.6), (174.0, 288.4), (174.0, 291.2), (174.0, 285.6), (174.0, 288.4)]",0,0,3.23
speedrunner,bomberman,8,Enemy,37,0,8.62,0.667,"[(48.0, 112.0), (70.4, 109.2), (101.2, 112.0), (115.2, 131.6), (115.2, 159.6), (126.4, 179.2), (151.6, 179.2), (176.8, 184.8), (174.0, 207.2), (179.6, 235.2), (199.2, 243.6), (221.6, 243.6), (221.6, 243.6), (221.6, 243.6), (221.6, 243.6), (221.6, 243.6), (221.6, 243.6), (221.6, 243.6), (221.6, 243.6), (221.6, 243.6), (221.6, 243.6), (221.6, 243.6), (221.6, 243.6), (221.6, 243.6), (227.2, 243.6), (227.2, 243.6), (232.8, 243.6), (232.8, 243.6), (238.4, 246.4), (238.4, 268.8), (238.4, 296.8), (221.6, 308.0), (221.6, 305.2), (221.6, 305.2), (221.6, 305.2), (221.6, 305.2), (216.0, 308.0), (199.2, 308.0), (182.4, 308.0), (160.0, 308.0), (137.6, 308.0), (132.0, 308.0), (120.8, 302.4), (109.6, 282.8), (109.6, 254.8), (109.6, 254.8), (109.6, 254.8), (109.6, 254.8), (109.6, 254.8), (109.6, 254.8), (109.6, 254.8), (109.6, 254.8), (109.6, 271.6), (109.6, 299.6), (95.6, 302.4), (95.6, 302.4), (95.6, 302.4), (95.6, 302.4), (95.6, 302.4), (95.6, 302.4), (95.6, 302.4), (95.6, 302.4), (95.6, 302.4), (95.6, 302.4), (95.6, 302.4), (95.6, 302.4), (95.6, 302.4), (95.6, 302.4), (95.6, 302.4), (95.6, 302.4), (95.6, 302.4), (95.6, 302.4), (95.6, 302.4), (95.6, 302.4), (95.6, 302.4), (95.6, 302.4), (78.8, 308.0), (67.6, 308.0), (45.2, 302.4), (50.8, 280.0), (50.8, 252.0), (64.8, 238.0), (90.0, 240.8), (112.4, 232.4), (126.4, 243.6), (151.6, 243.6)]",0,0,11.37
speedrunner,bomberman,8,Stuck,2,0,29.68,0.556,"[(48.0, 112.0), (70.4, 112.0), (92.8, 112.0), (115.2, 112.0), (137.6, 112.0), (160.0, 112.0), (182.4, 112.0), (185.2, 112.0), (185.2, 112.0), (185.2, 112.0), (185.2, 112.0), (185.2, 112.0), (185.2, 112.0), (185.2, 112.0), (185.2, 112.0), (185.2, 112.0), (185.2, 112.0), (185.2, 112.0), (185.2, 112.0), (185.2, 112.0), (185.2, 112.0), (185.2, 112.0), (185.2, 112.0), (185.2, 112.0), (185.2, 112.0), (185.2, 112.0), (185.2, 112.0), (185.2, 112.0), (185.2, 112.0), (185.2, 112.0), (185.2, 112.0), (190.8, 112.0), (216.0, 114.8), (241.2, 114.8), (263.6, 114.8), (291.6, 114.8), (314.0, 114.8), (336.4, 114.8), (353.2, 114.8), (353.2, 114.8), (353.2, 114.8), (353.2, 114.8), (353.2, 114.8), (353.2, 114.8), (353.2, 114.8), (353.2, 114.8), (353.2, 114.8), (353.2, 114.8), (353.2, 114.8), (353.2, 114.8), (353.2, 114.8), (353.2, 114.8), (353.2, 114.8), (353.2, 114.8), (353.2, 114.8), (353.2, 114.8), (353.2, 114.8), (353.2, 114.8), (353.2, 114.8), (353.2, 114.8), (353.2, 114.8), (353.2, 114.8), (353.2, 114.8), (353.2, 114.8), (353.2, 114.8), (353.2, 114.8), (353.2, 114.8), (353.2, 114.8), (353.2, 114.8), (353.2, 114.8), (356.0, 114.8), (361.6, 114.8), (361.6, 114.8), (361.6, 114.8), (361.6, 114.8), (361.6, 114.8)]",0,0,10.0
speedrunner,bomberman,8,Enemy,9,0,18.31,0.5,"[(48.0, 112.0), (50.8, 134.4), (45.2, 156.8), (45.2, 179.2), (45.2, 201.6), (45.2, 224.0), (45.2, 246.4), (45.2, 268.8), (45.2, 291.2), (45.2, 313.6), (45.2, 336.0), (45.2, 338.8), (45.2, 338.8), (45.2, 338.8), (45.2, 338.8), (45.2, 338.8), (45.2, 338.8), (45.2, 338.8), (45.2, 338.8), (45.2, 338.8), (45.2, 338.8), (45.2, 338.8), (45.2, 338.8), (45.2, 338.8), (45.2, 338.8), (45.2, 338.8), (45.2, 338.8), (45.2, 338.8), (45.2, 338.8), (45.2, 338.8), (45.2, 336.0), (48.0, 322.0), (48.0, 322.0), (48.0, 322.0), (48.0, 322.0), (48.0, 322.0), (48.0, 322.0), (48.0, 322.0), (48.0, 322.0), (48.0, 322.0), (48.0, 322.0), (48.0, 322.0), (48.0, 322.0), (48.0, 322.0), (48.0, 322.0), (48.0, 322.0), (48.0, 322.0), (48.0, 322.0), (48.0, 322.0), (50.8, 316.4), (50.8, 322.0), (53.6, 305.2), (64.8, 308.0), (64.8, 308.0), (64.8, 308.0), (76.0, 308.0), (98.4, 308.0), (109.6, 299.6), (115.2, 277.2), (115.2, 249.2), (129.2, 240.8), (126.4, 243.6), (129.2, 243.6), (129.2, 240.8), (126.4, 243.6), (129.2, 243.6), (146.0, 243.6), (168.4, 238.0), (179.6, 218.4), (179.6, 190.4), (190.8, 173.6), (193.6, 176.4), (190.8, 179.2), (193.6, 179.2), (193.6, 176.4), (190.8, 179.2), (193.6, 179.2), (193.6, 176.4), (190.8, 179.2), (193.6, 179.2), (193.6, 176.4), (190.8, 179.2), (193.6, 179.2), (193.6, 176.4), (190.8, 179.2), (193.6, 179.2), (193.6, 176.4), (190.8, 179.2), (193.6, 179.2), (193.6, 176.4), (190.8, 179.2), (190.8, 179.2), (193.6, 179.2), (199.2, 179.2), (204.8, 179.2), (204.8, 179.2), (204.8, 179.2), (204.8, 179.2), (204.8, 179.2), (204.8, 179.2), (204.8, 179.2), (204.8, 179.2), (204.8, 179.2), (204.8, 179.2), (204.8, 179.2), (204.8, 179.2), (204.8, 179.2), (204.8, 179.2), (204.8, 179.2), (204.8, 179.2), (224.4, 173.6), (244.0, 162.4), (244.0, 140.0), (249.6, 109.2), (272.0, 114.8), (300.0, 109.2), (322.4, 109.2), (350.4, 114.8)]",0,0,15.6
speedrunner,bomberman,8,Enemy,1,0,33.77,0.556,"[(48.0, 112.0), (70.4, 109.2), (101.2, 112.0), (115.2, 131.6), (115.2, 159.6), (126.4, 179.2), (151.6, 173.6), (176.8, 184.8), (174.0, 207.2), (179.6, 235.2), (199.2, 243.6), (221.6, 243.6), (221.6, 243.6), (221.6, 243.6), (218.8, 243.6), (196.4, 240.8), (196.4, 240.8), (174.0, 252.0), (174.0, 274.4), (174.0, 294.0), (174.0, 285.6), (174.0, 288.4), (174.0, 291.2), (174.0, 285.6), (174.0, 288.4)]",0,0,3.23
speedrunner,bomberman,8,Bomb,1,0,29.61,0.222,"[(48.0, 112.0), (70.4, 112.0), (92.8, 112.0), (115.2, 112.0), (137.6, 112.0), (160.0, 112.0), (182.4, 112.0), (185.2, 112.0), (185.2, 112.0), (185.2, 112.0), (185.2, 112.0), (185.2, 112.0), (185.2, 112.0), (185.2, 112.0), (185.2, 112.0), (185.2, 112.0), (185.2, 112.0), (185.2, 112.0), (185.2, 112.0), (185.2, 112.0), (185.2, 112.0), (185.2, 112.0), (185.2, 112.0), (185.2, 112.0), (185.2, 112.0), (185.2, 112.0), (185.2, 112.0), (185.2, 112.0), (185.2, 112.0), (185.2, 112.0), (185.2, 112.0), (185.2, 112.0), (185.2, 112.0), (185.2, 112.0), (185.2, 112.0)]",0,0,4.63
speedrunner,bomberman,8,Stuck,0,0,-0.56,0.0,"[(48.0, 112.0), (45.2, 109.2), (45.2, 109.2), (45.2, 109.2), (45.2, 109.2), (45.2, 109.2), (45.2, 109.2), (45.2, 109.2), (45.2, 109.2), (45.2, 109.2), (45.2, 109.2), (45.2, 109.2), (45.2, 109.2), (45.2, 109.2), (45.2, 109.2), (45.2, 109.2), (45.2, 109.2), (45.2, 109.2), (45.2, 109.2), (45.2, 109.2), (45.2, 109.2), (45.2, 109.2), (45.2, 109.2), (45.2, 109.2), (45.2, 109.2), (45.2, 109.2), (45.2, 109.2), (45.2, 109.2), (45.2, 109.2), (45.2, 109.2), (45.2, 109.2), (45.2, 109.2), (45.2, 109.2), (45.2, 109.2), (45.2, 109.2), (45.2, 109.2), (45.2, 109.2), (45.2, 109.2)]",0,0,5.0
speedrunner,bomberman,8,Enemy,8,0,33.89,0.667,"[(48.0, 112.0), (70.4, 109.2), (101.2, 112.0), (115.2, 131.6), (115.2, 159.6), (126.4, 179.2), (148.8, 176.4), (171.2, 179.2), (179.6, 201.6), (174.0, 226.8), (190.8, 243.6), (216.0, 243.6), (224.4, 243.6), (230.0, 243.6), (230.0, 243.6), (230.0, 243.6), (235.6, 243.6), (238.4, 266.0), (238.4, 294.0), (224.4, 302.4), (224.4, 305.2), (224.4, 305.2), (224.4, 305.2), (224.4, 305.2), (224.4, 305.2), (224.4, 305.2), (224.4, 305.2), (224.4, 305.2), (202.0, 308.0)]",0,0,3.8
speedrunner,bomberman,8,Bomb,2,0,22.53,0.556,"[(48.0, 112.0), (70.4, 112.0), (92.8, 112.0), (115.2, 112.0), (137.6, 112.0), (160.0, 112.0), (182.4, 112.0), (185.2, 112.0), (185.2, 112.0), (185.2, 112.0), (185.2, 112.0), (185.2, 112.0), (185.2, 112.0), (185.2, 112.0), (185.2, 112.0), (185.2, 112.0), (185.2, 112.0), (185.2, 112.0), (185.2, 112.0), (185.2, 112.0), (185.2, 112.0), (185.2, 112.0), (185.2, 112.0), (185.2, 112.0), (185.2, 112.0), (185.2, 112.0), (185.2, 112.0), (185.2, 112.0), (185.2, 112.0), (185.2, 112.0), (185.2, 112.0), (207.6, 114.8), (235.6, 114.8), (258.0, 114.8), (286.0, 114.8), (308.4, 114.8), (330.8, 114.8), (353.2, 114.8), (353.2, 114.8), (353.2, 114.8), (353.2, 114.8), (353.2, 114.8), (353.2, 114.8), (353.2, 114.8), (353.2, 114.8), (353.2, 114.8), (353.2, 114.8), (353.2, 114.8), (353.2, 114.8), (353.2, 114.8), (353.2, 114.8), (353.2, 114.8), (353.2, 114.8), (353.2, 114.8), (353.2, 114.8), (353.2, 114.8), (353.2, 114.8), (353.2, 114.8), (353.2, 114.8), (353.2, 114.8), (353.2, 114.8), (353.2, 114.8), (353.2, 114.8), (353.2, 114.8), (353.2, 114.8), (353.2, 114.8), (353.2, 114.8), (353.2, 114.8), (353.2, 114.8), (353.2, 114.8), (353.2, 114.8), (353.2, 114.8), (353.2, 114.8), (353.2, 114.8), (353.2, 114.8), (353.2, 114.8), (353.2, 114.8), (353.2, 114.8), (353.2, 114.8), (353.2, 114.8), (353.2, 114.8), (353.2, 114.8), (353.2, 114.8), (353.2, 114.8), (353.2, 114.8), (353.2, 114.8), (353.2, 114.8), (353.2, 114.8), (353.2, 114.8), (353.2, 114.8), (353.2, 114.8), (353.2, 114.8), (353.2, 114.8), (353.2, 114.8), (353.2, 114.8), (353.2, 114.8), (353.2, 114.8)]",0,0,12.8
speedrunner,bomberman,8,Stuck,0,0,4.13,0.056,"[(48.0, 112.0), (48.0, 112.0), (48.0, 112.0), (48.0, 112.0), (48.0, 112.0), (48.0, 112.0), (48.0, 112.0), (48.0, 112.0), (48.0, 112.0), (50.8, 112.0), (53.6, 112.0), (56.4, 112.0), (59.2, 112.0), (62.0, 112.0), (64.8, 112.0), (64.8, 112.0), (64.8, 112.0), (64.8, 112.0), (64.8, 112.0), (64.8, 112.0), (64.8, 112.0), (64.8, 112.0), (64.8, 112.0), (64.8, 112.0), (64.8, 112.0), (64.8, 112.0), (64.8, 112.0), (64.8, 112.0), (64.8, 112.0), (64.8, 112.0), (64.8, 112.0), (64.8, 112.0), (64.8, 112.0), (64.8, 112.0), (64.8, 112.0), (64.8, 112.0), (64.8, 112.0), (64.8, 112.0), (64.8, 112.0), (64.8, 112.0), (67.6, 112.0), (73.2, 112.0), (76.0, 112.0), (76.0, 112.0), (76.0, 112.0), (76.0, 112.0), (76.0, 112.0), (76.0, 112.0), (76.0, 112.0), (76.0, 112.0), (76.0, 112.0)]",0,0,6.78
speedrunner,bomberman,8,Bomb,1,0,9.8,0.278,"[(48.0, 112.0), (64.8, 109.2), (64.8, 109.2), (64.8, 109.2), (76.0, 109.2), (106.8, 109.2), (115.2, 86.8), (115.2, 78.4), (115.2, 78.4), (115.2, 78.4), (115.2, 78.4), (115.2, 78.4), (115.2, 78.4), (115.2, 78.4), (115.2, 78.4), (115.2, 78.4), (115.2, 78.4), (115.2, 78.4), (115.2, 78.4), (115.2, 78.4), (115.2, 78.4), (115.2, 78.4), (115.2, 78.4), (115.2, 78.4), (115.2, 78.4), (115.2, 78.4), (115.2, 78.4), (115.2, 78.4), (115.2, 78.4), (115.2, 78.4), (115.2, 78.4), (115.2, 78.4), (115.2, 78.4), (115.2, 78.4), (115.2, 78.4), (115.2, 78.4), (115.2, 78.4), (115.2, 78.4), (115.2, 78.4), (115.2, 78.4), (115.2, 78.4), (115.2, 84.0), (115.2, 89.6), (115.2, 92.4), (115.2, 95.2), (115.2, 98.0), (115.2, 100.8), (115.2, 100.8), (115.2, 100.8), (115.2, 106.4), (129.2, 114.8), (157.2, 114.8), (179.6, 123.2), (179.6, 128.8), (179.6, 126.0), (179.6, 123.2), (179.6, 128.8), (179.6, 126.0), (179.6, 123.2), (179.6, 128.8), (179.6, 126.0), (179.6, 123.2), (179.6, 128.8), (179.6, 126.0), (179.6, 123.2), (179.6, 128.8), (179.6, 126.0), (179.6, 123.2), (179.6, 128.8), (179.6, 126.0), (179.6, 123.2), (179.6, 128.8), (179.6, 126.0), (179.6, 123.2), (179.6, 128.8), (179.6, 126.0), (179.6, 123.2), (179.6, 128.8), (179.6, 126.0), (179.6, 123.2), (179.6, 128.8), (179.6, 126.0), (179.6, 123.2), (179.6, 128.8), (179.6, 126.0), (179.6, 123.2), (179.6, 128.8), (179.6, 126.0), (179.6, 123.2), (179.6, 128.8), (179.6, 126.0)]",0,0,12.0
speedrunner,bomberman,8,Enemy,37,0,8.62,0.667,"[(48.0, 112.0), (70.4, 109.2), (101.2, 112.0), (115.2, 131.6), (115.2, 159.6), (126.4, 179.2), (151.6, 179.2), (176.8, 184.8), (174.0, 207.2), (179.6, 235.2), (199.2, 243.6), (221.6, 243.6), (221.6, 243.6), (221.6, 243.6), (221.6, 243.6), (221.6, 243.6), (221.6, 243.6), (221.6, 243.6), (221.6, 243.6), (221.6, 243.6), (221.6, 243.6), (221.6, 243.6), (221.6, 243.6), (221.6, 243.6), (227.2, 243.6), (227.2, 243.6), (232.8, 243.6), (232.8, 243.6), (238.4, 246.4), (238.4, 268.8), (238.4, 296.8), (221.6, 308.0), (221.6, 305.2), (221.6, 305.2), (221.6, 305.2), (221.6, 305.2), (216.0, 308.0), (199.2, 308.0), (182.4, 308.0), (160.0, 308.0), (137.6, 308.0), (132.0, 308.0), (120.8, 302.4), (109.6, 282.8), (109.6, 254.8), (109.6, 254.8), (109.6, 254.8), (109.6, 254.8), (109.6, 254.8), (109.6, 254.8), (109.6, 254.8), (109.6, 254.8), (109.6, 271.6), (109.6, 299.6), (95.6, 302.4), (95.6, 302.4), (95.6, 302.4), (95.6, 302.4), (95.6, 302.4), (95.6, 302.4), (95.6, 302.4), (95.6, 302.4), (95.6, 302.4), (95.6, 302.4), (95.6, 302.4), (95.6, 302.4), (95.6, 302.4), (95.6, 302.4), (95.6, 302.4), (95.6, 302.4), (95.6, 302.4), (95.6, 302.4), (95.6, 302.4), (95.6, 302.4), (95.6, 302.4), (95.6, 302.4), (78.8, 308.0), (67.6, 308.0), (45.2, 302.4), (50.8, 280.0), (50.8, 252.0), (64.8, 238.0), (90.0, 240.8), (112.4, 232.4), (126.4, 243.6), (151.6, 243.6)]",0,0,11.37
speedrunner,bomberman,8,Bomb,2,0,22.53,0.556,"[(48.0, 112.0), (70.4, 112.0), (92.8, 112.0), (115.2, 112.0), (137.6, 112.0), (160.0, 112.0), (182.4, 112.0), (185.2, 112.0), (185.2, 112.0), (185.2, 112.0), (185.2, 112.0), (185.2, 112.0), (185.2, 112.0), (185.2, 112.0), (185.2, 112.0), (185.2, 112.0), (185.2, 112.0), (185.2, 112.0), (185.2, 112.0), (185.2, 112.0), (185.2, 112.0), (185.2, 112.0), (185.2, 112.0), (185.2, 112.0), (185.2, 112.0), (185.2, 112.0), (185.2, 112.0), (185.2, 112.0), (185.2, 112.0), (185.2, 112.0), (185.2, 112.0), (207.6, 114.8), (235.6, 114.8), (258.0, 114.8), (286.0, 114.8), (308.4, 114.8), (330.8, 114.8), (353.2, 114.8), (353.2, 114.8), (353.2, 114.8), (353.2, 114.8), (353.2, 114.8), (353.2, 114.8), (353.2, 114.8), (353.2, 114.8), (353.2, 114.8), (353.2, 114.8), (353.2, 114.8), (353.2, 114.8), (353.2, 114.8), (353.2, 114.8), (353.2, 114.8), (353.2, 114.8), (353.2, 114.8), (353.2, 114.8), (353.2, 114.8), (353.2, 114.8), (353.2, 114.8), (353.2, 114.8), (353.2, 114.8), (353.2, 114.8), (353.2, 114.8), (353.2, 114.8), (353.2, 114.8), (353.2, 114.8), (353.2, 114.8), (353.2, 114.8), (353.2, 114.8), (353.2, 114.8), (353.2, 114.8), (353.2, 114.8), (353.2, 114.8), (353.2, 114.8), (353.2, 114.8), (353.2, 114.8), (353.2, 114.8), (353.2, 114.8), (353.2, 114.8), (353.2, 114.8), (353.2, 114.8), (353.2, 114.8), (353.2, 114.8), (353.2, 114.8), (353.2, 114.8), (353.2, 114.8), (353.2, 114.8), (353.2, 114.8), (353.2, 114.8), (353.2, 114.8), (353.2, 114.8), (353.2, 114.8), (353.2, 114.8), (353.2, 114.8), (353.2, 114.8), (353.2, 114.8), (353.2, 114.8), (353.2, 114.8)]",0,0,12.8
speedrunner,bomberman,8,Stuck,2,0,29.68,0.556,"[(48.0, 112.0), (70.4, 112.0), (92.8, 112.0), (115.2, 112.0), (137.6, 112.0), (160.0, 112.0), (182.4, 112.0), (185.2, 112.0), (185.2, 112.0), (185.2, 112.0), (185.2, 112.0), (185.2, 112.0), (185.2, 112.0), (185.2, 112.0), (185.2, 112.0), (185.2, 112.0), (185.2, 112.0), (185.2, 112.0), (185.2, 112.0), (185.2, 112.0), (185.2, 112.0), (185.2, 112.0), (185.2, 112.0), (185.2, 112.0), (185.2, 112.0), (185.2, 112.0), (185.2, 112.0), (185.2, 112.0), (185.2, 112.0), (185.2, 112.0), (185.2, 112.0), (190.8, 112.0), (216.0, 114.8), (241.2, 114.8), (263.6, 114.8), (291.6, 114.8), (314.0, 114.8), (336.4, 114.8), (353.2, 114.8), (353.2, 114.8), (353.2, 114.8), (353.2, 114.8), (353.2, 114.8), (353.2, 114.8), (353.2, 114.8), (353.2, 114.8), (353.2, 114.8), (353.2, 114.8), (353.2, 114.8), (353.2, 114.8), (353.2, 114.8), (353.2, 114.8), (353.2, 114.8), (353.2, 114.8), (353.2, 114.8), (353.2, 114.8), (353.2, 114.8), (353.2, 114.8), (353.2, 114.8), (353.2, 114.8), (353.2, 114.8), (353.2, 114.8), (353.2, 114.8), (353.2, 114.8), (353.2, 114.8), (353.2, 114.8), (353.2, 114.8), (353.2, 114.8), (353.2, 114.8), (353.2, 114.8), (356.0, 114.8), (361.6, 114.8), (361.6, 114.8), (361.6, 114.8), (361.6, 114.8), (361.6, 114.8)]",0,0,10.0
speedrunner,bomberman,8,Enemy,8,0,33.89,0.667,"[(48.0, 112.0), (70.4, 109.2), (101.2, 112.0), (115.2, 131.6), (115.2, 159.6), (126.4, 179.2), (148.8, 176.4), (171.2, 179.2), (179.6, 201.6), (174.0, 226.8), (190.8, 243.6), (216.0, 243.6), (224.4, 243.6), (230.0, 243.6), (230.0, 243.6), (230.0, 243.6), (235.6, 243.6), (238.4, 266.0), (238.4, 294.0), (224.4, 302.4), (224.4, 305.2), (224.4, 305.2), (224.4, 305.2), (224.4, 305.2), (224.4, 305.2), (224.4, 305.2), (224.4, 305.2), (224.4, 305.2), (202.0, 308.0)]",0,0,3.8
speedrunner,bomberman,8,Enemy,2,0,32.99,0.667,"[(48.0, 112.0), (70.4, 109.2), (101.2, 112.0), (115.2, 131.6), (115.2, 159.6), (126.4, 179.2), (151.6, 179.2), (176.8, 184.8), (179.6, 207.2), (179.6, 232.4), (196.4, 243.6), (224.4, 243.6), (224.4, 243.6), (224.4, 243.6), (224.4, 243.6), (230.0, 243.6), (230.0, 243.6), (230.0, 243.6), (235.6, 243.6), (238.4, 260.4), (238.4, 288.4), (230.0, 308.0), (224.4, 308.0), (224.4, 308.0), (224.4, 308.0), (224.4, 308.0), (213.2, 308.0), (196.4, 308.0)]",0,0,3.65
speedrunner,bomberman,8,Bomb,1,0,16.45,0.222,"[(48.0, 112.0), (70.4, 109.2), (101.2, 109.2), (123.6, 109.2), (146.0, 109.2), (168.4, 109.2), (185.2, 109.2), (185.2, 109.2), (185.2, 109.2), (185.2, 109.2), (185.2, 109.2), (185.2, 109.2), (185.2, 109.2), (185.2, 109.2), (185.2, 109.2), (185.2, 109.2), (185.2, 109.2), (185.2, 109.2), (185.2, 109.2), (185.2, 109.2), (185.2, 109.2), (185.2, 109.2), (185.2, 109.2), (185.2, 109.2), (185.2, 109.2), (185.2, 109.2), (185.2, 109.2), (185.2, 109.2), (185.2, 109.2), (185.2, 109.2), (185.2, 109.2), (188.0, 109.2), (188.0, 109.2), (188.0, 109.2), (188.0, 109.2), (188.0, 109.2), (188.0, 109.2), (188.0, 109.2), (188.0, 109.2), (188.0, 109.2), (188.0, 109.2), (188.0, 109.2), (188.0, 109.2), (188.0, 109.2), (188.0, 109.2), (188.0, 109.2), (188.0, 109.2), (188.0, 109.2), (188.0, 109.2), (188.0, 109.2), (188.0, 109.2), (188.0, 109.2), (188.0, 109.2), (188.0, 109.2), (188.0, 109.2), (188.0, 109.2), (188.0, 109.2), (188.0, 109.2), (188.0, 109.2), (188.0, 109.2), (188.0, 109.2)]",0,0,8.0
speedrunner,bomberman,8,Bomb,1,0,-0.7,0.056,"[(48.0, 112.0), (45.2, 109.2), (45.2, 109.2), (45.2, 109.2), (45.2, 109.2), (45.2, 109.2), (45.2, 109.2), (45.2, 109.2), (45.2, 109.2), (45.2, 109.2), (45.2, 109.2), (45.2, 109.2), (45.2, 109.2), (45.2, 109.2), (45.2, 109.2), (45.2, 109.2), (45.2, 109.2), (45.2, 109.2), (45.2, 126.0), (45.2, 126.0), (45.2, 126.0), (45.2, 126.0), (45.2, 126.0), (45.2, 126.0), (45.2, 126.0), (45.2, 126.0), (45.2, 126.0), (45.2, 126.0), (45.2, 126.0), (45.2, 126.0), (45.2, 137.2)]",0,0,4.0
speedrunner,bomberman,8,Bomb,1,0,30.57,1.0,"[(48.0, 112.0), (70.4, 114.8), (101.2, 114.8), (115.2, 131.6), (115.2, 156.8), (123.6, 179.2), (146.0, 179.2), (174.0, 182.0), (179.6, 204.4), (179.6, 226.8), (190.8, 243.6), (216.0, 243.6), (241.2, 249.2), (238.4, 271.6), (244.0, 294.0), (246.8, 308.0), (252.4, 308.0), (258.0, 308.0), (263.6, 308.0), (269.2, 308.0), (269.2, 308.0), (274.8, 308.0), (280.4, 308.0), (280.4, 308.0), (286.0, 308.0), (286.0, 308.0), (286.0, 308.0), (286.0, 308.0), (286.0, 308.0), (291.6, 308.0), (291.6, 308.0), (302.8, 308.0), (308.4, 308.0), (319.6, 308.0), (342.0, 308.0), (353.2, 308.0), (353.2, 308.0), (358.8, 308.0), (364.4, 308.0), (375.6, 308.0), (398.0, 308.0), (420.4, 308.0), (434.4, 308.0), (434.4, 308.0), (434.4, 308.0), (434.4, 308.0), (434.4, 308.0), (434.4, 308.0), (434.4, 308.0), (434.4, 308.0), (434.4, 308.0), (434.4, 308.0), (434.4, 308.0), (434.4, 308.0), (434.4, 308.0), (434.4, 308.0), (434.4, 308.0), (434.4, 308.0), (434.4, 308.0), (434.4, 308.0), (434.4, 308.0), (434.4, 308.0), (434.4, 308.0), (434.4, 308.0), (434.4, 308.0), (434.4, 308.0), (434.4, 308.0), (434.4, 308.0), (434.4, 308.0), (434.4, 308.0), (434.4, 308.0), (434.4, 308.0), (434.4, 308.0), (434.4, 308.0), (434.4, 308.0), (434.4, 308.0), (434.4, 308.0), (434.4, 308.0), (434.4, 308.0), (434.4, 308.0), (434.4, 308.0), (434.4, 308.0), (434.4, 308.0), (434.4, 308.0), (434.4, 308.0), (434.4, 308.0), (434.4, 308.0), (434.4, 308.0), (434.4, 308.0), (434.4, 308.0), (434.4, 308.0)]",0,0,12.0
speedrunner,bomberman,8,Bomb,53,0,21.68,0.556,"[(48.0, 112.0), (70.4, 109.2), (101.2, 112.0), (115.2, 131.6), (115.2, 159.6), (126.4, 179.2), (148.8, 173.6), (171.2, 179.2), (179.6, 201.6), (176.8, 226.8), (190.8, 243.6), (216.0, 238.0), (224.4, 240.8), (224.4, 240.8), (224.4, 240.8), (224.4, 240.8), (224.4, 240.8), (224.4, 240.8), (224.4, 240.8), (224.4, 240.8), (224.4, 240.8), (213.2, 243.6), (185.2, 243.6), (174.0, 254.8), (174.0, 252.0), (174.0, 257.6), (174.0, 254.8), (174.0, 252.0), (174.0, 257.6), (174.0, 254.8), (174.0, 252.0), (174.0, 257.6), (174.0, 254.8), (174.0, 252.0), (174.0, 257.6), (174.0, 254.8), (174.0, 252.0), (174.0, 257.6), (174.0, 254.8), (174.0, 252.0), (176.8, 254.8), (179.6, 277.2), (174.0, 271.6)]",0,0,5.68
speedrunner,bomberman,8,Enemy,3,0,32.84,0.778,"[(48.0, 112.0), (70.4, 109.2), (101.2, 112.0), (115.2, 131.6), (115.2, 159.6), (126.4, 179.2), (151.6, 179.2), (176.8, 184.8), (179.6, 207.2), (179.6, 235.2), (199.2, 243.6), (227.2, 243.6), (244.0, 257.6), (238.4, 282.8), (249.6, 308.0), (249.6, 308.0), (255.2, 308.0), (260.8, 308.0), (283.2, 308.0), (288.8, 308.0), (288.8, 308.0), (277.6, 308.0), (272.0, 308.0), (260.8, 308.0), (244.0, 308.0), (221.6, 302.4), (221.6, 302.4), (199.2, 308.0)]",0,0,3.67
speedrunner,bomberman,8,Bomb,1,0,30.57,1.0,"[(48.0, 112.0), (70.4, 114.8), (101.2, 114.8), (115.2, 131.6), (115.2, 156.8), (123.6, 179.2), (146.0, 179.2), (174.0, 182.0), (179.6, 204.4), (179.6, 226.8), (190.8, 243.6), (216.0, 243.6), (241.2, 249.2), (238.4, 271.6), (244.0, 294.0), (246.8, 308.0), (252.4, 308.0), (258.0, 308.0), (263.6, 308.0), (269.2, 308.0), (269.2, 308.0), (274.8, 308.0), (280.4, 308.0), (280.4, 308.0), (286.0, 308.0), (286.0, 308.0), (286.0, 308.0), (286.0, 308.0), (286.0, 308.0), (291.6, 308.0), (291.6, 308.0), (302.8, 308.0), (308.4, 308.0), (319.6, 308.0), (342.0, 308.0), (353.2, 308.0), (353.2, 308.0), (358.8, 308.0), (364.4, 308.0), (375.6, 308.0), (398.0, 308.0), (420.4, 308.0), (434.4, 308.0), (434.4, 308.0), (434.4, 308.0), (434.4, 308.0), (434.4, 308.0), (434.4, 308.0), (434.4, 308.0), (434.4, 308.0), (434.4, 308.0), (434.4, 308.0), (434.4, 308.0), (434.4, 308.0), (434.4, 308.0), (434.4, 308.0), (434.4, 308.0), (434.4, 308.0), (434.4, 308.0), (434.4, 308.0), (434.4, 308.0), (434.4, 308.0), (434.4, 308.0), (434.4, 308.0), (434.4, 308.0), (434.4, 308.0), (434.4, 308.0), (434.4, 308.0), (434.4, 308.0), (434.4, 308.0), (434.4, 308.0), (434.4, 308.0), (434.4, 308.0), (434.4, 308.0), (434.4, 308.0), (434.4, 308.0), (434.4, 308.0), (434.4, 308.0), (434.4, 308.0), (434.4, 308.0), (434.4, 308.0), (434.4, 308.0), (434.4, 308.0), (434.4, 308.0), (434.4, 308.0), (434.4, 308.0), (434.4, 308.0), (434.4, 308.0), (434.4, 308.0), (434.4, 308.0), (434.4, 308.0)]",0,0,12.0
speedrunner,bomberman,8,Enemy,37,0,8.62,0.667,"[(48.0, 112.0), (70.4, 109.2), (101.2, 112.0), (115.2, 131.6), (115.2, 159.6), (126.4, 179.2), (151.6, 179.2), (176.8, 184.8), (174.0, 207.2), (179.6, 235.2), (199.2, 243.6), (221.6, 243.6), (221.6, 243.6), (221.6, 243.6), (221.6, 243.6), (221.6, 243.6), (221.6, 243.6), (221.6, 243.6), (221.6, 243.6), (221.6, 243.6), (221.6, 243.6), (221.6, 243.6), (221.6, 243.6), (221.6, 243.6), (227.2, 243.6), (227.2, 243.6), (232.8, 243.6), (232.8, 243.6), (238.4, 246.4), (238.4, 268.8), (238.4, 296.8), (221.6, 308.0), (221.6, 305.2), (221.6, 305.2), (221.6, 305.2), (221.6, 305.2), (216.0, 308.0), (199.2, 308.0), (182.4, 308.0), (160.0, 308.0), (137.6, 308.0), (132.0, 308.0), (120.8, 302.4), (109.6, 282.8), (109.6, 254.8), (109.6, 254.8), (109.6, 254.8), (109.6, 254.8), (109.6, 254.8), (109.6, 254.8), (109.6, 254.8), (109.6, 254.8), (109.6, 271.6), (109.6, 299.6), (95.6, 302.4), (95.6, 302.4), (95.6, 302.4), (95.6, 302.4), (95.6, 302.4), (95.6, 302.4), (95.6, 302.4), (95.6, 302.4), (95.6, 302.4), (95.6, 302.4), (95.6, 302.4), (95.6, 302.4), (95.6, 302.4), (95.6, 302.4), (95.6, 302.4), (95.6, 302.4), (95.6, 302.4), (95.6, 302.4), (95.6, 302.4), (95.6, 302.4), (95.6, 302.4), (95.6, 302.4), (78.8, 308.0), (67.6, 308.0), (45.2, 302.4), (50.8, 280.0), (50.8, 252.0), (64.8, 238.0), (90.0, 240.8), (112.4, 232.4), (126.4, 243.6), (151.6, 243.6)]",0,0,11.37
speedrunner,bomberman,8,Bomb,53,0,21.68,0.556,"[(48.0, 112.0), (70.4, 109.2), (101.2, 112.0), (115.2, 131.6), (115.2, 159.6), (126.4, 179.2), (148.8, 173.6), (171.2, 179.2), (179.6, 201.6), (176.8, 226.8), (190.8, 243.6), (216.0, 238.0), (224.4, 240.8), (224.4, 240.8), (224.4, 240.8), (224.4, 240.8), (224.4, 240.8), (224.4, 240.8), (224.4, 240.8), (224.4, 240.8), (224.4, 240.8), (213.2, 243.6), (185.2, 243.6), (174.0, 254.8), (174.0, 252.0), (174.0, 257.6), (174.0, 254.8), (174.0, 252.0), (174.0, 257.6), (174.0, 254.8), (174.0, 252.0), (174.0, 257.6), (174.0, 254.8), (174.0, 252.0), (174.0, 257.6), (174.0, 254.8), (174.0, 252.0), (174.0, 257.6), (174.0, 254.8), (174.0, 252.0), (176.8, 254.8), (179.6, 277.2), (174.0, 271.6)]",0,0,5.68
speedrunner,bomberman,8,Bomb,2,0,22.53,0.556,"[(48.0, 112.0), (70.4, 112.0), (92.8, 112.0), (115.2, 112.0), (137.6, 112.0), (160.0, 112.0), (182.4, 112.0), (185.2, 112.0), (185.2, 112.0), (185.2, 112.0), (185.2, 112.0), (185.2, 112.0), (185.2, 112.0), (185.2, 112.0), (185.2, 112.0), (185.2, 112.0), (185.2, 112.0), (185.2, 112.0), (185.2, 112.0), (185.2, 112.0), (185.2, 112.0), (185.2, 112.0), (185.2, 112.0), (185.2, 112.0), (185.2, 112.0), (185.2, 112.0), (185.2, 112.0), (185.2, 112.0), (185.2, 112.0), (185.2, 112.0), (185.2, 112.0), (207.6, 114.8), (235.6, 114.8), (258.0, 114.8), (286.0, 114.8), (308.4, 114.8), (330.8, 114.8), (353.2, 114.8), (353.2, 114.8), (353.2, 114.8), (353.2, 114.8), (353.2, 114.8), (353.2, 114.8), (353.2, 114.8), (353.2, 114.8), (353.2, 114.8), (353.2, 114.8), (353.2, 114.8), (353.2, 114.8), (353.2, 114.8), (353.2, 114.8), (353.2, 114.8), (353.2, 114.8), (353.2, 114.8), (353.2, 114.8), (353.2, 114.8), (353.2, 114.8), (353.2, 114.8), (353.2, 114.8), (353.2, 114.8), (353.2, 114.8), (353.2, 114.8), (353.2, 114.8), (353.2, 114.8), (353.2, 114.8), (353.2, 114.8), (353.2, 114.8), (353.2, 114.8), (353.2, 114.8), (353.2, 114.8), (353.2, 114.8), (353.2, 114.8), (353.2, 114.8), (353.2, 114.8), (353.2, 114.8), (353.2, 114.8), (353.2, 114.8), (353.2, 114.8), (353.2, 114.8), (353.2, 114.8), (353.2, 114.8), (353.2, 114.8), (353.2, 114.8), (353.2, 114.8), (353.2, 114.8), (353.2, 114.8), (353.2, 114.8), (353.2, 114.8), (353.2, 114.8), (353.2, 114.8), (353.2, 114.8), (353.2, 114.8), (353.2, 114.8), (353.2, 114.8), (353.2, 114.8), (353.2, 114.8), (353.2, 114.8)]",0,0,12.8
speedrunner,bomberman,8,Bomb,1,0,30.57,1.0,"[(48.0, 112.0), (70.4, 114.8), (101.2, 114.8), (115.2, 131.6), (115.2, 159.6), (126.4, 179.2), (151.6, 179.2), (176.8, 184.8), (179.6, 207.2), (179.6, 235.2), (199.2, 243.6), (227.2, 243.6), (244.0, 257.6), (244.0, 282.8), (249.6, 308.0), (272.0, 308.0), (294.4, 308.0), (311.2, 308.0), (316.8, 308.0), (322.4, 308.0), (328.0, 308.0), (328.0, 308.0), (333.6, 308.0), (333.6, 308.0), (339.2, 308.0), (344.8, 308.0), (344.8, 308.0), (350.4, 308.0), (350.4, 308.0), (350.4, 308.0), (350.4, 308.0), (356.0, 308.0), (361.6, 308.0), (384.0, 308.0), (406.4, 308.0), (428.8, 308.0), (434.4, 308.0), (434.4, 308.0), (434.4, 308.0), (434.4, 308.0), (434.4, 308.0), (434.4, 308.0), (434.4, 308.0), (434.4, 308.0), (434.4, 308.0), (434.4, 308.0), (434.4, 308.0), (434.4, 308.0), (434.4, 308.0), (434.4, 308.0), (434.4, 308.0), (434.4, 308.0), (434.4, 308.0), (434.4, 308.0), (434.4, 308.0), (434.4, 308.0), (434.4, 308.0), (434.4, 308.0), (434.4, 308.0), (434.4, 308.0), (434.4, 308.0), (434.4, 308.0), (434.4, 308.0), (434.4, 308.0), (434.4, 308.0), (434.4, 308.0), (434.4, 308.0), (434.4, 308.0), (434.4, 308.0), (434.4, 308.0), (434.4, 308.0), (434.4, 308.0), (434.4, 308.0), (434.4, 308.0), (434.4, 308.0), (434.4, 308.0), (434.4, 308.0), (434.4, 308.0), (434.4, 308.0), (434.4, 308.0), (434.4, 308.0), (434.4, 308.0), (434.4, 308.0), (434.4, 308.0), (434.4, 308.0), (434.4, 308.0), (434.4, 308.0), (434.4, 308.0), (434.4, 308.0), (434.4, 308.0), (434.4, 308.0)]",1,0,12.0
speedrunner,bomberman,8,Stuck,0,0,14.92,0.333,"[(48.0, 112.0), (48.0, 109.2), (48.0, 109.2), (48.0, 109.2), (48.0, 109.2), (48.0, 109.2), (48.0, 109.2), (48.0, 109.2), (48.0, 109.2), (48.0, 109.2), (48.0, 109.2), (48.0, 109.2), (48.0, 109.2), (48.0, 109.2), (48.0, 109.2), (48.0, 109.2), (48.0, 109.2), (48.0, 109.2), (48.0, 109.2), (48.0, 109.2), (48.0, 109.2), (48.0, 109.2), (48.0, 109.2), (48.0, 109.2), (48.0, 109.2), (48.0, 109.2), (48.0, 109.2), (48.0, 109.2), (48.0, 109.2), (56.4, 109.2), (56.4, 109.2), (73.2, 109.2), (104.0, 109.2), (115.2, 89.6), (115.2, 78.4), (115.2, 78.4), (115.2, 78.4), (115.2, 78.4), (115.2, 78.4), (115.2, 78.4), (115.2, 78.4), (115.2, 84.0), (115.2, 84.0), (115.2, 89.6), (115.2, 89.6), (115.2, 95.2), (115.2, 95.2), (115.2, 100.8), (115.2, 100.8), (115.2, 106.4), (129.2, 109.2), (151.6, 109.2), (174.0, 109.2), (196.4, 109.2), (224.4, 109.2), (244.0, 98.0), (244.0, 78.4), (244.0, 78.4), (244.0, 78.4), (244.0, 78.4), (244.0, 78.4), (244.0, 78.4), (244.0, 78.4), (244.0, 78.4), (244.0, 78.4), (244.0, 78.4), (244.0, 78.4), (244.0, 78.4), (244.0, 78.4), (244.0, 78.4), (244.0, 81.2), (244.0, 86.8), (244.0, 86.8), (244.0, 81.2), (244.0, 78.4), (244.0, 78.4), (244.0, 78.4), (244.0, 78.4), (244.0, 78.4), (244.0, 78.4), (244.0, 78.4), (244.0, 78.4), (244.0, 78.4), (244.0, 78.4), (244.0, 78.4), (244.0, 78.4), (244.0, 78.4), (244.0, 78.4), (244.0, 78.4), (244.0, 78.4), (244.0, 78.4), (244.0, 78.4)]",0,0,12.2
speedrunner,bomberman,8,Bomb,1,0,0.0,0.111,"[(48.0, 112.0), (48.0, 109.2), (48.0, 109.2), (48.0, 109.2), (48.0, 109.2), (48.0, 109.2), (48.0, 109.2), (48.0, 109.2), (48.0, 112.0), (48.0, 120.4), (48.0, 142.8), (48.0, 159.6), (48.0, 159.6), (48.0, 159.6), (48.0, 159.6), (48.0, 159.6), (48.0, 159.6), (48.0, 159.6), (48.0, 159.6), (48.0, 159.6), (48.0, 159.6), (48.0, 159.6), (48.0, 159.6), (48.0, 159.6), (48.0, 159.6), (48.0, 159.6), (48.0, 159.6), (48.0, 159.6), (48.0, 159.6), (48.0, 159.6), (48.0, 159.6)]",0,0,4.0
speedrunner,bomberman,8,Enemy,3,0,32.67,0.667,"[(48.0, 112.0), (70.4, 109.2), (101.2, 112.0), (115.2, 131.6), (115.2, 159.6), (126.4, 179.2), (151.6, 179.2), (176.8, 184.8), (174.0, 207.2), (179.6, 235.2), (199.2, 243.6), (227.2, 243.6), (244.0, 257.6), (238.4, 282.8), (232.8, 308.0), (221.6, 308.0), (221.6, 308.0), (221.6, 305.2), (221.6, 305.2), (221.6, 305.2), (216.0, 308.0), (199.2, 308.0), (176.8, 308.0)]",0,0,3.0
speedrunner,bomberman,8,Bomb,2,0,30.1,1.0,"[(48.0, 112.0), (50.8, 109.2), (50.8, 109.2), (50.8, 109.2), (50.8, 109.2), (53.6, 109.2), (73.2, 109.2), (98.4, 109.2), (98.4, 109.2), (101.2, 109.2), (109.6, 95.2), (115.2, 78.4), (115.2, 78.4), (115.2, 78.4), (115.2, 78.4), (115.2, 78.4), (115.2, 78.4), (115.2, 78.4), (115.2, 78.4), (115.2, 78.4), (115.2, 78.4), (115.2, 78.4), (115.2, 78.4), (115.2, 78.4), (115.2, 78.4), (115.2, 78.4), (115.2, 78.4), (115.2, 78.4), (115.2, 78.4), (115.2, 78.4), (115.2, 78.4), (115.2, 78.4), (115.2, 84.0), (115.2, 95.2), (115.2, 98.0), (115.2, 100.8), (120.8, 114.8), (143.2, 109.2), (165.6, 109.2), (188.0, 114.8), (210.4, 114.8), (238.4, 117.6), (244.0, 140.0), (244.0, 170.8), (263.6, 179.2), (291.6, 179.2), (308.4, 196.0), (308.4, 224.0), (316.8, 243.6), (339.2, 243.6), (367.2, 249.2), (372.8, 271.6), (372.8, 299.6), (392.4, 308.0), (414.8, 308.0), (434.4, 308.0), (434.4, 308.0), (434.4, 308.0), (434.4, 308.0), (434.4, 308.0), (434.4, 308.0), (434.4, 308.0), (434.4, 308.0), (434.4, 308.0), (434.4, 308.0), (434.4, 308.0), (434.4, 308.0), (434.4, 308.0), (434.4, 308.0), (434.4, 308.0), (434.4, 308.0), (434.4, 308.0), (434.4, 308.0), (434.4, 308.0), (434.4, 308.0), (434.4, 308.0), (434.4, 308.0), (434.4, 308.0), (434.4, 308.0), (434.4, 308.0), (434.4, 308.0), (434.4, 308.0), (434.4, 308.0), (434.4, 308.0), (434.4, 308.0), (434.4, 308.0), (434.4, 308.0), (434.4, 308.0), (434.4, 308.0), (434.4, 308.0), (434.4, 308.0)]",0,0,12.0
speedrunner,bomberman,8,Bomb,1,0,30.57,1.0,"[(48.0, 112.0), (70.4, 114.8), (101.2, 114.8), (115.2, 131.6), (115.2, 154.0), (118.0, 176.4), (140.4, 179.2), (168.4, 179.2), (179.6, 198.8), (179.6, 221.2), (185.2, 243.6), (207.6, 243.6), (235.6, 243.6), (244.0, 266.0), (244.0, 288.4), (252.4, 308.0), (258.0, 308.0), (263.6, 308.0), (263.6, 308.0), (269.2, 308.0), (269.2, 308.0), (269.2, 308.0), (274.8, 308.0), (280.4, 308.0), (280.4, 308.0), (286.0, 308.0), (286.0, 308.0), (286.0, 308.0), (291.6, 308.0), (291.6, 308.0), (297.2, 308.0), (302.8, 308.0), (314.0, 308.0), (325.2, 308.0), (336.4, 308.0), (353.2, 308.0), (353.2, 308.0), (356.0, 308.0), (364.4, 308.0), (370.0, 308.0), (386.8, 308.0), (409.2, 308.0), (431.6, 308.0), (434.4, 308.0), (434.4, 308.0), (434.4, 308.0), (434.4, 308.0), (434.4, 308.0), (434.4, 308.0), (434.4, 308.0), (434.4, 308.0), (434.4, 308.0), (434.4, 308.0), (434.4, 308.0), (434.4, 308.0), (434.4, 308.0), (434.4, 308.0), (434.4, 308.0), (434.4, 308.0), (434.4, 308.0), (434.4, 308.0), (434.4, 308.0), (434.4, 308.0), (434.4, 308.0), (434.4, 308.0), (434.4, 308.0), (434.4, 308.0), (434.4, 308.0), (434.4, 308.0), (434.4, 308.0), (434.4, 308.0), (434.4, 308.0), (434.4, 308.0), (434.4, 308.0), (434.4, 308.0), (434.4, 308.0), (434.4, 308.0), (434.4, 308.0), (434.4, 308.0), (434.4, 308.0), (434.4, 308.0), (434.4, 308.0), (434.4, 308.0), (434.4, 308.0), (434.4, 308.0), (434.4, 308.0), (434.4, 308.0), (434.4, 308.0), (434.4, 308.0), (434.4, 308.0), (434.4, 308.0)]",0,0,12.0
speedrunner,bomberman,8,Bomb,1,0,30.57,1.0,"[(48.0, 112.0), (70.4, 114.8), (101.2, 114.8), (115.2, 131.6), (115.2, 159.6), (126.4, 179.2), (151.6, 179.2), (176.8, 184.8), (179.6, 207.2), (179.6, 235.2), (199.2, 243.6), (227.2, 243.6), (244.0, 257.6), (244.0, 282.8), (249.6, 308.0), (272.0, 308.0), (294.4, 308.0), (311.2, 308.0), (316.8, 308.0), (322.4, 308.0), (328.0, 308.0), (328.0, 308.0), (333.6, 308.0), (333.6, 308.0), (339.2, 308.0), (344.8, 308.0), (344.8, 308.0), (350.4, 308.0), (350.4, 308.0), (350.4, 308.0), (350.4, 308.0), (356.0, 308.0), (361.6, 308.0), (384.0, 308.0), (406.4, 308.0), (428.8, 308.0), (434.4, 308.0), (434.4, 308.0), (434.4, 308.0), (434.4, 308.0), (434.4, 308.0), (434.4, 308.0), (434.4, 308.0), (434.4, 308.0), (434.4, 308.0), (434.4, 308.0), (434.4, 308.0), (434.4, 308.0), (434.4, 308.0), (434.4, 308.0), (434.4, 308.0), (434.4, 308.0), (434.4, 308.0), (434.4, 308.0), (434.4, 308.0), (434.4, 308.0), (434.4, 308.0), (434.4, 308.0), (434.4, 308.0), (434.4, 308.0), (434.4, 308.0), (434.4, 308.0), (434.4, 308.0), (434.4, 308.0), (434.4, 308.0), (434.4, 308.0), (434.4, 308.0), (434.4, 308.0), (434.4, 308.0), (434.4, 308.0), (434.4, 308.0), (434.4, 308.0), (434.4, 308.0), (434.4, 308.0), (434.4, 308.0), (434.4, 308.0), (434.4, 308.0), (434.4, 308.0), (434.4, 308.0), (434.4, 308.0), (434.4, 308.0), (434.4, 308.0), (434.4, 308.0), (434.4, 308.0), (434.4, 308.0), (434.4, 308.0), (434.4, 308.0), (434.4, 308.0), (434.4, 308.0), (434.4, 308.0), (434.4, 308.0)]",1,0,12.0
speedrunner,bomberman,8,Bomb,1,0,30.57,1.0,"[(48.0, 112.0), (70.4, 114.8), (101.2, 114.8), (115.2, 131.6), (115.2, 154.0), (118.0, 176.4), (140.4, 179.2), (168.4, 179.2), (179.6, 198.8), (179.6, 221.2), (185.2, 243.6), (207.6, 243.6), (235.6, 243.6), (244.0, 266.0), (244.0, 288.4), (252.4, 308.0), (258.0, 308.0), (263.6, 308.0), (263.6, 308.0), (269.2, 308.0), (269.2, 308.0), (269.2, 308.0), (274.8, 308.0), (280.4, 308.0), (280.4, 308.0), (286.0, 308.0), (286.0, 308.0), (286.0, 308.0), (291.6, 308.0), (291.6, 308.0), (297.2, 308.0), (302.8, 308.0), (314.0, 308.0), (325.2, 308.0), (336.4, 308.0), (353.2, 308.0), (353.2, 308.0), (356.0, 308.0), (364.4, 308.0), (370.0, 308.0), (386.8, 308.0), (409.2, 308.0), (431.6, 308.0), (434.4, 308.0), (434.4, 308.0), (434.4, 308.0), (434.4, 308.0), (434.4, 308.0), (434.4, 308.0), (434.4, 308.0), (434.4, 308.0), (434.4, 308.0), (434.4, 308.0), (434.4, 308.0), (434.4, 308.0), (434.4, 308.0), (434.4, 308.0), (434.4, 308.0), (434.4, 308.0), (434.4, 308.0), (434.4, 308.0), (434.4, 308.0), (434.4, 308.0), (434.4, 308.0), (434.4, 308.0), (434.4, 308.0), (434.4, 308.0), (434.4, 308.0), (434.4, 308.0), (434.4, 308.0), (434.4, 308.0), (434.4, 308.0), (434.4, 308.0), (434.4, 308.0), (434.4, 308.0), (434.4, 308.0), (434.4, 308.0), (434.4, 308.0), (434.4, 308.0), (434.4, 308.0), (434.4, 308.0), (434.4, 308.0), (434.4, 308.0), (434.4, 308.0), (434.4, 308.0), (434.4, 308.0), (434.4, 308.0), (434.4, 308.0), (434.4, 308.0), (434.4, 308.0), (434.4, 308.0)]",0,0,12.0
speedrunner,bomberman,8,Bomb,1,0,30.57,1.0,"[(48.0, 112.0), (70.4, 114.8), (101.2, 114.8), (115.2, 131.6), (115.2, 156.8), (123.6, 179.2), (146.0, 179.2), (174.0, 182.0), (179.6, 204.4), (179.6, 226.8), (190.8, 243.6), (216.0, 243.6), (241.2, 249.2), (238.4, 271.6), (244.0, 294.0), (246.8, 308.0), (252.4, 308.0), (258.0, 308.0), (263.6, 308.0), (269.2, 308.0), (269.2, 308.0), (274.8, 308.0), (280.4, 308.0), (280.4, 308.0), (286.0, 308.0), (286.0, 308.0), (286.0, 308.0), (286.0, 308.0), (286.0, 308.0), (291.6, 308.0), (291.6, 308.0), (302.8, 308.0), (308.4, 308.0), (319.6, 308.0), (342.0, 308.0), (353.2, 308.0), (353.2, 308.0), (358.8, 308.0), (364.4, 308.0), (375.6, 308.0), (398.0, 308.0), (420.4, 308.0), (434.4, 308.0), (434.4, 308.0), (434.4, 308.0), (434.4, 308.0), (434.4, 308.0), (434.4, 308.0), (434.4, 308.0), (434.4, 308.0), (434.4, 308.0), (434.4, 308.0), (434.4, 308.0), (434.4, 308.0), (434.4, 308.0), (434.4, 308.0), (434.4, 308.0), (434.4, 308.0), (434.4, 308.0), (434.4, 308.0), (434.4, 308.0), (434.4, 308.0), (434.4, 308.0), (434.4, 308.0), (434.4, 308.0), (434.4, 308.0), (434.4, 308.0), (434.4, 308.0), (434.4, 308.0), (434.4, 308.0), (434.4, 308.0), (434.4, 308.0), (434.4, 308.0), (434.4, 308.0), (434.4, 308.0), (434.4, 308.0), (434.4, 308.0), (434.4, 308.0), (434.4, 308.0), (434.4, 308.0), (434.4, 308.0), (434.4, 308.0), (434.4, 308.0), (434.4, 308.0), (434.4, 308.0), (434.4, 308.0), (434.4, 308.0), (434.4, 308.0), (434.4, 308.0), (434.4, 308.0), (434.4, 308.0)]",0,0,12.0
speedrunner,bomberman,8,Bomb,2,0,30.1,1.0,"[(48.0, 112.0), (50.8, 109.2), (50.8, 109.2), (50.8, 109.2), (50.8, 109.2), (53.6, 109.2), (73.2, 109.2), (98.4, 109.2), (98.4, 109.2), (101.2, 109.2), (109.6, 95.2), (115.2, 78.4), (115.2, 78.4), (115.2, 78.4), (115.2, 78.4), (115.2, 78.4), (115.2, 78.4), (115.2, 78.4), (115.2, 78.4), (115.2, 78.4), (115.2, 78.4), (115.2, 78.4), (115.2, 78.4), (115.2, 78.4), (115.2, 78.4), (115.2, 78.4), (115.2, 78.4), (115.2, 78.4), (115.2, 78.4), (115.2, 78.4), (115.2, 78.4), (115.2, 78.4), (115.2, 84.0), (115.2, 95.2), (115.2, 98.0), (115.2, 100.8), (120.8, 114.8), (143.2, 109.2), (165.6, 109.2), (188.0, 114.8), (210.4, 114.8), (238.4, 117.6), (244.0, 140.0), (244.0, 170.8), (263.6, 179.2), (291.6, 179.2), (308.4, 196.0), (308.4, 224.0), (316.8, 243.6), (339.2, 243.6), (367.2, 249.2), (372.8, 271.6), (372.8, 299.6), (392.4, 308.0), (414.8, 308.0), (434.4, 308.0), (434.4, 308.0), (434.4, 308.0), (434.4, 308.0), (434.4, 308.0), (434.4, 308.0), (434.4, 308.0), (434.4, 308.0), (434.4, 308.0), (434.4, 308.0), (434.4, 308.0), (434.4, 308.0), (434.4, 308.0), (434.4, 308.0), (434.4, 308.0), (434.4, 308.0), (434.4, 308.0), (434.4, 308.0), (434.4, 308.0), (434.4, 308.0), (434.4, 308.0), (434.4, 308.0), (434.4, 308.0), (434.4, 308.0), (434.4, 308.0), (434.4, 308.0), (434.4, 308.0), (434.4, 308.0), (434.4, 308.0), (434.4, 308.0), (434.4, 308.0), (434.4, 308.0), (434.4, 308.0), (434.4, 308.0), (434.4, 308.0), (434.4, 308.0)]",0,0,12.0
speedrunner,bomberman,8,Bomb,1,0,30.57,1.0,"[(48.0, 112.0), (50.8, 123.2), (50.8, 145.6), (50.8, 162.4), (50.8, 165.2), (50.8, 159.6), (50.8, 162.4), (50.8, 165.2), (50.8, 165.2), (64.8, 176.4), (62.0, 173.6), (64.8, 176.4), (64.8, 176.4), (64.8, 176.4), (92.8, 173.6), (115.2, 162.4), (115.2, 145.6), (115.2, 145.6), (115.2, 151.2), (115.2, 168.0), (115.2, 168.0), (126.4, 173.6), (151.6, 173.6), (176.8, 184.8), (179.6, 190.4), (179.6, 187.6), (179.6, 193.2), (179.6, 190.4), (179.6, 187.6), (179.6, 193.2), (179.6, 198.8), (179.6, 212.8), (182.4, 240.8), (204.8, 238.0), (232.8, 243.6), (244.0, 263.2), (244.0, 291.2), (255.2, 308.0), (277.6, 308.0), (300.0, 308.0), (322.4, 308.0), (344.8, 308.0), (367.2, 308.0), (389.6, 308.0), (412.0, 308.0), (434.4, 308.0), (434.4, 308.0), (434.4, 308.0), (434.4, 308.0), (434.4, 308.0), (434.4, 308.0), (434.4, 308.0), (434.4, 308.0), (434.4, 308.0), (434.4, 308.0), (434.4, 308.0), (434.4, 308.0), (434.4, 308.0), (434.4, 308.0), (434.4, 308.0), (434.4, 308.0), (434.4, 308.0), (434.4, 308.0), (434.4, 308.0), (434.4, 308.0), (434.4, 308.0), (434.4, 308.0), (434.4, 308.0), (434.4, 308.0), (434.4, 308.0), (434.4, 308.0), (434.4, 308.0), (434.4, 308.0), (434.4, 308.0), (434.4, 308.0), (434.4, 308.0), (434.4, 308.0), (434.4, 308.0), (434.4, 308.0), (434.4, 308.0), (434.4, 308.0), (434.4, 308.0), (434.4, 308.0), (434.4, 308.0), (434.4, 308.0), (434.4, 308.0), (434.4, 308.0), (434.4, 308.0), (434.4, 308.0), (434.4, 308.0), (434.4, 308.0)]",0,0,12.0
speedrunner,bomberman,8,Success,1,0,45.38,1.0,"[(48.0, 112.0), (70.4, 114.8), (101.2, 114.8), (115.2, 131.6), (115.2, 156.8), (123.6, 179.2), (146.0, 179.2), (174.0, 182.0), (179.6, 204.4), (179.6, 226.8), (190.8, 243.6), (216.0, 243.6), (241.2, 249.2), (244.0, 271.6), (244.0, 294.0), (258.0, 308.0), (280.4, 308.0), (302.8, 308.0), (308.4, 308.0), (308.4, 308.0), (314.0, 308.0), (319.6, 308.0), (319.6, 308.0), (325.2, 308.0), (330.8, 308.0), (330.8, 308.0), (336.4, 308.0), (342.0, 308.0), (342.0, 308.0), (347.6, 308.0), (353.2, 308.0), (353.2, 308.0), (364.4, 308.0), (375.6, 308.0), (398.0, 308.0), (420.4, 308.0), (434.4, 308.0), (434.4, 308.0), (434.4, 308.0), (434.4, 308.0), (434.4, 308.0), (434.4, 308.0), (434.4, 308.0), (434.4, 308.0), (434.4, 308.0), (434.4, 308.0), (434.4, 308.0), (434.4, 308.0), (434.4, 308.0), (434.4, 308.0), (434.4, 308.0), (434.4, 308.0), (434.4, 308.0), (434.4, 308.0), (434.4, 308.0), (434.4, 308.0), (434.4, 308.0), (434.4, 308.0), (434.4, 308.0), (434.4, 308.0), (434.4, 308.0)]",2,0,8.08
speedrunner,bomberman,8,Bomb,1,0,30.57,1.0,"[(48.0, 112.0), (70.4, 114.8), (101.2, 114.8), (115.2, 131.6), (115.2, 154.0), (118.0, 176.4), (140.4, 179.2), (168.4, 179.2), (179.6, 198.8), (179.6, 221.2), (185.2, 243.6), (207.6, 243.6), (235.6, 243.6), (244.0, 266.0), (244.0, 288.4), (252.4, 308.0), (274.8, 308.0), (280.4, 308.0), (280.4, 308.0), (286.0, 308.0), (286.0, 308.0), (286.0, 308.0), (291.6, 308.0), (297.2, 308.0), (297.2, 308.0), (302.8, 308.0), (302.8, 308.0), (308.4, 308.0), (308.4, 308.0), (314.0, 308.0), (319.6, 308.0), (330.8, 308.0), (333.6, 308.0), (333.6, 308.0), (353.2, 308.0), (353.2, 308.0), (358.8, 308.0), (367.2, 308.0), (378.4, 308.0), (400.8, 308.0), (423.2, 308.0), (434.4, 308.0), (434.4, 308.0), (434.4, 308.0), (434.4, 308.0), (434.4, 308.0), (434.4, 308.0), (434.4, 308.0), (434.4, 308.0), (434.4, 308.0), (434.4, 308.0), (434.4, 308.0), (434.4, 308.0), (434.4, 308.0), (434.4, 308.0), (434.4, 308.0), (434.4, 308.0), (434.4, 308.0), (434.4, 308.0), (434.4, 308.0), (434.4, 308.0), (434.4, 308.0), (434.4, 308.0), (434.4, 308.0), (434.4, 308.0), (434.4, 308.0), (434.4, 308.0), (434.4, 308.0), (434.4, 308.0), (434.4, 308.0), (434.4, 308.0), (434.4, 308.0), (434.4, 308.0), (434.4, 308.0), (434.4, 308.0), (434.4, 308.0), (434.4, 308.0), (434.4, 308.0), (434.4, 308.0), (434.4, 308.0), (434.4, 308.0), (434.4, 308.0), (434.4, 308.0), (434.4, 308.0), (434.4, 308.0), (434.4, 308.0), (434.4, 308.0), (434.4, 308.0), (434.4, 308.0), (434.4, 308.0), (434.4, 308.0)]",0,0,12.0
speedrunner,bomberman,8,Bomb,1,0,45.85,1.0,"[(48.0, 112.0), (70.4, 114.8), (101.2, 114.8), (115.2, 131.6), (115.2, 159.6), (126.4, 179.2), (151.6, 179.2), (176.8, 184.8), (179.6, 207.2), (179.6, 235.2), (199.2, 243.6), (227.2, 243.6), (244.0, 257.6), (244.0, 282.8), (249.6, 308.0), (272.0, 308.0), (294.4, 308.0), (316.8, 308.0), (339.2, 308.0), (361.6, 308.0), (384.0, 308.0), (406.4, 308.0), (428.8, 308.0), (434.4, 308.0), (434.4, 308.0), (434.4, 308.0), (434.4, 308.0), (434.4, 308.0), (434.4, 308.0), (434.4, 308.0), (434.4, 308.0), (434.4, 308.0), (434.4, 308.0), (434.4, 308.0), (434.4, 308.0), (434.4, 308.0), (434.4, 308.0), (434.4, 308.0), (434.4, 308.0), (434.4, 308.0), (434.4, 308.0), (434.4, 308.0), (434.4, 308.0), (434.4, 308.0), (434.4, 308.0), (434.4, 308.0), (434.4, 308.0), (434.4, 308.0), (434.4, 308.0), (434.4, 308.0), (434.4, 308.0), (434.4, 308.0), (434.4, 308.0), (434.4, 308.0), (434.4, 308.0), (434.4, 308.0), (434.4, 308.0), (434.4, 308.0), (434.4, 308.0), (434.4, 308.0), (434.4, 308.0)]",0,0,8.0
speedrunner,bomberman,8,Success,1,0,45.38,1.0,"[(48.0, 112.0), (70.4, 114.8), (101.2, 114.8), (115.2, 131.6), (115.2, 159.6), (126.4, 179.2), (151.6, 179.2), (176.8, 184.8), (179.6, 207.2), (179.6, 235.2), (199.2, 243.6), (227.2, 243.6), (244.0, 257.6), (244.0, 282.8), (249.6, 308.0), (272.0, 308.0), (294.4, 308.0), (316.8, 308.0), (333.6, 308.0), (333.6, 308.0), (339.2, 308.0), (344.8, 308.0), (344.8, 308.0), (350.4, 308.0), (350.4, 308.0), (356.0, 308.0), (361.6, 308.0), (361.6, 308.0), (361.6, 308.0), (367.2, 308.0), (367.2, 308.0), (384.0, 308.0), (406.4, 308.0), (428.8, 308.0), (434.4, 308.0), (434.4, 308.0), (434.4, 308.0), (434.4, 308.0), (434.4, 308.0), (434.4, 308.0), (434.4, 308.0), (434.4, 308.0), (434.4, 308.0), (434.4, 308.0), (434.4, 308.0), (434.4, 308.0), (434.4, 308.0), (434.4, 308.0), (434.4, 308.0), (434.4, 308.0), (434.4, 308.0), (434.4, 308.0), (434.4, 308.0), (434.4, 308.0), (434.4, 308.0), (434.4, 308.0), (434.4, 308.0), (434.4, 308.0), (434.4, 308.0), (434.4, 308.0), (434.4, 308.0)]",2,0,8.08
speedrunner,bomberman,8,Enemy,1,0,30.33,0.611,"[(48.0, 112.0), (50.8, 128.8), (50.8, 151.2), (50.8, 173.6), (50.8, 196.0), (50.8, 218.4), (50.8, 240.8), (50.8, 257.6), (50.8, 257.6), (50.8, 257.6), (50.8, 257.6), (50.8, 257.6), (50.8, 257.6), (50.8, 257.6), (50.8, 257.6), (50.8, 257.6), (50.8, 257.6), (50.8, 257.6), (50.8, 257.6), (50.8, 266.0), (50.8, 263.2), (50.8, 274.4), (50.8, 277.2), (50.8, 288.4), (59.2, 308.0), (81.6, 308.0), (95.6, 308.0), (118.0, 308.0), (129.2, 308.0), (129.2, 308.0), (129.2, 308.0), (132.0, 308.0), (134.8, 308.0), (146.0, 308.0), (154.4, 308.0), (171.2, 308.0), (193.6, 308.0)]",0,0,4.8
speedrunner,bomberman,8,Success,1,0,45.38,1.0,"[(48.0, 112.0), (70.4, 114.8), (101.2, 114.8), (115.2, 131.6), (115.2, 159.6), (126.4, 179.2), (151.6, 179.2), (176.8, 184.8), (179.6, 207.2), (179.6, 235.2), (199.2, 243.6), (227.2, 243.6), (244.0, 257.6), (244.0, 282.8), (249.6, 308.0), (272.0, 308.0), (294.4, 308.0), (316.8, 308.0), (333.6, 308.0), (333.6, 308.0), (339.2, 308.0), (344.8, 308.0), (344.8, 308.0), (350.4, 308.0), (350.4, 308.0), (356.0, 308.0), (361.6, 308.0), (361.6, 308.0), (361.6, 308.0), (367.2, 308.0), (367.2, 308.0), (384.0, 308.0), (406.4, 308.0), (428.8, 308.0), (434.4, 308.0), (434.4, 308.0), (434.4, 308.0), (434.4, 308.0), (434.4, 308.0), (434.4, 308.0), (434.4, 308.0), (434.4, 308.0), (434.4, 308.0), (434.4, 308.0), (434.4, 308.0), (434.4, 308.0), (434.4, 308.0), (434.4, 308.0), (434.4, 308.0), (434.4, 308.0), (434.4, 308.0), (434.4, 308.0), (434.4, 308.0), (434.4, 308.0), (434.4, 308.0), (434.4, 308.0), (434.4, 308.0), (434.4, 308.0), (434.4, 308.0), (434.4, 308.0), (434.4, 308.0)]",2,0,8.08
speedrunner,bomberman,8,Success,1,0,45.38,1.0,"[(48.0, 112.0), (70.4, 114.8), (101.2, 114.8), (115.2, 131.6), (115.2, 156.8), (123.6, 179.2), (146.0, 179.2), (174.0, 182.0), (179.6, 204.4), (179.6, 226.8), (190.8, 243.6), (216.0, 243.6), (241.2, 249.2), (244.0, 271.6), (244.0, 294.0), (258.0, 308.0), (280.4, 308.0), (302.8, 308.0), (308.4, 308.0), (308.4, 308.0), (314.0, 308.0), (319.6, 308.0), (319.6, 308.0), (325.2, 308.0), (330.8, 308.0), (330.8, 308.0), (336.4, 308.0), (342.0, 308.0), (342.0, 308.0), (347.6, 308.0), (353.2, 308.0), (353.2, 308.0), (364.4, 308.0), (375.6, 308.0), (398.0, 308.0), (420.4, 308.0), (434.4, 308.0), (434.4, 308.0), (434.4, 308.0), (434.4, 308.0), (434.4, 308.0), (434.4, 308.0), (434.4, 308.0), (434.4, 308.0), (434.4, 308.0), (434.4, 308.0), (434.4, 308.0), (434.4, 308.0), (434.4, 308.0), (434.4, 308.0), (434.4, 308.0), (434.4, 308.0), (434.4, 308.0), (434.4, 308.0), (434.4, 308.0), (434.4, 308.0), (434.4, 308.0), (434.4, 308.0), (434.4, 308.0), (434.4, 308.0), (434.4, 308.0)]",2,0,8.08
speedrunner,bomberman,8,Bomb,1,0,30.57,1.0,"[(48.0, 112.0), (70.4, 114.8), (101.2, 114.8), (115.2, 131.6), (115.2, 159.6), (126.4, 179.2), (151.6, 179.2), (176.8, 184.8), (179.6, 207.2), (179.6, 235.2), (199.2, 243.6), (227.2, 243.6), (244.0, 257.6), (244.0, 282.8), (249.6, 308.0), (272.0, 308.0), (294.4, 308.0), (311.2, 308.0), (316.8, 308.0), (322.4, 308.0), (328.0, 308.0), (328.0, 308.0), (333.6, 308.0), (333.6, 308.0), (339.2, 308.0), (344.8, 308.0), (344.8, 308.0), (350.4, 308.0), (350.4, 308.0), (350.4, 308.0), (350.4, 308.0), (356.0, 308.0), (361.6, 308.0), (384.0, 308.0), (406.4, 308.0), (428.8, 308.0), (434.4, 308.0), (434.4, 308.0), (434.4, 308.0), (434.4, 308.0), (434.4, 308.0), (434.4, 308.0), (434.4, 308.0), (434.4, 308.0), (434.4, 308.0), (434.4, 308.0), (434.4, 308.0), (434.4, 308.0), (434.4, 308.0), (434.4, 308.0), (434.4, 308.0), (434.4, 308.0), (434.4, 308.0), (434.4, 308.0), (434.4, 308.0), (434.4, 308.0), (434.4, 308.0), (434.4, 308.0), (434.4, 308.0), (434.4, 308.0), (434.4, 308.0), (434.4, 308.0), (434.4, 308.0), (434.4, 308.0), (434.4, 308.0), (434.4, 308.0), (434.4, 308.0), (434.4, 308.0), (434.4, 308.0), (434.4, 308.0), (434.4, 308.0), (434.4, 308.0), (434.4, 308.0), (434.4, 308.0), (434.4, 308.0), (434.4, 308.0), (434.4, 308.0), (434.4, 308.0), (434.4, 308.0), (434.4, 308.0), (434.4, 308.0), (434.4, 308.0), (434.4, 308.0), (434.4, 308.0), (434.4, 308.0), (434.4, 308.0), (434.4, 308.0), (434.4, 308.0), (434.4, 308.0), (434.4, 308.0), (434.4, 308.0)]",1,0,12.0
speedrunner,bomberman,8,Bomb,1,0,30.57,1.0,"[(48.0, 112.0), (70.4, 114.8), (101.2, 114.8), (115.2, 131.6), (115.2, 154.0), (118.0, 176.4), (140.4, 179.2), (168.4, 179.2), (179.6, 198.8), (179.6, 221.2), (185.2, 243.6), (207.6, 243.6), (235.6, 243.6), (244.0, 266.0), (244.0, 288.4), (252.4, 308.0), (274.8, 308.0), (280.4, 308.0), (280.4, 308.0), (286.0, 308.0), (286.0, 308.0), (286.0, 308.0), (291.6, 308.0), (297.2, 308.0), (297.2, 308.0), (302.8, 308.0), (302.8, 308.0), (308.4, 308.0), (308.4, 308.0), (314.0, 308.0), (319.6, 308.0), (330.8, 308.0), (333.6, 308.0), (333.6, 308.0), (353.2, 308.0), (353.2, 308.0), (358.8, 308.0), (367.2, 308.0), (378.4, 308.0), (400.8, 308.0), (423.2, 308.0), (434.4, 308.0), (434.4, 308.0), (434.4, 308.0), (434.4, 308.0), (434.4, 308.0), (434.4, 308.0), (434.4, 308.0), (434.4, 308.0), (434.4, 308.0), (434.4, 308.0), (434.4, 308.0), (434.4, 308.0), (434.4, 308.0), (434.4, 308.0), (434.4, 308.0), (434.4, 308.0), (434.4, 308.0), (434.4, 308.0), (434.4, 308.0), (434.4, 308.0), (434.4, 308.0), (434.4, 308.0), (434.4, 308.0), (434.4, 308.0), (434.4, 308.0), (434.4, 308.0), (434.4, 308.0), (434.4, 308.0), (434.4, 308.0), (434.4, 308.0), (434.4, 308.0), (434.4, 308.0), (434.4, 308.0), (434.4, 308.0), (434.4, 308.0), (434.4, 308.0), (434.4, 308.0), (434.4, 308.0), (434.4, 308.0), (434.4, 308.0), (434.4, 308.0), (434.4, 308.0), (434.4, 308.0), (434.4, 308.0), (434.4, 308.0), (434.4, 308.0), (434.4, 308.0), (434.4, 308.0), (434.4, 308.0), (434.4, 308.0)]",0,0,12.0
speedrunner,bomberman,8,Bomb,1,0,30.57,1.0,"[(48.0, 112.0), (70.4, 114.8), (101.2, 114.8), (115.2, 131.6), (115.2, 159.6), (126.4, 179.2), (151.6, 179.2), (176.8, 184.8), (179.6, 207.2), (179.6, 229.6), (193.6, 243.6), (221.6, 243.6), (244.0, 252.0), (244.0, 274.4), (244.0, 296.8), (260.8, 308.0), (283.2, 308.0), (305.6, 308.0), (328.0, 308.0), (333.6, 308.0), (333.6, 308.0), (339.2, 308.0), (344.8, 308.0), (344.8, 308.0), (350.4, 308.0), (350.4, 308.0), (350.4, 308.0), (350.4, 308.0), (350.4, 308.0), (350.4, 308.0), (350.4, 308.0), (361.6, 308.0), (364.4, 308.0), (364.4, 308.0), (364.4, 308.0), (372.8, 308.0), (395.2, 308.0), (417.6, 308.0), (434.4, 308.0), (434.4, 308.0), (434.4, 308.0), (434.4, 308.0), (434.4, 308.0), (434.4, 308.0), (434.4, 308.0), (434.4, 308.0), (434.4, 308.0), (434.4, 308.0), (434.4, 308.0), (434.4, 308.0), (434.4, 308.0), (434.4, 308.0), (434.4, 308.0), (434.4, 308.0), (434.4, 308.0), (434.4, 308.0), (434.4, 308.0), (434.4, 308.0), (434.4, 308.0), (434.4, 308.0), (434.4, 308.0), (434.4, 308.0), (434.4, 308.0), (434.4, 308.0), (434.4, 308.0), (434.4, 308.0), (434.4, 308.0), (434.4, 308.0), (434.4, 308.0), (434.4, 308.0), (434.4, 308.0), (434.4, 308.0), (434.4, 308.0), (434.4, 308.0), (434.4, 308.0), (434.4, 308.0), (434.4, 308.0), (434.4, 308.0), (434.4, 308.0), (434.4, 308.0), (434.4, 308.0), (434.4, 308.0), (434.4, 308.0), (434.4, 308.0), (434.4, 308.0), (434.4, 308.0), (434.4, 308.0), (434.4, 308.0), (434.4, 308.0), (434.4, 308.0), (434.4, 308.0)]",1,0,12.0
speedrunner,bomberman,8,Bomb,1,0,30.57,1.0,"[(48.0, 112.0), (70.4, 114.8), (101.2, 114.8), (115.2, 131.6), (115.2, 154.0), (118.0, 176.4), (140.4, 179.2), (168.4, 179.2), (179.6, 198.8), (179.6, 221.2), (185.2, 243.6), (207.6, 243.6), (235.6, 243.6), (244.0, 266.0), (244.0, 288.4), (252.4, 308.0), (269.2, 308.0), (269.2, 308.0), (274.8, 308.0), (280.4, 308.0), (280.4, 308.0), (286.0, 308.0), (286.0, 308.0), (286.0, 308.0), (286.0, 308.0), (286.0, 308.0), (286.0, 308.0), (291.6, 308.0), (297.2, 308.0), (297.2, 308.0), (302.8, 308.0), (314.0, 308.0), (325.2, 308.0), (339.2, 308.0), (353.2, 308.0), (353.2, 308.0), (353.2, 308.0), (353.2, 308.0), (353.2, 308.0), (353.2, 308.0), (353.2, 308.0), (356.0, 308.0), (361.6, 308.0), (367.2, 308.0), (381.2, 308.0), (403.6, 308.0), (426.0, 308.0), (434.4, 308.0), (434.4, 308.0), (434.4, 308.0), (434.4, 308.0), (434.4, 308.0), (434.4, 308.0), (434.4, 308.0), (434.4, 308.0), (434.4, 308.0), (434.4, 308.0), (434.4, 308.0), (434.4, 308.0), (434.4, 308.0), (434.4, 308.0), (434.4, 308.0), (434.4, 308.0), (434.4, 308.0), (434.4, 308.0), (434.4, 308.0), (434.4, 308.0), (434.4, 308.0), (434.4, 308.0), (434.4, 308.0), (434.4, 308.0), (434.4, 308.0), (434.4, 308.0), (434.4, 308.0), (434.4, 308.0), (434.4, 308.0), (434.4, 308.0), (434.4, 308.0), (434.4, 308.0), (434.4, 308.0), (434.4, 308.0), (434.4, 308.0), (434.4, 308.0), (434.4, 308.0), (434.4, 308.0), (434.4, 308.0), (434.4, 308.0), (434.4, 308.0), (434.4, 308.0), (434.4, 308.0), (434.4, 308.0)]",0,0,12.0
speedrunner,bomberman,8,Bomb,1,0,30.57,1.0,"[(48.0, 112.0), (70.4, 114.8), (101.2, 114.8), (115.2, 131.6), (115.2, 154.0), (123.6, 179.2), (146.0, 179.2), (174.0, 182.0), (179.6, 204.4), (179.6, 226.8), (190.8, 243.6), (216.0, 243.6), (241.2, 249.2), (238.4, 271.6), (244.0, 294.0), (246.8, 308.0), (246.8, 308.0), (252.4, 308.0), (252.4, 308.0), (274.8, 308.0), (280.4, 308.0), (280.4, 308.0), (286.0, 308.0), (286.0, 308.0), (286.0, 308.0), (286.0, 308.0), (286.0, 308.0), (286.0, 308.0), (286.0, 308.0), (291.6, 308.0), (291.6, 308.0), (302.8, 308.0), (308.4, 308.0), (319.6, 308.0), (342.0, 308.0), (353.2, 308.0), (353.2, 308.0), (353.2, 308.0), (353.2, 308.0), (353.2, 308.0), (353.2, 308.0), (353.2, 308.0), (358.8, 308.0), (361.6, 308.0), (367.2, 308.0), (378.4, 308.0), (400.8, 308.0), (423.2, 308.0), (434.4, 308.0), (434.4, 308.0), (434.4, 308.0), (434.4, 308.0), (434.4, 308.0), (434.4, 308.0), (434.4, 308.0), (434.4, 308.0), (434.4, 308.0), (434.4, 308.0), (434.4, 308.0), (434.4, 308.0), (434.4, 308.0), (434.4, 308.0), (434.4, 308.0), (434.4, 308.0), (434.4, 308.0), (434.4, 308.0), (434.4, 308.0), (434.4, 308.0), (434.4, 308.0), (434.4, 308.0), (434.4, 308.0), (434.4, 308.0), (434.4, 308.0), (434.4, 308.0), (434.4, 308.0), (434.4, 308.0), (434.4, 308.0), (434.4, 308.0), (434.4, 308.0), (434.4, 308.0), (434.4, 308.0), (434.4, 308.0), (434.4, 308.0), (434.4, 308.0), (434.4, 308.0), (434.4, 308.0), (434.4, 308.0), (434.4, 308.0), (434.4, 308.0), (434.4, 308.0), (434.4, 308.0)]",0,0,12.0
speedrunner,bomberman,8,Bomb,1,0,30.57,1.0,"[(48.0, 112.0), (70.4, 114.8), (101.2, 114.8), (115.2, 131.6), (115.2, 154.0), (123.6, 179.2), (146.0, 179.2), (174.0, 182.0), (179.6, 204.4), (179.6, 226.8), (190.8, 243.6), (216.0, 243.6), (241.2, 249.2), (238.4, 271.6), (244.0, 294.0), (246.8, 308.0), (246.8, 308.0), (252.4, 308.0), (258.0, 308.0), (269.2, 308.0), (269.2, 308.0), (274.8, 308.0), (274.8, 308.0), (280.4, 308.0), (286.0, 308.0), (286.0, 308.0), (286.0, 308.0), (286.0, 308.0), (286.0, 308.0), (286.0, 308.0), (291.6, 308.0), (297.2, 308.0), (308.4, 308.0), (314.0, 308.0), (330.8, 308.0), (353.2, 308.0), (353.2, 308.0), (358.8, 308.0), (367.2, 308.0), (378.4, 308.0), (400.8, 308.0), (423.2, 308.0), (434.4, 308.0), (434.4, 308.0), (434.4, 308.0), (434.4, 308.0), (434.4, 308.0), (434.4, 308.0), (434.4, 308.0), (434.4, 308.0), (434.4, 308.0), (434.4, 308.0), (434.4, 308.0), (434.4, 308.0), (434.4, 308.0), (434.4, 308.0), (434.4, 308.0), (434.4, 308.0), (434.4, 308.0), (434.4, 308.0), (434.4, 308.0), (434.4, 308.0), (434.4, 308.0), (434.4, 308.0), (434.4, 308.0), (434.4, 308.0), (434.4, 308.0), (434.4, 308.0), (434.4, 308.0), (434.4, 308.0), (434.4, 308.0), (434.4, 308.0), (434.4, 308.0), (434.4, 308.0), (434.4, 308.0), (434.4, 308.0), (434.4, 308.0), (434.4, 308.0), (434.4, 308.0), (434.4, 308.0), (434.4, 308.0), (434.4, 308.0), (434.4, 308.0), (434.4, 308.0), (434.4, 308.0), (434.4, 308.0), (434.4, 308.0), (434.4, 308.0), (434.4, 308.0), (434.4, 308.0), (434.4, 308.0)]",0,0,12.0
speedrunner,bomberman,8,Success,1,0,45.38,1.0,"[(48.0, 112.0), (70.4, 114.8), (101.2, 114.8), (115.2, 131.6), (115.2, 159.6), (126.4, 179.2), (151.6, 179.2), (176.8, 184.8), (179.6, 207.2), (179.6, 235.2), (199.2, 243.6), (227.2, 243.6), (244.0, 257.6), (244.0, 282.8), (249.6, 308.0), (272.0, 308.0), (294.4, 308.0), (316.8, 308.0), (328.0, 308.0), (333.6, 308.0), (333.6, 308.0), (339.2, 308.0), (344.8, 308.0), (344.8, 308.0), (350.4, 308.0), (350.4, 308.0), (350.4, 308.0), (356.0, 308.0), (356.0, 308.0), (361.6, 308.0), (361.6, 308.0), (367.2, 308.0), (389.6, 308.0), (412.0, 308.0), (434.4, 308.0), (434.4, 308.0), (434.4, 308.0), (434.4, 308.0), (434.4, 308.0), (434.4, 308.0), (434.4, 308.0), (434.4, 308.0), (434.4, 308.0), (434.4, 308.0), (434.4, 308.0), (434.4, 308.0), (434.4, 308.0), (434.4, 308.0), (434.4, 308.0), (434.4, 308.0), (434.4, 308.0), (434.4, 308.0), (434.4, 308.0), (434.4, 308.0), (434.4, 308.0), (434.4, 308.0), (434.4, 308.0), (434.4, 308.0), (434.4, 308.0), (434.4, 308.0), (434.4, 308.0)]",2,0,8.08
speedrunner,bomberman,8,Bomb,1,0,30.57,1.0,"[(48.0, 112.0), (70.4, 114.8), (101.2, 114.8), (115.2, 131.6), (115.2, 156.8), (123.6, 179.2), (146.0, 179.2), (174.0, 182.0), (179.6, 204.4), (179.6, 226.8), (190.8, 243.6), (216.0, 243.6), (241.2, 249.2), (244.0, 271.6), (244.0, 294.0), (258.0, 308.0), (263.6, 308.0), (269.2, 308.0), (269.2, 308.0), (274.8, 308.0), (280.4, 308.0), (286.0, 308.0), (286.0, 308.0), (291.6, 308.0), (297.2, 308.0), (302.8, 308.0), (302.8, 308.0), (308.4, 308.0), (314.0, 308.0), (314.0, 308.0), (325.2, 308.0), (336.4, 308.0), (347.6, 308.0), (353.2, 308.0), (358.8, 308.0), (381.2, 308.0), (403.6, 308.0), (426.0, 308.0), (434.4, 308.0), (434.4, 308.0), (434.4, 308.0), (434.4, 308.0), (434.4, 308.0), (434.4, 308.0), (434.4, 308.0), (434.4, 308.0), (434.4, 308.0), (434.4, 308.0), (434.4, 308.0), (434.4, 308.0), (434.4, 308.0), (434.4, 308.0), (434.4, 308.0), (434.4, 308.0), (434.4, 308.0), (434.4, 308.0), (434.4, 308.0), (434.4, 308.0), (434.4, 308.0), (434.4, 308.0), (434.4, 308.0), (434.4, 308.0), (434.4, 308.0), (434.4, 308.0), (434.4, 308.0), (434.4, 308.0), (434.4, 308.0), (434.4, 308.0), (434.4, 308.0), (434.4, 308.0), (434.4, 308.0), (434.4, 308.0), (434.4, 308.0), (434.4, 308.0), (434.4, 308.0), (434.4, 308.0), (434.4, 308.0), (434.4, 308.0), (434.4, 308.0), (434.4, 308.0), (434.4, 308.0), (434.4, 308.0), (434.4, 308.0), (434.4, 308.0), (434.4, 308.0), (434.4, 308.0), (434.4, 308.0), (434.4, 308.0), (434.4, 308.0), (434.4, 308.0), (434.4, 308.0)]",1,0,12.0
speedrunner,bomberman,8,Success,1,0,45.38,1.0,"[(48.0, 112.0), (70.4, 114.8), (101.2, 114.8), (115.2, 131.6), (115.2, 159.6), (126.4, 179.2), (151.6, 179.2), (176.8, 184.8), (179.6, 207.2), (179.6, 235.2), (199.2, 243.6), (227.2, 243.6), (244.0, 257.6), (244.0, 282.8), (249.6, 308.0), (272.0, 308.0), (294.4, 308.0), (316.8, 308.0), (328.0, 308.0), (333.6, 308.0), (333.6, 308.0), (339.2, 308.0), (344.8, 308.0), (344.8, 308.0), (350.4, 308.0), (350.4, 308.0), (350.4, 308.0), (356.0, 308.0), (356.0, 308.0), (361.6, 308.0), (361.6, 308.0), (367.2, 308.0), (389.6, 308.0), (412.0, 308.0), (434.4, 308.0), (434.4, 308.0), (434.4, 308.0), (434.4, 308.0), (434.4, 308.0), (434.4, 308.0), (434.4, 308.0), (434.4, 308.0), (434.4, 308.0), (434.4, 308.0), (434.4, 308.0), (434.4, 308.0), (434.4, 308.0), (434.4, 308.0), (434.4, 308.0), (434.4, 308.0), (434.4, 308.0), (434.4, 308.0), (434.4, 308.0), (434.4, 308.0), (434.4, 308.0), (434.4, 308.0), (434.4, 308.0), (434.4, 308.0), (434.4, 308.0), (434.4, 308.0), (434.4, 308.0)]",2,0,8.08
speedrunner,bomberman,8,Success,1,0,45.38,1.0,"[(48.0, 112.0), (70.4, 114.8), (101.2, 114.8), (115.2, 131.6), (115.2, 156.8), (123.6, 179.2), (146.0, 179.2), (174.0, 182.0), (179.6, 204.4), (179.6, 226.8), (190.8, 243.6), (216.0, 243.6), (241.2, 249.2), (244.0, 271.6), (244.0, 294.0), (258.0, 308.0), (280.4, 308.0), (302.8, 308.0), (308.4, 308.0), (308.4, 308.0), (314.0, 308.0), (319.6, 308.0), (319.6, 308.0), (325.2, 308.0), (330.8, 308.0), (330.8, 308.0), (336.4, 308.0), (342.0, 308.0), (342.0, 308.0), (347.6, 308.0), (353.2, 308.0), (353.2, 308.0), (364.4, 308.0), (375.6, 308.0), (398.0, 308.0), (420.4, 308.0), (434.4, 308.0), (434.4, 308.0), (434.4, 308.0), (434.4, 308.0), (434.4, 308.0), (434.4, 308.0), (434.4, 308.0), (434.4, 308.0), (434.4, 308.0), (434.4, 308.0), (434.4, 308.0), (434.4, 308.0), (434.4, 308.0), (434.4, 308.0), (434.4, 308.0), (434.4, 308.0), (434.4, 308.0), (434.4, 308.0), (434.4, 308.0), (434.4, 308.0), (434.4, 308.0), (434.4, 308.0), (434.4, 308.0), (434.4, 308.0), (434.4, 308.0)]",2,0,8.08
speedrunner,bomberman,8,Success,1,0,45.38,1.0,"[(48.0, 112.0), (70.4, 114.8), (101.2, 114.8), (115.2, 131.6), (115.2, 159.6), (126.4, 179.2), (151.6, 179.2), (176.8, 184.8), (179.6, 207.2), (179.6, 235.2), (199.2, 243.6), (227.2, 243.6), (244.0, 257.6), (244.0, 282.8), (249.6, 308.0), (272.0, 308.0), (294.4, 308.0), (316.8, 308.0), (333.6, 308.0), (333.6, 308.0), (339.2, 308.0), (344.8, 308.0), (344.8, 308.0), (350.4, 308.0), (350.4, 308.0), (356.0, 308.0), (361.6, 308.0), (361.6, 308.0), (361.6, 308.0), (367.2, 308.0), (367.2, 308.0), (384.0, 308.0), (406.4, 308.0), (428.8, 308.0), (434.4, 308.0), (434.4, 308.0), (434.4, 308.0), (434.4, 308.0), (434.4, 308.0), (434.4, 308.0), (434.4, 308.0), (434.4, 308.0), (434.4, 308.0), (434.4, 308.0), (434.4, 308.0), (434.4, 308.0), (434.4, 308.0), (434.4, 308.0), (434.4, 308.0), (434.4, 308.0), (434.4, 308.0), (434.4, 308.0), (434.4, 308.0), (434.4, 308.0), (434.4, 308.0), (434.4, 308.0), (434.4, 308.0), (434.4, 308.0), (434.4, 308.0), (434.4, 308.0), (434.4, 308.0)]",2,0,8.08
speedrunner,bomberman,8,Bomb,1,0,30.57,1.0,"[(48.0, 112.0), (70.4, 114.8), (101.2, 114.8), (115.2, 131.6), (115.2, 156.8), (123.6, 179.2), (146.0, 179.2), (174.0, 182.0), (179.6, 204.4), (179.6, 226.8), (190.8, 243.6), (216.0, 243.6), (241.2, 249.2), (244.0, 271.6), (244.0, 294.0), (258.0, 308.0), (263.6, 308.0), (269.2, 308.0), (269.2, 308.0), (274.8, 308.0), (280.4, 308.0), (286.0, 308.0), (286.0, 308.0), (291.6, 308.0), (297.2, 308.0), (302.8, 308.0), (302.8, 308.0), (308.4, 308.0), (314.0, 308.0), (314.0, 308.0), (325.2, 308.0), (336.4, 308.0), (347.6, 308.0), (353.2, 308.0), (358.8, 308.0), (381.2, 308.0), (403.6, 308.0), (426.0, 308.0), (434.4, 308.0), (434.4, 308.0), (434.4, 308.0), (434.4, 308.0), (434.4, 308.0), (434.4, 308.0), (434.4, 308.0), (434.4, 308.0), (434.4, 308.0), (434.4, 308.0), (434.4, 308.0), (434.4, 308.0), (434.4, 308.0), (434.4, 308.0), (434.4, 308.0), (434.4, 308.0), (434.4, 308.0), (434.4, 308.0), (434.4, 308.0), (434.4, 308.0), (434.4, 308.0), (434.4, 308.0), (434.4, 308.0), (434.4, 308.0), (434.4, 308.0), (434.4, 308.0), (434.4, 308.0), (434.4, 308.0), (434.4, 308.0), (434.4, 308.0), (434.4, 308.0), (434.4, 308.0), (434.4, 308.0), (434.4, 308.0), (434.4, 308.0), (434.4, 308.0), (434.4, 308.0), (434.4, 308.0), (434.4, 308.0), (434.4, 308.0), (434.4, 308.0), (434.4, 308.0), (434.4, 308.0), (434.4, 308.0), (434.4, 308.0), (434.4, 308.0), (434.4, 308.0), (434.4, 308.0), (434.4, 308.0), (434.4, 308.0), (434.4, 308.0), (434.4, 308.0), (434.4, 308.0)]",1,0,12.0
speedrunner,bomberman,8,Bomb,1,0,30.57,1.0,"[(48.0, 112.0), (70.4, 114.8), (101.2, 114.8), (115.2, 131.6), (115.2, 159.6), (126.4, 179.2), (151.6, 179.2), (176.8, 184.8), (179.6, 207.2), (179.6, 235.2), (199.2, 243.6), (227.2, 243.6), (244.0, 257.6), (244.0, 282.8), (249.6, 308.0), (272.0, 308.0), (288.8, 308.0), (294.4, 308.0), (294.4, 308.0), (300.0, 308.0), (300.0, 308.0), (305.6, 308.0), (311.2, 308.0), (311.2, 308.0), (316.8, 308.0), (316.8, 308.0), (322.4, 308.0), (328.0, 308.0), (328.0, 308.0), (333.6, 308.0), (333.6, 308.0), (344.8, 308.0), (350.4, 308.0), (356.0, 308.0), (372.8, 308.0), (395.2, 308.0), (417.6, 308.0), (434.4, 308.0), (434.4, 308.0), (434.4, 308.0), (434.4, 308.0), (434.4, 308.0), (434.4, 308.0), (434.4, 308.0), (434.4, 308.0), (434.4, 308.0), (434.4, 308.0), (434.4, 308.0), (434.4, 308.0), (434.4, 308.0), (434.4, 308.0), (434.4, 308.0), (434.4, 308.0), (434.4, 308.0), (434.4, 308.0), (434.4, 308.0), (434.4, 308.0), (434.4, 308.0), (434.4, 308.0), (434.4, 308.0), (434.4, 308.0), (434.4, 308.0), (434.4, 308.0), (434.4, 308.0), (434.4, 308.0), (434.4, 308.0), (434.4, 308.0), (434.4, 308.0), (434.4, 308.0), (434.4, 308.0), (434.4, 308.0), (434.4, 308.0), (434.4, 308.0), (434.4, 308.0), (434.4, 308.0), (434.4, 308.0), (434.4, 308.0), (434.4, 308.0), (434.4, 308.0), (434.4, 308.0), (434.4, 308.0), (434.4, 308.0), (434.4, 308.0), (434.4, 308.0), (434.4, 308.0), (434.4, 308.0), (434.4, 308.0), (434.4, 308.0), (434.4, 308.0), (434.4, 308.0), (434.4, 308.0)]",1,0,12.0
speedrunner,bomberman,8,Bomb,1,0,30.57,1.0,"[(48.0, 112.0), (70.4, 114.8), (101.2, 114.8), (115.2, 131.6), (115.2, 154.0), (123.6, 179.2), (146.0, 179.2), (174.0, 182.0), (179.6, 204.4), (179.6, 226.8), (190.8, 243.6), (216.0, 243.6), (241.2, 249.2), (244.0, 271.6), (244.0, 294.0), (258.0, 308.0), (280.4, 308.0), (302.8, 308.0), (302.8, 308.0), (308.4, 308.0), (314.0, 308.0), (314.0, 308.0), (319.6, 308.0), (319.6, 308.0), (325.2, 308.0), (330.8, 308.0), (336.4, 308.0), (336.4, 308.0), (342.0, 308.0), (347.6, 308.0), (347.6, 308.0), (353.2, 308.0), (364.4, 308.0), (364.4, 308.0), (364.4, 308.0), (378.4, 308.0), (400.8, 308.0), (423.2, 308.0), (434.4, 308.0), (434.4, 308.0), (434.4, 308.0), (434.4, 308.0), (434.4, 308.0), (434.4, 308.0), (434.4, 308.0), (434.4, 308.0), (434.4, 308.0), (434.4, 308.0), (434.4, 308.0), (434.4, 308.0), (434.4, 308.0), (434.4, 308.0), (434.4, 308.0), (434.4, 308.0), (434.4, 308.0), (434.4, 308.0), (434.4, 308.0), (434.4, 308.0), (434.4, 308.0), (434.4, 308.0), (434.4, 308.0), (434.4, 308.0), (434.4, 308.0), (434.4, 308.0), (434.4, 308.0), (434.4, 308.0), (434.4, 308.0), (434.4, 308.0), (434.4, 308.0), (434.4, 308.0), (434.4, 308.0), (434.4, 308.0), (434.4, 308.0), (434.4, 308.0), (434.4, 308.0), (434.4, 308.0), (434.4, 308.0), (434.4, 308.0), (434.4, 308.0), (434.4, 308.0), (434.4, 308.0), (434.4, 308.0), (434.4, 308.0), (434.4, 308.0), (434.4, 308.0), (434.4, 308.0), (434.4, 308.0), (434.4, 308.0), (434.4, 308.0), (434.4, 308.0), (434.4, 308.0)]",1,0,12.0
speedrunner,bomberman,8,Bomb,1,0,45.85,1.0,"[(48.0, 112.0), (70.4, 114.8), (101.2, 114.8), (115.2, 131.6), (115.2, 159.6), (126.4, 179.2), (151.6, 179.2), (176.8, 184.8), (179.6, 207.2), (179.6, 235.2), (199.2, 243.6), (227.2, 243.6), (244.0, 257.6), (244.0, 282.8), (249.6, 308.0), (272.0, 308.0), (294.4, 308.0), (316.8, 308.0), (333.6, 308.0), (339.2, 308.0), (344.8, 308.0), (344.8, 308.0), (350.4, 308.0), (356.0, 308.0), (361.6, 308.0), (361.6, 308.0), (361.6, 308.0), (367.2, 308.0), (367.2, 308.0), (378.4, 308.0), (400.8, 308.0), (423.2, 308.0), (434.4, 308.0), (434.4, 308.0), (434.4, 308.0), (434.4, 308.0), (434.4, 308.0), (434.4, 308.0), (434.4, 308.0), (434.4, 308.0), (434.4, 308.0), (434.4, 308.0), (434.4, 308.0), (434.4, 308.0), (434.4, 308.0), (434.4, 308.0), (434.4, 308.0), (434.4, 308.0), (434.4, 308.0), (434.4, 308.0), (434.4, 308.0), (434.4, 308.0), (434.4, 308.0), (434.4, 308.0), (434.4, 308.0), (434.4, 308.0), (434.4, 308.0), (434.4, 308.0), (434.4, 308.0), (434.4, 308.0), (434.4, 308.0)]",0,0,8.0
speedrunner,bomberman,8,Bomb,1,0,30.57,1.0,"[(48.0, 112.0), (70.4, 114.8), (101.2, 114.8), (115.2, 131.6), (115.2, 159.6), (126.4, 179.2), (151.6, 179.2), (176.8, 184.8), (179.6, 207.2), (179.6, 235.2), (199.2, 243.6), (227.2, 243.6), (244.0, 257.6), (244.0, 282.8), (249.6, 308.0), (272.0, 308.0), (294.4, 308.0), (305.6, 308.0), (311.2, 308.0), (311.2, 308.0), (316.8, 308.0), (322.4, 308.0), (322.4, 308.0), (322.4, 308.0), (322.4, 308.0), (328.0, 308.0), (328.0, 308.0), (333.6, 308.0), (333.6, 308.0), (339.2, 308.0), (344.8, 308.0), (356.0, 308.0), (372.8, 308.0), (395.2, 308.0), (417.6, 308.0), (434.4, 308.0), (434.4, 308.0), (434.4, 308.0), (434.4, 308.0), (434.4, 308.0), (434.4, 308.0), (434.4, 308.0), (434.4, 308.0), (434.4, 308.0), (434.4, 308.0), (434.4, 308.0), (434.4, 308.0), (434.4, 308.0), (434.4, 308.0), (434.4, 308.0), (434.4, 308.0), (434.4, 308.0), (434.4, 308.0), (434.4, 308.0), (434.4, 308.0), (434.4, 308.0), (434.4, 308.0), (434.4, 308.0), (434.4, 308.0), (434.4, 308.0), (434.4, 308.0), (434.4, 308.0), (434.4, 308.0), (434.4, 308.0), (434.4, 308.0), (434.4, 308.0), (434.4, 308.0), (434.4, 308.0), (434.4, 308.0), (434.4, 308.0), (434.4, 308.0), (434.4, 308.0), (434.4, 308.0), (434.4, 308.0), (434.4, 308.0), (434.4, 308.0), (434.4, 308.0), (434.4, 308.0), (434.4, 308.0), (434.4, 308.0), (434.4, 308.0), (434.4, 308.0), (434.4, 308.0), (434.4, 308.0), (434.4, 308.0), (434.4, 308.0), (434.4, 308.0), (434.4, 308.0), (434.4, 308.0), (434.4, 308.0), (434.4, 308.0)]",1,0,12.0
speedrunner,bomberman,8,Success,1,0,45.38,1.0,"[(48.0, 112.0), (70.4, 114.8), (101.2, 114.8), (115.2, 131.6), (115.2, 159.6), (126.4, 179.2), (151.6, 179.2), (176.8, 184.8), (179.6, 207.2), (179.6, 235.2), (199.2, 243.6), (227.2, 243.6), (244.0, 257.6), (244.0, 282.8), (249.6, 308.0), (272.0, 308.0), (294.4, 308.0), (316.8, 308.0), (322.4, 308.0), (328.0, 308.0), (328.0, 308.0), (333.6, 308.0), (333.6, 308.0), (339.2, 308.0), (344.8, 308.0), (344.8, 308.0), (350.4, 308.0), (356.0, 308.0), (361.6, 308.0), (361.6, 308.0), (367.2, 308.0), (372.8, 308.0), (395.2, 308.0), (417.6, 308.0), (434.4, 308.0), (434.4, 308.0), (434.4, 308.0), (434.4, 308.0), (434.4, 308.0), (434.4, 308.0), (434.4, 308.0), (434.4, 308.0), (434.4, 308.0), (434.4, 308.0), (434.4, 308.0), (434.4, 308.0), (434.4, 308.0), (434.4, 308.0), (434.4, 308.0), (434.4, 308.0), (434.4, 308.0), (434.4, 308.0), (434.4, 308.0), (434.4, 308.0), (434.4, 308.0), (434.4, 308.0), (434.4, 308.0), (434.4, 308.0), (434.4, 308.0), (434.4, 308.0), (434.4, 308.0)]",2,0,8.08
speedrunner,bomberman,8,Bomb,1,0,30.57,1.0,"[(48.0, 112.0), (70.4, 114.8), (101.2, 114.8), (115.2, 131.6), (115.2, 154.0), (123.6, 179.2), (146.0, 179.2), (174.0, 182.0), (179.6, 204.4), (179.6, 226.8), (190.8, 243.6), (216.0, 243.6), (241.2, 249.2), (244.0, 271.6), (244.0, 294.0), (258.0, 308.0), (280.4, 308.0), (280.4, 308.0), (286.0, 308.0), (286.0, 308.0), (291.6, 308.0), (297.2, 308.0), (297.2, 308.0), (302.8, 308.0), (308.4, 308.0), (308.4, 308.0), (314.0, 308.0), (319.6, 308.0), (325.2, 308.0), (330.8, 308.0), (336.4, 308.0), (342.0, 308.0), (353.2, 308.0), (358.8, 308.0), (364.4, 308.0), (370.0, 308.0), (392.4, 308.0), (414.8, 308.0), (434.4, 308.0), (434.4, 308.0), (434.4, 308.0), (434.4, 308.0), (434.4, 308.0), (434.4, 308.0), (434.4, 308.0), (434.4, 308.0), (434.4, 308.0), (434.4, 308.0), (434.4, 308.0), (434.4, 308.0), (434.4, 308.0), (434.4, 308.0), (434.4, 308.0), (434.4, 308.0), (434.4, 308.0), (434.4, 308.0), (434.4, 308.0), (434.4, 308.0), (434.4, 308.0), (434.4, 308.0), (434.4, 308.0), (434.4, 308.0), (434.4, 308.0), (434.4, 308.0), (434.4, 308.0), (434.4, 308.0), (434.4, 308.0), (434.4, 308.0), (434.4, 308.0), (434.4, 308.0), (434.4, 308.0), (434.4, 308.0), (434.4, 308.0), (434.4, 308.0), (434.4, 308.0), (434.4, 308.0), (434.4, 308.0), (434.4, 308.0), (434.4, 308.0), (434.4, 308.0), (434.4, 308.0), (434.4, 308.0), (434.4, 308.0), (434.4, 308.0), (434.4, 308.0), (434.4, 308.0), (434.4, 308.0), (434.4, 308.0), (434.4, 308.0), (434.4, 308.0), (434.4, 308.0)]",1,0,12.0
speedrunner,bomberman,8,Success,1,0,45.38,1.0,"[(48.0, 112.0), (70.4, 114.8), (101.2, 114.8), (115.2, 131.6), (115.2, 159.6), (126.4, 179.2), (151.6, 179.2), (176.8, 184.8), (179.6, 207.2), (179.6, 235.2), (199.2, 243.6), (227.2, 243.6), (244.0, 257.6), (244.0, 282.8), (249.6, 308.0), (272.0, 308.0), (294.4, 308.0), (316.8, 308.0), (322.4, 308.0), (328.0, 308.0), (328.0, 308.0), (333.6, 308.0), (333.6, 308.0), (339.2, 308.0), (344.8, 308.0), (344.8, 308.0), (350.4, 308.0), (356.0, 308.0), (361.6, 308.0), (361.6, 308.0), (367.2, 308.0), (372.8, 308.0), (395.2, 308.0), (417.6, 308.0), (434.4, 308.0), (434.4, 308.0), (434.4, 308.0), (434.4, 308.0), (434.4, 308.0), (434.4, 308.0), (434.4, 308.0), (434.4, 308.0), (434.4, 308.0), (434.4, 308.0), (434.4, 308.0), (434.4, 308.0), (434.4, 308.0), (434.4, 308.0), (434.4, 308.0), (434.4, 308.0), (434.4, 308.0), (434.4, 308.0), (434.4, 308.0), (434.4, 308.0), (434.4, 308.0), (434.4, 308.0), (434.4, 308.0), (434.4, 308.0), (434.4, 308.0), (434.4, 308.0), (434.4, 308.0)]",2,0,8.08
speedrunner,bomberman,8,Success,1,0,45.38,1.0,"[(48.0, 112.0), (70.4, 114.8), (101.2, 114.8), (115.2, 131.6), (115.2, 159.6), (126.4, 179.2), (151.6, 179.2), (176.8, 184.8), (179.6, 207.2), (179.6, 235.2), (199.2, 243.6), (227.2, 243.6), (244.0, 257.6), (244.0, 282.8), (249.6, 308.0), (272.0, 308.0), (294.4, 308.0), (316.8, 308.0), (333.6, 308.0), (333.6, 308.0), (339.2, 308.0), (344.8, 308.0), (344.8, 308.0), (350.4, 308.0), (350.4, 308.0), (356.0, 308.0), (361.6, 308.0), (361.6, 308.0), (361.6, 308.0), (367.2, 308.0), (367.2, 308.0), (384.0, 308.0), (406.4, 308.0), (428.8, 308.0), (434.4, 308.0), (434.4, 308.0), (434.4, 308.0), (434.4, 308.0), (434.4, 308.0), (434.4, 308.0), (434.4, 308.0), (434.4, 308.0), (434.4, 308.0), (434.4, 308.0), (434.4, 308.0), (434.4, 308.0), (434.4, 308.0), (434.4, 308.0), (434.4, 308.0), (434.4, 308.0), (434.4, 308.0), (434.4, 308.0), (434.4, 308.0), (434.4, 308.0), (434.4, 308.0), (434.4, 308.0), (434.4, 308.0), (434.4, 308.0), (434.4, 308.0), (434.4, 308.0), (434.4, 308.0)]",2,0,8.08
speedrunner,bomberman,8,Success,1,0,45.38,1.0,"[(48.0, 112.0), (70.4, 114.8), (101.2, 114.8), (115.2, 131.6), (115.2, 156.8), (123.6, 179.2), (146.0, 179.2), (174.0, 182.0), (179.6, 204.4), (179.6, 226.8), (190.8, 243.6), (216.0, 243.6), (241.2, 249.2), (244.0, 271.6), (244.0, 294.0), (258.0, 308.0), (280.4, 308.0), (302.8, 308.0), (308.4, 308.0), (308.4, 308.0), (314.0, 308.0), (319.6, 308.0), (319.6, 308.0), (325.2, 308.0), (330.8, 308.0), (330.8, 308.0), (336.4, 308.0), (342.0, 308.0), (342.0, 308.0), (347.6, 308.0), (353.2, 308.0), (353.2, 308.0), (364.4, 308.0), (375.6, 308.0), (398.0, 308.0), (420.4, 308.0), (434.4, 308.0), (434.4, 308.0), (434.4, 308.0), (434.4, 308.0), (434.4, 308.0), (434.4, 308.0), (434.4, 308.0), (434.4, 308.0), (434.4, 308.0), (434.4, 308.0), (434.4, 308.0), (434.4, 308.0), (434.4, 308.0), (434.4, 308.0), (434.4, 308.0), (434.4, 308.0), (434.4, 308.0), (434.4, 308.0), (434.4, 308.0), (434.4, 308.0), (434.4, 308.0), (434.4, 308.0), (434.4, 308.0), (434.4, 308.0), (434.4, 308.0)]",2,0,8.08
speedrunner,bomberman,8,Success,1,0,45.38,1.0,"[(48.0, 112.0), (70.4, 114.8), (101.2, 114.8), (115.2, 131.6), (115.2, 159.6), (126.4, 179.2), (151.6, 179.2), (176.8, 184.8), (179.6, 207.2), (179.6, 235.2), (199.2, 243.6), (227.2, 243.6), (244.0, 257.6), (244.0, 282.8), (249.6, 308.0), (272.0, 308.0), (294.4, 308.0), (316.8, 308.0), (328.0, 308.0), (333.6, 308.0), (333.6, 308.0), (339.2, 308.0), (344.8, 308.0), (344.8, 308.0), (350.4, 308.0), (350.4, 308.0), (350.4, 308.0), (356.0, 308.0), (356.0, 308.0), (361.6, 308.0), (361.6, 308.0), (367.2, 308.0), (389.6, 308.0), (412.0, 308.0), (434.4, 308.0), (434.4, 308.0), (434.4, 308.0), (434.4, 308.0), (434.4, 308.0), (434.4, 308.0), (434.4, 308.0), (434.4, 308.0), (434.4, 308.0), (434.4, 308.0), (434.4, 308.0), (434.4, 308.0), (434.4, 308.0), (434.4, 308.0), (434.4, 308.0), (434.4, 308.0), (434.4, 308.0), (434.4, 308.0), (434.4, 308.0), (434.4, 308.0), (434.4, 308.0), (434.4, 308.0), (434.4, 308.0), (434.4, 308.0), (434.4, 308.0), (434.4, 308.0), (434.4, 308.0)]",2,0,8.08
speedrunner,bomberman,8,Bomb,1,0,30.57,1.0,"[(48.0, 112.0), (70.4, 114.8), (101.2, 114.8), (115.2, 131.6), (115.2, 159.6), (126.4, 179.2), (151.6, 179.2), (176.8, 184.8), (179.6, 207.2), (179.6, 235.2), (199.2, 243.6), (227.2, 243.6), (244.0, 257.6), (244.0, 282.8), (249.6, 308.0), (272.0, 308.0), (294.4, 308.0), (316.8, 308.0), (333.6, 308.0), (339.2, 308.0), (344.8, 308.0), (344.8, 308.0), (350.4, 308.0), (350.4, 308.0), (350.4, 308.0), (350.4, 308.0), (350.4, 308.0), (350.4, 308.0), (350.4, 308.0), (350.4, 308.0), (350.4, 308.0), (361.6, 308.0), (378.4, 308.0), (400.8, 308.0), (423.2, 308.0), (434.4, 308.0), (434.4, 308.0), (434.4, 308.0), (434.4, 308.0), (434.4, 308.0), (434.4, 308.0), (434.4, 308.0), (434.4, 308.0), (434.4, 308.0), (434.4, 308.0), (434.4, 308.0), (434.4, 308.0), (434.4, 308.0), (434.4, 308.0), (434.4, 308.0), (434.4, 308.0), (434.4, 308.0), (434.4, 308.0), (434.4, 308.0), (434.4, 308.0), (434.4, 308.0), (434.4, 308.0), (434.4, 308.0), (434.4, 308.0), (434.4, 308.0), (434.4, 308.0), (434.4, 308.0), (434.4, 308.0), (434.4, 308.0), (434.4, 308.0), (434.4, 308.0), (434.4, 308.0), (434.4, 308.0), (434.4, 308.0), (434.4, 308.0), (434.4, 308.0), (434.4, 308.0), (434.4, 308.0), (434.4, 308.0), (434.4, 308.0), (434.4, 308.0), (434.4, 308.0), (434.4, 308.0), (434.4, 308.0), (434.4, 308.0), (434.4, 308.0), (434.4, 308.0), (434.4, 308.0), (434.4, 308.0), (434.4, 308.0), (434.4, 308.0), (434.4, 308.0), (434.4, 308.0), (434.4, 308.0), (434.4, 308.0), (434.4, 308.0)]",1,0,12.0
speedrunner,bomberman,8,Bomb,1,0,30.57,1.0,"[(48.0, 112.0), (70.4, 114.8), (101.2, 114.8), (115.2, 131.6), (115.2, 159.6), (126.4, 179.2), (151.6, 179.2), (176.8, 184.8), (179.6, 207.2), (179.6, 229.6), (193.6, 243.6), (221.6, 243.6), (244.0, 252.0), (244.0, 274.4), (244.0, 296.8), (260.8, 308.0), (283.2, 308.0), (288.8, 308.0), (288.8, 308.0), (288.8, 308.0), (288.8, 308.0), (288.8, 308.0), (288.8, 308.0), (288.8, 308.0), (288.8, 308.0), (288.8, 308.0), (294.4, 308.0), (294.4, 308.0), (300.0, 308.0), (305.6, 308.0), (305.6, 308.0), (316.8, 308.0), (333.6, 308.0), (333.6, 308.0), (353.2, 308.0), (353.2, 308.0), (353.2, 308.0), (353.2, 308.0), (353.2, 308.0), (353.2, 308.0), (353.2, 308.0), (353.2, 308.0), (353.2, 308.0), (353.2, 308.0), (356.0, 308.0), (361.6, 308.0), (367.2, 308.0), (370.0, 308.0), (392.4, 308.0), (414.8, 308.0), (434.4, 308.0), (434.4, 308.0), (434.4, 308.0), (434.4, 308.0), (434.4, 308.0), (434.4, 308.0), (434.4, 308.0), (434.4, 308.0), (434.4, 308.0), (434.4, 308.0), (434.4, 308.0), (434.4, 308.0), (434.4, 308.0), (434.4, 308.0), (434.4, 308.0), (434.4, 308.0), (434.4, 308.0), (434.4, 308.0), (434.4, 308.0), (434.4, 308.0), (434.4, 308.0), (434.4, 308.0), (434.4, 308.0), (434.4, 308.0), (434.4, 308.0), (434.4, 308.0), (434.4, 308.0), (434.4, 308.0), (434.4, 308.0), (434.4, 308.0), (434.4, 308.0), (434.4, 308.0), (434.4, 308.0), (434.4, 308.0), (434.4, 308.0), (434.4, 308.0), (434.4, 308.0), (434.4, 308.0), (434.4, 308.0), (434.4, 308.0), (434.4, 308.0)]",0,0,12.0
speedrunner,bomberman,8,Success,1,0,45.38,1.0,"[(48.0, 112.0), (70.4, 114.8), (101.2, 114.8), (115.2, 131.6), (115.2, 159.6), (126.4, 179.2), (151.6, 179.2), (176.8, 184.8), (179.6, 207.2), (179.6, 229.6), (193.6, 243.6), (221.6, 243.6), (244.0, 252.0), (244.0, 274.4), (244.0, 302.4), (266.4, 308.0), (288.8, 308.0), (311.2, 308.0), (333.6, 308.0), (344.8, 308.0), (350.4, 308.0), (350.4, 308.0), (350.4, 308.0), (350.4, 308.0), (350.4, 308.0), (350.4, 308.0), (356.0, 308.0), (361.6, 308.0), (361.6, 308.0), (367.2, 308.0), (367.2, 308.0), (384.0, 308.0), (406.4, 308.0), (428.8, 308.0), (434.4, 308.0), (434.4, 308.0), (434.4, 308.0), (434.4, 308.0), (434.4, 308.0), (434.4, 308.0), (434.4, 308.0), (434.4, 308.0), (434.4, 308.0), (434.4, 308.0), (434.4, 308.0), (434.4, 308.0), (434.4, 308.0), (434.4, 308.0), (434.4, 308.0), (434.4, 308.0), (434.4, 308.0), (434.4, 308.0), (434.4, 308.0), (434.4, 308.0), (434.4, 308.0), (434.4, 308.0), (434.4, 308.0), (434.4, 308.0), (434.4, 308.0), (434.4, 308.0), (434.4, 308.0)]",2,0,8.08
speedrunner,bomberman,8,Success,1,0,45.38,1.0,"[(48.0, 112.0), (70.4, 114.8), (101.2, 114.8), (115.2, 131.6), (115.2, 159.6), (126.4, 179.2), (151.6, 179.2), (176.8, 184.8), (179.6, 207.2), (179.6, 235.2), (199.2, 243.6), (227.2, 243.6), (244.0, 257.6), (244.0, 282.8), (249.6, 308.0), (272.0, 308.0), (294.4, 308.0), (316.8, 308.0), (333.6, 308.0), (333.6, 308.0), (339.2, 308.0), (344.8, 308.0), (344.8, 308.0), (350.4, 308.0), (350.4, 308.0), (350.4, 308.0), (356.0, 308.0), (356.0, 308.0), (361.6, 308.0), (361.6, 308.0), (367.2, 308.0), (372.8, 308.0), (395.2, 308.0), (417.6, 308.0), (434.4, 308.0), (434.4, 308.0), (434.4, 308.0), (434.4, 308.0), (434.4, 308.0), (434.4, 308.0), (434.4, 308.0), (434.4, 308.0), (434.4, 308.0), (434.4, 308.0), (434.4, 308.0), (434.4, 308.0), (434.4, 308.0), (434.4, 308.0), (434.4, 308.0), (434.4, 308.0), (434.4, 308.0), (434.4, 308.0), (434.4, 308.0), (434.4, 308.0), (434.4, 308.0), (434.4, 308.0), (434.4, 308.0), (434.4, 308.0), (434.4, 308.0), (434.4, 308.0), (434.4, 308.0)]",2,0,8.08
speedrunner,bomberman,8,Success,1,0,45.38,1.0,"[(48.0, 112.0), (70.4, 114.8), (101.2, 114.8), (115.2, 131.6), (115.2, 159.6), (126.4, 179.2), (151.6, 179.2), (176.8, 184.8), (179.6, 207.2), (179.6, 229.6), (193.6, 243.6), (221.6, 243.6), (244.0, 252.0), (244.0, 274.4), (244.0, 296.8), (260.8, 308.0), (283.2, 308.0), (305.6, 308.0), (328.0, 308.0), (333.6, 308.0), (333.6, 308.0), (339.2, 308.0), (344.8, 308.0), (350.4, 308.0), (350.4, 308.0), (350.4, 308.0), (350.4, 308.0), (350.4, 308.0), (356.0, 308.0), (356.0, 308.0), (361.6, 308.0), (367.2, 308.0), (384.0, 308.0), (406.4, 308.0), (428.8, 308.0), (434.4, 308.0), (434.4, 308.0), (434.4, 308.0), (434.4, 308.0), (434.4, 308.0), (434.4, 308.0), (434.4, 308.0), (434.4, 308.0), (434.4, 308.0), (434.4, 308.0), (434.4, 308.0), (434.4, 308.0), (434.4, 308.0), (434.4, 308.0), (434.4, 308.0), (434.4, 308.0), (434.4, 308.0), (434.4, 308.0), (434.4, 308.0), (434.4, 308.0), (434.4, 308.0), (434.4, 308.0), (434.4, 308.0), (434.4, 308.0), (434.4, 308.0), (434.4, 308.0)]",2,0,8.08
speedrunner,bomberman,8,Bomb,1,0,45.85,1.0,"[(48.0, 112.0), (70.4, 114.8), (101.2, 114.8), (115.2, 131.6), (115.2, 159.6), (126.4, 179.2), (151.6, 179.2), (176.8, 184.8), (179.6, 207.2), (179.6, 235.2), (199.2, 243.6), (227.2, 243.6), (244.0, 257.6), (244.0, 282.8), (249.6, 308.0), (272.0, 308.0), (294.4, 308.0), (316.8, 308.0), (339.2, 308.0), (344.8, 308.0), (350.4, 308.0), (361.6, 308.0), (367.2, 308.0), (367.2, 308.0), (367.2, 308.0), (378.4, 308.0), (400.8, 308.0), (423.2, 308.0), (434.4, 308.0), (434.4, 308.0), (434.4, 308.0), (434.4, 308.0), (434.4, 308.0), (434.4, 308.0), (434.4, 308.0), (434.4, 308.0), (434.4, 308.0), (434.4, 308.0), (434.4, 308.0), (434.4, 308.0), (434.4, 308.0), (434.4, 308.0), (434.4, 308.0), (434.4, 308.0), (434.4, 308.0), (434.4, 308.0), (434.4, 308.0), (434.4, 308.0), (434.4, 308.0), (434.4, 308.0), (434.4, 308.0), (434.4, 308.0), (434.4, 308.0), (434.4, 308.0), (434.4, 308.0), (434.4, 308.0), (434.4, 308.0), (434.4, 308.0), (434.4, 308.0), (434.4, 308.0), (434.4, 308.0)]",0,0,8.0
speedrunner,bomberman,8,Success,1,0,45.38,1.0,"[(48.0, 112.0), (70.4, 114.8), (101.2, 114.8), (115.2, 131.6), (115.2, 159.6), (126.4, 179.2), (151.6, 179.2), (176.8, 184.8), (179.6, 207.2), (179.6, 229.6), (193.6, 243.6), (221.6, 243.6), (244.0, 252.0), (244.0, 274.4), (244.0, 296.8), (260.8, 308.0), (283.2, 308.0), (305.6, 308.0), (328.0, 308.0), (333.6, 308.0), (333.6, 308.0), (339.2, 308.0), (344.8, 308.0), (350.4, 308.0), (350.4, 308.0), (350.4, 308.0), (350.4, 308.0), (350.4, 308.0), (356.0, 308.0), (356.0, 308.0), (361.6, 308.0), (367.2, 308.0), (384.0, 308.0), (406.4, 308.0), (428.8, 308.0), (434.4, 308.0), (434.4, 308.0), (434.4, 308.0), (434.4, 308.0), (434.4, 308.0), (434.4, 308.0), (434.4, 308.0), (434.4, 308.0), (434.4, 308.0), (434.4, 308.0), (434.4, 308.0), (434.4, 308.0), (434.4, 308.0), (434.4, 308.0), (434.4, 308.0), (434.4, 308.0), (434.4, 308.0), (434.4, 308.0), (434.4, 308.0), (434.4, 308.0), (434.4, 308.0), (434.4, 308.0), (434.4, 308.0), (434.4, 308.0), (434.4, 308.0), (434.4, 308.0)]",2,0,8.08
speedrunner,bomberman,8,Success,1,0,45.38,1.0,"[(48.0, 112.0), (70.4, 114.8), (101.2, 114.8), (115.2, 131.6), (115.2, 159.6), (126.4, 179.2), (151.6, 179.2), (176.8, 184.8), (179.6, 207.2), (179.6, 235.2), (199.2, 243.6), (227.2, 243.6), (244.0, 257.6), (244.0, 282.8), (249.6, 308.0), (272.0, 308.0), (294.4, 308.0), (316.8, 308.0), (333.6, 308.0), (333.6, 308.0), (339.2, 308.0), (344.8, 308.0), (344.8, 308.0), (350.4, 308.0), (350.4, 308.0), (350.4, 308.0), (356.0, 308.0), (356.0, 308.0), (361.6, 308.0), (361.6, 308.0), (367.2, 308.0), (372.8, 308.0), (395.2, 308.0), (417.6, 308.0), (434.4, 308.0), (434.4, 308.0), (434.4, 308.0), (434.4, 308.0), (434.4, 308.0), (434.4, 308.0), (434.4, 308.0), (434.4, 308.0), (434.4, 308.0), (434.4, 308.0), (434.4, 308.0), (434.4, 308.0), (434.4, 308.0), (434.4, 308.0), (434.4, 308.0), (434.4, 308.0), (434.4, 308.0), (434.4, 308.0), (434.4, 308.0), (434.4, 308.0), (434.4, 308.0), (434.4, 308.0), (434.4, 308.0), (434.4, 308.0), (434.4, 308.0), (434.4, 308.0), (434.4, 308.0)]",2,0,8.08
speedrunner,bomberman,8,Success,1,0,45.38,1.0,"[(48.0, 112.0), (70.4, 114.8), (101.2, 114.8), (115.2, 131.6), (115.2, 159.6), (126.4, 179.2), (151.6, 179.2), (176.8, 184.8), (179.6, 207.2), (179.6, 229.6), (193.6, 243.6), (221.6, 243.6), (244.0, 252.0), (244.0, 274.4), (244.0, 302.4), (266.4, 308.0), (288.8, 308.0), (311.2, 308.0), (333.6, 308.0), (344.8, 308.0), (350.4, 308.0), (350.4, 308.0), (350.4, 308.0), (350.4, 308.0), (350.4, 308.0), (350.4, 308.0), (356.0, 308.0), (361.6, 308.0), (361.6, 308.0), (367.2, 308.0), (367.2, 308.0), (384.0, 308.0), (406.4, 308.0), (428.8, 308.0), (434.4, 308.0), (434.4, 308.0), (434.4, 308.0), (434.4, 308.0), (434.4, 308.0), (434.4, 308.0), (434.4, 308.0), (434.4, 308.0), (434.4, 308.0), (434.4, 308.0), (434.4, 308.0), (434.4, 308.0), (434.4, 308.0), (434.4, 308.0), (434.4, 308.0), (434.4, 308.0), (434.4, 308.0), (434.4, 308.0), (434.4, 308.0), (434.4, 308.0), (434.4, 308.0), (434.4, 308.0), (434.4, 308.0), (434.4, 308.0), (434.4, 308.0), (434.4, 308.0), (434.4, 308.0)]",2,0,8.08
speedrunner,bomberman,8,Success,1,0,45.38,1.0,"[(48.0, 112.0), (70.4, 114.8), (101.2, 114.8), (115.2, 131.6), (115.2, 159.6), (126.4, 179.2), (151.6, 179.2), (176.8, 184.8), (179.6, 207.2), (179.6, 235.2), (199.2, 243.6), (227.2, 243.6), (244.0, 257.6), (244.0, 282.8), (249.6, 308.0), (272.0, 308.0), (294.4, 308.0), (316.8, 308.0), (328.0, 308.0), (333.6, 308.0), (333.6, 308.0), (339.2, 308.0), (344.8, 308.0), (344.8, 308.0), (350.4, 308.0), (350.4, 308.0), (350.4, 308.0), (356.0, 308.0), (356.0, 308.0), (361.6, 308.0), (361.6, 308.0), (367.2, 308.0), (389.6, 308.0), (412.0, 308.0), (434.4, 308.0), (434.4, 308.0), (434.4, 308.0), (434.4, 308.0), (434.4, 308.0), (434.4, 308.0), (434.4, 308.0), (434.4, 308.0), (434.4, 308.0), (434.4, 308.0), (434.4, 308.0), (434.4, 308.0), (434.4, 308.0), (434.4, 308.0), (434.4, 308.0), (434.4, 308.0), (434.4, 308.0), (434.4, 308.0), (434.4, 308.0), (434.4, 308.0), (434.4, 308.0), (434.4, 308.0), (434.4, 308.0), (434.4, 308.0), (434.4, 308.0), (434.4, 308.0), (434.4, 308.0)]",2,0,8.08
speedrunner,bomberman,8,Bomb,1,0,45.85,1.0,"[(48.0, 112.0), (70.4, 114.8), (101.2, 114.8), (115.2, 131.6), (115.2, 159.6), (126.4, 179.2), (151.6, 179.2), (176.8, 184.8), (179.6, 207.2), (179.6, 229.6), (193.6, 243.6), (221.6, 243.6), (244.0, 252.0), (244.0, 274.4), (244.0, 302.4), (266.4, 308.0), (288.8, 308.0), (311.2, 308.0), (333.6, 308.0), (356.0, 308.0), (378.4, 308.0), (400.8, 308.0), (423.2, 308.0), (434.4, 308.0), (434.4, 308.0), (434.4, 308.0), (434.4, 308.0), (434.4, 308.0), (434.4, 308.0), (434.4, 308.0), (434.4, 308.0), (434.4, 308.0), (434.4, 308.0), (434.4, 308.0), (434.4, 308.0), (434.4, 308.0), (434.4, 308.0), (434.4, 308.0), (434.4, 308.0), (434.4, 308.0), (434.4, 308.0), (434.4, 308.0), (434.4, 308.0), (434.4, 308.0), (434.4, 308.0), (434.4, 308.0), (434.4, 308.0), (434.4, 308.0), (434.4, 308.0), (434.4, 308.0), (434.4, 308.0), (434.4, 308.0), (434.4, 308.0), (434.4, 308.0), (434.4, 308.0), (434.4, 308.0), (434.4, 308.0), (434.4, 308.0), (434.4, 308.0), (434.4, 308.0), (434.4, 308.0)]",0,0,8.0
speedrunner,bomberman,8,Success,1,0,45.38,1.0,"[(48.0, 112.0), (70.4, 114.8), (101.2, 114.8), (115.2, 131.6), (115.2, 154.0), (118.0, 176.4), (140.4, 179.2), (168.4, 179.2), (179.6, 198.8), (179.6, 221.2), (185.2, 243.6), (207.6, 243.6), (235.6, 243.6), (244.0, 266.0), (244.0, 288.4), (252.4, 308.0), (274.8, 308.0), (297.2, 308.0), (319.6, 308.0), (319.6, 308.0), (325.2, 308.0), (325.2, 308.0), (330.8, 308.0), (336.4, 308.0), (336.4, 308.0), (342.0, 308.0), (347.6, 308.0), (347.6, 308.0), (353.2, 308.0), (353.2, 308.0), (353.2, 308.0), (358.8, 308.0), (370.0, 308.0), (392.4, 308.0), (414.8, 308.0), (434.4, 308.0), (434.4, 308.0), (434.4, 308.0), (434.4, 308.0), (434.4, 308.0), (434.4, 308.0), (434.4, 308.0), (434.4, 308.0), (434.4, 308.0), (434.4, 308.0), (434.4, 308.0), (434.4, 308.0), (434.4, 308.0), (434.4, 308.0), (434.4, 308.0), (434.4, 308.0), (434.4, 308.0), (434.4, 308.0), (434.4, 308.0), (434.4, 308.0), (434.4, 308.0), (434.4, 308.0), (434.4, 308.0), (434.4, 308.0), (434.4, 308.0), (434.4, 308.0)]",2,0,8.08
speedrunner,bomberman,8,Bomb,1,0,45.85,1.0,"[(48.0, 112.0), (70.4, 114.8), (101.2, 114.8), (115.2, 131.6), (115.2, 159.6), (126.4, 179.2), (151.6, 179.2), (176.8, 184.8), (179.6, 207.2), (179.6, 229.6), (193.6, 243.6), (221.6, 243.6), (244.0, 252.0), (244.0, 274.4), (244.0, 296.8), (260.8, 308.0), (283.2, 308.0), (305.6, 308.0), (328.0, 308.0), (333.6, 308.0), (339.2, 308.0), (344.8, 308.0), (344.8, 308.0), (356.0, 308.0), (356.0, 308.0), (361.6, 308.0), (361.6, 308.0), (367.2, 308.0), (367.2, 308.0), (378.4, 308.0), (400.8, 308.0), (423.2, 308.0), (434.4, 308.0), (434.4, 308.0), (434.4, 308.0), (434.4, 308.0), (434.4, 308.0), (434.4, 308.0), (434.4, 308.0), (434.4, 308.0), (434.4, 308.0), (434.4, 308.0), (434.4, 308.0), (434.4, 308.0), (434.4, 308.0), (434.4, 308.0), (434.4, 308.0), (434.4, 308.0), (434.4, 308.0), (434.4, 308.0), (434.4, 308.0), (434.4, 308.0), (434.4, 308.0), (434.4, 308.0), (434.4, 308.0), (434.4, 308.0), (434.4, 308.0), (434.4, 308.0), (434.4, 308.0), (434.4, 308.0), (434.4, 308.0)]",0,0,8.0
speedrunner,bomberman,8,Bomb,1,0,30.57,1.0,"[(48.0, 112.0), (70.4, 114.8), (101.2, 114.8), (115.2, 131.6), (115.2, 159.6), (126.4, 179.2), (151.6, 179.2), (176.8, 184.8), (179.6, 207.2), (179.6, 235.2), (199.2, 243.6), (227.2, 243.6), (244.0, 257.6), (244.0, 282.8), (249.6, 308.0), (272.0, 308.0), (294.4, 308.0), (305.6, 308.0), (311.2, 308.0), (316.8, 308.0), (316.8, 308.0), (322.4, 308.0), (322.4, 308.0), (322.4, 308.0), (328.0, 308.0), (328.0, 308.0), (333.6, 308.0), (339.2, 308.0), (344.8, 308.0), (344.8, 308.0), (350.4, 308.0), (361.6, 308.0), (378.4, 308.0), (400.8, 308.0), (423.2, 308.0), (434.4, 308.0), (434.4, 308.0), (434.4, 308.0), (434.4, 308.0), (434.4, 308.0), (434.4, 308.0), (434.4, 308.0), (434.4, 308.0), (434.4, 308.0), (434.4, 308.0), (434.4, 308.0), (434.4, 308.0), (434.4, 308.0), (434.4, 308.0), (434.4, 308.0), (434.4, 308.0), (434.4, 308.0), (434.4, 308.0), (434.4, 308.0), (434.4, 308.0), (434.4, 308.0), (434.4, 308.0), (434.4, 308.0), (434.4, 308.0), (434.4, 308.0), (434.4, 308.0), (434.4, 308.0), (434.4, 308.0), (434.4, 308.0), (434.4, 308.0), (434.4, 308.0), (434.4, 308.0), (434.4, 308.0), (434.4, 308.0), (434.4, 308.0), (434.4, 308.0), (434.4, 308.0), (434.4, 308.0), (434.4, 308.0), (434.4, 308.0), (434.4, 308.0), (434.4, 308.0), (434.4, 308.0), (434.4, 308.0), (434.4, 308.0), (434.4, 308.0), (434.4, 308.0), (434.4, 308.0), (434.4, 308.0), (434.4, 308.0), (434.4, 308.0), (434.4, 308.0), (434.4, 308.0), (434.4, 308.0), (434.4, 308.0), (434.4, 308.0)]",1,0,12.0
speedrunner,bomberman,8,Success,1,0,45.38,1.0,"[(48.0, 112.0), (70.4, 109.2), (101.2, 112.0), (115.2, 131.6), (115.2, 159.6), (126.4, 179.2), (151.6, 173.6), (176.8, 184.8), (179.6, 207.2), (179.6, 235.2), (199.2, 243.6), (227.2, 243.6), (244.0, 257.6), (244.0, 282.8), (249.6, 308.0), (272.0, 308.0), (294.4, 308.0), (316.8, 308.0), (333.6, 308.0), (333.6, 308.0), (339.2, 308.0), (339.2, 308.0), (344.8, 308.0), (344.8, 308.0), (350.4, 308.0), (350.4, 308.0), (356.0, 308.0), (361.6, 308.0), (361.6, 308.0), (361.6, 308.0), (367.2, 308.0), (389.6, 308.0), (412.0, 308.0), (434.4, 308.0), (434.4, 308.0), (434.4, 308.0), (434.4, 308.0), (434.4, 308.0), (434.4, 308.0), (434.4, 308.0), (434.4, 308.0), (434.4, 308.0), (434.4, 308.0), (434.4, 308.0), (434.4, 308.0), (434.4, 308.0), (434.4, 308.0), (434.4, 308.0), (434.4, 308.0), (434.4, 308.0), (434.4, 308.0), (434.4, 308.0), (434.4, 308.0), (434.4, 308.0), (434.4, 308.0), (434.4, 308.0), (434.4, 308.0), (434.4, 308.0), (434.4, 308.0), (434.4, 308.0), (434.4, 308.0)]",2,0,8.08
speedrunner,bomberman,8,Success,1,0,45.38,1.0,"[(48.0, 112.0), (70.4, 114.8), (101.2, 114.8), (115.2, 131.6), (115.2, 159.6), (126.4, 179.2), (151.6, 179.2), (176.8, 184.8), (179.6, 207.2), (179.6, 235.2), (199.2, 243.6), (227.2, 243.6), (244.0, 257.6), (244.0, 282.8), (249.6, 308.0), (272.0, 308.0), (294.4, 308.0), (316.8, 308.0), (328.0, 308.0), (333.6, 308.0), (333.6, 308.0), (339.2, 308.0), (344.8, 308.0), (344.8, 308.0), (350.4, 308.0), (350.4, 308.0), (350.4, 308.0), (350.4, 308.0), (356.0, 308.0), (361.6, 308.0), (361.6, 308.0), (367.2, 308.0), (384.0, 308.0), (406.4, 308.0), (428.8, 308.0), (434.4, 308.0), (434.4, 308.0), (434.4, 308.0), (434.4, 308.0), (434.4, 308.0), (434.4, 308.0), (434.4, 308.0), (434.4, 308.0), (434.4, 308.0), (434.4, 308.0), (434.4, 308.0), (434.4, 308.0), (434.4, 308.0), (434.4, 308.0), (434.4, 308.0), (434.4, 308.0), (434.4, 308.0), (434.4, 308.0), (434.4, 308.0), (434.4, 308.0), (434.4, 308.0), (434.4, 308.0), (434.4, 308.0), (434.4, 308.0), (434.4, 308.0), (434.4, 308.0)]",2,0,8.08
speedrunner,bomberman,8,Success,1,0,45.38,1.0,"[(48.0, 112.0), (70.4, 114.8), (101.2, 114.8), (115.2, 131.6), (115.2, 159.6), (126.4, 179.2), (151.6, 179.2), (176.8, 184.8), (179.6, 207.2), (179.6, 235.2), (199.2, 243.6), (227.2, 243.6), (244.0, 257.6), (244.0, 282.8), (249.6, 308.0), (272.0, 308.0), (294.4, 308.0), (316.8, 308.0), (328.0, 308.0), (333.6, 308.0), (333.6, 308.0), (339.2, 308.0), (344.8, 308.0), (344.8, 308.0), (350.4, 308.0), (350.4, 308.0), (350.4, 308.0), (350.4, 308.0), (356.0, 308.0), (361.6, 308.0), (361.6, 308.0), (367.2, 308.0), (384.0, 308.0), (406.4, 308.0), (428.8, 308.0), (434.4, 308.0), (434.4, 308.0), (434.4, 308.0), (434.4, 308.0), (434.4, 308.0), (434.4, 308.0), (434.4, 308.0), (434.4, 308.0), (434.4, 308.0), (434.4, 308.0), (434.4, 308.0), (434.4, 308.0), (434.4, 308.0), (434.4, 308.0), (434.4, 308.0), (434.4, 308.0), (434.4, 308.0), (434.4, 308.0), (434.4, 308.0), (434.4, 308.0), (434.4, 308.0), (434.4, 308.0), (434.4, 308.0), (434.4, 308.0), (434.4, 308.0), (434.4, 308.0)]",2,0,8.08
speedrunner,bomberman,8,Success,1,0,45.38,1.0,"[(48.0, 112.0), (70.4, 109.2), (101.2, 112.0), (115.2, 131.6), (115.2, 159.6), (126.4, 179.2), (151.6, 173.6), (176.8, 184.8), (179.6, 207.2), (179.6, 235.2), (199.2, 243.6), (227.2, 243.6), (244.0, 257.6), (244.0, 282.8), (249.6, 308.0), (272.0, 308.0), (294.4, 308.0), (316.8, 308.0), (333.6, 308.0), (333.6, 308.0), (339.2, 308.0), (339.2, 308.0), (344.8, 308.0), (344.8, 308.0), (350.4, 308.0), (350.4, 308.0), (356.0, 308.0), (361.6, 308.0), (361.6, 308.0), (361.6, 308.0), (367.2, 308.0), (389.6, 308.0), (412.0, 308.0), (434.4, 308.0), (434.4, 308.0), (434.4, 308.0), (434.4, 308.0), (434.4, 308.0), (434.4, 308.0), (434.4, 308.0), (434.4, 308.0), (434.4, 308.0), (434.4, 308.0), (434.4, 308.0), (434.4, 308.0), (434.4, 308.0), (434.4, 308.0), (434.4, 308.0), (434.4, 308.0), (434.4, 308.0), (434.4, 308.0), (434.4, 308.0), (434.4, 308.0), (434.4, 308.0), (434.4, 308.0), (434.4, 308.0), (434.4, 308.0), (434.4, 308.0), (434.4, 308.0), (434.4, 308.0), (434.4, 308.0)]",2,0,8.08
speedrunner,bomberman,8,Success,1,0,45.38,1.0,"[(48.0, 112.0), (70.4, 114.8), (101.2, 114.8), (115.2, 131.6), (115.2, 154.0), (118.0, 176.4), (140.4, 179.2), (168.4, 179.2), (179.6, 198.8), (179.6, 221.2), (185.2, 243.6), (207.6, 243.6), (235.6, 243.6), (244.0, 266.0), (244.0, 288.4), (252.4, 308.0), (274.8, 308.0), (297.2, 308.0), (319.6, 308.0), (319.6, 308.0), (325.2, 308.0), (325.2, 308.0), (330.8, 308.0), (336.4, 308.0), (336.4, 308.0), (342.0, 308.0), (347.6, 308.0), (347.6, 308.0), (353.2, 308.0), (353.2, 308.0), (353.2, 308.0), (358.8, 308.0), (370.0, 308.0), (392.4, 308.0), (414.8, 308.0), (434.4, 308.0), (434.4, 308.0), (434.4, 308.0), (434.4, 308.0), (434.4, 308.0), (434.4, 308.0), (434.4, 308.0), (434.4, 308.0), (434.4, 308.0), (434.4, 308.0), (434.4, 308.0), (434.4, 308.0), (434.4, 308.0), (434.4, 308.0), (434.4, 308.0), (434.4, 308.0), (434.4, 308.0), (434.4, 308.0), (434.4, 308.0), (434.4, 308.0), (434.4, 308.0), (434.4, 308.0), (434.4, 308.0), (434.4, 308.0), (434.4, 308.0), (434.4, 308.0)]",2,0,8.08
speedrunner,bomberman,8,Success,1,0,45.38,1.0,"[(48.0, 112.0), (70.4, 114.8), (101.2, 114.8), (115.2, 131.6), (115.2, 159.6), (126.4, 179.2), (151.6, 179.2), (176.8, 184.8), (179.6, 207.2), (179.6, 235.2), (199.2, 243.6), (227.2, 243.6), (244.0, 257.6), (244.0, 282.8), (249.6, 308.0), (272.0, 308.0), (294.4, 308.0), (316.8, 308.0), (328.0, 308.0), (333.6, 308.0), (333.6, 308.0), (339.2, 308.0), (344.8, 308.0), (344.8, 308.0), (350.4, 308.0), (350.4, 308.0), (350.4, 308.0), (356.0, 308.0), (356.0, 308.0), (361.6, 308.0), (361.6, 308.0), (367.2, 308.0), (389.6, 308.0), (412.0, 308.0), (434.4, 308.0), (434.4, 308.0), (434.4, 308.0), (434.4, 308.0), (434.4, 308.0), (434.4, 308.0), (434.4, 308.0), (434.4, 308.0), (434.4, 308.0), (434.4, 308.0), (434.4, 308.0), (434.4, 308.0), (434.4, 308.0), (434.4, 308.0), (434.4, 308.0), (434.4, 308.0), (434.4, 308.0), (434.4, 308.0), (434.4, 308.0), (434.4, 308.0), (434.4, 308.0), (434.4, 308.0), (434.4, 308.0), (434.4, 308.0), (434.4, 308.0), (434.4, 308.0), (434.4, 308.0)]",2,0,8.08
speedrunner,bomberman,8,Bomb,1,0,45.85,1.0,"[(48.0, 112.0), (70.4, 114.8), (101.2, 114.8), (115.2, 131.6), (115.2, 159.6), (126.4, 179.2), (151.6, 179.2), (176.8, 184.8), (179.6, 207.2), (179.6, 235.2), (199.2, 243.6), (227.2, 243.6), (244.0, 257.6), (244.0, 282.8), (249.6, 308.0), (272.0, 308.0), (294.4, 308.0), (316.8, 308.0), (339.2, 308.0), (361.6, 308.0), (384.0, 308.0), (406.4, 308.0), (428.8, 308.0), (434.4, 308.0), (434.4, 308.0), (434.4, 308.0), (434.4, 308.0), (434.4, 308.0), (434.4, 308.0), (434.4, 308.0), (434.4, 308.0), (434.4, 308.0), (434.4, 308.0), (434.4, 308.0), (434.4, 308.0), (434.4, 308.0), (434.4, 308.0), (434.4, 308.0), (434.4, 308.0), (434.4, 308.0), (434.4, 308.0), (434.4, 308.0), (434.4, 308.0), (434.4, 308.0), (434.4, 308.0), (434.4, 308.0), (434.4, 308.0), (434.4, 308.0), (434.4, 308.0), (434.4, 308.0), (434.4, 308.0), (434.4, 308.0), (434.4, 308.0), (434.4, 308.0), (434.4, 308.0), (434.4, 308.0), (434.4, 308.0), (434.4, 308.0), (434.4, 308.0), (434.4, 308.0), (434.4, 308.0)]",0,0,8.0
speedrunner,bomberman,8,Bomb,1,0,30.57,1.0,"[(48.0, 112.0), (70.4, 114.8), (101.2, 114.8), (115.2, 131.6), (115.2, 159.6), (126.4, 179.2), (151.6, 179.2), (176.8, 184.8), (179.6, 207.2), (179.6, 235.2), (199.2, 243.6), (227.2, 243.6), (244.0, 257.6), (244.0, 282.8), (249.6, 308.0), (272.0, 308.0), (294.4, 308.0), (311.2, 308.0), (316.8, 308.0), (328.0, 308.0), (328.0, 308.0), (333.6, 308.0), (333.6, 308.0), (339.2, 308.0), (339.2, 308.0), (344.8, 308.0), (350.4, 308.0), (350.4, 308.0), (350.4, 308.0), (350.4, 308.0), (350.4, 308.0), (350.4, 308.0), (361.6, 308.0), (384.0, 308.0), (406.4, 308.0), (428.8, 308.0), (434.4, 308.0), (434.4, 308.0), (434.4, 308.0), (434.4, 308.0), (434.4, 308.0), (434.4, 308.0), (434.4, 308.0), (434.4, 308.0), (434.4, 308.0), (434.4, 308.0), (434.4, 308.0), (434.4, 308.0), (434.4, 308.0), (434.4, 308.0), (434.4, 308.0), (434.4, 308.0), (434.4, 308.0), (434.4, 308.0), (434.4, 308.0), (434.4, 308.0), (434.4, 308.0), (434.4, 308.0), (434.4, 308.0), (434.4, 308.0), (434.4, 308.0), (434.4, 308.0), (434.4, 308.0), (434.4, 308.0), (434.4, 308.0), (434.4, 308.0), (434.4, 308.0), (434.4, 308.0), (434.4, 308.0), (434.4, 308.0), (434.4, 308.0), (434.4, 308.0), (434.4, 308.0), (434.4, 308.0), (434.4, 308.0), (434.4, 308.0), (434.4, 308.0), (434.4, 308.0), (434.4, 308.0), (434.4, 308.0), (434.4, 308.0), (434.4, 308.0), (434.4, 308.0), (434.4, 308.0), (434.4, 308.0), (434.4, 308.0), (434.4, 308.0), (434.4, 308.0), (434.4, 308.0), (434.4, 308.0), (434.4, 308.0)]",1,0,12.0
speedrunner,bomberman,8,Bomb,1,0,45.85,1.0,"[(48.0, 112.0), (70.4, 114.8), (101.2, 114.8), (115.2, 131.6), (115.2, 159.6), (126.4, 179.2), (151.6, 179.2), (176.8, 184.8), (179.6, 207.2), (179.6, 235.2), (199.2, 243.6), (227.2, 243.6), (244.0, 257.6), (244.0, 282.8), (249.6, 308.0), (272.0, 308.0), (294.4, 308.0), (316.8, 308.0), (339.2, 308.0), (361.6, 308.0), (384.0, 308.0), (406.4, 308.0), (428.8, 308.0), (434.4, 308.0), (434.4, 308.0), (434.4, 308.0), (434.4, 308.0), (434.4, 308.0), (434.4, 308.0), (434.4, 308.0), (434.4, 308.0), (434.4, 308.0), (434.4, 308.0), (434.4, 308.0), (434.4, 308.0), (434.4, 308.0), (434.4, 308.0), (434.4, 308.0), (434.4, 308.0), (434.4, 308.0), (434.4, 308.0), (434.4, 308.0), (434.4, 308.0), (434.4, 308.0), (434.4, 308.0), (434.4, 308.0), (434.4, 308.0), (434.4, 308.0), (434.4, 308.0), (434.4, 308.0), (434.4, 308.0), (434.4, 308.0), (434.4, 308.0), (434.4, 308.0), (434.4, 308.0), (434.4, 308.0), (434.4, 308.0), (434.4, 308.0), (434.4, 308.0), (434.4, 308.0), (434.4, 308.0)]",0,0,8.0
speedrunner,bomberman,8,Bomb,1,0,30.57,1.0,"[(48.0, 112.0), (70.4, 114.8), (101.2, 114.8), (115.2, 131.6), (115.2, 159.6), (126.4, 179.2), (151.6, 179.2), (176.8, 184.8), (179.6, 207.2), (179.6, 235.2), (199.2, 243.6), (227.2, 243.6), (244.0, 257.6), (244.0, 282.8), (249.6, 308.0), (272.0, 308.0), (294.4, 308.0), (311.2, 308.0), (311.2, 308.0), (316.8, 308.0), (322.4, 308.0), (322.4, 308.0), (328.0, 308.0), (328.0, 308.0), (333.6, 308.0), (333.6, 308.0), (339.2, 308.0), (344.8, 308.0), (344.8, 308.0), (350.4, 308.0), (350.4, 308.0), (356.0, 308.0), (367.2, 308.0), (389.6, 308.0), (412.0, 308.0), (434.4, 308.0), (434.4, 308.0), (434.4, 308.0), (434.4, 308.0), (434.4, 308.0), (434.4, 308.0), (434.4, 308.0), (434.4, 308.0), (434.4, 308.0), (434.4, 308.0), (434.4, 308.0), (434.4, 308.0), (434.4, 308.0), (434.4, 308.0), (434.4, 308.0), (434.4, 308.0), (434.4, 308.0), (434.4, 308.0), (434.4, 308.0), (434.4, 308.0), (434.4, 308.0), (434.4, 308.0), (434.4, 308.0), (434.4, 308.0), (434.4, 308.0), (434.4, 308.0), (434.4, 308.0), (434.4, 308.0), (434.4, 308.0), (434.4, 308.0), (434.4, 308.0), (434.4, 308.0), (434.4, 308.0), (434.4, 308.0), (434.4, 308.0), (434.4, 308.0), (434.4, 308.0), (434.4, 308.0), (434.4, 308.0), (434.4, 308.0), (434.4, 308.0), (434.4, 308.0), (434.4, 308.0), (434.4, 308.0), (434.4, 308.0), (434.4, 308.0), (434.4, 308.0), (434.4, 308.0), (434.4, 308.0), (434.4, 308.0), (434.4, 308.0), (434.4, 308.0), (434.4, 308.0), (434.4, 308.0), (434.4, 308.0), (434.4, 308.0)]",1,0,12.0
speedrunner,bomberman,8,Bomb,1,0,30.57,1.0,"[(48.0, 112.0), (70.4, 114.8), (101.2, 114.8), (115.2, 131.6), (115.2, 159.6), (126.4, 179.2), (151.6, 179.2), (176.8, 184.8), (179.6, 207.2), (179.6, 235.2), (199.2, 243.6), (227.2, 243.6), (244.0, 257.6), (244.0, 282.8), (249.6, 308.0), (272.0, 308.0), (294.4, 308.0), (311.2, 308.0), (311.2, 308.0), (316.8, 308.0), (322.4, 308.0), (328.0, 308.0), (333.6, 308.0), (333.6, 308.0), (339.2, 308.0), (344.8, 308.0), (344.8, 308.0), (350.4, 308.0), (350.4, 308.0), (350.4, 308.0), (350.4, 308.0), (350.4, 308.0), (361.6, 308.0), (378.4, 308.0), (400.8, 308.0), (423.2, 308.0), (434.4, 308.0), (434.4, 308.0), (434.4, 308.0), (434.4, 308.0), (434.4, 308.0), (434.4, 308.0), (434.4, 308.0), (434.4, 308.0), (434.4, 308.0), (434.4, 308.0), (434.4, 308.0), (434.4, 308.0), (434.4, 308.0), (434.4, 308.0), (434.4, 308.0), (434.4, 308.0), (434.4, 308.0), (434.4, 308.0), (434.4, 308.0), (434.4, 308.0), (434.4, 308.0), (434.4, 308.0), (434.4, 308.0), (434.4, 308.0), (434.4, 308.0), (434.4, 308.0), (434.4, 308.0), (434.4, 308.0), (434.4, 308.0), (434.4, 308.0), (434.4, 308.0), (434.4, 308.0), (434.4, 308.0), (434.4, 308.0), (434.4, 308.0), (434.4, 308.0), (434.4, 308.0), (434.4, 308.0), (434.4, 308.0), (434.4, 308.0), (434.4, 308.0), (434.4, 308.0), (434.4, 308.0), (434.4, 308.0), (434.4, 308.0), (434.4, 308.0), (434.4, 308.0), (434.4, 308.0), (434.4, 308.0), (434.4, 308.0), (434.4, 308.0), (434.4, 308.0), (434.4, 308.0), (434.4, 308.0), (434.4, 308.0)]",1,0,12.0
speedrunner,bomberman,8,Success,1,0,45.38,1.0,"[(48.0, 112.0), (70.4, 114.8), (101.2, 114.8), (115.2, 131.6), (115.2, 159.6), (126.4, 179.2), (151.6, 179.2), (176.8, 184.8), (179.6, 207.2), (179.6, 229.6), (193.6, 243.6), (221.6, 243.6), (244.0, 252.0), (244.0, 274.4), (244.0, 296.8), (260.8, 308.0), (283.2, 308.0), (305.6, 308.0), (328.0, 308.0), (333.6, 308.0), (339.2, 308.0), (344.8, 308.0), (344.8, 308.0), (350.4, 308.0), (350.4, 308.0), (356.0, 308.0), (356.0, 308.0), (361.6, 308.0), (361.6, 308.0), (367.2, 308.0), (367.2, 308.0), (389.6, 308.0), (412.0, 308.0), (434.4, 308.0), (434.4, 308.0), (434.4, 308.0), (434.4, 308.0), (434.4, 308.0), (434.4, 308.0), (434.4, 308.0), (434.4, 308.0), (434.4, 308.0), (434.4, 308.0), (434.4, 308.0), (434.4, 308.0), (434.4, 308.0), (434.4, 308.0), (434.4, 308.0), (434.4, 308.0), (434.4, 308.0), (434.4, 308.0), (434.4, 308.0), (434.4, 308.0), (434.4, 308.0), (434.4, 308.0), (434.4, 308.0), (434.4, 308.0), (434.4, 308.0), (434.4, 308.0), (434.4, 308.0), (434.4, 308.0)]",2,0,8.08
speedrunner,bomberman,8,Success,1,0,45.38,1.0,"[(48.0, 112.0), (70.4, 114.8), (101.2, 114.8), (115.2, 131.6), (115.2, 159.6), (126.4, 179.2), (151.6, 179.2), (176.8, 184.8), (179.6, 207.2), (179.6, 229.6), (193.6, 243.6), (221.6, 243.6), (244.0, 252.0), (244.0, 274.4), (244.0, 296.8), (260.8, 308.0), (283.2, 308.0), (305.6, 308.0), (328.0, 308.0), (333.6, 308.0), (339.2, 308.0), (344.8, 308.0), (344.8, 308.0), (350.4, 308.0), (350.4, 308.0), (356.0, 308.0), (356.0, 308.0), (361.6, 308.0), (361.6, 308.0), (367.2, 308.0), (367.2, 308.0), (389.6, 308.0), (412.0, 308.0), (434.4, 308.0), (434.4, 308.0), (434.4, 308.0), (434.4, 308.0), (434.4, 308.0), (434.4, 308.0), (434.4, 308.0), (434.4, 308.0), (434.4, 308.0), (434.4, 308.0), (434.4, 308.0), (434.4, 308.0), (434.4, 308.0), (434.4, 308.0), (434.4, 308.0), (434.4, 308.0), (434.4, 308.0), (434.4, 308.0), (434.4, 308.0), (434.4, 308.0), (434.4, 308.0), (434.4, 308.0), (434.4, 308.0), (434.4, 308.0), (434.4, 308.0), (434.4, 308.0), (434.4, 308.0), (434.4, 308.0)]",2,0,8.08
speedrunner,bomberman,8,Success,1,0,45.38,1.0,"[(48.0, 112.0), (70.4, 114.8), (101.2, 114.8), (115.2, 131.6), (115.2, 159.6), (126.4, 179.2), (151.6, 179.2), (176.8, 184.8), (179.6, 207.2), (179.6, 235.2), (199.2, 243.6), (227.2, 243.6), (244.0, 257.6), (244.0, 282.8), (249.6, 308.0), (272.0, 308.0), (294.4, 308.0), (316.8, 308.0), (328.0, 308.0), (333.6, 308.0), (333.6, 308.0), (339.2, 308.0), (344.8, 308.0), (344.8, 308.0), (350.4, 308.0), (350.4, 308.0), (350.4, 308.0), (356.0, 308.0), (356.0, 308.0), (361.6, 308.0), (361.6, 308.0), (367.2, 308.0), (389.6, 308.0), (412.0, 308.0), (434.4, 308.0), (434.4, 308.0), (434.4, 308.0), (434.4, 308.0), (434.4, 308.0), (434.4, 308.0), (434.4, 308.0), (434.4, 308.0), (434.4, 308.0), (434.4, 308.0), (434.4, 308.0), (434.4, 308.0), (434.4, 308.0), (434.4, 308.0), (434.4, 308.0), (434.4, 308.0), (434.4, 308.0), (434.4, 308.0), (434.4, 308.0), (434.4, 308.0), (434.4, 308.0), (434.4, 308.0), (434.4, 308.0), (434.4, 308.0), (434.4, 308.0), (434.4, 308.0), (434.4, 308.0)]",2,0,8.08
speedrunner,bomberman,8,Success,1,0,45.38,1.0,"[(48.0, 112.0), (70.4, 114.8), (101.2, 114.8), (115.2, 131.6), (115.2, 154.0), (118.0, 176.4), (140.4, 179.2), (168.4, 179.2), (179.6, 198.8), (179.6, 221.2), (185.2, 243.6), (207.6, 243.6), (235.6, 243.6), (244.0, 266.0), (244.0, 288.4), (252.4, 308.0), (274.8, 308.0), (297.2, 308.0), (319.6, 308.0), (319.6, 308.0), (325.2, 308.0), (325.2, 308.0), (330.8, 308.0), (336.4, 308.0), (336.4, 308.0), (342.0, 308.0), (347.6, 308.0), (347.6, 308.0), (353.2, 308.0), (353.2, 308.0), (353.2, 308.0), (358.8, 308.0), (370.0, 308.0), (392.4, 308.0), (414.8, 308.0), (434.4, 308.0), (434.4, 308.0), (434.4, 308.0), (434.4, 308.0), (434.4, 308.0), (434.4, 308.0), (434.4, 308.0), (434.4, 308.0), (434.4, 308.0), (434.4, 308.0), (434.4, 308.0), (434.4, 308.0), (434.4, 308.0), (434.4, 308.0), (434.4, 308.0), (434.4, 308.0), (434.4, 308.0), (434.4, 308.0), (434.4, 308.0), (434.4, 308.0), (434.4, 308.0), (434.4, 308.0), (434.4, 308.0), (434.4, 308.0), (434.4, 308.0), (434.4, 308.0)]",2,0,8.08
speedrunner,bomberman,8,Success,1,0,45.38,1.0,"[(48.0, 112.0), (70.4, 109.2), (101.2, 112.0), (115.2, 131.6), (115.2, 159.6), (126.4, 179.2), (151.6, 173.6), (176.8, 184.8), (179.6, 207.2), (179.6, 235.2), (199.2, 243.6), (227.2, 243.6), (244.0, 257.6), (244.0, 282.8), (249.6, 308.0), (272.0, 308.0), (294.4, 308.0), (316.8, 308.0), (333.6, 308.0), (333.6, 308.0), (339.2, 308.0), (339.2, 308.0), (344.8, 308.0), (344.8, 308.0), (350.4, 308.0), (350.4, 308.0), (356.0, 308.0), (361.6, 308.0), (361.6, 308.0), (361.6, 308.0), (367.2, 308.0), (389.6, 308.0), (412.0, 308.0), (434.4, 308.0), (434.4, 308.0), (434.4, 308.0), (434.4, 308.0), (434.4, 308.0), (434.4, 308.0), (434.4, 308.0), (434.4, 308.0), (434.4, 308.0), (434.4, 308.0), (434.4, 308.0), (434.4, 308.0), (434.4, 308.0), (434.4, 308.0), (434.4, 308.0), (434.4, 308.0), (434.4, 308.0), (434.4, 308.0), (434.4, 308.0), (434.4, 308.0), (434.4, 308.0), (434.4, 308.0), (434.4, 308.0), (434.4, 308.0), (434.4, 308.0), (434.4, 308.0), (434.4, 308.0), (434.4, 308.0)]",2,0,8.08
speedrunner,bomberman,8,Bomb,1,0,45.85,1.0,"[(48.0, 112.0), (70.4, 114.8), (101.2, 114.8), (115.2, 131.6), (115.2, 159.6), (126.4, 179.2), (151.6, 179.2), (176.8, 184.8), (179.6, 207.2), (179.6, 229.6), (193.6, 243.6), (221.6, 243.6), (244.0, 252.0), (244.0, 274.4), (244.0, 296.8), (260.8, 308.0), (283.2, 308.0), (305.6, 308.0), (328.0, 308.0), (344.8, 308.0), (350.4, 308.0), (350.4, 308.0), (350.4, 308.0), (356.0, 308.0), (361.6, 308.0), (361.6, 308.0), (361.6, 308.0), (367.2, 308.0), (367.2, 308.0), (384.0, 308.0), (406.4, 308.0), (428.8, 308.0), (434.4, 308.0), (434.4, 308.0), (434.4, 308.0), (434.4, 308.0), (434.4, 308.0), (434.4, 308.0), (434.4, 308.0), (434.4, 308.0), (434.4, 308.0), (434.4, 308.0), (434.4, 308.0), (434.4, 308.0), (434.4, 308.0), (434.4, 308.0), (434.4, 308.0), (434.4, 308.0), (434.4, 308.0), (434.4, 308.0), (434.4, 308.0), (434.4, 308.0), (434.4, 308.0), (434.4, 308.0), (434.4, 308.0), (434.4, 308.0), (434.4, 308.0), (434.4, 308.0), (434.4, 308.0), (434.4, 308.0), (434.4, 308.0)]",0,0,8.0
speedrunner,bomberman,8,Bomb,1,0,30.57,1.0,"[(48.0, 112.0), (70.4, 114.8), (101.2, 114.8), (115.2, 131.6), (115.2, 159.6), (126.4, 179.2), (151.6, 179.2), (176.8, 184.8), (179.6, 207.2), (179.6, 235.2), (199.2, 243.6), (227.2, 243.6), (244.0, 257.6), (244.0, 282.8), (249.6, 308.0), (272.0, 308.0), (294.4, 308.0), (305.6, 308.0), (311.2, 308.0), (311.2, 308.0), (316.8, 308.0), (322.4, 308.0), (322.4, 308.0), (322.4, 308.0), (328.0, 308.0), (333.6, 308.0), (333.6, 308.0), (339.2, 308.0), (344.8, 308.0), (344.8, 308.0), (350.4, 308.0), (350.4, 308.0), (361.6, 308.0), (372.8, 308.0), (395.2, 308.0), (417.6, 308.0), (434.4, 308.0), (434.4, 308.0), (434.4, 308.0), (434.4, 308.0), (434.4, 308.0), (434.4, 308.0), (434.4, 308.0), (434.4, 308.0), (434.4, 308.0), (434.4, 308.0), (434.4, 308.0), (434.4, 308.0), (434.4, 308.0), (434.4, 308.0), (434.4, 308.0), (434.4, 308.0), (434.4, 308.0), (434.4, 308.0), (434.4, 308.0), (434.4, 308.0), (434.4, 308.0), (434.4, 308.0), (434.4, 308.0), (434.4, 308.0), (434.4, 308.0), (434.4, 308.0), (434.4, 308.0), (434.4, 308.0), (434.4, 308.0), (434.4, 308.0), (434.4, 308.0), (434.4, 308.0), (434.4, 308.0), (434.4, 308.0), (434.4, 308.0), (434.4, 308.0), (434.4, 308.0), (434.4, 308.0), (434.4, 308.0), (434.4, 308.0), (434.4, 308.0), (434.4, 308.0), (434.4, 308.0), (434.4, 308.0), (434.4, 308.0), (434.4, 308.0), (434.4, 308.0), (434.4, 308.0), (434.4, 308.0), (434.4, 308.0), (434.4, 308.0), (434.4, 308.0), (434.4, 308.0), (434.4, 308.0), (434.4, 308.0)]",1,0,12.0
speedrunner,bomberman,8,Bomb,1,0,45.85,1.0,"[(48.0, 112.0), (70.4, 114.8), (101.2, 114.8), (115.2, 131.6), (115.2, 159.6), (126.4, 179.2), (151.6, 179.2), (176.8, 184.8), (179.6, 207.2), (179.6, 232.4), (196.4, 243.6), (224.4, 243.6), (244.0, 254.8), (244.0, 277.2), (246.8, 305.2), (269.2, 308.0), (291.6, 308.0), (314.0, 308.0), (336.4, 308.0), (358.8, 308.0), (381.2, 308.0), (403.6, 308.0), (426.0, 308.0), (434.4, 308.0), (434.4, 308.0), (434.4, 308.0), (434.4, 308.0), (434.4, 308.0), (434.4, 308.0), (434.4, 308.0), (434.4, 308.0), (434.4, 308.0), (434.4, 308.0), (434.4, 308.0), (434.4, 308.0), (434.4, 308.0), (434.4, 308.0), (434.4, 308.0), (434.4, 308.0), (434.4, 308.0), (434.4, 308.0), (434.4, 308.0), (434.4, 308.0), (434.4, 308.0), (434.4, 308.0), (434.4, 308.0), (434.4, 308.0), (434.4, 308.0), (434.4, 308.0), (434.4, 308.0), (434.4, 308.0), (434.4, 308.0), (434.4, 308.0), (434.4, 308.0), (434.4, 308.0), (434.4, 308.0), (434.4, 308.0), (434.4, 308.0), (434.4, 308.0), (434.4, 308.0), (434.4, 308.0)]",0,0,8.0
speedrunner,bomberman,8,Bomb,1,0,30.57,1.0,"[(48.0, 112.0), (70.4, 114.8), (101.2, 114.8), (115.2, 131.6), (115.2, 159.6), (126.4, 179.2), (151.6, 179.2), (176.8, 184.8), (179.6, 207.2), (179.6, 235.2), (199.2, 243.6), (227.2, 243.6), (244.0, 257.6), (244.0, 282.8), (249.6, 308.0), (272.0, 308.0), (294.4, 308.0), (311.2, 308.0), (316.8, 308.0), (322.4, 308.0), (328.0, 308.0), (333.6, 308.0), (339.2, 308.0), (339.2, 308.0), (344.8, 308.0), (344.8, 308.0), (350.4, 308.0), (350.4, 308.0), (350.4, 308.0), (350.4, 308.0), (350.4, 308.0), (356.0, 308.0), (367.2, 308.0), (389.6, 308.0), (412.0, 308.0), (434.4, 308.0), (434.4, 308.0), (434.4, 308.0), (434.4, 308.0), (434.4, 308.0), (434.4, 308.0), (434.4, 308.0), (434.4, 308.0), (434.4, 308.0), (434.4, 308.0), (434.4, 308.0), (434.4, 308.0), (434.4, 308.0), (434.4, 308.0), (434.4, 308.0), (434.4, 308.0), (434.4, 308.0), (434.4, 308.0), (434.4, 308.0), (434.4, 308.0), (434.4, 308.0), (434.4, 308.0), (434.4, 308.0), (434.4, 308.0), (434.4, 308.0), (434.4, 308.0), (434.4, 308.0), (434.4, 308.0), (434.4, 308.0), (434.4, 308.0), (434.4, 308.0), (434.4, 308.0), (434.4, 308.0), (434.4, 308.0), (434.4, 308.0), (434.4, 308.0), (434.4, 308.0), (434.4, 308.0), (434.4, 308.0), (434.4, 308.0), (434.4, 308.0), (434.4, 308.0), (434.4, 308.0), (434.4, 308.0), (434.4, 308.0), (434.4, 308.0), (434.4, 308.0), (434.4, 308.0), (434.4, 308.0), (434.4, 308.0), (434.4, 308.0), (434.4, 308.0), (434.4, 308.0), (434.4, 308.0), (434.4, 308.0), (434.4, 308.0)]",1,0,12.0
speedrunner,bomberman,8,Bomb,1,0,30.57,1.0,"[(48.0, 112.0), (70.4, 114.8), (101.2, 114.8), (115.2, 131.6), (115.2, 159.6), (126.4, 179.2), (151.6, 179.2), (176.8, 184.8), (179.6, 207.2), (179.6, 235.2), (199.2, 243.6), (227.2, 243.6), (244.0, 257.6), (244.0, 282.8), (249.6, 308.0), (272.0, 308.0), (272.0, 308.0), (277.6, 308.0), (283.2, 308.0), (283.2, 308.0), (288.8, 308.0), (288.8, 308.0), (288.8, 308.0), (294.4, 308.0), (300.0, 308.0), (300.0, 308.0), (305.6, 308.0), (311.2, 308.0), (311.2, 308.0), (316.8, 308.0), (328.0, 308.0), (333.6, 308.0), (344.8, 308.0), (350.4, 308.0), (350.4, 308.0), (361.6, 308.0), (372.8, 308.0), (395.2, 308.0), (417.6, 308.0), (434.4, 308.0), (434.4, 308.0), (434.4, 308.0), (434.4, 308.0), (434.4, 308.0), (434.4, 308.0), (434.4, 308.0), (434.4, 308.0), (434.4, 308.0), (434.4, 308.0), (434.4, 308.0), (434.4, 308.0), (434.4, 308.0), (434.4, 308.0), (434.4, 308.0), (434.4, 308.0), (434.4, 308.0), (434.4, 308.0), (434.4, 308.0), (434.4, 308.0), (434.4, 308.0), (434.4, 308.0), (434.4, 308.0), (434.4, 308.0), (434.4, 308.0), (434.4, 308.0), (434.4, 308.0), (434.4, 308.0), (434.4, 308.0), (434.4, 308.0), (434.4, 308.0), (434.4, 308.0), (434.4, 308.0), (434.4, 308.0), (434.4, 308.0), (434.4, 308.0), (434.4, 308.0), (434.4, 308.0), (434.4, 308.0), (434.4, 308.0), (434.4, 308.0), (434.4, 308.0), (434.4, 308.0), (434.4, 308.0), (434.4, 308.0), (434.4, 308.0), (434.4, 308.0), (434.4, 308.0), (434.4, 308.0), (434.4, 308.0), (434.4, 308.0), (434.4, 308.0)]",1,0,12.0
speedrunner,bomberman,8,Bomb,1,0,45.85,1.0,"[(48.0, 112.0), (70.4, 114.8), (101.2, 114.8), (115.2, 131.6), (115.2, 154.0), (123.6, 179.2), (146.0, 179.2), (174.0, 182.0), (179.6, 204.4), (179.6, 226.8), (190.8, 243.6), (216.0, 243.6), (241.2, 249.2), (244.0, 271.6), (244.0, 294.0), (258.0, 308.0), (280.4, 308.0), (302.8, 308.0), (325.2, 308.0), (330.8, 308.0), (336.4, 308.0), (336.4, 308.0), (342.0, 308.0), (342.0, 308.0), (347.6, 308.0), (364.4, 308.0), (375.6, 308.0), (398.0, 308.0), (420.4, 308.0), (434.4, 308.0), (434.4, 308.0), (434.4, 308.0), (434.4, 308.0), (434.4, 308.0), (434.4, 308.0), (434.4, 308.0), (434.4, 308.0), (434.4, 308.0), (434.4, 308.0), (434.4, 308.0), (434.4, 308.0), (434.4, 308.0), (434.4, 308.0), (434.4, 308.0), (434.4, 308.0), (434.4, 308.0), (434.4, 308.0), (434.4, 308.0), (434.4, 308.0), (434.4, 308.0), (434.4, 308.0), (434.4, 308.0), (434.4, 308.0), (434.4, 308.0), (434.4, 308.0), (434.4, 308.0), (434.4, 308.0), (434.4, 308.0), (434.4, 308.0), (434.4, 308.0), (434.4, 308.0)]",0,0,8.0
speedrunner,bomberman,8,Success,1,0,45.38,1.0,"[(48.0, 112.0), (70.4, 109.2), (101.2, 112.0), (115.2, 131.6), (115.2, 159.6), (126.4, 179.2), (151.6, 173.6), (176.8, 184.8), (179.6, 207.2), (179.6, 235.2), (199.2, 243.6), (227.2, 243.6), (244.0, 257.6), (244.0, 282.8), (249.6, 308.0), (272.0, 308.0), (294.4, 308.0), (316.8, 308.0), (333.6, 308.0), (333.6, 308.0), (339.2, 308.0), (339.2, 308.0), (344.8, 308.0), (344.8, 308.0), (350.4, 308.0), (350.4, 308.0), (356.0, 308.0), (361.6, 308.0), (361.6, 308.0), (361.6, 308.0), (367.2, 308.0), (389.6, 308.0), (412.0, 308.0), (434.4, 308.0), (434.4, 308.0), (434.4, 308.0), (434.4, 308.0), (434.4, 308.0), (434.4, 308.0), (434.4, 308.0), (434.4, 308.0), (434.4, 308.0), (434.4, 308.0), (434.4, 308.0), (434.4, 308.0), (434.4, 308.0), (434.4, 308.0), (434.4, 308.0), (434.4, 308.0), (434.4, 308.0), (434.4, 308.0), (434.4, 308.0), (434.4, 308.0), (434.4, 308.0), (434.4, 308.0), (434.4, 308.0), (434.4, 308.0), (434.4, 308.0), (434.4, 308.0), (434.4, 308.0), (434.4, 308.0)]",2,0,8.08
speedrunner,bomberman,8,Success,1,0,45.38,1.0,"[(48.0, 112.0), (70.4, 114.8), (101.2, 114.8), (115.2, 131.6), (115.2, 154.0), (118.0, 176.4), (140.4, 179.2), (168.4, 179.2), (179.6, 198.8), (179.6, 221.2), (185.2, 243.6), (207.6, 243.6), (235.6, 243.6), (244.0, 266.0), (244.0, 288.4), (252.4, 308.0), (274.8, 308.0), (297.2, 308.0), (319.6, 308.0), (319.6, 308.0), (325.2, 308.0), (325.2, 308.0), (330.8, 308.0), (336.4, 308.0), (336.4, 308.0), (342.0, 308.0), (347.6, 308.0), (347.6, 308.0), (353.2, 308.0), (353.2, 308.0), (353.2, 308.0), (358.8, 308.0), (370.0, 308.0), (392.4, 308.0), (414.8, 308.0), (434.4, 308.0), (434.4, 308.0), (434.4, 308.0), (434.4, 308.0), (434.4, 308.0), (434.4, 308.0), (434.4, 308.0), (434.4, 308.0), (434.4, 308.0), (434.4, 308.0), (434.4, 308.0), (434.4, 308.0), (434.4, 308.0), (434.4, 308.0), (434.4, 308.0), (434.4, 308.0), (434.4, 308.0), (434.4, 308.0), (434.4, 308.0), (434.4, 308.0), (434.4, 308.0), (434.4, 308.0), (434.4, 308.0), (434.4, 308.0), (434.4, 308.0), (434.4, 308.0)]",2,0,8.08
speedrunner,bomberman,8,Success,1,0,45.38,1.0,"[(48.0, 112.0), (70.4, 114.8), (101.2, 114.8), (115.2, 131.6), (115.2, 159.6), (126.4, 179.2), (151.6, 179.2), (176.8, 184.8), (179.6, 207.2), (179.6, 235.2), (199.2, 243.6), (227.2, 243.6), (244.0, 257.6), (244.0, 282.8), (249.6, 308.0), (272.0, 308.0), (294.4, 308.0), (316.8, 308.0), (328.0, 308.0), (333.6, 308.0), (333.6, 308.0), (339.2, 308.0), (344.8, 308.0), (344.8, 308.0), (350.4, 308.0), (350.4, 308.0), (350.4, 308.0), (356.0, 308.0), (356.0, 308.0), (361.6, 308.0), (361.6, 308.0), (367.2, 308.0), (389.6, 308.0), (412.0, 308.0), (434.4, 308.0), (434.4, 308.0), (434.4, 308.0), (434.4, 308.0), (434.4, 308.0), (434.4, 308.0), (434.4, 308.0), (434.4, 308.0), (434.4, 308.0), (434.4, 308.0), (434.4, 308.0), (434.4, 308.0), (434.4, 308.0), (434.4, 308.0), (434.4, 308.0), (434.4, 308.0), (434.4, 308.0), (434.4, 308.0), (434.4, 308.0), (434.4, 308.0), (434.4, 308.0), (434.4, 308.0), (434.4, 308.0), (434.4, 308.0), (434.4, 308.0), (434.4, 308.0), (434.4, 308.0)]",2,0,8.08
speedrunner,bomberman,8,Success,1,0,45.38,1.0,"[(48.0, 112.0), (70.4, 114.8), (101.2, 114.8), (115.2, 131.6), (115.2, 159.6), (126.4, 179.2), (151.6, 179.2), (176.8, 184.8), (179.6, 207.2), (179.6, 229.6), (193.6, 243.6), (221.6, 243.6), (244.0, 252.0), (244.0, 274.4), (244.0, 296.8), (260.8, 308.0), (283.2, 308.0), (305.6, 308.0), (328.0, 308.0), (333.6, 308.0), (339.2, 308.0), (344.8, 308.0), (344.8, 308.0), (350.4, 308.0), (350.4, 308.0), (356.0, 308.0), (356.0, 308.0), (361.6, 308.0), (361.6, 308.0), (367.2, 308.0), (367.2, 308.0), (389.6, 308.0), (412.0, 308.0), (434.4, 308.0), (434.4, 308.0), (434.4, 308.0), (434.4, 308.0), (434.4, 308.0), (434.4, 308.0), (434.4, 308.0), (434.4, 308.0), (434.4, 308.0), (434.4, 308.0), (434.4, 308.0), (434.4, 308.0), (434.4, 308.0), (434.4, 308.0), (434.4, 308.0), (434.4, 308.0), (434.4, 308.0), (434.4, 308.0), (434.4, 308.0), (434.4, 308.0), (434.4, 308.0), (434.4, 308.0), (434.4, 308.0), (434.4, 308.0), (434.4, 308.0), (434.4, 308.0), (434.4, 308.0), (434.4, 308.0)]",2,0,8.08
speedrunner,bomberman,8,Bomb,1,0,30.57,1.0,"[(48.0, 112.0), (70.4, 109.2), (101.2, 112.0), (115.2, 131.6), (115.2, 159.6), (126.4, 179.2), (151.6, 173.6), (176.8, 184.8), (179.6, 207.2), (179.6, 232.4), (196.4, 243.6), (224.4, 243.6), (244.0, 254.8), (244.0, 277.2), (246.8, 305.2), (269.2, 308.0), (269.2, 308.0), (274.8, 308.0), (280.4, 308.0), (280.4, 308.0), (286.0, 308.0), (286.0, 308.0), (291.6, 308.0), (297.2, 308.0), (297.2, 308.0), (302.8, 308.0), (308.4, 308.0), (308.4, 308.0), (314.0, 308.0), (319.6, 308.0), (325.2, 308.0), (336.4, 308.0), (342.0, 308.0), (353.2, 308.0), (353.2, 308.0), (358.8, 308.0), (375.6, 308.0), (398.0, 308.0), (420.4, 308.0), (434.4, 308.0), (434.4, 308.0), (434.4, 308.0), (434.4, 308.0), (434.4, 308.0), (434.4, 308.0), (434.4, 308.0), (434.4, 308.0), (434.4, 308.0), (434.4, 308.0), (434.4, 308.0), (434.4, 308.0), (434.4, 308.0), (434.4, 308.0), (434.4, 308.0), (434.4, 308.0), (434.4, 308.0), (434.4, 308.0), (434.4, 308.0), (434.4, 308.0), (434.4, 308.0), (434.4, 308.0), (434.4, 308.0), (434.4, 308.0), (434.4, 308.0), (434.4, 308.0), (434.4, 308.0), (434.4, 308.0), (434.4, 308.0), (434.4, 308.0), (434.4, 308.0), (434.4, 308.0), (434.4, 308.0), (434.4, 308.0), (434.4, 308.0), (434.4, 308.0), (434.4, 308.0), (434.4, 308.0), (434.4, 308.0), (434.4, 308.0), (434.4, 308.0), (434.4, 308.0), (434.4, 308.0), (434.4, 308.0), (434.4, 308.0), (434.4, 308.0), (434.4, 308.0), (434.4, 308.0), (434.4, 308.0), (434.4, 308.0), (434.4, 308.0), (434.4, 308.0)]",1,0,12.0
speedrunner,bomberman,8,Bomb,1,0,30.57,1.0,"[(48.0, 112.0), (70.4, 114.8), (101.2, 114.8), (115.2, 131.6), (115.2, 159.6), (126.4, 179.2), (151.6, 179.2), (176.8, 184.8), (179.6, 207.2), (179.6, 229.6), (193.6, 243.6), (221.6, 243.6), (244.0, 252.0), (244.0, 274.4), (244.0, 296.8), (260.8, 308.0), (283.2, 308.0), (300.0, 308.0), (305.6, 308.0), (305.6, 308.0), (311.2, 308.0), (311.2, 308.0), (316.8, 308.0), (316.8, 308.0), (333.6, 308.0), (333.6, 308.0), (339.2, 308.0), (344.8, 308.0), (344.8, 308.0), (350.4, 308.0), (350.4, 308.0), (350.4, 308.0), (350.4, 308.0), (356.0, 308.0), (367.2, 308.0), (389.6, 308.0), (412.0, 308.0), (434.4, 308.0), (434.4, 308.0), (434.4, 308.0), (434.4, 308.0), (434.4, 308.0), (434.4, 308.0), (434.4, 308.0), (434.4, 308.0), (434.4, 308.0), (434.4, 308.0), (434.4, 308.0), (434.4, 308.0), (434.4, 308.0), (434.4, 308.0), (434.4, 308.0), (434.4, 308.0), (434.4, 308.0), (434.4, 308.0), (434.4, 308.0), (434.4, 308.0), (434.4, 308.0), (434.4, 308.0), (434.4, 308.0), (434.4, 308.0), (434.4, 308.0), (434.4, 308.0), (434.4, 308.0), (434.4, 308.0), (434.4, 308.0), (434.4, 308.0), (434.4, 308.0), (434.4, 308.0), (434.4, 308.0), (434.4, 308.0), (434.4, 308.0), (434.4, 308.0), (434.4, 308.0), (434.4, 308.0), (434.4, 308.0), (434.4, 308.0), (434.4, 308.0), (434.4, 308.0), (434.4, 308.0), (434.4, 308.0), (434.4, 308.0), (434.4, 308.0), (434.4, 308.0), (434.4, 308.0), (434.4, 308.0), (434.4, 308.0), (434.4, 308.0), (434.4, 308.0), (434.4, 308.0), (434.4, 308.0)]",1,0,12.0
speedrunner,bomberman,8,Success,1,0,45.38,1.0,"[(48.0, 112.0), (70.4, 114.8), (101.2, 114.8), (115.2, 131.6), (115.2, 154.0), (118.0, 176.4), (140.4, 179.2), (168.4, 179.2), (179.6, 198.8), (179.6, 221.2), (185.2, 243.6), (207.6, 243.6), (235.6, 243.6), (244.0, 266.0), (244.0, 288.4), (252.4, 308.0), (274.8, 308.0), (297.2, 308.0), (314.0, 308.0), (314.0, 308.0), (319.6, 308.0), (330.8, 308.0), (347.6, 308.0), (353.2, 308.0), (353.2, 308.0), (353.2, 308.0), (353.2, 308.0), (353.2, 308.0), (353.2, 308.0), (353.2, 308.0), (353.2, 308.0), (353.2, 308.0), (353.2, 308.0), (353.2, 308.0), (358.8, 308.0), (364.4, 308.0), (370.0, 308.0), (392.4, 308.0), (414.8, 308.0), (434.4, 308.0), (434.4, 308.0), (434.4, 308.0), (434.4, 308.0), (434.4, 308.0), (434.4, 308.0), (434.4, 308.0), (434.4, 308.0), (434.4, 308.0), (434.4, 308.0), (434.4, 308.0), (434.4, 308.0), (434.4, 308.0), (434.4, 308.0), (434.4, 308.0), (434.4, 308.0), (434.4, 308.0), (434.4, 308.0), (434.4, 308.0), (434.4, 308.0), (434.4, 308.0), (434.4, 308.0)]",2,0,8.08
speedrunner,bomberman,8,Success,1,0,45.38,1.0,"[(48.0, 112.0), (70.4, 114.8), (101.2, 114.8), (115.2, 131.6), (115.2, 154.0), (118.0, 176.4), (140.4, 179.2), (168.4, 179.2), (179.6, 198.8), (179.6, 221.2), (185.2, 243.6), (207.6, 243.6), (235.6, 243.6), (244.0, 266.0), (244.0, 288.4), (252.4, 308.0), (274.8, 308.0), (297.2, 308.0), (314.0, 308.0), (319.6, 308.0), (325.2, 308.0), (325.2, 308.0), (330.8, 308.0), (336.4, 308.0), (336.4, 308.0), (342.0, 308.0), (347.6, 308.0), (347.6, 308.0), (353.2, 308.0), (353.2, 308.0), (353.2, 308.0), (358.8, 308.0), (370.0, 308.0), (386.8, 308.0), (409.2, 308.0), (431.6, 308.0), (434.4, 308.0), (434.4, 308.0), (434.4, 308.0), (434.4, 308.0), (434.4, 308.0), (434.4, 308.0), (434.4, 308.0), (434.4, 308.0), (434.4, 308.0), (434.4, 308.0), (434.4, 308.0), (434.4, 308.0), (434.4, 308.0), (434.4, 308.0), (434.4, 308.0), (434.4, 308.0), (434.4, 308.0), (434.4, 308.0), (434.4, 308.0), (434.4, 308.0), (434.4, 308.0), (434.4, 308.0), (434.4, 308.0), (434.4, 308.0), (434.4, 308.0)]",2,0,8.08
speedrunner,bomberman,8,Bomb,1,0,30.57,1.0,"[(48.0, 112.0), (70.4, 114.8), (101.2, 114.8), (115.2, 131.6), (115.2, 159.6), (126.4, 179.2), (151.6, 179.2), (176.8, 184.8), (179.6, 207.2), (179.6, 229.6), (193.6, 243.6), (221.6, 243.6), (244.0, 252.0), (244.0, 274.4), (244.0, 296.8), (260.8, 308.0), (283.2, 308.0), (288.8, 308.0), (288.8, 308.0), (288.8, 308.0), (294.4, 308.0), (294.4, 308.0), (300.0, 308.0), (305.6, 308.0), (305.6, 308.0), (311.2, 308.0), (311.2, 308.0), (316.8, 308.0), (316.8, 308.0), (328.0, 308.0), (333.6, 308.0), (344.8, 308.0), (350.4, 308.0), (350.4, 308.0), (356.0, 308.0), (367.2, 308.0), (389.6, 308.0), (412.0, 308.0), (434.4, 308.0), (434.4, 308.0), (434.4, 308.0), (434.4, 308.0), (434.4, 308.0), (434.4, 308.0), (434.4, 308.0), (434.4, 308.0), (434.4, 308.0), (434.4, 308.0), (434.4, 308.0), (434.4, 308.0), (434.4, 308.0), (434.4, 308.0), (434.4, 308.0), (434.4, 308.0), (434.4, 308.0), (434.4, 308.0), (434.4, 308.0), (434.4, 308.0), (434.4, 308.0), (434.4, 308.0), (434.4, 308.0), (434.4, 308.0), (434.4, 308.0), (434.4, 308.0), (434.4, 308.0), (434.4, 308.0), (434.4, 308.0), (434.4, 308.0), (434.4, 308.0), (434.4, 308.0), (434.4, 308.0), (434.4, 308.0), (434.4, 308.0), (434.4, 308.0), (434.4, 308.0), (434.4, 308.0), (434.4, 308.0), (434.4, 308.0), (434.4, 308.0), (434.4, 308.0), (434.4, 308.0), (434.4, 308.0), (434.4, 308.0), (434.4, 308.0), (434.4, 308.0), (434.4, 308.0), (434.4, 308.0), (434.4, 308.0), (434.4, 308.0), (434.4, 308.0), (434.4, 308.0)]",1,0,12.0
speedrunner,bomberman,8,Success,1,0,45.38,1.0,"[(48.0, 112.0), (70.4, 114.8), (101.2, 114.8), (115.2, 131.6), (115.2, 154.0), (118.0, 176.4), (140.4, 179.2), (168.4, 179.2), (179.6, 198.8), (179.6, 221.2), (185.2, 243.6), (207.6, 243.6), (235.6, 243.6), (244.0, 266.0), (244.0, 288.4), (252.4, 308.0), (274.8, 308.0), (297.2, 308.0), (302.8, 308.0), (308.4, 308.0), (314.0, 308.0), (314.0, 308.0), (319.6, 308.0), (330.8, 308.0), (330.8, 308.0), (336.4, 308.0), (342.0, 308.0), (342.0, 308.0), (347.6, 308.0), (353.2, 308.0), (353.2, 308.0), (353.2, 308.0), (358.8, 308.0), (364.4, 308.0), (370.0, 308.0), (392.4, 308.0), (414.8, 308.0), (434.4, 308.0), (434.4, 308.0), (434.4, 308.0), (434.4, 308.0), (434.4, 308.0), (434.4, 308.0), (434.4, 308.0), (434.4, 308.0), (434.4, 308.0), (434.4, 308.0), (434.4, 308.0), (434.4, 308.0), (434.4, 308.0), (434.4, 308.0), (434.4, 308.0), (434.4, 308.0), (434.4, 308.0), (434.4, 308.0), (434.4, 308.0), (434.4, 308.0), (434.4, 308.0), (434.4, 308.0), (434.4, 308.0), (434.4, 308.0)]",2,0,8.08
speedrunner,bomberman,8,Success,1,0,45.38,1.0,"[(48.0, 112.0), (70.4, 114.8), (101.2, 114.8), (115.2, 131.6), (115.2, 154.0), (118.0, 176.4), (140.4, 179.2), (168.4, 179.2), (179.6, 198.8), (179.6, 221.2), (185.2, 243.6), (207.6, 243.6), (235.6, 243.6), (244.0, 266.0), (244.0, 288.4), (252.4, 308.0), (274.8, 308.0), (297.2, 308.0), (302.8, 308.0), (308.4, 308.0), (314.0, 308.0), (314.0, 308.0), (319.6, 308.0), (330.8, 308.0), (330.8, 308.0), (336.4, 308.0), (342.0, 308.0), (342.0, 308.0), (347.6, 308.0), (353.2, 308.0), (353.2, 308.0), (353.2, 308.0), (358.8, 308.0), (364.4, 308.0), (370.0, 308.0), (392.4, 308.0), (414.8, 308.0), (434.4, 308.0), (434.4, 308.0), (434.4, 308.0), (434.4, 308.0), (434.4, 308.0), (434.4, 308.0), (434.4, 308.0), (434.4, 308.0), (434.4, 308.0), (434.4, 308.0), (434.4, 308.0), (434.4, 308.0), (434.4, 308.0), (434.4, 308.0), (434.4, 308.0), (434.4, 308.0), (434.4, 308.0), (434.4, 308.0), (434.4, 308.0), (434.4, 308.0), (434.4, 308.0), (434.4, 308.0), (434.4, 308.0), (434.4, 308.0)]",2,0,8.08
speedrunner,bomberman,8,Success,1,0,45.38,1.0,"[(48.0, 112.0), (70.4, 114.8), (101.2, 114.8), (115.2, 131.6), (115.2, 154.0), (118.0, 176.4), (140.4, 179.2), (168.4, 179.2), (179.6, 198.8), (179.6, 221.2), (185.2, 243.6), (207.6, 243.6), (235.6, 243.6), (244.0, 266.0), (244.0, 288.4), (252.4, 308.0), (274.8, 308.0), (297.2, 308.0), (314.0, 308.0), (319.6, 308.0), (325.2, 308.0), (325.2, 308.0), (330.8, 308.0), (336.4, 308.0), (336.4, 308.0), (342.0, 308.0), (347.6, 308.0), (347.6, 308.0), (353.2, 308.0), (353.2, 308.0), (353.2, 308.0), (358.8, 308.0), (370.0, 308.0), (386.8, 308.0), (409.2, 308.0), (431.6, 308.0), (434.4, 308.0), (434.4, 308.0), (434.4, 308.0), (434.4, 308.0), (434.4, 308.0), (434.4, 308.0), (434.4, 308.0), (434.4, 308.0), (434.4, 308.0), (434.4, 308.0), (434.4, 308.0), (434.4, 308.0), (434.4, 308.0), (434.4, 308.0), (434.4, 308.0), (434.4, 308.0), (434.4, 308.0), (434.4, 308.0), (434.4, 308.0), (434.4, 308.0), (434.4, 308.0), (434.4, 308.0), (434.4, 308.0), (434.4, 308.0), (434.4, 308.0)]",2,0,8.08
speedrunner,bomberman,8,Success,1,0,45.38,1.0,"[(48.0, 112.0), (70.4, 114.8), (101.2, 114.8), (115.2, 131.6), (115.2, 154.0), (118.0, 176.4), (140.4, 179.2), (168.4, 179.2), (179.6, 198.8), (179.6, 221.2), (185.2, 243.6), (207.6, 243.6), (235.6, 243.6), (244.0, 266.0), (244.0, 288.4), (252.4, 308.0), (274.8, 308.0), (297.2, 308.0), (314.0, 308.0), (314.0, 308.0), (319.6, 308.0), (330.8, 308.0), (347.6, 308.0), (353.2, 308.0), (353.2, 308.0), (353.2, 308.0), (353.2, 308.0), (353.2, 308.0), (353.2, 308.0), (353.2, 308.0), (353.2, 308.0), (353.2, 308.0), (353.2, 308.0), (353.2, 308.0), (358.8, 308.0), (364.4, 308.0), (370.0, 308.0), (392.4, 308.0), (414.8, 308.0), (434.4, 308.0), (434.4, 308.0), (434.4, 308.0), (434.4, 308.0), (434.4, 308.0), (434.4, 308.0), (434.4, 308.0), (434.4, 308.0), (434.4, 308.0), (434.4, 308.0), (434.4, 308.0), (434.4, 308.0), (434.4, 308.0), (434.4, 308.0), (434.4, 308.0), (434.4, 308.0), (434.4, 308.0), (434.4, 308.0), (434.4, 308.0), (434.4, 308.0), (434.4, 308.0), (434.4, 308.0)]",2,0,8.08
speedrunner,bomberman,8,Success,1,0,45.38,1.0,"[(48.0, 112.0), (70.4, 114.8), (101.2, 114.8), (115.2, 131.6), (115.2, 159.6), (126.4, 179.2), (151.6, 179.2), (176.8, 184.8), (179.6, 207.2), (179.6, 229.6), (193.6, 243.6), (221.6, 243.6), (244.0, 252.0), (244.0, 274.4), (244.0, 296.8), (260.8, 308.0), (283.2, 308.0), (305.6, 308.0), (328.0, 308.0), (333.6, 308.0), (339.2, 308.0), (344.8, 308.0), (344.8, 308.0), (350.4, 308.0), (350.4, 308.0), (356.0, 308.0), (356.0, 308.0), (361.6, 308.0), (361.6, 308.0), (367.2, 308.0), (367.2, 308.0), (389.6, 308.0), (412.0, 308.0), (434.4, 308.0), (434.4, 308.0), (434.4, 308.0), (434.4, 308.0), (434.4, 308.0), (434.4, 308.0), (434.4, 308.0), (434.4, 308.0), (434.4, 308.0), (434.4, 308.0), (434.4, 308.0), (434.4, 308.0), (434.4, 308.0), (434.4, 308.0), (434.4, 308.0), (434.4, 308.0), (434.4, 308.0), (434.4, 308.0), (434.4, 308.0), (434.4, 308.0), (434.4, 308.0), (434.4, 308.0), (434.4, 308.0), (434.4, 308.0), (434.4, 308.0), (434.4, 308.0), (434.4, 308.0), (434.4, 308.0)]",2,0,8.08
speedrunner,bomberman,8,Success,1,0,45.38,1.0,"[(48.0, 112.0), (70.4, 114.8), (101.2, 114.8), (115.2, 131.6), (115.2, 154.0), (118.0, 176.4), (140.4, 179.2), (168.4, 179.2), (179.6, 198.8), (179.6, 221.2), (185.2, 243.6), (207.6, 243.6), (235.6, 243.6), (244.0, 266.0), (244.0, 288.4), (252.4, 308.0), (274.8, 308.0), (297.2, 308.0), (308.4, 308.0), (314.0, 308.0), (314.0, 308.0), (325.2, 308.0), (347.6, 308.0), (353.2, 308.0), (353.2, 308.0), (353.2, 308.0), (353.2, 308.0), (353.2, 308.0), (353.2, 308.0), (353.2, 308.0), (353.2, 308.0), (353.2, 308.0), (353.2, 308.0), (353.2, 308.0), (358.8, 308.0), (364.4, 308.0), (370.0, 308.0), (386.8, 308.0), (409.2, 308.0), (431.6, 308.0), (434.4, 308.0), (434.4, 308.0), (434.4, 308.0), (434.4, 308.0), (434.4, 308.0), (434.4, 308.0), (434.4, 308.0), (434.4, 308.0), (434.4, 308.0), (434.4, 308.0), (434.4, 308.0), (434.4, 308.0), (434.4, 308.0), (434.4, 308.0), (434.4, 308.0), (434.4, 308.0), (434.4, 308.0), (434.4, 308.0), (434.4, 308.0), (434.4, 308.0), (434.4, 308.0)]",2,0,8.08
speedrunner,bomberman,8,Success,1,0,45.38,1.0,"[(48.0, 112.0), (70.4, 114.8), (101.2, 114.8), (115.2, 131.6), (115.2, 154.0), (118.0, 176.4), (140.4, 179.2), (168.4, 179.2), (179.6, 198.8), (179.6, 221.2), (185.2, 243.6), (207.6, 243.6), (235.6, 243.6), (244.0, 266.0), (244.0, 288.4), (252.4, 308.0), (274.8, 308.0), (297.2, 308.0), (319.6, 308.0), (325.2, 308.0), (330.8, 308.0), (336.4, 308.0), (336.4, 308.0), (342.0, 308.0), (347.6, 308.0), (347.6, 308.0), (353.2, 308.0), (353.2, 308.0), (353.2, 308.0), (353.2, 308.0), (358.8, 308.0), (364.4, 308.0), (375.6, 308.0), (398.0, 308.0), (420.4, 308.0), (434.4, 308.0), (434.4, 308.0), (434.4, 308.0), (434.4, 308.0), (434.4, 308.0), (434.4, 308.0), (434.4, 308.0), (434.4, 308.0), (434.4, 308.0), (434.4, 308.0), (434.4, 308.0), (434.4, 308.0), (434.4, 308.0), (434.4, 308.0), (434.4, 308.0), (434.4, 308.0), (434.4, 308.0), (434.4, 308.0), (434.4, 308.0), (434.4, 308.0), (434.4, 308.0), (434.4, 308.0), (434.4, 308.0), (434.4, 308.0), (434.4, 308.0), (434.4, 308.0)]",2,0,8.08
speedrunner,bomberman,8,Bomb,1,0,30.57,1.0,"[(48.0, 112.0), (70.4, 114.8), (101.2, 114.8), (115.2, 131.6), (115.2, 159.6), (126.4, 179.2), (151.6, 179.2), (176.8, 184.8), (179.6, 207.2), (179.6, 229.6), (193.6, 243.6), (221.6, 243.6), (244.0, 252.0), (244.0, 274.4), (244.0, 296.8), (260.8, 308.0), (283.2, 308.0), (305.6, 308.0), (316.8, 308.0), (328.0, 308.0), (333.6, 308.0), (333.6, 308.0), (339.2, 308.0), (344.8, 308.0), (344.8, 308.0), (350.4, 308.0), (350.4, 308.0), (350.4, 308.0), (350.4, 308.0), (350.4, 308.0), (350.4, 308.0), (356.0, 308.0), (372.8, 308.0), (395.2, 308.0), (417.6, 308.0), (434.4, 308.0), (434.4, 308.0), (434.4, 308.0), (434.4, 308.0), (434.4, 308.0), (434.4, 308.0), (434.4, 308.0), (434.4, 308.0), (434.4, 308.0), (434.4, 308.0), (434.4, 308.0), (434.4, 308.0), (434.4, 308.0), (434.4, 308.0), (434.4, 308.0), (434.4, 308.0), (434.4, 308.0), (434.4, 308.0), (434.4, 308.0), (434.4, 308.0), (434.4, 308.0), (434.4, 308.0), (434.4, 308.0), (434.4, 308.0), (434.4, 308.0), (434.4, 308.0), (434.4, 308.0), (434.4, 308.0), (434.4, 308.0), (434.4, 308.0), (434.4, 308.0), (434.4, 308.0), (434.4, 308.0), (434.4, 308.0), (434.4, 308.0), (434.4, 308.0), (434.4, 308.0), (434.4, 308.0), (434.4, 308.0), (434.4, 308.0), (434.4, 308.0), (434.4, 308.0), (434.4, 308.0), (434.4, 308.0), (434.4, 308.0), (434.4, 308.0), (434.4, 308.0), (434.4, 308.0), (434.4, 308.0), (434.4, 308.0), (434.4, 308.0), (434.4, 308.0), (434.4, 308.0), (434.4, 308.0), (434.4, 308.0), (434.4, 308.0)]",1,0,12.0
speedrunner,bomberman,8,Bomb,1,0,45.85,1.0,"[(48.0, 112.0), (70.4, 114.8), (101.2, 114.8), (115.2, 131.6), (115.2, 159.6), (126.4, 179.2), (151.6, 179.2), (176.8, 184.8), (179.6, 207.2), (179.6, 235.2), (199.2, 243.6), (227.2, 243.6), (244.0, 257.6), (244.0, 282.8), (249.6, 308.0), (272.0, 308.0), (294.4, 308.0), (316.8, 308.0), (339.2, 308.0), (344.8, 308.0), (350.4, 308.0), (350.4, 308.0), (356.0, 308.0), (356.0, 308.0), (361.6, 308.0), (361.6, 308.0), (367.2, 308.0), (367.2, 308.0), (367.2, 308.0), (384.0, 308.0), (406.4, 308.0), (428.8, 308.0), (434.4, 308.0), (434.4, 308.0), (434.4, 308.0), (434.4, 308.0), (434.4, 308.0), (434.4, 308.0), (434.4, 308.0), (434.4, 308.0), (434.4, 308.0), (434.4, 308.0), (434.4, 308.0), (434.4, 308.0), (434.4, 308.0), (434.4, 308.0), (434.4, 308.0), (434.4, 308.0), (434.4, 308.0), (434.4, 308.0), (434.4, 308.0), (434.4, 308.0), (434.4, 308.0), (434.4, 308.0), (434.4, 308.0), (434.4, 308.0), (434.4, 308.0), (434.4, 308.0), (434.4, 308.0), (434.4, 308.0), (434.4, 308.0)]",0,0,8.0
speedrunner,bomberman,8,Success,1,0,45.38,1.0,"[(48.0, 112.0), (70.4, 114.8), (101.2, 114.8), (115.2, 131.6), (115.2, 159.6), (126.4, 179.2), (151.6, 179.2), (176.8, 184.8), (179.6, 207.2), (179.6, 235.2), (199.2, 243.6), (227.2, 243.6), (244.0, 257.6), (244.0, 282.8), (249.6, 308.0), (272.0, 308.0), (294.4, 308.0), (316.8, 308.0), (322.4, 308.0), (328.0, 308.0), (328.0, 308.0), (333.6, 308.0), (333.6, 308.0), (339.2, 308.0), (344.8, 308.0), (344.8, 308.0), (350.4, 308.0), (350.4, 308.0), (356.0, 308.0), (361.6, 308.0), (361.6, 308.0), (367.2, 308.0), (384.0, 308.0), (406.4, 308.0), (428.8, 308.0), (434.4, 308.0), (434.4, 308.0), (434.4, 308.0), (434.4, 308.0), (434.4, 308.0), (434.4, 308.0), (434.4, 308.0), (434.4, 308.0), (434.4, 308.0), (434.4, 308.0), (434.4, 308.0), (434.4, 308.0), (434.4, 308.0), (434.4, 308.0), (434.4, 308.0), (434.4, 308.0), (434.4, 308.0), (434.4, 308.0), (434.4, 308.0), (434.4, 308.0), (434.4, 308.0), (434.4, 308.0), (434.4, 308.0), (434.4, 308.0), (434.4, 308.0), (434.4, 308.0)]",2,0,8.08
speedrunner,bomberman,8,Bomb,1,0,30.57,1.0,"[(48.0, 112.0), (70.4, 109.2), (101.2, 112.0), (115.2, 131.6), (115.2, 159.6), (126.4, 179.2), (151.6, 179.2), (176.8, 184.8), (179.6, 207.2), (179.6, 235.2), (199.2, 243.6), (227.2, 243.6), (244.0, 257.6), (244.0, 282.8), (249.6, 308.0), (272.0, 308.0), (294.4, 308.0), (311.2, 308.0), (311.2, 308.0), (316.8, 308.0), (322.4, 308.0), (328.0, 308.0), (328.0, 308.0), (333.6, 308.0), (333.6, 308.0), (339.2, 308.0), (344.8, 308.0), (344.8, 308.0), (350.4, 308.0), (350.4, 308.0), (350.4, 308.0), (356.0, 308.0), (361.6, 308.0), (384.0, 308.0), (406.4, 308.0), (428.8, 308.0), (434.4, 308.0), (434.4, 308.0), (434.4, 308.0), (434.4, 308.0), (434.4, 308.0), (434.4, 308.0), (434.4, 308.0), (434.4, 308.0), (434.4, 308.0), (434.4, 308.0), (434.4, 308.0), (434.4, 308.0), (434.4, 308.0), (434.4, 308.0), (434.4, 308.0), (434.4, 308.0), (434.4, 308.0), (434.4, 308.0), (434.4, 308.0), (434.4, 308.0), (434.4, 308.0), (434.4, 308.0), (434.4, 308.0), (434.4, 308.0), (434.4, 308.0), (434.4, 308.0), (434.4, 308.0), (434.4, 308.0), (434.4, 308.0), (434.4, 308.0), (434.4, 308.0), (434.4, 308.0), (434.4, 308.0), (434.4, 308.0), (434.4, 308.0), (434.4, 308.0), (434.4, 308.0), (434.4, 308.0), (434.4, 308.0), (434.4, 308.0), (434.4, 308.0), (434.4, 308.0), (434.4, 308.0), (434.4, 308.0), (434.4, 308.0), (434.4, 308.0), (434.4, 308.0), (434.4, 308.0), (434.4, 308.0), (434.4, 308.0), (434.4, 308.0), (434.4, 308.0), (434.4, 308.0), (434.4, 308.0), (434.4, 308.0)]",1,0,12.0
speedrunner,bomberman,8,Success,1,0,45.38,1.0,"[(48.0, 112.0), (70.4, 114.8), (101.2, 114.8), (115.2, 131.6), (115.2, 159.6), (126.4, 179.2), (151.6, 179.2), (176.8, 184.8), (179.6, 207.2), (179.6, 235.2), (199.2, 243.6), (227.2, 243.6), (244.0, 257.6), (244.0, 282.8), (249.6, 308.0), (272.0, 308.0), (294.4, 308.0), (316.8, 308.0), (322.4, 308.0), (328.0, 308.0), (328.0, 308.0), (333.6, 308.0), (333.6, 308.0), (339.2, 308.0), (344.8, 308.0), (344.8, 308.0), (350.4, 308.0), (350.4, 308.0), (356.0, 308.0), (361.6, 308.0), (361.6, 308.0), (367.2, 308.0), (384.0, 308.0), (406.4, 308.0), (428.8, 308.0), (434.4, 308.0), (434.4, 308.0), (434.4, 308.0), (434.4, 308.0), (434.4, 308.0), (434.4, 308.0), (434.4, 308.0), (434.4, 308.0), (434.4, 308.0), (434.4, 308.0), (434.4, 308.0), (434.4, 308.0), (434.4, 308.0), (434.4, 308.0), (434.4, 308.0), (434.4, 308.0), (434.4, 308.0), (434.4, 308.0), (434.4, 308.0), (434.4, 308.0), (434.4, 308.0), (434.4, 308.0), (434.4, 308.0), (434.4, 308.0), (434.4, 308.0), (434.4, 308.0)]",2,0,8.08
speedrunner,bomberman,8,Success,1,0,45.38,1.0,"[(48.0, 112.0), (70.4, 114.8), (101.2, 114.8), (115.2, 131.6), (115.2, 154.0), (118.0, 176.4), (140.4, 179.2), (168.4, 179.2), (179.6, 198.8), (179.6, 221.2), (185.2, 243.6), (207.6, 243.6), (235.6, 243.6), (244.0, 266.0), (244.0, 288.4), (252.4, 308.0), (274.8, 308.0), (297.2, 308.0), (319.6, 308.0), (325.2, 308.0), (330.8, 308.0), (336.4, 308.0), (336.4, 308.0), (342.0, 308.0), (347.6, 308.0), (347.6, 308.0), (353.2, 308.0), (353.2, 308.0), (353.2, 308.0), (353.2, 308.0), (358.8, 308.0), (364.4, 308.0), (375.6, 308.0), (398.0, 308.0), (420.4, 308.0), (434.4, 308.0), (434.4, 308.0), (434.4, 308.0), (434.4, 308.0), (434.4, 308.0), (434.4, 308.0), (434.4, 308.0), (434.4, 308.0), (434.4, 308.0), (434.4, 308.0), (434.4, 308.0), (434.4, 308.0), (434.4, 308.0), (434.4, 308.0), (434.4, 308.0), (434.4, 308.0), (434.4, 308.0), (434.4, 308.0), (434.4, 308.0), (434.4, 308.0), (434.4, 308.0), (434.4, 308.0), (434.4, 308.0), (434.4, 308.0), (434.4, 308.0), (434.4, 308.0)]",2,0,8.08
speedrunner,bomberman,8,Success,1,0,45.38,1.0,"[(48.0, 112.0), (70.4, 114.8), (101.2, 114.8), (115.2, 131.6), (115.2, 154.0), (118.0, 176.4), (140.4, 179.2), (168.4, 179.2), (179.6, 198.8), (179.6, 221.2), (185.2, 243.6), (207.6, 243.6), (235.6, 243.6), (244.0, 266.0), (244.0, 288.4), (252.4, 308.0), (274.8, 308.0), (297.2, 308.0), (308.4, 308.0), (314.0, 308.0), (314.0, 308.0), (325.2, 308.0), (347.6, 308.0), (353.2, 308.0), (353.2, 308.0), (353.2, 308.0), (353.2, 308.0), (353.2, 308.0), (353.2, 308.0), (353.2, 308.0), (353.2, 308.0), (353.2, 308.0), (353.2, 308.0), (353.2, 308.0), (358.8, 308.0), (364.4, 308.0), (370.0, 308.0), (386.8, 308.0), (409.2, 308.0), (431.6, 308.0), (434.4, 308.0), (434.4, 308.0), (434.4, 308.0), (434.4, 308.0), (434.4, 308.0), (434.4, 308.0), (434.4, 308.0), (434.4, 308.0), (434.4, 308.0), (434.4, 308.0), (434.4, 308.0), (434.4, 308.0), (434.4, 308.0), (434.4, 308.0), (434.4, 308.0), (434.4, 308.0), (434.4, 308.0), (434.4, 308.0), (434.4, 308.0), (434.4, 308.0), (434.4, 308.0)]",2,0,8.08
speedrunner,bomberman,8,Success,1,0,45.38,1.0,"[(48.0, 112.0), (70.4, 114.8), (101.2, 114.8), (115.2, 131.6), (115.2, 159.6), (126.4, 179.2), (151.6, 179.2), (176.8, 184.8), (179.6, 207.2), (179.6, 229.6), (193.6, 243.6), (221.6, 243.6), (244.0, 252.0), (244.0, 274.4), (244.0, 296.8), (260.8, 308.0), (283.2, 308.0), (305.6, 308.0), (328.0, 308.0), (333.6, 308.0), (339.2, 308.0), (344.8, 308.0), (344.8, 308.0), (350.4, 308.0), (350.4, 308.0), (356.0, 308.0), (356.0, 308.0), (361.6, 308.0), (361.6, 308.0), (367.2, 308.0), (367.2, 308.0), (389.6, 308.0), (412.0, 308.0), (434.4, 308.0), (434.4, 308.0), (434.4, 308.0), (434.4, 308.0), (434.4, 308.0), (434.4, 308.0), (434.4, 308.0), (434.4, 308.0), (434.4, 308.0), (434.4, 308.0), (434.4, 308.0), (434.4, 308.0), (434.4, 308.0), (434.4, 308.0), (434.4, 308.0), (434.4, 308.0), (434.4, 308.0), (434.4, 308.0), (434.4, 308.0), (434.4, 308.0), (434.4, 308.0), (434.4, 308.0), (434.4, 308.0), (434.4, 308.0), (434.4, 308.0), (434.4, 308.0), (434.4, 308.0), (434.4, 308.0)]",2,0,8.08
speedrunner,bomberman,8,Bomb,1,0,45.85,1.0,"[(48.0, 112.0), (70.4, 114.8), (101.2, 114.8), (115.2, 131.6), (115.2, 159.6), (126.4, 179.2), (151.6, 179.2), (176.8, 184.8), (179.6, 207.2), (179.6, 235.2), (199.2, 243.6), (227.2, 243.6), (244.0, 257.6), (244.0, 282.8), (249.6, 308.0), (272.0, 308.0), (294.4, 308.0), (316.8, 308.0), (339.2, 308.0), (361.6, 308.0), (384.0, 308.0), (406.4, 308.0), (428.8, 308.0), (434.4, 308.0), (434.4, 308.0), (434.4, 308.0), (434.4, 308.0), (434.4, 308.0), (434.4, 308.0), (434.4, 308.0), (434.4, 308.0), (434.4, 308.0), (434.4, 308.0), (434.4, 308.0), (434.4, 308.0), (434.4, 308.0), (434.4, 308.0), (434.4, 308.0), (434.4, 308.0), (434.4, 308.0), (434.4, 308.0), (434.4, 308.0), (434.4, 308.0), (434.4, 308.0), (434.4, 308.0), (434.4, 308.0), (434.4, 308.0), (434.4, 308.0), (434.4, 308.0), (434.4, 308.0), (434.4, 308.0), (434.4, 308.0), (434.4, 308.0), (434.4, 308.0), (434.4, 308.0), (434.4, 308.0), (434.4, 308.0), (434.4, 308.0), (434.4, 308.0), (434.4, 308.0), (434.4, 308.0)]",0,0,8.0
speedrunner,bomberman,8,Bomb,1,0,45.85,1.0,"[(48.0, 112.0), (70.4, 114.8), (101.2, 114.8), (115.2, 131.6), (115.2, 159.6), (126.4, 179.2), (151.6, 179.2), (176.8, 184.8), (179.6, 207.2), (179.6, 235.2), (199.2, 243.6), (227.2, 243.6), (244.0, 257.6), (244.0, 282.8), (249.6, 308.0), (272.0, 308.0), (294.4, 308.0), (316.8, 308.0), (339.2, 308.0), (361.6, 308.0), (384.0, 308.0), (406.4, 308.0), (428.8, 308.0), (434.4, 308.0), (434.4, 308.0), (434.4, 308.0), (434.4, 308.0), (434.4, 308.0), (434.4, 308.0), (434.4, 308.0), (434.4, 308.0), (434.4, 308.0), (434.4, 308.0), (434.4, 308.0), (434.4, 308.0), (434.4, 308.0), (434.4, 308.0), (434.4, 308.0), (434.4, 308.0), (434.4, 308.0), (434.4, 308.0), (434.4, 308.0), (434.4, 308.0), (434.4, 308.0), (434.4, 308.0), (434.4, 308.0), (434.4, 308.0), (434.4, 308.0), (434.4, 308.0), (434.4, 308.0), (434.4, 308.0), (434.4, 308.0), (434.4, 308.0), (434.4, 308.0), (434.4, 308.0), (434.4, 308.0), (434.4, 308.0), (434.4, 308.0), (434.4, 308.0), (434.4, 308.0), (434.4, 308.0)]",0,0,8.0
speedrunner,bomberman,8,Bomb,1,0,30.57,1.0,"[(48.0, 112.0), (70.4, 114.8), (101.2, 114.8), (115.2, 131.6), (115.2, 154.0), (118.0, 176.4), (140.4, 179.2), (168.4, 179.2), (179.6, 198.8), (179.6, 221.2), (185.2, 243.6), (207.6, 243.6), (235.6, 243.6), (238.4, 266.0), (238.4, 288.4), (244.0, 308.0), (249.6, 308.0), (249.6, 308.0), (249.6, 308.0), (255.2, 308.0), (277.6, 308.0), (288.8, 308.0), (288.8, 308.0), (288.8, 308.0), (288.8, 308.0), (288.8, 308.0), (288.8, 308.0), (288.8, 308.0), (288.8, 308.0), (288.8, 308.0), (294.4, 308.0), (300.0, 308.0), (305.6, 308.0), (316.8, 308.0), (328.0, 308.0), (350.4, 308.0), (350.4, 308.0), (353.2, 308.0), (353.2, 308.0), (353.2, 308.0), (353.2, 308.0), (353.2, 308.0), (353.2, 308.0), (353.2, 308.0), (353.2, 308.0), (353.2, 308.0), (353.2, 308.0), (353.2, 308.0), (353.2, 308.0), (353.2, 308.0), (358.8, 308.0), (358.8, 308.0), (370.0, 308.0), (392.4, 308.0), (414.8, 308.0), (434.4, 308.0), (434.4, 308.0), (434.4, 308.0), (434.4, 308.0), (434.4, 308.0), (434.4, 308.0), (434.4, 308.0), (434.4, 308.0), (434.4, 308.0), (434.4, 308.0), (434.4, 308.0), (434.4, 308.0), (434.4, 308.0), (434.4, 308.0), (434.4, 308.0), (434.4, 308.0), (434.4, 308.0), (434.4, 308.0), (434.4, 308.0), (434.4, 308.0), (434.4, 308.0), (434.4, 308.0), (434.4, 308.0), (434.4, 308.0), (434.4, 308.0), (434.4, 308.0), (434.4, 308.0), (434.4, 308.0), (434.4, 308.0), (434.4, 308.0), (434.4, 308.0), (434.4, 308.0), (434.4, 308.0), (434.4, 308.0), (434.4, 308.0), (434.4, 308.0)]",0,0,12.0
speedrunner,bomberman,8,Bomb,1,0,45.85,1.0,"[(48.0, 112.0), (70.4, 114.8), (101.2, 114.8), (115.2, 131.6), (115.2, 159.6), (126.4, 179.2), (151.6, 179.2), (176.8, 184.8), (179.6, 207.2), (179.6, 235.2), (199.2, 243.6), (227.2, 243.6), (244.0, 257.6), (244.0, 282.8), (249.6, 308.0), (272.0, 308.0), (294.4, 308.0), (316.8, 308.0), (339.2, 308.0), (361.6, 308.0), (384.0, 308.0), (406.4, 308.0), (428.8, 308.0), (434.4, 308.0), (434.4, 308.0), (434.4, 308.0), (434.4, 308.0), (434.4, 308.0), (434.4, 308.0), (434.4, 308.0), (434.4, 308.0), (434.4, 308.0), (434.4, 308.0), (434.4, 308.0), (434.4, 308.0), (434.4, 308.0), (434.4, 308.0), (434.4, 308.0), (434.4, 308.0), (434.4, 308.0), (434.4, 308.0), (434.4, 308.0), (434.4, 308.0), (434.4, 308.0), (434.4, 308.0), (434.4, 308.0), (434.4, 308.0), (434.4, 308.0), (434.4, 308.0), (434.4, 308.0), (434.4, 308.0), (434.4, 308.0), (434.4, 308.0), (434.4, 308.0), (434.4, 308.0), (434.4, 308.0), (434.4, 308.0), (434.4, 308.0), (434.4, 308.0), (434.4, 308.0), (434.4, 308.0)]",0,0,8.0
speedrunner,bomberman,8,Success,1,0,45.38,1.0,"[(48.0, 112.0), (70.4, 114.8), (101.2, 114.8), (115.2, 131.6), (115.2, 154.0), (118.0, 176.4), (140.4, 179.2), (168.4, 179.2), (179.6, 198.8), (179.6, 221.2), (185.2, 243.6), (207.6, 243.6), (235.6, 243.6), (244.0, 266.0), (244.0, 288.4), (252.4, 308.0), (274.8, 308.0), (297.2, 308.0), (302.8, 308.0), (302.8, 308.0), (308.4, 308.0), (314.0, 308.0), (314.0, 308.0), (319.6, 308.0), (336.4, 308.0), (347.6, 308.0), (353.2, 308.0), (353.2, 308.0), (353.2, 308.0), (353.2, 308.0), (353.2, 308.0), (353.2, 308.0), (353.2, 308.0), (353.2, 308.0), (358.8, 308.0), (364.4, 308.0), (375.6, 308.0), (398.0, 308.0), (420.4, 308.0), (434.4, 308.0), (434.4, 308.0), (434.4, 308.0), (434.4, 308.0), (434.4, 308.0), (434.4, 308.0), (434.4, 308.0), (434.4, 308.0), (434.4, 308.0), (434.4, 308.0), (434.4, 308.0), (434.4, 308.0), (434.4, 308.0), (434.4, 308.0), (434.4, 308.0), (434.4, 308.0), (434.4, 308.0), (434.4, 308.0), (434.4, 308.0), (434.4, 308.0), (434.4, 308.0), (434.4, 308.0)]",2,0,8.08
speedrunner,bomberman,8,Bomb,1,0,45.85,1.0,"[(48.0, 112.0), (70.4, 114.8), (101.2, 114.8), (115.2, 131.6), (115.2, 159.6), (126.4, 179.2), (151.6, 179.2), (176.8, 184.8), (179.6, 207.2), (179.6, 235.2), (199.2, 243.6), (227.2, 243.6), (244.0, 257.6), (244.0, 282.8), (249.6, 308.0), (272.0, 308.0), (294.4, 308.0), (316.8, 308.0), (339.2, 308.0), (344.8, 308.0), (344.8, 308.0), (350.4, 308.0), (356.0, 308.0), (361.6, 308.0), (361.6, 308.0), (367.2, 308.0), (367.2, 308.0), (367.2, 308.0), (384.0, 308.0), (406.4, 308.0), (428.8, 308.0), (434.4, 308.0), (434.4, 308.0), (434.4, 308.0), (434.4, 308.0), (434.4, 308.0), (434.4, 308.0), (434.4, 308.0), (434.4, 308.0), (434.4, 308.0), (434.4, 308.0), (434.4, 308.0), (434.4, 308.0), (434.4, 308.0), (434.4, 308.0), (434.4, 308.0), (434.4, 308.0), (434.4, 308.0), (434.4, 308.0), (434.4, 308.0), (434.4, 308.0), (434.4, 308.0), (434.4, 308.0), (434.4, 308.0), (434.4, 308.0), (434.4, 308.0), (434.4, 308.0), (434.4, 308.0), (434.4, 308.0), (434.4, 308.0), (434.4, 308.0)]",0,0,8.0
speedrunner,bomberman,8,Success,1,0,45.38,1.0,"[(48.0, 112.0), (70.4, 114.8), (101.2, 114.8), (115.2, 131.6), (115.2, 154.0), (118.0, 176.4), (140.4, 179.2), (168.4, 179.2), (179.6, 198.8), (179.6, 221.2), (185.2, 243.6), (207.6, 243.6), (235.6, 243.6), (244.0, 266.0), (244.0, 288.4), (252.4, 308.0), (274.8, 308.0), (297.2, 308.0), (302.8, 308.0), (302.8, 308.0), (308.4, 308.0), (314.0, 308.0), (314.0, 308.0), (319.6, 308.0), (336.4, 308.0), (347.6, 308.0), (353.2, 308.0), (353.2, 308.0), (353.2, 308.0), (353.2, 308.0), (353.2, 308.0), (353.2, 308.0), (353.2, 308.0), (353.2, 308.0), (358.8, 308.0), (364.4, 308.0), (375.6, 308.0), (398.0, 308.0), (420.4, 308.0), (434.4, 308.0), (434.4, 308.0), (434.4, 308.0), (434.4, 308.0), (434.4, 308.0), (434.4, 308.0), (434.4, 308.0), (434.4, 308.0), (434.4, 308.0), (434.4, 308.0), (434.4, 308.0), (434.4, 308.0), (434.4, 308.0), (434.4, 308.0), (434.4, 308.0), (434.4, 308.0), (434.4, 308.0), (434.4, 308.0), (434.4, 308.0), (434.4, 308.0), (434.4, 308.0), (434.4, 308.0)]",2,0,8.08
speedrunner,bomberman,8,Success,1,0,45.38,1.0,"[(48.0, 112.0), (70.4, 114.8), (101.2, 114.8), (115.2, 131.6), (115.2, 159.6), (126.4, 179.2), (151.6, 179.2), (176.8, 184.8), (179.6, 207.2), (179.6, 229.6), (193.6, 243.6), (221.6, 243.6), (244.0, 252.0), (244.0, 274.4), (244.0, 296.8), (260.8, 308.0), (283.2, 308.0), (305.6, 308.0), (328.0, 308.0), (333.6, 308.0), (339.2, 308.0), (344.8, 308.0), (344.8, 308.0), (350.4, 308.0), (350.4, 308.0), (356.0, 308.0), (356.0, 308.0), (361.6, 308.0), (361.6, 308.0), (367.2, 308.0), (367.2, 308.0), (389.6, 308.0), (412.0, 308.0), (434.4, 308.0), (434.4, 308.0), (434.4, 308.0), (434.4, 308.0), (434.4, 308.0), (434.4, 308.0), (434.4, 308.0), (434.4, 308.0), (434.4, 308.0), (434.4, 308.0), (434.4, 308.0), (434.4, 308.0), (434.4, 308.0), (434.4, 308.0), (434.4, 308.0), (434.4, 308.0), (434.4, 308.0), (434.4, 308.0), (434.4, 308.0), (434.4, 308.0), (434.4, 308.0), (434.4, 308.0), (434.4, 308.0), (434.4, 308.0), (434.4, 308.0), (434.4, 308.0), (434.4, 308.0), (434.4, 308.0)]",2,0,8.08
speedrunner,bomberman,8,Success,1,0,45.38,1.0,"[(48.0, 112.0), (70.4, 114.8), (101.2, 114.8), (115.2, 131.6), (115.2, 154.0), (118.0, 176.4), (140.4, 179.2), (168.4, 179.2), (179.6, 198.8), (179.6, 221.2), (185.2, 243.6), (207.6, 243.6), (235.6, 243.6), (244.0, 266.0), (244.0, 288.4), (252.4, 308.0), (274.8, 308.0), (297.2, 308.0), (308.4, 308.0), (314.0, 308.0), (314.0, 308.0), (325.2, 308.0), (347.6, 308.0), (353.2, 308.0), (353.2, 308.0), (353.2, 308.0), (353.2, 308.0), (353.2, 308.0), (353.2, 308.0), (353.2, 308.0), (353.2, 308.0), (353.2, 308.0), (353.2, 308.0), (353.2, 308.0), (358.8, 308.0), (364.4, 308.0), (370.0, 308.0), (386.8, 308.0), (409.2, 308.0), (431.6, 308.0), (434.4, 308.0), (434.4, 308.0), (434.4, 308.0), (434.4, 308.0), (434.4, 308.0), (434.4, 308.0), (434.4, 308.0), (434.4, 308.0), (434.4, 308.0), (434.4, 308.0), (434.4, 308.0), (434.4, 308.0), (434.4, 308.0), (434.4, 308.0), (434.4, 308.0), (434.4, 308.0), (434.4, 308.0), (434.4, 308.0), (434.4, 308.0), (434.4, 308.0), (434.4, 308.0)]",2,0,8.08
speedrunner,bomberman,8,Success,1,0,45.38,1.0,"[(48.0, 112.0), (70.4, 114.8), (101.2, 114.8), (115.2, 131.6), (115.2, 154.0), (118.0, 176.4), (140.4, 179.2), (168.4, 179.2), (179.6, 198.8), (179.6, 221.2), (185.2, 243.6), (207.6, 243.6), (235.6, 243.6), (244.0, 266.0), (244.0, 288.4), (252.4, 308.0), (274.8, 308.0), (297.2, 308.0), (319.6, 308.0), (325.2, 308.0), (330.8, 308.0), (336.4, 308.0), (336.4, 308.0), (342.0, 308.0), (347.6, 308.0), (347.6, 308.0), (353.2, 308.0), (353.2, 308.0), (353.2, 308.0), (353.2, 308.0), (358.8, 308.0), (364.4, 308.0), (375.6, 308.0), (398.0, 308.0), (420.4, 308.0), (434.4, 308.0), (434.4, 308.0), (434.4, 308.0), (434.4, 308.0), (434.4, 308.0), (434.4, 308.0), (434.4, 308.0), (434.4, 308.0), (434.4, 308.0), (434.4, 308.0), (434.4, 308.0), (434.4, 308.0), (434.4, 308.0), (434.4, 308.0), (434.4, 308.0), (434.4, 308.0), (434.4, 308.0), (434.4, 308.0), (434.4, 308.0), (434.4, 308.0), (434.4, 308.0), (434.4, 308.0), (434.4, 308.0), (434.4, 308.0), (434.4, 308.0), (434.4, 308.0)]",2,0,8.08
speedrunner,bomberman,8,Bomb,1,0,45.85,1.0,"[(48.0, 112.0), (70.4, 114.8), (101.2, 114.8), (115.2, 131.6), (115.2, 159.6), (126.4, 179.2), (151.6, 179.2), (176.8, 184.8), (179.6, 207.2), (179.6, 229.6), (193.6, 243.6), (221.6, 243.6), (244.0, 252.0), (244.0, 274.4), (244.0, 296.8), (260.8, 308.0), (283.2, 308.0), (305.6, 308.0), (328.0, 308.0), (350.4, 308.0), (372.8, 308.0), (395.2, 308.0), (417.6, 308.0), (434.4, 308.0), (434.4, 308.0), (434.4, 308.0), (434.4, 308.0), (434.4, 308.0), (434.4, 308.0), (434.4, 308.0), (434.4, 308.0), (434.4, 308.0), (434.4, 308.0), (434.4, 308.0), (434.4, 308.0), (434.4, 308.0), (434.4, 308.0), (434.4, 308.0), (434.4, 308.0), (434.4, 308.0), (434.4, 308.0), (434.4, 308.0), (434.4, 308.0), (434.4, 308.0), (434.4, 308.0), (434.4, 308.0), (434.4, 308.0), (434.4, 308.0), (434.4, 308.0), (434.4, 308.0), (434.4, 308.0), (434.4, 308.0), (434.4, 308.0), (434.4, 308.0), (434.4, 308.0), (434.4, 308.0), (434.4, 308.0), (434.4, 308.0), (434.4, 308.0), (434.4, 308.0), (434.4, 308.0)]",0,0,8.0
speedrunner,bomberman,8,Success,1,0,45.38,1.0,"[(48.0, 112.0), (70.4, 114.8), (101.2, 114.8), (115.2, 131.6), (115.2, 154.0), (118.0, 176.4), (140.4, 179.2), (168.4, 179.2), (179.6, 198.8), (179.6, 221.2), (185.2, 243.6), (207.6, 243.6), (235.6, 243.6), (244.0, 266.0), (244.0, 288.4), (252.4, 308.0), (274.8, 308.0), (297.2, 308.0), (319.6, 308.0), (342.0, 308.0), (353.2, 308.0), (353.2, 308.0), (353.2, 308.0), (353.2, 308.0), (353.2, 308.0), (353.2, 308.0), (353.2, 308.0), (358.8, 308.0), (358.8, 308.0), (364.4, 308.0), (370.0, 308.0), (392.4, 308.0), (414.8, 308.0), (434.4, 308.0), (434.4, 308.0), (434.4, 308.0), (434.4, 308.0), (434.4, 308.0), (434.4, 308.0), (434.4, 308.0), (434.4, 308.0), (434.4, 308.0), (434.4, 308.0), (434.4, 308.0), (434.4, 308.0), (434.4, 308.0), (434.4, 308.0), (434.4, 308.0), (434.4, 308.0), (434.4, 308.0), (434.4, 308.0), (434.4, 308.0), (434.4, 308.0), (434.4, 308.0), (434.4, 308.0), (434.4, 308.0), (434.4, 308.0), (434.4, 308.0), (434.4, 308.0), (434.4, 308.0), (434.4, 308.0)]",2,0,8.08
speedrunner,bomberman,8,Bomb,1,0,45.85,1.0,"[(48.0, 112.0), (70.4, 114.8), (101.2, 114.8), (115.2, 131.6), (115.2, 159.6), (126.4, 179.2), (151.6, 179.2), (176.8, 184.8), (179.6, 207.2), (179.6, 235.2), (199.2, 243.6), (227.2, 243.6), (244.0, 257.6), (244.0, 282.8), (249.6, 308.0), (272.0, 308.0), (294.4, 308.0), (316.8, 308.0), (333.6, 308.0), (339.2, 308.0), (344.8, 308.0), (344.8, 308.0), (350.4, 308.0), (372.8, 308.0), (395.2, 308.0), (417.6, 308.0), (434.4, 308.0), (434.4, 308.0), (434.4, 308.0), (434.4, 308.0), (434.4, 308.0), (434.4, 308.0), (434.4, 308.0), (434.4, 308.0), (434.4, 308.0), (434.4, 308.0), (434.4, 308.0), (434.4, 308.0), (434.4, 308.0), (434.4, 308.0), (434.4, 308.0), (434.4, 308.0), (434.4, 308.0), (434.4, 308.0), (434.4, 308.0), (434.4, 308.0), (434.4, 308.0), (434.4, 308.0), (434.4, 308.0), (434.4, 308.0), (434.4, 308.0), (434.4, 308.0), (434.4, 308.0), (434.4, 308.0), (434.4, 308.0), (434.4, 308.0), (434.4, 308.0), (434.4, 308.0), (434.4, 308.0), (434.4, 308.0), (434.4, 308.0)]",0,0,8.0
speedrunner,bomberman,8,Bomb,1,0,45.85,1.0,"[(48.0, 112.0), (70.4, 114.8), (101.2, 114.8), (115.2, 131.6), (115.2, 159.6), (126.4, 179.2), (151.6, 179.2), (176.8, 184.8), (179.6, 207.2), (179.6, 235.2), (199.2, 243.6), (227.2, 243.6), (244.0, 257.6), (244.0, 282.8), (249.6, 308.0), (272.0, 308.0), (294.4, 308.0), (316.8, 308.0), (339.2, 308.0), (361.6, 308.0), (384.0, 308.0), (406.4, 308.0), (428.8, 308.0), (434.4, 308.0), (434.4, 308.0), (434.4, 308.0), (434.4, 308.0), (434.4, 308.0), (434.4, 308.0), (434.4, 308.0), (434.4, 308.0), (434.4, 308.0), (434.4, 308.0), (434.4, 308.0), (434.4, 308.0), (434.4, 308.0), (434.4, 308.0), (434.4, 308.0), (434.4, 308.0), (434.4, 308.0), (434.4, 308.0), (434.4, 308.0), (434.4, 308.0), (434.4, 308.0), (434.4, 308.0), (434.4, 308.0), (434.4, 308.0), (434.4, 308.0), (434.4, 308.0), (434.4, 308.0), (434.4, 308.0), (434.4, 308.0), (434.4, 308.0), (434.4, 308.0), (434.4, 308.0), (434.4, 308.0), (434.4, 308.0), (434.4, 308.0), (434.4, 308.0), (434.4, 308.0), (434.4, 308.0)]",0,0,8.0
speedrunner,bomberman,8,Success,1,0,45.38,1.0,"[(48.0, 112.0), (70.4, 114.8), (101.2, 114.8), (115.2, 131.6), (115.2, 154.0), (118.0, 176.4), (140.4, 179.2), (168.4, 179.2), (179.6, 198.8), (179.6, 221.2), (185.2, 243.6), (207.6, 243.6), (235.6, 243.6), (244.0, 266.0), (244.0, 288.4), (252.4, 308.0), (274.8, 308.0), (297.2, 308.0), (302.8, 308.0), (302.8, 308.0), (308.4, 308.0), (308.4, 308.0), (314.0, 308.0), (319.6, 308.0), (330.8, 308.0), (342.0, 308.0), (342.0, 308.0), (347.6, 308.0), (353.2, 308.0), (353.2, 308.0), (353.2, 308.0), (353.2, 308.0), (353.2, 308.0), (358.8, 308.0), (364.4, 308.0), (375.6, 308.0), (398.0, 308.0), (420.4, 308.0), (434.4, 308.0), (434.4, 308.0), (434.4, 308.0), (434.4, 308.0), (434.4, 308.0), (434.4, 308.0), (434.4, 308.0), (434.4, 308.0), (434.4, 308.0), (434.4, 308.0), (434.4, 308.0), (434.4, 308.0), (434.4, 308.0), (434.4, 308.0), (434.4, 308.0), (434.4, 308.0), (434.4, 308.0), (434.4, 308.0), (434.4, 308.0), (434.4, 308.0), (434.4, 308.0), (434.4, 308.0), (434.4, 308.0)]",2,0,8.08
speedrunner,bomberman,8,Bomb,1,0,45.85,1.0,"[(48.0, 112.0), (70.4, 114.8), (101.2, 114.8), (115.2, 131.6), (115.2, 159.6), (126.4, 179.2), (151.6, 179.2), (176.8, 184.8), (179.6, 207.2), (179.6, 235.2), (199.2, 243.6), (227.2, 243.6), (244.0, 257.6), (244.0, 282.8), (249.6, 308.0), (272.0, 308.0), (294.4, 308.0), (316.8, 308.0), (339.2, 308.0), (344.8, 308.0), (350.4, 308.0), (350.4, 308.0), (350.4, 308.0), (350.4, 308.0), (356.0, 308.0), (356.0, 308.0), (361.6, 308.0), (361.6, 308.0), (367.2, 308.0), (367.2, 308.0), (384.0, 308.0), (406.4, 308.0), (428.8, 308.0), (434.4, 308.0), (434.4, 308.0), (434.4, 308.0), (434.4, 308.0), (434.4, 308.0), (434.4, 308.0), (434.4, 308.0), (434.4, 308.0), (434.4, 308.0), (434.4, 308.0), (434.4, 308.0), (434.4, 308.0), (434.4, 308.0), (434.4, 308.0), (434.4, 308.0), (434.4, 308.0), (434.4, 308.0), (434.4, 308.0), (434.4, 308.0), (434.4, 308.0), (434.4, 308.0), (434.4, 308.0), (434.4, 308.0), (434.4, 308.0), (434.4, 308.0), (434.4, 308.0), (434.4, 308.0), (434.4, 308.0)]",0,0,8.0
