persona,game,world,cause_of_death,jump_count,coins_collected,avg_vx,progress_ratio,route,enemies_killed,bricks_destroyed,elapsed_time
experienced,bomberman,8,Enemy,2,0,32.55,0.556,"[(48.0, 112.0), (62.9, 115.7), (77.9, 108.3), (98.4, 110.1), (113.3, 121.3), (115.2, 136.3), (115.2, 153.1), (115.2, 171.7), (128.3, 179.2), (143.2, 173.6), (165.6, 177.3), (180.5, 188.5), (180.5, 203.5), (176.8, 220.3), (180.5, 235.2), (193.6, 244.5), (208.5, 244.5), (223.5, 244.5), (223.5, 244.5), (223.5, 244.5), (219.7, 244.5), (210.4, 244.5), (197.3, 244.5), (180.5, 246.4), (173.1, 261.3), (173.1, 276.3)]",0,0,3.38
experienced,bomberman,8,Bomb,1,0,13.39,0.111,"[(48.0, 112.0), (62.9, 108.3), (77.9, 108.3), (98.4, 108.3), (113.3, 102.7), (115.2, 87.7), (115.2, 76.5), (115.2, 76.5), (115.2, 76.5), (115.2, 76.5), (115.2, 76.5), (115.2, 76.5), (115.2, 76.5), (115.2, 76.5), (115.2, 76.5), (115.2, 76.5), (115.2, 76.5), (115.2, 76.5), (115.2, 76.5), (115.2, 76.5), (115.2, 76.5), (115.2, 76.5), (115.2, 76.5), (115.2, 76.5), (115.2, 76.5), (115.2, 76.5), (115.2, 76.5), (115.2, 76.5), (115.2, 76.5), (115.2, 76.5), (115.2, 76.5), (115.2, 76.5), (115.2, 76.5), (115.2, 76.5), (115.2, 76.5)]",0,0,4.6
experienced,bomberman,8,Stuck,0,0,45.44,0.667,"[(48.0, 112.0), (62.9, 112.0), (77.9, 112.0), (92.8, 112.0), (107.7, 112.0), (122.7, 112.0), (137.6, 112.0), (152.5, 112.0), (167.5, 112.0), (182.4, 112.0), (197.3, 115.7), (214.1, 115.7), (234.7, 115.7), (249.6, 115.7), (264.5, 115.7), (283.2, 115.7), (300.0, 115.7), (314.9, 115.7), (329.9, 115.7), (350.4, 115.7), (365.3, 115.7), (380.3, 115.7), (395.2, 115.7), (410.1, 115.7), (425.1, 115.7), (436.3, 115.7), (436.3, 115.7), (436.3, 115.7), (436.3, 115.7), (436.3, 115.7), (436.3, 115.7), (436.3, 115.7), (436.3, 115.7), (436.3, 115.7), (436.3, 115.7), (436.3, 115.7), (436.3, 115.7), (436.3, 115.7), (436.3, 115.7), (436.3, 115.7), (436.3, 115.7), (436.3, 115.7), (436.3, 115.7), (436.3, 115.7), (436.3, 115.7), (436.3, 115.7), (436.3, 115.7), (436.3, 115.7), (436.3, 115.7), (436.3, 115.7), (436.3, 115.7), (436.3, 115.7), (436.3, 115.7), (436.3, 115.7), (436.3, 115.7), (436.3, 115.7), (436.3, 115.7), (436.3, 115.7), (436.3, 115.7), (436.3, 115.7), (436.3, 115.7), (436.3, 115.7)]",0,0,8.13
experienced,bomberman,8,Bomb,4,0,5.44,0.444,"[(48.0, 112.0), (48.0, 126.9), (51.7, 141.9), (51.7, 156.8), (44.3, 171.7), (44.3, 186.7), (44.3, 201.6), (44.3, 216.5), (44.3, 231.5), (44.3, 246.4), (44.3, 261.3), (44.3, 276.3), (44.3, 291.2), (44.3, 306.1), (44.3, 321.1), (44.3, 336.0), (44.3, 339.7), (44.3, 339.7), (44.3, 339.7), (44.3, 339.7), (44.3, 339.7), (44.3, 339.7), (44.3, 339.7), (44.3, 339.7), (44.3, 339.7), (44.3, 339.7), (44.3, 339.7), (44.3, 339.7), (44.3, 339.7), (44.3, 339.7), (44.3, 336.0), (51.7, 324.8), (48.0, 321.1), (48.0, 321.1), (48.0, 321.1), (48.0, 321.1), (48.0, 321.1), (48.0, 321.1), (48.0, 321.1), (48.0, 321.1), (48.0, 321.1), (48.0, 321.1), (48.0, 321.1), (48.0, 321.1), (48.0, 321.1), (48.0, 321.1), (48.0, 321.1), (48.0, 321.1), (48.0, 321.1), (51.7, 317.3), (51.7, 321.1), (51.7, 313.6), (61.1, 308.0), (64.8, 308.0), (64.8, 308.0), (72.3, 308.0), (87.2, 308.0), (102.1, 302.4), (115.2, 291.2), (115.2, 276.3), (115.2, 255.7), (118.9, 240.8), (128.3, 242.7), (126.4, 244.5), (128.3, 244.5), (128.3, 242.7), (128.3, 238.9), (126.4, 237.1), (126.4, 237.1), (126.4, 237.1), (126.4, 237.1), (126.4, 237.1), (115.2, 235.2), (113.3, 224.0), (113.3, 224.0), (113.3, 224.0), (113.3, 224.0), (113.3, 224.0), (113.3, 224.0), (113.3, 224.0), (113.3, 224.0), (113.3, 224.0), (113.3, 224.0), (113.3, 224.0), (113.3, 224.0), (113.3, 224.0), (113.3, 224.0), (113.3, 224.0), (113.3, 224.0), (113.3, 224.0), (113.3, 224.0)]",0,0,12.0
experienced,bomberman,8,Bomb,3,0,-0.43,0.333,"[(48.0, 112.0), (44.3, 126.9), (44.3, 141.9), (44.3, 156.8), (44.3, 171.7), (44.3, 186.7), (44.3, 201.6), (44.3, 216.5), (44.3, 231.5), (44.3, 246.4), (44.3, 261.3), (44.3, 276.3), (44.3, 291.2), (44.3, 306.1), (44.3, 321.1), (44.3, 336.0), (44.3, 339.7), (44.3, 339.7), (44.3, 339.7), (44.3, 339.7), (44.3, 339.7), (44.3, 339.7), (44.3, 339.7), (44.3, 339.7), (44.3, 339.7), (44.3, 339.7), (44.3, 339.7), (44.3, 339.7), (44.3, 339.7), (44.3, 339.7), (44.3, 339.7), (44.3, 339.7), (44.3, 339.7), (44.3, 339.7), (44.3, 339.7), (44.3, 339.7), (44.3, 339.7), (44.3, 339.7), (44.3, 339.7), (44.3, 339.7), (44.3, 339.7), (44.3, 339.7), (44.3, 339.7), (44.3, 339.7), (44.3, 339.7), (44.3, 339.7), (44.3, 339.7), (44.3, 339.7), (44.3, 328.5), (44.3, 321.1), (44.3, 321.1), (44.3, 321.1), (44.3, 321.1), (44.3, 321.1), (44.3, 321.1), (44.3, 324.8), (44.3, 339.7), (44.3, 339.7), (44.3, 339.7), (44.3, 339.7), (44.3, 339.7), (44.3, 339.7), (44.3, 339.7), (44.3, 339.7), (44.3, 339.7), (44.3, 339.7)]",0,0,8.78
experienced,bomberman,8,Bomb,1,0,-0.31,0.333,"[(48.0, 112.0), (49.9, 121.3), (49.9, 125.1), (49.9, 140.0), (49.9, 154.9), (49.9, 160.5), (49.9, 160.5), (49.9, 160.5), (49.9, 168.0), (49.9, 175.5), (49.9, 179.2), (44.3, 188.5), (44.3, 203.5), (44.3, 218.4), (44.3, 224.0), (44.3, 224.0), (44.3, 224.0), (44.3, 224.0), (44.3, 224.0), (44.3, 224.0), (44.3, 224.0), (44.3, 224.0), (44.3, 224.0), (44.3, 224.0), (44.3, 224.0), (44.3, 224.0), (44.3, 225.9), (44.3, 233.3), (44.3, 237.1), (44.3, 240.8), (44.3, 248.3), (44.3, 250.1), (44.3, 250.1), (44.3, 250.1), (44.3, 252.0), (44.3, 266.9), (44.3, 281.9), (44.3, 296.8), (44.3, 311.7), (44.3, 326.7), (44.3, 339.7), (44.3, 339.7), (44.3, 339.7), (44.3, 339.7), (44.3, 339.7), (44.3, 339.7), (44.3, 339.7), (44.3, 339.7), (44.3, 339.7), (44.3, 339.7), (44.3, 339.7), (44.3, 339.7), (44.3, 339.7), (44.3, 339.7), (44.3, 339.7), (44.3, 339.7), (44.3, 339.7), (44.3, 339.7), (44.3, 339.7), (44.3, 339.7), (44.3, 339.7), (44.3, 339.7), (44.3, 339.7), (44.3, 339.7), (44.3, 339.7), (44.3, 339.7), (44.3, 339.7), (44.3, 339.7), (44.3, 339.7), (44.3, 339.7), (44.3, 339.7), (44.3, 339.7), (44.3, 339.7), (44.3, 339.7), (44.3, 339.7), (44.3, 339.7), (44.3, 339.7), (44.3, 339.7), (44.3, 339.7), (44.3, 339.7), (44.3, 339.7), (44.3, 339.7), (44.3, 339.7), (44.3, 339.7), (44.3, 339.7), (44.3, 339.7), (44.3, 339.7), (44.3, 339.7), (44.3, 339.7), (44.3, 339.7), (44.3, 339.7)]",0,0,12.0
experienced,bomberman,8,Bomb,3,0,8.4,0.111,"[(48.0, 112.0), (62.9, 108.3), (77.9, 108.3), (92.8, 108.3), (107.7, 108.3), (115.2, 93.3), (115.2, 78.4), (115.2, 76.5), (115.2, 76.5), (115.2, 76.5), (115.2, 76.5), (115.2, 76.5), (115.2, 76.5), (115.2, 76.5), (115.2, 76.5), (115.2, 76.5), (115.2, 76.5), (115.2, 76.5), (115.2, 76.5), (115.2, 76.5), (115.2, 76.5), (115.2, 76.5), (115.2, 76.5), (115.2, 76.5), (115.2, 76.5), (115.2, 76.5), (115.2, 76.5), (115.2, 76.5), (115.2, 76.5), (115.2, 76.5), (115.2, 76.5), (115.2, 76.5), (115.2, 76.5), (115.2, 76.5), (115.2, 76.5), (115.2, 76.5), (115.2, 76.5), (115.2, 76.5), (115.2, 76.5), (115.2, 76.5), (115.2, 76.5), (115.2, 76.5), (115.2, 76.5), (115.2, 76.5), (115.2, 76.5), (115.2, 76.5), (115.2, 76.5), (115.2, 76.5), (115.2, 76.5), (115.2, 76.5), (115.2, 76.5), (115.2, 76.5), (115.2, 76.5), (115.2, 76.5), (115.2, 76.5), (115.2, 76.5), (115.2, 76.5), (115.2, 76.5), (115.2, 76.5), (115.2, 76.5), (115.2, 76.5)]",0,0,8.0
experienced,bomberman,8,Stuck,0,0,-0.75,0.0,"[(48.0, 112.0), (44.3, 112.0), (44.3, 112.0), (44.3, 112.0), (44.3, 112.0), (44.3, 112.0), (44.3, 112.0), (44.3, 112.0), (44.3, 112.0), (44.3, 112.0), (44.3, 112.0), (44.3, 112.0), (44.3, 112.0), (44.3, 112.0), (44.3, 112.0), (44.3, 112.0), (44.3, 112.0), (44.3, 112.0), (44.3, 112.0), (44.3, 112.0), (44.3, 112.0), (44.3, 112.0), (44.3, 112.0), (44.3, 112.0), (44.3, 112.0), (44.3, 112.0), (44.3, 112.0), (44.3, 112.0), (44.3, 112.0), (44.3, 112.0), (44.3, 112.0), (44.3, 112.0), (44.3, 112.0), (44.3, 112.0), (44.3, 112.0), (44.3, 112.0), (44.3, 112.0), (44.3, 112.0)]",0,0,5.0
experienced,bomberman,8,Stuck,0,0,-0.75,0.0,"[(48.0, 112.0), (44.3, 112.0), (44.3, 112.0), (44.3, 112.0), (44.3, 112.0), (44.3, 112.0), (44.3, 112.0), (44.3, 112.0), (44.3, 112.0), (44.3, 112.0), (44.3, 112.0), (44.3, 112.0), (44.3, 112.0), (44.3, 112.0), (44.3, 112.0), (44.3, 112.0), (44.3, 112.0), (44.3, 112.0), (44.3, 112.0), (44.3, 112.0), (44.3, 112.0), (44.3, 112.0), (44.3, 112.0), (44.3, 112.0), (44.3, 112.0), (44.3, 112.0), (44.3, 112.0), (44.3, 112.0), (44.3, 112.0), (44.3, 112.0), (44.3, 112.0), (44.3, 112.0), (44.3, 112.0), (44.3, 112.0), (44.3, 112.0), (44.3, 112.0), (44.3, 112.0), (44.3, 112.0)]",0,0,5.0
experienced,bomberman,8,Stuck,0,0,-0.75,0.0,"[(48.0, 112.0), (44.3, 108.3), (44.3, 108.3), (44.3, 108.3), (44.3, 108.3), (44.3, 108.3), (44.3, 108.3), (44.3, 108.3), (44.3, 108.3), (44.3, 108.3), (44.3, 108.3), (44.3, 108.3), (44.3, 108.3), (44.3, 108.3), (44.3, 108.3), (44.3, 108.3), (44.3, 108.3), (44.3, 108.3), (44.3, 108.3), (44.3, 108.3), (44.3, 108.3), (44.3, 108.3), (44.3, 108.3), (44.3, 108.3), (44.3, 108.3), (44.3, 108.3), (44.3, 108.3), (44.3, 108.3), (44.3, 108.3), (44.3, 108.3), (44.3, 108.3), (44.3, 108.3), (44.3, 108.3), (44.3, 108.3), (44.3, 108.3), (44.3, 108.3), (44.3, 108.3), (44.3, 108.3)]",0,0,5.0
experienced,bomberman,8,Stuck,0,0,45.44,0.667,"[(48.0, 112.0), (62.9, 112.0), (77.9, 112.0), (92.8, 112.0), (107.7, 112.0), (122.7, 112.0), (137.6, 112.0), (152.5, 112.0), (167.5, 112.0), (182.4, 112.0), (197.3, 115.7), (214.1, 115.7), (234.7, 115.7), (249.6, 115.7), (264.5, 115.7), (283.2, 115.7), (300.0, 115.7), (314.9, 115.7), (329.9, 115.7), (350.4, 115.7), (365.3, 115.7), (380.3, 115.7), (395.2, 115.7), (410.1, 115.7), (425.1, 115.7), (436.3, 115.7), (436.3, 115.7), (436.3, 115.7), (436.3, 115.7), (436.3, 115.7), (436.3, 115.7), (436.3, 115.7), (436.3, 115.7), (436.3, 115.7), (436.3, 115.7), (436.3, 115.7), (436.3, 115.7), (436.3, 115.7), (436.3, 115.7), (436.3, 115.7), (436.3, 115.7), (436.3, 115.7), (436.3, 115.7), (436.3, 115.7), (436.3, 115.7), (436.3, 115.7), (436.3, 115.7), (436.3, 115.7), (436.3, 115.7), (436.3, 115.7), (436.3, 115.7), (436.3, 115.7), (436.3, 115.7), (436.3, 115.7), (436.3, 115.7), (436.3, 115.7), (436.3, 115.7), (436.3, 115.7), (436.3, 115.7), (436.3, 115.7), (436.3, 115.7), (436.3, 115.7)]",0,0,8.13
experienced,bomberman,8,Bomb,4,0,5.44,0.444,"[(48.0, 112.0), (48.0, 126.9), (51.7, 141.9), (51.7, 156.8), (44.3, 171.7), (44.3, 186.7), (44.3, 201.6), (44.3, 216.5), (44.3, 231.5), (44.3, 246.4), (44.3, 261.3), (44.3, 276.3), (44.3, 291.2), (44.3, 306.1), (44.3, 321.1), (44.3, 336.0), (44.3, 339.7), (44.3, 339.7), (44.3, 339.7), (44.3, 339.7), (44.3, 339.7), (44.3, 339.7), (44.3, 339.7), (44.3, 339.7), (44.3, 339.7), (44.3, 339.7), (44.3, 339.7), (44.3, 339.7), (44.3, 339.7), (44.3, 339.7), (44.3, 336.0), (51.7, 324.8), (48.0, 321.1), (48.0, 321.1), (48.0, 321.1), (48.0, 321.1), (48.0, 321.1), (48.0, 321.1), (48.0, 321.1), (48.0, 321.1), (48.0, 321.1), (48.0, 321.1), (48.0, 321.1), (48.0, 321.1), (48.0, 321.1), (48.0, 321.1), (48.0, 321.1), (48.0, 321.1), (48.0, 321.1), (51.7, 317.3), (51.7, 321.1), (51.7, 313.6), (61.1, 308.0), (64.8, 308.0), (64.8, 308.0), (72.3, 308.0), (87.2, 308.0), (102.1, 302.4), (115.2, 291.2), (115.2, 276.3), (115.2, 255.7), (118.9, 240.8), (128.3, 242.7), (126.4, 244.5), (128.3, 244.5), (128.3, 242.7), (128.3, 238.9), (126.4, 237.1), (126.4, 237.1), (126.4, 237.1), (126.4, 237.1), (126.4, 237.1), (115.2, 235.2), (113.3, 224.0), (113.3, 224.0), (113.3, 224.0), (113.3, 224.0), (113.3, 224.0), (113.3, 224.0), (113.3, 224.0), (113.3, 224.0), (113.3, 224.0), (113.3, 224.0), (113.3, 224.0), (113.3, 224.0), (113.3, 224.0), (113.3, 224.0), (113.3, 224.0), (113.3, 224.0), (113.3, 224.0), (113.3, 224.0)]",0,0,12.0
experienced,bomberman,8,Enemy,2,0,32.55,0.556,"[(48.0, 112.0), (62.9, 115.7), (77.9, 108.3), (98.4, 110.1), (113.3, 121.3), (115.2, 136.3), (115.2, 153.1), (115.2, 171.7), (128.3, 179.2), (143.2, 173.6), (165.6, 177.3), (180.5, 188.5), (180.5, 203.5), (176.8, 220.3), (180.5, 235.2), (193.6, 244.5), (208.5, 244.5), (223.5, 244.5), (223.5, 244.5), (223.5, 244.5), (219.7, 244.5), (210.4, 244.5), (197.3, 244.5), (180.5, 246.4), (173.1, 261.3), (173.1, 276.3)]",0,0,3.38
experienced,bomberman,8,Bomb,1,0,-0.31,0.333,"[(48.0, 112.0), (49.9, 121.3), (49.9, 125.1), (49.9, 140.0), (49.9, 154.9), (49.9, 160.5), (49.9, 160.5), (49.9, 160.5), (49.9, 168.0), (49.9, 175.5), (49.9, 179.2), (44.3, 188.5), (44.3, 203.5), (44.3, 218.4), (44.3, 224.0), (44.3, 224.0), (44.3, 224.0), (44.3, 224.0), (44.3, 224.0), (44.3, 224.0), (44.3, 224.0), (44.3, 224.0), (44.3, 224.0), (44.3, 224.0), (44.3, 224.0), (44.3, 224.0), (44.3, 225.9), (44.3, 233.3), (44.3, 237.1), (44.3, 240.8), (44.3, 248.3), (44.3, 250.1), (44.3, 250.1), (44.3, 250.1), (44.3, 252.0), (44.3, 266.9), (44.3, 281.9), (44.3, 296.8), (44.3, 311.7), (44.3, 326.7), (44.3, 339.7), (44.3, 339.7), (44.3, 339.7), (44.3, 339.7), (44.3, 339.7), (44.3, 339.7), (44.3, 339.7), (44.3, 339.7), (44.3, 339.7), (44.3, 339.7), (44.3, 339.7), (44.3, 339.7), (44.3, 339.7), (44.3, 339.7), (44.3, 339.7), (44.3, 339.7), (44.3, 339.7), (44.3, 339.7), (44.3, 339.7), (44.3, 339.7), (44.3, 339.7), (44.3, 339.7), (44.3, 339.7), (44.3, 339.7), (44.3, 339.7), (44.3, 339.7), (44.3, 339.7), (44.3, 339.7), (44.3, 339.7), (44.3, 339.7), (44.3, 339.7), (44.3, 339.7), (44.3, 339.7), (44.3, 339.7), (44.3, 339.7), (44.3, 339.7), (44.3, 339.7), (44.3, 339.7), (44.3, 339.7), (44.3, 339.7), (44.3, 339.7), (44.3, 339.7), (44.3, 339.7), (44.3, 339.7), (44.3, 339.7), (44.3, 339.7), (44.3, 339.7), (44.3, 339.7), (44.3, 339.7), (44.3, 339.7), (44.3, 339.7)]",0,0,12.0
experienced,bomberman,8,Bomb,3,0,-0.43,0.333,"[(48.0, 112.0), (44.3, 126.9), (44.3, 141.9), (44.3, 156.8), (44.3, 171.7), (44.3, 186.7), (44.3, 201.6), (44.3, 216.5), (44.3, 231.5), (44.3, 246.4), (44.3, 261.3), (44.3, 276.3), (44.3, 291.2), (44.3, 306.1), (44.3, 321.1), (44.3, 336.0), (44.3, 339.7), (44.3, 339.7), (44.3, 339.7), (44.3, 339.7), (44.3, 339.7), (44.3, 339.7), (44.3, 339.7), (44.3, 339.7), (44.3, 339.7), (44.3, 339.7), (44.3, 339.7), (44.3, 339.7), (44.3, 339.7), (44.3, 339.7), (44.3, 339.7), (44.3, 339.7), (44.3, 339.7), (44.3, 339.7), (44.3, 339.7), (44.3, 339.7), (44.3, 339.7), (44.3, 339.7), (44.3, 339.7), (44.3, 339.7), (44.3, 339.7), (44.3, 339.7), (44.3, 339.7), (44.3, 339.7), (44.3, 339.7), (44.3, 339.7), (44.3, 339.7), (44.3, 339.7), (44.3, 328.5), (44.3, 321.1), (44.3, 321.1), (44.3, 321.1), (44.3, 321.1), (44.3, 321.1), (44.3, 321.1), (44.3, 324.8), (44.3, 339.7), (44.3, 339.7), (44.3, 339.7), (44.3, 339.7), (44.3, 339.7), (44.3, 339.7), (44.3, 339.7), (44.3, 339.7), (44.3, 339.7), (44.3, 339.7)]",0,0,8.78
experienced,bomberman,8,Bomb,3,0,8.4,0.111,"[(48.0, 112.0), (62.9, 108.3), (77.9, 108.3), (92.8, 108.3), (107.7, 108.3), (115.2, 93.3), (115.2, 78.4), (115.2, 76.5), (115.2, 76.5), (115.2, 76.5), (115.2, 76.5), (115.2, 76.5), (115.2, 76.5), (115.2, 76.5), (115.2, 76.5), (115.2, 76.5), (115.2, 76.5), (115.2, 76.5), (115.2, 76.5), (115.2, 76.5), (115.2, 76.5), (115.2, 76.5), (115.2, 76.5), (115.2, 76.5), (115.2, 76.5), (115.2, 76.5), (115.2, 76.5), (115.2, 76.5), (115.2, 76.5), (115.2, 76.5), (115.2, 76.5), (115.2, 76.5), (115.2, 76.5), (115.2, 76.5), (115.2, 76.5), (115.2, 76.5), (115.2, 76.5), (115.2, 76.5), (115.2, 76.5), (115.2, 76.5), (115.2, 76.5), (115.2, 76.5), (115.2, 76.5), (115.2, 76.5), (115.2, 76.5), (115.2, 76.5), (115.2, 76.5), (115.2, 76.5), (115.2, 76.5), (115.2, 76.5), (115.2, 76.5), (115.2, 76.5), (115.2, 76.5), (115.2, 76.5), (115.2, 76.5), (115.2, 76.5), (115.2, 76.5), (115.2, 76.5), (115.2, 76.5), (115.2, 76.5), (115.2, 76.5)]",0,0,8.0
experienced,bomberman,8,Bomb,3,0,-0.55,0.0,"[(48.0, 112.0), (48.0, 108.3), (48.0, 108.3), (48.0, 108.3), (48.0, 108.3), (48.0, 108.3), (48.0, 108.3), (48.0, 108.3), (48.0, 108.3), (48.0, 108.3), (48.0, 108.3), (48.0, 108.3), (48.0, 108.3), (48.0, 108.3), (48.0, 108.3), (48.0, 108.3), (48.0, 108.3), (48.0, 108.3), (48.0, 108.3), (48.0, 108.3), (48.0, 108.3), (44.3, 108.3), (44.3, 108.3), (44.3, 108.3), (44.3, 108.3), (44.3, 108.3), (44.3, 108.3), (44.3, 108.3), (44.3, 108.3), (44.3, 108.3), (44.3, 108.3), (44.3, 108.3), (44.3, 108.3), (44.3, 108.3), (44.3, 108.3), (44.3, 108.3), (44.3, 108.3), (44.3, 108.3), (44.3, 108.3), (44.3, 108.3), (44.3, 108.3), (44.3, 108.3), (44.3, 108.3), (44.3, 108.3), (44.3, 108.3), (44.3, 108.3), (44.3, 108.3), (44.3, 108.3), (44.3, 108.3), (44.3, 108.3), (44.3, 108.3)]",0,0,6.75
experienced,bomberman,8,Bomb,1,0,7.5,0.111,"[(48.0, 112.0), (62.9, 112.0), (77.9, 108.3), (98.4, 108.3), (113.3, 102.7), (115.2, 87.7), (115.2, 76.5), (115.2, 76.5), (115.2, 76.5), (115.2, 76.5), (115.2, 76.5), (115.2, 76.5), (115.2, 76.5), (115.2, 76.5), (115.2, 76.5), (115.2, 76.5), (115.2, 76.5), (115.2, 76.5), (115.2, 76.5), (115.2, 76.5), (115.2, 76.5), (115.2, 76.5), (115.2, 76.5), (115.2, 76.5), (115.2, 76.5), (115.2, 76.5), (115.2, 76.5), (115.2, 76.5), (115.2, 76.5), (115.2, 76.5), (115.2, 76.5), (115.2, 76.5), (115.2, 76.5), (115.2, 76.5), (115.2, 76.5), (115.2, 76.5), (115.2, 76.5), (115.2, 76.5), (115.2, 76.5), (115.2, 76.5), (115.2, 76.5), (115.2, 76.5), (115.2, 76.5), (115.2, 76.5), (115.2, 76.5), (115.2, 76.5), (115.2, 76.5), (115.2, 76.5), (115.2, 76.5), (115.2, 76.5), (115.2, 76.5), (115.2, 76.5), (115.2, 76.5), (115.2, 76.5), (115.2, 76.5), (115.2, 76.5), (115.2, 76.5), (115.2, 76.5), (115.2, 76.5), (115.2, 76.5), (115.2, 76.5), (115.2, 76.5)]",0,0,8.22
experienced,bomberman,8,Bomb,1,0,0.0,0.0,"[(48.0, 112.0), (48.0, 112.0), (48.0, 112.0), (48.0, 112.0), (48.0, 112.0), (48.0, 112.0), (48.0, 112.0), (48.0, 112.0), (48.0, 112.0), (48.0, 112.0), (48.0, 112.0), (48.0, 112.0), (48.0, 112.0), (48.0, 112.0), (48.0, 112.0), (48.0, 112.0), (48.0, 112.0), (48.0, 112.0), (48.0, 112.0), (48.0, 112.0), (48.0, 112.0), (48.0, 112.0), (48.0, 112.0), (48.0, 112.0), (48.0, 112.0), (48.0, 112.0), (48.0, 112.0), (48.0, 112.0), (48.0, 112.0), (48.0, 112.0), (48.0, 112.0)]",0,0,4.0
experienced,bomberman,8,Bomb,1,0,26.86,0.222,"[(48.0, 112.0), (62.9, 112.0), (77.9, 112.0), (92.8, 112.0), (107.7, 112.0), (122.7, 112.0), (137.6, 112.0), (152.5, 112.0), (169.3, 115.7), (182.4, 115.7), (182.4, 115.7), (182.4, 115.7), (182.4, 115.7), (182.4, 115.7), (182.4, 115.7), (182.4, 115.7), (182.4, 115.7), (182.4, 115.7), (182.4, 115.7), (182.4, 115.7), (182.4, 115.7), (182.4, 115.7), (182.4, 115.7), (182.4, 115.7), (182.4, 115.7), (182.4, 115.7), (182.4, 115.7), (182.4, 115.7), (182.4, 115.7), (182.4, 115.7), (182.4, 115.7), (182.4, 115.7), (182.4, 115.7), (182.4, 115.7), (182.4, 115.7), (182.4, 115.7), (182.4, 115.7), (182.4, 115.7)]",0,0,4.93
experienced,bomberman,8,Stuck,0,0,45.44,0.667,"[(48.0, 112.0), (62.9, 112.0), (77.9, 112.0), (92.8, 112.0), (107.7, 112.0), (122.7, 112.0), (137.6, 112.0), (152.5, 112.0), (167.5, 112.0), (182.4, 112.0), (197.3, 115.7), (214.1, 115.7), (234.7, 115.7), (249.6, 115.7), (264.5, 115.7), (283.2, 115.7), (300.0, 115.7), (314.9, 115.7), (329.9, 115.7), (350.4, 115.7), (365.3, 115.7), (380.3, 115.7), (395.2, 115.7), (410.1, 115.7), (425.1, 115.7), (436.3, 115.7), (436.3, 115.7), (436.3, 115.7), (436.3, 115.7), (436.3, 115.7), (436.3, 115.7), (436.3, 115.7), (436.3, 115.7), (436.3, 115.7), (436.3, 115.7), (436.3, 115.7), (436.3, 115.7), (436.3, 115.7), (436.3, 115.7), (436.3, 115.7), (436.3, 115.7), (436.3, 115.7), (436.3, 115.7), (436.3, 115.7), (436.3, 115.7), (436.3, 115.7), (436.3, 115.7), (436.3, 115.7), (436.3, 115.7), (436.3, 115.7), (436.3, 115.7), (436.3, 115.7), (436.3, 115.7), (436.3, 115.7), (436.3, 115.7), (436.3, 115.7), (436.3, 115.7), (436.3, 115.7), (436.3, 115.7), (436.3, 115.7), (436.3, 115.7), (436.3, 115.7)]",0,0,8.13
experienced,bomberman,8,Bomb,4,0,5.44,0.444,"[(48.0, 112.0), (48.0, 126.9), (51.7, 141.9), (51.7, 156.8), (44.3, 171.7), (44.3, 186.7), (44.3, 201.6), (44.3, 216.5), (44.3, 231.5), (44.3, 246.4), (44.3, 261.3), (44.3, 276.3), (44.3, 291.2), (44.3, 306.1), (44.3, 321.1), (44.3, 336.0), (44.3, 339.7), (44.3, 339.7), (44.3, 339.7), (44.3, 339.7), (44.3, 339.7), (44.3, 339.7), (44.3, 339.7), (44.3, 339.7), (44.3, 339.7), (44.3, 339.7), (44.3, 339.7), (44.3, 339.7), (44.3, 339.7), (44.3, 339.7), (44.3, 336.0), (51.7, 324.8), (48.0, 321.1), (48.0, 321.1), (48.0, 321.1), (48.0, 321.1), (48.0, 321.1), (48.0, 321.1), (48.0, 321.1), (48.0, 321.1), (48.0, 321.1), (48.0, 321.1), (48.0, 321.1), (48.0, 321.1), (48.0, 321.1), (48.0, 321.1), (48.0, 321.1), (48.0, 321.1), (48.0, 321.1), (51.7, 317.3), (51.7, 321.1), (51.7, 313.6), (61.1, 308.0), (64.8, 308.0), (64.8, 308.0), (72.3, 308.0), (87.2, 308.0), (102.1, 302.4), (115.2, 291.2), (115.2, 276.3), (115.2, 255.7), (118.9, 240.8), (128.3, 242.7), (126.4, 244.5), (128.3, 244.5), (128.3, 242.7), (128.3, 238.9), (126.4, 237.1), (126.4, 237.1), (126.4, 237.1), (126.4, 237.1), (126.4, 237.1), (115.2, 235.2), (113.3, 224.0), (113.3, 224.0), (113.3, 224.0), (113.3, 224.0), (113.3, 224.0), (113.3, 224.0), (113.3, 224.0), (113.3, 224.0), (113.3, 224.0), (113.3, 224.0), (113.3, 224.0), (113.3, 224.0), (113.3, 224.0), (113.3, 224.0), (113.3, 224.0), (113.3, 224.0), (113.3, 224.0), (113.3, 224.0)]",0,0,12.0
experienced,bomberman,8,Enemy,2,0,32.55,0.556,"[(48.0, 112.0), (62.9, 115.7), (77.9, 108.3), (98.4, 110.1), (113.3, 121.3), (115.2, 136.3), (115.2, 153.1), (115.2, 171.7), (128.3, 179.2), (143.2, 173.6), (165.6, 177.3), (180.5, 188.5), (180.5, 203.5), (176.8, 220.3), (180.5, 235.2), (193.6, 244.5), (208.5, 244.5), (223.5, 244.5), (223.5, 244.5), (223.5, 244.5), (219.7, 244.5), (210.4, 244.5), (197.3, 244.5), (180.5, 246.4), (173.1, 261.3), (173.1, 276.3)]",0,0,3.38
experienced,bomberman,8,Bomb,3,0,-0.43,0.333,"[(48.0, 112.0), (44.3, 126.9), (44.3, 141.9), (44.3, 156.8), (44.3, 171.7), (44.3, 186.7), (44.3, 201.6), (44.3, 216.5), (44.3, 231.5), (44.3, 246.4), (44.3, 261.3), (44.3, 276.3), (44.3, 291.2), (44.3, 306.1), (44.3, 321.1), (44.3, 336.0), (44.3, 339.7), (44.3, 339.7), (44.3, 339.7), (44.3, 339.7), (44.3, 339.7), (44.3, 339.7), (44.3, 339.7), (44.3, 339.7), (44.3, 339.7), (44.3, 339.7), (44.3, 339.7), (44.3, 339.7), (44.3, 339.7), (44.3, 339.7), (44.3, 339.7), (44.3, 339.7), (44.3, 339.7), (44.3, 339.7), (44.3, 339.7), (44.3, 339.7), (44.3, 339.7), (44.3, 339.7), (44.3, 339.7), (44.3, 339.7), (44.3, 339.7), (44.3, 339.7), (44.3, 339.7), (44.3, 339.7), (44.3, 339.7), (44.3, 339.7), (44.3, 339.7), (44.3, 339.7), (44.3, 328.5), (44.3, 321.1), (44.3, 321.1), (44.3, 321.1), (44.3, 321.1), (44.3, 321.1), (44.3, 321.1), (44.3, 324.8), (44.3, 339.7), (44.3, 339.7), (44.3, 339.7), (44.3, 339.7), (44.3, 339.7), (44.3, 339.7), (44.3, 339.7), (44.3, 339.7), (44.3, 339.7), (44.3, 339.7)]",0,0,8.78
experienced,bomberman,8,Bomb,1,0,-0.31,0.333,"[(48.0, 112.0), (49.9, 121.3), (49.9, 125.1), (49.9, 140.0), (49.9, 154.9), (49.9, 160.5), (49.9, 160.5), (49.9, 160.5), (49.9, 168.0), (49.9, 175.5), (49.9, 179.2), (44.3, 188.5), (44.3, 203.5), (44.3, 218.4), (44.3, 224.0), (44.3, 224.0), (44.3, 224.0), (44.3, 224.0), (44.3, 224.0), (44.3, 224.0), (44.3, 224.0), (44.3, 224.0), (44.3, 224.0), (44.3, 224.0), (44.3, 224.0), (44.3, 224.0), (44.3, 225.9), (44.3, 233.3), (44.3, 237.1), (44.3, 240.8), (44.3, 248.3), (44.3, 250.1), (44.3, 250.1), (44.3, 250.1), (44.3, 252.0), (44.3, 266.9), (44.3, 281.9), (44.3, 296.8), (44.3, 311.7), (44.3, 326.7), (44.3, 339.7), (44.3, 339.7), (44.3, 339.7), (44.3, 339.7), (44.3, 339.7), (44.3, 339.7), (44.3, 339.7), (44.3, 339.7), (44.3, 339.7), (44.3, 339.7), (44.3, 339.7), (44.3, 339.7), (44.3, 339.7), (44.3, 339.7), (44.3, 339.7), (44.3, 339.7), (44.3, 339.7), (44.3, 339.7), (44.3, 339.7), (44.3, 339.7), (44.3, 339.7), (44.3, 339.7), (44.3, 339.7), (44.3, 339.7), (44.3, 339.7), (44.3, 339.7), (44.3, 339.7), (44.3, 339.7), (44.3, 339.7), (44.3, 339.7), (44.3, 339.7), (44.3, 339.7), (44.3, 339.7), (44.3, 339.7), (44.3, 339.7), (44.3, 339.7), (44.3, 339.7), (44.3, 339.7), (44.3, 339.7), (44.3, 339.7), (44.3, 339.7), (44.3, 339.7), (44.3, 339.7), (44.3, 339.7), (44.3, 339.7), (44.3, 339.7), (44.3, 339.7), (44.3, 339.7), (44.3, 339.7), (44.3, 339.7), (44.3, 339.7)]",0,0,12.0
experienced,bomberman,8,Bomb,1,0,7.5,0.111,"[(48.0, 112.0), (62.9, 112.0), (77.9, 108.3), (98.4, 108.3), (113.3, 102.7), (115.2, 87.7), (115.2, 76.5), (115.2, 76.5), (115.2, 76.5), (115.2, 76.5), (115.2, 76.5), (115.2, 76.5), (115.2, 76.5), (115.2, 76.5), (115.2, 76.5), (115.2, 76.5), (115.2, 76.5), (115.2, 76.5), (115.2, 76.5), (115.2, 76.5), (115.2, 76.5), (115.2, 76.5), (115.2, 76.5), (115.2, 76.5), (115.2, 76.5), (115.2, 76.5), (115.2, 76.5), (115.2, 76.5), (115.2, 76.5), (115.2, 76.5), (115.2, 76.5), (115.2, 76.5), (115.2, 76.5), (115.2, 76.5), (115.2, 76.5), (115.2, 76.5), (115.2, 76.5), (115.2, 76.5), (115.2, 76.5), (115.2, 76.5), (115.2, 76.5), (115.2, 76.5), (115.2, 76.5), (115.2, 76.5), (115.2, 76.5), (115.2, 76.5), (115.2, 76.5), (115.2, 76.5), (115.2, 76.5), (115.2, 76.5), (115.2, 76.5), (115.2, 76.5), (115.2, 76.5), (115.2, 76.5), (115.2, 76.5), (115.2, 76.5), (115.2, 76.5), (115.2, 76.5), (115.2, 76.5), (115.2, 76.5), (115.2, 76.5), (115.2, 76.5)]",0,0,8.22
experienced,bomberman,8,Stuck,0,0,45.44,0.667,"[(48.0, 112.0), (62.9, 112.0), (77.9, 112.0), (92.8, 112.0), (107.7, 112.0), (122.7, 112.0), (137.6, 112.0), (152.5, 112.0), (167.5, 112.0), (182.4, 112.0), (197.3, 115.7), (214.1, 115.7), (234.7, 115.7), (249.6, 115.7), (264.5, 115.7), (283.2, 115.7), (300.0, 115.7), (314.9, 115.7), (329.9, 115.7), (350.4, 115.7), (365.3, 115.7), (380.3, 115.7), (395.2, 108.3), (410.1, 108.3), (425.1, 108.3), (436.3, 108.3), (436.3, 108.3), (436.3, 108.3), (436.3, 108.3), (436.3, 108.3), (436.3, 108.3), (436.3, 108.3), (436.3, 108.3), (436.3, 108.3), (436.3, 108.3), (436.3, 108.3), (436.3, 108.3), (436.3, 108.3), (436.3, 108.3), (436.3, 108.3), (436.3, 108.3), (436.3, 108.3), (436.3, 108.3), (436.3, 108.3), (436.3, 108.3), (436.3, 108.3), (436.3, 108.3), (436.3, 108.3), (436.3, 108.3), (436.3, 108.3), (436.3, 108.3), (436.3, 108.3), (436.3, 108.3), (436.3, 108.3), (436.3, 108.3), (436.3, 108.3), (436.3, 108.3), (436.3, 108.3), (436.3, 108.3), (436.3, 108.3), (436.3, 108.3), (436.3, 108.3)]",0,0,8.13
experienced,bomberman,8,Bomb,1,0,7.0,0.056,"[(48.0, 112.0), (44.3, 108.3), (44.3, 108.3), (44.3, 108.3), (44.3, 108.3), (44.3, 108.3), (44.3, 108.3), (44.3, 108.3), (44.3, 108.3), (44.3, 108.3), (44.3, 108.3), (44.3, 108.3), (44.3, 108.3), (44.3, 108.3), (44.3, 108.3), (44.3, 108.3), (48.0, 108.3), (62.9, 108.3), (62.9, 108.3), (62.9, 108.3), (62.9, 108.3), (62.9, 108.3), (62.9, 108.3), (64.8, 108.3), (64.8, 108.3), (64.8, 108.3), (76.0, 108.3), (76.0, 108.3), (76.0, 108.3), (76.0, 108.3), (76.0, 108.3)]",0,0,4.0
experienced,bomberman,8,Enemy,0,0,88.28,0.556,"[(48.0, 112.0), (62.9, 112.0), (77.9, 112.0), (92.8, 112.0), (107.7, 112.0), (122.7, 112.0), (137.6, 112.0), (152.5, 112.0), (167.5, 112.0), (182.4, 112.0), (197.3, 115.7), (214.1, 115.7), (234.7, 115.7), (249.6, 115.7), (264.5, 115.7), (283.2, 115.7), (300.0, 115.7), (314.9, 115.7), (329.9, 115.7), (350.4, 115.7), (356.0, 115.7), (356.0, 115.7), (356.0, 115.7), (356.0, 115.7), (357.9, 115.7), (363.5, 115.7)]",0,0,3.38
experienced,bomberman,8,Stuck,0,0,-0.75,0.0,"[(48.0, 112.0), (44.3, 108.3), (44.3, 108.3), (44.3, 108.3), (44.3, 108.3), (44.3, 108.3), (44.3, 108.3), (44.3, 108.3), (44.3, 108.3), (44.3, 108.3), (44.3, 108.3), (44.3, 108.3), (44.3, 108.3), (44.3, 108.3), (44.3, 108.3), (44.3, 108.3), (44.3, 108.3), (44.3, 108.3), (44.3, 108.3), (44.3, 108.3), (44.3, 108.3), (44.3, 108.3), (44.3, 108.3), (44.3, 108.3), (44.3, 108.3), (44.3, 108.3), (44.3, 108.3), (44.3, 108.3), (44.3, 108.3), (44.3, 108.3), (44.3, 108.3), (44.3, 108.3), (44.3, 108.3), (44.3, 108.3), (44.3, 108.3), (44.3, 108.3), (44.3, 108.3), (44.3, 108.3)]",0,0,5.0
experienced,bomberman,8,Stuck,0,0,45.44,0.667,"[(48.0, 112.0), (62.9, 112.0), (77.9, 112.0), (92.8, 112.0), (107.7, 112.0), (122.7, 112.0), (137.6, 112.0), (152.5, 112.0), (167.5, 112.0), (182.4, 112.0), (197.3, 115.7), (214.1, 115.7), (234.7, 115.7), (249.6, 115.7), (264.5, 115.7), (283.2, 115.7), (300.0, 115.7), (314.9, 115.7), (329.9, 115.7), (350.4, 115.7), (365.3, 115.7), (380.3, 115.7), (395.2, 108.3), (410.1, 108.3), (425.1, 108.3), (436.3, 108.3), (436.3, 108.3), (436.3, 108.3), (436.3, 108.3), (436.3, 108.3), (436.3, 108.3), (436.3, 108.3), (436.3, 108.3), (436.3, 108.3), (436.3, 108.3), (436.3, 108.3), (436.3, 108.3), (436.3, 108.3), (436.3, 108.3), (436.3, 108.3), (436.3, 108.3), (436.3, 108.3), (436.3, 108.3), (436.3, 108.3), (436.3, 108.3), (436.3, 108.3), (436.3, 108.3), (436.3, 108.3), (436.3, 108.3), (436.3, 108.3), (436.3, 108.3), (436.3, 108.3), (436.3, 108.3), (436.3, 108.3), (436.3, 108.3), (436.3, 108.3), (436.3, 108.3), (436.3, 108.3), (436.3, 108.3), (436.3, 108.3), (436.3, 108.3), (436.3, 108.3)]",0,0,8.13
experienced,bomberman,8,Stuck,0,0,45.44,0.667,"[(48.0, 112.0), (62.9, 112.0), (77.9, 112.0), (92.8, 112.0), (107.7, 112.0), (122.7, 112.0), (137.6, 112.0), (152.5, 112.0), (167.5, 112.0), (182.4, 112.0), (197.3, 115.7), (214.1, 115.7), (234.7, 115.7), (249.6, 115.7), (264.5, 115.7), (283.2, 115.7), (300.0, 115.7), (314.9, 115.7), (329.9, 115.7), (350.4, 115.7), (365.3, 115.7), (380.3, 115.7), (395.2, 115.7), (410.1, 115.7), (425.1, 115.7), (436.3, 115.7), (436.3, 115.7), (436.3, 115.7), (436.3, 115.7), (436.3, 115.7), (436.3, 115.7), (436.3, 115.7), (436.3, 115.7), (436.3, 115.7), (436.3, 115.7), (436.3, 115.7), (436.3, 115.7), (436.3, 115.7), (436.3, 115.7), (436.3, 115.7), (436.3, 115.7), (436.3, 115.7), (436.3, 115.7), (436.3, 115.7), (436.3, 115.7), (436.3, 115.7), (436.3, 115.7), (436.3, 115.7), (436.3, 115.7), (436.3, 115.7), (436.3, 115.7), (436.3, 115.7), (436.3, 115.7), (436.3, 115.7), (436.3, 115.7), (436.3, 115.7), (436.3, 115.7), (436.3, 115.7), (436.3, 115.7), (436.3, 115.7), (436.3, 115.7), (436.3, 115.7)]",0,0,8.13
experienced,bomberman,8,Bomb,4,0,5.44,0.444,"[(48.0, 112.0), (48.0, 126.9), (51.7, 141.9), (51.7, 156.8), (44.3, 171.7), (44.3, 186.7), (44.3, 201.6), (44.3, 216.5), (44.3, 231.5), (44.3, 246.4), (44.3, 261.3), (44.3, 276.3), (44.3, 291.2), (44.3, 306.1), (44.3, 321.1), (44.3, 336.0), (44.3, 339.7), (44.3, 339.7), (44.3, 339.7), (44.3, 339.7), (44.3, 339.7), (44.3, 339.7), (44.3, 339.7), (44.3, 339.7), (44.3, 339.7), (44.3, 339.7), (44.3, 339.7), (44.3, 339.7), (44.3, 339.7), (44.3, 339.7), (44.3, 336.0), (51.7, 324.8), (48.0, 321.1), (48.0, 321.1), (48.0, 321.1), (48.0, 321.1), (48.0, 321.1), (48.0, 321.1), (48.0, 321.1), (48.0, 321.1), (48.0, 321.1), (48.0, 321.1), (48.0, 321.1), (48.0, 321.1), (48.0, 321.1), (48.0, 321.1), (48.0, 321.1), (48.0, 321.1), (48.0, 321.1), (51.7, 317.3), (51.7, 321.1), (51.7, 313.6), (61.1, 308.0), (64.8, 308.0), (64.8, 308.0), (72.3, 308.0), (87.2, 308.0), (102.1, 302.4), (115.2, 291.2), (115.2, 276.3), (115.2, 255.7), (118.9, 240.8), (128.3, 242.7), (126.4, 244.5), (128.3, 244.5), (128.3, 242.7), (128.3, 238.9), (126.4, 237.1), (126.4, 237.1), (126.4, 237.1), (126.4, 237.1), (126.4, 237.1), (115.2, 235.2), (113.3, 224.0), (113.3, 224.0), (113.3, 224.0), (113.3, 224.0), (113.3, 224.0), (113.3, 224.0), (113.3, 224.0), (113.3, 224.0), (113.3, 224.0), (113.3, 224.0), (113.3, 224.0), (113.3, 224.0), (113.3, 224.0), (113.3, 224.0), (113.3, 224.0), (113.3, 224.0), (113.3, 224.0), (113.3, 224.0)]",0,0,12.0
experienced,bomberman,8,Enemy,0,0,88.28,0.556,"[(48.0, 112.0), (62.9, 112.0), (77.9, 112.0), (92.8, 112.0), (107.7, 112.0), (122.7, 112.0), (137.6, 112.0), (152.5, 112.0), (167.5, 112.0), (182.4, 112.0), (197.3, 115.7), (214.1, 115.7), (234.7, 115.7), (249.6, 115.7), (264.5, 115.7), (283.2, 115.7), (300.0, 115.7), (314.9, 115.7), (329.9, 115.7), (350.4, 115.7), (356.0, 115.7), (356.0, 115.7), (356.0, 115.7), (356.0, 115.7), (357.9, 115.7), (363.5, 115.7)]",0,0,3.38
experienced,bomberman,8,Enemy,2,0,32.55,0.556,"[(48.0, 112.0), (62.9, 115.7), (77.9, 108.3), (98.4, 110.1), (113.3, 121.3), (115.2, 136.3), (115.2, 153.1), (115.2, 171.7), (128.3, 179.2), (143.2, 173.6), (165.6, 177.3), (180.5, 188.5), (180.5, 203.5), (176.8, 220.3), (180.5, 235.2), (193.6, 244.5), (208.5, 244.5), (223.5, 244.5), (223.5, 244.5), (223.5, 244.5), (219.7, 244.5), (210.4, 244.5), (197.3, 244.5), (180.5, 246.4), (173.1, 261.3), (173.1, 276.3)]",0,0,3.38
experienced,bomberman,8,Bomb,1,0,-0.31,0.333,"[(48.0, 112.0), (49.9, 121.3), (49.9, 125.1), (49.9, 140.0), (49.9, 154.9), (49.9, 160.5), (49.9, 160.5), (49.9, 160.5), (49.9, 168.0), (49.9, 175.5), (49.9, 179.2), (44.3, 188.5), (44.3, 203.5), (44.3, 218.4), (44.3, 224.0), (44.3, 224.0), (44.3, 224.0), (44.3, 224.0), (44.3, 224.0), (44.3, 224.0), (44.3, 224.0), (44.3, 224.0), (44.3, 224.0), (44.3, 224.0), (44.3, 224.0), (44.3, 224.0), (44.3, 225.9), (44.3, 233.3), (44.3, 237.1), (44.3, 240.8), (44.3, 248.3), (44.3, 250.1), (44.3, 250.1), (44.3, 250.1), (44.3, 252.0), (44.3, 266.9), (44.3, 281.9), (44.3, 296.8), (44.3, 311.7), (44.3, 326.7), (44.3, 339.7), (44.3, 339.7), (44.3, 339.7), (44.3, 339.7), (44.3, 339.7), (44.3, 339.7), (44.3, 339.7), (44.3, 339.7), (44.3, 339.7), (44.3, 339.7), (44.3, 339.7), (44.3, 339.7), (44.3, 339.7), (44.3, 339.7), (44.3, 339.7), (44.3, 339.7), (44.3, 339.7), (44.3, 339.7), (44.3, 339.7), (44.3, 339.7), (44.3, 339.7), (44.3, 339.7), (44.3, 339.7), (44.3, 339.7), (44.3, 339.7), (44.3, 339.7), (44.3, 339.7), (44.3, 339.7), (44.3, 339.7), (44.3, 339.7), (44.3, 339.7), (44.3, 339.7), (44.3, 339.7), (44.3, 339.7), (44.3, 339.7), (44.3, 339.7), (44.3, 339.7), (44.3, 339.7), (44.3, 339.7), (44.3, 339.7), (44.3, 339.7), (44.3, 339.7), (44.3, 339.7), (44.3, 339.7), (44.3, 339.7), (44.3, 339.7), (44.3, 339.7), (44.3, 339.7), (44.3, 339.7), (44.3, 339.7), (44.3, 339.7)]",0,0,12.0
experienced,bomberman,8,Enemy,0,0,97.26,0.556,"[(48.0, 112.0), (62.9, 112.0), (77.9, 112.0), (92.8, 112.0), (107.7, 112.0), (122.7, 112.0), (137.6, 112.0), (152.5, 112.0), (167.5, 112.0), (182.4, 112.0), (197.3, 115.7), (214.1, 115.7), (234.7, 115.7), (249.6, 115.7), (264.5, 115.7), (283.2, 115.7), (300.0, 115.7), (314.9, 115.7), (329.9, 115.7), (344.8, 112.0), (361.6, 108.3), (369.1, 108.3), (370.9, 108.3), (370.9, 108.3)]",0,0,3.17
experienced,bomberman,8,Enemy,10,0,19.29,0.556,"[(48.0, 112.0), (44.3, 126.9), (44.3, 141.9), (44.3, 156.8), (44.3, 171.7), (44.3, 186.7), (44.3, 201.6), (44.3, 216.5), (44.3, 231.5), (44.3, 246.4), (44.3, 261.3), (44.3, 276.3), (44.3, 291.2), (44.3, 306.1), (44.3, 321.1), (44.3, 336.0), (44.3, 339.7), (44.3, 339.7), (44.3, 339.7), (48.0, 339.7), (51.7, 339.7), (51.7, 339.7), (51.7, 339.7), (51.7, 339.7), (51.7, 339.7), (51.7, 339.7), (51.7, 332.3), (51.7, 321.1), (51.7, 319.2), (51.7, 317.3), (51.7, 321.1), (51.7, 321.1), (51.7, 319.2), (51.7, 317.3), (51.7, 321.1), (51.7, 319.2), (51.7, 317.3), (51.7, 321.1), (51.7, 319.2), (51.7, 317.3), (51.7, 321.1), (51.7, 319.2), (51.7, 317.3), (51.7, 321.1), (51.7, 313.6), (61.1, 308.0), (64.8, 308.0), (64.8, 308.0), (64.8, 308.0), (68.5, 308.0), (83.5, 308.0), (98.4, 306.1), (113.3, 294.9), (115.2, 280.0), (115.2, 263.2), (115.2, 244.5), (128.3, 238.9), (128.3, 242.7), (126.4, 244.5), (128.3, 244.5), (128.3, 242.7), (128.3, 242.7), (126.4, 244.5), (141.3, 244.5), (163.7, 242.7), (178.7, 229.6), (180.5, 214.7), (180.5, 196.0), (182.4, 177.3), (197.3, 175.5), (214.1, 173.6), (234.7, 173.6), (244.0, 158.7), (244.0, 143.7), (244.0, 121.3), (253.3, 108.3), (268.3, 108.3), (283.2, 108.3), (298.1, 108.3), (313.1, 108.3), (328.0, 108.3), (346.7, 108.3), (363.5, 108.3), (370.9, 93.3), (365.3, 78.4), (365.3, 76.5), (365.3, 76.5), (365.3, 76.5), (365.3, 76.5), (365.3, 76.5), (365.3, 76.5), (365.3, 76.5), (365.3, 76.5), (365.3, 76.5), (365.3, 76.5), (365.3, 76.5), (365.3, 76.5), (365.3, 76.5), (365.3, 76.5), (365.3, 76.5), (365.3, 76.5), (365.3, 76.5), (365.3, 76.5), (365.3, 76.5), (365.3, 76.5), (365.3, 76.5), (365.3, 76.5), (365.3, 76.5), (365.3, 76.5), (365.3, 76.5), (365.3, 76.5), (365.3, 76.5), (365.3, 76.5), (365.3, 76.5), (365.3, 76.5), (365.3, 84.0)]",0,0,15.38
experienced,bomberman,8,Bomb,3,0,23.57,0.389,"[(48.0, 112.0), (62.9, 112.0), (77.9, 112.0), (92.8, 112.0), (107.7, 112.0), (122.7, 112.0), (137.6, 112.0), (152.5, 112.0), (167.5, 112.0), (182.4, 113.9), (197.3, 115.7), (214.1, 115.7), (234.7, 115.7), (244.0, 126.9), (244.0, 126.9), (244.0, 126.9), (244.0, 126.9), (244.0, 126.9), (244.0, 126.9), (244.0, 126.9), (244.0, 126.9), (244.0, 126.9), (244.0, 126.9), (244.0, 126.9), (244.0, 126.9), (244.0, 126.9), (244.0, 126.9), (244.0, 126.9), (244.0, 126.9), (244.0, 126.9), (244.0, 126.9), (244.0, 126.9), (244.0, 126.9), (244.0, 126.9), (244.0, 126.9), (244.0, 126.9), (244.0, 126.9), (244.0, 126.9), (244.0, 126.9), (244.0, 126.9), (244.0, 126.9), (244.0, 126.9), (244.0, 126.9), (244.0, 126.9), (244.0, 126.9), (244.0, 126.9), (244.0, 126.9), (244.0, 126.9), (244.0, 126.9), (244.0, 126.9), (244.0, 126.9), (244.0, 126.9), (244.0, 126.9), (244.0, 126.9), (244.0, 126.9), (244.0, 126.9), (244.0, 126.9), (244.0, 126.9), (244.0, 126.9), (244.0, 126.9), (244.0, 126.9)]",0,0,8.0
experienced,bomberman,8,Stuck,1,0,26.98,0.556,"[(48.0, 112.0), (62.9, 112.0), (77.9, 112.0), (92.8, 112.0), (107.7, 112.0), (122.7, 112.0), (137.6, 112.0), (152.5, 112.0), (167.5, 112.0), (180.5, 112.0), (180.5, 112.0), (180.5, 112.0), (180.5, 112.0), (180.5, 112.0), (180.5, 112.0), (180.5, 112.0), (180.5, 112.0), (180.5, 112.0), (180.5, 112.0), (180.5, 112.0), (180.5, 112.0), (180.5, 112.0), (180.5, 112.0), (180.5, 112.0), (180.5, 112.0), (180.5, 112.0), (180.5, 112.0), (180.5, 112.0), (180.5, 112.0), (180.5, 112.0), (180.5, 112.0), (188.0, 112.0), (202.9, 115.7), (225.3, 115.7), (225.3, 115.7), (225.3, 115.7), (225.3, 115.7), (232.8, 115.7), (247.7, 115.7), (262.7, 115.7), (277.6, 115.7), (292.5, 115.7), (307.5, 115.7), (322.4, 115.7), (337.3, 115.7), (352.3, 115.7), (352.3, 115.7), (352.3, 115.7), (352.3, 115.7), (352.3, 115.7), (352.3, 115.7), (352.3, 115.7), (352.3, 115.7), (352.3, 115.7), (352.3, 115.7), (352.3, 115.7), (352.3, 115.7), (352.3, 115.7), (352.3, 115.7), (352.3, 115.7), (352.3, 115.7), (352.3, 115.7), (352.3, 115.7), (352.3, 115.7), (352.3, 115.7), (352.3, 115.7), (352.3, 115.7), (352.3, 115.7), (352.3, 115.7), (352.3, 115.7), (352.3, 115.7), (352.3, 115.7), (352.3, 115.7), (352.3, 115.7), (352.3, 115.7), (352.3, 115.7), (352.3, 115.7), (352.3, 115.7), (352.3, 115.7), (352.3, 115.7), (352.3, 115.7), (352.3, 115.7), (352.3, 115.7)]",0,0,11.0
experienced,bomberman,8,Stuck,1,0,26.98,0.556,"[(48.0, 112.0), (62.9, 112.0), (77.9, 112.0), (92.8, 112.0), (107.7, 112.0), (122.7, 112.0), (137.6, 112.0), (152.5, 112.0), (167.5, 112.0), (180.5, 112.0), (180.5, 112.0), (180.5, 112.0), (180.5, 112.0), (180.5, 112.0), (180.5, 112.0), (180.5, 112.0), (180.5, 112.0), (180.5, 112.0), (180.5, 112.0), (180.5, 112.0), (180.5, 112.0), (180.5, 112.0), (180.5, 112.0), (180.5, 112.0), (180.5, 112.0), (180.5, 112.0), (180.5, 112.0), (180.5, 112.0), (180.5, 112.0), (180.5, 112.0), (180.5, 112.0), (188.0, 112.0), (202.9, 115.7), (225.3, 115.7), (225.3, 115.7), (225.3, 115.7), (225.3, 115.7), (232.8, 115.7), (247.7, 115.7), (262.7, 115.7), (277.6, 115.7), (292.5, 115.7), (307.5, 115.7), (322.4, 115.7), (337.3, 115.7), (352.3, 115.7), (352.3, 115.7), (352.3, 115.7), (352.3, 115.7), (352.3, 115.7), (352.3, 115.7), (352.3, 115.7), (352.3, 115.7), (352.3, 115.7), (352.3, 115.7), (352.3, 115.7), (352.3, 115.7), (352.3, 115.7), (352.3, 115.7), (352.3, 115.7), (352.3, 115.7), (352.3, 115.7), (352.3, 115.7), (352.3, 115.7), (352.3, 115.7), (352.3, 115.7), (352.3, 115.7), (352.3, 115.7), (352.3, 115.7), (352.3, 115.7), (352.3, 115.7), (352.3, 115.7), (352.3, 115.7), (352.3, 115.7), (352.3, 115.7), (352.3, 115.7), (352.3, 115.7), (352.3, 115.7), (352.3, 115.7), (352.3, 115.7), (352.3, 115.7), (352.3, 115.7), (352.3, 115.7)]",0,0,11.0
experienced,bomberman,8,Enemy,10,0,19.29,0.556,"[(48.0, 112.0), (44.3, 126.9), (44.3, 141.9), (44.3, 156.8), (44.3, 171.7), (44.3, 186.7), (44.3, 201.6), (44.3, 216.5), (44.3, 231.5), (44.3, 246.4), (44.3, 261.3), (44.3, 276.3), (44.3, 291.2), (44.3, 306.1), (44.3, 321.1), (44.3, 336.0), (44.3, 339.7), (44.3, 339.7), (44.3, 339.7), (48.0, 339.7), (51.7, 339.7), (51.7, 339.7), (51.7, 339.7), (51.7, 339.7), (51.7, 339.7), (51.7, 339.7), (51.7, 332.3), (51.7, 321.1), (51.7, 319.2), (51.7, 317.3), (51.7, 321.1), (51.7, 321.1), (51.7, 319.2), (51.7, 317.3), (51.7, 321.1), (51.7, 319.2), (51.7, 317.3), (51.7, 321.1), (51.7, 319.2), (51.7, 317.3), (51.7, 321.1), (51.7, 319.2), (51.7, 317.3), (51.7, 321.1), (51.7, 313.6), (61.1, 308.0), (64.8, 308.0), (64.8, 308.0), (64.8, 308.0), (68.5, 308.0), (83.5, 308.0), (98.4, 306.1), (113.3, 294.9), (115.2, 280.0), (115.2, 263.2), (115.2, 244.5), (128.3, 238.9), (128.3, 242.7), (126.4, 244.5), (128.3, 244.5), (128.3, 242.7), (128.3, 242.7), (126.4, 244.5), (141.3, 244.5), (163.7, 242.7), (178.7, 229.6), (180.5, 214.7), (180.5, 196.0), (182.4, 177.3), (197.3, 175.5), (214.1, 173.6), (234.7, 173.6), (244.0, 158.7), (244.0, 143.7), (244.0, 121.3), (253.3, 108.3), (268.3, 108.3), (283.2, 108.3), (298.1, 108.3), (313.1, 108.3), (328.0, 108.3), (346.7, 108.3), (363.5, 108.3), (370.9, 93.3), (365.3, 78.4), (365.3, 76.5), (365.3, 76.5), (365.3, 76.5), (365.3, 76.5), (365.3, 76.5), (365.3, 76.5), (365.3, 76.5), (365.3, 76.5), (365.3, 76.5), (365.3, 76.5), (365.3, 76.5), (365.3, 76.5), (365.3, 76.5), (365.3, 76.5), (365.3, 76.5), (365.3, 76.5), (365.3, 76.5), (365.3, 76.5), (365.3, 76.5), (365.3, 76.5), (365.3, 76.5), (365.3, 76.5), (365.3, 76.5), (365.3, 76.5), (365.3, 76.5), (365.3, 76.5), (365.3, 76.5), (365.3, 76.5), (365.3, 76.5), (365.3, 76.5), (365.3, 84.0)]",0,0,15.38
experienced,bomberman,8,Stuck,0,0,45.44,0.667,"[(48.0, 112.0), (62.9, 112.0), (77.9, 112.0), (92.8, 112.0), (107.7, 112.0), (122.7, 112.0), (137.6, 112.0), (152.5, 112.0), (167.5, 112.0), (182.4, 112.0), (197.3, 115.7), (214.1, 115.7), (234.7, 115.7), (249.6, 115.7), (264.5, 115.7), (283.2, 115.7), (300.0, 115.7), (314.9, 115.7), (329.9, 115.7), (350.4, 115.7), (365.3, 115.7), (380.3, 115.7), (395.2, 115.7), (410.1, 115.7), (425.1, 115.7), (436.3, 115.7), (436.3, 115.7), (436.3, 115.7), (436.3, 115.7), (436.3, 115.7), (436.3, 115.7), (436.3, 115.7), (436.3, 115.7), (436.3, 115.7), (436.3, 115.7), (436.3, 115.7), (436.3, 115.7), (436.3, 115.7), (436.3, 115.7), (436.3, 115.7), (436.3, 115.7), (436.3, 115.7), (436.3, 115.7), (436.3, 115.7), (436.3, 115.7), (436.3, 115.7), (436.3, 115.7), (436.3, 115.7), (436.3, 115.7), (436.3, 115.7), (436.3, 115.7), (436.3, 115.7), (436.3, 115.7), (436.3, 115.7), (436.3, 115.7), (436.3, 115.7), (436.3, 115.7), (436.3, 115.7), (436.3, 115.7), (436.3, 115.7), (436.3, 115.7), (436.3, 115.7)]",0,0,8.13
experienced,bomberman,8,Stuck,0,0,45.44,0.667,"[(48.0, 112.0), (62.9, 112.0), (77.9, 112.0), (92.8, 112.0), (107.7, 112.0), (122.7, 112.0), (137.6, 112.0), (152.5, 112.0), (167.5, 112.0), (182.4, 112.0), (197.3, 115.7), (214.1, 115.7), (234.7, 115.7), (249.6, 115.7), (264.5, 115.7), (283.2, 115.7), (300.0, 115.7), (314.9, 115.7), (329.9, 115.7), (350.4, 115.7), (365.3, 115.7), (380.3, 115.7), (395.2, 108.3), (410.1, 108.3), (425.1, 108.3), (436.3, 108.3), (436.3, 108.3), (436.3, 108.3), (436.3, 108.3), (436.3, 108.3), (436.3, 108.3), (436.3, 108.3), (436.3, 108.3), (436.3, 108.3), (436.3, 108.3), (436.3, 108.3), (436.3, 108.3), (436.3, 108.3), (436.3, 108.3), (436.3, 108.3), (436.3, 108.3), (436.3, 108.3), (436.3, 108.3), (436.3, 108.3), (436.3, 108.3), (436.3, 108.3), (436.3, 108.3), (436.3, 108.3), (436.3, 108.3), (436.3, 108.3), (436.3, 108.3), (436.3, 108.3), (436.3, 108.3), (436.3, 108.3), (436.3, 108.3), (436.3, 108.3), (436.3, 108.3), (436.3, 108.3), (436.3, 108.3), (436.3, 108.3), (436.3, 108.3), (436.3, 108.3)]",0,0,8.13
experienced,bomberman,8,Bomb,4,0,5.44,0.444,"[(48.0, 112.0), (48.0, 126.9), (51.7, 141.9), (51.7, 156.8), (44.3, 171.7), (44.3, 186.7), (44.3, 201.6), (44.3, 216.5), (44.3, 231.5), (44.3, 246.4), (44.3, 261.3), (44.3, 276.3), (44.3, 291.2), (44.3, 306.1), (44.3, 321.1), (44.3, 336.0), (44.3, 339.7), (44.3, 339.7), (44.3, 339.7), (44.3, 339.7), (44.3, 339.7), (44.3, 339.7), (44.3, 339.7), (44.3, 339.7), (44.3, 339.7), (44.3, 339.7), (44.3, 339.7), (44.3, 339.7), (44.3, 339.7), (44.3, 339.7), (44.3, 336.0), (51.7, 324.8), (48.0, 321.1), (48.0, 321.1), (48.0, 321.1), (48.0, 321.1), (48.0, 321.1), (48.0, 321.1), (48.0, 321.1), (48.0, 321.1), (48.0, 321.1), (48.0, 321.1), (48.0, 321.1), (48.0, 321.1), (48.0, 321.1), (48.0, 321.1), (48.0, 321.1), (48.0, 321.1), (48.0, 321.1), (51.7, 317.3), (51.7, 321.1), (51.7, 313.6), (61.1, 308.0), (64.8, 308.0), (64.8, 308.0), (72.3, 308.0), (87.2, 308.0), (102.1, 302.4), (115.2, 291.2), (115.2, 276.3), (115.2, 255.7), (118.9, 240.8), (128.3, 242.7), (126.4, 244.5), (128.3, 244.5), (128.3, 242.7), (128.3, 238.9), (126.4, 237.1), (126.4, 237.1), (126.4, 237.1), (126.4, 237.1), (126.4, 237.1), (115.2, 235.2), (113.3, 224.0), (113.3, 224.0), (113.3, 224.0), (113.3, 224.0), (113.3, 224.0), (113.3, 224.0), (113.3, 224.0), (113.3, 224.0), (113.3, 224.0), (113.3, 224.0), (113.3, 224.0), (113.3, 224.0), (113.3, 224.0), (113.3, 224.0), (113.3, 224.0), (113.3, 224.0), (113.3, 224.0), (113.3, 224.0)]",0,0,12.0
experienced,bomberman,8,Enemy,0,0,97.26,0.556,"[(48.0, 112.0), (62.9, 112.0), (77.9, 112.0), (92.8, 112.0), (107.7, 112.0), (122.7, 112.0), (137.6, 112.0), (152.5, 112.0), (167.5, 112.0), (182.4, 112.0), (197.3, 115.7), (214.1, 115.7), (234.7, 115.7), (249.6, 115.7), (264.5, 115.7), (283.2, 115.7), (300.0, 115.7), (314.9, 115.7), (329.9, 115.7), (344.8, 112.0), (361.6, 108.3), (369.1, 108.3), (370.9, 108.3), (370.9, 108.3)]",0,0,3.17
experienced,bomberman,8,Bomb,3,0,17.85,0.778,"[(48.0, 112.0), (51.7, 126.9), (44.3, 141.9), (44.3, 156.8), (48.0, 171.7), (62.9, 179.2), (62.9, 179.2), (62.9, 179.2), (62.9, 179.2), (62.9, 179.2), (62.9, 179.2), (62.9, 179.2), (62.9, 179.2), (62.9, 179.2), (62.9, 179.2), (62.9, 179.2), (62.9, 179.2), (62.9, 179.2), (62.9, 179.2), (62.9, 179.2), (62.9, 179.2), (62.9, 179.2), (62.9, 179.2), (62.9, 179.2), (70.4, 179.2), (77.9, 179.2), (98.4, 179.2), (113.3, 184.8), (115.2, 199.7), (115.2, 216.5), (115.2, 235.2), (128.3, 244.5), (141.3, 244.5), (141.3, 244.5), (141.3, 244.5), (141.3, 244.5), (141.3, 244.5), (141.3, 244.5), (141.3, 244.5), (141.3, 244.5), (158.1, 244.5), (174.9, 248.3), (174.9, 257.6), (173.1, 255.7), (180.5, 257.6), (180.5, 257.6), (180.5, 257.6), (180.5, 257.6), (180.5, 257.6), (180.5, 257.6), (180.5, 257.6), (180.5, 257.6), (180.5, 257.6), (180.5, 257.6), (180.5, 248.3), (191.7, 237.1), (193.6, 244.5), (193.6, 242.7), (191.7, 244.5), (193.6, 244.5), (193.6, 242.7), (206.7, 244.5), (229.1, 240.8), (244.0, 242.7), (255.2, 244.5), (255.2, 244.5), (258.9, 244.5), (268.3, 244.5), (285.1, 244.5), (301.9, 244.5), (316.8, 244.5), (320.5, 244.5), (320.5, 244.5), (320.5, 244.5), (320.5, 244.5), (320.5, 244.5), (320.5, 244.5), (320.5, 244.5), (320.5, 244.5), (320.5, 244.5), (320.5, 244.5), (320.5, 244.5), (320.5, 244.5), (320.5, 244.5), (320.5, 244.5), (320.5, 244.5), (320.5, 244.5), (320.5, 244.5), (320.5, 244.5), (320.5, 244.5), (320.5, 244.5), (333.6, 237.1), (354.1, 237.1), (365.3, 235.2), (365.3, 235.2), (365.3, 235.2), (365.3, 235.2), (365.3, 235.2), (365.3, 235.2), (365.3, 235.2), (365.3, 235.2), (365.3, 235.2), (365.3, 235.2), (365.3, 235.2), (365.3, 235.2), (365.3, 235.2), (365.3, 235.2), (365.3, 235.2), (365.3, 235.2), (365.3, 235.2), (365.3, 235.2), (365.3, 235.2), (365.3, 235.2), (365.3, 235.2), (365.3, 235.2), (365.3, 235.2), (365.3, 235.2), (365.3, 235.2), (365.3, 235.2), (365.3, 235.2), (365.3, 235.2)]",0,0,16.0
experienced,bomberman,8,Stuck,0,0,43.57,0.667,"[(48.0, 112.0), (62.9, 112.0), (77.9, 112.0), (92.8, 112.0), (107.7, 112.0), (122.7, 112.0), (137.6, 112.0), (152.5, 112.0), (167.5, 112.0), (182.4, 112.0), (197.3, 115.7), (214.1, 115.7), (234.7, 115.7), (249.6, 115.7), (264.5, 115.7), (283.2, 115.7), (300.0, 115.7), (314.9, 115.7), (329.9, 115.7), (344.8, 115.7), (359.7, 115.7), (374.7, 115.7), (389.6, 115.7), (404.5, 115.7), (417.6, 115.7), (417.6, 115.7), (417.6, 115.7), (417.6, 115.7), (417.6, 115.7), (417.6, 115.7), (417.6, 115.7), (417.6, 115.7), (417.6, 115.7), (417.6, 115.7), (417.6, 115.7), (417.6, 115.7), (417.6, 115.7), (417.6, 115.7), (417.6, 115.7), (417.6, 115.7), (417.6, 115.7), (417.6, 115.7), (417.6, 115.7), (417.6, 115.7), (417.6, 115.7), (417.6, 115.7), (417.6, 115.7), (417.6, 115.7), (417.6, 115.7), (417.6, 115.7), (417.6, 115.7), (417.6, 115.7), (417.6, 115.7), (417.6, 115.7), (417.6, 115.7), (417.6, 115.7), (417.6, 115.7), (417.6, 115.7), (417.6, 115.7), (417.6, 115.7), (417.6, 115.7), (417.6, 115.7)]",0,0,8.18
experienced,bomberman,8,Stuck,0,0,33.12,0.444,"[(48.0, 112.0), (62.9, 112.0), (77.9, 112.0), (92.8, 112.0), (107.7, 112.0), (122.7, 112.0), (137.6, 112.0), (152.5, 112.0), (167.5, 112.0), (180.5, 112.0), (180.5, 112.0), (180.5, 112.0), (188.0, 112.0), (202.9, 115.7), (225.3, 115.7), (240.3, 115.7), (255.2, 115.7), (270.1, 115.7), (290.7, 115.7), (296.3, 115.7), (300.0, 115.7), (305.6, 115.7), (305.6, 115.7), (305.6, 115.7), (305.6, 115.7), (305.6, 115.7), (305.6, 115.7), (305.6, 115.7), (305.6, 115.7), (305.6, 115.7), (305.6, 115.7), (305.6, 115.7), (305.6, 115.7), (305.6, 115.7), (305.6, 115.7), (305.6, 115.7), (305.6, 115.7), (305.6, 115.7), (305.6, 115.7), (305.6, 115.7), (305.6, 115.7), (305.6, 115.7), (305.6, 115.7), (305.6, 115.7), (305.6, 115.7), (305.6, 115.7), (305.6, 115.7), (305.6, 115.7), (305.6, 115.7), (305.6, 115.7), (305.6, 115.7), (305.6, 115.7), (305.6, 115.7), (305.6, 115.7), (305.6, 115.7), (305.6, 115.7)]",0,0,7.38
experienced,bomberman,8,Bomb,2,0,-0.47,0.333,"[(48.0, 112.0), (44.3, 126.9), (44.3, 141.9), (44.3, 156.8), (44.3, 171.7), (44.3, 186.7), (44.3, 201.6), (44.3, 216.5), (44.3, 231.5), (44.3, 246.4), (44.3, 261.3), (44.3, 276.3), (44.3, 291.2), (44.3, 306.1), (44.3, 321.1), (44.3, 336.0), (44.3, 339.7), (44.3, 339.7), (44.3, 339.7), (44.3, 339.7), (44.3, 339.7), (44.3, 339.7), (44.3, 339.7), (44.3, 339.7), (44.3, 339.7), (44.3, 339.7), (44.3, 339.7), (44.3, 339.7), (44.3, 339.7), (44.3, 339.7), (44.3, 339.7), (44.3, 339.7), (44.3, 339.7), (44.3, 339.7), (44.3, 339.7), (49.9, 339.7), (51.7, 339.7), (51.7, 339.7), (51.7, 326.7), (51.7, 319.2), (51.7, 319.2), (51.7, 319.2), (51.7, 317.3), (51.7, 321.1), (51.7, 319.2), (51.7, 317.3), (51.7, 321.1), (51.7, 319.2), (51.7, 317.3), (51.7, 321.1), (51.7, 319.2), (51.7, 317.3), (51.7, 321.1), (51.7, 319.2), (51.7, 317.3), (51.7, 321.1), (51.7, 319.2), (44.3, 321.1), (44.3, 321.1), (44.3, 321.1), (44.3, 321.1)]",0,0,8.0
experienced,bomberman,8,Bomb,3,0,17.85,0.778,"[(48.0, 112.0), (51.7, 126.9), (44.3, 141.9), (44.3, 156.8), (48.0, 171.7), (62.9, 179.2), (62.9, 179.2), (62.9, 179.2), (62.9, 179.2), (62.9, 179.2), (62.9, 179.2), (62.9, 179.2), (62.9, 179.2), (62.9, 179.2), (62.9, 179.2), (62.9, 179.2), (62.9, 179.2), (62.9, 179.2), (62.9, 179.2), (62.9, 179.2), (62.9, 179.2), (62.9, 179.2), (62.9, 179.2), (62.9, 179.2), (70.4, 179.2), (77.9, 179.2), (98.4, 179.2), (113.3, 184.8), (115.2, 199.7), (115.2, 216.5), (115.2, 235.2), (128.3, 244.5), (141.3, 244.5), (141.3, 244.5), (141.3, 244.5), (141.3, 244.5), (141.3, 244.5), (141.3, 244.5), (141.3, 244.5), (141.3, 244.5), (158.1, 244.5), (174.9, 248.3), (174.9, 257.6), (173.1, 255.7), (180.5, 257.6), (180.5, 257.6), (180.5, 257.6), (180.5, 257.6), (180.5, 257.6), (180.5, 257.6), (180.5, 257.6), (180.5, 257.6), (180.5, 257.6), (180.5, 257.6), (180.5, 248.3), (191.7, 237.1), (193.6, 244.5), (193.6, 242.7), (191.7, 244.5), (193.6, 244.5), (193.6, 242.7), (206.7, 244.5), (229.1, 240.8), (244.0, 242.7), (255.2, 244.5), (255.2, 244.5), (258.9, 244.5), (268.3, 244.5), (285.1, 244.5), (301.9, 244.5), (316.8, 244.5), (320.5, 244.5), (320.5, 244.5), (320.5, 244.5), (320.5, 244.5), (320.5, 244.5), (320.5, 244.5), (320.5, 244.5), (320.5, 244.5), (320.5, 244.5), (320.5, 244.5), (320.5, 244.5), (320.5, 244.5), (320.5, 244.5), (320.5, 244.5), (320.5, 244.5), (320.5, 244.5), (320.5, 244.5), (320.5, 244.5), (320.5, 244.5), (320.5, 244.5), (333.6, 237.1), (354.1, 237.1), (365.3, 235.2), (365.3, 235.2), (365.3, 235.2), (365.3, 235.2), (365.3, 235.2), (365.3, 235.2), (365.3, 235.2), (365.3, 235.2), (365.3, 235.2), (365.3, 235.2), (365.3, 235.2), (365.3, 235.2), (365.3, 235.2), (365.3, 235.2), (365.3, 235.2), (365.3, 235.2), (365.3, 235.2), (365.3, 235.2), (365.3, 235.2), (365.3, 235.2), (365.3, 235.2), (365.3, 235.2), (365.3, 235.2), (365.3, 235.2), (365.3, 235.2), (365.3, 235.2), (365.3, 235.2), (365.3, 235.2)]",0,0,16.0
experienced,bomberman,8,Enemy,10,0,19.29,0.556,"[(48.0, 112.0), (44.3, 126.9), (44.3, 141.9), (44.3, 156.8), (44.3, 171.7), (44.3, 186.7), (44.3, 201.6), (44.3, 216.5), (44.3, 231.5), (44.3, 246.4), (44.3, 261.3), (44.3, 276.3), (44.3, 291.2), (44.3, 306.1), (44.3, 321.1), (44.3, 336.0), (44.3, 339.7), (44.3, 339.7), (44.3, 339.7), (48.0, 339.7), (51.7, 339.7), (51.7, 339.7), (51.7, 339.7), (51.7, 339.7), (51.7, 339.7), (51.7, 339.7), (51.7, 332.3), (51.7, 321.1), (51.7, 319.2), (51.7, 317.3), (51.7, 321.1), (51.7, 321.1), (51.7, 319.2), (51.7, 317.3), (51.7, 321.1), (51.7, 319.2), (51.7, 317.3), (51.7, 321.1), (51.7, 319.2), (51.7, 317.3), (51.7, 321.1), (51.7, 319.2), (51.7, 317.3), (51.7, 321.1), (51.7, 313.6), (61.1, 308.0), (64.8, 308.0), (64.8, 308.0), (64.8, 308.0), (68.5, 308.0), (83.5, 308.0), (98.4, 306.1), (113.3, 294.9), (115.2, 280.0), (115.2, 263.2), (115.2, 244.5), (128.3, 238.9), (128.3, 242.7), (126.4, 244.5), (128.3, 244.5), (128.3, 242.7), (128.3, 242.7), (126.4, 244.5), (141.3, 244.5), (163.7, 242.7), (178.7, 229.6), (180.5, 214.7), (180.5, 196.0), (182.4, 177.3), (197.3, 175.5), (214.1, 173.6), (234.7, 173.6), (244.0, 158.7), (244.0, 143.7), (244.0, 121.3), (253.3, 108.3), (268.3, 108.3), (283.2, 108.3), (298.1, 108.3), (313.1, 108.3), (328.0, 108.3), (346.7, 108.3), (363.5, 108.3), (370.9, 93.3), (365.3, 78.4), (365.3, 76.5), (365.3, 76.5), (365.3, 76.5), (365.3, 76.5), (365.3, 76.5), (365.3, 76.5), (365.3, 76.5), (365.3, 76.5), (365.3, 76.5), (365.3, 76.5), (365.3, 76.5), (365.3, 76.5), (365.3, 76.5), (365.3, 76.5), (365.3, 76.5), (365.3, 76.5), (365.3, 76.5), (365.3, 76.5), (365.3, 76.5), (365.3, 76.5), (365.3, 76.5), (365.3, 76.5), (365.3, 76.5), (365.3, 76.5), (365.3, 76.5), (365.3, 76.5), (365.3, 76.5), (365.3, 76.5), (365.3, 76.5), (365.3, 76.5), (365.3, 84.0)]",0,0,15.38
experienced,bomberman,8,Stuck,1,0,26.98,0.556,"[(48.0, 112.0), (62.9, 112.0), (77.9, 112.0), (92.8, 112.0), (107.7, 112.0), (122.7, 112.0), (137.6, 112.0), (152.5, 112.0), (167.5, 112.0), (180.5, 112.0), (180.5, 112.0), (180.5, 112.0), (180.5, 112.0), (180.5, 112.0), (180.5, 112.0), (180.5, 112.0), (180.5, 112.0), (180.5, 112.0), (180.5, 112.0), (180.5, 112.0), (180.5, 112.0), (180.5, 112.0), (180.5, 112.0), (180.5, 112.0), (180.5, 112.0), (180.5, 112.0), (180.5, 112.0), (180.5, 112.0), (180.5, 112.0), (180.5, 112.0), (180.5, 112.0), (188.0, 112.0), (202.9, 115.7), (225.3, 115.7), (225.3, 115.7), (225.3, 115.7), (225.3, 115.7), (232.8, 115.7), (247.7, 115.7), (262.7, 115.7), (277.6, 115.7), (292.5, 115.7), (307.5, 115.7), (322.4, 115.7), (337.3, 115.7), (352.3, 115.7), (352.3, 115.7), (352.3, 115.7), (352.3, 115.7), (352.3, 115.7), (352.3, 115.7), (352.3, 115.7), (352.3, 115.7), (352.3, 115.7), (352.3, 115.7), (352.3, 115.7), (352.3, 115.7), (352.3, 115.7), (352.3, 115.7), (352.3, 115.7), (352.3, 115.7), (352.3, 115.7), (352.3, 115.7), (352.3, 115.7), (352.3, 115.7), (352.3, 115.7), (352.3, 115.7), (352.3, 115.7), (352.3, 115.7), (352.3, 115.7), (352.3, 115.7), (352.3, 115.7), (352.3, 115.7), (352.3, 115.7), (352.3, 115.7), (352.3, 115.7), (352.3, 115.7), (352.3, 115.7), (352.3, 115.7), (352.3, 115.7), (352.3, 115.7), (352.3, 115.7), (352.3, 115.7)]",0,0,11.0
experienced,bomberman,8,Stuck,0,0,43.57,0.667,"[(48.0, 112.0), (62.9, 112.0), (77.9, 112.0), (92.8, 112.0), (107.7, 112.0), (122.7, 112.0), (137.6, 112.0), (152.5, 112.0), (167.5, 112.0), (182.4, 112.0), (197.3, 115.7), (214.1, 115.7), (234.7, 115.7), (249.6, 115.7), (264.5, 115.7), (283.2, 115.7), (300.0, 115.7), (314.9, 115.7), (329.9, 115.7), (344.8, 115.7), (359.7, 115.7), (374.7, 115.7), (389.6, 115.7), (404.5, 115.7), (417.6, 115.7), (417.6, 115.7), (417.6, 115.7), (417.6, 115.7), (417.6, 115.7), (417.6, 115.7), (417.6, 115.7), (417.6, 115.7), (417.6, 115.7), (417.6, 115.7), (417.6, 115.7), (417.6, 115.7), (417.6, 115.7), (417.6, 115.7), (417.6, 115.7), (417.6, 115.7), (417.6, 115.7), (417.6, 115.7), (417.6, 115.7), (417.6, 115.7), (417.6, 115.7), (417.6, 115.7), (417.6, 115.7), (417.6, 115.7), (417.6, 115.7), (417.6, 115.7), (417.6, 115.7), (417.6, 115.7), (417.6, 115.7), (417.6, 115.7), (417.6, 115.7), (417.6, 115.7), (417.6, 115.7), (417.6, 115.7), (417.6, 115.7), (417.6, 115.7), (417.6, 115.7), (417.6, 115.7)]",0,0,8.18
experienced,bomberman,8,Stuck,0,0,45.44,0.667,"[(48.0, 112.0), (62.9, 112.0), (77.9, 112.0), (92.8, 112.0), (107.7, 112.0), (122.7, 112.0), (137.6, 112.0), (152.5, 112.0), (167.5, 112.0), (182.4, 112.0), (197.3, 115.7), (214.1, 115.7), (234.7, 115.7), (249.6, 115.7), (264.5, 115.7), (283.2, 115.7), (300.0, 115.7), (314.9, 115.7), (329.9, 115.7), (350.4, 115.7), (365.3, 115.7), (380.3, 115.7), (395.2, 108.3), (410.1, 108.3), (425.1, 108.3), (436.3, 108.3), (436.3, 108.3), (436.3, 108.3), (436.3, 108.3), (436.3, 108.3), (436.3, 108.3), (436.3, 108.3), (436.3, 108.3), (436.3, 108.3), (436.3, 108.3), (436.3, 108.3), (436.3, 108.3), (436.3, 108.3), (436.3, 108.3), (436.3, 108.3), (436.3, 108.3), (436.3, 108.3), (436.3, 108.3), (436.3, 108.3), (436.3, 108.3), (436.3, 108.3), (436.3, 108.3), (436.3, 108.3), (436.3, 108.3), (436.3, 108.3), (436.3, 108.3), (436.3, 108.3), (436.3, 108.3), (436.3, 108.3), (436.3, 108.3), (436.3, 108.3), (436.3, 108.3), (436.3, 108.3), (436.3, 108.3), (436.3, 108.3), (436.3, 108.3), (436.3, 108.3)]",0,0,8.13
experienced,bomberman,8,Stuck,0,0,45.44,0.667,"[(48.0, 112.0), (62.9, 112.0), (77.9, 112.0), (92.8, 112.0), (107.7, 112.0), (122.7, 112.0), (137.6, 112.0), (152.5, 112.0), (167.5, 112.0), (182.4, 112.0), (197.3, 115.7), (214.1, 115.7), (234.7, 115.7), (249.6, 115.7), (264.5, 115.7), (283.2, 115.7), (300.0, 115.7), (314.9, 115.7), (329.9, 115.7), (350.4, 115.7), (365.3, 115.7), (380.3, 115.7), (395.2, 115.7), (410.1, 115.7), (425.1, 115.7), (436.3, 115.7), (436.3, 115.7), (436.3, 115.7), (436.3, 115.7), (436.3, 115.7), (436.3, 115.7), (436.3, 115.7), (436.3, 115.7), (436.3, 115.7), (436.3, 115.7), (436.3, 115.7), (436.3, 115.7), (436.3, 115.7), (436.3, 115.7), (436.3, 115.7), (436.3, 115.7), (436.3, 115.7), (436.3, 115.7), (436.3, 115.7), (436.3, 115.7), (436.3, 115.7), (436.3, 115.7), (436.3, 115.7), (436.3, 115.7), (436.3, 115.7), (436.3, 115.7), (436.3, 115.7), (436.3, 115.7), (436.3, 115.7), (436.3, 115.7), (436.3, 115.7), (436.3, 115.7), (436.3, 115.7), (436.3, 115.7), (436.3, 115.7), (436.3, 115.7), (436.3, 115.7)]",0,0,8.13
experienced,bomberman,8,Bomb,70,0,27.07,0.611,"[(48.0, 112.0), (62.9, 115.7), (77.9, 115.7), (92.8, 115.7), (107.7, 115.7), (122.7, 115.7), (137.6, 115.7), (152.5, 115.7), (167.5, 115.7), (182.4, 115.7), (197.3, 115.7), (212.3, 115.7), (227.2, 115.7), (242.1, 123.2), (244.0, 126.9), (244.0, 126.9), (244.0, 126.9), (244.0, 126.9), (244.0, 126.9), (244.0, 126.9), (244.0, 126.9), (244.0, 126.9), (244.0, 126.9), (244.0, 126.9), (244.0, 126.9), (244.0, 126.9), (244.0, 126.9), (244.0, 126.9), (244.0, 126.9), (244.0, 126.9), (244.0, 126.9), (247.7, 112.0), (262.7, 108.3), (277.6, 108.3), (292.5, 108.3), (307.5, 108.3), (322.4, 108.3), (337.3, 108.3), (352.3, 108.3), (367.2, 119.5), (372.8, 128.8), (372.8, 128.8), (372.8, 128.8), (372.8, 128.8), (372.8, 128.8), (372.8, 128.8), (372.8, 128.8), (372.8, 128.8), (372.8, 128.8), (372.8, 126.9), (372.8, 126.9), (372.8, 126.9), (372.8, 126.9), (372.8, 126.9), (372.8, 126.9), (372.8, 126.9), (372.8, 126.9), (372.8, 126.9), (372.8, 126.9), (372.8, 126.9), (372.8, 126.9), (372.8, 126.9), (372.8, 126.9), (372.8, 126.9), (372.8, 126.9), (372.8, 126.9), (372.8, 126.9), (372.8, 126.9), (372.8, 126.9), (372.8, 126.9), (372.8, 126.9), (372.8, 126.9), (372.8, 126.9), (372.8, 126.9), (372.8, 126.9), (372.8, 126.9), (372.8, 126.9), (372.8, 126.9), (372.8, 126.9), (372.8, 126.9), (372.8, 126.9), (372.8, 126.9), (372.8, 126.9), (372.8, 126.9), (372.8, 126.9), (372.8, 126.9), (372.8, 126.9), (372.8, 126.9), (372.8, 126.9), (372.8, 126.9), (372.8, 126.9)]",0,0,12.0
experienced,bomberman,8,Bomb,3,0,47.83,0.667,"[(48.0, 112.0), (62.9, 112.0), (77.9, 108.3), (98.4, 108.3), (113.3, 108.3), (128.3, 108.3), (143.2, 108.3), (158.1, 108.3), (173.1, 108.3), (188.0, 108.3), (202.9, 108.3), (217.9, 108.3), (232.8, 108.3), (247.7, 108.3), (262.7, 108.3), (277.6, 108.3), (292.5, 108.3), (307.5, 108.3), (322.4, 108.3), (337.3, 108.3), (352.3, 108.3), (367.2, 108.3), (382.1, 108.3), (397.1, 108.3), (412.0, 108.3), (426.9, 108.3), (436.3, 108.3), (436.3, 108.3), (436.3, 108.3), (436.3, 108.3), (436.3, 108.3), (436.3, 108.3), (436.3, 108.3), (436.3, 108.3), (436.3, 108.3), (436.3, 108.3), (436.3, 108.3), (436.3, 108.3), (436.3, 108.3), (436.3, 108.3), (436.3, 108.3), (436.3, 108.3), (436.3, 108.3), (436.3, 108.3), (436.3, 108.3), (436.3, 108.3), (436.3, 108.3), (436.3, 108.3), (436.3, 108.3), (436.3, 108.3), (436.3, 108.3), (436.3, 108.3), (436.3, 108.3), (436.3, 108.3), (436.3, 108.3), (436.3, 108.3), (436.3, 108.3), (436.3, 108.3), (436.3, 108.3), (436.3, 108.3), (436.3, 108.3)]",0,0,8.0
experienced,bomberman,8,Bomb,22,0,18.2,0.556,"[(48.0, 112.0), (62.9, 115.7), (62.9, 115.7), (62.9, 115.7), (62.9, 115.7), (62.9, 115.7), (62.9, 115.7), (62.9, 115.7), (62.9, 115.7), (62.9, 115.7), (62.9, 115.7), (62.9, 115.7), (66.7, 115.7), (74.1, 115.7), (76.0, 115.7), (76.0, 115.7), (79.7, 115.7), (98.4, 115.7), (113.3, 121.3), (115.2, 128.8), (115.2, 128.8), (115.2, 128.8), (115.2, 128.8), (115.2, 128.8), (115.2, 128.8), (115.2, 128.8), (115.2, 128.8), (115.2, 128.8), (115.2, 128.8), (115.2, 128.8), (115.2, 128.8), (115.2, 126.9), (115.2, 126.9), (115.2, 126.9), (115.2, 126.9), (115.2, 125.1), (115.2, 128.8), (115.2, 126.9), (115.2, 125.1), (115.2, 128.8), (115.2, 126.9), (115.2, 125.1), (115.2, 128.8), (115.2, 126.9), (117.1, 115.7), (132.0, 115.7), (146.9, 115.7), (169.3, 115.7), (180.5, 128.8), (180.5, 126.9), (180.5, 125.1), (180.5, 128.8), (180.5, 126.9), (180.5, 125.1), (180.5, 128.8), (180.5, 126.9), (180.5, 125.1), (180.5, 128.8), (180.5, 115.7), (195.5, 110.1), (210.4, 113.9), (229.1, 108.3), (244.0, 110.1), (258.9, 110.1), (273.9, 115.7), (294.4, 110.1), (309.3, 108.3), (324.3, 112.0), (339.2, 115.7), (356.0, 112.0), (370.9, 100.8), (365.3, 85.9), (365.3, 76.5), (365.3, 76.5), (365.3, 76.5), (365.3, 76.5), (365.3, 76.5), (365.3, 76.5), (365.3, 76.5), (365.3, 76.5), (365.3, 76.5), (365.3, 76.5), (365.3, 76.5), (365.3, 76.5), (365.3, 76.5), (365.3, 76.5), (365.3, 76.5), (365.3, 76.5), (365.3, 76.5), (365.3, 76.5), (365.3, 76.5), (365.3, 76.5), (365.3, 76.5), (365.3, 76.5), (365.3, 76.5), (365.3, 76.5), (365.3, 76.5), (365.3, 76.5), (365.3, 76.5), (365.3, 76.5), (365.3, 76.5), (365.3, 76.5), (365.3, 76.5), (365.3, 76.5), (365.3, 76.5), (365.3, 76.5), (365.3, 76.5), (365.3, 76.5), (365.3, 76.5), (365.3, 76.5), (365.3, 76.5), (365.3, 76.5), (365.3, 76.5), (365.3, 76.5), (365.3, 76.5), (365.3, 76.5), (365.3, 76.5), (365.3, 76.5), (365.3, 76.5), (365.3, 76.5), (365.3, 76.5)]",0,0,16.0
experienced,bomberman,8,Bomb,67,0,11.66,0.778,"[(48.0, 112.0), (44.3, 126.9), (44.3, 141.9), (44.3, 156.8), (44.3, 171.7), (44.3, 186.7), (44.3, 201.6), (44.3, 216.5), (44.3, 231.5), (44.3, 246.4), (44.3, 261.3), (44.3, 276.3), (46.1, 291.2), (53.6, 306.1), (61.1, 308.0), (64.8, 308.0), (64.8, 308.0), (64.8, 308.0), (64.8, 308.0), (64.8, 308.0), (64.8, 308.0), (64.8, 308.0), (64.8, 308.0), (64.8, 308.0), (64.8, 308.0), (64.8, 308.0), (64.8, 308.0), (64.8, 308.0), (64.8, 308.0), (64.8, 308.0), (64.8, 308.0), (64.8, 308.0), (64.8, 308.0), (64.8, 308.0), (64.8, 308.0), (64.8, 308.0), (64.8, 308.0), (64.8, 308.0), (64.8, 308.0), (64.8, 308.0), (64.8, 308.0), (76.0, 308.0), (90.9, 308.0), (105.9, 300.5), (120.8, 308.0), (128.3, 308.0), (128.3, 308.0), (128.3, 308.0), (128.3, 308.0), (128.3, 308.0), (128.3, 308.0), (128.3, 308.0), (128.3, 308.0), (128.3, 308.0), (128.3, 308.0), (128.3, 308.0), (128.3, 308.0), (128.3, 308.0), (128.3, 308.0), (128.3, 308.0), (128.3, 308.0), (139.5, 306.1), (160.0, 300.5), (174.9, 300.5), (189.9, 308.0), (193.6, 308.0), (193.6, 308.0), (193.6, 308.0), (193.6, 308.0), (193.6, 308.0), (193.6, 308.0), (193.6, 308.0), (193.6, 308.0), (193.6, 308.0), (193.6, 308.0), (193.6, 308.0), (193.6, 308.0), (193.6, 308.0), (193.6, 308.0), (193.6, 308.0), (193.6, 308.0), (193.6, 308.0), (193.6, 308.0), (193.6, 308.0), (193.6, 308.0), (193.6, 308.0), (193.6, 308.0), (193.6, 308.0), (193.6, 308.0), (193.6, 308.0), (193.6, 308.0), (206.7, 300.5), (229.1, 300.5), (238.4, 304.3), (253.3, 304.3), (257.1, 308.0), (257.1, 308.0), (257.1, 308.0), (257.1, 308.0), (257.1, 308.0), (257.1, 308.0), (257.1, 308.0), (257.1, 308.0), (257.1, 308.0), (257.1, 308.0), (257.1, 308.0), (257.1, 308.0), (257.1, 308.0), (257.1, 308.0), (257.1, 308.0), (257.1, 308.0), (257.1, 308.0), (257.1, 308.0), (257.1, 308.0), (257.1, 308.0), (257.1, 308.0), (257.1, 308.0), (257.1, 308.0), (257.1, 308.0), (257.1, 308.0), (257.1, 308.0), (270.1, 300.5), (290.7, 300.5), (300.0, 304.3), (300.0, 308.0), (300.0, 308.0), (300.0, 308.0), (300.0, 308.0), (300.0, 308.0), (300.0, 308.0), (300.0, 308.0), (300.0, 308.0), (300.0, 308.0), (300.0, 308.0), (300.0, 308.0), (300.0, 308.0), (300.0, 308.0), (300.0, 308.0), (300.0, 308.0), (300.0, 308.0), (300.0, 308.0), (300.0, 302.4), (300.0, 287.5), (300.0, 287.5), (300.0, 287.5), (300.0, 287.5), (300.0, 287.5), (300.0, 287.5), (300.0, 287.5), (300.0, 287.5), (300.0, 287.5)]",0,0,20.02
experienced,bomberman,8,Bomb,3,0,17.85,0.778,"[(48.0, 112.0), (51.7, 126.9), (44.3, 141.9), (44.3, 156.8), (48.0, 171.7), (62.9, 179.2), (62.9, 179.2), (62.9, 179.2), (62.9, 179.2), (62.9, 179.2), (62.9, 179.2), (62.9, 179.2), (62.9, 179.2), (62.9, 179.2), (62.9, 179.2), (62.9, 179.2), (62.9, 179.2), (62.9, 179.2), (62.9, 179.2), (62.9, 179.2), (62.9, 179.2), (62.9, 179.2), (62.9, 179.2), (62.9, 179.2), (70.4, 179.2), (77.9, 179.2), (98.4, 179.2), (113.3, 184.8), (115.2, 199.7), (115.2, 216.5), (115.2, 235.2), (128.3, 244.5), (141.3, 244.5), (141.3, 244.5), (141.3, 244.5), (141.3, 244.5), (141.3, 244.5), (141.3, 244.5), (141.3, 244.5), (141.3, 244.5), (158.1, 244.5), (174.9, 248.3), (174.9, 257.6), (173.1, 255.7), (180.5, 257.6), (180.5, 257.6), (180.5, 257.6), (180.5, 257.6), (180.5, 257.6), (180.5, 257.6), (180.5, 257.6), (180.5, 257.6), (180.5, 257.6), (180.5, 257.6), (180.5, 248.3), (191.7, 237.1), (193.6, 244.5), (193.6, 242.7), (191.7, 244.5), (193.6, 244.5), (193.6, 242.7), (206.7, 244.5), (229.1, 240.8), (244.0, 242.7), (255.2, 244.5), (255.2, 244.5), (258.9, 244.5), (268.3, 244.5), (285.1, 244.5), (301.9, 244.5), (316.8, 244.5), (320.5, 244.5), (320.5, 244.5), (320.5, 244.5), (320.5, 244.5), (320.5, 244.5), (320.5, 244.5), (320.5, 244.5), (320.5, 244.5), (320.5, 244.5), (320.5, 244.5), (320.5, 244.5), (320.5, 244.5), (320.5, 244.5), (320.5, 244.5), (320.5, 244.5), (320.5, 244.5), (320.5, 244.5), (320.5, 244.5), (320.5, 244.5), (320.5, 244.5), (333.6, 237.1), (354.1, 237.1), (365.3, 235.2), (365.3, 235.2), (365.3, 235.2), (365.3, 235.2), (365.3, 235.2), (365.3, 235.2), (365.3, 235.2), (365.3, 235.2), (365.3, 235.2), (365.3, 235.2), (365.3, 235.2), (365.3, 235.2), (365.3, 235.2), (365.3, 235.2), (365.3, 235.2), (365.3, 235.2), (365.3, 235.2), (365.3, 235.2), (365.3, 235.2), (365.3, 235.2), (365.3, 235.2), (365.3, 235.2), (365.3, 235.2), (365.3, 235.2), (365.3, 235.2), (365.3, 235.2), (365.3, 235.2), (365.3, 235.2)]",0,0,16.0
experienced,bomberman,8,Bomb,67,0,11.66,0.778,"[(48.0, 112.0), (44.3, 126.9), (44.3, 141.9), (44.3, 156.8), (44.3, 171.7), (44.3, 186.7), (44.3, 201.6), (44.3, 216.5), (44.3, 231.5), (44.3, 246.4), (44.3, 261.3), (44.3, 276.3), (46.1, 291.2), (53.6, 306.1), (61.1, 308.0), (64.8, 308.0), (64.8, 308.0), (64.8, 308.0), (64.8, 308.0), (64.8, 308.0), (64.8, 308.0), (64.8, 308.0), (64.8, 308.0), (64.8, 308.0), (64.8, 308.0), (64.8, 308.0), (64.8, 308.0), (64.8, 308.0), (64.8, 308.0), (64.8, 308.0), (64.8, 308.0), (64.8, 308.0), (64.8, 308.0), (64.8, 308.0), (64.8, 308.0), (64.8, 308.0), (64.8, 308.0), (64.8, 308.0), (64.8, 308.0), (64.8, 308.0), (64.8, 308.0), (76.0, 308.0), (90.9, 308.0), (105.9, 300.5), (120.8, 308.0), (128.3, 308.0), (128.3, 308.0), (128.3, 308.0), (128.3, 308.0), (128.3, 308.0), (128.3, 308.0), (128.3, 308.0), (128.3, 308.0), (128.3, 308.0), (128.3, 308.0), (128.3, 308.0), (128.3, 308.0), (128.3, 308.0), (128.3, 308.0), (128.3, 308.0), (128.3, 308.0), (139.5, 306.1), (160.0, 300.5), (174.9, 300.5), (189.9, 308.0), (193.6, 308.0), (193.6, 308.0), (193.6, 308.0), (193.6, 308.0), (193.6, 308.0), (193.6, 308.0), (193.6, 308.0), (193.6, 308.0), (193.6, 308.0), (193.6, 308.0), (193.6, 308.0), (193.6, 308.0), (193.6, 308.0), (193.6, 308.0), (193.6, 308.0), (193.6, 308.0), (193.6, 308.0), (193.6, 308.0), (193.6, 308.0), (193.6, 308.0), (193.6, 308.0), (193.6, 308.0), (193.6, 308.0), (193.6, 308.0), (193.6, 308.0), (193.6, 308.0), (206.7, 300.5), (229.1, 300.5), (238.4, 304.3), (253.3, 304.3), (257.1, 308.0), (257.1, 308.0), (257.1, 308.0), (257.1, 308.0), (257.1, 308.0), (257.1, 308.0), (257.1, 308.0), (257.1, 308.0), (257.1, 308.0), (257.1, 308.0), (257.1, 308.0), (257.1, 308.0), (257.1, 308.0), (257.1, 308.0), (257.1, 308.0), (257.1, 308.0), (257.1, 308.0), (257.1, 308.0), (257.1, 308.0), (257.1, 308.0), (257.1, 308.0), (257.1, 308.0), (257.1, 308.0), (257.1, 308.0), (257.1, 308.0), (257.1, 308.0), (270.1, 300.5), (290.7, 300.5), (300.0, 304.3), (300.0, 308.0), (300.0, 308.0), (300.0, 308.0), (300.0, 308.0), (300.0, 308.0), (300.0, 308.0), (300.0, 308.0), (300.0, 308.0), (300.0, 308.0), (300.0, 308.0), (300.0, 308.0), (300.0, 308.0), (300.0, 308.0), (300.0, 308.0), (300.0, 308.0), (300.0, 308.0), (300.0, 308.0), (300.0, 302.4), (300.0, 287.5), (300.0, 287.5), (300.0, 287.5), (300.0, 287.5), (300.0, 287.5), (300.0, 287.5), (300.0, 287.5), (300.0, 287.5), (300.0, 287.5)]",0,0,20.02
experienced,bomberman,8,Bomb,22,0,18.2,0.556,"[(48.0, 112.0), (62.9, 115.7), (62.9, 115.7), (62.9, 115.7), (62.9, 115.7), (62.9, 115.7), (62.9, 115.7), (62.9, 115.7), (62.9, 115.7), (62.9, 115.7), (62.9, 115.7), (62.9, 115.7), (66.7, 115.7), (74.1, 115.7), (76.0, 115.7), (76.0, 115.7), (79.7, 115.7), (98.4, 115.7), (113.3, 121.3), (115.2, 128.8), (115.2, 128.8), (115.2, 128.8), (115.2, 128.8), (115.2, 128.8), (115.2, 128.8), (115.2, 128.8), (115.2, 128.8), (115.2, 128.8), (115.2, 128.8), (115.2, 128.8), (115.2, 128.8), (115.2, 126.9), (115.2, 126.9), (115.2, 126.9), (115.2, 126.9), (115.2, 125.1), (115.2, 128.8), (115.2, 126.9), (115.2, 125.1), (115.2, 128.8), (115.2, 126.9), (115.2, 125.1), (115.2, 128.8), (115.2, 126.9), (117.1, 115.7), (132.0, 115.7), (146.9, 115.7), (169.3, 115.7), (180.5, 128.8), (180.5, 126.9), (180.5, 125.1), (180.5, 128.8), (180.5, 126.9), (180.5, 125.1), (180.5, 128.8), (180.5, 126.9), (180.5, 125.1), (180.5, 128.8), (180.5, 115.7), (195.5, 110.1), (210.4, 113.9), (229.1, 108.3), (244.0, 110.1), (258.9, 110.1), (273.9, 115.7), (294.4, 110.1), (309.3, 108.3), (324.3, 112.0), (339.2, 115.7), (356.0, 112.0), (370.9, 100.8), (365.3, 85.9), (365.3, 76.5), (365.3, 76.5), (365.3, 76.5), (365.3, 76.5), (365.3, 76.5), (365.3, 76.5), (365.3, 76.5), (365.3, 76.5), (365.3, 76.5), (365.3, 76.5), (365.3, 76.5), (365.3, 76.5), (365.3, 76.5), (365.3, 76.5), (365.3, 76.5), (365.3, 76.5), (365.3, 76.5), (365.3, 76.5), (365.3, 76.5), (365.3, 76.5), (365.3, 76.5), (365.3, 76.5), (365.3, 76.5), (365.3, 76.5), (365.3, 76.5), (365.3, 76.5), (365.3, 76.5), (365.3, 76.5), (365.3, 76.5), (365.3, 76.5), (365.3, 76.5), (365.3, 76.5), (365.3, 76.5), (365.3, 76.5), (365.3, 76.5), (365.3, 76.5), (365.3, 76.5), (365.3, 76.5), (365.3, 76.5), (365.3, 76.5), (365.3, 76.5), (365.3, 76.5), (365.3, 76.5), (365.3, 76.5), (365.3, 76.5), (365.3, 76.5), (365.3, 76.5), (365.3, 76.5), (365.3, 76.5)]",0,0,16.0
experienced,bomberman,8,Bomb,70,0,27.07,0.611,"[(48.0, 112.0), (62.9, 115.7), (77.9, 115.7), (92.8, 115.7), (107.7, 115.7), (122.7, 115.7), (137.6, 115.7), (152.5, 115.7), (167.5, 115.7), (182.4, 115.7), (197.3, 115.7), (212.3, 115.7), (227.2, 115.7), (242.1, 123.2), (244.0, 126.9), (244.0, 126.9), (244.0, 126.9), (244.0, 126.9), (244.0, 126.9), (244.0, 126.9), (244.0, 126.9), (244.0, 126.9), (244.0, 126.9), (244.0, 126.9), (244.0, 126.9), (244.0, 126.9), (244.0, 126.9), (244.0, 126.9), (244.0, 126.9), (244.0, 126.9), (244.0, 126.9), (247.7, 112.0), (262.7, 108.3), (277.6, 108.3), (292.5, 108.3), (307.5, 108.3), (322.4, 108.3), (337.3, 108.3), (352.3, 108.3), (367.2, 119.5), (372.8, 128.8), (372.8, 128.8), (372.8, 128.8), (372.8, 128.8), (372.8, 128.8), (372.8, 128.8), (372.8, 128.8), (372.8, 128.8), (372.8, 128.8), (372.8, 126.9), (372.8, 126.9), (372.8, 126.9), (372.8, 126.9), (372.8, 126.9), (372.8, 126.9), (372.8, 126.9), (372.8, 126.9), (372.8, 126.9), (372.8, 126.9), (372.8, 126.9), (372.8, 126.9), (372.8, 126.9), (372.8, 126.9), (372.8, 126.9), (372.8, 126.9), (372.8, 126.9), (372.8, 126.9), (372.8, 126.9), (372.8, 126.9), (372.8, 126.9), (372.8, 126.9), (372.8, 126.9), (372.8, 126.9), (372.8, 126.9), (372.8, 126.9), (372.8, 126.9), (372.8, 126.9), (372.8, 126.9), (372.8, 126.9), (372.8, 126.9), (372.8, 126.9), (372.8, 126.9), (372.8, 126.9), (372.8, 126.9), (372.8, 126.9), (372.8, 126.9), (372.8, 126.9), (372.8, 126.9), (372.8, 126.9), (372.8, 126.9), (372.8, 126.9)]",0,0,12.0
experienced,bomberman,8,Bomb,3,0,47.83,0.667,"[(48.0, 112.0), (62.9, 112.0), (77.9, 108.3), (98.4, 108.3), (113.3, 108.3), (128.3, 108.3), (143.2, 108.3), (158.1, 108.3), (173.1, 108.3), (188.0, 108.3), (202.9, 108.3), (217.9, 108.3), (232.8, 108.3), (247.7, 108.3), (262.7, 108.3), (277.6, 108.3), (292.5, 108.3), (307.5, 108.3), (322.4, 108.3), (337.3, 108.3), (352.3, 108.3), (367.2, 108.3), (382.1, 108.3), (397.1, 108.3), (412.0, 108.3), (426.9, 108.3), (436.3, 108.3), (436.3, 108.3), (436.3, 108.3), (436.3, 108.3), (436.3, 108.3), (436.3, 108.3), (436.3, 108.3), (436.3, 108.3), (436.3, 108.3), (436.3, 108.3), (436.3, 108.3), (436.3, 108.3), (436.3, 108.3), (436.3, 108.3), (436.3, 108.3), (436.3, 108.3), (436.3, 108.3), (436.3, 108.3), (436.3, 108.3), (436.3, 108.3), (436.3, 108.3), (436.3, 108.3), (436.3, 108.3), (436.3, 108.3), (436.3, 108.3), (436.3, 108.3), (436.3, 108.3), (436.3, 108.3), (436.3, 108.3), (436.3, 108.3), (436.3, 108.3), (436.3, 108.3), (436.3, 108.3), (436.3, 108.3), (436.3, 108.3)]",0,0,8.0
experienced,bomberman,8,Stuck,1,0,26.98,0.556,"[(48.0, 112.0), (62.9, 112.0), (77.9, 112.0), (92.8, 112.0), (107.7, 112.0), (122.7, 112.0), (137.6, 112.0), (152.5, 112.0), (167.5, 112.0), (180.5, 112.0), (180.5, 112.0), (180.5, 112.0), (180.5, 112.0), (180.5, 112.0), (180.5, 112.0), (180.5, 112.0), (180.5, 112.0), (180.5, 112.0), (180.5, 112.0), (180.5, 112.0), (180.5, 112.0), (180.5, 112.0), (180.5, 112.0), (180.5, 112.0), (180.5, 112.0), (180.5, 112.0), (180.5, 112.0), (180.5, 112.0), (180.5, 112.0), (180.5, 112.0), (180.5, 112.0), (188.0, 112.0), (202.9, 115.7), (225.3, 115.7), (225.3, 115.7), (225.3, 115.7), (225.3, 115.7), (232.8, 115.7), (247.7, 115.7), (262.7, 115.7), (277.6, 115.7), (292.5, 115.7), (307.5, 115.7), (322.4, 115.7), (337.3, 115.7), (352.3, 115.7), (352.3, 115.7), (352.3, 115.7), (352.3, 115.7), (352.3, 115.7), (352.3, 115.7), (352.3, 115.7), (352.3, 115.7), (352.3, 115.7), (352.3, 115.7), (352.3, 115.7), (352.3, 115.7), (352.3, 115.7), (352.3, 115.7), (352.3, 115.7), (352.3, 115.7), (352.3, 115.7), (352.3, 115.7), (352.3, 115.7), (352.3, 115.7), (352.3, 115.7), (352.3, 115.7), (352.3, 115.7), (352.3, 115.7), (352.3, 115.7), (352.3, 115.7), (352.3, 115.7), (352.3, 115.7), (352.3, 115.7), (352.3, 115.7), (352.3, 115.7), (352.3, 115.7), (352.3, 115.7), (352.3, 115.7), (352.3, 115.7), (352.3, 115.7), (352.3, 115.7), (352.3, 115.7)]",0,0,11.0
experienced,bomberman,8,Enemy,61,0,17.98,0.556,"[(48.0, 112.0), (44.3, 126.9), (44.3, 141.9), (44.3, 156.8), (44.3, 171.7), (44.3, 186.7), (44.3, 201.6), (44.3, 216.5), (44.3, 231.5), (44.3, 246.4), (44.3, 261.3), (44.3, 276.3), (44.3, 291.2), (44.3, 306.1), (44.3, 321.1), (51.7, 321.1), (49.9, 319.2), (49.9, 319.2), (49.9, 319.2), (49.9, 319.2), (49.9, 319.2), (51.7, 319.2), (51.7, 317.3), (51.7, 321.1), (51.7, 319.2), (51.7, 317.3), (51.7, 321.1), (51.7, 319.2), (51.7, 317.3), (51.7, 321.1), (51.7, 319.2), (51.7, 317.3), (51.7, 321.1), (51.7, 319.2), (51.7, 311.7), (62.9, 300.5), (64.8, 308.0), (64.8, 306.1), (62.9, 308.0), (64.8, 308.0), (64.8, 306.1), (62.9, 308.0), (64.8, 308.0), (64.8, 306.1), (62.9, 308.0), (64.8, 308.0), (64.8, 300.5), (64.8, 300.5), (64.8, 300.5), (64.8, 300.5), (64.8, 300.5), (64.8, 300.5), (64.8, 300.5), (72.3, 300.5), (76.0, 300.5), (76.0, 300.5), (96.5, 300.5), (111.5, 296.8), (115.2, 281.9), (115.2, 266.9), (115.2, 246.4), (128.3, 237.1), (126.4, 244.5), (128.3, 244.5), (128.3, 237.1), (128.3, 237.1), (128.3, 237.1), (128.3, 237.1), (135.7, 237.1), (141.3, 237.1), (141.3, 237.1), (141.3, 237.1), (141.3, 237.1), (141.3, 237.1), (141.3, 237.1), (141.3, 237.1), (141.3, 237.1), (141.3, 237.1), (154.4, 237.1), (173.1, 235.2), (180.5, 220.3), (180.5, 205.3), (180.5, 182.9), (191.7, 173.6), (206.7, 175.5), (227.2, 173.6), (242.1, 166.1), (244.0, 151.2), (244.0, 132.5), (245.9, 113.9), (260.8, 108.3), (272.0, 108.3), (286.9, 108.3), (300.0, 108.3), (300.0, 108.3), (300.0, 108.3), (300.0, 108.3), (300.0, 108.3), (300.0, 108.3), (300.0, 108.3), (300.0, 108.3), (300.0, 108.3), (300.0, 108.3), (300.0, 108.3), (300.0, 108.3), (300.0, 108.3), (300.0, 108.3), (300.0, 108.3), (300.0, 108.3), (300.0, 108.3), (300.0, 108.3), (300.0, 108.3), (300.0, 108.3), (300.0, 108.3), (300.0, 108.3), (301.9, 108.3), (309.3, 108.3), (309.3, 108.3), (316.8, 108.3), (324.3, 108.3), (335.5, 108.3), (354.1, 108.3), (365.3, 106.4)]",0,0,16.3
experienced,bomberman,8,Bomb,7,0,17.85,0.556,"[(48.0, 112.0), (44.3, 126.9), (44.3, 141.9), (44.3, 156.8), (44.3, 171.7), (44.3, 186.7), (44.3, 201.6), (44.3, 216.5), (44.3, 231.5), (44.3, 246.4), (44.3, 261.3), (44.3, 276.3), (44.3, 291.2), (44.3, 306.1), (44.3, 321.1), (44.3, 336.0), (44.3, 339.7), (44.3, 339.7), (44.3, 339.7), (44.3, 339.7), (44.3, 339.7), (44.3, 339.7), (44.3, 339.7), (44.3, 339.7), (44.3, 339.7), (44.3, 339.7), (44.3, 339.7), (48.0, 339.7), (51.7, 319.2), (51.7, 319.2), (51.7, 319.2), (51.7, 319.2), (51.7, 319.2), (51.7, 319.2), (51.7, 319.2), (51.7, 317.3), (51.7, 321.1), (51.7, 319.2), (51.7, 317.3), (51.7, 321.1), (51.7, 319.2), (51.7, 317.3), (57.3, 302.4), (64.8, 308.0), (64.8, 306.1), (62.9, 308.0), (64.8, 308.0), (64.8, 306.1), (62.9, 300.5), (62.9, 300.5), (74.1, 300.5), (76.0, 300.5), (96.5, 300.5), (111.5, 296.8), (115.2, 281.9), (115.2, 266.9), (115.2, 253.9), (115.2, 257.6), (115.2, 255.7), (115.2, 253.9), (115.2, 257.6), (115.2, 257.6), (115.2, 244.5), (128.3, 244.5), (128.3, 244.5), (128.3, 244.5), (128.3, 244.5), (143.2, 244.5), (165.6, 240.8), (180.5, 227.7), (180.5, 212.8), (180.5, 192.3), (184.3, 175.5), (199.2, 179.2), (217.9, 179.2), (236.5, 171.7), (244.0, 156.8), (244.0, 141.9), (244.0, 119.5), (255.2, 108.3), (270.1, 115.7), (290.7, 113.9), (305.6, 108.3), (320.5, 108.3), (335.5, 115.7), (356.0, 112.0), (370.9, 100.8), (365.3, 97.1), (365.3, 95.2), (367.2, 95.2), (365.3, 97.1), (365.3, 97.1), (365.3, 95.2), (367.2, 95.2), (365.3, 97.1), (365.3, 95.2), (367.2, 95.2), (365.3, 97.1), (365.3, 95.2), (367.2, 95.2), (365.3, 98.9), (365.3, 97.1), (365.3, 97.1), (365.3, 97.1), (365.3, 97.1), (365.3, 97.1), (365.3, 97.1), (365.3, 97.1), (365.3, 97.1), (365.3, 97.1), (365.3, 97.1), (365.3, 97.1), (365.3, 97.1), (365.3, 97.1), (365.3, 97.1), (365.3, 97.1), (365.3, 97.1), (365.3, 97.1), (365.3, 97.1), (365.3, 97.1), (365.3, 97.1)]",0,0,16.0
experienced,bomberman,8,Enemy,2,0,19.51,0.556,"[(48.0, 112.0), (44.3, 126.9), (44.3, 141.9), (44.3, 156.8), (44.3, 171.7), (44.3, 186.7), (44.3, 201.6), (44.3, 216.5), (44.3, 231.5), (55.5, 244.5), (62.9, 244.5), (62.9, 244.5), (62.9, 244.5), (62.9, 244.5), (62.9, 244.5), (62.9, 244.5), (62.9, 244.5), (62.9, 244.5), (62.9, 244.5), (62.9, 244.5), (62.9, 244.5), (62.9, 244.5), (62.9, 244.5), (62.9, 244.5), (62.9, 244.5), (62.9, 244.5), (62.9, 244.5), (62.9, 244.5), (62.9, 244.5), (62.9, 244.5), (62.9, 244.5), (62.9, 244.5), (62.9, 244.5), (62.9, 244.5), (62.9, 244.5), (76.0, 244.5), (77.9, 244.5), (98.4, 244.5), (113.3, 250.1), (115.2, 253.9), (115.2, 257.6), (115.2, 255.7), (115.2, 253.9), (115.2, 250.1), (124.5, 237.1), (128.3, 242.7), (126.4, 244.5), (128.3, 244.5), (128.3, 242.7), (126.4, 244.5), (128.3, 244.5), (128.3, 242.7), (126.4, 244.5), (128.3, 244.5), (128.3, 242.7), (126.4, 244.5), (128.3, 244.5), (128.3, 242.7), (126.4, 244.5), (128.3, 244.5), (128.3, 242.7), (126.4, 244.5), (133.9, 244.5), (150.7, 244.5), (171.2, 237.1), (180.5, 229.6), (180.5, 214.7), (180.5, 196.0), (182.4, 177.3), (193.6, 177.3), (191.7, 179.2), (193.6, 175.5), (193.6, 175.5), (197.3, 179.2), (212.3, 175.5), (227.2, 177.3), (242.1, 166.1), (244.0, 151.2), (244.0, 132.5), (245.9, 113.9), (260.8, 108.3), (275.7, 108.3), (290.7, 108.3), (305.6, 108.3), (320.5, 108.3), (331.7, 108.3), (331.7, 108.3), (335.5, 115.7), (335.5, 115.7), (335.5, 115.7), (339.2, 115.7), (344.8, 115.7), (352.3, 108.3), (356.0, 108.3), (359.7, 108.3), (359.7, 108.3), (363.5, 108.3), (365.3, 97.1), (365.3, 82.1), (365.3, 76.5), (365.3, 76.5), (365.3, 76.5), (365.3, 76.5), (365.3, 87.7), (365.3, 95.2), (365.3, 95.2), (365.3, 95.2), (365.3, 95.2), (365.3, 95.2), (365.3, 95.2), (365.3, 95.2), (365.3, 95.2), (365.3, 95.2), (365.3, 95.2)]",0,0,15.12
experienced,bomberman,8,Enemy,2,0,25.87,0.778,"[(48.0, 112.0), (62.9, 115.7), (66.7, 115.7), (76.0, 115.7), (76.0, 115.7), (76.0, 115.7), (87.2, 115.7), (104.0, 115.7), (115.2, 126.9), (115.2, 141.9), (115.2, 162.4), (118.9, 177.3), (130.1, 179.2), (133.9, 179.2), (143.2, 179.2), (154.4, 179.2), (169.3, 179.2), (180.5, 192.3), (173.1, 207.2), (176.8, 227.7), (186.1, 242.7), (193.6, 244.5), (193.6, 244.5), (197.3, 244.5), (201.1, 244.5), (208.5, 244.5), (225.3, 244.5), (240.3, 244.5), (255.2, 244.5), (255.2, 244.5), (255.2, 244.5), (255.2, 244.5), (258.9, 244.5), (268.3, 244.5), (268.3, 244.5), (268.3, 244.5), (268.3, 244.5), (268.3, 244.5), (268.3, 244.5), (268.3, 244.5), (268.3, 244.5), (268.3, 244.5), (268.3, 244.5), (268.3, 244.5), (268.3, 244.5), (268.3, 244.5), (268.3, 244.5), (268.3, 244.5), (268.3, 244.5), (268.3, 244.5), (268.3, 244.5), (268.3, 244.5), (268.3, 244.5), (270.1, 244.5), (283.2, 244.5), (298.1, 244.5), (313.1, 237.1), (320.5, 237.1), (320.5, 237.1), (320.5, 237.1), (320.5, 237.1), (331.7, 237.1), (352.3, 237.1), (365.3, 235.2), (365.3, 235.2), (365.3, 235.2), (365.3, 235.2), (365.3, 235.2), (365.3, 235.2), (365.3, 235.2), (365.3, 235.2), (365.3, 235.2), (365.3, 235.2), (365.3, 235.2), (365.3, 235.2), (365.3, 235.2), (365.3, 235.2), (365.3, 235.2), (365.3, 235.2), (365.3, 235.2), (365.3, 235.2), (365.3, 222.1), (365.3, 222.1), (365.3, 222.1), (365.3, 222.1), (365.3, 222.1)]",0,0,11.4
experienced,bomberman,8,Bomb,3,0,17.85,0.778,"[(48.0, 112.0), (51.7, 126.9), (44.3, 141.9), (44.3, 156.8), (48.0, 171.7), (62.9, 179.2), (62.9, 179.2), (62.9, 179.2), (62.9, 179.2), (62.9, 179.2), (62.9, 179.2), (62.9, 179.2), (62.9, 179.2), (62.9, 179.2), (62.9, 179.2), (62.9, 179.2), (62.9, 179.2), (62.9, 179.2), (62.9, 179.2), (62.9, 179.2), (62.9, 179.2), (62.9, 179.2), (62.9, 179.2), (62.9, 179.2), (70.4, 179.2), (77.9, 179.2), (98.4, 179.2), (113.3, 184.8), (115.2, 199.7), (115.2, 216.5), (115.2, 235.2), (128.3, 244.5), (141.3, 244.5), (141.3, 244.5), (141.3, 244.5), (141.3, 244.5), (141.3, 244.5), (141.3, 244.5), (141.3, 244.5), (141.3, 244.5), (158.1, 244.5), (174.9, 248.3), (174.9, 257.6), (173.1, 255.7), (180.5, 257.6), (180.5, 257.6), (180.5, 257.6), (180.5, 257.6), (180.5, 257.6), (180.5, 257.6), (180.5, 257.6), (180.5, 257.6), (180.5, 257.6), (180.5, 257.6), (180.5, 248.3), (191.7, 237.1), (193.6, 244.5), (193.6, 242.7), (191.7, 244.5), (193.6, 244.5), (193.6, 242.7), (206.7, 244.5), (229.1, 240.8), (244.0, 242.7), (255.2, 244.5), (255.2, 244.5), (258.9, 244.5), (268.3, 244.5), (285.1, 244.5), (301.9, 244.5), (316.8, 244.5), (320.5, 244.5), (320.5, 244.5), (320.5, 244.5), (320.5, 244.5), (320.5, 244.5), (320.5, 244.5), (320.5, 244.5), (320.5, 244.5), (320.5, 244.5), (320.5, 244.5), (320.5, 244.5), (320.5, 244.5), (320.5, 244.5), (320.5, 244.5), (320.5, 244.5), (320.5, 244.5), (320.5, 244.5), (320.5, 244.5), (320.5, 244.5), (320.5, 244.5), (333.6, 237.1), (354.1, 237.1), (365.3, 235.2), (365.3, 235.2), (365.3, 235.2), (365.3, 235.2), (365.3, 235.2), (365.3, 235.2), (365.3, 235.2), (365.3, 235.2), (365.3, 235.2), (365.3, 235.2), (365.3, 235.2), (365.3, 235.2), (365.3, 235.2), (365.3, 235.2), (365.3, 235.2), (365.3, 235.2), (365.3, 235.2), (365.3, 235.2), (365.3, 235.2), (365.3, 235.2), (365.3, 235.2), (365.3, 235.2), (365.3, 235.2), (365.3, 235.2), (365.3, 235.2), (365.3, 235.2), (365.3, 235.2), (365.3, 235.2)]",0,0,16.0
experienced,bomberman,8,Enemy,2,0,25.87,0.778,"[(48.0, 112.0), (62.9, 115.7), (66.7, 115.7), (76.0, 115.7), (76.0, 115.7), (76.0, 115.7), (87.2, 115.7), (104.0, 115.7), (115.2, 126.9), (115.2, 141.9), (115.2, 162.4), (118.9, 177.3), (130.1, 179.2), (133.9, 179.2), (143.2, 179.2), (154.4, 179.2), (169.3, 179.2), (180.5, 192.3), (173.1, 207.2), (176.8, 227.7), (186.1, 242.7), (193.6, 244.5), (193.6, 244.5), (197.3, 244.5), (201.1, 244.5), (208.5, 244.5), (225.3, 244.5), (240.3, 244.5), (255.2, 244.5), (255.2, 244.5), (255.2, 244.5), (255.2, 244.5), (258.9, 244.5), (268.3, 244.5), (268.3, 244.5), (268.3, 244.5), (268.3, 244.5), (268.3, 244.5), (268.3, 244.5), (268.3, 244.5), (268.3, 244.5), (268.3, 244.5), (268.3, 244.5), (268.3, 244.5), (268.3, 244.5), (268.3, 244.5), (268.3, 244.5), (268.3, 244.5), (268.3, 244.5), (268.3, 244.5), (268.3, 244.5), (268.3, 244.5), (268.3, 244.5), (270.1, 244.5), (283.2, 244.5), (298.1, 244.5), (313.1, 237.1), (320.5, 237.1), (320.5, 237.1), (320.5, 237.1), (320.5, 237.1), (331.7, 237.1), (352.3, 237.1), (365.3, 235.2), (365.3, 235.2), (365.3, 235.2), (365.3, 235.2), (365.3, 235.2), (365.3, 235.2), (365.3, 235.2), (365.3, 235.2), (365.3, 235.2), (365.3, 235.2), (365.3, 235.2), (365.3, 235.2), (365.3, 235.2), (365.3, 235.2), (365.3, 235.2), (365.3, 235.2), (365.3, 235.2), (365.3, 235.2), (365.3, 222.1), (365.3, 222.1), (365.3, 222.1), (365.3, 222.1), (365.3, 222.1)]",0,0,11.4
experienced,bomberman,8,Bomb,67,0,11.66,0.778,"[(48.0, 112.0), (44.3, 126.9), (44.3, 141.9), (44.3, 156.8), (44.3, 171.7), (44.3, 186.7), (44.3, 201.6), (44.3, 216.5), (44.3, 231.5), (44.3, 246.4), (44.3, 261.3), (44.3, 276.3), (46.1, 291.2), (53.6, 306.1), (61.1, 308.0), (64.8, 308.0), (64.8, 308.0), (64.8, 308.0), (64.8, 308.0), (64.8, 308.0), (64.8, 308.0), (64.8, 308.0), (64.8, 308.0), (64.8, 308.0), (64.8, 308.0), (64.8, 308.0), (64.8, 308.0), (64.8, 308.0), (64.8, 308.0), (64.8, 308.0), (64.8, 308.0), (64.8, 308.0), (64.8, 308.0), (64.8, 308.0), (64.8, 308.0), (64.8, 308.0), (64.8, 308.0), (64.8, 308.0), (64.8, 308.0), (64.8, 308.0), (64.8, 308.0), (76.0, 308.0), (90.9, 308.0), (105.9, 300.5), (120.8, 308.0), (128.3, 308.0), (128.3, 308.0), (128.3, 308.0), (128.3, 308.0), (128.3, 308.0), (128.3, 308.0), (128.3, 308.0), (128.3, 308.0), (128.3, 308.0), (128.3, 308.0), (128.3, 308.0), (128.3, 308.0), (128.3, 308.0), (128.3, 308.0), (128.3, 308.0), (128.3, 308.0), (139.5, 306.1), (160.0, 300.5), (174.9, 300.5), (189.9, 308.0), (193.6, 308.0), (193.6, 308.0), (193.6, 308.0), (193.6, 308.0), (193.6, 308.0), (193.6, 308.0), (193.6, 308.0), (193.6, 308.0), (193.6, 308.0), (193.6, 308.0), (193.6, 308.0), (193.6, 308.0), (193.6, 308.0), (193.6, 308.0), (193.6, 308.0), (193.6, 308.0), (193.6, 308.0), (193.6, 308.0), (193.6, 308.0), (193.6, 308.0), (193.6, 308.0), (193.6, 308.0), (193.6, 308.0), (193.6, 308.0), (193.6, 308.0), (193.6, 308.0), (206.7, 300.5), (229.1, 300.5), (238.4, 304.3), (253.3, 304.3), (257.1, 308.0), (257.1, 308.0), (257.1, 308.0), (257.1, 308.0), (257.1, 308.0), (257.1, 308.0), (257.1, 308.0), (257.1, 308.0), (257.1, 308.0), (257.1, 308.0), (257.1, 308.0), (257.1, 308.0), (257.1, 308.0), (257.1, 308.0), (257.1, 308.0), (257.1, 308.0), (257.1, 308.0), (257.1, 308.0), (257.1, 308.0), (257.1, 308.0), (257.1, 308.0), (257.1, 308.0), (257.1, 308.0), (257.1, 308.0), (257.1, 308.0), (257.1, 308.0), (270.1, 300.5), (290.7, 300.5), (300.0, 304.3), (300.0, 308.0), (300.0, 308.0), (300.0, 308.0), (300.0, 308.0), (300.0, 308.0), (300.0, 308.0), (300.0, 308.0), (300.0, 308.0), (300.0, 308.0), (300.0, 308.0), (300.0, 308.0), (300.0, 308.0), (300.0, 308.0), (300.0, 308.0), (300.0, 308.0), (300.0, 308.0), (300.0, 308.0), (300.0, 302.4), (300.0, 287.5), (300.0, 287.5), (300.0, 287.5), (300.0, 287.5), (300.0, 287.5), (300.0, 287.5), (300.0, 287.5), (300.0, 287.5), (300.0, 287.5)]",0,0,20.02
experienced,bomberman,8,Bomb,22,0,18.2,0.556,"[(48.0, 112.0), (62.9, 115.7), (62.9, 115.7), (62.9, 115.7), (62.9, 115.7), (62.9, 115.7), (62.9, 115.7), (62.9, 115.7), (62.9, 115.7), (62.9, 115.7), (62.9, 115.7), (62.9, 115.7), (66.7, 115.7), (74.1, 115.7), (76.0, 115.7), (76.0, 115.7), (79.7, 115.7), (98.4, 115.7), (113.3, 121.3), (115.2, 128.8), (115.2, 128.8), (115.2, 128.8), (115.2, 128.8), (115.2, 128.8), (115.2, 128.8), (115.2, 128.8), (115.2, 128.8), (115.2, 128.8), (115.2, 128.8), (115.2, 128.8), (115.2, 128.8), (115.2, 126.9), (115.2, 126.9), (115.2, 126.9), (115.2, 126.9), (115.2, 125.1), (115.2, 128.8), (115.2, 126.9), (115.2, 125.1), (115.2, 128.8), (115.2, 126.9), (115.2, 125.1), (115.2, 128.8), (115.2, 126.9), (117.1, 115.7), (132.0, 115.7), (146.9, 115.7), (169.3, 115.7), (180.5, 128.8), (180.5, 126.9), (180.5, 125.1), (180.5, 128.8), (180.5, 126.9), (180.5, 125.1), (180.5, 128.8), (180.5, 126.9), (180.5, 125.1), (180.5, 128.8), (180.5, 115.7), (195.5, 110.1), (210.4, 113.9), (229.1, 108.3), (244.0, 110.1), (258.9, 110.1), (273.9, 115.7), (294.4, 110.1), (309.3, 108.3), (324.3, 112.0), (339.2, 115.7), (356.0, 112.0), (370.9, 100.8), (365.3, 85.9), (365.3, 76.5), (365.3, 76.5), (365.3, 76.5), (365.3, 76.5), (365.3, 76.5), (365.3, 76.5), (365.3, 76.5), (365.3, 76.5), (365.3, 76.5), (365.3, 76.5), (365.3, 76.5), (365.3, 76.5), (365.3, 76.5), (365.3, 76.5), (365.3, 76.5), (365.3, 76.5), (365.3, 76.5), (365.3, 76.5), (365.3, 76.5), (365.3, 76.5), (365.3, 76.5), (365.3, 76.5), (365.3, 76.5), (365.3, 76.5), (365.3, 76.5), (365.3, 76.5), (365.3, 76.5), (365.3, 76.5), (365.3, 76.5), (365.3, 76.5), (365.3, 76.5), (365.3, 76.5), (365.3, 76.5), (365.3, 76.5), (365.3, 76.5), (365.3, 76.5), (365.3, 76.5), (365.3, 76.5), (365.3, 76.5), (365.3, 76.5), (365.3, 76.5), (365.3, 76.5), (365.3, 76.5), (365.3, 76.5), (365.3, 76.5), (365.3, 76.5), (365.3, 76.5), (365.3, 76.5), (365.3, 76.5)]",0,0,16.0
experienced,bomberman,8,Bomb,70,0,27.07,0.611,"[(48.0, 112.0), (62.9, 115.7), (77.9, 115.7), (92.8, 115.7), (107.7, 115.7), (122.7, 115.7), (137.6, 115.7), (152.5, 115.7), (167.5, 115.7), (182.4, 115.7), (197.3, 115.7), (212.3, 115.7), (227.2, 115.7), (242.1, 123.2), (244.0, 126.9), (244.0, 126.9), (244.0, 126.9), (244.0, 126.9), (244.0, 126.9), (244.0, 126.9), (244.0, 126.9), (244.0, 126.9), (244.0, 126.9), (244.0, 126.9), (244.0, 126.9), (244.0, 126.9), (244.0, 126.9), (244.0, 126.9), (244.0, 126.9), (244.0, 126.9), (244.0, 126.9), (247.7, 112.0), (262.7, 108.3), (277.6, 108.3), (292.5, 108.3), (307.5, 108.3), (322.4, 108.3), (337.3, 108.3), (352.3, 108.3), (367.2, 119.5), (372.8, 128.8), (372.8, 128.8), (372.8, 128.8), (372.8, 128.8), (372.8, 128.8), (372.8, 128.8), (372.8, 128.8), (372.8, 128.8), (372.8, 128.8), (372.8, 126.9), (372.8, 126.9), (372.8, 126.9), (372.8, 126.9), (372.8, 126.9), (372.8, 126.9), (372.8, 126.9), (372.8, 126.9), (372.8, 126.9), (372.8, 126.9), (372.8, 126.9), (372.8, 126.9), (372.8, 126.9), (372.8, 126.9), (372.8, 126.9), (372.8, 126.9), (372.8, 126.9), (372.8, 126.9), (372.8, 126.9), (372.8, 126.9), (372.8, 126.9), (372.8, 126.9), (372.8, 126.9), (372.8, 126.9), (372.8, 126.9), (372.8, 126.9), (372.8, 126.9), (372.8, 126.9), (372.8, 126.9), (372.8, 126.9), (372.8, 126.9), (372.8, 126.9), (372.8, 126.9), (372.8, 126.9), (372.8, 126.9), (372.8, 126.9), (372.8, 126.9), (372.8, 126.9), (372.8, 126.9), (372.8, 126.9), (372.8, 126.9), (372.8, 126.9)]",0,0,12.0
experienced,bomberman,8,Bomb,7,0,17.85,0.556,"[(48.0, 112.0), (44.3, 126.9), (44.3, 141.9), (44.3, 156.8), (44.3, 171.7), (44.3, 186.7), (44.3, 201.6), (44.3, 216.5), (44.3, 231.5), (44.3, 246.4), (44.3, 261.3), (44.3, 276.3), (44.3, 291.2), (44.3, 306.1), (44.3, 321.1), (44.3, 336.0), (44.3, 339.7), (44.3, 339.7), (44.3, 339.7), (44.3, 339.7), (44.3, 339.7), (44.3, 339.7), (44.3, 339.7), (44.3, 339.7), (44.3, 339.7), (44.3, 339.7), (44.3, 339.7), (48.0, 339.7), (51.7, 319.2), (51.7, 319.2), (51.7, 319.2), (51.7, 319.2), (51.7, 319.2), (51.7, 319.2), (51.7, 319.2), (51.7, 317.3), (51.7, 321.1), (51.7, 319.2), (51.7, 317.3), (51.7, 321.1), (51.7, 319.2), (51.7, 317.3), (57.3, 302.4), (64.8, 308.0), (64.8, 306.1), (62.9, 308.0), (64.8, 308.0), (64.8, 306.1), (62.9, 300.5), (62.9, 300.5), (74.1, 300.5), (76.0, 300.5), (96.5, 300.5), (111.5, 296.8), (115.2, 281.9), (115.2, 266.9), (115.2, 253.9), (115.2, 257.6), (115.2, 255.7), (115.2, 253.9), (115.2, 257.6), (115.2, 257.6), (115.2, 244.5), (128.3, 244.5), (128.3, 244.5), (128.3, 244.5), (128.3, 244.5), (143.2, 244.5), (165.6, 240.8), (180.5, 227.7), (180.5, 212.8), (180.5, 192.3), (184.3, 175.5), (199.2, 179.2), (217.9, 179.2), (236.5, 171.7), (244.0, 156.8), (244.0, 141.9), (244.0, 119.5), (255.2, 108.3), (270.1, 115.7), (290.7, 113.9), (305.6, 108.3), (320.5, 108.3), (335.5, 115.7), (356.0, 112.0), (370.9, 100.8), (365.3, 97.1), (365.3, 95.2), (367.2, 95.2), (365.3, 97.1), (365.3, 97.1), (365.3, 95.2), (367.2, 95.2), (365.3, 97.1), (365.3, 95.2), (367.2, 95.2), (365.3, 97.1), (365.3, 95.2), (367.2, 95.2), (365.3, 98.9), (365.3, 97.1), (365.3, 97.1), (365.3, 97.1), (365.3, 97.1), (365.3, 97.1), (365.3, 97.1), (365.3, 97.1), (365.3, 97.1), (365.3, 97.1), (365.3, 97.1), (365.3, 97.1), (365.3, 97.1), (365.3, 97.1), (365.3, 97.1), (365.3, 97.1), (365.3, 97.1), (365.3, 97.1), (365.3, 97.1), (365.3, 97.1), (365.3, 97.1)]",0,0,16.0
experienced,bomberman,8,Enemy,60,0,19.26,0.556,"[(48.0, 112.0), (44.3, 126.9), (44.3, 141.9), (44.3, 156.8), (44.3, 171.7), (44.3, 186.7), (44.3, 201.6), (44.3, 216.5), (44.3, 231.5), (44.3, 246.4), (44.3, 261.3), (44.3, 276.3), (44.3, 291.2), (44.3, 306.1), (44.3, 321.1), (44.3, 336.0), (44.3, 339.7), (44.3, 339.7), (44.3, 339.7), (44.3, 339.7), (44.3, 339.7), (44.3, 339.7), (44.3, 339.7), (44.3, 339.7), (44.3, 339.7), (44.3, 339.7), (44.3, 339.7), (44.3, 339.7), (44.3, 336.0), (46.1, 321.1), (44.3, 321.1), (44.3, 321.1), (44.3, 321.1), (44.3, 321.1), (44.3, 321.1), (44.3, 321.1), (44.3, 321.1), (44.3, 321.1), (44.3, 321.1), (48.0, 321.1), (51.7, 321.1), (51.7, 319.2), (51.7, 317.3), (51.7, 317.3), (57.3, 308.0), (64.8, 300.5), (64.8, 302.4), (68.5, 300.5), (83.5, 300.5), (104.0, 300.5), (115.2, 289.3), (115.2, 274.4), (115.2, 253.9), (120.8, 238.9), (135.7, 244.5), (154.4, 244.5), (173.1, 235.2), (180.5, 220.3), (180.5, 205.3), (180.5, 182.9), (191.7, 173.6), (204.8, 173.6), (204.8, 179.2), (204.8, 179.2), (204.8, 179.2), (204.8, 179.2), (204.8, 179.2), (204.8, 179.2), (210.4, 179.2), (232.8, 173.6), (244.0, 160.5), (244.0, 145.6), (244.0, 123.2), (251.5, 108.3), (266.4, 108.3), (281.3, 108.3), (296.3, 108.3), (311.2, 108.3), (326.1, 108.3), (342.9, 108.3), (361.6, 108.3), (372.8, 95.2), (365.3, 80.3), (365.3, 76.5), (365.3, 76.5), (365.3, 76.5), (365.3, 76.5), (365.3, 76.5), (365.3, 76.5), (365.3, 76.5), (365.3, 76.5), (365.3, 76.5), (365.3, 76.5), (365.3, 76.5), (365.3, 76.5), (365.3, 76.5), (365.3, 76.5), (365.3, 76.5), (365.3, 76.5), (365.3, 76.5), (365.3, 76.5), (365.3, 78.4), (365.3, 93.3), (367.2, 95.2), (367.2, 95.2), (367.2, 95.2), (367.2, 95.2), (367.2, 95.2), (367.2, 95.2), (367.2, 95.2), (367.2, 95.2), (367.2, 95.2), (367.2, 95.2), (367.2, 95.2)]",0,0,15.12
experienced,bomberman,8,Bomb,103,0,12.13,0.667,"[(48.0, 112.0), (48.0, 126.9), (44.3, 141.9), (44.3, 156.8), (48.0, 171.7), (62.9, 179.2), (62.9, 179.2), (62.9, 179.2), (62.9, 179.2), (62.9, 179.2), (62.9, 179.2), (62.9, 179.2), (62.9, 179.2), (62.9, 179.2), (62.9, 179.2), (62.9, 179.2), (62.9, 179.2), (62.9, 179.2), (62.9, 179.2), (62.9, 179.2), (62.9, 179.2), (62.9, 179.2), (62.9, 179.2), (62.9, 179.2), (62.9, 179.2), (62.9, 179.2), (62.9, 179.2), (62.9, 179.2), (62.9, 179.2), (62.9, 179.2), (62.9, 179.2), (62.9, 179.2), (62.9, 179.2), (66.7, 179.2), (76.0, 179.2), (76.0, 179.2), (76.0, 179.2), (76.0, 179.2), (77.9, 179.2), (94.7, 179.2), (109.6, 181.1), (115.2, 192.3), (115.2, 192.3), (115.2, 192.3), (115.2, 192.3), (115.2, 188.5), (115.2, 192.3), (115.2, 190.4), (115.2, 188.5), (115.2, 192.3), (115.2, 190.4), (115.2, 188.5), (115.2, 192.3), (115.2, 190.4), (115.2, 188.5), (115.2, 192.3), (115.2, 190.4), (115.2, 188.5), (115.2, 192.3), (115.2, 190.4), (115.2, 188.5), (117.1, 177.3), (132.0, 177.3), (146.9, 179.2), (169.3, 179.2), (180.5, 192.3), (180.5, 190.4), (180.5, 188.5), (180.5, 192.3), (180.5, 190.4), (180.5, 188.5), (180.5, 192.3), (180.5, 190.4), (180.5, 188.5), (180.5, 192.3), (180.5, 190.4), (180.5, 188.5), (180.5, 192.3), (180.5, 190.4), (180.5, 188.5), (180.5, 192.3), (180.5, 190.4), (180.5, 188.5), (180.5, 192.3), (180.5, 190.4), (180.5, 188.5), (180.5, 192.3), (180.5, 190.4), (180.5, 188.5), (180.5, 192.3), (180.5, 190.4), (184.3, 175.5), (199.2, 179.2), (217.9, 179.2), (236.5, 181.1), (244.0, 190.4), (244.0, 188.5), (244.0, 192.3), (244.0, 190.4), (244.0, 188.5), (244.0, 192.3), (244.0, 190.4), (244.0, 188.5), (244.0, 192.3), (244.0, 190.4), (244.0, 188.5), (244.0, 192.3), (244.0, 190.4), (244.0, 188.5), (244.0, 192.3), (244.0, 192.3), (244.0, 192.3), (244.0, 192.3), (244.0, 192.3), (244.0, 192.3), (244.0, 192.3), (244.0, 192.3), (244.0, 192.3), (244.0, 192.3), (244.0, 192.3), (244.0, 192.3), (244.0, 182.9), (255.2, 179.2), (270.1, 179.2), (290.7, 179.2), (305.6, 182.9), (318.7, 173.6), (322.4, 179.2), (322.4, 179.2), (322.4, 179.2), (326.1, 179.2), (326.1, 179.2), (326.1, 179.2), (329.9, 179.2), (329.9, 179.2), (329.9, 179.2), (329.9, 179.2), (329.9, 179.2), (329.9, 179.2), (333.6, 179.2), (333.6, 179.2), (333.6, 179.2), (333.6, 179.2), (333.6, 179.2), (333.6, 179.2), (333.6, 179.2), (333.6, 179.2), (333.6, 179.2), (335.5, 179.2), (356.0, 175.5), (370.9, 166.1), (365.3, 158.7), (367.2, 158.7), (365.3, 160.5), (365.3, 158.7), (367.2, 158.7), (365.3, 160.5), (365.3, 158.7), (367.2, 160.5), (367.2, 158.7), (367.2, 158.7), (367.2, 158.7), (367.2, 158.7), (367.2, 158.7), (367.2, 158.7), (367.2, 158.7), (367.2, 158.7), (367.2, 158.7), (367.2, 158.7), (367.2, 158.7), (367.2, 158.7), (367.2, 158.7), (367.2, 158.7), (370.9, 158.7), (370.9, 158.7), (370.9, 158.7), (370.9, 158.7), (370.9, 158.7), (370.9, 158.7), (370.9, 158.7), (370.9, 158.7)]",0,0,24.0
experienced,bomberman,8,Bomb,12,0,-0.47,0.333,"[(48.0, 112.0), (48.0, 126.9), (44.3, 141.9), (44.3, 156.8), (44.3, 171.7), (44.3, 186.7), (44.3, 201.6), (44.3, 216.5), (44.3, 231.5), (44.3, 246.4), (44.3, 261.3), (44.3, 276.3), (44.3, 291.2), (44.3, 306.1), (44.3, 321.1), (44.3, 336.0), (44.3, 339.7), (44.3, 339.7), (44.3, 339.7), (44.3, 339.7), (44.3, 339.7), (44.3, 339.7), (44.3, 339.7), (44.3, 339.7), (44.3, 339.7), (44.3, 339.7), (44.3, 339.7), (44.3, 332.3), (44.3, 321.1), (44.3, 321.1), (44.3, 321.1), (44.3, 321.1), (44.3, 321.1), (44.3, 321.1), (44.3, 321.1), (44.3, 321.1), (44.3, 321.1), (51.7, 321.1), (51.7, 319.2), (51.7, 317.3), (51.7, 321.1), (51.7, 319.2), (51.7, 317.3), (51.7, 321.1), (51.7, 319.2), (51.7, 309.9), (51.7, 308.0), (51.7, 308.0), (51.7, 300.5), (51.7, 285.6), (51.7, 270.7), (51.7, 250.1), (51.7, 235.2), (51.7, 220.3), (44.3, 227.7), (44.3, 242.7), (44.3, 257.6), (44.3, 272.5), (44.3, 287.5), (44.3, 302.4), (44.3, 308.0)]",0,0,8.0
experienced,bomberman,8,Enemy,1,0,27.68,0.5,"[(48.0, 112.0), (44.3, 126.9), (44.3, 141.9), (44.3, 156.8), (44.3, 171.7), (44.3, 186.7), (44.3, 201.6), (44.3, 216.5), (51.7, 231.5), (61.1, 244.5), (64.8, 244.5), (64.8, 244.5), (64.8, 244.5), (64.8, 244.5), (64.8, 244.5), (74.1, 244.5), (79.7, 244.5), (98.4, 244.5), (113.3, 250.1), (115.2, 265.1), (115.2, 283.7), (117.1, 302.4)]",0,0,2.9
experienced,bomberman,8,Bomb,3,0,17.85,0.778,"[(48.0, 112.0), (51.7, 126.9), (44.3, 141.9), (44.3, 156.8), (48.0, 171.7), (62.9, 179.2), (62.9, 179.2), (62.9, 179.2), (62.9, 179.2), (62.9, 179.2), (62.9, 179.2), (62.9, 179.2), (62.9, 179.2), (62.9, 179.2), (62.9, 179.2), (62.9, 179.2), (62.9, 179.2), (62.9, 179.2), (62.9, 179.2), (62.9, 179.2), (62.9, 179.2), (62.9, 179.2), (62.9, 179.2), (62.9, 179.2), (70.4, 179.2), (77.9, 179.2), (98.4, 179.2), (113.3, 184.8), (115.2, 199.7), (115.2, 216.5), (115.2, 235.2), (128.3, 244.5), (141.3, 244.5), (141.3, 244.5), (141.3, 244.5), (141.3, 244.5), (141.3, 244.5), (141.3, 244.5), (141.3, 244.5), (141.3, 244.5), (158.1, 244.5), (174.9, 248.3), (174.9, 257.6), (173.1, 255.7), (180.5, 257.6), (180.5, 257.6), (180.5, 257.6), (180.5, 257.6), (180.5, 257.6), (180.5, 257.6), (180.5, 257.6), (180.5, 257.6), (180.5, 257.6), (180.5, 257.6), (180.5, 248.3), (191.7, 237.1), (193.6, 244.5), (193.6, 242.7), (191.7, 244.5), (193.6, 244.5), (193.6, 242.7), (206.7, 244.5), (229.1, 240.8), (244.0, 242.7), (255.2, 244.5), (255.2, 244.5), (258.9, 244.5), (268.3, 244.5), (285.1, 244.5), (301.9, 244.5), (316.8, 244.5), (320.5, 244.5), (320.5, 244.5), (320.5, 244.5), (320.5, 244.5), (320.5, 244.5), (320.5, 244.5), (320.5, 244.5), (320.5, 244.5), (320.5, 244.5), (320.5, 244.5), (320.5, 244.5), (320.5, 244.5), (320.5, 244.5), (320.5, 244.5), (320.5, 244.5), (320.5, 244.5), (320.5, 244.5), (320.5, 244.5), (320.5, 244.5), (320.5, 244.5), (333.6, 237.1), (354.1, 237.1), (365.3, 235.2), (365.3, 235.2), (365.3, 235.2), (365.3, 235.2), (365.3, 235.2), (365.3, 235.2), (365.3, 235.2), (365.3, 235.2), (365.3, 235.2), (365.3, 235.2), (365.3, 235.2), (365.3, 235.2), (365.3, 235.2), (365.3, 235.2), (365.3, 235.2), (365.3, 235.2), (365.3, 235.2), (365.3, 235.2), (365.3, 235.2), (365.3, 235.2), (365.3, 235.2), (365.3, 235.2), (365.3, 235.2), (365.3, 235.2), (365.3, 235.2), (365.3, 235.2), (365.3, 235.2), (365.3, 235.2)]",0,0,16.0
experienced,bomberman,8,Bomb,67,0,11.66,0.778,"[(48.0, 112.0), (44.3, 126.9), (44.3, 141.9), (44.3, 156.8), (44.3, 171.7), (44.3, 186.7), (44.3, 201.6), (44.3, 216.5), (44.3, 231.5), (44.3, 246.4), (44.3, 261.3), (44.3, 276.3), (46.1, 291.2), (53.6, 306.1), (61.1, 308.0), (64.8, 308.0), (64.8, 308.0), (64.8, 308.0), (64.8, 308.0), (64.8, 308.0), (64.8, 308.0), (64.8, 308.0), (64.8, 308.0), (64.8, 308.0), (64.8, 308.0), (64.8, 308.0), (64.8, 308.0), (64.8, 308.0), (64.8, 308.0), (64.8, 308.0), (64.8, 308.0), (64.8, 308.0), (64.8, 308.0), (64.8, 308.0), (64.8, 308.0), (64.8, 308.0), (64.8, 308.0), (64.8, 308.0), (64.8, 308.0), (64.8, 308.0), (64.8, 308.0), (76.0, 308.0), (90.9, 308.0), (105.9, 300.5), (120.8, 308.0), (128.3, 308.0), (128.3, 308.0), (128.3, 308.0), (128.3, 308.0), (128.3, 308.0), (128.3, 308.0), (128.3, 308.0), (128.3, 308.0), (128.3, 308.0), (128.3, 308.0), (128.3, 308.0), (128.3, 308.0), (128.3, 308.0), (128.3, 308.0), (128.3, 308.0), (128.3, 308.0), (139.5, 306.1), (160.0, 300.5), (174.9, 300.5), (189.9, 308.0), (193.6, 308.0), (193.6, 308.0), (193.6, 308.0), (193.6, 308.0), (193.6, 308.0), (193.6, 308.0), (193.6, 308.0), (193.6, 308.0), (193.6, 308.0), (193.6, 308.0), (193.6, 308.0), (193.6, 308.0), (193.6, 308.0), (193.6, 308.0), (193.6, 308.0), (193.6, 308.0), (193.6, 308.0), (193.6, 308.0), (193.6, 308.0), (193.6, 308.0), (193.6, 308.0), (193.6, 308.0), (193.6, 308.0), (193.6, 308.0), (193.6, 308.0), (193.6, 308.0), (206.7, 300.5), (229.1, 300.5), (238.4, 304.3), (253.3, 304.3), (257.1, 308.0), (257.1, 308.0), (257.1, 308.0), (257.1, 308.0), (257.1, 308.0), (257.1, 308.0), (257.1, 308.0), (257.1, 308.0), (257.1, 308.0), (257.1, 308.0), (257.1, 308.0), (257.1, 308.0), (257.1, 308.0), (257.1, 308.0), (257.1, 308.0), (257.1, 308.0), (257.1, 308.0), (257.1, 308.0), (257.1, 308.0), (257.1, 308.0), (257.1, 308.0), (257.1, 308.0), (257.1, 308.0), (257.1, 308.0), (257.1, 308.0), (257.1, 308.0), (270.1, 300.5), (290.7, 300.5), (300.0, 304.3), (300.0, 308.0), (300.0, 308.0), (300.0, 308.0), (300.0, 308.0), (300.0, 308.0), (300.0, 308.0), (300.0, 308.0), (300.0, 308.0), (300.0, 308.0), (300.0, 308.0), (300.0, 308.0), (300.0, 308.0), (300.0, 308.0), (300.0, 308.0), (300.0, 308.0), (300.0, 308.0), (300.0, 308.0), (300.0, 302.4), (300.0, 287.5), (300.0, 287.5), (300.0, 287.5), (300.0, 287.5), (300.0, 287.5), (300.0, 287.5), (300.0, 287.5), (300.0, 287.5), (300.0, 287.5)]",0,0,20.02
experienced,bomberman,8,Enemy,2,0,25.87,0.778,"[(48.0, 112.0), (62.9, 115.7), (66.7, 115.7), (76.0, 115.7), (76.0, 115.7), (76.0, 115.7), (87.2, 115.7), (104.0, 115.7), (115.2, 126.9), (115.2, 141.9), (115.2, 162.4), (118.9, 177.3), (130.1, 179.2), (133.9, 179.2), (143.2, 179.2), (154.4, 179.2), (169.3, 179.2), (180.5, 192.3), (173.1, 207.2), (176.8, 227.7), (186.1, 242.7), (193.6, 244.5), (193.6, 244.5), (197.3, 244.5), (201.1, 244.5), (208.5, 244.5), (225.3, 244.5), (240.3, 244.5), (255.2, 244.5), (255.2, 244.5), (255.2, 244.5), (255.2, 244.5), (258.9, 244.5), (268.3, 244.5), (268.3, 244.5), (268.3, 244.5), (268.3, 244.5), (268.3, 244.5), (268.3, 244.5), (268.3, 244.5), (268.3, 244.5), (268.3, 244.5), (268.3, 244.5), (268.3, 244.5), (268.3, 244.5), (268.3, 244.5), (268.3, 244.5), (268.3, 244.5), (268.3, 244.5), (268.3, 244.5), (268.3, 244.5), (268.3, 244.5), (268.3, 244.5), (270.1, 244.5), (283.2, 244.5), (298.1, 244.5), (313.1, 237.1), (320.5, 237.1), (320.5, 237.1), (320.5, 237.1), (320.5, 237.1), (331.7, 237.1), (352.3, 237.1), (365.3, 235.2), (365.3, 235.2), (365.3, 235.2), (365.3, 235.2), (365.3, 235.2), (365.3, 235.2), (365.3, 235.2), (365.3, 235.2), (365.3, 235.2), (365.3, 235.2), (365.3, 235.2), (365.3, 235.2), (365.3, 235.2), (365.3, 235.2), (365.3, 235.2), (365.3, 235.2), (365.3, 235.2), (365.3, 235.2), (365.3, 222.1), (365.3, 222.1), (365.3, 222.1), (365.3, 222.1), (365.3, 222.1)]",0,0,11.4
experienced,bomberman,8,Bomb,22,0,18.2,0.556,"[(48.0, 112.0), (62.9, 115.7), (62.9, 115.7), (62.9, 115.7), (62.9, 115.7), (62.9, 115.7), (62.9, 115.7), (62.9, 115.7), (62.9, 115.7), (62.9, 115.7), (62.9, 115.7), (62.9, 115.7), (66.7, 115.7), (74.1, 115.7), (76.0, 115.7), (76.0, 115.7), (79.7, 115.7), (98.4, 115.7), (113.3, 121.3), (115.2, 128.8), (115.2, 128.8), (115.2, 128.8), (115.2, 128.8), (115.2, 128.8), (115.2, 128.8), (115.2, 128.8), (115.2, 128.8), (115.2, 128.8), (115.2, 128.8), (115.2, 128.8), (115.2, 128.8), (115.2, 126.9), (115.2, 126.9), (115.2, 126.9), (115.2, 126.9), (115.2, 125.1), (115.2, 128.8), (115.2, 126.9), (115.2, 125.1), (115.2, 128.8), (115.2, 126.9), (115.2, 125.1), (115.2, 128.8), (115.2, 126.9), (117.1, 115.7), (132.0, 115.7), (146.9, 115.7), (169.3, 115.7), (180.5, 128.8), (180.5, 126.9), (180.5, 125.1), (180.5, 128.8), (180.5, 126.9), (180.5, 125.1), (180.5, 128.8), (180.5, 126.9), (180.5, 125.1), (180.5, 128.8), (180.5, 115.7), (195.5, 110.1), (210.4, 113.9), (229.1, 108.3), (244.0, 110.1), (258.9, 110.1), (273.9, 115.7), (294.4, 110.1), (309.3, 108.3), (324.3, 112.0), (339.2, 115.7), (356.0, 112.0), (370.9, 100.8), (365.3, 85.9), (365.3, 76.5), (365.3, 76.5), (365.3, 76.5), (365.3, 76.5), (365.3, 76.5), (365.3, 76.5), (365.3, 76.5), (365.3, 76.5), (365.3, 76.5), (365.3, 76.5), (365.3, 76.5), (365.3, 76.5), (365.3, 76.5), (365.3, 76.5), (365.3, 76.5), (365.3, 76.5), (365.3, 76.5), (365.3, 76.5), (365.3, 76.5), (365.3, 76.5), (365.3, 76.5), (365.3, 76.5), (365.3, 76.5), (365.3, 76.5), (365.3, 76.5), (365.3, 76.5), (365.3, 76.5), (365.3, 76.5), (365.3, 76.5), (365.3, 76.5), (365.3, 76.5), (365.3, 76.5), (365.3, 76.5), (365.3, 76.5), (365.3, 76.5), (365.3, 76.5), (365.3, 76.5), (365.3, 76.5), (365.3, 76.5), (365.3, 76.5), (365.3, 76.5), (365.3, 76.5), (365.3, 76.5), (365.3, 76.5), (365.3, 76.5), (365.3, 76.5), (365.3, 76.5), (365.3, 76.5), (365.3, 76.5)]",0,0,16.0
experienced,bomberman,8,Bomb,70,0,27.07,0.611,"[(48.0, 112.0), (62.9, 115.7), (77.9, 115.7), (92.8, 115.7), (107.7, 115.7), (122.7, 115.7), (137.6, 115.7), (152.5, 115.7), (167.5, 115.7), (182.4, 115.7), (197.3, 115.7), (212.3, 115.7), (227.2, 115.7), (242.1, 123.2), (244.0, 126.9), (244.0, 126.9), (244.0, 126.9), (244.0, 126.9), (244.0, 126.9), (244.0, 126.9), (244.0, 126.9), (244.0, 126.9), (244.0, 126.9), (244.0, 126.9), (244.0, 126.9), (244.0, 126.9), (244.0, 126.9), (244.0, 126.9), (244.0, 126.9), (244.0, 126.9), (244.0, 126.9), (247.7, 112.0), (262.7, 108.3), (277.6, 108.3), (292.5, 108.3), (307.5, 108.3), (322.4, 108.3), (337.3, 108.3), (352.3, 108.3), (367.2, 119.5), (372.8, 128.8), (372.8, 128.8), (372.8, 128.8), (372.8, 128.8), (372.8, 128.8), (372.8, 128.8), (372.8, 128.8), (372.8, 128.8), (372.8, 128.8), (372.8, 126.9), (372.8, 126.9), (372.8, 126.9), (372.8, 126.9), (372.8, 126.9), (372.8, 126.9), (372.8, 126.9), (372.8, 126.9), (372.8, 126.9), (372.8, 126.9), (372.8, 126.9), (372.8, 126.9), (372.8, 126.9), (372.8, 126.9), (372.8, 126.9), (372.8, 126.9), (372.8, 126.9), (372.8, 126.9), (372.8, 126.9), (372.8, 126.9), (372.8, 126.9), (372.8, 126.9), (372.8, 126.9), (372.8, 126.9), (372.8, 126.9), (372.8, 126.9), (372.8, 126.9), (372.8, 126.9), (372.8, 126.9), (372.8, 126.9), (372.8, 126.9), (372.8, 126.9), (372.8, 126.9), (372.8, 126.9), (372.8, 126.9), (372.8, 126.9), (372.8, 126.9), (372.8, 126.9), (372.8, 126.9), (372.8, 126.9), (372.8, 126.9), (372.8, 126.9)]",0,0,12.0
experienced,bomberman,8,Bomb,103,0,12.13,0.667,"[(48.0, 112.0), (48.0, 126.9), (44.3, 141.9), (44.3, 156.8), (48.0, 171.7), (62.9, 179.2), (62.9, 179.2), (62.9, 179.2), (62.9, 179.2), (62.9, 179.2), (62.9, 179.2), (62.9, 179.2), (62.9, 179.2), (62.9, 179.2), (62.9, 179.2), (62.9, 179.2), (62.9, 179.2), (62.9, 179.2), (62.9, 179.2), (62.9, 179.2), (62.9, 179.2), (62.9, 179.2), (62.9, 179.2), (62.9, 179.2), (62.9, 179.2), (62.9, 179.2), (62.9, 179.2), (62.9, 179.2), (62.9, 179.2), (62.9, 179.2), (62.9, 179.2), (62.9, 179.2), (62.9, 179.2), (66.7, 179.2), (76.0, 179.2), (76.0, 179.2), (76.0, 179.2), (76.0, 179.2), (77.9, 179.2), (94.7, 179.2), (109.6, 181.1), (115.2, 192.3), (115.2, 192.3), (115.2, 192.3), (115.2, 192.3), (115.2, 188.5), (115.2, 192.3), (115.2, 190.4), (115.2, 188.5), (115.2, 192.3), (115.2, 190.4), (115.2, 188.5), (115.2, 192.3), (115.2, 190.4), (115.2, 188.5), (115.2, 192.3), (115.2, 190.4), (115.2, 188.5), (115.2, 192.3), (115.2, 190.4), (115.2, 188.5), (117.1, 177.3), (132.0, 177.3), (146.9, 179.2), (169.3, 179.2), (180.5, 192.3), (180.5, 190.4), (180.5, 188.5), (180.5, 192.3), (180.5, 190.4), (180.5, 188.5), (180.5, 192.3), (180.5, 190.4), (180.5, 188.5), (180.5, 192.3), (180.5, 190.4), (180.5, 188.5), (180.5, 192.3), (180.5, 190.4), (180.5, 188.5), (180.5, 192.3), (180.5, 190.4), (180.5, 188.5), (180.5, 192.3), (180.5, 190.4), (180.5, 188.5), (180.5, 192.3), (180.5, 190.4), (180.5, 188.5), (180.5, 192.3), (180.5, 190.4), (184.3, 175.5), (199.2, 179.2), (217.9, 179.2), (236.5, 181.1), (244.0, 190.4), (244.0, 188.5), (244.0, 192.3), (244.0, 190.4), (244.0, 188.5), (244.0, 192.3), (244.0, 190.4), (244.0, 188.5), (244.0, 192.3), (244.0, 190.4), (244.0, 188.5), (244.0, 192.3), (244.0, 190.4), (244.0, 188.5), (244.0, 192.3), (244.0, 192.3), (244.0, 192.3), (244.0, 192.3), (244.0, 192.3), (244.0, 192.3), (244.0, 192.3), (244.0, 192.3), (244.0, 192.3), (244.0, 192.3), (244.0, 192.3), (244.0, 192.3), (244.0, 182.9), (255.2, 179.2), (270.1, 179.2), (290.7, 179.2), (305.6, 182.9), (318.7, 173.6), (322.4, 179.2), (322.4, 179.2), (322.4, 179.2), (326.1, 179.2), (326.1, 179.2), (326.1, 179.2), (329.9, 179.2), (329.9, 179.2), (329.9, 179.2), (329.9, 179.2), (329.9, 179.2), (329.9, 179.2), (333.6, 179.2), (333.6, 179.2), (333.6, 179.2), (333.6, 179.2), (333.6, 179.2), (333.6, 179.2), (333.6, 179.2), (333.6, 179.2), (333.6, 179.2), (335.5, 179.2), (356.0, 175.5), (370.9, 166.1), (365.3, 158.7), (367.2, 158.7), (365.3, 160.5), (365.3, 158.7), (367.2, 158.7), (365.3, 160.5), (365.3, 158.7), (367.2, 160.5), (367.2, 158.7), (367.2, 158.7), (367.2, 158.7), (367.2, 158.7), (367.2, 158.7), (367.2, 158.7), (367.2, 158.7), (367.2, 158.7), (367.2, 158.7), (367.2, 158.7), (367.2, 158.7), (367.2, 158.7), (367.2, 158.7), (367.2, 158.7), (370.9, 158.7), (370.9, 158.7), (370.9, 158.7), (370.9, 158.7), (370.9, 158.7), (370.9, 158.7), (370.9, 158.7), (370.9, 158.7)]",0,0,24.0
experienced,bomberman,8,Enemy,3,0,33.11,0.667,"[(48.0, 112.0), (62.9, 115.7), (77.9, 115.7), (98.4, 115.7), (113.3, 121.3), (115.2, 136.3), (115.2, 153.1), (115.2, 171.7), (128.3, 179.2), (143.2, 179.2), (165.6, 179.2), (180.5, 188.5), (180.5, 203.5), (180.5, 218.4), (180.5, 233.3), (191.7, 244.5), (206.7, 244.5), (229.1, 244.5), (244.0, 253.9), (244.0, 268.8), (244.0, 283.7), (244.0, 298.7), (244.0, 308.0), (244.0, 308.0), (244.0, 308.0), (244.0, 308.0), (244.0, 308.0), (244.0, 308.0), (244.0, 308.0), (244.0, 308.0), (244.0, 308.0), (244.0, 308.0), (244.0, 308.0), (244.0, 308.0), (244.0, 308.0), (244.0, 308.0), (244.0, 308.0), (244.0, 308.0), (244.0, 308.0), (244.0, 308.0)]",0,0,5.3
experienced,bomberman,8,Bomb,50,0,23.28,0.667,"[(48.0, 112.0), (62.9, 115.7), (70.4, 115.7), (76.0, 115.7), (76.0, 115.7), (79.7, 115.7), (96.5, 115.7), (111.5, 119.5), (115.2, 134.4), (115.2, 149.3), (115.2, 169.9), (126.4, 179.2), (141.3, 179.2), (160.0, 179.2), (174.9, 182.9), (174.9, 197.9), (173.1, 212.8), (180.5, 233.3), (191.7, 244.5), (195.5, 244.5), (204.8, 244.5), (214.1, 244.5), (229.1, 244.5), (244.0, 253.9), (236.5, 268.8), (236.5, 291.2), (244.0, 291.2), (244.0, 291.2), (244.0, 291.2), (244.0, 291.2), (244.0, 291.2), (244.0, 293.1), (244.0, 293.1), (244.0, 293.1), (244.0, 293.1), (242.1, 289.3), (242.1, 289.3), (242.1, 289.3), (242.1, 289.3), (242.1, 289.3), (242.1, 289.3), (242.1, 289.3), (242.1, 289.3), (242.1, 289.3), (242.1, 289.3), (242.1, 289.3), (242.1, 289.3), (242.1, 289.3), (242.1, 289.3), (242.1, 289.3), (242.1, 289.3), (242.1, 289.3), (242.1, 289.3), (242.1, 289.3), (242.1, 289.3), (242.1, 289.3), (242.1, 289.3), (242.1, 289.3), (244.0, 274.4), (244.0, 257.6), (244.0, 255.7)]",0,0,8.02
experienced,bomberman,8,Bomb,25,0,16.8,0.611,"[(48.0, 112.0), (51.7, 126.9), (44.3, 141.9), (44.3, 156.8), (51.7, 171.7), (64.8, 179.2), (64.8, 179.2), (64.8, 179.2), (64.8, 179.2), (64.8, 179.2), (64.8, 179.2), (64.8, 179.2), (64.8, 179.2), (64.8, 179.2), (64.8, 179.2), (64.8, 179.2), (64.8, 179.2), (64.8, 179.2), (64.8, 179.2), (64.8, 179.2), (68.5, 179.2), (77.9, 179.2), (89.1, 179.2), (105.9, 179.2), (115.2, 192.3), (115.2, 207.2), (115.2, 227.7), (120.8, 242.7), (128.3, 244.5), (128.3, 244.5), (132.0, 244.5), (143.2, 244.5), (165.6, 244.5), (173.1, 253.9), (173.1, 263.2), (173.1, 263.2), (173.1, 263.2), (173.1, 263.2), (173.1, 263.2), (178.7, 263.2), (180.5, 255.7), (180.5, 257.6), (180.5, 257.6), (180.5, 257.6), (180.5, 257.6), (180.5, 255.7), (180.5, 253.9), (180.5, 253.9), (180.5, 253.9), (180.5, 253.9), (180.5, 253.9), (180.5, 253.9), (180.5, 253.9), (180.5, 253.9), (180.5, 253.9), (180.5, 253.9), (180.5, 253.9), (180.5, 252.0), (188.0, 237.1), (202.9, 244.5), (225.3, 244.5), (240.3, 244.5), (255.2, 237.1), (268.3, 238.9), (268.3, 244.5), (268.3, 244.5), (268.3, 244.5), (268.3, 244.5), (268.3, 244.5), (268.3, 244.5), (268.3, 244.5), (268.3, 244.5), (268.3, 244.5), (268.3, 244.5), (268.3, 237.1), (268.3, 237.1), (268.3, 237.1), (268.3, 237.1), (268.3, 237.1), (268.3, 237.1), (268.3, 237.1), (268.3, 237.1), (268.3, 237.1), (268.3, 237.1), (268.3, 237.1), (268.3, 237.1), (268.3, 237.1), (268.3, 237.1), (268.3, 237.1), (268.3, 237.1), (268.3, 237.1)]",0,0,12.0
experienced,bomberman,8,Enemy,1,0,31.38,0.5,"[(48.0, 112.0), (51.7, 126.9), (51.7, 141.9), (51.7, 162.4), (55.5, 177.3), (62.9, 179.2), (62.9, 179.2), (62.9, 179.2), (62.9, 179.2), (62.9, 179.2), (62.9, 179.2), (62.9, 179.2), (62.9, 179.2), (62.9, 179.2), (62.9, 179.2), (62.9, 179.2), (66.7, 179.2), (70.4, 179.2), (83.5, 179.2), (104.0, 179.2), (115.2, 190.4), (115.2, 205.3), (115.2, 225.9), (118.9, 240.8), (133.9, 244.5), (145.1, 244.5), (165.6, 244.5), (180.5, 253.9), (173.1, 268.8), (180.5, 287.5)]",0,0,3.87
experienced,bomberman,8,Bomb,3,0,17.85,0.778,"[(48.0, 112.0), (51.7, 126.9), (44.3, 141.9), (44.3, 156.8), (48.0, 171.7), (62.9, 179.2), (62.9, 179.2), (62.9, 179.2), (62.9, 179.2), (62.9, 179.2), (62.9, 179.2), (62.9, 179.2), (62.9, 179.2), (62.9, 179.2), (62.9, 179.2), (62.9, 179.2), (62.9, 179.2), (62.9, 179.2), (62.9, 179.2), (62.9, 179.2), (62.9, 179.2), (62.9, 179.2), (62.9, 179.2), (62.9, 179.2), (70.4, 179.2), (77.9, 179.2), (98.4, 179.2), (113.3, 184.8), (115.2, 199.7), (115.2, 216.5), (115.2, 235.2), (128.3, 244.5), (141.3, 244.5), (141.3, 244.5), (141.3, 244.5), (141.3, 244.5), (141.3, 244.5), (141.3, 244.5), (141.3, 244.5), (141.3, 244.5), (158.1, 244.5), (174.9, 248.3), (174.9, 257.6), (173.1, 255.7), (180.5, 257.6), (180.5, 257.6), (180.5, 257.6), (180.5, 257.6), (180.5, 257.6), (180.5, 257.6), (180.5, 257.6), (180.5, 257.6), (180.5, 257.6), (180.5, 257.6), (180.5, 248.3), (191.7, 237.1), (193.6, 244.5), (193.6, 242.7), (191.7, 244.5), (193.6, 244.5), (193.6, 242.7), (206.7, 244.5), (229.1, 240.8), (244.0, 242.7), (255.2, 244.5), (255.2, 244.5), (258.9, 244.5), (268.3, 244.5), (285.1, 244.5), (301.9, 244.5), (316.8, 244.5), (320.5, 244.5), (320.5, 244.5), (320.5, 244.5), (320.5, 244.5), (320.5, 244.5), (320.5, 244.5), (320.5, 244.5), (320.5, 244.5), (320.5, 244.5), (320.5, 244.5), (320.5, 244.5), (320.5, 244.5), (320.5, 244.5), (320.5, 244.5), (320.5, 244.5), (320.5, 244.5), (320.5, 244.5), (320.5, 244.5), (320.5, 244.5), (320.5, 244.5), (333.6, 237.1), (354.1, 237.1), (365.3, 235.2), (365.3, 235.2), (365.3, 235.2), (365.3, 235.2), (365.3, 235.2), (365.3, 235.2), (365.3, 235.2), (365.3, 235.2), (365.3, 235.2), (365.3, 235.2), (365.3, 235.2), (365.3, 235.2), (365.3, 235.2), (365.3, 235.2), (365.3, 235.2), (365.3, 235.2), (365.3, 235.2), (365.3, 235.2), (365.3, 235.2), (365.3, 235.2), (365.3, 235.2), (365.3, 235.2), (365.3, 235.2), (365.3, 235.2), (365.3, 235.2), (365.3, 235.2), (365.3, 235.2), (365.3, 235.2)]",0,0,16.0
experienced,bomberman,8,Enemy,2,0,25.87,0.778,"[(48.0, 112.0), (62.9, 115.7), (66.7, 115.7), (76.0, 115.7), (76.0, 115.7), (76.0, 115.7), (87.2, 115.7), (104.0, 115.7), (115.2, 126.9), (115.2, 141.9), (115.2, 162.4), (118.9, 177.3), (130.1, 179.2), (133.9, 179.2), (143.2, 179.2), (154.4, 179.2), (169.3, 179.2), (180.5, 192.3), (173.1, 207.2), (176.8, 227.7), (186.1, 242.7), (193.6, 244.5), (193.6, 244.5), (197.3, 244.5), (201.1, 244.5), (208.5, 244.5), (225.3, 244.5), (240.3, 244.5), (255.2, 244.5), (255.2, 244.5), (255.2, 244.5), (255.2, 244.5), (258.9, 244.5), (268.3, 244.5), (268.3, 244.5), (268.3, 244.5), (268.3, 244.5), (268.3, 244.5), (268.3, 244.5), (268.3, 244.5), (268.3, 244.5), (268.3, 244.5), (268.3, 244.5), (268.3, 244.5), (268.3, 244.5), (268.3, 244.5), (268.3, 244.5), (268.3, 244.5), (268.3, 244.5), (268.3, 244.5), (268.3, 244.5), (268.3, 244.5), (268.3, 244.5), (270.1, 244.5), (283.2, 244.5), (298.1, 244.5), (313.1, 237.1), (320.5, 237.1), (320.5, 237.1), (320.5, 237.1), (320.5, 237.1), (331.7, 237.1), (352.3, 237.1), (365.3, 235.2), (365.3, 235.2), (365.3, 235.2), (365.3, 235.2), (365.3, 235.2), (365.3, 235.2), (365.3, 235.2), (365.3, 235.2), (365.3, 235.2), (365.3, 235.2), (365.3, 235.2), (365.3, 235.2), (365.3, 235.2), (365.3, 235.2), (365.3, 235.2), (365.3, 235.2), (365.3, 235.2), (365.3, 235.2), (365.3, 222.1), (365.3, 222.1), (365.3, 222.1), (365.3, 222.1), (365.3, 222.1)]",0,0,11.4
experienced,bomberman,8,Bomb,67,0,11.66,0.778,"[(48.0, 112.0), (44.3, 126.9), (44.3, 141.9), (44.3, 156.8), (44.3, 171.7), (44.3, 186.7), (44.3, 201.6), (44.3, 216.5), (44.3, 231.5), (44.3, 246.4), (44.3, 261.3), (44.3, 276.3), (46.1, 291.2), (53.6, 306.1), (61.1, 308.0), (64.8, 308.0), (64.8, 308.0), (64.8, 308.0), (64.8, 308.0), (64.8, 308.0), (64.8, 308.0), (64.8, 308.0), (64.8, 308.0), (64.8, 308.0), (64.8, 308.0), (64.8, 308.0), (64.8, 308.0), (64.8, 308.0), (64.8, 308.0), (64.8, 308.0), (64.8, 308.0), (64.8, 308.0), (64.8, 308.0), (64.8, 308.0), (64.8, 308.0), (64.8, 308.0), (64.8, 308.0), (64.8, 308.0), (64.8, 308.0), (64.8, 308.0), (64.8, 308.0), (76.0, 308.0), (90.9, 308.0), (105.9, 300.5), (120.8, 308.0), (128.3, 308.0), (128.3, 308.0), (128.3, 308.0), (128.3, 308.0), (128.3, 308.0), (128.3, 308.0), (128.3, 308.0), (128.3, 308.0), (128.3, 308.0), (128.3, 308.0), (128.3, 308.0), (128.3, 308.0), (128.3, 308.0), (128.3, 308.0), (128.3, 308.0), (128.3, 308.0), (139.5, 306.1), (160.0, 300.5), (174.9, 300.5), (189.9, 308.0), (193.6, 308.0), (193.6, 308.0), (193.6, 308.0), (193.6, 308.0), (193.6, 308.0), (193.6, 308.0), (193.6, 308.0), (193.6, 308.0), (193.6, 308.0), (193.6, 308.0), (193.6, 308.0), (193.6, 308.0), (193.6, 308.0), (193.6, 308.0), (193.6, 308.0), (193.6, 308.0), (193.6, 308.0), (193.6, 308.0), (193.6, 308.0), (193.6, 308.0), (193.6, 308.0), (193.6, 308.0), (193.6, 308.0), (193.6, 308.0), (193.6, 308.0), (193.6, 308.0), (206.7, 300.5), (229.1, 300.5), (238.4, 304.3), (253.3, 304.3), (257.1, 308.0), (257.1, 308.0), (257.1, 308.0), (257.1, 308.0), (257.1, 308.0), (257.1, 308.0), (257.1, 308.0), (257.1, 308.0), (257.1, 308.0), (257.1, 308.0), (257.1, 308.0), (257.1, 308.0), (257.1, 308.0), (257.1, 308.0), (257.1, 308.0), (257.1, 308.0), (257.1, 308.0), (257.1, 308.0), (257.1, 308.0), (257.1, 308.0), (257.1, 308.0), (257.1, 308.0), (257.1, 308.0), (257.1, 308.0), (257.1, 308.0), (257.1, 308.0), (270.1, 300.5), (290.7, 300.5), (300.0, 304.3), (300.0, 308.0), (300.0, 308.0), (300.0, 308.0), (300.0, 308.0), (300.0, 308.0), (300.0, 308.0), (300.0, 308.0), (300.0, 308.0), (300.0, 308.0), (300.0, 308.0), (300.0, 308.0), (300.0, 308.0), (300.0, 308.0), (300.0, 308.0), (300.0, 308.0), (300.0, 308.0), (300.0, 308.0), (300.0, 302.4), (300.0, 287.5), (300.0, 287.5), (300.0, 287.5), (300.0, 287.5), (300.0, 287.5), (300.0, 287.5), (300.0, 287.5), (300.0, 287.5), (300.0, 287.5)]",0,0,20.02
experienced,bomberman,8,Bomb,22,0,18.2,0.556,"[(48.0, 112.0), (62.9, 115.7), (62.9, 115.7), (62.9, 115.7), (62.9, 115.7), (62.9, 115.7), (62.9, 115.7), (62.9, 115.7), (62.9, 115.7), (62.9, 115.7), (62.9, 115.7), (62.9, 115.7), (66.7, 115.7), (74.1, 115.7), (76.0, 115.7), (76.0, 115.7), (79.7, 115.7), (98.4, 115.7), (113.3, 121.3), (115.2, 128.8), (115.2, 128.8), (115.2, 128.8), (115.2, 128.8), (115.2, 128.8), (115.2, 128.8), (115.2, 128.8), (115.2, 128.8), (115.2, 128.8), (115.2, 128.8), (115.2, 128.8), (115.2, 128.8), (115.2, 126.9), (115.2, 126.9), (115.2, 126.9), (115.2, 126.9), (115.2, 125.1), (115.2, 128.8), (115.2, 126.9), (115.2, 125.1), (115.2, 128.8), (115.2, 126.9), (115.2, 125.1), (115.2, 128.8), (115.2, 126.9), (117.1, 115.7), (132.0, 115.7), (146.9, 115.7), (169.3, 115.7), (180.5, 128.8), (180.5, 126.9), (180.5, 125.1), (180.5, 128.8), (180.5, 126.9), (180.5, 125.1), (180.5, 128.8), (180.5, 126.9), (180.5, 125.1), (180.5, 128.8), (180.5, 115.7), (195.5, 110.1), (210.4, 113.9), (229.1, 108.3), (244.0, 110.1), (258.9, 110.1), (273.9, 115.7), (294.4, 110.1), (309.3, 108.3), (324.3, 112.0), (339.2, 115.7), (356.0, 112.0), (370.9, 100.8), (365.3, 85.9), (365.3, 76.5), (365.3, 76.5), (365.3, 76.5), (365.3, 76.5), (365.3, 76.5), (365.3, 76.5), (365.3, 76.5), (365.3, 76.5), (365.3, 76.5), (365.3, 76.5), (365.3, 76.5), (365.3, 76.5), (365.3, 76.5), (365.3, 76.5), (365.3, 76.5), (365.3, 76.5), (365.3, 76.5), (365.3, 76.5), (365.3, 76.5), (365.3, 76.5), (365.3, 76.5), (365.3, 76.5), (365.3, 76.5), (365.3, 76.5), (365.3, 76.5), (365.3, 76.5), (365.3, 76.5), (365.3, 76.5), (365.3, 76.5), (365.3, 76.5), (365.3, 76.5), (365.3, 76.5), (365.3, 76.5), (365.3, 76.5), (365.3, 76.5), (365.3, 76.5), (365.3, 76.5), (365.3, 76.5), (365.3, 76.5), (365.3, 76.5), (365.3, 76.5), (365.3, 76.5), (365.3, 76.5), (365.3, 76.5), (365.3, 76.5), (365.3, 76.5), (365.3, 76.5), (365.3, 76.5), (365.3, 76.5)]",0,0,16.0
experienced,bomberman,8,Bomb,70,0,27.07,0.611,"[(48.0, 112.0), (62.9, 115.7), (77.9, 115.7), (92.8, 115.7), (107.7, 115.7), (122.7, 115.7), (137.6, 115.7), (152.5, 115.7), (167.5, 115.7), (182.4, 115.7), (197.3, 115.7), (212.3, 115.7), (227.2, 115.7), (242.1, 123.2), (244.0, 126.9), (244.0, 126.9), (244.0, 126.9), (244.0, 126.9), (244.0, 126.9), (244.0, 126.9), (244.0, 126.9), (244.0, 126.9), (244.0, 126.9), (244.0, 126.9), (244.0, 126.9), (244.0, 126.9), (244.0, 126.9), (244.0, 126.9), (244.0, 126.9), (244.0, 126.9), (244.0, 126.9), (247.7, 112.0), (262.7, 108.3), (277.6, 108.3), (292.5, 108.3), (307.5, 108.3), (322.4, 108.3), (337.3, 108.3), (352.3, 108.3), (367.2, 119.5), (372.8, 128.8), (372.8, 128.8), (372.8, 128.8), (372.8, 128.8), (372.8, 128.8), (372.8, 128.8), (372.8, 128.8), (372.8, 128.8), (372.8, 128.8), (372.8, 126.9), (372.8, 126.9), (372.8, 126.9), (372.8, 126.9), (372.8, 126.9), (372.8, 126.9), (372.8, 126.9), (372.8, 126.9), (372.8, 126.9), (372.8, 126.9), (372.8, 126.9), (372.8, 126.9), (372.8, 126.9), (372.8, 126.9), (372.8, 126.9), (372.8, 126.9), (372.8, 126.9), (372.8, 126.9), (372.8, 126.9), (372.8, 126.9), (372.8, 126.9), (372.8, 126.9), (372.8, 126.9), (372.8, 126.9), (372.8, 126.9), (372.8, 126.9), (372.8, 126.9), (372.8, 126.9), (372.8, 126.9), (372.8, 126.9), (372.8, 126.9), (372.8, 126.9), (372.8, 126.9), (372.8, 126.9), (372.8, 126.9), (372.8, 126.9), (372.8, 126.9), (372.8, 126.9), (372.8, 126.9), (372.8, 126.9), (372.8, 126.9), (372.8, 126.9)]",0,0,12.0
experienced,bomberman,8,Bomb,50,0,23.28,0.667,"[(48.0, 112.0), (62.9, 115.7), (70.4, 115.7), (76.0, 115.7), (76.0, 115.7), (79.7, 115.7), (96.5, 115.7), (111.5, 119.5), (115.2, 134.4), (115.2, 149.3), (115.2, 169.9), (126.4, 179.2), (141.3, 179.2), (160.0, 179.2), (174.9, 182.9), (174.9, 197.9), (173.1, 212.8), (180.5, 233.3), (191.7, 244.5), (195.5, 244.5), (204.8, 244.5), (214.1, 244.5), (229.1, 244.5), (244.0, 253.9), (236.5, 268.8), (236.5, 291.2), (244.0, 291.2), (244.0, 291.2), (244.0, 291.2), (244.0, 291.2), (244.0, 291.2), (244.0, 293.1), (244.0, 293.1), (244.0, 293.1), (244.0, 293.1), (242.1, 289.3), (242.1, 289.3), (242.1, 289.3), (242.1, 289.3), (242.1, 289.3), (242.1, 289.3), (242.1, 289.3), (242.1, 289.3), (242.1, 289.3), (242.1, 289.3), (242.1, 289.3), (242.1, 289.3), (242.1, 289.3), (242.1, 289.3), (242.1, 289.3), (242.1, 289.3), (242.1, 289.3), (242.1, 289.3), (242.1, 289.3), (242.1, 289.3), (242.1, 289.3), (242.1, 289.3), (242.1, 289.3), (244.0, 274.4), (244.0, 257.6), (244.0, 255.7)]",0,0,8.02
experienced,bomberman,8,Enemy,8,0,33.03,0.889,"[(48.0, 112.0), (62.9, 115.7), (77.9, 115.7), (96.5, 115.7), (111.5, 119.5), (109.6, 134.4), (109.6, 149.3), (115.2, 169.9), (126.4, 179.2), (141.3, 179.2), (161.9, 179.2), (176.8, 184.8), (173.1, 199.7), (173.1, 216.5), (180.5, 235.2), (193.6, 244.5), (193.6, 244.5), (193.6, 244.5), (197.3, 244.5), (204.8, 244.5), (210.4, 244.5), (227.2, 244.5), (242.1, 252.0), (236.5, 266.9), (236.5, 287.5), (247.7, 304.3), (257.1, 308.0), (257.1, 308.0), (257.1, 308.0), (257.1, 308.0), (257.1, 308.0), (257.1, 308.0), (262.7, 308.0), (275.7, 308.0), (290.7, 306.1), (300.0, 304.3), (300.0, 308.0), (300.0, 308.0), (300.0, 308.0), (300.0, 308.0), (300.0, 308.0), (300.0, 308.0), (300.0, 308.0), (300.0, 308.0), (300.0, 308.0), (300.0, 308.0), (300.0, 308.0), (300.0, 308.0), (300.0, 308.0), (300.0, 308.0), (300.0, 308.0), (300.0, 308.0), (300.0, 308.0), (300.0, 308.0), (300.0, 308.0), (300.0, 308.0), (300.0, 308.0), (300.0, 308.0), (301.9, 306.1), (316.8, 300.5), (320.5, 300.5), (335.5, 300.5), (356.0, 300.5), (365.3, 304.3), (365.3, 308.0), (365.3, 308.0), (365.3, 308.0), (365.3, 308.0), (365.3, 308.0)]",0,0,9.1
experienced,bomberman,8,Bomb,69,0,17.85,0.667,"[(48.0, 112.0), (51.7, 126.9), (44.3, 141.9), (44.3, 156.8), (48.0, 171.7), (55.5, 179.2), (62.9, 179.2), (62.9, 179.2), (62.9, 179.2), (62.9, 179.2), (62.9, 179.2), (62.9, 179.2), (62.9, 179.2), (62.9, 179.2), (62.9, 179.2), (62.9, 179.2), (62.9, 179.2), (62.9, 179.2), (62.9, 179.2), (62.9, 179.2), (66.7, 179.2), (74.1, 179.2), (87.2, 179.2), (105.9, 179.2), (115.2, 192.3), (115.2, 192.3), (115.2, 192.3), (115.2, 192.3), (115.2, 192.3), (115.2, 192.3), (115.2, 192.3), (115.2, 192.3), (115.2, 192.3), (115.2, 192.3), (115.2, 192.3), (115.2, 190.4), (115.2, 188.5), (115.2, 192.3), (115.2, 190.4), (115.2, 188.5), (115.2, 192.3), (115.2, 190.4), (115.2, 188.5), (115.2, 192.3), (115.2, 190.4), (115.2, 188.5), (115.2, 192.3), (115.2, 181.1), (128.3, 179.2), (143.2, 179.2), (165.6, 179.2), (180.5, 188.5), (180.5, 192.3), (180.5, 192.3), (180.5, 190.4), (180.5, 188.5), (180.5, 192.3), (180.5, 190.4), (180.5, 188.5), (180.5, 192.3), (180.5, 190.4), (182.4, 177.3), (197.3, 177.3), (214.1, 179.2), (234.7, 179.2), (244.0, 184.8), (244.0, 184.8), (244.0, 184.8), (244.0, 184.8), (244.0, 184.8), (244.0, 184.8), (251.5, 173.6), (266.4, 179.2), (286.9, 179.2), (301.9, 179.2), (316.8, 179.2), (331.7, 179.2), (352.3, 179.2), (367.2, 173.6), (372.8, 160.5), (369.1, 160.5), (370.9, 158.7), (369.1, 158.7), (367.2, 158.7), (372.8, 160.5), (372.8, 160.5), (372.8, 160.5), (372.8, 160.5), (372.8, 160.5), (372.8, 160.5), (372.8, 160.5), (365.3, 158.7), (367.2, 158.7), (365.3, 160.5), (365.3, 158.7), (367.2, 158.7), (365.3, 160.5), (365.3, 158.7), (367.2, 158.7), (365.3, 160.5), (365.3, 158.7), (367.2, 158.7), (365.3, 160.5), (365.3, 158.7), (367.2, 158.7), (365.3, 160.5), (365.3, 158.7), (367.2, 158.7), (365.3, 160.5), (365.3, 158.7), (367.2, 158.7), (365.3, 160.5), (365.3, 158.7), (367.2, 158.7), (365.3, 160.5), (365.3, 158.7), (367.2, 158.7), (365.3, 160.5), (365.3, 158.7), (367.2, 158.7), (365.3, 160.5)]",0,0,16.0
experienced,bomberman,8,Bomb,92,0,13.07,0.611,"[(48.0, 112.0), (51.7, 126.9), (44.3, 141.9), (44.3, 156.8), (51.7, 171.7), (64.8, 179.2), (64.8, 179.2), (64.8, 179.2), (64.8, 179.2), (64.8, 179.2), (64.8, 179.2), (64.8, 179.2), (64.8, 179.2), (64.8, 179.2), (64.8, 179.2), (64.8, 179.2), (64.8, 179.2), (64.8, 179.2), (64.8, 179.2), (64.8, 179.2), (64.8, 179.2), (64.8, 179.2), (64.8, 179.2), (64.8, 179.2), (64.8, 179.2), (64.8, 179.2), (64.8, 179.2), (62.9, 179.2), (64.8, 179.2), (64.8, 177.3), (62.9, 179.2), (64.8, 179.2), (64.8, 177.3), (74.1, 179.2), (76.0, 179.2), (87.2, 179.2), (105.9, 179.2), (115.2, 192.3), (115.2, 207.2), (115.2, 227.7), (120.8, 242.7), (128.3, 244.5), (128.3, 244.5), (128.3, 244.5), (128.3, 244.5), (128.3, 244.5), (128.3, 244.5), (128.3, 244.5), (128.3, 244.5), (128.3, 244.5), (128.3, 244.5), (128.3, 244.5), (128.3, 244.5), (128.3, 244.5), (128.3, 244.5), (128.3, 244.5), (128.3, 244.5), (128.3, 244.5), (128.3, 244.5), (126.4, 244.5), (128.3, 244.5), (128.3, 242.7), (126.4, 244.5), (135.7, 244.5), (154.4, 244.5), (173.1, 235.2), (188.0, 244.5), (191.7, 244.5), (191.7, 244.5), (202.9, 244.5), (225.3, 244.5), (240.3, 244.5), (255.2, 244.5), (255.2, 244.5), (255.2, 244.5), (255.2, 244.5), (255.2, 244.5), (255.2, 244.5), (255.2, 244.5), (255.2, 244.5), (255.2, 244.5), (255.2, 244.5), (255.2, 244.5), (255.2, 244.5), (255.2, 244.5), (255.2, 244.5), (255.2, 244.5), (255.2, 244.5), (255.2, 244.5), (255.2, 244.5), (255.2, 244.5), (268.3, 237.1), (268.3, 244.5), (268.3, 244.5), (268.3, 244.5), (268.3, 244.5), (268.3, 244.5), (268.3, 244.5), (268.3, 244.5), (268.3, 244.5), (268.3, 244.5), (268.3, 244.5), (268.3, 244.5), (268.3, 244.5), (268.3, 244.5), (268.3, 244.5), (268.3, 244.5), (268.3, 244.5), (268.3, 244.5), (268.3, 244.5), (268.3, 244.5), (268.3, 244.5), (268.3, 244.5), (268.3, 244.5), (268.3, 244.5), (268.3, 244.5), (268.3, 244.5), (268.3, 244.5), (268.3, 244.5), (273.9, 242.7), (283.2, 237.1)]",0,0,16.0
experienced,bomberman,8,Bomb,1,0,0.93,0.056,"[(48.0, 112.0), (51.7, 126.9), (44.3, 141.9), (44.3, 156.8), (44.3, 158.7), (44.3, 158.7), (44.3, 158.7), (44.3, 158.7), (44.3, 143.7), (44.3, 141.9), (44.3, 141.9), (44.3, 141.9), (44.3, 141.9), (44.3, 141.9), (44.3, 141.9), (46.1, 141.9), (51.7, 141.9), (51.7, 141.9), (51.7, 141.9), (51.7, 141.9), (51.7, 141.9), (51.7, 141.9), (51.7, 141.9), (51.7, 141.9), (51.7, 141.9), (51.7, 141.9), (51.7, 141.9), (51.7, 141.9), (51.7, 141.9), (51.7, 141.9), (51.7, 141.9)]",0,0,4.0
experienced,bomberman,8,Enemy,8,0,33.03,0.889,"[(48.0, 112.0), (62.9, 115.7), (77.9, 115.7), (96.5, 115.7), (111.5, 119.5), (109.6, 134.4), (109.6, 149.3), (115.2, 169.9), (126.4, 179.2), (141.3, 179.2), (161.9, 179.2), (176.8, 184.8), (173.1, 199.7), (173.1, 216.5), (180.5, 235.2), (193.6, 244.5), (193.6, 244.5), (193.6, 244.5), (197.3, 244.5), (204.8, 244.5), (210.4, 244.5), (227.2, 244.5), (242.1, 252.0), (236.5, 266.9), (236.5, 287.5), (247.7, 304.3), (257.1, 308.0), (257.1, 308.0), (257.1, 308.0), (257.1, 308.0), (257.1, 308.0), (257.1, 308.0), (262.7, 308.0), (275.7, 308.0), (290.7, 306.1), (300.0, 304.3), (300.0, 308.0), (300.0, 308.0), (300.0, 308.0), (300.0, 308.0), (300.0, 308.0), (300.0, 308.0), (300.0, 308.0), (300.0, 308.0), (300.0, 308.0), (300.0, 308.0), (300.0, 308.0), (300.0, 308.0), (300.0, 308.0), (300.0, 308.0), (300.0, 308.0), (300.0, 308.0), (300.0, 308.0), (300.0, 308.0), (300.0, 308.0), (300.0, 308.0), (300.0, 308.0), (300.0, 308.0), (301.9, 306.1), (316.8, 300.5), (320.5, 300.5), (335.5, 300.5), (356.0, 300.5), (365.3, 304.3), (365.3, 308.0), (365.3, 308.0), (365.3, 308.0), (365.3, 308.0), (365.3, 308.0)]",0,0,9.1
experienced,bomberman,8,Bomb,3,0,17.85,0.778,"[(48.0, 112.0), (51.7, 126.9), (44.3, 141.9), (44.3, 156.8), (48.0, 171.7), (62.9, 179.2), (62.9, 179.2), (62.9, 179.2), (62.9, 179.2), (62.9, 179.2), (62.9, 179.2), (62.9, 179.2), (62.9, 179.2), (62.9, 179.2), (62.9, 179.2), (62.9, 179.2), (62.9, 179.2), (62.9, 179.2), (62.9, 179.2), (62.9, 179.2), (62.9, 179.2), (62.9, 179.2), (62.9, 179.2), (62.9, 179.2), (70.4, 179.2), (77.9, 179.2), (98.4, 179.2), (113.3, 184.8), (115.2, 199.7), (115.2, 216.5), (115.2, 235.2), (128.3, 244.5), (141.3, 244.5), (141.3, 244.5), (141.3, 244.5), (141.3, 244.5), (141.3, 244.5), (141.3, 244.5), (141.3, 244.5), (141.3, 244.5), (158.1, 244.5), (174.9, 248.3), (174.9, 257.6), (173.1, 255.7), (180.5, 257.6), (180.5, 257.6), (180.5, 257.6), (180.5, 257.6), (180.5, 257.6), (180.5, 257.6), (180.5, 257.6), (180.5, 257.6), (180.5, 257.6), (180.5, 257.6), (180.5, 248.3), (191.7, 237.1), (193.6, 244.5), (193.6, 242.7), (191.7, 244.5), (193.6, 244.5), (193.6, 242.7), (206.7, 244.5), (229.1, 240.8), (244.0, 242.7), (255.2, 244.5), (255.2, 244.5), (258.9, 244.5), (268.3, 244.5), (285.1, 244.5), (301.9, 244.5), (316.8, 244.5), (320.5, 244.5), (320.5, 244.5), (320.5, 244.5), (320.5, 244.5), (320.5, 244.5), (320.5, 244.5), (320.5, 244.5), (320.5, 244.5), (320.5, 244.5), (320.5, 244.5), (320.5, 244.5), (320.5, 244.5), (320.5, 244.5), (320.5, 244.5), (320.5, 244.5), (320.5, 244.5), (320.5, 244.5), (320.5, 244.5), (320.5, 244.5), (320.5, 244.5), (333.6, 237.1), (354.1, 237.1), (365.3, 235.2), (365.3, 235.2), (365.3, 235.2), (365.3, 235.2), (365.3, 235.2), (365.3, 235.2), (365.3, 235.2), (365.3, 235.2), (365.3, 235.2), (365.3, 235.2), (365.3, 235.2), (365.3, 235.2), (365.3, 235.2), (365.3, 235.2), (365.3, 235.2), (365.3, 235.2), (365.3, 235.2), (365.3, 235.2), (365.3, 235.2), (365.3, 235.2), (365.3, 235.2), (365.3, 235.2), (365.3, 235.2), (365.3, 235.2), (365.3, 235.2), (365.3, 235.2), (365.3, 235.2), (365.3, 235.2)]",0,0,16.0
experienced,bomberman,8,Bomb,67,0,11.66,0.778,"[(48.0, 112.0), (44.3, 126.9), (44.3, 141.9), (44.3, 156.8), (44.3, 171.7), (44.3, 186.7), (44.3, 201.6), (44.3, 216.5), (44.3, 231.5), (44.3, 246.4), (44.3, 261.3), (44.3, 276.3), (46.1, 291.2), (53.6, 306.1), (61.1, 308.0), (64.8, 308.0), (64.8, 308.0), (64.8, 308.0), (64.8, 308.0), (64.8, 308.0), (64.8, 308.0), (64.8, 308.0), (64.8, 308.0), (64.8, 308.0), (64.8, 308.0), (64.8, 308.0), (64.8, 308.0), (64.8, 308.0), (64.8, 308.0), (64.8, 308.0), (64.8, 308.0), (64.8, 308.0), (64.8, 308.0), (64.8, 308.0), (64.8, 308.0), (64.8, 308.0), (64.8, 308.0), (64.8, 308.0), (64.8, 308.0), (64.8, 308.0), (64.8, 308.0), (76.0, 308.0), (90.9, 308.0), (105.9, 300.5), (120.8, 308.0), (128.3, 308.0), (128.3, 308.0), (128.3, 308.0), (128.3, 308.0), (128.3, 308.0), (128.3, 308.0), (128.3, 308.0), (128.3, 308.0), (128.3, 308.0), (128.3, 308.0), (128.3, 308.0), (128.3, 308.0), (128.3, 308.0), (128.3, 308.0), (128.3, 308.0), (128.3, 308.0), (139.5, 306.1), (160.0, 300.5), (174.9, 300.5), (189.9, 308.0), (193.6, 308.0), (193.6, 308.0), (193.6, 308.0), (193.6, 308.0), (193.6, 308.0), (193.6, 308.0), (193.6, 308.0), (193.6, 308.0), (193.6, 308.0), (193.6, 308.0), (193.6, 308.0), (193.6, 308.0), (193.6, 308.0), (193.6, 308.0), (193.6, 308.0), (193.6, 308.0), (193.6, 308.0), (193.6, 308.0), (193.6, 308.0), (193.6, 308.0), (193.6, 308.0), (193.6, 308.0), (193.6, 308.0), (193.6, 308.0), (193.6, 308.0), (193.6, 308.0), (206.7, 300.5), (229.1, 300.5), (238.4, 304.3), (253.3, 304.3), (257.1, 308.0), (257.1, 308.0), (257.1, 308.0), (257.1, 308.0), (257.1, 308.0), (257.1, 308.0), (257.1, 308.0), (257.1, 308.0), (257.1, 308.0), (257.1, 308.0), (257.1, 308.0), (257.1, 308.0), (257.1, 308.0), (257.1, 308.0), (257.1, 308.0), (257.1, 308.0), (257.1, 308.0), (257.1, 308.0), (257.1, 308.0), (257.1, 308.0), (257.1, 308.0), (257.1, 308.0), (257.1, 308.0), (257.1, 308.0), (257.1, 308.0), (257.1, 308.0), (270.1, 300.5), (290.7, 300.5), (300.0, 304.3), (300.0, 308.0), (300.0, 308.0), (300.0, 308.0), (300.0, 308.0), (300.0, 308.0), (300.0, 308.0), (300.0, 308.0), (300.0, 308.0), (300.0, 308.0), (300.0, 308.0), (300.0, 308.0), (300.0, 308.0), (300.0, 308.0), (300.0, 308.0), (300.0, 308.0), (300.0, 308.0), (300.0, 308.0), (300.0, 302.4), (300.0, 287.5), (300.0, 287.5), (300.0, 287.5), (300.0, 287.5), (300.0, 287.5), (300.0, 287.5), (300.0, 287.5), (300.0, 287.5), (300.0, 287.5)]",0,0,20.02
experienced,bomberman,8,Enemy,2,0,25.87,0.778,"[(48.0, 112.0), (62.9, 115.7), (66.7, 115.7), (76.0, 115.7), (76.0, 115.7), (76.0, 115.7), (87.2, 115.7), (104.0, 115.7), (115.2, 126.9), (115.2, 141.9), (115.2, 162.4), (118.9, 177.3), (130.1, 179.2), (133.9, 179.2), (143.2, 179.2), (154.4, 179.2), (169.3, 179.2), (180.5, 192.3), (173.1, 207.2), (176.8, 227.7), (186.1, 242.7), (193.6, 244.5), (193.6, 244.5), (197.3, 244.5), (201.1, 244.5), (208.5, 244.5), (225.3, 244.5), (240.3, 244.5), (255.2, 244.5), (255.2, 244.5), (255.2, 244.5), (255.2, 244.5), (258.9, 244.5), (268.3, 244.5), (268.3, 244.5), (268.3, 244.5), (268.3, 244.5), (268.3, 244.5), (268.3, 244.5), (268.3, 244.5), (268.3, 244.5), (268.3, 244.5), (268.3, 244.5), (268.3, 244.5), (268.3, 244.5), (268.3, 244.5), (268.3, 244.5), (268.3, 244.5), (268.3, 244.5), (268.3, 244.5), (268.3, 244.5), (268.3, 244.5), (268.3, 244.5), (270.1, 244.5), (283.2, 244.5), (298.1, 244.5), (313.1, 237.1), (320.5, 237.1), (320.5, 237.1), (320.5, 237.1), (320.5, 237.1), (331.7, 237.1), (352.3, 237.1), (365.3, 235.2), (365.3, 235.2), (365.3, 235.2), (365.3, 235.2), (365.3, 235.2), (365.3, 235.2), (365.3, 235.2), (365.3, 235.2), (365.3, 235.2), (365.3, 235.2), (365.3, 235.2), (365.3, 235.2), (365.3, 235.2), (365.3, 235.2), (365.3, 235.2), (365.3, 235.2), (365.3, 235.2), (365.3, 235.2), (365.3, 222.1), (365.3, 222.1), (365.3, 222.1), (365.3, 222.1), (365.3, 222.1)]",0,0,11.4
experienced,bomberman,8,Bomb,22,0,18.2,0.556,"[(48.0, 112.0), (62.9, 115.7), (62.9, 115.7), (62.9, 115.7), (62.9, 115.7), (62.9, 115.7), (62.9, 115.7), (62.9, 115.7), (62.9, 115.7), (62.9, 115.7), (62.9, 115.7), (62.9, 115.7), (66.7, 115.7), (74.1, 115.7), (76.0, 115.7), (76.0, 115.7), (79.7, 115.7), (98.4, 115.7), (113.3, 121.3), (115.2, 128.8), (115.2, 128.8), (115.2, 128.8), (115.2, 128.8), (115.2, 128.8), (115.2, 128.8), (115.2, 128.8), (115.2, 128.8), (115.2, 128.8), (115.2, 128.8), (115.2, 128.8), (115.2, 128.8), (115.2, 126.9), (115.2, 126.9), (115.2, 126.9), (115.2, 126.9), (115.2, 125.1), (115.2, 128.8), (115.2, 126.9), (115.2, 125.1), (115.2, 128.8), (115.2, 126.9), (115.2, 125.1), (115.2, 128.8), (115.2, 126.9), (117.1, 115.7), (132.0, 115.7), (146.9, 115.7), (169.3, 115.7), (180.5, 128.8), (180.5, 126.9), (180.5, 125.1), (180.5, 128.8), (180.5, 126.9), (180.5, 125.1), (180.5, 128.8), (180.5, 126.9), (180.5, 125.1), (180.5, 128.8), (180.5, 115.7), (195.5, 110.1), (210.4, 113.9), (229.1, 108.3), (244.0, 110.1), (258.9, 110.1), (273.9, 115.7), (294.4, 110.1), (309.3, 108.3), (324.3, 112.0), (339.2, 115.7), (356.0, 112.0), (370.9, 100.8), (365.3, 85.9), (365.3, 76.5), (365.3, 76.5), (365.3, 76.5), (365.3, 76.5), (365.3, 76.5), (365.3, 76.5), (365.3, 76.5), (365.3, 76.5), (365.3, 76.5), (365.3, 76.5), (365.3, 76.5), (365.3, 76.5), (365.3, 76.5), (365.3, 76.5), (365.3, 76.5), (365.3, 76.5), (365.3, 76.5), (365.3, 76.5), (365.3, 76.5), (365.3, 76.5), (365.3, 76.5), (365.3, 76.5), (365.3, 76.5), (365.3, 76.5), (365.3, 76.5), (365.3, 76.5), (365.3, 76.5), (365.3, 76.5), (365.3, 76.5), (365.3, 76.5), (365.3, 76.5), (365.3, 76.5), (365.3, 76.5), (365.3, 76.5), (365.3, 76.5), (365.3, 76.5), (365.3, 76.5), (365.3, 76.5), (365.3, 76.5), (365.3, 76.5), (365.3, 76.5), (365.3, 76.5), (365.3, 76.5), (365.3, 76.5), (365.3, 76.5), (365.3, 76.5), (365.3, 76.5), (365.3, 76.5), (365.3, 76.5)]",0,0,16.0
experienced,bomberman,8,Bomb,92,0,13.07,0.611,"[(48.0, 112.0), (51.7, 126.9), (44.3, 141.9), (44.3, 156.8), (51.7, 171.7), (64.8, 179.2), (64.8, 179.2), (64.8, 179.2), (64.8, 179.2), (64.8, 179.2), (64.8, 179.2), (64.8, 179.2), (64.8, 179.2), (64.8, 179.2), (64.8, 179.2), (64.8, 179.2), (64.8, 179.2), (64.8, 179.2), (64.8, 179.2), (64.8, 179.2), (64.8, 179.2), (64.8, 179.2), (64.8, 179.2), (64.8, 179.2), (64.8, 179.2), (64.8, 179.2), (64.8, 179.2), (62.9, 179.2), (64.8, 179.2), (64.8, 177.3), (62.9, 179.2), (64.8, 179.2), (64.8, 177.3), (74.1, 179.2), (76.0, 179.2), (87.2, 179.2), (105.9, 179.2), (115.2, 192.3), (115.2, 207.2), (115.2, 227.7), (120.8, 242.7), (128.3, 244.5), (128.3, 244.5), (128.3, 244.5), (128.3, 244.5), (128.3, 244.5), (128.3, 244.5), (128.3, 244.5), (128.3, 244.5), (128.3, 244.5), (128.3, 244.5), (128.3, 244.5), (128.3, 244.5), (128.3, 244.5), (128.3, 244.5), (128.3, 244.5), (128.3, 244.5), (128.3, 244.5), (128.3, 244.5), (126.4, 244.5), (128.3, 244.5), (128.3, 242.7), (126.4, 244.5), (135.7, 244.5), (154.4, 244.5), (173.1, 235.2), (188.0, 244.5), (191.7, 244.5), (191.7, 244.5), (202.9, 244.5), (225.3, 244.5), (240.3, 244.5), (255.2, 244.5), (255.2, 244.5), (255.2, 244.5), (255.2, 244.5), (255.2, 244.5), (255.2, 244.5), (255.2, 244.5), (255.2, 244.5), (255.2, 244.5), (255.2, 244.5), (255.2, 244.5), (255.2, 244.5), (255.2, 244.5), (255.2, 244.5), (255.2, 244.5), (255.2, 244.5), (255.2, 244.5), (255.2, 244.5), (255.2, 244.5), (268.3, 237.1), (268.3, 244.5), (268.3, 244.5), (268.3, 244.5), (268.3, 244.5), (268.3, 244.5), (268.3, 244.5), (268.3, 244.5), (268.3, 244.5), (268.3, 244.5), (268.3, 244.5), (268.3, 244.5), (268.3, 244.5), (268.3, 244.5), (268.3, 244.5), (268.3, 244.5), (268.3, 244.5), (268.3, 244.5), (268.3, 244.5), (268.3, 244.5), (268.3, 244.5), (268.3, 244.5), (268.3, 244.5), (268.3, 244.5), (268.3, 244.5), (268.3, 244.5), (268.3, 244.5), (268.3, 244.5), (273.9, 242.7), (283.2, 237.1)]",0,0,16.0
experienced,bomberman,8,Bomb,12,0,26.13,0.611,"[(48.0, 112.0), (62.9, 115.7), (62.9, 115.7), (62.9, 115.7), (66.7, 115.7), (74.1, 115.7), (76.0, 115.7), (76.0, 115.7), (77.9, 115.7), (89.1, 115.7), (107.7, 115.7), (115.2, 130.7), (115.2, 145.6), (115.2, 166.1), (122.7, 179.2), (130.1, 179.2), (133.9, 179.2), (143.2, 179.2), (158.1, 179.2), (173.1, 181.1), (176.8, 196.0), (173.1, 210.9), (180.5, 231.5), (189.9, 244.5), (193.6, 244.5), (193.6, 244.5), (197.3, 244.5), (204.8, 244.5), (216.0, 244.5), (230.9, 244.5), (245.9, 244.5), (257.1, 244.5), (257.1, 242.7), (255.2, 244.5), (257.1, 244.5), (258.9, 244.5), (262.7, 244.5), (268.3, 244.5), (268.3, 244.5), (268.3, 244.5), (268.3, 244.5), (268.3, 244.5), (268.3, 244.5), (268.3, 244.5), (268.3, 244.5), (268.3, 244.5), (268.3, 244.5), (268.3, 244.5), (268.3, 244.5), (268.3, 244.5), (268.3, 244.5), (268.3, 244.5), (268.3, 244.5), (268.3, 244.5), (268.3, 244.5), (268.3, 244.5), (268.3, 242.7), (268.3, 237.1), (268.3, 237.1), (268.3, 237.1), (268.3, 237.1)]",0,0,8.0
experienced,bomberman,8,Bomb,19,0,10.97,0.389,"[(48.0, 112.0), (44.3, 126.9), (44.3, 141.9), (44.3, 156.8), (44.3, 171.7), (44.3, 186.7), (44.3, 201.6), (44.3, 216.5), (44.3, 231.5), (59.2, 244.5), (62.9, 244.5), (62.9, 244.5), (62.9, 244.5), (62.9, 244.5), (62.9, 244.5), (62.9, 244.5), (62.9, 244.5), (62.9, 244.5), (62.9, 244.5), (62.9, 244.5), (62.9, 244.5), (62.9, 244.5), (62.9, 244.5), (62.9, 244.5), (66.7, 244.5), (70.4, 244.5), (77.9, 244.5), (96.5, 244.5), (111.5, 248.3), (115.2, 255.7), (115.2, 255.7), (115.2, 255.7), (115.2, 255.7), (115.2, 255.7), (115.2, 255.7), (115.2, 255.7), (115.2, 255.7), (115.2, 255.7), (115.2, 255.7), (115.2, 253.9), (115.2, 257.6), (115.2, 255.7), (115.2, 253.9), (117.1, 242.7), (132.0, 240.8), (141.3, 244.5), (141.3, 244.5), (141.3, 244.5), (141.3, 244.5), (141.3, 244.5), (141.3, 244.5), (141.3, 244.5), (141.3, 244.5), (141.3, 244.5), (141.3, 244.5), (141.3, 244.5), (141.3, 244.5), (141.3, 244.5), (141.3, 244.5), (141.3, 244.5), (141.3, 244.5)]",0,0,8.0
experienced,bomberman,8,Bomb,28,0,0.93,0.056,"[(48.0, 112.0), (51.7, 126.9), (51.7, 126.9), (51.7, 126.9), (51.7, 126.9), (51.7, 126.9), (51.7, 126.9), (51.7, 126.9), (51.7, 126.9), (51.7, 126.9), (51.7, 126.9), (51.7, 128.8), (51.7, 126.9), (51.7, 125.1), (51.7, 128.8), (51.7, 126.9), (51.7, 125.1), (51.7, 128.8), (51.7, 126.9), (51.7, 125.1), (51.7, 128.8), (51.7, 126.9), (51.7, 125.1), (51.7, 128.8), (51.7, 126.9), (51.7, 125.1), (51.7, 128.8), (51.7, 126.9), (51.7, 125.1), (51.7, 128.8), (51.7, 126.9)]",0,0,4.0
experienced,bomberman,8,Bomb,2,0,-0.47,0.333,"[(48.0, 112.0), (48.0, 126.9), (44.3, 141.9), (44.3, 156.8), (44.3, 171.7), (44.3, 186.7), (44.3, 201.6), (44.3, 216.5), (44.3, 231.5), (44.3, 246.4), (44.3, 261.3), (44.3, 276.3), (44.3, 291.2), (44.3, 306.1), (44.3, 321.1), (51.7, 336.0), (51.7, 339.7), (51.7, 339.7), (51.7, 339.7), (51.7, 339.7), (51.7, 339.7), (51.7, 339.7), (51.7, 339.7), (51.7, 339.7), (51.7, 339.7), (51.7, 339.7), (51.7, 339.7), (51.7, 339.7), (51.7, 339.7), (51.7, 339.7), (51.7, 339.7), (51.7, 330.4), (51.7, 317.3), (51.7, 321.1), (51.7, 319.2), (51.7, 317.3), (51.7, 321.1), (51.7, 319.2), (51.7, 317.3), (51.7, 321.1), (51.7, 319.2), (51.7, 317.3), (51.7, 321.1), (51.7, 319.2), (51.7, 317.3), (51.7, 321.1), (51.7, 319.2), (51.7, 317.3), (51.7, 321.1), (51.7, 319.2), (51.7, 317.3), (51.7, 321.1), (51.7, 319.2), (51.7, 317.3), (51.7, 321.1), (51.7, 319.2), (51.7, 317.3), (48.0, 319.2), (44.3, 319.2), (44.3, 319.2), (44.3, 319.2)]",0,0,8.0
experienced,bomberman,8,Enemy,8,0,33.03,0.889,"[(48.0, 112.0), (62.9, 115.7), (77.9, 115.7), (96.5, 115.7), (111.5, 119.5), (109.6, 134.4), (109.6, 149.3), (115.2, 169.9), (126.4, 179.2), (141.3, 179.2), (161.9, 179.2), (176.8, 184.8), (173.1, 199.7), (173.1, 216.5), (180.5, 235.2), (193.6, 244.5), (193.6, 244.5), (193.6, 244.5), (197.3, 244.5), (204.8, 244.5), (210.4, 244.5), (227.2, 244.5), (242.1, 252.0), (236.5, 266.9), (236.5, 287.5), (247.7, 304.3), (257.1, 308.0), (257.1, 308.0), (257.1, 308.0), (257.1, 308.0), (257.1, 308.0), (257.1, 308.0), (262.7, 308.0), (275.7, 308.0), (290.7, 306.1), (300.0, 304.3), (300.0, 308.0), (300.0, 308.0), (300.0, 308.0), (300.0, 308.0), (300.0, 308.0), (300.0, 308.0), (300.0, 308.0), (300.0, 308.0), (300.0, 308.0), (300.0, 308.0), (300.0, 308.0), (300.0, 308.0), (300.0, 308.0), (300.0, 308.0), (300.0, 308.0), (300.0, 308.0), (300.0, 308.0), (300.0, 308.0), (300.0, 308.0), (300.0, 308.0), (300.0, 308.0), (300.0, 308.0), (301.9, 306.1), (316.8, 300.5), (320.5, 300.5), (335.5, 300.5), (356.0, 300.5), (365.3, 304.3), (365.3, 308.0), (365.3, 308.0), (365.3, 308.0), (365.3, 308.0), (365.3, 308.0)]",0,0,9.1
experienced,bomberman,8,Bomb,3,0,17.85,0.778,"[(48.0, 112.0), (51.7, 126.9), (44.3, 141.9), (44.3, 156.8), (48.0, 171.7), (62.9, 179.2), (62.9, 179.2), (62.9, 179.2), (62.9, 179.2), (62.9, 179.2), (62.9, 179.2), (62.9, 179.2), (62.9, 179.2), (62.9, 179.2), (62.9, 179.2), (62.9, 179.2), (62.9, 179.2), (62.9, 179.2), (62.9, 179.2), (62.9, 179.2), (62.9, 179.2), (62.9, 179.2), (62.9, 179.2), (62.9, 179.2), (70.4, 179.2), (77.9, 179.2), (98.4, 179.2), (113.3, 184.8), (115.2, 199.7), (115.2, 216.5), (115.2, 235.2), (128.3, 244.5), (141.3, 244.5), (141.3, 244.5), (141.3, 244.5), (141.3, 244.5), (141.3, 244.5), (141.3, 244.5), (141.3, 244.5), (141.3, 244.5), (158.1, 244.5), (174.9, 248.3), (174.9, 257.6), (173.1, 255.7), (180.5, 257.6), (180.5, 257.6), (180.5, 257.6), (180.5, 257.6), (180.5, 257.6), (180.5, 257.6), (180.5, 257.6), (180.5, 257.6), (180.5, 257.6), (180.5, 257.6), (180.5, 248.3), (191.7, 237.1), (193.6, 244.5), (193.6, 242.7), (191.7, 244.5), (193.6, 244.5), (193.6, 242.7), (206.7, 244.5), (229.1, 240.8), (244.0, 242.7), (255.2, 244.5), (255.2, 244.5), (258.9, 244.5), (268.3, 244.5), (285.1, 244.5), (301.9, 244.5), (316.8, 244.5), (320.5, 244.5), (320.5, 244.5), (320.5, 244.5), (320.5, 244.5), (320.5, 244.5), (320.5, 244.5), (320.5, 244.5), (320.5, 244.5), (320.5, 244.5), (320.5, 244.5), (320.5, 244.5), (320.5, 244.5), (320.5, 244.5), (320.5, 244.5), (320.5, 244.5), (320.5, 244.5), (320.5, 244.5), (320.5, 244.5), (320.5, 244.5), (320.5, 244.5), (333.6, 237.1), (354.1, 237.1), (365.3, 235.2), (365.3, 235.2), (365.3, 235.2), (365.3, 235.2), (365.3, 235.2), (365.3, 235.2), (365.3, 235.2), (365.3, 235.2), (365.3, 235.2), (365.3, 235.2), (365.3, 235.2), (365.3, 235.2), (365.3, 235.2), (365.3, 235.2), (365.3, 235.2), (365.3, 235.2), (365.3, 235.2), (365.3, 235.2), (365.3, 235.2), (365.3, 235.2), (365.3, 235.2), (365.3, 235.2), (365.3, 235.2), (365.3, 235.2), (365.3, 235.2), (365.3, 235.2), (365.3, 235.2), (365.3, 235.2)]",0,0,16.0
experienced,bomberman,8,Enemy,2,0,25.87,0.778,"[(48.0, 112.0), (62.9, 115.7), (66.7, 115.7), (76.0, 115.7), (76.0, 115.7), (76.0, 115.7), (87.2, 115.7), (104.0, 115.7), (115.2, 126.9), (115.2, 141.9), (115.2, 162.4), (118.9, 177.3), (130.1, 179.2), (133.9, 179.2), (143.2, 179.2), (154.4, 179.2), (169.3, 179.2), (180.5, 192.3), (173.1, 207.2), (176.8, 227.7), (186.1, 242.7), (193.6, 244.5), (193.6, 244.5), (197.3, 244.5), (201.1, 244.5), (208.5, 244.5), (225.3, 244.5), (240.3, 244.5), (255.2, 244.5), (255.2, 244.5), (255.2, 244.5), (255.2, 244.5), (258.9, 244.5), (268.3, 244.5), (268.3, 244.5), (268.3, 244.5), (268.3, 244.5), (268.3, 244.5), (268.3, 244.5), (268.3, 244.5), (268.3, 244.5), (268.3, 244.5), (268.3, 244.5), (268.3, 244.5), (268.3, 244.5), (268.3, 244.5), (268.3, 244.5), (268.3, 244.5), (268.3, 244.5), (268.3, 244.5), (268.3, 244.5), (268.3, 244.5), (268.3, 244.5), (270.1, 244.5), (283.2, 244.5), (298.1, 244.5), (313.1, 237.1), (320.5, 237.1), (320.5, 237.1), (320.5, 237.1), (320.5, 237.1), (331.7, 237.1), (352.3, 237.1), (365.3, 235.2), (365.3, 235.2), (365.3, 235.2), (365.3, 235.2), (365.3, 235.2), (365.3, 235.2), (365.3, 235.2), (365.3, 235.2), (365.3, 235.2), (365.3, 235.2), (365.3, 235.2), (365.3, 235.2), (365.3, 235.2), (365.3, 235.2), (365.3, 235.2), (365.3, 235.2), (365.3, 235.2), (365.3, 235.2), (365.3, 222.1), (365.3, 222.1), (365.3, 222.1), (365.3, 222.1), (365.3, 222.1)]",0,0,11.4
experienced,bomberman,8,Bomb,67,0,11.66,0.778,"[(48.0, 112.0), (44.3, 126.9), (44.3, 141.9), (44.3, 156.8), (44.3, 171.7), (44.3, 186.7), (44.3, 201.6), (44.3, 216.5), (44.3, 231.5), (44.3, 246.4), (44.3, 261.3), (44.3, 276.3), (46.1, 291.2), (53.6, 306.1), (61.1, 308.0), (64.8, 308.0), (64.8, 308.0), (64.8, 308.0), (64.8, 308.0), (64.8, 308.0), (64.8, 308.0), (64.8, 308.0), (64.8, 308.0), (64.8, 308.0), (64.8, 308.0), (64.8, 308.0), (64.8, 308.0), (64.8, 308.0), (64.8, 308.0), (64.8, 308.0), (64.8, 308.0), (64.8, 308.0), (64.8, 308.0), (64.8, 308.0), (64.8, 308.0), (64.8, 308.0), (64.8, 308.0), (64.8, 308.0), (64.8, 308.0), (64.8, 308.0), (64.8, 308.0), (76.0, 308.0), (90.9, 308.0), (105.9, 300.5), (120.8, 308.0), (128.3, 308.0), (128.3, 308.0), (128.3, 308.0), (128.3, 308.0), (128.3, 308.0), (128.3, 308.0), (128.3, 308.0), (128.3, 308.0), (128.3, 308.0), (128.3, 308.0), (128.3, 308.0), (128.3, 308.0), (128.3, 308.0), (128.3, 308.0), (128.3, 308.0), (128.3, 308.0), (139.5, 306.1), (160.0, 300.5), (174.9, 300.5), (189.9, 308.0), (193.6, 308.0), (193.6, 308.0), (193.6, 308.0), (193.6, 308.0), (193.6, 308.0), (193.6, 308.0), (193.6, 308.0), (193.6, 308.0), (193.6, 308.0), (193.6, 308.0), (193.6, 308.0), (193.6, 308.0), (193.6, 308.0), (193.6, 308.0), (193.6, 308.0), (193.6, 308.0), (193.6, 308.0), (193.6, 308.0), (193.6, 308.0), (193.6, 308.0), (193.6, 308.0), (193.6, 308.0), (193.6, 308.0), (193.6, 308.0), (193.6, 308.0), (193.6, 308.0), (206.7, 300.5), (229.1, 300.5), (238.4, 304.3), (253.3, 304.3), (257.1, 308.0), (257.1, 308.0), (257.1, 308.0), (257.1, 308.0), (257.1, 308.0), (257.1, 308.0), (257.1, 308.0), (257.1, 308.0), (257.1, 308.0), (257.1, 308.0), (257.1, 308.0), (257.1, 308.0), (257.1, 308.0), (257.1, 308.0), (257.1, 308.0), (257.1, 308.0), (257.1, 308.0), (257.1, 308.0), (257.1, 308.0), (257.1, 308.0), (257.1, 308.0), (257.1, 308.0), (257.1, 308.0), (257.1, 308.0), (257.1, 308.0), (257.1, 308.0), (270.1, 300.5), (290.7, 300.5), (300.0, 304.3), (300.0, 308.0), (300.0, 308.0), (300.0, 308.0), (300.0, 308.0), (300.0, 308.0), (300.0, 308.0), (300.0, 308.0), (300.0, 308.0), (300.0, 308.0), (300.0, 308.0), (300.0, 308.0), (300.0, 308.0), (300.0, 308.0), (300.0, 308.0), (300.0, 308.0), (300.0, 308.0), (300.0, 308.0), (300.0, 302.4), (300.0, 287.5), (300.0, 287.5), (300.0, 287.5), (300.0, 287.5), (300.0, 287.5), (300.0, 287.5), (300.0, 287.5), (300.0, 287.5), (300.0, 287.5)]",0,0,20.02
experienced,bomberman,8,Bomb,22,0,18.2,0.556,"[(48.0, 112.0), (62.9, 115.7), (62.9, 115.7), (62.9, 115.7), (62.9, 115.7), (62.9, 115.7), (62.9, 115.7), (62.9, 115.7), (62.9, 115.7), (62.9, 115.7), (62.9, 115.7), (62.9, 115.7), (66.7, 115.7), (74.1, 115.7), (76.0, 115.7), (76.0, 115.7), (79.7, 115.7), (98.4, 115.7), (113.3, 121.3), (115.2, 128.8), (115.2, 128.8), (115.2, 128.8), (115.2, 128.8), (115.2, 128.8), (115.2, 128.8), (115.2, 128.8), (115.2, 128.8), (115.2, 128.8), (115.2, 128.8), (115.2, 128.8), (115.2, 128.8), (115.2, 126.9), (115.2, 126.9), (115.2, 126.9), (115.2, 126.9), (115.2, 125.1), (115.2, 128.8), (115.2, 126.9), (115.2, 125.1), (115.2, 128.8), (115.2, 126.9), (115.2, 125.1), (115.2, 128.8), (115.2, 126.9), (117.1, 115.7), (132.0, 115.7), (146.9, 115.7), (169.3, 115.7), (180.5, 128.8), (180.5, 126.9), (180.5, 125.1), (180.5, 128.8), (180.5, 126.9), (180.5, 125.1), (180.5, 128.8), (180.5, 126.9), (180.5, 125.1), (180.5, 128.8), (180.5, 115.7), (195.5, 110.1), (210.4, 113.9), (229.1, 108.3), (244.0, 110.1), (258.9, 110.1), (273.9, 115.7), (294.4, 110.1), (309.3, 108.3), (324.3, 112.0), (339.2, 115.7), (356.0, 112.0), (370.9, 100.8), (365.3, 85.9), (365.3, 76.5), (365.3, 76.5), (365.3, 76.5), (365.3, 76.5), (365.3, 76.5), (365.3, 76.5), (365.3, 76.5), (365.3, 76.5), (365.3, 76.5), (365.3, 76.5), (365.3, 76.5), (365.3, 76.5), (365.3, 76.5), (365.3, 76.5), (365.3, 76.5), (365.3, 76.5), (365.3, 76.5), (365.3, 76.5), (365.3, 76.5), (365.3, 76.5), (365.3, 76.5), (365.3, 76.5), (365.3, 76.5), (365.3, 76.5), (365.3, 76.5), (365.3, 76.5), (365.3, 76.5), (365.3, 76.5), (365.3, 76.5), (365.3, 76.5), (365.3, 76.5), (365.3, 76.5), (365.3, 76.5), (365.3, 76.5), (365.3, 76.5), (365.3, 76.5), (365.3, 76.5), (365.3, 76.5), (365.3, 76.5), (365.3, 76.5), (365.3, 76.5), (365.3, 76.5), (365.3, 76.5), (365.3, 76.5), (365.3, 76.5), (365.3, 76.5), (365.3, 76.5), (365.3, 76.5), (365.3, 76.5)]",0,0,16.0
experienced,bomberman,8,Bomb,92,0,13.07,0.611,"[(48.0, 112.0), (51.7, 126.9), (44.3, 141.9), (44.3, 156.8), (51.7, 171.7), (64.8, 179.2), (64.8, 179.2), (64.8, 179.2), (64.8, 179.2), (64.8, 179.2), (64.8, 179.2), (64.8, 179.2), (64.8, 179.2), (64.8, 179.2), (64.8, 179.2), (64.8, 179.2), (64.8, 179.2), (64.8, 179.2), (64.8, 179.2), (64.8, 179.2), (64.8, 179.2), (64.8, 179.2), (64.8, 179.2), (64.8, 179.2), (64.8, 179.2), (64.8, 179.2), (64.8, 179.2), (62.9, 179.2), (64.8, 179.2), (64.8, 177.3), (62.9, 179.2), (64.8, 179.2), (64.8, 177.3), (74.1, 179.2), (76.0, 179.2), (87.2, 179.2), (105.9, 179.2), (115.2, 192.3), (115.2, 207.2), (115.2, 227.7), (120.8, 242.7), (128.3, 244.5), (128.3, 244.5), (128.3, 244.5), (128.3, 244.5), (128.3, 244.5), (128.3, 244.5), (128.3, 244.5), (128.3, 244.5), (128.3, 244.5), (128.3, 244.5), (128.3, 244.5), (128.3, 244.5), (128.3, 244.5), (128.3, 244.5), (128.3, 244.5), (128.3, 244.5), (128.3, 244.5), (128.3, 244.5), (126.4, 244.5), (128.3, 244.5), (128.3, 242.7), (126.4, 244.5), (135.7, 244.5), (154.4, 244.5), (173.1, 235.2), (188.0, 244.5), (191.7, 244.5), (191.7, 244.5), (202.9, 244.5), (225.3, 244.5), (240.3, 244.5), (255.2, 244.5), (255.2, 244.5), (255.2, 244.5), (255.2, 244.5), (255.2, 244.5), (255.2, 244.5), (255.2, 244.5), (255.2, 244.5), (255.2, 244.5), (255.2, 244.5), (255.2, 244.5), (255.2, 244.5), (255.2, 244.5), (255.2, 244.5), (255.2, 244.5), (255.2, 244.5), (255.2, 244.5), (255.2, 244.5), (255.2, 244.5), (268.3, 237.1), (268.3, 244.5), (268.3, 244.5), (268.3, 244.5), (268.3, 244.5), (268.3, 244.5), (268.3, 244.5), (268.3, 244.5), (268.3, 244.5), (268.3, 244.5), (268.3, 244.5), (268.3, 244.5), (268.3, 244.5), (268.3, 244.5), (268.3, 244.5), (268.3, 244.5), (268.3, 244.5), (268.3, 244.5), (268.3, 244.5), (268.3, 244.5), (268.3, 244.5), (268.3, 244.5), (268.3, 244.5), (268.3, 244.5), (268.3, 244.5), (268.3, 244.5), (268.3, 244.5), (268.3, 244.5), (273.9, 242.7), (283.2, 237.1)]",0,0,16.0
experienced,bomberman,8,Bomb,2,0,19.72,0.667,"[(48.0, 112.0), (62.9, 115.7), (62.9, 115.7), (62.9, 115.7), (62.9, 115.7), (62.9, 115.7), (62.9, 115.7), (62.9, 115.7), (62.9, 115.7), (62.9, 115.7), (62.9, 115.7), (62.9, 115.7), (62.9, 115.7), (62.9, 115.7), (62.9, 115.7), (62.9, 115.7), (66.7, 115.7), (76.0, 115.7), (76.0, 115.7), (76.0, 115.7), (76.0, 115.7), (79.7, 115.7), (98.4, 115.7), (113.3, 121.3), (109.6, 136.3), (109.6, 153.1), (115.2, 171.7), (128.3, 179.2), (128.3, 179.2), (128.3, 179.2), (128.3, 179.2), (135.7, 179.2), (154.4, 179.2), (173.1, 181.1), (173.1, 196.0), (173.1, 210.9), (180.5, 231.5), (189.9, 244.5), (193.6, 244.5), (193.6, 244.5), (193.6, 244.5), (193.6, 244.5), (193.6, 244.5), (193.6, 244.5), (193.6, 244.5), (193.6, 244.5), (193.6, 244.5), (197.3, 244.5), (208.5, 244.5), (229.1, 244.5), (244.0, 253.9), (236.5, 268.8), (236.5, 291.2), (240.3, 287.5), (240.3, 287.5), (240.3, 287.5), (240.3, 287.5), (240.3, 287.5), (240.3, 287.5), (240.3, 287.5), (240.3, 287.5), (236.5, 285.6), (236.5, 270.7), (242.1, 250.1), (253.3, 237.1), (268.3, 244.5), (288.8, 244.5), (303.7, 231.5), (301.9, 216.5), (300.0, 199.7), (307.5, 179.2), (322.4, 175.5), (329.9, 179.2), (333.6, 179.2), (335.5, 179.2), (337.3, 179.2), (337.3, 179.2), (339.2, 179.2), (354.1, 177.3), (369.1, 168.0), (367.2, 153.1), (365.3, 136.3), (372.8, 115.7), (380.3, 108.3), (380.3, 108.3), (380.3, 108.3), (380.3, 108.3), (380.3, 108.3), (380.3, 108.3), (380.3, 108.3), (380.3, 108.3), (384.0, 112.0), (384.0, 115.7), (384.0, 113.9), (382.1, 115.7), (384.0, 112.0), (384.0, 108.3), (384.0, 108.3), (384.0, 108.3), (384.0, 108.3), (384.0, 108.3), (384.0, 108.3), (384.0, 108.3), (384.0, 108.3), (384.0, 108.3), (387.7, 108.3), (387.7, 108.3), (391.5, 108.3), (391.5, 108.3), (391.5, 108.3), (391.5, 108.3), (391.5, 108.3), (391.5, 108.3), (391.5, 108.3), (391.5, 108.3), (391.5, 108.3), (391.5, 108.3), (387.7, 108.3), (387.7, 108.3), (387.7, 108.3), (387.7, 108.3)]",0,0,16.0
experienced,bomberman,8,Enemy,1,0,26.31,0.778,"[(48.0, 112.0), (62.9, 115.7), (62.9, 115.7), (66.7, 115.7), (76.0, 115.7), (76.0, 115.7), (76.0, 115.7), (89.1, 115.7), (105.9, 115.7), (115.2, 128.8), (109.6, 143.7), (113.3, 164.3), (120.8, 179.2), (128.3, 179.2), (128.3, 179.2), (132.0, 179.2), (135.7, 179.2), (143.2, 179.2), (160.0, 179.2), (174.9, 182.9), (174.9, 197.9), (173.1, 212.8), (180.5, 233.3), (191.7, 244.5), (191.7, 244.5), (191.7, 244.5), (191.7, 244.5), (195.5, 244.5), (199.2, 244.5), (206.7, 244.5), (221.6, 244.5), (236.5, 244.5), (236.5, 257.6), (236.5, 257.6), (236.5, 257.6), (236.5, 257.6), (236.5, 257.6), (236.5, 257.6), (236.5, 257.6), (236.5, 257.6), (236.5, 257.6), (236.5, 257.6), (236.5, 257.6), (236.5, 257.6), (236.5, 257.6), (244.0, 255.7), (244.0, 255.7), (244.0, 255.7), (244.0, 255.7), (244.0, 255.7), (244.0, 246.4), (257.1, 237.1), (272.0, 244.5), (288.8, 244.5), (288.8, 244.5), (288.8, 244.5), (292.5, 244.5), (296.3, 244.5), (300.0, 244.5), (307.5, 244.5), (322.4, 238.9), (337.3, 237.1), (357.9, 237.1), (365.3, 235.2), (365.3, 235.2), (365.3, 235.2), (365.3, 235.2), (365.3, 235.2), (365.3, 227.7), (365.3, 222.1), (365.3, 222.1), (365.3, 222.1), (365.3, 222.1), (365.3, 222.1), (365.3, 222.1), (365.3, 222.1), (365.3, 222.1), (365.3, 222.1), (365.3, 222.1), (365.3, 222.1), (365.3, 222.1), (365.3, 222.1), (365.3, 222.1), (365.3, 222.1), (365.3, 222.1), (365.3, 222.1)]",0,0,11.35
experienced,bomberman,8,Enemy,13,0,15.92,0.667,"[(48.0, 112.0), (51.7, 126.9), (51.7, 141.9), (51.7, 162.4), (55.5, 177.3), (62.9, 179.2), (62.9, 179.2), (66.7, 179.2), (74.1, 179.2), (79.7, 179.2), (92.8, 179.2), (107.7, 179.2), (113.3, 192.3), (109.6, 192.3), (111.5, 192.3), (109.6, 190.4), (109.6, 192.3), (111.5, 192.3), (115.2, 192.3), (115.2, 192.3), (115.2, 192.3), (115.2, 192.3), (115.2, 192.3), (115.2, 192.3), (115.2, 192.3), (115.2, 192.3), (115.2, 192.3), (115.2, 192.3), (115.2, 192.3), (115.2, 192.3), (115.2, 192.3), (115.2, 190.4), (115.2, 190.4), (115.2, 190.4), (115.2, 190.4), (115.2, 188.5), (115.2, 192.3), (115.2, 190.4), (115.2, 188.5), (115.2, 192.3), (115.2, 190.4), (115.2, 188.5), (115.2, 192.3), (115.2, 190.4), (115.2, 188.5), (115.2, 192.3), (115.2, 190.4), (115.2, 188.5), (115.2, 192.3), (115.2, 190.4), (115.2, 188.5), (115.2, 192.3), (115.2, 190.4), (115.2, 188.5), (115.2, 192.3), (115.2, 190.4), (115.2, 186.7), (115.2, 179.2), (130.1, 179.2), (145.1, 179.2), (167.5, 179.2), (180.5, 190.4), (180.5, 182.9), (184.3, 175.5), (199.2, 179.2), (217.9, 179.2), (236.5, 179.2), (251.5, 179.2), (266.4, 179.2), (286.9, 179.2), (301.9, 179.2), (316.8, 177.3), (331.7, 179.2), (348.5, 179.2), (344.8, 179.2), (346.7, 179.2), (348.5, 179.2), (344.8, 179.2), (346.7, 179.2), (348.5, 179.2), (350.4, 179.2), (346.7, 179.2), (348.5, 179.2), (350.4, 179.2), (346.7, 179.2), (348.5, 179.2), (350.4, 179.2), (346.7, 179.2), (348.5, 179.2), (350.4, 179.2), (346.7, 179.2), (357.9, 173.6), (365.3, 171.7), (365.3, 171.7), (365.3, 171.7), (365.3, 171.7), (365.3, 171.7)]",0,0,12.9
experienced,bomberman,8,Enemy,1,0,23.83,0.722,"[(48.0, 112.0), (62.9, 115.7), (62.9, 115.7), (62.9, 115.7), (62.9, 115.7), (66.7, 115.7), (76.0, 115.7), (76.0, 115.7), (76.0, 115.7), (77.9, 115.7), (96.5, 115.7), (111.5, 119.5), (115.2, 134.4), (115.2, 149.3), (115.2, 169.9), (126.4, 179.2), (141.3, 179.2), (161.9, 179.2), (176.8, 184.8), (173.1, 199.7), (173.1, 216.5), (180.5, 235.2), (193.6, 244.5), (197.3, 244.5), (206.7, 244.5), (221.6, 244.5), (236.5, 246.4), (244.0, 250.1), (244.0, 250.1), (244.0, 250.1), (244.0, 250.1), (244.0, 250.1), (244.0, 250.1), (244.0, 250.1), (245.9, 242.7), (260.8, 240.8), (268.3, 244.5), (268.3, 244.5), (268.3, 244.5), (268.3, 244.5), (268.3, 244.5), (268.3, 244.5), (268.3, 244.5), (268.3, 244.5), (268.3, 244.5), (268.3, 244.5), (268.3, 244.5), (268.3, 244.5), (268.3, 244.5), (268.3, 244.5), (268.3, 244.5), (268.3, 244.5), (268.3, 244.5), (270.1, 244.5), (281.3, 244.5), (300.0, 244.5), (314.9, 238.9), (318.7, 238.9), (318.7, 238.9), (318.7, 238.9), (318.7, 238.9), (333.6, 237.1), (333.6, 244.5), (333.6, 244.5), (333.6, 244.5), (333.6, 244.5), (333.6, 244.5), (333.6, 244.5), (333.6, 244.5), (333.6, 244.5), (333.6, 244.5), (333.6, 244.5), (333.6, 244.5), (333.6, 244.5), (333.6, 244.5), (333.6, 244.5), (333.6, 244.5), (333.6, 244.5), (333.6, 244.5), (333.6, 244.5), (333.6, 244.5), (333.6, 244.5), (333.6, 244.5), (333.6, 244.5), (333.6, 244.5), (333.6, 244.5), (333.6, 244.5), (341.1, 244.5), (348.5, 244.5)]",0,0,11.75
experienced,bomberman,8,Enemy,8,0,33.03,0.889,"[(48.0, 112.0), (62.9, 115.7), (77.9, 115.7), (96.5, 115.7), (111.5, 119.5), (109.6, 134.4), (109.6, 149.3), (115.2, 169.9), (126.4, 179.2), (141.3, 179.2), (161.9, 179.2), (176.8, 184.8), (173.1, 199.7), (173.1, 216.5), (180.5, 235.2), (193.6, 244.5), (193.6, 244.5), (193.6, 244.5), (197.3, 244.5), (204.8, 244.5), (210.4, 244.5), (227.2, 244.5), (242.1, 252.0), (236.5, 266.9), (236.5, 287.5), (247.7, 304.3), (257.1, 308.0), (257.1, 308.0), (257.1, 308.0), (257.1, 308.0), (257.1, 308.0), (257.1, 308.0), (262.7, 308.0), (275.7, 308.0), (290.7, 306.1), (300.0, 304.3), (300.0, 308.0), (300.0, 308.0), (300.0, 308.0), (300.0, 308.0), (300.0, 308.0), (300.0, 308.0), (300.0, 308.0), (300.0, 308.0), (300.0, 308.0), (300.0, 308.0), (300.0, 308.0), (300.0, 308.0), (300.0, 308.0), (300.0, 308.0), (300.0, 308.0), (300.0, 308.0), (300.0, 308.0), (300.0, 308.0), (300.0, 308.0), (300.0, 308.0), (300.0, 308.0), (300.0, 308.0), (301.9, 306.1), (316.8, 300.5), (320.5, 300.5), (335.5, 300.5), (356.0, 300.5), (365.3, 304.3), (365.3, 308.0), (365.3, 308.0), (365.3, 308.0), (365.3, 308.0), (365.3, 308.0)]",0,0,9.1
experienced,bomberman,8,Bomb,3,0,17.85,0.778,"[(48.0, 112.0), (51.7, 126.9), (44.3, 141.9), (44.3, 156.8), (48.0, 171.7), (62.9, 179.2), (62.9, 179.2), (62.9, 179.2), (62.9, 179.2), (62.9, 179.2), (62.9, 179.2), (62.9, 179.2), (62.9, 179.2), (62.9, 179.2), (62.9, 179.2), (62.9, 179.2), (62.9, 179.2), (62.9, 179.2), (62.9, 179.2), (62.9, 179.2), (62.9, 179.2), (62.9, 179.2), (62.9, 179.2), (62.9, 179.2), (70.4, 179.2), (77.9, 179.2), (98.4, 179.2), (113.3, 184.8), (115.2, 199.7), (115.2, 216.5), (115.2, 235.2), (128.3, 244.5), (141.3, 244.5), (141.3, 244.5), (141.3, 244.5), (141.3, 244.5), (141.3, 244.5), (141.3, 244.5), (141.3, 244.5), (141.3, 244.5), (158.1, 244.5), (174.9, 248.3), (174.9, 257.6), (173.1, 255.7), (180.5, 257.6), (180.5, 257.6), (180.5, 257.6), (180.5, 257.6), (180.5, 257.6), (180.5, 257.6), (180.5, 257.6), (180.5, 257.6), (180.5, 257.6), (180.5, 257.6), (180.5, 248.3), (191.7, 237.1), (193.6, 244.5), (193.6, 242.7), (191.7, 244.5), (193.6, 244.5), (193.6, 242.7), (206.7, 244.5), (229.1, 240.8), (244.0, 242.7), (255.2, 244.5), (255.2, 244.5), (258.9, 244.5), (268.3, 244.5), (285.1, 244.5), (301.9, 244.5), (316.8, 244.5), (320.5, 244.5), (320.5, 244.5), (320.5, 244.5), (320.5, 244.5), (320.5, 244.5), (320.5, 244.5), (320.5, 244.5), (320.5, 244.5), (320.5, 244.5), (320.5, 244.5), (320.5, 244.5), (320.5, 244.5), (320.5, 244.5), (320.5, 244.5), (320.5, 244.5), (320.5, 244.5), (320.5, 244.5), (320.5, 244.5), (320.5, 244.5), (320.5, 244.5), (333.6, 237.1), (354.1, 237.1), (365.3, 235.2), (365.3, 235.2), (365.3, 235.2), (365.3, 235.2), (365.3, 235.2), (365.3, 235.2), (365.3, 235.2), (365.3, 235.2), (365.3, 235.2), (365.3, 235.2), (365.3, 235.2), (365.3, 235.2), (365.3, 235.2), (365.3, 235.2), (365.3, 235.2), (365.3, 235.2), (365.3, 235.2), (365.3, 235.2), (365.3, 235.2), (365.3, 235.2), (365.3, 235.2), (365.3, 235.2), (365.3, 235.2), (365.3, 235.2), (365.3, 235.2), (365.3, 235.2), (365.3, 235.2), (365.3, 235.2)]",0,0,16.0
experienced,bomberman,8,Bomb,67,0,11.66,0.778,"[(48.0, 112.0), (44.3, 126.9), (44.3, 141.9), (44.3, 156.8), (44.3, 171.7), (44.3, 186.7), (44.3, 201.6), (44.3, 216.5), (44.3, 231.5), (44.3, 246.4), (44.3, 261.3), (44.3, 276.3), (46.1, 291.2), (53.6, 306.1), (61.1, 308.0), (64.8, 308.0), (64.8, 308.0), (64.8, 308.0), (64.8, 308.0), (64.8, 308.0), (64.8, 308.0), (64.8, 308.0), (64.8, 308.0), (64.8, 308.0), (64.8, 308.0), (64.8, 308.0), (64.8, 308.0), (64.8, 308.0), (64.8, 308.0), (64.8, 308.0), (64.8, 308.0), (64.8, 308.0), (64.8, 308.0), (64.8, 308.0), (64.8, 308.0), (64.8, 308.0), (64.8, 308.0), (64.8, 308.0), (64.8, 308.0), (64.8, 308.0), (64.8, 308.0), (76.0, 308.0), (90.9, 308.0), (105.9, 300.5), (120.8, 308.0), (128.3, 308.0), (128.3, 308.0), (128.3, 308.0), (128.3, 308.0), (128.3, 308.0), (128.3, 308.0), (128.3, 308.0), (128.3, 308.0), (128.3, 308.0), (128.3, 308.0), (128.3, 308.0), (128.3, 308.0), (128.3, 308.0), (128.3, 308.0), (128.3, 308.0), (128.3, 308.0), (139.5, 306.1), (160.0, 300.5), (174.9, 300.5), (189.9, 308.0), (193.6, 308.0), (193.6, 308.0), (193.6, 308.0), (193.6, 308.0), (193.6, 308.0), (193.6, 308.0), (193.6, 308.0), (193.6, 308.0), (193.6, 308.0), (193.6, 308.0), (193.6, 308.0), (193.6, 308.0), (193.6, 308.0), (193.6, 308.0), (193.6, 308.0), (193.6, 308.0), (193.6, 308.0), (193.6, 308.0), (193.6, 308.0), (193.6, 308.0), (193.6, 308.0), (193.6, 308.0), (193.6, 308.0), (193.6, 308.0), (193.6, 308.0), (193.6, 308.0), (206.7, 300.5), (229.1, 300.5), (238.4, 304.3), (253.3, 304.3), (257.1, 308.0), (257.1, 308.0), (257.1, 308.0), (257.1, 308.0), (257.1, 308.0), (257.1, 308.0), (257.1, 308.0), (257.1, 308.0), (257.1, 308.0), (257.1, 308.0), (257.1, 308.0), (257.1, 308.0), (257.1, 308.0), (257.1, 308.0), (257.1, 308.0), (257.1, 308.0), (257.1, 308.0), (257.1, 308.0), (257.1, 308.0), (257.1, 308.0), (257.1, 308.0), (257.1, 308.0), (257.1, 308.0), (257.1, 308.0), (257.1, 308.0), (257.1, 308.0), (270.1, 300.5), (290.7, 300.5), (300.0, 304.3), (300.0, 308.0), (300.0, 308.0), (300.0, 308.0), (300.0, 308.0), (300.0, 308.0), (300.0, 308.0), (300.0, 308.0), (300.0, 308.0), (300.0, 308.0), (300.0, 308.0), (300.0, 308.0), (300.0, 308.0), (300.0, 308.0), (300.0, 308.0), (300.0, 308.0), (300.0, 308.0), (300.0, 308.0), (300.0, 302.4), (300.0, 287.5), (300.0, 287.5), (300.0, 287.5), (300.0, 287.5), (300.0, 287.5), (300.0, 287.5), (300.0, 287.5), (300.0, 287.5), (300.0, 287.5)]",0,0,20.02
experienced,bomberman,8,Enemy,2,0,25.87,0.778,"[(48.0, 112.0), (62.9, 115.7), (66.7, 115.7), (76.0, 115.7), (76.0, 115.7), (76.0, 115.7), (87.2, 115.7), (104.0, 115.7), (115.2, 126.9), (115.2, 141.9), (115.2, 162.4), (118.9, 177.3), (130.1, 179.2), (133.9, 179.2), (143.2, 179.2), (154.4, 179.2), (169.3, 179.2), (180.5, 192.3), (173.1, 207.2), (176.8, 227.7), (186.1, 242.7), (193.6, 244.5), (193.6, 244.5), (197.3, 244.5), (201.1, 244.5), (208.5, 244.5), (225.3, 244.5), (240.3, 244.5), (255.2, 244.5), (255.2, 244.5), (255.2, 244.5), (255.2, 244.5), (258.9, 244.5), (268.3, 244.5), (268.3, 244.5), (268.3, 244.5), (268.3, 244.5), (268.3, 244.5), (268.3, 244.5), (268.3, 244.5), (268.3, 244.5), (268.3, 244.5), (268.3, 244.5), (268.3, 244.5), (268.3, 244.5), (268.3, 244.5), (268.3, 244.5), (268.3, 244.5), (268.3, 244.5), (268.3, 244.5), (268.3, 244.5), (268.3, 244.5), (268.3, 244.5), (270.1, 244.5), (283.2, 244.5), (298.1, 244.5), (313.1, 237.1), (320.5, 237.1), (320.5, 237.1), (320.5, 237.1), (320.5, 237.1), (331.7, 237.1), (352.3, 237.1), (365.3, 235.2), (365.3, 235.2), (365.3, 235.2), (365.3, 235.2), (365.3, 235.2), (365.3, 235.2), (365.3, 235.2), (365.3, 235.2), (365.3, 235.2), (365.3, 235.2), (365.3, 235.2), (365.3, 235.2), (365.3, 235.2), (365.3, 235.2), (365.3, 235.2), (365.3, 235.2), (365.3, 235.2), (365.3, 235.2), (365.3, 222.1), (365.3, 222.1), (365.3, 222.1), (365.3, 222.1), (365.3, 222.1)]",0,0,11.4
experienced,bomberman,8,Bomb,2,0,19.72,0.667,"[(48.0, 112.0), (62.9, 115.7), (62.9, 115.7), (62.9, 115.7), (62.9, 115.7), (62.9, 115.7), (62.9, 115.7), (62.9, 115.7), (62.9, 115.7), (62.9, 115.7), (62.9, 115.7), (62.9, 115.7), (62.9, 115.7), (62.9, 115.7), (62.9, 115.7), (62.9, 115.7), (66.7, 115.7), (76.0, 115.7), (76.0, 115.7), (76.0, 115.7), (76.0, 115.7), (79.7, 115.7), (98.4, 115.7), (113.3, 121.3), (109.6, 136.3), (109.6, 153.1), (115.2, 171.7), (128.3, 179.2), (128.3, 179.2), (128.3, 179.2), (128.3, 179.2), (135.7, 179.2), (154.4, 179.2), (173.1, 181.1), (173.1, 196.0), (173.1, 210.9), (180.5, 231.5), (189.9, 244.5), (193.6, 244.5), (193.6, 244.5), (193.6, 244.5), (193.6, 244.5), (193.6, 244.5), (193.6, 244.5), (193.6, 244.5), (193.6, 244.5), (193.6, 244.5), (197.3, 244.5), (208.5, 244.5), (229.1, 244.5), (244.0, 253.9), (236.5, 268.8), (236.5, 291.2), (240.3, 287.5), (240.3, 287.5), (240.3, 287.5), (240.3, 287.5), (240.3, 287.5), (240.3, 287.5), (240.3, 287.5), (240.3, 287.5), (236.5, 285.6), (236.5, 270.7), (242.1, 250.1), (253.3, 237.1), (268.3, 244.5), (288.8, 244.5), (303.7, 231.5), (301.9, 216.5), (300.0, 199.7), (307.5, 179.2), (322.4, 175.5), (329.9, 179.2), (333.6, 179.2), (335.5, 179.2), (337.3, 179.2), (337.3, 179.2), (339.2, 179.2), (354.1, 177.3), (369.1, 168.0), (367.2, 153.1), (365.3, 136.3), (372.8, 115.7), (380.3, 108.3), (380.3, 108.3), (380.3, 108.3), (380.3, 108.3), (380.3, 108.3), (380.3, 108.3), (380.3, 108.3), (380.3, 108.3), (384.0, 112.0), (384.0, 115.7), (384.0, 113.9), (382.1, 115.7), (384.0, 112.0), (384.0, 108.3), (384.0, 108.3), (384.0, 108.3), (384.0, 108.3), (384.0, 108.3), (384.0, 108.3), (384.0, 108.3), (384.0, 108.3), (384.0, 108.3), (387.7, 108.3), (387.7, 108.3), (391.5, 108.3), (391.5, 108.3), (391.5, 108.3), (391.5, 108.3), (391.5, 108.3), (391.5, 108.3), (391.5, 108.3), (391.5, 108.3), (391.5, 108.3), (391.5, 108.3), (387.7, 108.3), (387.7, 108.3), (387.7, 108.3), (387.7, 108.3)]",0,0,16.0
experienced,bomberman,8,Enemy,1,0,23.83,0.722,"[(48.0, 112.0), (62.9, 115.7), (62.9, 115.7), (62.9, 115.7), (62.9, 115.7), (66.7, 115.7), (76.0, 115.7), (76.0, 115.7), (76.0, 115.7), (77.9, 115.7), (96.5, 115.7), (111.5, 119.5), (115.2, 134.4), (115.2, 149.3), (115.2, 169.9), (126.4, 179.2), (141.3, 179.2), (161.9, 179.2), (176.8, 184.8), (173.1, 199.7), (173.1, 216.5), (180.5, 235.2), (193.6, 244.5), (197.3, 244.5), (206.7, 244.5), (221.6, 244.5), (236.5, 246.4), (244.0, 250.1), (244.0, 250.1), (244.0, 250.1), (244.0, 250.1), (244.0, 250.1), (244.0, 250.1), (244.0, 250.1), (245.9, 242.7), (260.8, 240.8), (268.3, 244.5), (268.3, 244.5), (268.3, 244.5), (268.3, 244.5), (268.3, 244.5), (268.3, 244.5), (268.3, 244.5), (268.3, 244.5), (268.3, 244.5), (268.3, 244.5), (268.3, 244.5), (268.3, 244.5), (268.3, 244.5), (268.3, 244.5), (268.3, 244.5), (268.3, 244.5), (268.3, 244.5), (270.1, 244.5), (281.3, 244.5), (300.0, 244.5), (314.9, 238.9), (318.7, 238.9), (318.7, 238.9), (318.7, 238.9), (318.7, 238.9), (333.6, 237.1), (333.6, 244.5), (333.6, 244.5), (333.6, 244.5), (333.6, 244.5), (333.6, 244.5), (333.6, 244.5), (333.6, 244.5), (333.6, 244.5), (333.6, 244.5), (333.6, 244.5), (333.6, 244.5), (333.6, 244.5), (333.6, 244.5), (333.6, 244.5), (333.6, 244.5), (333.6, 244.5), (333.6, 244.5), (333.6, 244.5), (333.6, 244.5), (333.6, 244.5), (333.6, 244.5), (333.6, 244.5), (333.6, 244.5), (333.6, 244.5), (333.6, 244.5), (341.1, 244.5), (348.5, 244.5)]",0,0,11.75
experienced,bomberman,8,Bomb,5,0,29.57,0.778,"[(48.0, 112.0), (62.9, 115.7), (77.9, 115.7), (98.4, 115.7), (113.3, 121.3), (115.2, 136.3), (115.2, 153.1), (115.2, 171.7), (128.3, 179.2), (143.2, 179.2), (165.6, 179.2), (180.5, 188.5), (173.1, 203.5), (173.1, 224.0), (182.4, 238.9), (197.3, 244.5), (214.1, 244.5), (234.7, 244.5), (242.1, 259.5), (236.5, 274.4), (242.1, 296.8), (255.2, 308.0), (257.1, 308.0), (257.1, 308.0), (257.1, 308.0), (257.1, 308.0), (257.1, 308.0), (257.1, 308.0), (257.1, 308.0), (257.1, 308.0), (258.9, 308.0), (270.1, 308.0), (285.1, 308.0), (298.1, 300.5), (300.0, 308.0), (300.0, 308.0), (300.0, 308.0), (300.0, 308.0), (300.0, 308.0), (300.0, 308.0), (300.0, 308.0), (300.0, 308.0), (300.0, 308.0), (300.0, 308.0), (300.0, 308.0), (300.0, 308.0), (300.0, 308.0), (300.0, 308.0), (300.0, 308.0), (300.0, 308.0), (300.0, 308.0), (300.0, 308.0), (300.0, 308.0), (300.0, 308.0), (300.0, 308.0), (300.0, 308.0), (300.0, 308.0), (303.7, 294.9), (307.5, 287.5), (307.5, 287.5), (307.5, 287.5)]",0,0,8.02
experienced,bomberman,8,Enemy,1,0,33.94,0.5,"[(48.0, 112.0), (51.7, 126.9), (44.3, 141.9), (44.3, 156.8), (51.7, 171.7), (64.8, 179.2), (64.8, 179.2), (64.8, 179.2), (64.8, 179.2), (64.8, 179.2), (64.8, 179.2), (64.8, 179.2), (64.8, 179.2), (68.5, 179.2), (79.7, 179.2), (100.3, 179.2), (115.2, 186.7), (109.6, 201.6), (109.6, 220.3), (115.2, 237.1), (130.1, 244.5), (145.1, 244.5), (167.5, 244.5), (180.5, 255.7), (173.1, 270.7)]",0,0,3.3
experienced,bomberman,8,Enemy,1,0,27.5,0.556,"[(48.0, 112.0), (51.7, 126.9), (51.7, 141.9), (51.7, 162.4), (55.5, 177.3), (62.9, 179.2), (62.9, 179.2), (62.9, 179.2), (62.9, 179.2), (62.9, 179.2), (62.9, 179.2), (62.9, 179.2), (62.9, 179.2), (62.9, 179.2), (62.9, 179.2), (62.9, 179.2), (62.9, 179.2), (66.7, 179.2), (70.4, 179.2), (79.7, 179.2), (92.8, 179.2), (107.7, 179.2), (115.2, 194.1), (115.2, 209.1), (115.2, 229.6), (122.7, 244.5), (126.4, 244.5), (126.4, 244.5), (130.1, 244.5), (133.9, 244.5), (145.1, 244.5), (165.6, 244.5), (180.5, 253.9), (173.1, 268.8), (173.1, 291.2), (186.1, 304.3)]",0,0,4.68
experienced,bomberman,8,Enemy,1,0,26.48,0.556,"[(48.0, 112.0), (51.7, 126.9), (44.3, 141.9), (44.3, 156.8), (51.7, 171.7), (64.8, 179.2), (64.8, 179.2), (64.8, 179.2), (64.8, 179.2), (64.8, 179.2), (64.8, 179.2), (64.8, 179.2), (64.8, 179.2), (64.8, 179.2), (64.8, 179.2), (64.8, 179.2), (64.8, 179.2), (64.8, 179.2), (64.8, 179.2), (64.8, 179.2), (68.5, 179.2), (76.0, 179.2), (96.5, 179.2), (111.5, 182.9), (115.2, 197.9), (115.2, 212.8), (115.2, 233.3), (126.4, 244.5), (141.3, 244.5), (163.7, 244.5), (178.7, 252.0), (173.1, 266.9), (173.1, 287.5)]",0,0,4.3
experienced,bomberman,8,Enemy,8,0,33.03,0.889,"[(48.0, 112.0), (62.9, 115.7), (77.9, 115.7), (96.5, 115.7), (111.5, 119.5), (109.6, 134.4), (109.6, 149.3), (115.2, 169.9), (126.4, 179.2), (141.3, 179.2), (161.9, 179.2), (176.8, 184.8), (173.1, 199.7), (173.1, 216.5), (180.5, 235.2), (193.6, 244.5), (193.6, 244.5), (193.6, 244.5), (197.3, 244.5), (204.8, 244.5), (210.4, 244.5), (227.2, 244.5), (242.1, 252.0), (236.5, 266.9), (236.5, 287.5), (247.7, 304.3), (257.1, 308.0), (257.1, 308.0), (257.1, 308.0), (257.1, 308.0), (257.1, 308.0), (257.1, 308.0), (262.7, 308.0), (275.7, 308.0), (290.7, 306.1), (300.0, 304.3), (300.0, 308.0), (300.0, 308.0), (300.0, 308.0), (300.0, 308.0), (300.0, 308.0), (300.0, 308.0), (300.0, 308.0), (300.0, 308.0), (300.0, 308.0), (300.0, 308.0), (300.0, 308.0), (300.0, 308.0), (300.0, 308.0), (300.0, 308.0), (300.0, 308.0), (300.0, 308.0), (300.0, 308.0), (300.0, 308.0), (300.0, 308.0), (300.0, 308.0), (300.0, 308.0), (300.0, 308.0), (301.9, 306.1), (316.8, 300.5), (320.5, 300.5), (335.5, 300.5), (356.0, 300.5), (365.3, 304.3), (365.3, 308.0), (365.3, 308.0), (365.3, 308.0), (365.3, 308.0), (365.3, 308.0)]",0,0,9.1
experienced,bomberman,8,Bomb,3,0,17.85,0.778,"[(48.0, 112.0), (51.7, 126.9), (44.3, 141.9), (44.3, 156.8), (48.0, 171.7), (62.9, 179.2), (62.9, 179.2), (62.9, 179.2), (62.9, 179.2), (62.9, 179.2), (62.9, 179.2), (62.9, 179.2), (62.9, 179.2), (62.9, 179.2), (62.9, 179.2), (62.9, 179.2), (62.9, 179.2), (62.9, 179.2), (62.9, 179.2), (62.9, 179.2), (62.9, 179.2), (62.9, 179.2), (62.9, 179.2), (62.9, 179.2), (70.4, 179.2), (77.9, 179.2), (98.4, 179.2), (113.3, 184.8), (115.2, 199.7), (115.2, 216.5), (115.2, 235.2), (128.3, 244.5), (141.3, 244.5), (141.3, 244.5), (141.3, 244.5), (141.3, 244.5), (141.3, 244.5), (141.3, 244.5), (141.3, 244.5), (141.3, 244.5), (158.1, 244.5), (174.9, 248.3), (174.9, 257.6), (173.1, 255.7), (180.5, 257.6), (180.5, 257.6), (180.5, 257.6), (180.5, 257.6), (180.5, 257.6), (180.5, 257.6), (180.5, 257.6), (180.5, 257.6), (180.5, 257.6), (180.5, 257.6), (180.5, 248.3), (191.7, 237.1), (193.6, 244.5), (193.6, 242.7), (191.7, 244.5), (193.6, 244.5), (193.6, 242.7), (206.7, 244.5), (229.1, 240.8), (244.0, 242.7), (255.2, 244.5), (255.2, 244.5), (258.9, 244.5), (268.3, 244.5), (285.1, 244.5), (301.9, 244.5), (316.8, 244.5), (320.5, 244.5), (320.5, 244.5), (320.5, 244.5), (320.5, 244.5), (320.5, 244.5), (320.5, 244.5), (320.5, 244.5), (320.5, 244.5), (320.5, 244.5), (320.5, 244.5), (320.5, 244.5), (320.5, 244.5), (320.5, 244.5), (320.5, 244.5), (320.5, 244.5), (320.5, 244.5), (320.5, 244.5), (320.5, 244.5), (320.5, 244.5), (320.5, 244.5), (333.6, 237.1), (354.1, 237.1), (365.3, 235.2), (365.3, 235.2), (365.3, 235.2), (365.3, 235.2), (365.3, 235.2), (365.3, 235.2), (365.3, 235.2), (365.3, 235.2), (365.3, 235.2), (365.3, 235.2), (365.3, 235.2), (365.3, 235.2), (365.3, 235.2), (365.3, 235.2), (365.3, 235.2), (365.3, 235.2), (365.3, 235.2), (365.3, 235.2), (365.3, 235.2), (365.3, 235.2), (365.3, 235.2), (365.3, 235.2), (365.3, 235.2), (365.3, 235.2), (365.3, 235.2), (365.3, 235.2), (365.3, 235.2), (365.3, 235.2)]",0,0,16.0
experienced,bomberman,8,Bomb,5,0,29.57,0.778,"[(48.0, 112.0), (62.9, 115.7), (77.9, 115.7), (98.4, 115.7), (113.3, 121.3), (115.2, 136.3), (115.2, 153.1), (115.2, 171.7), (128.3, 179.2), (143.2, 179.2), (165.6, 179.2), (180.5, 188.5), (173.1, 203.5), (173.1, 224.0), (182.4, 238.9), (197.3, 244.5), (214.1, 244.5), (234.7, 244.5), (242.1, 259.5), (236.5, 274.4), (242.1, 296.8), (255.2, 308.0), (257.1, 308.0), (257.1, 308.0), (257.1, 308.0), (257.1, 308.0), (257.1, 308.0), (257.1, 308.0), (257.1, 308.0), (257.1, 308.0), (258.9, 308.0), (270.1, 308.0), (285.1, 308.0), (298.1, 300.5), (300.0, 308.0), (300.0, 308.0), (300.0, 308.0), (300.0, 308.0), (300.0, 308.0), (300.0, 308.0), (300.0, 308.0), (300.0, 308.0), (300.0, 308.0), (300.0, 308.0), (300.0, 308.0), (300.0, 308.0), (300.0, 308.0), (300.0, 308.0), (300.0, 308.0), (300.0, 308.0), (300.0, 308.0), (300.0, 308.0), (300.0, 308.0), (300.0, 308.0), (300.0, 308.0), (300.0, 308.0), (300.0, 308.0), (303.7, 294.9), (307.5, 287.5), (307.5, 287.5), (307.5, 287.5)]",0,0,8.02
experienced,bomberman,8,Enemy,2,0,25.87,0.778,"[(48.0, 112.0), (62.9, 115.7), (66.7, 115.7), (76.0, 115.7), (76.0, 115.7), (76.0, 115.7), (87.2, 115.7), (104.0, 115.7), (115.2, 126.9), (115.2, 141.9), (115.2, 162.4), (118.9, 177.3), (130.1, 179.2), (133.9, 179.2), (143.2, 179.2), (154.4, 179.2), (169.3, 179.2), (180.5, 192.3), (173.1, 207.2), (176.8, 227.7), (186.1, 242.7), (193.6, 244.5), (193.6, 244.5), (197.3, 244.5), (201.1, 244.5), (208.5, 244.5), (225.3, 244.5), (240.3, 244.5), (255.2, 244.5), (255.2, 244.5), (255.2, 244.5), (255.2, 244.5), (258.9, 244.5), (268.3, 244.5), (268.3, 244.5), (268.3, 244.5), (268.3, 244.5), (268.3, 244.5), (268.3, 244.5), (268.3, 244.5), (268.3, 244.5), (268.3, 244.5), (268.3, 244.5), (268.3, 244.5), (268.3, 244.5), (268.3, 244.5), (268.3, 244.5), (268.3, 244.5), (268.3, 244.5), (268.3, 244.5), (268.3, 244.5), (268.3, 244.5), (268.3, 244.5), (270.1, 244.5), (283.2, 244.5), (298.1, 244.5), (313.1, 237.1), (320.5, 237.1), (320.5, 237.1), (320.5, 237.1), (320.5, 237.1), (331.7, 237.1), (352.3, 237.1), (365.3, 235.2), (365.3, 235.2), (365.3, 235.2), (365.3, 235.2), (365.3, 235.2), (365.3, 235.2), (365.3, 235.2), (365.3, 235.2), (365.3, 235.2), (365.3, 235.2), (365.3, 235.2), (365.3, 235.2), (365.3, 235.2), (365.3, 235.2), (365.3, 235.2), (365.3, 235.2), (365.3, 235.2), (365.3, 235.2), (365.3, 222.1), (365.3, 222.1), (365.3, 222.1), (365.3, 222.1), (365.3, 222.1)]",0,0,11.4
experienced,bomberman,8,Bomb,67,0,11.66,0.778,"[(48.0, 112.0), (44.3, 126.9), (44.3, 141.9), (44.3, 156.8), (44.3, 171.7), (44.3, 186.7), (44.3, 201.6), (44.3, 216.5), (44.3, 231.5), (44.3, 246.4), (44.3, 261.3), (44.3, 276.3), (46.1, 291.2), (53.6, 306.1), (61.1, 308.0), (64.8, 308.0), (64.8, 308.0), (64.8, 308.0), (64.8, 308.0), (64.8, 308.0), (64.8, 308.0), (64.8, 308.0), (64.8, 308.0), (64.8, 308.0), (64.8, 308.0), (64.8, 308.0), (64.8, 308.0), (64.8, 308.0), (64.8, 308.0), (64.8, 308.0), (64.8, 308.0), (64.8, 308.0), (64.8, 308.0), (64.8, 308.0), (64.8, 308.0), (64.8, 308.0), (64.8, 308.0), (64.8, 308.0), (64.8, 308.0), (64.8, 308.0), (64.8, 308.0), (76.0, 308.0), (90.9, 308.0), (105.9, 300.5), (120.8, 308.0), (128.3, 308.0), (128.3, 308.0), (128.3, 308.0), (128.3, 308.0), (128.3, 308.0), (128.3, 308.0), (128.3, 308.0), (128.3, 308.0), (128.3, 308.0), (128.3, 308.0), (128.3, 308.0), (128.3, 308.0), (128.3, 308.0), (128.3, 308.0), (128.3, 308.0), (128.3, 308.0), (139.5, 306.1), (160.0, 300.5), (174.9, 300.5), (189.9, 308.0), (193.6, 308.0), (193.6, 308.0), (193.6, 308.0), (193.6, 308.0), (193.6, 308.0), (193.6, 308.0), (193.6, 308.0), (193.6, 308.0), (193.6, 308.0), (193.6, 308.0), (193.6, 308.0), (193.6, 308.0), (193.6, 308.0), (193.6, 308.0), (193.6, 308.0), (193.6, 308.0), (193.6, 308.0), (193.6, 308.0), (193.6, 308.0), (193.6, 308.0), (193.6, 308.0), (193.6, 308.0), (193.6, 308.0), (193.6, 308.0), (193.6, 308.0), (193.6, 308.0), (206.7, 300.5), (229.1, 300.5), (238.4, 304.3), (253.3, 304.3), (257.1, 308.0), (257.1, 308.0), (257.1, 308.0), (257.1, 308.0), (257.1, 308.0), (257.1, 308.0), (257.1, 308.0), (257.1, 308.0), (257.1, 308.0), (257.1, 308.0), (257.1, 308.0), (257.1, 308.0), (257.1, 308.0), (257.1, 308.0), (257.1, 308.0), (257.1, 308.0), (257.1, 308.0), (257.1, 308.0), (257.1, 308.0), (257.1, 308.0), (257.1, 308.0), (257.1, 308.0), (257.1, 308.0), (257.1, 308.0), (257.1, 308.0), (257.1, 308.0), (270.1, 300.5), (290.7, 300.5), (300.0, 304.3), (300.0, 308.0), (300.0, 308.0), (300.0, 308.0), (300.0, 308.0), (300.0, 308.0), (300.0, 308.0), (300.0, 308.0), (300.0, 308.0), (300.0, 308.0), (300.0, 308.0), (300.0, 308.0), (300.0, 308.0), (300.0, 308.0), (300.0, 308.0), (300.0, 308.0), (300.0, 308.0), (300.0, 308.0), (300.0, 302.4), (300.0, 287.5), (300.0, 287.5), (300.0, 287.5), (300.0, 287.5), (300.0, 287.5), (300.0, 287.5), (300.0, 287.5), (300.0, 287.5), (300.0, 287.5)]",0,0,20.02
experienced,bomberman,8,Bomb,2,0,19.72,0.667,"[(48.0, 112.0), (62.9, 115.7), (62.9, 115.7), (62.9, 115.7), (62.9, 115.7), (62.9, 115.7), (62.9, 115.7), (62.9, 115.7), (62.9, 115.7), (62.9, 115.7), (62.9, 115.7), (62.9, 115.7), (62.9, 115.7), (62.9, 115.7), (62.9, 115.7), (62.9, 115.7), (66.7, 115.7), (76.0, 115.7), (76.0, 115.7), (76.0, 115.7), (76.0, 115.7), (79.7, 115.7), (98.4, 115.7), (113.3, 121.3), (109.6, 136.3), (109.6, 153.1), (115.2, 171.7), (128.3, 179.2), (128.3, 179.2), (128.3, 179.2), (128.3, 179.2), (135.7, 179.2), (154.4, 179.2), (173.1, 181.1), (173.1, 196.0), (173.1, 210.9), (180.5, 231.5), (189.9, 244.5), (193.6, 244.5), (193.6, 244.5), (193.6, 244.5), (193.6, 244.5), (193.6, 244.5), (193.6, 244.5), (193.6, 244.5), (193.6, 244.5), (193.6, 244.5), (197.3, 244.5), (208.5, 244.5), (229.1, 244.5), (244.0, 253.9), (236.5, 268.8), (236.5, 291.2), (240.3, 287.5), (240.3, 287.5), (240.3, 287.5), (240.3, 287.5), (240.3, 287.5), (240.3, 287.5), (240.3, 287.5), (240.3, 287.5), (236.5, 285.6), (236.5, 270.7), (242.1, 250.1), (253.3, 237.1), (268.3, 244.5), (288.8, 244.5), (303.7, 231.5), (301.9, 216.5), (300.0, 199.7), (307.5, 179.2), (322.4, 175.5), (329.9, 179.2), (333.6, 179.2), (335.5, 179.2), (337.3, 179.2), (337.3, 179.2), (339.2, 179.2), (354.1, 177.3), (369.1, 168.0), (367.2, 153.1), (365.3, 136.3), (372.8, 115.7), (380.3, 108.3), (380.3, 108.3), (380.3, 108.3), (380.3, 108.3), (380.3, 108.3), (380.3, 108.3), (380.3, 108.3), (380.3, 108.3), (384.0, 112.0), (384.0, 115.7), (384.0, 113.9), (382.1, 115.7), (384.0, 112.0), (384.0, 108.3), (384.0, 108.3), (384.0, 108.3), (384.0, 108.3), (384.0, 108.3), (384.0, 108.3), (384.0, 108.3), (384.0, 108.3), (384.0, 108.3), (387.7, 108.3), (387.7, 108.3), (391.5, 108.3), (391.5, 108.3), (391.5, 108.3), (391.5, 108.3), (391.5, 108.3), (391.5, 108.3), (391.5, 108.3), (391.5, 108.3), (391.5, 108.3), (391.5, 108.3), (387.7, 108.3), (387.7, 108.3), (387.7, 108.3), (387.7, 108.3)]",0,0,16.0
experienced,bomberman,8,Enemy,48,0,26.11,0.778,"[(48.0, 112.0), (62.9, 115.7), (77.9, 115.7), (98.4, 115.7), (113.3, 121.3), (109.6, 136.3), (109.6, 153.1), (115.2, 171.7), (128.3, 179.2), (132.0, 179.2), (139.5, 179.2), (145.1, 179.2), (161.9, 179.2), (176.8, 184.8), (173.1, 199.7), (173.1, 216.5), (180.5, 235.2), (193.6, 244.5), (193.6, 244.5), (193.6, 244.5), (193.6, 244.5), (193.6, 244.5), (193.6, 244.5), (193.6, 244.5), (197.3, 244.5), (204.8, 244.5), (214.1, 244.5), (229.1, 244.5), (244.0, 253.9), (236.5, 268.8), (236.5, 291.2), (249.6, 306.1), (257.1, 308.0), (257.1, 308.0), (257.1, 308.0), (257.1, 308.0), (257.1, 308.0), (257.1, 308.0), (257.1, 308.0), (257.1, 308.0), (257.1, 308.0), (257.1, 308.0), (257.1, 308.0), (257.1, 308.0), (257.1, 308.0), (257.1, 308.0), (257.1, 308.0), (257.1, 308.0), (257.1, 300.5), (257.1, 300.5), (257.1, 300.5), (257.1, 300.5), (257.1, 300.5), (257.1, 300.5), (257.1, 300.5), (264.5, 300.5), (283.2, 300.5), (300.0, 298.7), (303.7, 287.5), (300.0, 287.5), (301.9, 287.5), (300.0, 289.3), (300.0, 287.5), (301.9, 287.5), (300.0, 289.3), (300.0, 276.3), (300.0, 255.7), (311.2, 240.8), (326.1, 237.1), (342.9, 237.1), (361.6, 237.1), (372.8, 224.0), (365.3, 222.1), (367.2, 222.1), (365.3, 224.0), (365.3, 222.1), (367.2, 222.1), (365.3, 224.0), (365.3, 222.1), (367.2, 222.1), (365.3, 224.0), (365.3, 222.1), (367.2, 222.1), (365.3, 224.0), (365.3, 222.1), (367.2, 222.1)]",0,0,11.37
experienced,bomberman,8,Bomb,7,0,32.37,0.833,"[(48.0, 112.0), (62.9, 115.7), (76.0, 115.7), (77.9, 115.7), (94.7, 115.7), (109.6, 117.6), (115.2, 132.5), (115.2, 147.5), (115.2, 168.0), (124.5, 179.2), (135.7, 179.2), (143.2, 179.2), (161.9, 179.2), (176.8, 184.8), (173.1, 199.7), (173.1, 216.5), (180.5, 235.2), (193.6, 244.5), (193.6, 244.5), (193.6, 244.5), (197.3, 244.5), (201.1, 244.5), (208.5, 244.5), (223.5, 244.5), (238.4, 248.3), (238.4, 263.2), (236.5, 280.0), (244.0, 300.5), (257.1, 308.0), (257.1, 308.0), (257.1, 308.0), (257.1, 308.0), (257.1, 308.0), (266.4, 308.0), (281.3, 308.0), (296.3, 300.5), (300.0, 308.0), (300.0, 308.0), (300.0, 308.0), (300.0, 308.0), (300.0, 308.0), (300.0, 308.0), (300.0, 308.0), (300.0, 308.0), (300.0, 308.0), (300.0, 308.0), (300.0, 308.0), (300.0, 308.0), (300.0, 308.0), (300.0, 308.0), (300.0, 308.0), (300.0, 308.0), (300.0, 308.0), (300.0, 308.0), (300.0, 308.0), (300.0, 308.0), (300.0, 308.0), (300.0, 308.0), (301.9, 306.1), (316.8, 300.5), (320.5, 300.5)]",0,0,8.02
experienced,bomberman,8,Bomb,48,0,16.16,0.722,"[(48.0, 112.0), (51.7, 126.9), (44.3, 141.9), (44.3, 156.8), (51.7, 171.7), (64.8, 179.2), (64.8, 179.2), (64.8, 179.2), (64.8, 179.2), (64.8, 179.2), (64.8, 179.2), (64.8, 179.2), (64.8, 179.2), (64.8, 179.2), (64.8, 179.2), (64.8, 179.2), (64.8, 179.2), (64.8, 179.2), (64.8, 179.2), (64.8, 179.2), (64.8, 179.2), (64.8, 179.2), (64.8, 179.2), (64.8, 179.2), (62.9, 179.2), (64.8, 179.2), (68.5, 179.2), (72.3, 179.2), (87.2, 179.2), (105.9, 179.2), (115.2, 192.3), (115.2, 207.2), (115.2, 227.7), (120.8, 242.7), (128.3, 244.5), (143.2, 244.5), (165.6, 244.5), (180.5, 253.9), (173.1, 268.8), (173.1, 291.2), (186.1, 306.1), (193.6, 308.0), (193.6, 308.0), (193.6, 308.0), (193.6, 308.0), (193.6, 308.0), (193.6, 308.0), (193.6, 308.0), (193.6, 308.0), (193.6, 308.0), (193.6, 308.0), (193.6, 308.0), (193.6, 308.0), (193.6, 308.0), (193.6, 308.0), (193.6, 308.0), (193.6, 308.0), (193.6, 308.0), (193.6, 308.0), (193.6, 308.0), (193.6, 308.0), (195.5, 308.0), (210.4, 308.0), (225.3, 308.0), (240.3, 302.4), (255.2, 308.0), (257.1, 308.0), (257.1, 308.0), (257.1, 308.0), (257.1, 308.0), (257.1, 308.0), (257.1, 308.0), (257.1, 308.0), (257.1, 308.0), (257.1, 308.0), (257.1, 308.0), (257.1, 308.0), (257.1, 308.0), (257.1, 308.0), (257.1, 308.0), (257.1, 300.5), (257.1, 300.5), (257.1, 300.5), (257.1, 300.5), (257.1, 300.5), (257.1, 300.5), (257.1, 300.5), (257.1, 300.5), (257.1, 300.5), (257.1, 300.5), (257.1, 300.5)]",0,0,12.02
experienced,bomberman,8,Bomb,7,0,32.6,0.833,"[(48.0, 112.0), (62.9, 115.7), (77.9, 115.7), (98.4, 115.7), (113.3, 121.3), (109.6, 136.3), (109.6, 153.1), (115.2, 171.7), (128.3, 179.2), (143.2, 179.2), (160.0, 179.2), (174.9, 182.9), (174.9, 197.9), (173.1, 212.8), (180.5, 233.3), (191.7, 244.5), (191.7, 244.5), (191.7, 244.5), (191.7, 244.5), (195.5, 244.5), (199.2, 244.5), (206.7, 244.5), (214.1, 244.5), (229.1, 244.5), (244.0, 253.9), (236.5, 268.8), (236.5, 291.2), (249.6, 306.1), (257.1, 308.0), (257.1, 308.0), (257.1, 308.0), (257.1, 308.0), (257.1, 308.0), (260.8, 308.0), (273.9, 308.0), (285.1, 308.0), (300.0, 298.7), (300.0, 308.0), (300.0, 308.0), (300.0, 308.0), (300.0, 308.0), (300.0, 308.0), (300.0, 308.0), (300.0, 308.0), (300.0, 308.0), (300.0, 308.0), (300.0, 308.0), (300.0, 308.0), (300.0, 308.0), (300.0, 308.0), (300.0, 308.0), (300.0, 308.0), (300.0, 308.0), (300.0, 308.0), (300.0, 308.0), (300.0, 308.0), (300.0, 308.0), (300.0, 308.0), (301.9, 306.1), (316.8, 300.5), (320.5, 300.5)]",0,0,8.02
experienced,bomberman,8,Enemy,8,0,33.03,0.889,"[(48.0, 112.0), (62.9, 115.7), (77.9, 115.7), (96.5, 115.7), (111.5, 119.5), (109.6, 134.4), (109.6, 149.3), (115.2, 169.9), (126.4, 179.2), (141.3, 179.2), (161.9, 179.2), (176.8, 184.8), (173.1, 199.7), (173.1, 216.5), (180.5, 235.2), (193.6, 244.5), (193.6, 244.5), (193.6, 244.5), (197.3, 244.5), (204.8, 244.5), (210.4, 244.5), (227.2, 244.5), (242.1, 252.0), (236.5, 266.9), (236.5, 287.5), (247.7, 304.3), (257.1, 308.0), (257.1, 308.0), (257.1, 308.0), (257.1, 308.0), (257.1, 308.0), (257.1, 308.0), (262.7, 308.0), (275.7, 308.0), (290.7, 306.1), (300.0, 304.3), (300.0, 308.0), (300.0, 308.0), (300.0, 308.0), (300.0, 308.0), (300.0, 308.0), (300.0, 308.0), (300.0, 308.0), (300.0, 308.0), (300.0, 308.0), (300.0, 308.0), (300.0, 308.0), (300.0, 308.0), (300.0, 308.0), (300.0, 308.0), (300.0, 308.0), (300.0, 308.0), (300.0, 308.0), (300.0, 308.0), (300.0, 308.0), (300.0, 308.0), (300.0, 308.0), (300.0, 308.0), (301.9, 306.1), (316.8, 300.5), (320.5, 300.5), (335.5, 300.5), (356.0, 300.5), (365.3, 304.3), (365.3, 308.0), (365.3, 308.0), (365.3, 308.0), (365.3, 308.0), (365.3, 308.0)]",0,0,9.1
experienced,bomberman,8,Bomb,3,0,17.85,0.778,"[(48.0, 112.0), (51.7, 126.9), (44.3, 141.9), (44.3, 156.8), (48.0, 171.7), (62.9, 179.2), (62.9, 179.2), (62.9, 179.2), (62.9, 179.2), (62.9, 179.2), (62.9, 179.2), (62.9, 179.2), (62.9, 179.2), (62.9, 179.2), (62.9, 179.2), (62.9, 179.2), (62.9, 179.2), (62.9, 179.2), (62.9, 179.2), (62.9, 179.2), (62.9, 179.2), (62.9, 179.2), (62.9, 179.2), (62.9, 179.2), (70.4, 179.2), (77.9, 179.2), (98.4, 179.2), (113.3, 184.8), (115.2, 199.7), (115.2, 216.5), (115.2, 235.2), (128.3, 244.5), (141.3, 244.5), (141.3, 244.5), (141.3, 244.5), (141.3, 244.5), (141.3, 244.5), (141.3, 244.5), (141.3, 244.5), (141.3, 244.5), (158.1, 244.5), (174.9, 248.3), (174.9, 257.6), (173.1, 255.7), (180.5, 257.6), (180.5, 257.6), (180.5, 257.6), (180.5, 257.6), (180.5, 257.6), (180.5, 257.6), (180.5, 257.6), (180.5, 257.6), (180.5, 257.6), (180.5, 257.6), (180.5, 248.3), (191.7, 237.1), (193.6, 244.5), (193.6, 242.7), (191.7, 244.5), (193.6, 244.5), (193.6, 242.7), (206.7, 244.5), (229.1, 240.8), (244.0, 242.7), (255.2, 244.5), (255.2, 244.5), (258.9, 244.5), (268.3, 244.5), (285.1, 244.5), (301.9, 244.5), (316.8, 244.5), (320.5, 244.5), (320.5, 244.5), (320.5, 244.5), (320.5, 244.5), (320.5, 244.5), (320.5, 244.5), (320.5, 244.5), (320.5, 244.5), (320.5, 244.5), (320.5, 244.5), (320.5, 244.5), (320.5, 244.5), (320.5, 244.5), (320.5, 244.5), (320.5, 244.5), (320.5, 244.5), (320.5, 244.5), (320.5, 244.5), (320.5, 244.5), (320.5, 244.5), (333.6, 237.1), (354.1, 237.1), (365.3, 235.2), (365.3, 235.2), (365.3, 235.2), (365.3, 235.2), (365.3, 235.2), (365.3, 235.2), (365.3, 235.2), (365.3, 235.2), (365.3, 235.2), (365.3, 235.2), (365.3, 235.2), (365.3, 235.2), (365.3, 235.2), (365.3, 235.2), (365.3, 235.2), (365.3, 235.2), (365.3, 235.2), (365.3, 235.2), (365.3, 235.2), (365.3, 235.2), (365.3, 235.2), (365.3, 235.2), (365.3, 235.2), (365.3, 235.2), (365.3, 235.2), (365.3, 235.2), (365.3, 235.2), (365.3, 235.2)]",0,0,16.0
experienced,bomberman,8,Bomb,7,0,32.6,0.833,"[(48.0, 112.0), (62.9, 115.7), (77.9, 115.7), (98.4, 115.7), (113.3, 121.3), (109.6, 136.3), (109.6, 153.1), (115.2, 171.7), (128.3, 179.2), (143.2, 179.2), (160.0, 179.2), (174.9, 182.9), (174.9, 197.9), (173.1, 212.8), (180.5, 233.3), (191.7, 244.5), (191.7, 244.5), (191.7, 244.5), (191.7, 244.5), (195.5, 244.5), (199.2, 244.5), (206.7, 244.5), (214.1, 244.5), (229.1, 244.5), (244.0, 253.9), (236.5, 268.8), (236.5, 291.2), (249.6, 306.1), (257.1, 308.0), (257.1, 308.0), (257.1, 308.0), (257.1, 308.0), (257.1, 308.0), (260.8, 308.0), (273.9, 308.0), (285.1, 308.0), (300.0, 298.7), (300.0, 308.0), (300.0, 308.0), (300.0, 308.0), (300.0, 308.0), (300.0, 308.0), (300.0, 308.0), (300.0, 308.0), (300.0, 308.0), (300.0, 308.0), (300.0, 308.0), (300.0, 308.0), (300.0, 308.0), (300.0, 308.0), (300.0, 308.0), (300.0, 308.0), (300.0, 308.0), (300.0, 308.0), (300.0, 308.0), (300.0, 308.0), (300.0, 308.0), (300.0, 308.0), (301.9, 306.1), (316.8, 300.5), (320.5, 300.5)]",0,0,8.02
experienced,bomberman,8,Bomb,7,0,32.37,0.833,"[(48.0, 112.0), (62.9, 115.7), (76.0, 115.7), (77.9, 115.7), (94.7, 115.7), (109.6, 117.6), (115.2, 132.5), (115.2, 147.5), (115.2, 168.0), (124.5, 179.2), (135.7, 179.2), (143.2, 179.2), (161.9, 179.2), (176.8, 184.8), (173.1, 199.7), (173.1, 216.5), (180.5, 235.2), (193.6, 244.5), (193.6, 244.5), (193.6, 244.5), (197.3, 244.5), (201.1, 244.5), (208.5, 244.5), (223.5, 244.5), (238.4, 248.3), (238.4, 263.2), (236.5, 280.0), (244.0, 300.5), (257.1, 308.0), (257.1, 308.0), (257.1, 308.0), (257.1, 308.0), (257.1, 308.0), (266.4, 308.0), (281.3, 308.0), (296.3, 300.5), (300.0, 308.0), (300.0, 308.0), (300.0, 308.0), (300.0, 308.0), (300.0, 308.0), (300.0, 308.0), (300.0, 308.0), (300.0, 308.0), (300.0, 308.0), (300.0, 308.0), (300.0, 308.0), (300.0, 308.0), (300.0, 308.0), (300.0, 308.0), (300.0, 308.0), (300.0, 308.0), (300.0, 308.0), (300.0, 308.0), (300.0, 308.0), (300.0, 308.0), (300.0, 308.0), (300.0, 308.0), (301.9, 306.1), (316.8, 300.5), (320.5, 300.5)]",0,0,8.02
experienced,bomberman,8,Bomb,5,0,29.57,0.778,"[(48.0, 112.0), (62.9, 115.7), (77.9, 115.7), (98.4, 115.7), (113.3, 121.3), (115.2, 136.3), (115.2, 153.1), (115.2, 171.7), (128.3, 179.2), (143.2, 179.2), (165.6, 179.2), (180.5, 188.5), (173.1, 203.5), (173.1, 224.0), (182.4, 238.9), (197.3, 244.5), (214.1, 244.5), (234.7, 244.5), (242.1, 259.5), (236.5, 274.4), (242.1, 296.8), (255.2, 308.0), (257.1, 308.0), (257.1, 308.0), (257.1, 308.0), (257.1, 308.0), (257.1, 308.0), (257.1, 308.0), (257.1, 308.0), (257.1, 308.0), (258.9, 308.0), (270.1, 308.0), (285.1, 308.0), (298.1, 300.5), (300.0, 308.0), (300.0, 308.0), (300.0, 308.0), (300.0, 308.0), (300.0, 308.0), (300.0, 308.0), (300.0, 308.0), (300.0, 308.0), (300.0, 308.0), (300.0, 308.0), (300.0, 308.0), (300.0, 308.0), (300.0, 308.0), (300.0, 308.0), (300.0, 308.0), (300.0, 308.0), (300.0, 308.0), (300.0, 308.0), (300.0, 308.0), (300.0, 308.0), (300.0, 308.0), (300.0, 308.0), (300.0, 308.0), (303.7, 294.9), (307.5, 287.5), (307.5, 287.5), (307.5, 287.5)]",0,0,8.02
experienced,bomberman,8,Enemy,48,0,26.11,0.778,"[(48.0, 112.0), (62.9, 115.7), (77.9, 115.7), (98.4, 115.7), (113.3, 121.3), (109.6, 136.3), (109.6, 153.1), (115.2, 171.7), (128.3, 179.2), (132.0, 179.2), (139.5, 179.2), (145.1, 179.2), (161.9, 179.2), (176.8, 184.8), (173.1, 199.7), (173.1, 216.5), (180.5, 235.2), (193.6, 244.5), (193.6, 244.5), (193.6, 244.5), (193.6, 244.5), (193.6, 244.5), (193.6, 244.5), (193.6, 244.5), (197.3, 244.5), (204.8, 244.5), (214.1, 244.5), (229.1, 244.5), (244.0, 253.9), (236.5, 268.8), (236.5, 291.2), (249.6, 306.1), (257.1, 308.0), (257.1, 308.0), (257.1, 308.0), (257.1, 308.0), (257.1, 308.0), (257.1, 308.0), (257.1, 308.0), (257.1, 308.0), (257.1, 308.0), (257.1, 308.0), (257.1, 308.0), (257.1, 308.0), (257.1, 308.0), (257.1, 308.0), (257.1, 308.0), (257.1, 308.0), (257.1, 300.5), (257.1, 300.5), (257.1, 300.5), (257.1, 300.5), (257.1, 300.5), (257.1, 300.5), (257.1, 300.5), (264.5, 300.5), (283.2, 300.5), (300.0, 298.7), (303.7, 287.5), (300.0, 287.5), (301.9, 287.5), (300.0, 289.3), (300.0, 287.5), (301.9, 287.5), (300.0, 289.3), (300.0, 276.3), (300.0, 255.7), (311.2, 240.8), (326.1, 237.1), (342.9, 237.1), (361.6, 237.1), (372.8, 224.0), (365.3, 222.1), (367.2, 222.1), (365.3, 224.0), (365.3, 222.1), (367.2, 222.1), (365.3, 224.0), (365.3, 222.1), (367.2, 222.1), (365.3, 224.0), (365.3, 222.1), (367.2, 222.1), (365.3, 224.0), (365.3, 222.1), (367.2, 222.1)]",0,0,11.37
experienced,bomberman,8,Enemy,1,0,30.41,0.5,"[(48.0, 112.0), (51.7, 126.9), (51.7, 141.9), (51.7, 162.4), (55.5, 177.3), (62.9, 179.2), (62.9, 179.2), (62.9, 179.2), (62.9, 179.2), (62.9, 179.2), (62.9, 179.2), (62.9, 179.2), (62.9, 179.2), (62.9, 179.2), (62.9, 179.2), (66.7, 179.2), (70.4, 179.2), (81.6, 179.2), (102.1, 179.2), (115.2, 188.5), (115.2, 203.5), (115.2, 224.0), (117.1, 238.9), (132.0, 244.5), (146.9, 244.5), (169.3, 244.5), (180.5, 257.6), (173.1, 272.5)]",0,0,3.68
experienced,bomberman,8,Enemy,31,0,18.69,0.611,"[(48.0, 112.0), (44.3, 126.9), (44.3, 141.9), (44.3, 156.8), (44.3, 171.7), (44.3, 186.7), (44.3, 201.6), (44.3, 216.5), (44.3, 231.5), (44.3, 246.4), (44.3, 261.3), (44.3, 276.3), (44.3, 291.2), (44.3, 306.1), (44.3, 321.1), (44.3, 336.0), (44.3, 339.7), (44.3, 339.7), (44.3, 339.7), (44.3, 339.7), (44.3, 339.7), (44.3, 339.7), (44.3, 339.7), (44.3, 339.7), (44.3, 339.7), (44.3, 339.7), (44.3, 339.7), (44.3, 339.7), (44.3, 339.7), (44.3, 339.7), (44.3, 339.7), (44.3, 332.3), (46.1, 321.1), (46.1, 321.1), (46.1, 321.1), (49.9, 321.1), (51.7, 321.1), (51.7, 319.2), (51.7, 317.3), (51.7, 321.1), (51.7, 319.2), (51.7, 317.3), (51.7, 321.1), (51.7, 319.2), (51.7, 317.3), (51.7, 321.1), (51.7, 319.2), (51.7, 317.3), (51.7, 321.1), (51.7, 319.2), (51.7, 317.3), (51.7, 321.1), (51.7, 319.2), (53.6, 306.1), (68.5, 308.0), (83.5, 308.0), (98.4, 308.0), (113.3, 308.0), (128.3, 300.5), (128.3, 308.0), (128.3, 308.0), (128.3, 308.0), (128.3, 308.0), (128.3, 308.0), (128.3, 308.0), (128.3, 304.3), (128.3, 300.5), (143.2, 300.5), (165.6, 300.5), (180.5, 291.2), (176.8, 276.3), (180.5, 255.7), (184.3, 240.8), (193.6, 242.7), (191.7, 244.5), (193.6, 244.5), (193.6, 242.7), (191.7, 244.5), (193.6, 244.5), (193.6, 242.7), (191.7, 244.5), (193.6, 244.5), (193.6, 242.7), (191.7, 244.5), (193.6, 244.5), (193.6, 242.7), (191.7, 244.5), (193.6, 244.5), (193.6, 242.7), (191.7, 244.5), (193.6, 244.5), (193.6, 242.7), (191.7, 244.5), (206.7, 244.5), (229.1, 240.8), (236.5, 242.7), (236.5, 257.6), (236.5, 257.6), (236.5, 242.7), (244.0, 227.7), (236.5, 212.8), (236.5, 192.3), (247.7, 175.5), (262.7, 179.2), (279.5, 179.2), (298.1, 173.6), (307.5, 158.7), (300.0, 143.7), (303.7, 121.3), (316.8, 108.3), (331.7, 115.7)]",0,0,14.78
experienced,bomberman,8,Bomb,8,0,29.57,0.778,"[(48.0, 112.0), (62.9, 115.7), (77.9, 115.7), (98.4, 115.7), (113.3, 121.3), (115.2, 136.3), (115.2, 153.1), (115.2, 171.7), (128.3, 179.2), (143.2, 179.2), (165.6, 179.2), (180.5, 188.5), (173.1, 203.5), (173.1, 224.0), (182.4, 238.9), (197.3, 244.5), (214.1, 244.5), (234.7, 244.5), (242.1, 259.5), (236.5, 274.4), (242.1, 296.8), (255.2, 308.0), (257.1, 308.0), (257.1, 308.0), (257.1, 308.0), (257.1, 308.0), (257.1, 308.0), (257.1, 308.0), (258.9, 308.0), (262.7, 308.0), (266.4, 308.0), (279.5, 308.0), (290.7, 306.1), (300.0, 304.3), (300.0, 308.0), (300.0, 308.0), (300.0, 308.0), (300.0, 308.0), (300.0, 308.0), (300.0, 308.0), (300.0, 308.0), (300.0, 308.0), (300.0, 308.0), (300.0, 308.0), (300.0, 308.0), (300.0, 308.0), (300.0, 308.0), (300.0, 308.0), (300.0, 308.0), (300.0, 308.0), (300.0, 308.0), (300.0, 308.0), (300.0, 308.0), (300.0, 308.0), (300.0, 308.0), (300.0, 308.0), (300.0, 308.0), (300.0, 308.0), (300.0, 302.4), (307.5, 287.5), (307.5, 287.5)]",0,0,8.02
experienced,bomberman,8,Bomb,40,0,29.09,1.0,"[(48.0, 112.0), (62.9, 115.7), (66.7, 115.7), (76.0, 115.7), (79.7, 115.7), (98.4, 115.7), (113.3, 121.3), (109.6, 136.3), (109.6, 153.1), (115.2, 171.7), (128.3, 179.2), (143.2, 179.2), (165.6, 179.2), (180.5, 188.5), (173.1, 203.5), (173.1, 224.0), (182.4, 238.9), (197.3, 244.5), (214.1, 244.5), (232.8, 244.5), (244.0, 257.6), (236.5, 272.5), (240.3, 294.9), (253.3, 308.0), (257.1, 308.0), (257.1, 308.0), (257.1, 308.0), (257.1, 308.0), (257.1, 308.0), (257.1, 308.0), (257.1, 308.0), (270.1, 308.0), (283.2, 308.0), (298.1, 308.0), (300.0, 308.0), (300.0, 308.0), (300.0, 308.0), (300.0, 308.0), (303.7, 308.0), (307.5, 308.0), (314.9, 308.0), (318.7, 308.0), (318.7, 308.0), (318.7, 308.0), (318.7, 308.0), (318.7, 308.0), (318.7, 306.1), (318.7, 306.1), (318.7, 306.1), (318.7, 306.1), (318.7, 306.1), (320.5, 300.5), (318.7, 300.5), (318.7, 300.5), (333.6, 300.5), (354.1, 302.4), (369.1, 308.0), (384.0, 308.0), (384.0, 308.0), (384.0, 308.0), (384.0, 308.0), (397.1, 300.5), (419.5, 300.5), (428.8, 304.3), (428.8, 308.0), (428.8, 308.0), (428.8, 308.0), (428.8, 308.0), (428.8, 308.0), (428.8, 308.0), (428.8, 308.0), (428.8, 308.0), (428.8, 308.0), (428.8, 308.0), (428.8, 308.0), (428.8, 308.0), (428.8, 308.0), (428.8, 308.0), (428.8, 308.0), (428.8, 308.0), (428.8, 308.0), (428.8, 308.0), (428.8, 308.0), (428.8, 308.0), (428.8, 308.0), (428.8, 308.0), (428.8, 308.0), (428.8, 308.0), (428.8, 306.1), (428.8, 293.1), (428.8, 289.3)]",0,0,12.0
experienced,bomberman,8,Bomb,40,0,29.09,1.0,"[(48.0, 112.0), (62.9, 115.7), (66.7, 115.7), (76.0, 115.7), (79.7, 115.7), (98.4, 115.7), (113.3, 121.3), (109.6, 136.3), (109.6, 153.1), (115.2, 171.7), (128.3, 179.2), (143.2, 179.2), (165.6, 179.2), (180.5, 188.5), (173.1, 203.5), (173.1, 224.0), (182.4, 238.9), (197.3, 244.5), (214.1, 244.5), (232.8, 244.5), (244.0, 257.6), (236.5, 272.5), (240.3, 294.9), (253.3, 308.0), (257.1, 308.0), (257.1, 308.0), (257.1, 308.0), (257.1, 308.0), (257.1, 308.0), (257.1, 308.0), (257.1, 308.0), (270.1, 308.0), (283.2, 308.0), (298.1, 308.0), (300.0, 308.0), (300.0, 308.0), (300.0, 308.0), (300.0, 308.0), (303.7, 308.0), (307.5, 308.0), (314.9, 308.0), (318.7, 308.0), (318.7, 308.0), (318.7, 308.0), (318.7, 308.0), (318.7, 308.0), (318.7, 306.1), (318.7, 306.1), (318.7, 306.1), (318.7, 306.1), (318.7, 306.1), (320.5, 300.5), (318.7, 300.5), (318.7, 300.5), (333.6, 300.5), (354.1, 302.4), (369.1, 308.0), (384.0, 308.0), (384.0, 308.0), (384.0, 308.0), (384.0, 308.0), (397.1, 300.5), (419.5, 300.5), (428.8, 304.3), (428.8, 308.0), (428.8, 308.0), (428.8, 308.0), (428.8, 308.0), (428.8, 308.0), (428.8, 308.0), (428.8, 308.0), (428.8, 308.0), (428.8, 308.0), (428.8, 308.0), (428.8, 308.0), (428.8, 308.0), (428.8, 308.0), (428.8, 308.0), (428.8, 308.0), (428.8, 308.0), (428.8, 308.0), (428.8, 308.0), (428.8, 308.0), (428.8, 308.0), (428.8, 308.0), (428.8, 308.0), (428.8, 308.0), (428.8, 308.0), (428.8, 306.1), (428.8, 293.1), (428.8, 289.3)]",0,0,12.0
experienced,bomberman,8,Enemy,8,0,33.03,0.889,"[(48.0, 112.0), (62.9, 115.7), (77.9, 115.7), (96.5, 115.7), (111.5, 119.5), (109.6, 134.4), (109.6, 149.3), (115.2, 169.9), (126.4, 179.2), (141.3, 179.2), (161.9, 179.2), (176.8, 184.8), (173.1, 199.7), (173.1, 216.5), (180.5, 235.2), (193.6, 244.5), (193.6, 244.5), (193.6, 244.5), (197.3, 244.5), (204.8, 244.5), (210.4, 244.5), (227.2, 244.5), (242.1, 252.0), (236.5, 266.9), (236.5, 287.5), (247.7, 304.3), (257.1, 308.0), (257.1, 308.0), (257.1, 308.0), (257.1, 308.0), (257.1, 308.0), (257.1, 308.0), (262.7, 308.0), (275.7, 308.0), (290.7, 306.1), (300.0, 304.3), (300.0, 308.0), (300.0, 308.0), (300.0, 308.0), (300.0, 308.0), (300.0, 308.0), (300.0, 308.0), (300.0, 308.0), (300.0, 308.0), (300.0, 308.0), (300.0, 308.0), (300.0, 308.0), (300.0, 308.0), (300.0, 308.0), (300.0, 308.0), (300.0, 308.0), (300.0, 308.0), (300.0, 308.0), (300.0, 308.0), (300.0, 308.0), (300.0, 308.0), (300.0, 308.0), (300.0, 308.0), (301.9, 306.1), (316.8, 300.5), (320.5, 300.5), (335.5, 300.5), (356.0, 300.5), (365.3, 304.3), (365.3, 308.0), (365.3, 308.0), (365.3, 308.0), (365.3, 308.0), (365.3, 308.0)]",0,0,9.1
experienced,bomberman,8,Bomb,3,0,17.85,0.778,"[(48.0, 112.0), (51.7, 126.9), (44.3, 141.9), (44.3, 156.8), (48.0, 171.7), (62.9, 179.2), (62.9, 179.2), (62.9, 179.2), (62.9, 179.2), (62.9, 179.2), (62.9, 179.2), (62.9, 179.2), (62.9, 179.2), (62.9, 179.2), (62.9, 179.2), (62.9, 179.2), (62.9, 179.2), (62.9, 179.2), (62.9, 179.2), (62.9, 179.2), (62.9, 179.2), (62.9, 179.2), (62.9, 179.2), (62.9, 179.2), (70.4, 179.2), (77.9, 179.2), (98.4, 179.2), (113.3, 184.8), (115.2, 199.7), (115.2, 216.5), (115.2, 235.2), (128.3, 244.5), (141.3, 244.5), (141.3, 244.5), (141.3, 244.5), (141.3, 244.5), (141.3, 244.5), (141.3, 244.5), (141.3, 244.5), (141.3, 244.5), (158.1, 244.5), (174.9, 248.3), (174.9, 257.6), (173.1, 255.7), (180.5, 257.6), (180.5, 257.6), (180.5, 257.6), (180.5, 257.6), (180.5, 257.6), (180.5, 257.6), (180.5, 257.6), (180.5, 257.6), (180.5, 257.6), (180.5, 257.6), (180.5, 248.3), (191.7, 237.1), (193.6, 244.5), (193.6, 242.7), (191.7, 244.5), (193.6, 244.5), (193.6, 242.7), (206.7, 244.5), (229.1, 240.8), (244.0, 242.7), (255.2, 244.5), (255.2, 244.5), (258.9, 244.5), (268.3, 244.5), (285.1, 244.5), (301.9, 244.5), (316.8, 244.5), (320.5, 244.5), (320.5, 244.5), (320.5, 244.5), (320.5, 244.5), (320.5, 244.5), (320.5, 244.5), (320.5, 244.5), (320.5, 244.5), (320.5, 244.5), (320.5, 244.5), (320.5, 244.5), (320.5, 244.5), (320.5, 244.5), (320.5, 244.5), (320.5, 244.5), (320.5, 244.5), (320.5, 244.5), (320.5, 244.5), (320.5, 244.5), (320.5, 244.5), (333.6, 237.1), (354.1, 237.1), (365.3, 235.2), (365.3, 235.2), (365.3, 235.2), (365.3, 235.2), (365.3, 235.2), (365.3, 235.2), (365.3, 235.2), (365.3, 235.2), (365.3, 235.2), (365.3, 235.2), (365.3, 235.2), (365.3, 235.2), (365.3, 235.2), (365.3, 235.2), (365.3, 235.2), (365.3, 235.2), (365.3, 235.2), (365.3, 235.2), (365.3, 235.2), (365.3, 235.2), (365.3, 235.2), (365.3, 235.2), (365.3, 235.2), (365.3, 235.2), (365.3, 235.2), (365.3, 235.2), (365.3, 235.2), (365.3, 235.2)]",0,0,16.0
experienced,bomberman,8,Bomb,7,0,32.37,0.833,"[(48.0, 112.0), (62.9, 115.7), (76.0, 115.7), (77.9, 115.7), (94.7, 115.7), (109.6, 117.6), (115.2, 132.5), (115.2, 147.5), (115.2, 168.0), (124.5, 179.2), (135.7, 179.2), (143.2, 179.2), (161.9, 179.2), (176.8, 184.8), (173.1, 199.7), (173.1, 216.5), (180.5, 235.2), (193.6, 244.5), (193.6, 244.5), (193.6, 244.5), (197.3, 244.5), (201.1, 244.5), (208.5, 244.5), (223.5, 244.5), (238.4, 248.3), (238.4, 263.2), (236.5, 280.0), (244.0, 300.5), (257.1, 308.0), (257.1, 308.0), (257.1, 308.0), (257.1, 308.0), (257.1, 308.0), (266.4, 308.0), (281.3, 308.0), (296.3, 300.5), (300.0, 308.0), (300.0, 308.0), (300.0, 308.0), (300.0, 308.0), (300.0, 308.0), (300.0, 308.0), (300.0, 308.0), (300.0, 308.0), (300.0, 308.0), (300.0, 308.0), (300.0, 308.0), (300.0, 308.0), (300.0, 308.0), (300.0, 308.0), (300.0, 308.0), (300.0, 308.0), (300.0, 308.0), (300.0, 308.0), (300.0, 308.0), (300.0, 308.0), (300.0, 308.0), (300.0, 308.0), (301.9, 306.1), (316.8, 300.5), (320.5, 300.5)]",0,0,8.02
experienced,bomberman,8,Bomb,7,0,32.6,0.833,"[(48.0, 112.0), (62.9, 115.7), (77.9, 115.7), (98.4, 115.7), (113.3, 121.3), (109.6, 136.3), (109.6, 153.1), (115.2, 171.7), (128.3, 179.2), (143.2, 179.2), (160.0, 179.2), (174.9, 182.9), (174.9, 197.9), (173.1, 212.8), (180.5, 233.3), (191.7, 244.5), (191.7, 244.5), (191.7, 244.5), (191.7, 244.5), (195.5, 244.5), (199.2, 244.5), (206.7, 244.5), (214.1, 244.5), (229.1, 244.5), (244.0, 253.9), (236.5, 268.8), (236.5, 291.2), (249.6, 306.1), (257.1, 308.0), (257.1, 308.0), (257.1, 308.0), (257.1, 308.0), (257.1, 308.0), (260.8, 308.0), (273.9, 308.0), (285.1, 308.0), (300.0, 298.7), (300.0, 308.0), (300.0, 308.0), (300.0, 308.0), (300.0, 308.0), (300.0, 308.0), (300.0, 308.0), (300.0, 308.0), (300.0, 308.0), (300.0, 308.0), (300.0, 308.0), (300.0, 308.0), (300.0, 308.0), (300.0, 308.0), (300.0, 308.0), (300.0, 308.0), (300.0, 308.0), (300.0, 308.0), (300.0, 308.0), (300.0, 308.0), (300.0, 308.0), (300.0, 308.0), (301.9, 306.1), (316.8, 300.5), (320.5, 300.5)]",0,0,8.02
experienced,bomberman,8,Bomb,8,0,29.57,0.778,"[(48.0, 112.0), (62.9, 115.7), (77.9, 115.7), (98.4, 115.7), (113.3, 121.3), (115.2, 136.3), (115.2, 153.1), (115.2, 171.7), (128.3, 179.2), (143.2, 179.2), (165.6, 179.2), (180.5, 188.5), (173.1, 203.5), (173.1, 224.0), (182.4, 238.9), (197.3, 244.5), (214.1, 244.5), (234.7, 244.5), (242.1, 259.5), (236.5, 274.4), (242.1, 296.8), (255.2, 308.0), (257.1, 308.0), (257.1, 308.0), (257.1, 308.0), (257.1, 308.0), (257.1, 308.0), (257.1, 308.0), (258.9, 308.0), (262.7, 308.0), (266.4, 308.0), (279.5, 308.0), (290.7, 306.1), (300.0, 304.3), (300.0, 308.0), (300.0, 308.0), (300.0, 308.0), (300.0, 308.0), (300.0, 308.0), (300.0, 308.0), (300.0, 308.0), (300.0, 308.0), (300.0, 308.0), (300.0, 308.0), (300.0, 308.0), (300.0, 308.0), (300.0, 308.0), (300.0, 308.0), (300.0, 308.0), (300.0, 308.0), (300.0, 308.0), (300.0, 308.0), (300.0, 308.0), (300.0, 308.0), (300.0, 308.0), (300.0, 308.0), (300.0, 308.0), (300.0, 308.0), (300.0, 302.4), (307.5, 287.5), (307.5, 287.5)]",0,0,8.02
experienced,bomberman,8,Bomb,89,0,25.67,0.722,"[(48.0, 112.0), (62.9, 115.7), (77.9, 115.7), (98.4, 115.7), (113.3, 121.3), (109.6, 136.3), (109.6, 153.1), (115.2, 171.7), (128.3, 179.2), (143.2, 179.2), (165.6, 179.2), (180.5, 188.5), (173.1, 203.5), (173.1, 224.0), (182.4, 238.9), (193.6, 244.5), (193.6, 244.5), (197.3, 244.5), (204.8, 244.5), (210.4, 244.5), (227.2, 244.5), (242.1, 252.0), (236.5, 266.9), (236.5, 287.5), (244.0, 304.3), (244.0, 308.0), (247.7, 308.0), (251.5, 308.0), (255.2, 308.0), (255.2, 308.0), (255.2, 308.0), (255.2, 308.0), (255.2, 308.0), (255.2, 308.0), (255.2, 308.0), (255.2, 308.0), (258.9, 308.0), (255.2, 308.0), (255.2, 308.0), (255.2, 308.0), (255.2, 308.0), (255.2, 308.0), (255.2, 308.0), (255.2, 308.0), (255.2, 308.0), (255.2, 308.0), (255.2, 308.0), (255.2, 308.0), (255.2, 308.0), (255.2, 308.0), (255.2, 308.0), (255.2, 308.0), (255.2, 308.0), (255.2, 308.0), (255.2, 308.0), (258.9, 304.3), (268.3, 300.5), (268.3, 300.5), (268.3, 300.5), (268.3, 300.5), (268.3, 300.5)]",0,0,8.0
experienced,bomberman,8,Enemy,30,0,34.65,0.944,"[(48.0, 112.0), (62.9, 115.7), (77.9, 115.7), (98.4, 115.7), (113.3, 121.3), (115.2, 136.3), (115.2, 153.1), (115.2, 171.7), (128.3, 179.2), (143.2, 179.2), (165.6, 179.2), (180.5, 188.5), (180.5, 203.5), (180.5, 224.0), (182.4, 238.9), (193.6, 244.5), (193.6, 244.5), (193.6, 244.5), (193.6, 244.5), (193.6, 244.5), (197.3, 244.5), (204.8, 244.5), (210.4, 244.5), (227.2, 244.5), (242.1, 252.0), (236.5, 266.9), (236.5, 287.5), (247.7, 304.3), (257.1, 308.0), (257.1, 308.0), (257.1, 308.0), (257.1, 308.0), (257.1, 308.0), (262.7, 308.0), (277.6, 308.0), (292.5, 304.3), (300.0, 306.1), (300.0, 308.0), (300.0, 308.0), (300.0, 308.0), (300.0, 308.0), (300.0, 308.0), (300.0, 308.0), (311.2, 308.0), (314.9, 308.0), (318.7, 308.0), (320.5, 308.0), (320.5, 308.0), (320.5, 308.0), (320.5, 308.0), (320.5, 302.4), (320.5, 300.5), (320.5, 300.5), (320.5, 300.5), (320.5, 300.5), (320.5, 300.5), (320.5, 300.5), (320.5, 300.5), (320.5, 300.5), (320.5, 300.5), (320.5, 300.5), (335.5, 300.5), (356.0, 300.5), (365.3, 304.3), (365.3, 308.0), (369.1, 308.0), (384.0, 308.0), (384.0, 308.0)]",0,0,9.05
experienced,bomberman,8,Bomb,93,0,14.45,0.778,"[(48.0, 112.0), (62.9, 115.7), (77.9, 115.7), (98.4, 115.7), (113.3, 121.3), (115.2, 136.3), (115.2, 153.1), (115.2, 171.7), (128.3, 179.2), (143.2, 179.2), (165.6, 179.2), (180.5, 188.5), (173.1, 203.5), (173.1, 224.0), (182.4, 238.9), (193.6, 244.5), (193.6, 244.5), (193.6, 244.5), (193.6, 244.5), (197.3, 244.5), (201.1, 244.5), (206.7, 244.5), (217.9, 244.5), (232.8, 244.5), (244.0, 257.6), (236.5, 272.5), (240.3, 291.2), (244.0, 291.2), (244.0, 291.2), (244.0, 291.2), (244.0, 291.2), (244.0, 291.2), (244.0, 291.2), (244.0, 291.2), (244.0, 291.2), (244.0, 287.5), (244.0, 287.5), (244.0, 287.5), (244.0, 287.5), (244.0, 287.5), (244.0, 287.5), (244.0, 287.5), (244.0, 287.5), (244.0, 287.5), (244.0, 287.5), (244.0, 287.5), (244.0, 287.5), (244.0, 287.5), (244.0, 287.5), (244.0, 287.5), (244.0, 287.5), (244.0, 287.5), (244.0, 287.5), (244.0, 287.5), (244.0, 287.5), (244.0, 287.5), (244.0, 287.5), (244.0, 287.5), (244.0, 272.5), (244.0, 252.0), (251.5, 237.1), (264.5, 244.5), (283.2, 244.5), (300.0, 244.5), (314.9, 244.5), (329.9, 244.5), (344.8, 244.5), (346.7, 244.5), (348.5, 244.5), (350.4, 244.5), (346.7, 244.5), (348.5, 244.5), (350.4, 244.5), (346.7, 244.5), (348.5, 244.5), (350.4, 244.5), (346.7, 244.5), (348.5, 244.5), (344.8, 244.5), (346.7, 244.5), (342.9, 244.5), (339.2, 244.5), (339.2, 244.5), (333.6, 244.5), (320.5, 244.5), (318.7, 244.5), (320.5, 242.7), (320.5, 242.7), (320.5, 242.7), (320.5, 242.7), (320.5, 242.7), (333.6, 244.5), (352.3, 237.1), (365.3, 235.2), (365.3, 235.2), (365.3, 235.2), (365.3, 235.2), (365.3, 235.2), (365.3, 235.2), (365.3, 235.2), (365.3, 233.3), (365.3, 222.1), (365.3, 222.1), (365.3, 222.1), (365.3, 222.1), (365.3, 222.1), (365.3, 222.1), (365.3, 222.1), (365.3, 222.1), (365.3, 222.1), (365.3, 222.1), (365.3, 222.1), (365.3, 222.1), (365.3, 222.1), (365.3, 222.1), (365.3, 222.1), (365.3, 222.1), (365.3, 222.1), (365.3, 222.1), (365.3, 222.1), (365.3, 222.1)]",0,0,16.02
experienced,bomberman,8,Bomb,27,0,26.91,0.944,"[(48.0, 112.0), (62.9, 115.7), (77.9, 115.7), (98.4, 115.7), (113.3, 121.3), (109.6, 136.3), (109.6, 153.1), (115.2, 171.7), (128.3, 179.2), (143.2, 179.2), (165.6, 179.2), (180.5, 188.5), (173.1, 203.5), (173.1, 224.0), (182.4, 238.9), (197.3, 244.5), (214.1, 244.5), (234.7, 244.5), (242.1, 259.5), (236.5, 274.4), (242.1, 296.8), (255.2, 308.0), (257.1, 308.0), (257.1, 308.0), (257.1, 308.0), (257.1, 308.0), (257.1, 308.0), (260.8, 308.0), (264.5, 308.0), (268.3, 308.0), (273.9, 308.0), (285.1, 308.0), (300.0, 308.0), (300.0, 308.0), (300.0, 308.0), (301.9, 308.0), (305.6, 308.0), (313.1, 308.0), (316.8, 308.0), (320.5, 308.0), (320.5, 308.0), (320.5, 308.0), (320.5, 308.0), (320.5, 308.0), (320.5, 308.0), (320.5, 308.0), (320.5, 308.0), (320.5, 308.0), (320.5, 308.0), (318.7, 304.3), (320.5, 300.5), (320.5, 300.5), (320.5, 300.5), (320.5, 300.5), (331.7, 300.5), (352.3, 300.5), (367.2, 308.0), (382.1, 308.0), (382.1, 306.1), (382.1, 306.1), (382.1, 306.1), (397.1, 300.5), (397.1, 300.5), (397.1, 300.5), (397.1, 300.5), (397.1, 300.5), (397.1, 300.5), (397.1, 300.5), (397.1, 300.5), (397.1, 300.5), (397.1, 300.5), (397.1, 300.5), (397.1, 300.5), (397.1, 300.5), (397.1, 300.5), (397.1, 300.5), (397.1, 300.5), (397.1, 300.5), (397.1, 300.5), (397.1, 300.5), (397.1, 300.5), (397.1, 300.5), (397.1, 300.5), (397.1, 300.5), (397.1, 300.5), (397.1, 300.5), (397.1, 300.5), (397.1, 300.5), (397.1, 300.5), (397.1, 300.5), (397.1, 300.5)]",0,0,12.0
experienced,bomberman,8,Bomb,40,0,29.09,1.0,"[(48.0, 112.0), (62.9, 115.7), (66.7, 115.7), (76.0, 115.7), (79.7, 115.7), (98.4, 115.7), (113.3, 121.3), (109.6, 136.3), (109.6, 153.1), (115.2, 171.7), (128.3, 179.2), (143.2, 179.2), (165.6, 179.2), (180.5, 188.5), (173.1, 203.5), (173.1, 224.0), (182.4, 238.9), (197.3, 244.5), (214.1, 244.5), (232.8, 244.5), (244.0, 257.6), (236.5, 272.5), (240.3, 294.9), (253.3, 308.0), (257.1, 308.0), (257.1, 308.0), (257.1, 308.0), (257.1, 308.0), (257.1, 308.0), (257.1, 308.0), (257.1, 308.0), (270.1, 308.0), (283.2, 308.0), (298.1, 308.0), (300.0, 308.0), (300.0, 308.0), (300.0, 308.0), (300.0, 308.0), (303.7, 308.0), (307.5, 308.0), (314.9, 308.0), (318.7, 308.0), (318.7, 308.0), (318.7, 308.0), (318.7, 308.0), (318.7, 308.0), (318.7, 306.1), (318.7, 306.1), (318.7, 306.1), (318.7, 306.1), (318.7, 306.1), (320.5, 300.5), (318.7, 300.5), (318.7, 300.5), (333.6, 300.5), (354.1, 302.4), (369.1, 308.0), (384.0, 308.0), (384.0, 308.0), (384.0, 308.0), (384.0, 308.0), (397.1, 300.5), (419.5, 300.5), (428.8, 304.3), (428.8, 308.0), (428.8, 308.0), (428.8, 308.0), (428.8, 308.0), (428.8, 308.0), (428.8, 308.0), (428.8, 308.0), (428.8, 308.0), (428.8, 308.0), (428.8, 308.0), (428.8, 308.0), (428.8, 308.0), (428.8, 308.0), (428.8, 308.0), (428.8, 308.0), (428.8, 308.0), (428.8, 308.0), (428.8, 308.0), (428.8, 308.0), (428.8, 308.0), (428.8, 308.0), (428.8, 308.0), (428.8, 308.0), (428.8, 308.0), (428.8, 306.1), (428.8, 293.1), (428.8, 289.3)]",0,0,12.0
experienced,bomberman,8,Bomb,27,0,26.91,0.944,"[(48.0, 112.0), (62.9, 115.7), (77.9, 115.7), (98.4, 115.7), (113.3, 121.3), (109.6, 136.3), (109.6, 153.1), (115.2, 171.7), (128.3, 179.2), (143.2, 179.2), (165.6, 179.2), (180.5, 188.5), (173.1, 203.5), (173.1, 224.0), (182.4, 238.9), (197.3, 244.5), (214.1, 244.5), (234.7, 244.5), (242.1, 259.5), (236.5, 274.4), (242.1, 296.8), (255.2, 308.0), (257.1, 308.0), (257.1, 308.0), (257.1, 308.0), (257.1, 308.0), (257.1, 308.0), (260.8, 308.0), (264.5, 308.0), (268.3, 308.0), (273.9, 308.0), (285.1, 308.0), (300.0, 308.0), (300.0, 308.0), (300.0, 308.0), (301.9, 308.0), (305.6, 308.0), (313.1, 308.0), (316.8, 308.0), (320.5, 308.0), (320.5, 308.0), (320.5, 308.0), (320.5, 308.0), (320.5, 308.0), (320.5, 308.0), (320.5, 308.0), (320.5, 308.0), (320.5, 308.0), (320.5, 308.0), (318.7, 304.3), (320.5, 300.5), (320.5, 300.5), (320.5, 300.5), (320.5, 300.5), (331.7, 300.5), (352.3, 300.5), (367.2, 308.0), (382.1, 308.0), (382.1, 306.1), (382.1, 306.1), (382.1, 306.1), (397.1, 300.5), (397.1, 300.5), (397.1, 300.5), (397.1, 300.5), (397.1, 300.5), (397.1, 300.5), (397.1, 300.5), (397.1, 300.5), (397.1, 300.5), (397.1, 300.5), (397.1, 300.5), (397.1, 300.5), (397.1, 300.5), (397.1, 300.5), (397.1, 300.5), (397.1, 300.5), (397.1, 300.5), (397.1, 300.5), (397.1, 300.5), (397.1, 300.5), (397.1, 300.5), (397.1, 300.5), (397.1, 300.5), (397.1, 300.5), (397.1, 300.5), (397.1, 300.5), (397.1, 300.5), (397.1, 300.5), (397.1, 300.5), (397.1, 300.5)]",0,0,12.0
experienced,bomberman,8,Enemy,30,0,34.65,0.944,"[(48.0, 112.0), (62.9, 115.7), (77.9, 115.7), (98.4, 115.7), (113.3, 121.3), (115.2, 136.3), (115.2, 153.1), (115.2, 171.7), (128.3, 179.2), (143.2, 179.2), (165.6, 179.2), (180.5, 188.5), (180.5, 203.5), (180.5, 224.0), (182.4, 238.9), (193.6, 244.5), (193.6, 244.5), (193.6, 244.5), (193.6, 244.5), (193.6, 244.5), (197.3, 244.5), (204.8, 244.5), (210.4, 244.5), (227.2, 244.5), (242.1, 252.0), (236.5, 266.9), (236.5, 287.5), (247.7, 304.3), (257.1, 308.0), (257.1, 308.0), (257.1, 308.0), (257.1, 308.0), (257.1, 308.0), (262.7, 308.0), (277.6, 308.0), (292.5, 304.3), (300.0, 306.1), (300.0, 308.0), (300.0, 308.0), (300.0, 308.0), (300.0, 308.0), (300.0, 308.0), (300.0, 308.0), (311.2, 308.0), (314.9, 308.0), (318.7, 308.0), (320.5, 308.0), (320.5, 308.0), (320.5, 308.0), (320.5, 308.0), (320.5, 302.4), (320.5, 300.5), (320.5, 300.5), (320.5, 300.5), (320.5, 300.5), (320.5, 300.5), (320.5, 300.5), (320.5, 300.5), (320.5, 300.5), (320.5, 300.5), (320.5, 300.5), (335.5, 300.5), (356.0, 300.5), (365.3, 304.3), (365.3, 308.0), (369.1, 308.0), (384.0, 308.0), (384.0, 308.0)]",0,0,9.05
experienced,bomberman,8,Enemy,8,0,33.03,0.889,"[(48.0, 112.0), (62.9, 115.7), (77.9, 115.7), (96.5, 115.7), (111.5, 119.5), (109.6, 134.4), (109.6, 149.3), (115.2, 169.9), (126.4, 179.2), (141.3, 179.2), (161.9, 179.2), (176.8, 184.8), (173.1, 199.7), (173.1, 216.5), (180.5, 235.2), (193.6, 244.5), (193.6, 244.5), (193.6, 244.5), (197.3, 244.5), (204.8, 244.5), (210.4, 244.5), (227.2, 244.5), (242.1, 252.0), (236.5, 266.9), (236.5, 287.5), (247.7, 304.3), (257.1, 308.0), (257.1, 308.0), (257.1, 308.0), (257.1, 308.0), (257.1, 308.0), (257.1, 308.0), (262.7, 308.0), (275.7, 308.0), (290.7, 306.1), (300.0, 304.3), (300.0, 308.0), (300.0, 308.0), (300.0, 308.0), (300.0, 308.0), (300.0, 308.0), (300.0, 308.0), (300.0, 308.0), (300.0, 308.0), (300.0, 308.0), (300.0, 308.0), (300.0, 308.0), (300.0, 308.0), (300.0, 308.0), (300.0, 308.0), (300.0, 308.0), (300.0, 308.0), (300.0, 308.0), (300.0, 308.0), (300.0, 308.0), (300.0, 308.0), (300.0, 308.0), (300.0, 308.0), (301.9, 306.1), (316.8, 300.5), (320.5, 300.5), (335.5, 300.5), (356.0, 300.5), (365.3, 304.3), (365.3, 308.0), (365.3, 308.0), (365.3, 308.0), (365.3, 308.0), (365.3, 308.0)]",0,0,9.1
experienced,bomberman,8,Bomb,3,0,17.85,0.778,"[(48.0, 112.0), (51.7, 126.9), (44.3, 141.9), (44.3, 156.8), (48.0, 171.7), (62.9, 179.2), (62.9, 179.2), (62.9, 179.2), (62.9, 179.2), (62.9, 179.2), (62.9, 179.2), (62.9, 179.2), (62.9, 179.2), (62.9, 179.2), (62.9, 179.2), (62.9, 179.2), (62.9, 179.2), (62.9, 179.2), (62.9, 179.2), (62.9, 179.2), (62.9, 179.2), (62.9, 179.2), (62.9, 179.2), (62.9, 179.2), (70.4, 179.2), (77.9, 179.2), (98.4, 179.2), (113.3, 184.8), (115.2, 199.7), (115.2, 216.5), (115.2, 235.2), (128.3, 244.5), (141.3, 244.5), (141.3, 244.5), (141.3, 244.5), (141.3, 244.5), (141.3, 244.5), (141.3, 244.5), (141.3, 244.5), (141.3, 244.5), (158.1, 244.5), (174.9, 248.3), (174.9, 257.6), (173.1, 255.7), (180.5, 257.6), (180.5, 257.6), (180.5, 257.6), (180.5, 257.6), (180.5, 257.6), (180.5, 257.6), (180.5, 257.6), (180.5, 257.6), (180.5, 257.6), (180.5, 257.6), (180.5, 248.3), (191.7, 237.1), (193.6, 244.5), (193.6, 242.7), (191.7, 244.5), (193.6, 244.5), (193.6, 242.7), (206.7, 244.5), (229.1, 240.8), (244.0, 242.7), (255.2, 244.5), (255.2, 244.5), (258.9, 244.5), (268.3, 244.5), (285.1, 244.5), (301.9, 244.5), (316.8, 244.5), (320.5, 244.5), (320.5, 244.5), (320.5, 244.5), (320.5, 244.5), (320.5, 244.5), (320.5, 244.5), (320.5, 244.5), (320.5, 244.5), (320.5, 244.5), (320.5, 244.5), (320.5, 244.5), (320.5, 244.5), (320.5, 244.5), (320.5, 244.5), (320.5, 244.5), (320.5, 244.5), (320.5, 244.5), (320.5, 244.5), (320.5, 244.5), (320.5, 244.5), (333.6, 237.1), (354.1, 237.1), (365.3, 235.2), (365.3, 235.2), (365.3, 235.2), (365.3, 235.2), (365.3, 235.2), (365.3, 235.2), (365.3, 235.2), (365.3, 235.2), (365.3, 235.2), (365.3, 235.2), (365.3, 235.2), (365.3, 235.2), (365.3, 235.2), (365.3, 235.2), (365.3, 235.2), (365.3, 235.2), (365.3, 235.2), (365.3, 235.2), (365.3, 235.2), (365.3, 235.2), (365.3, 235.2), (365.3, 235.2), (365.3, 235.2), (365.3, 235.2), (365.3, 235.2), (365.3, 235.2), (365.3, 235.2), (365.3, 235.2)]",0,0,16.0
experienced,bomberman,8,Bomb,7,0,32.6,0.833,"[(48.0, 112.0), (62.9, 115.7), (77.9, 115.7), (98.4, 115.7), (113.3, 121.3), (109.6, 136.3), (109.6, 153.1), (115.2, 171.7), (128.3, 179.2), (143.2, 179.2), (160.0, 179.2), (174.9, 182.9), (174.9, 197.9), (173.1, 212.8), (180.5, 233.3), (191.7, 244.5), (191.7, 244.5), (191.7, 244.5), (191.7, 244.5), (195.5, 244.5), (199.2, 244.5), (206.7, 244.5), (214.1, 244.5), (229.1, 244.5), (244.0, 253.9), (236.5, 268.8), (236.5, 291.2), (249.6, 306.1), (257.1, 308.0), (257.1, 308.0), (257.1, 308.0), (257.1, 308.0), (257.1, 308.0), (260.8, 308.0), (273.9, 308.0), (285.1, 308.0), (300.0, 298.7), (300.0, 308.0), (300.0, 308.0), (300.0, 308.0), (300.0, 308.0), (300.0, 308.0), (300.0, 308.0), (300.0, 308.0), (300.0, 308.0), (300.0, 308.0), (300.0, 308.0), (300.0, 308.0), (300.0, 308.0), (300.0, 308.0), (300.0, 308.0), (300.0, 308.0), (300.0, 308.0), (300.0, 308.0), (300.0, 308.0), (300.0, 308.0), (300.0, 308.0), (300.0, 308.0), (301.9, 306.1), (316.8, 300.5), (320.5, 300.5)]",0,0,8.02
experienced,bomberman,8,Bomb,52,0,29.09,1.0,"[(48.0, 112.0), (62.9, 115.7), (77.9, 115.7), (98.4, 115.7), (113.3, 121.3), (109.6, 136.3), (109.6, 153.1), (115.2, 171.7), (128.3, 179.2), (143.2, 179.2), (165.6, 179.2), (180.5, 188.5), (173.1, 203.5), (173.1, 224.0), (182.4, 238.9), (197.3, 244.5), (214.1, 244.5), (232.8, 244.5), (244.0, 257.6), (236.5, 272.5), (240.3, 294.9), (253.3, 308.0), (257.1, 308.0), (257.1, 308.0), (257.1, 308.0), (257.1, 308.0), (257.1, 308.0), (257.1, 308.0), (257.1, 308.0), (260.8, 308.0), (264.5, 308.0), (277.6, 308.0), (290.7, 308.0), (300.0, 308.0), (300.0, 308.0), (300.0, 308.0), (300.0, 308.0), (303.7, 308.0), (307.5, 308.0), (314.9, 308.0), (318.7, 308.0), (318.7, 308.0), (318.7, 308.0), (318.7, 308.0), (318.7, 308.0), (318.7, 308.0), (318.7, 308.0), (318.7, 306.1), (318.7, 306.1), (318.7, 306.1), (318.7, 306.1), (318.7, 306.1), (318.7, 306.1), (318.7, 306.1), (326.1, 302.4), (342.9, 300.5), (361.6, 308.0), (376.5, 308.0), (384.0, 308.0), (384.0, 308.0), (384.0, 308.0), (397.1, 300.5), (419.5, 302.4), (428.8, 304.3), (428.8, 308.0), (428.8, 308.0), (428.8, 308.0), (428.8, 308.0), (428.8, 308.0), (428.8, 308.0), (428.8, 308.0), (428.8, 308.0), (428.8, 308.0), (428.8, 308.0), (428.8, 308.0), (428.8, 308.0), (428.8, 308.0), (428.8, 308.0), (428.8, 308.0), (428.8, 308.0), (428.8, 308.0), (428.8, 308.0), (428.8, 308.0), (428.8, 308.0), (428.8, 308.0), (428.8, 308.0), (428.8, 308.0), (428.8, 308.0), (428.8, 308.0), (428.8, 308.0), (428.8, 306.1)]",0,0,12.0
experienced,bomberman,8,Bomb,52,0,14.12,0.611,"[(48.0, 112.0), (44.3, 126.9), (44.3, 141.9), (44.3, 156.8), (51.7, 171.7), (64.8, 179.2), (64.8, 179.2), (64.8, 179.2), (64.8, 179.2), (64.8, 179.2), (64.8, 179.2), (64.8, 179.2), (64.8, 179.2), (64.8, 179.2), (64.8, 179.2), (64.8, 179.2), (64.8, 179.2), (64.8, 179.2), (64.8, 179.2), (64.8, 179.2), (64.8, 179.2), (64.8, 179.2), (64.8, 179.2), (64.8, 179.2), (64.8, 179.2), (64.8, 179.2), (64.8, 179.2), (64.8, 179.2), (64.8, 179.2), (64.8, 179.2), (64.8, 179.2), (64.8, 179.2), (64.8, 179.2), (64.8, 179.2), (72.3, 179.2), (90.9, 179.2), (107.7, 179.2), (113.3, 192.3), (109.6, 192.3), (109.6, 192.3), (109.6, 192.3), (109.6, 192.3), (109.6, 192.3), (109.6, 192.3), (109.6, 192.3), (109.6, 192.3), (109.6, 192.3), (109.6, 192.3), (109.6, 192.3), (109.6, 192.3), (109.6, 192.3), (109.6, 192.3), (109.6, 192.3), (109.6, 192.3), (109.6, 192.3), (109.6, 192.3), (109.6, 192.3), (115.2, 184.8), (124.5, 173.6), (139.5, 179.2), (161.9, 179.2), (174.9, 182.9), (174.9, 192.3), (173.1, 190.4), (173.1, 192.3), (174.9, 192.3), (173.1, 190.4), (173.1, 192.3), (180.5, 181.1), (193.6, 173.6), (204.8, 179.2), (204.8, 179.2), (204.8, 179.2), (225.3, 179.2), (240.3, 179.2), (255.2, 179.2), (266.4, 179.2), (286.9, 179.2), (301.9, 182.9), (307.5, 186.7), (307.5, 186.7), (307.5, 186.7), (307.5, 186.7), (307.5, 186.7), (307.5, 186.7), (307.5, 186.7), (307.5, 186.7), (307.5, 186.7), (307.5, 186.7), (307.5, 186.7), (307.5, 186.7), (307.5, 186.7), (307.5, 186.7), (307.5, 186.7), (307.5, 186.7), (305.6, 192.3), (301.9, 192.3), (300.0, 190.4), (303.7, 192.3), (307.5, 192.3), (307.5, 192.3), (307.5, 192.3), (307.5, 192.3), (307.5, 192.3), (307.5, 192.3), (307.5, 192.3), (307.5, 192.3), (307.5, 190.4), (307.5, 188.5), (307.5, 192.3), (307.5, 190.4), (307.5, 188.5), (307.5, 192.3), (307.5, 190.4), (307.5, 188.5), (307.5, 192.3), (303.7, 192.3), (300.0, 192.3), (301.9, 192.3), (300.0, 190.4), (300.0, 192.3)]",0,0,16.0
experienced,bomberman,8,Bomb,69,0,30.33,1.0,"[(48.0, 112.0), (62.9, 115.7), (77.9, 115.7), (98.4, 115.7), (113.3, 121.3), (109.6, 136.3), (109.6, 153.1), (115.2, 171.7), (128.3, 179.2), (143.2, 179.2), (163.7, 179.2), (178.7, 186.7), (173.1, 201.6), (173.1, 220.3), (180.5, 237.1), (195.5, 244.5), (202.9, 244.5), (206.7, 244.5), (214.1, 244.5), (229.1, 244.5), (244.0, 253.9), (236.5, 268.8), (236.5, 291.2), (249.6, 306.1), (257.1, 308.0), (257.1, 308.0), (257.1, 308.0), (257.1, 308.0), (257.1, 308.0), (257.1, 308.0), (257.1, 308.0), (257.1, 308.0), (270.1, 308.0), (281.3, 308.0), (296.3, 308.0), (300.0, 308.0), (300.0, 308.0), (300.0, 308.0), (303.7, 308.0), (311.2, 308.0), (318.7, 308.0), (318.7, 308.0), (318.7, 308.0), (318.7, 308.0), (318.7, 308.0), (318.7, 308.0), (318.7, 308.0), (318.7, 308.0), (320.5, 308.0), (320.5, 302.4), (318.7, 300.5), (318.7, 300.5), (318.7, 300.5), (318.7, 300.5), (333.6, 300.5), (354.1, 302.4), (369.1, 308.0), (384.0, 308.0), (384.0, 308.0), (384.0, 308.0), (384.0, 308.0), (382.1, 300.5), (393.3, 300.5), (410.1, 300.5), (425.1, 300.5), (428.8, 308.0), (428.8, 308.0), (428.8, 308.0), (428.8, 308.0), (428.8, 308.0), (428.8, 308.0), (428.8, 308.0), (428.8, 308.0), (428.8, 308.0), (428.8, 308.0), (428.8, 308.0), (428.8, 308.0), (428.8, 308.0), (428.8, 308.0), (428.8, 308.0), (428.8, 308.0), (428.8, 308.0), (428.8, 308.0), (428.8, 308.0), (428.8, 308.0), (428.8, 308.0), (428.8, 308.0), (428.8, 308.0), (428.8, 308.0), (428.8, 308.0), (432.5, 302.4)]",0,0,12.0
experienced,bomberman,8,Bomb,56,0,29.4,1.0,"[(48.0, 112.0), (62.9, 115.7), (62.9, 115.7), (62.9, 115.7), (62.9, 115.7), (62.9, 115.7), (74.1, 115.7), (76.0, 115.7), (76.0, 115.7), (77.9, 115.7), (98.4, 115.7), (113.3, 121.3), (109.6, 136.3), (109.6, 153.1), (115.2, 171.7), (128.3, 179.2), (143.2, 179.2), (165.6, 179.2), (180.5, 188.5), (173.1, 203.5), (173.1, 224.0), (182.4, 238.9), (197.3, 244.5), (214.1, 244.5), (234.7, 244.5), (242.1, 259.5), (238.4, 274.4), (244.0, 291.2), (249.6, 306.1), (264.5, 308.0), (279.5, 308.0), (292.5, 308.0), (300.0, 308.0), (303.7, 308.0), (311.2, 308.0), (318.7, 308.0), (318.7, 308.0), (318.7, 308.0), (318.7, 308.0), (318.7, 308.0), (318.7, 308.0), (318.7, 308.0), (318.7, 308.0), (318.7, 308.0), (318.7, 308.0), (318.7, 306.1), (318.7, 306.1), (318.7, 302.4), (318.7, 300.5), (318.7, 300.5), (318.7, 300.5), (318.7, 300.5), (318.7, 300.5), (318.7, 300.5), (333.6, 300.5), (354.1, 300.5), (369.1, 300.5), (384.0, 300.5), (384.0, 300.5), (384.0, 300.5), (384.0, 300.5), (395.2, 300.5), (417.6, 300.5), (428.8, 298.7), (428.8, 298.7), (428.8, 298.7), (428.8, 298.7), (428.8, 298.7), (428.8, 298.7), (428.8, 298.7), (428.8, 298.7), (428.8, 298.7), (428.8, 298.7), (428.8, 298.7), (428.8, 298.7), (428.8, 298.7), (428.8, 298.7), (428.8, 298.7), (432.5, 298.7), (432.5, 298.7), (436.3, 298.7), (436.3, 298.7), (436.3, 298.7), (436.3, 296.8), (434.4, 289.3), (434.4, 289.3), (434.4, 289.3), (434.4, 289.3), (434.4, 289.3), (434.4, 289.3), (434.4, 289.3)]",0,0,12.0
experienced,bomberman,8,Bomb,56,0,29.4,1.0,"[(48.0, 112.0), (62.9, 115.7), (62.9, 115.7), (62.9, 115.7), (62.9, 115.7), (62.9, 115.7), (74.1, 115.7), (76.0, 115.7), (76.0, 115.7), (77.9, 115.7), (98.4, 115.7), (113.3, 121.3), (109.6, 136.3), (109.6, 153.1), (115.2, 171.7), (128.3, 179.2), (143.2, 179.2), (165.6, 179.2), (180.5, 188.5), (173.1, 203.5), (173.1, 224.0), (182.4, 238.9), (197.3, 244.5), (214.1, 244.5), (234.7, 244.5), (242.1, 259.5), (238.4, 274.4), (244.0, 291.2), (249.6, 306.1), (264.5, 308.0), (279.5, 308.0), (292.5, 308.0), (300.0, 308.0), (303.7, 308.0), (311.2, 308.0), (318.7, 308.0), (318.7, 308.0), (318.7, 308.0), (318.7, 308.0), (318.7, 308.0), (318.7, 308.0), (318.7, 308.0), (318.7, 308.0), (318.7, 308.0), (318.7, 308.0), (318.7, 306.1), (318.7, 306.1), (318.7, 302.4), (318.7, 300.5), (318.7, 300.5), (318.7, 300.5), (318.7, 300.5), (318.7, 300.5), (318.7, 300.5), (333.6, 300.5), (354.1, 300.5), (369.1, 300.5), (384.0, 300.5), (384.0, 300.5), (384.0, 300.5), (384.0, 300.5), (395.2, 300.5), (417.6, 300.5), (428.8, 298.7), (428.8, 298.7), (428.8, 298.7), (428.8, 298.7), (428.8, 298.7), (428.8, 298.7), (428.8, 298.7), (428.8, 298.7), (428.8, 298.7), (428.8, 298.7), (428.8, 298.7), (428.8, 298.7), (428.8, 298.7), (428.8, 298.7), (428.8, 298.7), (432.5, 298.7), (432.5, 298.7), (436.3, 298.7), (436.3, 298.7), (436.3, 298.7), (436.3, 296.8), (434.4, 289.3), (434.4, 289.3), (434.4, 289.3), (434.4, 289.3), (434.4, 289.3), (434.4, 289.3), (434.4, 289.3)]",0,0,12.0
experienced,bomberman,8,Bomb,69,0,30.33,1.0,"[(48.0, 112.0), (62.9, 115.7), (77.9, 115.7), (98.4, 115.7), (113.3, 121.3), (109.6, 136.3), (109.6, 153.1), (115.2, 171.7), (128.3, 179.2), (143.2, 179.2), (163.7, 179.2), (178.7, 186.7), (173.1, 201.6), (173.1, 220.3), (180.5, 237.1), (195.5, 244.5), (202.9, 244.5), (206.7, 244.5), (214.1, 244.5), (229.1, 244.5), (244.0, 253.9), (236.5, 268.8), (236.5, 291.2), (249.6, 306.1), (257.1, 308.0), (257.1, 308.0), (257.1, 308.0), (257.1, 308.0), (257.1, 308.0), (257.1, 308.0), (257.1, 308.0), (257.1, 308.0), (270.1, 308.0), (281.3, 308.0), (296.3, 308.0), (300.0, 308.0), (300.0, 308.0), (300.0, 308.0), (303.7, 308.0), (311.2, 308.0), (318.7, 308.0), (318.7, 308.0), (318.7, 308.0), (318.7, 308.0), (318.7, 308.0), (318.7, 308.0), (318.7, 308.0), (318.7, 308.0), (320.5, 308.0), (320.5, 302.4), (318.7, 300.5), (318.7, 300.5), (318.7, 300.5), (318.7, 300.5), (333.6, 300.5), (354.1, 302.4), (369.1, 308.0), (384.0, 308.0), (384.0, 308.0), (384.0, 308.0), (384.0, 308.0), (382.1, 300.5), (393.3, 300.5), (410.1, 300.5), (425.1, 300.5), (428.8, 308.0), (428.8, 308.0), (428.8, 308.0), (428.8, 308.0), (428.8, 308.0), (428.8, 308.0), (428.8, 308.0), (428.8, 308.0), (428.8, 308.0), (428.8, 308.0), (428.8, 308.0), (428.8, 308.0), (428.8, 308.0), (428.8, 308.0), (428.8, 308.0), (428.8, 308.0), (428.8, 308.0), (428.8, 308.0), (428.8, 308.0), (428.8, 308.0), (428.8, 308.0), (428.8, 308.0), (428.8, 308.0), (428.8, 308.0), (428.8, 308.0), (432.5, 302.4)]",0,0,12.0
experienced,bomberman,8,Bomb,52,0,29.09,1.0,"[(48.0, 112.0), (62.9, 115.7), (77.9, 115.7), (98.4, 115.7), (113.3, 121.3), (109.6, 136.3), (109.6, 153.1), (115.2, 171.7), (128.3, 179.2), (143.2, 179.2), (165.6, 179.2), (180.5, 188.5), (173.1, 203.5), (173.1, 224.0), (182.4, 238.9), (197.3, 244.5), (214.1, 244.5), (232.8, 244.5), (244.0, 257.6), (236.5, 272.5), (240.3, 294.9), (253.3, 308.0), (257.1, 308.0), (257.1, 308.0), (257.1, 308.0), (257.1, 308.0), (257.1, 308.0), (257.1, 308.0), (257.1, 308.0), (260.8, 308.0), (264.5, 308.0), (277.6, 308.0), (290.7, 308.0), (300.0, 308.0), (300.0, 308.0), (300.0, 308.0), (300.0, 308.0), (303.7, 308.0), (307.5, 308.0), (314.9, 308.0), (318.7, 308.0), (318.7, 308.0), (318.7, 308.0), (318.7, 308.0), (318.7, 308.0), (318.7, 308.0), (318.7, 308.0), (318.7, 306.1), (318.7, 306.1), (318.7, 306.1), (318.7, 306.1), (318.7, 306.1), (318.7, 306.1), (318.7, 306.1), (326.1, 302.4), (342.9, 300.5), (361.6, 308.0), (376.5, 308.0), (384.0, 308.0), (384.0, 308.0), (384.0, 308.0), (397.1, 300.5), (419.5, 302.4), (428.8, 304.3), (428.8, 308.0), (428.8, 308.0), (428.8, 308.0), (428.8, 308.0), (428.8, 308.0), (428.8, 308.0), (428.8, 308.0), (428.8, 308.0), (428.8, 308.0), (428.8, 308.0), (428.8, 308.0), (428.8, 308.0), (428.8, 308.0), (428.8, 308.0), (428.8, 308.0), (428.8, 308.0), (428.8, 308.0), (428.8, 308.0), (428.8, 308.0), (428.8, 308.0), (428.8, 308.0), (428.8, 308.0), (428.8, 308.0), (428.8, 308.0), (428.8, 308.0), (428.8, 308.0), (428.8, 306.1)]",0,0,12.0
experienced,bomberman,8,Bomb,40,0,29.09,1.0,"[(48.0, 112.0), (62.9, 115.7), (66.7, 115.7), (76.0, 115.7), (79.7, 115.7), (98.4, 115.7), (113.3, 121.3), (109.6, 136.3), (109.6, 153.1), (115.2, 171.7), (128.3, 179.2), (143.2, 179.2), (165.6, 179.2), (180.5, 188.5), (173.1, 203.5), (173.1, 224.0), (182.4, 238.9), (197.3, 244.5), (214.1, 244.5), (232.8, 244.5), (244.0, 257.6), (236.5, 272.5), (240.3, 294.9), (253.3, 308.0), (257.1, 308.0), (257.1, 308.0), (257.1, 308.0), (257.1, 308.0), (257.1, 308.0), (257.1, 308.0), (257.1, 308.0), (270.1, 308.0), (283.2, 308.0), (298.1, 308.0), (300.0, 308.0), (300.0, 308.0), (300.0, 308.0), (300.0, 308.0), (303.7, 308.0), (307.5, 308.0), (314.9, 308.0), (318.7, 308.0), (318.7, 308.0), (318.7, 308.0), (318.7, 308.0), (318.7, 308.0), (318.7, 306.1), (318.7, 306.1), (318.7, 306.1), (318.7, 306.1), (318.7, 306.1), (320.5, 300.5), (318.7, 300.5), (318.7, 300.5), (333.6, 300.5), (354.1, 302.4), (369.1, 308.0), (384.0, 308.0), (384.0, 308.0), (384.0, 308.0), (384.0, 308.0), (397.1, 300.5), (419.5, 300.5), (428.8, 304.3), (428.8, 308.0), (428.8, 308.0), (428.8, 308.0), (428.8, 308.0), (428.8, 308.0), (428.8, 308.0), (428.8, 308.0), (428.8, 308.0), (428.8, 308.0), (428.8, 308.0), (428.8, 308.0), (428.8, 308.0), (428.8, 308.0), (428.8, 308.0), (428.8, 308.0), (428.8, 308.0), (428.8, 308.0), (428.8, 308.0), (428.8, 308.0), (428.8, 308.0), (428.8, 308.0), (428.8, 308.0), (428.8, 308.0), (428.8, 308.0), (428.8, 306.1), (428.8, 293.1), (428.8, 289.3)]",0,0,12.0
experienced,bomberman,8,Enemy,30,0,34.65,0.944,"[(48.0, 112.0), (62.9, 115.7), (77.9, 115.7), (98.4, 115.7), (113.3, 121.3), (115.2, 136.3), (115.2, 153.1), (115.2, 171.7), (128.3, 179.2), (143.2, 179.2), (165.6, 179.2), (180.5, 188.5), (180.5, 203.5), (180.5, 224.0), (182.4, 238.9), (193.6, 244.5), (193.6, 244.5), (193.6, 244.5), (193.6, 244.5), (193.6, 244.5), (197.3, 244.5), (204.8, 244.5), (210.4, 244.5), (227.2, 244.5), (242.1, 252.0), (236.5, 266.9), (236.5, 287.5), (247.7, 304.3), (257.1, 308.0), (257.1, 308.0), (257.1, 308.0), (257.1, 308.0), (257.1, 308.0), (262.7, 308.0), (277.6, 308.0), (292.5, 304.3), (300.0, 306.1), (300.0, 308.0), (300.0, 308.0), (300.0, 308.0), (300.0, 308.0), (300.0, 308.0), (300.0, 308.0), (311.2, 308.0), (314.9, 308.0), (318.7, 308.0), (320.5, 308.0), (320.5, 308.0), (320.5, 308.0), (320.5, 308.0), (320.5, 302.4), (320.5, 300.5), (320.5, 300.5), (320.5, 300.5), (320.5, 300.5), (320.5, 300.5), (320.5, 300.5), (320.5, 300.5), (320.5, 300.5), (320.5, 300.5), (320.5, 300.5), (335.5, 300.5), (356.0, 300.5), (365.3, 304.3), (365.3, 308.0), (369.1, 308.0), (384.0, 308.0), (384.0, 308.0)]",0,0,9.05
experienced,bomberman,8,Bomb,27,0,26.91,0.944,"[(48.0, 112.0), (62.9, 115.7), (77.9, 115.7), (98.4, 115.7), (113.3, 121.3), (109.6, 136.3), (109.6, 153.1), (115.2, 171.7), (128.3, 179.2), (143.2, 179.2), (165.6, 179.2), (180.5, 188.5), (173.1, 203.5), (173.1, 224.0), (182.4, 238.9), (197.3, 244.5), (214.1, 244.5), (234.7, 244.5), (242.1, 259.5), (236.5, 274.4), (242.1, 296.8), (255.2, 308.0), (257.1, 308.0), (257.1, 308.0), (257.1, 308.0), (257.1, 308.0), (257.1, 308.0), (260.8, 308.0), (264.5, 308.0), (268.3, 308.0), (273.9, 308.0), (285.1, 308.0), (300.0, 308.0), (300.0, 308.0), (300.0, 308.0), (301.9, 308.0), (305.6, 308.0), (313.1, 308.0), (316.8, 308.0), (320.5, 308.0), (320.5, 308.0), (320.5, 308.0), (320.5, 308.0), (320.5, 308.0), (320.5, 308.0), (320.5, 308.0), (320.5, 308.0), (320.5, 308.0), (320.5, 308.0), (318.7, 304.3), (320.5, 300.5), (320.5, 300.5), (320.5, 300.5), (320.5, 300.5), (331.7, 300.5), (352.3, 300.5), (367.2, 308.0), (382.1, 308.0), (382.1, 306.1), (382.1, 306.1), (382.1, 306.1), (397.1, 300.5), (397.1, 300.5), (397.1, 300.5), (397.1, 300.5), (397.1, 300.5), (397.1, 300.5), (397.1, 300.5), (397.1, 300.5), (397.1, 300.5), (397.1, 300.5), (397.1, 300.5), (397.1, 300.5), (397.1, 300.5), (397.1, 300.5), (397.1, 300.5), (397.1, 300.5), (397.1, 300.5), (397.1, 300.5), (397.1, 300.5), (397.1, 300.5), (397.1, 300.5), (397.1, 300.5), (397.1, 300.5), (397.1, 300.5), (397.1, 300.5), (397.1, 300.5), (397.1, 300.5), (397.1, 300.5), (397.1, 300.5), (397.1, 300.5)]",0,0,12.0
experienced,bomberman,8,Bomb,38,0,26.91,0.944,"[(48.0, 112.0), (62.9, 115.7), (76.0, 115.7), (90.9, 115.7), (107.7, 115.7), (113.3, 130.7), (109.6, 145.6), (115.2, 166.1), (122.7, 179.2), (137.6, 179.2), (158.1, 179.2), (174.9, 182.9), (174.9, 197.9), (173.1, 212.8), (180.5, 233.3), (191.7, 244.5), (206.7, 244.5), (229.1, 244.5), (244.0, 253.9), (236.5, 268.8), (236.5, 291.2), (249.6, 306.1), (257.1, 308.0), (257.1, 308.0), (257.1, 308.0), (257.1, 308.0), (257.1, 308.0), (257.1, 308.0), (257.1, 308.0), (262.7, 308.0), (268.3, 308.0), (281.3, 308.0), (296.3, 308.0), (300.0, 308.0), (300.0, 308.0), (300.0, 308.0), (307.5, 308.0), (311.2, 308.0), (318.7, 308.0), (318.7, 308.0), (318.7, 308.0), (318.7, 308.0), (318.7, 308.0), (318.7, 308.0), (318.7, 308.0), (318.7, 308.0), (318.7, 306.1), (318.7, 306.1), (318.7, 306.1), (318.7, 306.1), (318.7, 306.1), (318.7, 306.1), (318.7, 306.1), (320.5, 306.1), (331.7, 300.5), (352.3, 300.5), (367.2, 308.0), (382.1, 308.0), (382.1, 306.1), (382.1, 306.1), (382.1, 306.1), (397.1, 300.5), (397.1, 300.5), (397.1, 300.5), (397.1, 300.5), (397.1, 300.5), (397.1, 300.5), (397.1, 300.5), (397.1, 300.5), (397.1, 300.5), (397.1, 300.5), (397.1, 300.5), (397.1, 300.5), (397.1, 300.5), (397.1, 300.5), (397.1, 300.5), (397.1, 300.5), (397.1, 300.5), (397.1, 300.5), (397.1, 300.5), (397.1, 300.5), (397.1, 300.5), (397.1, 300.5), (397.1, 300.5), (397.1, 300.5), (397.1, 300.5), (397.1, 300.5), (397.1, 300.5), (397.1, 300.5), (397.1, 300.5), (397.1, 300.5)]",0,0,12.0
experienced,bomberman,8,Bomb,81,0,37.72,0.889,"[(48.0, 112.0), (62.9, 115.7), (77.9, 115.7), (98.4, 115.7), (113.3, 121.3), (109.6, 136.3), (109.6, 153.1), (115.2, 171.7), (128.3, 179.2), (143.2, 179.2), (165.6, 179.2), (180.5, 188.5), (173.1, 203.5), (173.1, 224.0), (182.4, 238.9), (197.3, 244.5), (214.1, 244.5), (234.7, 244.5), (242.1, 259.5), (236.5, 274.4), (242.1, 296.8), (255.2, 308.0), (270.1, 308.0), (277.6, 308.0), (281.3, 308.0), (283.2, 308.0), (288.8, 308.0), (303.7, 308.0), (318.7, 308.0), (320.5, 308.0), (320.5, 308.0), (320.5, 308.0), (322.4, 308.0), (333.6, 308.0), (344.8, 308.0), (352.3, 308.0), (352.3, 308.0), (352.3, 308.0), (352.3, 308.0), (352.3, 304.3), (359.7, 300.5), (363.5, 300.5), (370.9, 298.7), (372.8, 298.7), (372.8, 296.8), (372.8, 287.5), (372.8, 287.5), (372.8, 287.5), (372.8, 287.5), (372.8, 287.5), (372.8, 287.5), (372.8, 287.5), (372.8, 287.5), (372.8, 287.5), (372.8, 287.5), (372.8, 287.5), (372.8, 287.5), (372.8, 287.5), (372.8, 287.5), (372.8, 287.5), (372.8, 287.5)]",1,0,8.02
experienced,bomberman,8,Bomb,46,0,30.33,1.0,"[(48.0, 112.0), (44.3, 126.9), (44.3, 141.9), (44.3, 156.8), (51.7, 171.7), (64.8, 179.2), (64.8, 179.2), (64.8, 179.2), (64.8, 179.2), (64.8, 179.2), (64.8, 179.2), (64.8, 179.2), (79.7, 179.2), (100.3, 179.2), (115.2, 186.7), (115.2, 201.6), (115.2, 220.3), (115.2, 237.1), (130.1, 244.5), (145.1, 244.5), (167.5, 244.5), (180.5, 255.7), (180.5, 270.7), (180.5, 293.1), (188.0, 308.0), (202.9, 308.0), (217.9, 308.0), (232.8, 308.0), (247.7, 308.0), (262.7, 308.0), (277.6, 308.0), (290.7, 308.0), (300.0, 308.0), (300.0, 308.0), (311.2, 308.0), (318.7, 308.0), (318.7, 308.0), (318.7, 308.0), (318.7, 308.0), (318.7, 308.0), (318.7, 308.0), (318.7, 308.0), (318.7, 308.0), (318.7, 308.0), (318.7, 308.0), (318.7, 304.3), (318.7, 300.5), (318.7, 300.5), (318.7, 300.5), (318.7, 300.5), (318.7, 300.5), (318.7, 300.5), (318.7, 300.5), (318.7, 300.5), (333.6, 300.5), (354.1, 300.5), (369.1, 300.5), (384.0, 300.5), (384.0, 300.5), (384.0, 300.5), (384.0, 300.5), (395.2, 300.5), (417.6, 300.5), (428.8, 298.7), (428.8, 298.7), (432.5, 298.7), (436.3, 298.7), (436.3, 298.7), (436.3, 298.7), (436.3, 298.7), (436.3, 298.7), (436.3, 298.7), (436.3, 298.7), (436.3, 298.7), (436.3, 298.7), (436.3, 298.7), (436.3, 298.7), (436.3, 298.7), (436.3, 298.7), (436.3, 298.7), (436.3, 298.7), (436.3, 298.7), (436.3, 298.7), (436.3, 296.8), (434.4, 289.3), (434.4, 289.3), (434.4, 289.3), (434.4, 289.3), (434.4, 289.3), (434.4, 289.3), (434.4, 289.3)]",0,0,12.0
experienced,bomberman,8,Bomb,44,0,28.0,0.944,"[(48.0, 112.0), (62.9, 115.7), (62.9, 115.7), (62.9, 115.7), (70.4, 115.7), (76.0, 115.7), (81.6, 115.7), (100.3, 115.7), (115.2, 123.2), (109.6, 138.1), (109.6, 156.8), (115.2, 173.6), (130.1, 179.2), (145.1, 179.2), (158.1, 179.2), (173.1, 181.1), (176.8, 196.0), (173.1, 210.9), (180.5, 231.5), (189.9, 244.5), (204.8, 244.5), (208.5, 244.5), (219.7, 244.5), (234.7, 244.5), (242.1, 259.5), (236.5, 274.4), (242.1, 296.8), (255.2, 308.0), (257.1, 308.0), (257.1, 308.0), (257.1, 308.0), (257.1, 308.0), (260.8, 308.0), (272.0, 308.0), (285.1, 308.0), (300.0, 308.0), (300.0, 308.0), (300.0, 308.0), (300.0, 308.0), (301.9, 308.0), (305.6, 308.0), (313.1, 308.0), (316.8, 308.0), (320.5, 308.0), (320.5, 308.0), (320.5, 308.0), (320.5, 308.0), (320.5, 308.0), (320.5, 308.0), (320.5, 308.0), (318.7, 300.5), (320.5, 300.5), (320.5, 302.4), (318.7, 300.5), (331.7, 300.5), (352.3, 300.5), (367.2, 308.0), (382.1, 308.0), (384.0, 300.5), (384.0, 302.4), (382.1, 300.5), (384.0, 300.5), (384.0, 302.4), (382.1, 300.5), (389.6, 300.5), (389.6, 300.5), (393.3, 300.5), (393.3, 300.5), (393.3, 300.5), (393.3, 300.5), (393.3, 300.5), (397.1, 300.5), (397.1, 300.5), (397.1, 300.5), (397.1, 300.5), (397.1, 300.5), (397.1, 300.5), (397.1, 300.5), (397.1, 300.5), (397.1, 300.5), (397.1, 300.5), (397.1, 300.5), (397.1, 300.5), (397.1, 300.5), (397.1, 300.5), (397.1, 300.5), (397.1, 300.5), (397.1, 300.5), (397.1, 300.5), (397.1, 300.5), (397.1, 300.5)]",0,0,12.0
experienced,bomberman,8,Bomb,81,0,37.72,0.889,"[(48.0, 112.0), (62.9, 115.7), (77.9, 115.7), (98.4, 115.7), (113.3, 121.3), (109.6, 136.3), (109.6, 153.1), (115.2, 171.7), (128.3, 179.2), (143.2, 179.2), (165.6, 179.2), (180.5, 188.5), (173.1, 203.5), (173.1, 224.0), (182.4, 238.9), (197.3, 244.5), (214.1, 244.5), (234.7, 244.5), (242.1, 259.5), (236.5, 274.4), (242.1, 296.8), (255.2, 308.0), (270.1, 308.0), (277.6, 308.0), (281.3, 308.0), (283.2, 308.0), (288.8, 308.0), (303.7, 308.0), (318.7, 308.0), (320.5, 308.0), (320.5, 308.0), (320.5, 308.0), (322.4, 308.0), (333.6, 308.0), (344.8, 308.0), (352.3, 308.0), (352.3, 308.0), (352.3, 308.0), (352.3, 308.0), (352.3, 304.3), (359.7, 300.5), (363.5, 300.5), (370.9, 298.7), (372.8, 298.7), (372.8, 296.8), (372.8, 287.5), (372.8, 287.5), (372.8, 287.5), (372.8, 287.5), (372.8, 287.5), (372.8, 287.5), (372.8, 287.5), (372.8, 287.5), (372.8, 287.5), (372.8, 287.5), (372.8, 287.5), (372.8, 287.5), (372.8, 287.5), (372.8, 287.5), (372.8, 287.5), (372.8, 287.5)]",1,0,8.02
experienced,bomberman,8,Bomb,46,0,30.33,1.0,"[(48.0, 112.0), (44.3, 126.9), (44.3, 141.9), (44.3, 156.8), (51.7, 171.7), (64.8, 179.2), (64.8, 179.2), (64.8, 179.2), (64.8, 179.2), (64.8, 179.2), (64.8, 179.2), (64.8, 179.2), (79.7, 179.2), (100.3, 179.2), (115.2, 186.7), (115.2, 201.6), (115.2, 220.3), (115.2, 237.1), (130.1, 244.5), (145.1, 244.5), (167.5, 244.5), (180.5, 255.7), (180.5, 270.7), (180.5, 293.1), (188.0, 308.0), (202.9, 308.0), (217.9, 308.0), (232.8, 308.0), (247.7, 308.0), (262.7, 308.0), (277.6, 308.0), (290.7, 308.0), (300.0, 308.0), (300.0, 308.0), (311.2, 308.0), (318.7, 308.0), (318.7, 308.0), (318.7, 308.0), (318.7, 308.0), (318.7, 308.0), (318.7, 308.0), (318.7, 308.0), (318.7, 308.0), (318.7, 308.0), (318.7, 308.0), (318.7, 304.3), (318.7, 300.5), (318.7, 300.5), (318.7, 300.5), (318.7, 300.5), (318.7, 300.5), (318.7, 300.5), (318.7, 300.5), (318.7, 300.5), (333.6, 300.5), (354.1, 300.5), (369.1, 300.5), (384.0, 300.5), (384.0, 300.5), (384.0, 300.5), (384.0, 300.5), (395.2, 300.5), (417.6, 300.5), (428.8, 298.7), (428.8, 298.7), (432.5, 298.7), (436.3, 298.7), (436.3, 298.7), (436.3, 298.7), (436.3, 298.7), (436.3, 298.7), (436.3, 298.7), (436.3, 298.7), (436.3, 298.7), (436.3, 298.7), (436.3, 298.7), (436.3, 298.7), (436.3, 298.7), (436.3, 298.7), (436.3, 298.7), (436.3, 298.7), (436.3, 298.7), (436.3, 298.7), (436.3, 296.8), (434.4, 289.3), (434.4, 289.3), (434.4, 289.3), (434.4, 289.3), (434.4, 289.3), (434.4, 289.3), (434.4, 289.3)]",0,0,12.0
experienced,bomberman,8,Bomb,40,0,29.09,1.0,"[(48.0, 112.0), (62.9, 115.7), (66.7, 115.7), (76.0, 115.7), (79.7, 115.7), (98.4, 115.7), (113.3, 121.3), (109.6, 136.3), (109.6, 153.1), (115.2, 171.7), (128.3, 179.2), (143.2, 179.2), (165.6, 179.2), (180.5, 188.5), (173.1, 203.5), (173.1, 224.0), (182.4, 238.9), (197.3, 244.5), (214.1, 244.5), (232.8, 244.5), (244.0, 257.6), (236.5, 272.5), (240.3, 294.9), (253.3, 308.0), (257.1, 308.0), (257.1, 308.0), (257.1, 308.0), (257.1, 308.0), (257.1, 308.0), (257.1, 308.0), (257.1, 308.0), (270.1, 308.0), (283.2, 308.0), (298.1, 308.0), (300.0, 308.0), (300.0, 308.0), (300.0, 308.0), (300.0, 308.0), (303.7, 308.0), (307.5, 308.0), (314.9, 308.0), (318.7, 308.0), (318.7, 308.0), (318.7, 308.0), (318.7, 308.0), (318.7, 308.0), (318.7, 306.1), (318.7, 306.1), (318.7, 306.1), (318.7, 306.1), (318.7, 306.1), (320.5, 300.5), (318.7, 300.5), (318.7, 300.5), (333.6, 300.5), (354.1, 302.4), (369.1, 308.0), (384.0, 308.0), (384.0, 308.0), (384.0, 308.0), (384.0, 308.0), (397.1, 300.5), (419.5, 300.5), (428.8, 304.3), (428.8, 308.0), (428.8, 308.0), (428.8, 308.0), (428.8, 308.0), (428.8, 308.0), (428.8, 308.0), (428.8, 308.0), (428.8, 308.0), (428.8, 308.0), (428.8, 308.0), (428.8, 308.0), (428.8, 308.0), (428.8, 308.0), (428.8, 308.0), (428.8, 308.0), (428.8, 308.0), (428.8, 308.0), (428.8, 308.0), (428.8, 308.0), (428.8, 308.0), (428.8, 308.0), (428.8, 308.0), (428.8, 308.0), (428.8, 308.0), (428.8, 306.1), (428.8, 293.1), (428.8, 289.3)]",0,0,12.0
experienced,bomberman,8,Bomb,52,0,29.09,1.0,"[(48.0, 112.0), (62.9, 115.7), (77.9, 115.7), (98.4, 115.7), (113.3, 121.3), (109.6, 136.3), (109.6, 153.1), (115.2, 171.7), (128.3, 179.2), (143.2, 179.2), (165.6, 179.2), (180.5, 188.5), (173.1, 203.5), (173.1, 224.0), (182.4, 238.9), (197.3, 244.5), (214.1, 244.5), (232.8, 244.5), (244.0, 257.6), (236.5, 272.5), (240.3, 294.9), (253.3, 308.0), (257.1, 308.0), (257.1, 308.0), (257.1, 308.0), (257.1, 308.0), (257.1, 308.0), (257.1, 308.0), (257.1, 308.0), (260.8, 308.0), (264.5, 308.0), (277.6, 308.0), (290.7, 308.0), (300.0, 308.0), (300.0, 308.0), (300.0, 308.0), (300.0, 308.0), (303.7, 308.0), (307.5, 308.0), (314.9, 308.0), (318.7, 308.0), (318.7, 308.0), (318.7, 308.0), (318.7, 308.0), (318.7, 308.0), (318.7, 308.0), (318.7, 308.0), (318.7, 306.1), (318.7, 306.1), (318.7, 306.1), (318.7, 306.1), (318.7, 306.1), (318.7, 306.1), (318.7, 306.1), (326.1, 302.4), (342.9, 300.5), (361.6, 308.0), (376.5, 308.0), (384.0, 308.0), (384.0, 308.0), (384.0, 308.0), (397.1, 300.5), (419.5, 302.4), (428.8, 304.3), (428.8, 308.0), (428.8, 308.0), (428.8, 308.0), (428.8, 308.0), (428.8, 308.0), (428.8, 308.0), (428.8, 308.0), (428.8, 308.0), (428.8, 308.0), (428.8, 308.0), (428.8, 308.0), (428.8, 308.0), (428.8, 308.0), (428.8, 308.0), (428.8, 308.0), (428.8, 308.0), (428.8, 308.0), (428.8, 308.0), (428.8, 308.0), (428.8, 308.0), (428.8, 308.0), (428.8, 308.0), (428.8, 308.0), (428.8, 308.0), (428.8, 308.0), (428.8, 308.0), (428.8, 306.1)]",0,0,12.0
experienced,bomberman,8,Bomb,69,0,30.33,1.0,"[(48.0, 112.0), (62.9, 115.7), (77.9, 115.7), (98.4, 115.7), (113.3, 121.3), (109.6, 136.3), (109.6, 153.1), (115.2, 171.7), (128.3, 179.2), (143.2, 179.2), (163.7, 179.2), (178.7, 186.7), (173.1, 201.6), (173.1, 220.3), (180.5, 237.1), (195.5, 244.5), (202.9, 244.5), (206.7, 244.5), (214.1, 244.5), (229.1, 244.5), (244.0, 253.9), (236.5, 268.8), (236.5, 291.2), (249.6, 306.1), (257.1, 308.0), (257.1, 308.0), (257.1, 308.0), (257.1, 308.0), (257.1, 308.0), (257.1, 308.0), (257.1, 308.0), (257.1, 308.0), (270.1, 308.0), (281.3, 308.0), (296.3, 308.0), (300.0, 308.0), (300.0, 308.0), (300.0, 308.0), (303.7, 308.0), (311.2, 308.0), (318.7, 308.0), (318.7, 308.0), (318.7, 308.0), (318.7, 308.0), (318.7, 308.0), (318.7, 308.0), (318.7, 308.0), (318.7, 308.0), (320.5, 308.0), (320.5, 302.4), (318.7, 300.5), (318.7, 300.5), (318.7, 300.5), (318.7, 300.5), (333.6, 300.5), (354.1, 302.4), (369.1, 308.0), (384.0, 308.0), (384.0, 308.0), (384.0, 308.0), (384.0, 308.0), (382.1, 300.5), (393.3, 300.5), (410.1, 300.5), (425.1, 300.5), (428.8, 308.0), (428.8, 308.0), (428.8, 308.0), (428.8, 308.0), (428.8, 308.0), (428.8, 308.0), (428.8, 308.0), (428.8, 308.0), (428.8, 308.0), (428.8, 308.0), (428.8, 308.0), (428.8, 308.0), (428.8, 308.0), (428.8, 308.0), (428.8, 308.0), (428.8, 308.0), (428.8, 308.0), (428.8, 308.0), (428.8, 308.0), (428.8, 308.0), (428.8, 308.0), (428.8, 308.0), (428.8, 308.0), (428.8, 308.0), (428.8, 308.0), (432.5, 302.4)]",0,0,12.0
experienced,bomberman,8,Bomb,56,0,29.4,1.0,"[(48.0, 112.0), (62.9, 115.7), (62.9, 115.7), (62.9, 115.7), (62.9, 115.7), (62.9, 115.7), (74.1, 115.7), (76.0, 115.7), (76.0, 115.7), (77.9, 115.7), (98.4, 115.7), (113.3, 121.3), (109.6, 136.3), (109.6, 153.1), (115.2, 171.7), (128.3, 179.2), (143.2, 179.2), (165.6, 179.2), (180.5, 188.5), (173.1, 203.5), (173.1, 224.0), (182.4, 238.9), (197.3, 244.5), (214.1, 244.5), (234.7, 244.5), (242.1, 259.5), (238.4, 274.4), (244.0, 291.2), (249.6, 306.1), (264.5, 308.0), (279.5, 308.0), (292.5, 308.0), (300.0, 308.0), (303.7, 308.0), (311.2, 308.0), (318.7, 308.0), (318.7, 308.0), (318.7, 308.0), (318.7, 308.0), (318.7, 308.0), (318.7, 308.0), (318.7, 308.0), (318.7, 308.0), (318.7, 308.0), (318.7, 308.0), (318.7, 306.1), (318.7, 306.1), (318.7, 302.4), (318.7, 300.5), (318.7, 300.5), (318.7, 300.5), (318.7, 300.5), (318.7, 300.5), (318.7, 300.5), (333.6, 300.5), (354.1, 300.5), (369.1, 300.5), (384.0, 300.5), (384.0, 300.5), (384.0, 300.5), (384.0, 300.5), (395.2, 300.5), (417.6, 300.5), (428.8, 298.7), (428.8, 298.7), (428.8, 298.7), (428.8, 298.7), (428.8, 298.7), (428.8, 298.7), (428.8, 298.7), (428.8, 298.7), (428.8, 298.7), (428.8, 298.7), (428.8, 298.7), (428.8, 298.7), (428.8, 298.7), (428.8, 298.7), (428.8, 298.7), (432.5, 298.7), (432.5, 298.7), (436.3, 298.7), (436.3, 298.7), (436.3, 298.7), (436.3, 296.8), (434.4, 289.3), (434.4, 289.3), (434.4, 289.3), (434.4, 289.3), (434.4, 289.3), (434.4, 289.3), (434.4, 289.3)]",0,0,12.0
experienced,bomberman,8,Bomb,28,0,27.53,0.944,"[(48.0, 112.0), (62.9, 115.7), (62.9, 115.7), (74.1, 115.7), (76.0, 115.7), (90.9, 115.7), (107.7, 115.7), (113.3, 130.7), (109.6, 145.6), (115.2, 166.1), (122.7, 179.2), (137.6, 179.2), (158.1, 179.2), (173.1, 181.1), (176.8, 196.0), (173.1, 210.9), (180.5, 231.5), (189.9, 244.5), (201.1, 244.5), (210.4, 244.5), (223.5, 244.5), (238.4, 248.3), (238.4, 263.2), (236.5, 280.0), (244.0, 300.5), (257.1, 308.0), (257.1, 308.0), (257.1, 308.0), (257.1, 308.0), (257.1, 308.0), (257.1, 308.0), (264.5, 308.0), (279.5, 308.0), (292.5, 308.0), (300.0, 308.0), (300.0, 308.0), (300.0, 308.0), (300.0, 308.0), (300.0, 308.0), (300.0, 308.0), (300.0, 308.0), (301.9, 308.0), (309.3, 308.0), (313.1, 308.0), (316.8, 308.0), (316.8, 308.0), (320.5, 304.3), (320.5, 300.5), (320.5, 300.5), (320.5, 300.5), (320.5, 300.5), (320.5, 300.5), (320.5, 300.5), (320.5, 300.5), (331.7, 300.5), (352.3, 300.5), (367.2, 308.0), (382.1, 308.0), (382.1, 306.1), (382.1, 306.1), (382.1, 306.1), (397.1, 300.5), (397.1, 300.5), (397.1, 300.5), (397.1, 300.5), (397.1, 300.5), (397.1, 300.5), (397.1, 300.5), (397.1, 300.5), (397.1, 300.5), (397.1, 300.5), (397.1, 300.5), (397.1, 300.5), (397.1, 300.5), (397.1, 300.5), (397.1, 300.5), (397.1, 300.5), (397.1, 300.5), (397.1, 300.5), (397.1, 300.5), (397.1, 300.5), (397.1, 300.5), (397.1, 300.5), (397.1, 300.5), (397.1, 300.5), (397.1, 300.5), (397.1, 300.5), (397.1, 300.5), (397.1, 300.5), (397.1, 300.5), (397.1, 300.5)]",0,0,12.0
experienced,bomberman,8,Bomb,61,0,29.56,1.0,"[(48.0, 112.0), (62.9, 115.7), (77.9, 115.7), (98.4, 115.7), (113.3, 121.3), (109.6, 136.3), (109.6, 153.1), (115.2, 171.7), (128.3, 179.2), (143.2, 179.2), (165.6, 179.2), (180.5, 188.5), (173.1, 203.5), (173.1, 224.0), (182.4, 238.9), (197.3, 244.5), (214.1, 244.5), (234.7, 244.5), (242.1, 259.5), (236.5, 274.4), (242.1, 296.8), (255.2, 308.0), (257.1, 308.0), (257.1, 308.0), (257.1, 308.0), (257.1, 308.0), (260.8, 308.0), (264.5, 308.0), (270.1, 308.0), (273.9, 308.0), (279.5, 308.0), (290.7, 308.0), (300.0, 308.0), (300.0, 308.0), (305.6, 308.0), (313.1, 308.0), (320.5, 308.0), (320.5, 308.0), (320.5, 308.0), (320.5, 308.0), (320.5, 308.0), (320.5, 308.0), (320.5, 308.0), (320.5, 308.0), (320.5, 308.0), (320.5, 308.0), (320.5, 308.0), (320.5, 308.0), (320.5, 308.0), (320.5, 300.5), (320.5, 302.4), (318.7, 300.5), (320.5, 300.5), (320.5, 302.4), (333.6, 300.5), (354.1, 302.4), (369.1, 308.0), (384.0, 308.0), (382.1, 300.5), (384.0, 300.5), (384.0, 302.4), (397.1, 300.5), (419.5, 300.5), (428.8, 304.3), (428.8, 308.0), (428.8, 308.0), (428.8, 308.0), (428.8, 308.0), (428.8, 308.0), (428.8, 308.0), (428.8, 308.0), (428.8, 308.0), (428.8, 308.0), (428.8, 308.0), (428.8, 308.0), (428.8, 308.0), (428.8, 308.0), (428.8, 308.0), (428.8, 308.0), (428.8, 308.0), (428.8, 308.0), (428.8, 308.0), (432.5, 308.0), (432.5, 308.0), (436.3, 308.0), (436.3, 308.0), (436.3, 308.0), (436.3, 308.0), (436.3, 308.0), (436.3, 308.0), (436.3, 308.0)]",0,0,12.0
experienced,bomberman,8,Bomb,20,0,9.1,0.278,"[(48.0, 112.0), (48.0, 126.9), (44.3, 141.9), (44.3, 156.8), (44.3, 171.7), (59.2, 179.2), (62.9, 179.2), (62.9, 179.2), (62.9, 179.2), (62.9, 179.2), (62.9, 179.2), (62.9, 179.2), (62.9, 179.2), (62.9, 179.2), (62.9, 179.2), (62.9, 179.2), (62.9, 179.2), (62.9, 179.2), (62.9, 179.2), (62.9, 179.2), (62.9, 179.2), (62.9, 179.2), (62.9, 179.2), (62.9, 179.2), (62.9, 179.2), (62.9, 179.2), (62.9, 179.2), (62.9, 179.2), (62.9, 179.2), (62.9, 179.2), (64.8, 179.2), (64.8, 179.2), (64.8, 177.3), (62.9, 179.2), (62.9, 179.2), (62.9, 179.2), (62.9, 179.2), (62.9, 179.2), (66.7, 179.2), (81.6, 179.2), (102.1, 179.2), (115.2, 188.5), (115.2, 192.3), (115.2, 192.3), (115.2, 192.3), (115.2, 192.3), (115.2, 192.3), (115.2, 190.4), (115.2, 188.5), (115.2, 192.3), (115.2, 190.4), (115.2, 188.5), (115.2, 192.3), (115.2, 190.4), (115.2, 188.5), (115.2, 182.9), (126.4, 173.6), (126.4, 179.2), (128.3, 179.2), (128.3, 177.3), (126.4, 179.2)]",0,0,8.0
experienced,bomberman,8,Enemy,69,0,33.3,0.778,"[(48.0, 112.0), (62.9, 115.7), (77.9, 115.7), (98.4, 115.7), (113.3, 121.3), (109.6, 136.3), (109.6, 153.1), (115.2, 171.7), (128.3, 179.2), (143.2, 179.2), (165.6, 179.2), (180.5, 188.5), (173.1, 203.5), (173.1, 224.0), (182.4, 238.9), (197.3, 244.5), (214.1, 244.5), (234.7, 244.5), (242.1, 259.5), (236.5, 274.4), (242.1, 296.8), (255.2, 308.0), (270.1, 308.0), (285.1, 308.0), (300.0, 298.7), (307.5, 287.5), (307.5, 287.5), (307.5, 287.5), (307.5, 287.5), (307.5, 287.5), (307.5, 287.5), (307.5, 287.5), (307.5, 287.5), (307.5, 287.5), (307.5, 287.5), (307.5, 287.5), (300.0, 287.5), (301.9, 287.5), (300.0, 289.3), (300.0, 287.5), (301.9, 287.5), (300.0, 289.3), (300.0, 287.5), (301.9, 287.5), (300.0, 289.3), (300.0, 287.5), (301.9, 287.5), (300.0, 289.3), (300.0, 287.5), (301.9, 287.5), (300.0, 289.3), (300.0, 287.5), (301.9, 287.5)]",0,0,6.95
experienced,bomberman,8,Bomb,81,0,37.72,0.889,"[(48.0, 112.0), (62.9, 115.7), (77.9, 115.7), (98.4, 115.7), (113.3, 121.3), (109.6, 136.3), (109.6, 153.1), (115.2, 171.7), (128.3, 179.2), (143.2, 179.2), (165.6, 179.2), (180.5, 188.5), (173.1, 203.5), (173.1, 224.0), (182.4, 238.9), (197.3, 244.5), (214.1, 244.5), (234.7, 244.5), (242.1, 259.5), (236.5, 274.4), (242.1, 296.8), (255.2, 308.0), (270.1, 308.0), (277.6, 308.0), (281.3, 308.0), (283.2, 308.0), (288.8, 308.0), (303.7, 308.0), (318.7, 308.0), (320.5, 308.0), (320.5, 308.0), (320.5, 308.0), (322.4, 308.0), (333.6, 308.0), (344.8, 308.0), (352.3, 308.0), (352.3, 308.0), (352.3, 308.0), (352.3, 308.0), (352.3, 304.3), (359.7, 300.5), (363.5, 300.5), (370.9, 298.7), (372.8, 298.7), (372.8, 296.8), (372.8, 287.5), (372.8, 287.5), (372.8, 287.5), (372.8, 287.5), (372.8, 287.5), (372.8, 287.5), (372.8, 287.5), (372.8, 287.5), (372.8, 287.5), (372.8, 287.5), (372.8, 287.5), (372.8, 287.5), (372.8, 287.5), (372.8, 287.5), (372.8, 287.5), (372.8, 287.5)]",1,0,8.02
experienced,bomberman,8,Bomb,61,0,29.56,1.0,"[(48.0, 112.0), (62.9, 115.7), (77.9, 115.7), (98.4, 115.7), (113.3, 121.3), (109.6, 136.3), (109.6, 153.1), (115.2, 171.7), (128.3, 179.2), (143.2, 179.2), (165.6, 179.2), (180.5, 188.5), (173.1, 203.5), (173.1, 224.0), (182.4, 238.9), (197.3, 244.5), (214.1, 244.5), (234.7, 244.5), (242.1, 259.5), (236.5, 274.4), (242.1, 296.8), (255.2, 308.0), (257.1, 308.0), (257.1, 308.0), (257.1, 308.0), (257.1, 308.0), (260.8, 308.0), (264.5, 308.0), (270.1, 308.0), (273.9, 308.0), (279.5, 308.0), (290.7, 308.0), (300.0, 308.0), (300.0, 308.0), (305.6, 308.0), (313.1, 308.0), (320.5, 308.0), (320.5, 308.0), (320.5, 308.0), (320.5, 308.0), (320.5, 308.0), (320.5, 308.0), (320.5, 308.0), (320.5, 308.0), (320.5, 308.0), (320.5, 308.0), (320.5, 308.0), (320.5, 308.0), (320.5, 308.0), (320.5, 300.5), (320.5, 302.4), (318.7, 300.5), (320.5, 300.5), (320.5, 302.4), (333.6, 300.5), (354.1, 302.4), (369.1, 308.0), (384.0, 308.0), (382.1, 300.5), (384.0, 300.5), (384.0, 302.4), (397.1, 300.5), (419.5, 300.5), (428.8, 304.3), (428.8, 308.0), (428.8, 308.0), (428.8, 308.0), (428.8, 308.0), (428.8, 308.0), (428.8, 308.0), (428.8, 308.0), (428.8, 308.0), (428.8, 308.0), (428.8, 308.0), (428.8, 308.0), (428.8, 308.0), (428.8, 308.0), (428.8, 308.0), (428.8, 308.0), (428.8, 308.0), (428.8, 308.0), (428.8, 308.0), (432.5, 308.0), (432.5, 308.0), (436.3, 308.0), (436.3, 308.0), (436.3, 308.0), (436.3, 308.0), (436.3, 308.0), (436.3, 308.0), (436.3, 308.0)]",0,0,12.0
experienced,bomberman,8,Bomb,56,0,29.4,1.0,"[(48.0, 112.0), (62.9, 115.7), (62.9, 115.7), (62.9, 115.7), (62.9, 115.7), (62.9, 115.7), (74.1, 115.7), (76.0, 115.7), (76.0, 115.7), (77.9, 115.7), (98.4, 115.7), (113.3, 121.3), (109.6, 136.3), (109.6, 153.1), (115.2, 171.7), (128.3, 179.2), (143.2, 179.2), (165.6, 179.2), (180.5, 188.5), (173.1, 203.5), (173.1, 224.0), (182.4, 238.9), (197.3, 244.5), (214.1, 244.5), (234.7, 244.5), (242.1, 259.5), (238.4, 274.4), (244.0, 291.2), (249.6, 306.1), (264.5, 308.0), (279.5, 308.0), (292.5, 308.0), (300.0, 308.0), (303.7, 308.0), (311.2, 308.0), (318.7, 308.0), (318.7, 308.0), (318.7, 308.0), (318.7, 308.0), (318.7, 308.0), (318.7, 308.0), (318.7, 308.0), (318.7, 308.0), (318.7, 308.0), (318.7, 308.0), (318.7, 306.1), (318.7, 306.1), (318.7, 302.4), (318.7, 300.5), (318.7, 300.5), (318.7, 300.5), (318.7, 300.5), (318.7, 300.5), (318.7, 300.5), (333.6, 300.5), (354.1, 300.5), (369.1, 300.5), (384.0, 300.5), (384.0, 300.5), (384.0, 300.5), (384.0, 300.5), (395.2, 300.5), (417.6, 300.5), (428.8, 298.7), (428.8, 298.7), (428.8, 298.7), (428.8, 298.7), (428.8, 298.7), (428.8, 298.7), (428.8, 298.7), (428.8, 298.7), (428.8, 298.7), (428.8, 298.7), (428.8, 298.7), (428.8, 298.7), (428.8, 298.7), (428.8, 298.7), (428.8, 298.7), (432.5, 298.7), (432.5, 298.7), (436.3, 298.7), (436.3, 298.7), (436.3, 298.7), (436.3, 296.8), (434.4, 289.3), (434.4, 289.3), (434.4, 289.3), (434.4, 289.3), (434.4, 289.3), (434.4, 289.3), (434.4, 289.3)]",0,0,12.0
experienced,bomberman,8,Bomb,69,0,30.33,1.0,"[(48.0, 112.0), (62.9, 115.7), (77.9, 115.7), (98.4, 115.7), (113.3, 121.3), (109.6, 136.3), (109.6, 153.1), (115.2, 171.7), (128.3, 179.2), (143.2, 179.2), (163.7, 179.2), (178.7, 186.7), (173.1, 201.6), (173.1, 220.3), (180.5, 237.1), (195.5, 244.5), (202.9, 244.5), (206.7, 244.5), (214.1, 244.5), (229.1, 244.5), (244.0, 253.9), (236.5, 268.8), (236.5, 291.2), (249.6, 306.1), (257.1, 308.0), (257.1, 308.0), (257.1, 308.0), (257.1, 308.0), (257.1, 308.0), (257.1, 308.0), (257.1, 308.0), (257.1, 308.0), (270.1, 308.0), (281.3, 308.0), (296.3, 308.0), (300.0, 308.0), (300.0, 308.0), (300.0, 308.0), (303.7, 308.0), (311.2, 308.0), (318.7, 308.0), (318.7, 308.0), (318.7, 308.0), (318.7, 308.0), (318.7, 308.0), (318.7, 308.0), (318.7, 308.0), (318.7, 308.0), (320.5, 308.0), (320.5, 302.4), (318.7, 300.5), (318.7, 300.5), (318.7, 300.5), (318.7, 300.5), (333.6, 300.5), (354.1, 302.4), (369.1, 308.0), (384.0, 308.0), (384.0, 308.0), (384.0, 308.0), (384.0, 308.0), (382.1, 300.5), (393.3, 300.5), (410.1, 300.5), (425.1, 300.5), (428.8, 308.0), (428.8, 308.0), (428.8, 308.0), (428.8, 308.0), (428.8, 308.0), (428.8, 308.0), (428.8, 308.0), (428.8, 308.0), (428.8, 308.0), (428.8, 308.0), (428.8, 308.0), (428.8, 308.0), (428.8, 308.0), (428.8, 308.0), (428.8, 308.0), (428.8, 308.0), (428.8, 308.0), (428.8, 308.0), (428.8, 308.0), (428.8, 308.0), (428.8, 308.0), (428.8, 308.0), (428.8, 308.0), (428.8, 308.0), (428.8, 308.0), (432.5, 302.4)]",0,0,12.0
experienced,bomberman,8,Bomb,52,0,29.09,1.0,"[(48.0, 112.0), (62.9, 115.7), (77.9, 115.7), (98.4, 115.7), (113.3, 121.3), (109.6, 136.3), (109.6, 153.1), (115.2, 171.7), (128.3, 179.2), (143.2, 179.2), (165.6, 179.2), (180.5, 188.5), (173.1, 203.5), (173.1, 224.0), (182.4, 238.9), (197.3, 244.5), (214.1, 244.5), (232.8, 244.5), (244.0, 257.6), (236.5, 272.5), (240.3, 294.9), (253.3, 308.0), (257.1, 308.0), (257.1, 308.0), (257.1, 308.0), (257.1, 308.0), (257.1, 308.0), (257.1, 308.0), (257.1, 308.0), (260.8, 308.0), (264.5, 308.0), (277.6, 308.0), (290.7, 308.0), (300.0, 308.0), (300.0, 308.0), (300.0, 308.0), (300.0, 308.0), (303.7, 308.0), (307.5, 308.0), (314.9, 308.0), (318.7, 308.0), (318.7, 308.0), (318.7, 308.0), (318.7, 308.0), (318.7, 308.0), (318.7, 308.0), (318.7, 308.0), (318.7, 306.1), (318.7, 306.1), (318.7, 306.1), (318.7, 306.1), (318.7, 306.1), (318.7, 306.1), (318.7, 306.1), (326.1, 302.4), (342.9, 300.5), (361.6, 308.0), (376.5, 308.0), (384.0, 308.0), (384.0, 308.0), (384.0, 308.0), (397.1, 300.5), (419.5, 302.4), (428.8, 304.3), (428.8, 308.0), (428.8, 308.0), (428.8, 308.0), (428.8, 308.0), (428.8, 308.0), (428.8, 308.0), (428.8, 308.0), (428.8, 308.0), (428.8, 308.0), (428.8, 308.0), (428.8, 308.0), (428.8, 308.0), (428.8, 308.0), (428.8, 308.0), (428.8, 308.0), (428.8, 308.0), (428.8, 308.0), (428.8, 308.0), (428.8, 308.0), (428.8, 308.0), (428.8, 308.0), (428.8, 308.0), (428.8, 308.0), (428.8, 308.0), (428.8, 308.0), (428.8, 308.0), (428.8, 306.1)]",0,0,12.0
experienced,bomberman,8,Bomb,40,0,29.09,1.0,"[(48.0, 112.0), (62.9, 115.7), (66.7, 115.7), (76.0, 115.7), (79.7, 115.7), (98.4, 115.7), (113.3, 121.3), (109.6, 136.3), (109.6, 153.1), (115.2, 171.7), (128.3, 179.2), (143.2, 179.2), (165.6, 179.2), (180.5, 188.5), (173.1, 203.5), (173.1, 224.0), (182.4, 238.9), (197.3, 244.5), (214.1, 244.5), (232.8, 244.5), (244.0, 257.6), (236.5, 272.5), (240.3, 294.9), (253.3, 308.0), (257.1, 308.0), (257.1, 308.0), (257.1, 308.0), (257.1, 308.0), (257.1, 308.0), (257.1, 308.0), (257.1, 308.0), (270.1, 308.0), (283.2, 308.0), (298.1, 308.0), (300.0, 308.0), (300.0, 308.0), (300.0, 308.0), (300.0, 308.0), (303.7, 308.0), (307.5, 308.0), (314.9, 308.0), (318.7, 308.0), (318.7, 308.0), (318.7, 308.0), (318.7, 308.0), (318.7, 308.0), (318.7, 306.1), (318.7, 306.1), (318.7, 306.1), (318.7, 306.1), (318.7, 306.1), (320.5, 300.5), (318.7, 300.5), (318.7, 300.5), (333.6, 300.5), (354.1, 302.4), (369.1, 308.0), (384.0, 308.0), (384.0, 308.0), (384.0, 308.0), (384.0, 308.0), (397.1, 300.5), (419.5, 300.5), (428.8, 304.3), (428.8, 308.0), (428.8, 308.0), (428.8, 308.0), (428.8, 308.0), (428.8, 308.0), (428.8, 308.0), (428.8, 308.0), (428.8, 308.0), (428.8, 308.0), (428.8, 308.0), (428.8, 308.0), (428.8, 308.0), (428.8, 308.0), (428.8, 308.0), (428.8, 308.0), (428.8, 308.0), (428.8, 308.0), (428.8, 308.0), (428.8, 308.0), (428.8, 308.0), (428.8, 308.0), (428.8, 308.0), (428.8, 308.0), (428.8, 308.0), (428.8, 306.1), (428.8, 293.1), (428.8, 289.3)]",0,0,12.0
experienced,bomberman,8,Bomb,16,0,29.4,1.0,"[(48.0, 112.0), (62.9, 115.7), (77.9, 115.7), (98.4, 115.7), (113.3, 121.3), (109.6, 136.3), (109.6, 153.1), (115.2, 171.7), (128.3, 179.2), (143.2, 179.2), (165.6, 179.2), (180.5, 188.5), (173.1, 203.5), (173.1, 224.0), (182.4, 238.9), (197.3, 244.5), (214.1, 244.5), (234.7, 244.5), (242.1, 259.5), (236.5, 274.4), (242.1, 296.8), (255.2, 308.0), (270.1, 308.0), (277.6, 308.0), (281.3, 308.0), (285.1, 308.0), (294.4, 308.0), (309.3, 308.0), (320.5, 308.0), (320.5, 308.0), (320.5, 308.0), (320.5, 308.0), (328.0, 308.0), (341.1, 308.0), (352.3, 308.0), (365.3, 308.0), (365.3, 308.0), (365.3, 308.0), (365.3, 308.0), (365.3, 308.0), (365.3, 308.0), (365.3, 308.0), (365.3, 308.0), (365.3, 308.0), (365.3, 308.0), (365.3, 308.0), (365.3, 308.0), (365.3, 308.0), (365.3, 308.0), (365.3, 308.0), (365.3, 308.0), (365.3, 308.0), (365.3, 308.0), (365.3, 308.0), (365.3, 308.0), (365.3, 308.0), (365.3, 308.0), (376.5, 308.0), (384.0, 300.5), (384.0, 300.5), (384.0, 300.5), (398.9, 300.5), (421.3, 300.5), (428.8, 306.1), (428.8, 308.0), (428.8, 308.0), (428.8, 308.0), (428.8, 308.0), (428.8, 308.0), (428.8, 308.0), (428.8, 308.0), (428.8, 308.0), (428.8, 308.0), (428.8, 308.0), (428.8, 308.0), (428.8, 308.0), (428.8, 308.0), (428.8, 308.0), (428.8, 308.0), (428.8, 308.0), (428.8, 308.0), (428.8, 308.0), (428.8, 308.0), (428.8, 308.0), (428.8, 308.0), (428.8, 308.0), (428.8, 308.0), (428.8, 308.0), (428.8, 308.0), (428.8, 308.0), (428.8, 308.0)]",1,0,12.0
experienced,bomberman,8,Bomb,42,0,27.07,0.944,"[(48.0, 112.0), (62.9, 115.7), (62.9, 115.7), (72.3, 115.7), (76.0, 115.7), (76.0, 115.7), (77.9, 115.7), (98.4, 115.7), (113.3, 121.3), (109.6, 136.3), (109.6, 153.1), (115.2, 171.7), (128.3, 179.2), (143.2, 179.2), (165.6, 179.2), (180.5, 188.5), (173.1, 203.5), (173.1, 224.0), (182.4, 238.9), (197.3, 244.5), (214.1, 244.5), (234.7, 244.5), (242.1, 259.5), (236.5, 274.4), (242.1, 296.8), (255.2, 308.0), (262.7, 308.0), (266.4, 308.0), (270.1, 308.0), (275.7, 308.0), (279.5, 308.0), (292.5, 304.3), (300.0, 306.1), (300.0, 308.0), (300.0, 308.0), (300.0, 308.0), (300.0, 308.0), (300.0, 308.0), (300.0, 308.0), (300.0, 308.0), (300.0, 308.0), (301.9, 308.0), (305.6, 308.0), (313.1, 308.0), (316.8, 308.0), (320.5, 308.0), (320.5, 300.5), (320.5, 300.5), (320.5, 300.5), (320.5, 300.5), (320.5, 300.5), (320.5, 300.5), (320.5, 300.5), (320.5, 300.5), (331.7, 300.5), (352.3, 300.5), (367.2, 300.5), (382.1, 300.5), (382.1, 300.5), (382.1, 300.5), (382.1, 300.5), (393.3, 300.5), (397.1, 300.5), (397.1, 300.5), (397.1, 300.5), (397.1, 300.5), (397.1, 300.5), (397.1, 300.5), (397.1, 300.5), (397.1, 300.5), (397.1, 300.5), (397.1, 300.5), (397.1, 300.5), (397.1, 300.5), (397.1, 300.5), (397.1, 300.5), (397.1, 300.5), (397.1, 300.5), (397.1, 300.5), (397.1, 300.5), (397.1, 300.5), (397.1, 300.5), (397.1, 300.5), (397.1, 300.5), (397.1, 300.5), (397.1, 300.5), (397.1, 300.5), (397.1, 300.5), (397.1, 300.5), (397.1, 300.5), (397.1, 300.5)]",0,0,12.0
experienced,bomberman,8,Bomb,33,0,27.69,0.944,"[(48.0, 112.0), (62.9, 115.7), (62.9, 115.7), (62.9, 115.7), (62.9, 115.7), (62.9, 115.7), (62.9, 115.7), (66.7, 115.7), (76.0, 115.7), (76.0, 115.7), (87.2, 115.7), (105.9, 115.7), (115.2, 128.8), (109.6, 143.7), (113.3, 164.3), (120.8, 179.2), (135.7, 179.2), (152.5, 179.2), (169.3, 179.2), (180.5, 192.3), (173.1, 207.2), (176.8, 227.7), (186.1, 242.7), (201.1, 244.5), (221.6, 244.5), (238.4, 248.3), (238.4, 263.2), (236.5, 280.0), (244.0, 300.5), (257.1, 308.0), (258.9, 308.0), (272.0, 308.0), (285.1, 308.0), (300.0, 308.0), (300.0, 308.0), (300.0, 308.0), (300.0, 308.0), (300.0, 308.0), (300.0, 308.0), (300.0, 308.0), (300.0, 308.0), (300.0, 308.0), (300.0, 308.0), (300.0, 308.0), (301.9, 308.0), (305.6, 308.0), (309.3, 308.0), (309.3, 308.0), (313.1, 308.0), (316.8, 308.0), (320.5, 308.0), (320.5, 308.0), (320.5, 304.3), (320.5, 300.5), (331.7, 300.5), (352.3, 300.5), (367.2, 308.0), (374.7, 308.0), (374.7, 308.0), (378.4, 308.0), (378.4, 308.0), (389.6, 302.4), (397.1, 300.5), (397.1, 300.5), (397.1, 300.5), (397.1, 300.5), (397.1, 300.5), (397.1, 300.5), (397.1, 300.5), (397.1, 300.5), (397.1, 300.5), (397.1, 300.5), (397.1, 300.5), (397.1, 300.5), (397.1, 300.5), (397.1, 300.5), (397.1, 300.5), (397.1, 300.5), (397.1, 300.5), (397.1, 300.5), (397.1, 300.5), (397.1, 300.5), (397.1, 300.5), (397.1, 300.5), (397.1, 300.5), (397.1, 300.5), (397.1, 300.5), (397.1, 300.5), (397.1, 300.5), (398.9, 300.5), (406.4, 300.5)]",0,0,12.0
experienced,bomberman,8,Bomb,13,0,27.07,0.944,"[(48.0, 112.0), (62.9, 115.7), (62.9, 115.7), (62.9, 115.7), (66.7, 115.7), (76.0, 115.7), (76.0, 115.7), (90.9, 115.7), (107.7, 115.7), (113.3, 130.7), (109.6, 145.6), (115.2, 166.1), (122.7, 179.2), (137.6, 179.2), (158.1, 179.2), (174.9, 182.9), (174.9, 197.9), (173.1, 212.8), (180.5, 233.3), (191.7, 244.5), (206.7, 244.5), (227.2, 244.5), (242.1, 252.0), (236.5, 266.9), (236.5, 287.5), (247.7, 304.3), (257.1, 308.0), (257.1, 308.0), (257.1, 308.0), (257.1, 308.0), (258.9, 308.0), (272.0, 308.0), (286.9, 308.0), (300.0, 308.0), (300.0, 308.0), (300.0, 308.0), (300.0, 308.0), (300.0, 308.0), (300.0, 308.0), (300.0, 308.0), (300.0, 308.0), (300.0, 308.0), (300.0, 308.0), (300.0, 308.0), (300.0, 308.0), (301.9, 308.0), (301.9, 308.0), (305.6, 308.0), (305.6, 308.0), (305.6, 308.0), (309.3, 308.0), (309.3, 308.0), (309.3, 308.0), (313.1, 308.0), (313.1, 308.0), (316.8, 306.1), (331.7, 300.5), (352.3, 300.5), (367.2, 300.5), (382.1, 300.5), (382.1, 300.5), (397.1, 300.5), (397.1, 300.5), (397.1, 300.5), (397.1, 300.5), (397.1, 300.5), (397.1, 300.5), (397.1, 300.5), (397.1, 300.5), (397.1, 300.5), (397.1, 300.5), (397.1, 300.5), (397.1, 300.5), (397.1, 300.5), (397.1, 300.5), (397.1, 300.5), (397.1, 300.5), (397.1, 300.5), (397.1, 300.5), (397.1, 300.5), (397.1, 300.5), (397.1, 300.5), (397.1, 300.5), (397.1, 300.5), (397.1, 300.5), (397.1, 300.5), (397.1, 300.5), (397.1, 300.5), (397.1, 300.5), (397.1, 300.5), (397.1, 300.5)]",0,0,12.0
experienced,bomberman,8,Bomb,16,0,29.4,1.0,"[(48.0, 112.0), (62.9, 115.7), (77.9, 115.7), (98.4, 115.7), (113.3, 121.3), (109.6, 136.3), (109.6, 153.1), (115.2, 171.7), (128.3, 179.2), (143.2, 179.2), (165.6, 179.2), (180.5, 188.5), (173.1, 203.5), (173.1, 224.0), (182.4, 238.9), (197.3, 244.5), (214.1, 244.5), (234.7, 244.5), (242.1, 259.5), (236.5, 274.4), (242.1, 296.8), (255.2, 308.0), (270.1, 308.0), (277.6, 308.0), (281.3, 308.0), (285.1, 308.0), (294.4, 308.0), (309.3, 308.0), (320.5, 308.0), (320.5, 308.0), (320.5, 308.0), (320.5, 308.0), (328.0, 308.0), (341.1, 308.0), (352.3, 308.0), (365.3, 308.0), (365.3, 308.0), (365.3, 308.0), (365.3, 308.0), (365.3, 308.0), (365.3, 308.0), (365.3, 308.0), (365.3, 308.0), (365.3, 308.0), (365.3, 308.0), (365.3, 308.0), (365.3, 308.0), (365.3, 308.0), (365.3, 308.0), (365.3, 308.0), (365.3, 308.0), (365.3, 308.0), (365.3, 308.0), (365.3, 308.0), (365.3, 308.0), (365.3, 308.0), (365.3, 308.0), (376.5, 308.0), (384.0, 300.5), (384.0, 300.5), (384.0, 300.5), (398.9, 300.5), (421.3, 300.5), (428.8, 306.1), (428.8, 308.0), (428.8, 308.0), (428.8, 308.0), (428.8, 308.0), (428.8, 308.0), (428.8, 308.0), (428.8, 308.0), (428.8, 308.0), (428.8, 308.0), (428.8, 308.0), (428.8, 308.0), (428.8, 308.0), (428.8, 308.0), (428.8, 308.0), (428.8, 308.0), (428.8, 308.0), (428.8, 308.0), (428.8, 308.0), (428.8, 308.0), (428.8, 308.0), (428.8, 308.0), (428.8, 308.0), (428.8, 308.0), (428.8, 308.0), (428.8, 308.0), (428.8, 308.0), (428.8, 308.0)]",1,0,12.0
experienced,bomberman,8,Bomb,81,0,37.72,0.889,"[(48.0, 112.0), (62.9, 115.7), (77.9, 115.7), (98.4, 115.7), (113.3, 121.3), (109.6, 136.3), (109.6, 153.1), (115.2, 171.7), (128.3, 179.2), (143.2, 179.2), (165.6, 179.2), (180.5, 188.5), (173.1, 203.5), (173.1, 224.0), (182.4, 238.9), (197.3, 244.5), (214.1, 244.5), (234.7, 244.5), (242.1, 259.5), (236.5, 274.4), (242.1, 296.8), (255.2, 308.0), (270.1, 308.0), (277.6, 308.0), (281.3, 308.0), (283.2, 308.0), (288.8, 308.0), (303.7, 308.0), (318.7, 308.0), (320.5, 308.0), (320.5, 308.0), (320.5, 308.0), (322.4, 308.0), (333.6, 308.0), (344.8, 308.0), (352.3, 308.0), (352.3, 308.0), (352.3, 308.0), (352.3, 308.0), (352.3, 304.3), (359.7, 300.5), (363.5, 300.5), (370.9, 298.7), (372.8, 298.7), (372.8, 296.8), (372.8, 287.5), (372.8, 287.5), (372.8, 287.5), (372.8, 287.5), (372.8, 287.5), (372.8, 287.5), (372.8, 287.5), (372.8, 287.5), (372.8, 287.5), (372.8, 287.5), (372.8, 287.5), (372.8, 287.5), (372.8, 287.5), (372.8, 287.5), (372.8, 287.5), (372.8, 287.5)]",1,0,8.02
experienced,bomberman,8,Bomb,40,0,29.09,1.0,"[(48.0, 112.0), (62.9, 115.7), (66.7, 115.7), (76.0, 115.7), (79.7, 115.7), (98.4, 115.7), (113.3, 121.3), (109.6, 136.3), (109.6, 153.1), (115.2, 171.7), (128.3, 179.2), (143.2, 179.2), (165.6, 179.2), (180.5, 188.5), (173.1, 203.5), (173.1, 224.0), (182.4, 238.9), (197.3, 244.5), (214.1, 244.5), (232.8, 244.5), (244.0, 257.6), (236.5, 272.5), (240.3, 294.9), (253.3, 308.0), (257.1, 308.0), (257.1, 308.0), (257.1, 308.0), (257.1, 308.0), (257.1, 308.0), (257.1, 308.0), (257.1, 308.0), (270.1, 308.0), (283.2, 308.0), (298.1, 308.0), (300.0, 308.0), (300.0, 308.0), (300.0, 308.0), (300.0, 308.0), (303.7, 308.0), (307.5, 308.0), (314.9, 308.0), (318.7, 308.0), (318.7, 308.0), (318.7, 308.0), (318.7, 308.0), (318.7, 308.0), (318.7, 306.1), (318.7, 306.1), (318.7, 306.1), (318.7, 306.1), (318.7, 306.1), (320.5, 300.5), (318.7, 300.5), (318.7, 300.5), (333.6, 300.5), (354.1, 302.4), (369.1, 308.0), (384.0, 308.0), (384.0, 308.0), (384.0, 308.0), (384.0, 308.0), (397.1, 300.5), (419.5, 300.5), (428.8, 304.3), (428.8, 308.0), (428.8, 308.0), (428.8, 308.0), (428.8, 308.0), (428.8, 308.0), (428.8, 308.0), (428.8, 308.0), (428.8, 308.0), (428.8, 308.0), (428.8, 308.0), (428.8, 308.0), (428.8, 308.0), (428.8, 308.0), (428.8, 308.0), (428.8, 308.0), (428.8, 308.0), (428.8, 308.0), (428.8, 308.0), (428.8, 308.0), (428.8, 308.0), (428.8, 308.0), (428.8, 308.0), (428.8, 308.0), (428.8, 308.0), (428.8, 306.1), (428.8, 293.1), (428.8, 289.3)]",0,0,12.0
experienced,bomberman,8,Bomb,52,0,29.09,1.0,"[(48.0, 112.0), (62.9, 115.7), (77.9, 115.7), (98.4, 115.7), (113.3, 121.3), (109.6, 136.3), (109.6, 153.1), (115.2, 171.7), (128.3, 179.2), (143.2, 179.2), (165.6, 179.2), (180.5, 188.5), (173.1, 203.5), (173.1, 224.0), (182.4, 238.9), (197.3, 244.5), (214.1, 244.5), (232.8, 244.5), (244.0, 257.6), (236.5, 272.5), (240.3, 294.9), (253.3, 308.0), (257.1, 308.0), (257.1, 308.0), (257.1, 308.0), (257.1, 308.0), (257.1, 308.0), (257.1, 308.0), (257.1, 308.0), (260.8, 308.0), (264.5, 308.0), (277.6, 308.0), (290.7, 308.0), (300.0, 308.0), (300.0, 308.0), (300.0, 308.0), (300.0, 308.0), (303.7, 308.0), (307.5, 308.0), (314.9, 308.0), (318.7, 308.0), (318.7, 308.0), (318.7, 308.0), (318.7, 308.0), (318.7, 308.0), (318.7, 308.0), (318.7, 308.0), (318.7, 306.1), (318.7, 306.1), (318.7, 306.1), (318.7, 306.1), (318.7, 306.1), (318.7, 306.1), (318.7, 306.1), (326.1, 302.4), (342.9, 300.5), (361.6, 308.0), (376.5, 308.0), (384.0, 308.0), (384.0, 308.0), (384.0, 308.0), (397.1, 300.5), (419.5, 302.4), (428.8, 304.3), (428.8, 308.0), (428.8, 308.0), (428.8, 308.0), (428.8, 308.0), (428.8, 308.0), (428.8, 308.0), (428.8, 308.0), (428.8, 308.0), (428.8, 308.0), (428.8, 308.0), (428.8, 308.0), (428.8, 308.0), (428.8, 308.0), (428.8, 308.0), (428.8, 308.0), (428.8, 308.0), (428.8, 308.0), (428.8, 308.0), (428.8, 308.0), (428.8, 308.0), (428.8, 308.0), (428.8, 308.0), (428.8, 308.0), (428.8, 308.0), (428.8, 308.0), (428.8, 308.0), (428.8, 306.1)]",0,0,12.0
experienced,bomberman,8,Bomb,69,0,30.33,1.0,"[(48.0, 112.0), (62.9, 115.7), (77.9, 115.7), (98.4, 115.7), (113.3, 121.3), (109.6, 136.3), (109.6, 153.1), (115.2, 171.7), (128.3, 179.2), (143.2, 179.2), (163.7, 179.2), (178.7, 186.7), (173.1, 201.6), (173.1, 220.3), (180.5, 237.1), (195.5, 244.5), (202.9, 244.5), (206.7, 244.5), (214.1, 244.5), (229.1, 244.5), (244.0, 253.9), (236.5, 268.8), (236.5, 291.2), (249.6, 306.1), (257.1, 308.0), (257.1, 308.0), (257.1, 308.0), (257.1, 308.0), (257.1, 308.0), (257.1, 308.0), (257.1, 308.0), (257.1, 308.0), (270.1, 308.0), (281.3, 308.0), (296.3, 308.0), (300.0, 308.0), (300.0, 308.0), (300.0, 308.0), (303.7, 308.0), (311.2, 308.0), (318.7, 308.0), (318.7, 308.0), (318.7, 308.0), (318.7, 308.0), (318.7, 308.0), (318.7, 308.0), (318.7, 308.0), (318.7, 308.0), (320.5, 308.0), (320.5, 302.4), (318.7, 300.5), (318.7, 300.5), (318.7, 300.5), (318.7, 300.5), (333.6, 300.5), (354.1, 302.4), (369.1, 308.0), (384.0, 308.0), (384.0, 308.0), (384.0, 308.0), (384.0, 308.0), (382.1, 300.5), (393.3, 300.5), (410.1, 300.5), (425.1, 300.5), (428.8, 308.0), (428.8, 308.0), (428.8, 308.0), (428.8, 308.0), (428.8, 308.0), (428.8, 308.0), (428.8, 308.0), (428.8, 308.0), (428.8, 308.0), (428.8, 308.0), (428.8, 308.0), (428.8, 308.0), (428.8, 308.0), (428.8, 308.0), (428.8, 308.0), (428.8, 308.0), (428.8, 308.0), (428.8, 308.0), (428.8, 308.0), (428.8, 308.0), (428.8, 308.0), (428.8, 308.0), (428.8, 308.0), (428.8, 308.0), (428.8, 308.0), (432.5, 302.4)]",0,0,12.0
experienced,bomberman,8,Bomb,56,0,29.4,1.0,"[(48.0, 112.0), (62.9, 115.7), (62.9, 115.7), (62.9, 115.7), (62.9, 115.7), (62.9, 115.7), (74.1, 115.7), (76.0, 115.7), (76.0, 115.7), (77.9, 115.7), (98.4, 115.7), (113.3, 121.3), (109.6, 136.3), (109.6, 153.1), (115.2, 171.7), (128.3, 179.2), (143.2, 179.2), (165.6, 179.2), (180.5, 188.5), (173.1, 203.5), (173.1, 224.0), (182.4, 238.9), (197.3, 244.5), (214.1, 244.5), (234.7, 244.5), (242.1, 259.5), (238.4, 274.4), (244.0, 291.2), (249.6, 306.1), (264.5, 308.0), (279.5, 308.0), (292.5, 308.0), (300.0, 308.0), (303.7, 308.0), (311.2, 308.0), (318.7, 308.0), (318.7, 308.0), (318.7, 308.0), (318.7, 308.0), (318.7, 308.0), (318.7, 308.0), (318.7, 308.0), (318.7, 308.0), (318.7, 308.0), (318.7, 308.0), (318.7, 306.1), (318.7, 306.1), (318.7, 302.4), (318.7, 300.5), (318.7, 300.5), (318.7, 300.5), (318.7, 300.5), (318.7, 300.5), (318.7, 300.5), (333.6, 300.5), (354.1, 300.5), (369.1, 300.5), (384.0, 300.5), (384.0, 300.5), (384.0, 300.5), (384.0, 300.5), (395.2, 300.5), (417.6, 300.5), (428.8, 298.7), (428.8, 298.7), (428.8, 298.7), (428.8, 298.7), (428.8, 298.7), (428.8, 298.7), (428.8, 298.7), (428.8, 298.7), (428.8, 298.7), (428.8, 298.7), (428.8, 298.7), (428.8, 298.7), (428.8, 298.7), (428.8, 298.7), (428.8, 298.7), (432.5, 298.7), (432.5, 298.7), (436.3, 298.7), (436.3, 298.7), (436.3, 298.7), (436.3, 296.8), (434.4, 289.3), (434.4, 289.3), (434.4, 289.3), (434.4, 289.3), (434.4, 289.3), (434.4, 289.3), (434.4, 289.3)]",0,0,12.0
experienced,bomberman,8,Bomb,37,0,29.4,1.0,"[(48.0, 112.0), (62.9, 115.7), (77.9, 115.7), (98.4, 115.7), (113.3, 121.3), (109.6, 136.3), (109.6, 153.1), (115.2, 171.7), (128.3, 179.2), (143.2, 179.2), (165.6, 179.2), (180.5, 188.5), (173.1, 203.5), (173.1, 224.0), (182.4, 238.9), (197.3, 244.5), (214.1, 244.5), (234.7, 244.5), (242.1, 259.5), (236.5, 274.4), (242.1, 296.8), (255.2, 308.0), (270.1, 308.0), (285.1, 308.0), (300.0, 308.0), (314.9, 308.0), (320.5, 308.0), (320.5, 308.0), (320.5, 308.0), (320.5, 308.0), (320.5, 308.0), (331.7, 308.0), (344.8, 308.0), (357.9, 308.0), (365.3, 308.0), (365.3, 308.0), (365.3, 308.0), (365.3, 308.0), (365.3, 308.0), (365.3, 308.0), (365.3, 308.0), (365.3, 308.0), (365.3, 308.0), (365.3, 308.0), (365.3, 308.0), (365.3, 308.0), (365.3, 308.0), (365.3, 308.0), (365.3, 308.0), (365.3, 308.0), (365.3, 308.0), (365.3, 308.0), (365.3, 308.0), (365.3, 308.0), (365.3, 308.0), (365.3, 308.0), (365.3, 308.0), (365.3, 308.0), (369.1, 304.3), (384.0, 300.5), (387.7, 300.5), (402.7, 300.5), (425.1, 300.5), (428.8, 308.0), (428.8, 308.0), (428.8, 308.0), (428.8, 308.0), (428.8, 308.0), (428.8, 308.0), (428.8, 308.0), (428.8, 308.0), (428.8, 308.0), (428.8, 308.0), (428.8, 308.0), (428.8, 308.0), (428.8, 308.0), (428.8, 308.0), (428.8, 308.0), (428.8, 308.0), (428.8, 308.0), (428.8, 308.0), (428.8, 308.0), (428.8, 296.8), (428.8, 289.3), (428.8, 289.3), (428.8, 289.3), (428.8, 289.3), (428.8, 289.3), (428.8, 289.3), (428.8, 289.3), (428.8, 289.3)]",1,0,12.0
experienced,bomberman,8,Bomb,8,0,26.6,0.944,"[(48.0, 112.0), (62.9, 115.7), (76.0, 115.7), (77.9, 115.7), (94.7, 115.7), (109.6, 117.6), (111.5, 132.5), (109.6, 147.5), (115.2, 168.0), (124.5, 179.2), (139.5, 179.2), (156.3, 179.2), (171.2, 179.2), (178.7, 194.1), (173.1, 209.1), (178.7, 229.6), (188.0, 244.5), (195.5, 244.5), (202.9, 244.5), (210.4, 244.5), (223.5, 244.5), (238.4, 248.3), (238.4, 263.2), (236.5, 280.0), (244.0, 300.5), (257.1, 308.0), (257.1, 308.0), (257.1, 308.0), (257.1, 308.0), (257.1, 308.0), (257.1, 308.0), (257.1, 308.0), (270.1, 308.0), (281.3, 308.0), (296.3, 308.0), (300.0, 308.0), (300.0, 308.0), (300.0, 308.0), (300.0, 308.0), (300.0, 308.0), (300.0, 308.0), (300.0, 308.0), (300.0, 308.0), (300.0, 308.0), (300.0, 308.0), (300.0, 308.0), (300.0, 308.0), (300.0, 308.0), (300.0, 308.0), (300.0, 308.0), (300.0, 308.0), (300.0, 308.0), (300.0, 308.0), (301.9, 308.0), (301.9, 308.0), (301.9, 308.0), (305.6, 308.0), (313.1, 302.4), (328.0, 300.5), (346.7, 300.5), (363.5, 308.0), (378.4, 308.0), (382.1, 300.5), (384.0, 300.5), (389.6, 300.5), (389.6, 300.5), (389.6, 300.5), (389.6, 300.5), (385.9, 300.5), (385.9, 300.5), (385.9, 300.5), (385.9, 300.5), (385.9, 300.5), (385.9, 300.5), (385.9, 300.5), (382.1, 300.5), (382.1, 300.5), (382.1, 300.5), (382.1, 300.5), (382.1, 300.5), (382.1, 300.5), (382.1, 300.5), (382.1, 300.5), (382.1, 300.5), (382.1, 300.5), (382.1, 300.5), (382.1, 300.5), (382.1, 300.5), (382.1, 300.5), (382.1, 300.5), (382.1, 300.5)]",0,0,12.0
experienced,bomberman,8,Bomb,11,0,39.12,0.944,"[(48.0, 112.0), (62.9, 115.7), (77.9, 115.7), (98.4, 115.7), (113.3, 121.3), (115.2, 136.3), (115.2, 153.1), (115.2, 171.7), (128.3, 179.2), (143.2, 179.2), (165.6, 179.2), (180.5, 188.5), (173.1, 203.5), (173.1, 224.0), (182.4, 238.9), (197.3, 244.5), (214.1, 244.5), (234.7, 244.5), (242.1, 259.5), (236.5, 274.4), (242.1, 296.8), (255.2, 308.0), (262.7, 308.0), (268.3, 308.0), (273.9, 308.0), (277.6, 308.0), (281.3, 308.0), (285.1, 308.0), (292.5, 308.0), (307.5, 308.0), (320.5, 308.0), (320.5, 308.0), (320.5, 308.0), (331.7, 308.0), (344.8, 308.0), (357.9, 308.0), (365.3, 308.0), (365.3, 308.0), (365.3, 308.0), (365.3, 308.0), (365.3, 308.0), (365.3, 308.0), (365.3, 308.0), (365.3, 308.0), (365.3, 308.0), (365.3, 308.0), (365.3, 308.0), (365.3, 308.0), (365.3, 308.0), (365.3, 308.0), (365.3, 308.0), (365.3, 308.0), (365.3, 308.0), (365.3, 308.0), (365.3, 308.0), (365.3, 308.0), (365.3, 308.0), (367.2, 308.0), (369.1, 308.0), (384.0, 308.0), (384.0, 300.5)]",1,0,8.02
experienced,bomberman,8,Bomb,47,0,29.36,1.0,"[(48.0, 112.0), (62.9, 115.7), (77.9, 115.7), (98.4, 115.7), (113.3, 121.3), (109.6, 136.3), (109.6, 153.1), (115.2, 171.7), (128.3, 179.2), (143.2, 179.2), (165.6, 179.2), (180.5, 188.5), (173.1, 203.5), (173.1, 224.0), (182.4, 238.9), (197.3, 244.5), (214.1, 244.5), (234.7, 244.5), (242.1, 259.5), (236.5, 274.4), (242.1, 296.8), (255.2, 308.0), (257.1, 308.0), (257.1, 308.0), (257.1, 308.0), (257.1, 308.0), (257.1, 308.0), (257.1, 308.0), (260.8, 308.0), (266.4, 308.0), (270.1, 308.0), (283.2, 308.0), (298.1, 308.0), (300.0, 308.0), (300.0, 308.0), (300.0, 308.0), (300.0, 308.0), (305.6, 308.0), (313.1, 308.0), (320.5, 308.0), (320.5, 308.0), (320.5, 308.0), (320.5, 308.0), (320.5, 308.0), (320.5, 308.0), (320.5, 308.0), (320.5, 308.0), (320.5, 308.0), (320.5, 306.1), (320.5, 300.5), (320.5, 302.4), (318.7, 300.5), (320.5, 300.5), (320.5, 302.4), (333.6, 300.5), (354.1, 302.4), (369.1, 308.0), (384.0, 308.0), (382.1, 300.5), (384.0, 300.5), (384.0, 302.4), (397.1, 300.5), (419.5, 300.5), (428.8, 304.3), (428.8, 308.0), (428.8, 308.0), (428.8, 308.0), (428.8, 308.0), (428.8, 308.0), (428.8, 308.0), (428.8, 308.0), (428.8, 308.0), (428.8, 308.0), (428.8, 308.0), (428.8, 308.0), (428.8, 308.0), (428.8, 308.0), (428.8, 308.0), (428.8, 308.0), (428.8, 308.0), (428.8, 308.0), (434.4, 306.1), (436.3, 291.2), (436.3, 287.5), (436.3, 287.5), (436.3, 287.5), (436.3, 287.5), (436.3, 287.5), (436.3, 287.5), (436.3, 287.5), (436.3, 287.5)]",0,0,12.02
experienced,bomberman,8,Bomb,37,0,29.4,1.0,"[(48.0, 112.0), (62.9, 115.7), (77.9, 115.7), (98.4, 115.7), (113.3, 121.3), (109.6, 136.3), (109.6, 153.1), (115.2, 171.7), (128.3, 179.2), (143.2, 179.2), (165.6, 179.2), (180.5, 188.5), (173.1, 203.5), (173.1, 224.0), (182.4, 238.9), (197.3, 244.5), (214.1, 244.5), (234.7, 244.5), (242.1, 259.5), (236.5, 274.4), (242.1, 296.8), (255.2, 308.0), (270.1, 308.0), (285.1, 308.0), (300.0, 308.0), (314.9, 308.0), (320.5, 308.0), (320.5, 308.0), (320.5, 308.0), (320.5, 308.0), (320.5, 308.0), (331.7, 308.0), (344.8, 308.0), (357.9, 308.0), (365.3, 308.0), (365.3, 308.0), (365.3, 308.0), (365.3, 308.0), (365.3, 308.0), (365.3, 308.0), (365.3, 308.0), (365.3, 308.0), (365.3, 308.0), (365.3, 308.0), (365.3, 308.0), (365.3, 308.0), (365.3, 308.0), (365.3, 308.0), (365.3, 308.0), (365.3, 308.0), (365.3, 308.0), (365.3, 308.0), (365.3, 308.0), (365.3, 308.0), (365.3, 308.0), (365.3, 308.0), (365.3, 308.0), (365.3, 308.0), (369.1, 304.3), (384.0, 300.5), (387.7, 300.5), (402.7, 300.5), (425.1, 300.5), (428.8, 308.0), (428.8, 308.0), (428.8, 308.0), (428.8, 308.0), (428.8, 308.0), (428.8, 308.0), (428.8, 308.0), (428.8, 308.0), (428.8, 308.0), (428.8, 308.0), (428.8, 308.0), (428.8, 308.0), (428.8, 308.0), (428.8, 308.0), (428.8, 308.0), (428.8, 308.0), (428.8, 308.0), (428.8, 308.0), (428.8, 308.0), (428.8, 296.8), (428.8, 289.3), (428.8, 289.3), (428.8, 289.3), (428.8, 289.3), (428.8, 289.3), (428.8, 289.3), (428.8, 289.3), (428.8, 289.3)]",1,0,12.0
experienced,bomberman,8,Bomb,16,0,29.4,1.0,"[(48.0, 112.0), (62.9, 115.7), (77.9, 115.7), (98.4, 115.7), (113.3, 121.3), (109.6, 136.3), (109.6, 153.1), (115.2, 171.7), (128.3, 179.2), (143.2, 179.2), (165.6, 179.2), (180.5, 188.5), (173.1, 203.5), (173.1, 224.0), (182.4, 238.9), (197.3, 244.5), (214.1, 244.5), (234.7, 244.5), (242.1, 259.5), (236.5, 274.4), (242.1, 296.8), (255.2, 308.0), (270.1, 308.0), (277.6, 308.0), (281.3, 308.0), (285.1, 308.0), (294.4, 308.0), (309.3, 308.0), (320.5, 308.0), (320.5, 308.0), (320.5, 308.0), (320.5, 308.0), (328.0, 308.0), (341.1, 308.0), (352.3, 308.0), (365.3, 308.0), (365.3, 308.0), (365.3, 308.0), (365.3, 308.0), (365.3, 308.0), (365.3, 308.0), (365.3, 308.0), (365.3, 308.0), (365.3, 308.0), (365.3, 308.0), (365.3, 308.0), (365.3, 308.0), (365.3, 308.0), (365.3, 308.0), (365.3, 308.0), (365.3, 308.0), (365.3, 308.0), (365.3, 308.0), (365.3, 308.0), (365.3, 308.0), (365.3, 308.0), (365.3, 308.0), (376.5, 308.0), (384.0, 300.5), (384.0, 300.5), (384.0, 300.5), (398.9, 300.5), (421.3, 300.5), (428.8, 306.1), (428.8, 308.0), (428.8, 308.0), (428.8, 308.0), (428.8, 308.0), (428.8, 308.0), (428.8, 308.0), (428.8, 308.0), (428.8, 308.0), (428.8, 308.0), (428.8, 308.0), (428.8, 308.0), (428.8, 308.0), (428.8, 308.0), (428.8, 308.0), (428.8, 308.0), (428.8, 308.0), (428.8, 308.0), (428.8, 308.0), (428.8, 308.0), (428.8, 308.0), (428.8, 308.0), (428.8, 308.0), (428.8, 308.0), (428.8, 308.0), (428.8, 308.0), (428.8, 308.0), (428.8, 308.0)]",1,0,12.0
experienced,bomberman,8,Bomb,11,0,39.12,0.944,"[(48.0, 112.0), (62.9, 115.7), (77.9, 115.7), (98.4, 115.7), (113.3, 121.3), (115.2, 136.3), (115.2, 153.1), (115.2, 171.7), (128.3, 179.2), (143.2, 179.2), (165.6, 179.2), (180.5, 188.5), (173.1, 203.5), (173.1, 224.0), (182.4, 238.9), (197.3, 244.5), (214.1, 244.5), (234.7, 244.5), (242.1, 259.5), (236.5, 274.4), (242.1, 296.8), (255.2, 308.0), (262.7, 308.0), (268.3, 308.0), (273.9, 308.0), (277.6, 308.0), (281.3, 308.0), (285.1, 308.0), (292.5, 308.0), (307.5, 308.0), (320.5, 308.0), (320.5, 308.0), (320.5, 308.0), (331.7, 308.0), (344.8, 308.0), (357.9, 308.0), (365.3, 308.0), (365.3, 308.0), (365.3, 308.0), (365.3, 308.0), (365.3, 308.0), (365.3, 308.0), (365.3, 308.0), (365.3, 308.0), (365.3, 308.0), (365.3, 308.0), (365.3, 308.0), (365.3, 308.0), (365.3, 308.0), (365.3, 308.0), (365.3, 308.0), (365.3, 308.0), (365.3, 308.0), (365.3, 308.0), (365.3, 308.0), (365.3, 308.0), (365.3, 308.0), (367.2, 308.0), (369.1, 308.0), (384.0, 308.0), (384.0, 300.5)]",1,0,8.02
experienced,bomberman,8,Bomb,81,0,37.72,0.889,"[(48.0, 112.0), (62.9, 115.7), (77.9, 115.7), (98.4, 115.7), (113.3, 121.3), (109.6, 136.3), (109.6, 153.1), (115.2, 171.7), (128.3, 179.2), (143.2, 179.2), (165.6, 179.2), (180.5, 188.5), (173.1, 203.5), (173.1, 224.0), (182.4, 238.9), (197.3, 244.5), (214.1, 244.5), (234.7, 244.5), (242.1, 259.5), (236.5, 274.4), (242.1, 296.8), (255.2, 308.0), (270.1, 308.0), (277.6, 308.0), (281.3, 308.0), (283.2, 308.0), (288.8, 308.0), (303.7, 308.0), (318.7, 308.0), (320.5, 308.0), (320.5, 308.0), (320.5, 308.0), (322.4, 308.0), (333.6, 308.0), (344.8, 308.0), (352.3, 308.0), (352.3, 308.0), (352.3, 308.0), (352.3, 308.0), (352.3, 304.3), (359.7, 300.5), (363.5, 300.5), (370.9, 298.7), (372.8, 298.7), (372.8, 296.8), (372.8, 287.5), (372.8, 287.5), (372.8, 287.5), (372.8, 287.5), (372.8, 287.5), (372.8, 287.5), (372.8, 287.5), (372.8, 287.5), (372.8, 287.5), (372.8, 287.5), (372.8, 287.5), (372.8, 287.5), (372.8, 287.5), (372.8, 287.5), (372.8, 287.5), (372.8, 287.5)]",1,0,8.02
experienced,bomberman,8,Bomb,47,0,29.36,1.0,"[(48.0, 112.0), (62.9, 115.7), (77.9, 115.7), (98.4, 115.7), (113.3, 121.3), (109.6, 136.3), (109.6, 153.1), (115.2, 171.7), (128.3, 179.2), (143.2, 179.2), (165.6, 179.2), (180.5, 188.5), (173.1, 203.5), (173.1, 224.0), (182.4, 238.9), (197.3, 244.5), (214.1, 244.5), (234.7, 244.5), (242.1, 259.5), (236.5, 274.4), (242.1, 296.8), (255.2, 308.0), (257.1, 308.0), (257.1, 308.0), (257.1, 308.0), (257.1, 308.0), (257.1, 308.0), (257.1, 308.0), (260.8, 308.0), (266.4, 308.0), (270.1, 308.0), (283.2, 308.0), (298.1, 308.0), (300.0, 308.0), (300.0, 308.0), (300.0, 308.0), (300.0, 308.0), (305.6, 308.0), (313.1, 308.0), (320.5, 308.0), (320.5, 308.0), (320.5, 308.0), (320.5, 308.0), (320.5, 308.0), (320.5, 308.0), (320.5, 308.0), (320.5, 308.0), (320.5, 308.0), (320.5, 306.1), (320.5, 300.5), (320.5, 302.4), (318.7, 300.5), (320.5, 300.5), (320.5, 302.4), (333.6, 300.5), (354.1, 302.4), (369.1, 308.0), (384.0, 308.0), (382.1, 300.5), (384.0, 300.5), (384.0, 302.4), (397.1, 300.5), (419.5, 300.5), (428.8, 304.3), (428.8, 308.0), (428.8, 308.0), (428.8, 308.0), (428.8, 308.0), (428.8, 308.0), (428.8, 308.0), (428.8, 308.0), (428.8, 308.0), (428.8, 308.0), (428.8, 308.0), (428.8, 308.0), (428.8, 308.0), (428.8, 308.0), (428.8, 308.0), (428.8, 308.0), (428.8, 308.0), (428.8, 308.0), (434.4, 306.1), (436.3, 291.2), (436.3, 287.5), (436.3, 287.5), (436.3, 287.5), (436.3, 287.5), (436.3, 287.5), (436.3, 287.5), (436.3, 287.5), (436.3, 287.5)]",0,0,12.02
experienced,bomberman,8,Bomb,56,0,29.4,1.0,"[(48.0, 112.0), (62.9, 115.7), (62.9, 115.7), (62.9, 115.7), (62.9, 115.7), (62.9, 115.7), (74.1, 115.7), (76.0, 115.7), (76.0, 115.7), (77.9, 115.7), (98.4, 115.7), (113.3, 121.3), (109.6, 136.3), (109.6, 153.1), (115.2, 171.7), (128.3, 179.2), (143.2, 179.2), (165.6, 179.2), (180.5, 188.5), (173.1, 203.5), (173.1, 224.0), (182.4, 238.9), (197.3, 244.5), (214.1, 244.5), (234.7, 244.5), (242.1, 259.5), (238.4, 274.4), (244.0, 291.2), (249.6, 306.1), (264.5, 308.0), (279.5, 308.0), (292.5, 308.0), (300.0, 308.0), (303.7, 308.0), (311.2, 308.0), (318.7, 308.0), (318.7, 308.0), (318.7, 308.0), (318.7, 308.0), (318.7, 308.0), (318.7, 308.0), (318.7, 308.0), (318.7, 308.0), (318.7, 308.0), (318.7, 308.0), (318.7, 306.1), (318.7, 306.1), (318.7, 302.4), (318.7, 300.5), (318.7, 300.5), (318.7, 300.5), (318.7, 300.5), (318.7, 300.5), (318.7, 300.5), (333.6, 300.5), (354.1, 300.5), (369.1, 300.5), (384.0, 300.5), (384.0, 300.5), (384.0, 300.5), (384.0, 300.5), (395.2, 300.5), (417.6, 300.5), (428.8, 298.7), (428.8, 298.7), (428.8, 298.7), (428.8, 298.7), (428.8, 298.7), (428.8, 298.7), (428.8, 298.7), (428.8, 298.7), (428.8, 298.7), (428.8, 298.7), (428.8, 298.7), (428.8, 298.7), (428.8, 298.7), (428.8, 298.7), (428.8, 298.7), (432.5, 298.7), (432.5, 298.7), (436.3, 298.7), (436.3, 298.7), (436.3, 298.7), (436.3, 296.8), (434.4, 289.3), (434.4, 289.3), (434.4, 289.3), (434.4, 289.3), (434.4, 289.3), (434.4, 289.3), (434.4, 289.3)]",0,0,12.0
experienced,bomberman,8,Bomb,60,0,30.33,1.0,"[(48.0, 112.0), (62.9, 115.7), (77.9, 115.7), (98.4, 115.7), (113.3, 121.3), (109.6, 136.3), (109.6, 153.1), (115.2, 171.7), (128.3, 179.2), (143.2, 179.2), (165.6, 179.2), (180.5, 188.5), (173.1, 203.5), (173.1, 224.0), (182.4, 238.9), (197.3, 244.5), (214.1, 244.5), (234.7, 244.5), (242.1, 259.5), (236.5, 274.4), (242.1, 296.8), (255.2, 308.0), (270.1, 308.0), (285.1, 308.0), (300.0, 308.0), (314.9, 308.0), (320.5, 308.0), (320.5, 308.0), (320.5, 308.0), (320.5, 308.0), (320.5, 308.0), (329.9, 308.0), (342.9, 308.0), (357.9, 308.0), (365.3, 308.0), (365.3, 308.0), (365.3, 308.0), (365.3, 308.0), (365.3, 308.0), (365.3, 308.0), (365.3, 308.0), (365.3, 308.0), (365.3, 308.0), (365.3, 308.0), (365.3, 308.0), (365.3, 308.0), (365.3, 308.0), (365.3, 308.0), (365.3, 308.0), (365.3, 308.0), (365.3, 308.0), (365.3, 308.0), (365.3, 308.0), (365.3, 308.0), (365.3, 308.0), (365.3, 308.0), (370.9, 308.0), (385.9, 300.5), (400.8, 300.5), (415.7, 302.4), (417.6, 300.5), (428.8, 298.7), (436.3, 287.5), (436.3, 287.5), (436.3, 287.5), (436.3, 287.5), (436.3, 287.5), (436.3, 287.5), (436.3, 287.5), (436.3, 287.5), (436.3, 287.5), (436.3, 287.5), (436.3, 287.5), (436.3, 287.5), (436.3, 287.5), (436.3, 287.5), (436.3, 287.5), (436.3, 287.5), (436.3, 287.5), (436.3, 287.5), (436.3, 287.5), (436.3, 287.5), (436.3, 287.5), (436.3, 287.5), (436.3, 287.5), (436.3, 287.5), (436.3, 287.5), (436.3, 287.5), (436.3, 287.5), (436.3, 287.5), (436.3, 287.5)]",1,0,12.0
experienced,bomberman,8,Bomb,6,0,38.03,0.889,"[(48.0, 112.0), (62.9, 115.7), (77.9, 115.7), (98.4, 115.7), (113.3, 121.3), (115.2, 136.3), (115.2, 153.1), (115.2, 171.7), (128.3, 179.2), (143.2, 179.2), (165.6, 179.2), (180.5, 188.5), (173.1, 203.5), (174.9, 218.4), (180.5, 233.3), (191.7, 244.5), (206.7, 244.5), (229.1, 244.5), (244.0, 253.9), (236.5, 268.8), (236.5, 291.2), (249.6, 306.1), (264.5, 308.0), (279.5, 308.0), (294.4, 308.0), (309.3, 308.0), (324.3, 308.0), (337.3, 308.0), (339.2, 308.0), (344.8, 308.0), (346.7, 308.0), (359.7, 308.0), (365.3, 308.0), (365.3, 308.0), (365.3, 308.0), (365.3, 308.0), (365.3, 308.0), (365.3, 308.0), (365.3, 308.0), (365.3, 308.0), (365.3, 308.0), (365.3, 308.0), (365.3, 308.0), (365.3, 308.0), (365.3, 308.0), (365.3, 308.0), (365.3, 308.0), (365.3, 308.0), (365.3, 308.0), (365.3, 308.0), (365.3, 308.0), (365.3, 308.0), (365.3, 308.0), (365.3, 304.3), (372.8, 289.3), (372.8, 291.2), (372.8, 287.5), (372.8, 289.3), (372.8, 291.2), (372.8, 287.5), (372.8, 289.3)]",1,0,8.0
experienced,bomberman,8,Bomb,40,0,37.57,0.889,"[(48.0, 112.0), (62.9, 115.7), (77.9, 115.7), (98.4, 115.7), (113.3, 121.3), (109.6, 136.3), (109.6, 153.1), (115.2, 171.7), (128.3, 179.2), (143.2, 179.2), (165.6, 179.2), (180.5, 188.5), (173.1, 203.5), (173.1, 224.0), (182.4, 238.9), (197.3, 244.5), (214.1, 244.5), (234.7, 244.5), (242.1, 259.5), (236.5, 274.4), (242.1, 296.8), (255.2, 308.0), (270.1, 308.0), (285.1, 308.0), (292.5, 308.0), (307.5, 308.0), (320.5, 306.1), (320.5, 302.4), (318.7, 300.5), (320.5, 300.5), (320.5, 302.4), (320.5, 302.4), (326.1, 300.5), (339.2, 300.5), (352.3, 300.5), (352.3, 300.5), (352.3, 300.5), (352.3, 300.5), (356.0, 300.5), (359.7, 300.5), (363.5, 300.5), (365.3, 308.0), (365.3, 308.0), (365.3, 308.0), (365.3, 308.0), (365.3, 308.0), (365.3, 308.0), (365.3, 308.0), (365.3, 308.0), (365.3, 308.0), (365.3, 308.0), (365.3, 308.0), (365.3, 308.0), (365.3, 308.0), (365.3, 308.0), (365.3, 308.0), (365.3, 308.0), (369.1, 296.8), (370.9, 289.3), (370.9, 289.3), (370.9, 289.3)]",1,0,8.0
experienced,bomberman,8,Bomb,16,0,28.93,1.0,"[(48.0, 112.0), (62.9, 115.7), (77.9, 115.7), (98.4, 115.7), (113.3, 121.3), (109.6, 136.3), (109.6, 153.1), (115.2, 171.7), (128.3, 179.2), (143.2, 179.2), (165.6, 179.2), (180.5, 188.5), (173.1, 203.5), (173.1, 224.0), (182.4, 238.9), (197.3, 244.5), (214.1, 244.5), (234.7, 244.5), (242.1, 259.5), (236.5, 274.4), (242.1, 296.8), (255.2, 308.0), (257.1, 308.0), (257.1, 308.0), (257.1, 308.0), (258.9, 308.0), (262.7, 308.0), (268.3, 308.0), (275.7, 308.0), (279.5, 308.0), (283.2, 308.0), (296.3, 308.0), (300.0, 308.0), (300.0, 308.0), (300.0, 308.0), (300.0, 308.0), (300.0, 308.0), (300.0, 308.0), (300.0, 308.0), (300.0, 308.0), (300.0, 308.0), (300.0, 308.0), (305.6, 308.0), (309.3, 308.0), (313.1, 308.0), (313.1, 308.0), (316.8, 308.0), (316.8, 308.0), (320.5, 308.0), (320.5, 308.0), (320.5, 308.0), (320.5, 308.0), (320.5, 308.0), (320.5, 308.0), (326.1, 302.4), (342.9, 300.5), (361.6, 308.0), (376.5, 308.0), (384.0, 308.0), (384.0, 308.0), (384.0, 308.0), (397.1, 300.5), (419.5, 302.4), (428.8, 308.0), (428.8, 308.0), (428.8, 308.0), (428.8, 308.0), (428.8, 308.0), (428.8, 308.0), (428.8, 308.0), (428.8, 308.0), (428.8, 308.0), (428.8, 308.0), (428.8, 308.0), (428.8, 308.0), (428.8, 308.0), (428.8, 308.0), (428.8, 308.0), (428.8, 308.0), (428.8, 308.0), (428.8, 308.0), (428.8, 308.0), (428.8, 308.0), (428.8, 308.0), (428.8, 308.0), (428.8, 308.0), (428.8, 308.0), (428.8, 308.0), (428.8, 308.0), (428.8, 308.0), (428.8, 308.0)]",0,0,12.0
experienced,bomberman,8,Bomb,60,0,30.33,1.0,"[(48.0, 112.0), (62.9, 115.7), (77.9, 115.7), (98.4, 115.7), (113.3, 121.3), (109.6, 136.3), (109.6, 153.1), (115.2, 171.7), (128.3, 179.2), (143.2, 179.2), (165.6, 179.2), (180.5, 188.5), (173.1, 203.5), (173.1, 224.0), (182.4, 238.9), (197.3, 244.5), (214.1, 244.5), (234.7, 244.5), (242.1, 259.5), (236.5, 274.4), (242.1, 296.8), (255.2, 308.0), (270.1, 308.0), (285.1, 308.0), (300.0, 308.0), (314.9, 308.0), (320.5, 308.0), (320.5, 308.0), (320.5, 308.0), (320.5, 308.0), (320.5, 308.0), (329.9, 308.0), (342.9, 308.0), (357.9, 308.0), (365.3, 308.0), (365.3, 308.0), (365.3, 308.0), (365.3, 308.0), (365.3, 308.0), (365.3, 308.0), (365.3, 308.0), (365.3, 308.0), (365.3, 308.0), (365.3, 308.0), (365.3, 308.0), (365.3, 308.0), (365.3, 308.0), (365.3, 308.0), (365.3, 308.0), (365.3, 308.0), (365.3, 308.0), (365.3, 308.0), (365.3, 308.0), (365.3, 308.0), (365.3, 308.0), (365.3, 308.0), (370.9, 308.0), (385.9, 300.5), (400.8, 300.5), (415.7, 302.4), (417.6, 300.5), (428.8, 298.7), (436.3, 287.5), (436.3, 287.5), (436.3, 287.5), (436.3, 287.5), (436.3, 287.5), (436.3, 287.5), (436.3, 287.5), (436.3, 287.5), (436.3, 287.5), (436.3, 287.5), (436.3, 287.5), (436.3, 287.5), (436.3, 287.5), (436.3, 287.5), (436.3, 287.5), (436.3, 287.5), (436.3, 287.5), (436.3, 287.5), (436.3, 287.5), (436.3, 287.5), (436.3, 287.5), (436.3, 287.5), (436.3, 287.5), (436.3, 287.5), (436.3, 287.5), (436.3, 287.5), (436.3, 287.5), (436.3, 287.5), (436.3, 287.5)]",1,0,12.0
experienced,bomberman,8,Bomb,16,0,29.4,1.0,"[(48.0, 112.0), (62.9, 115.7), (77.9, 115.7), (98.4, 115.7), (113.3, 121.3), (109.6, 136.3), (109.6, 153.1), (115.2, 171.7), (128.3, 179.2), (143.2, 179.2), (165.6, 179.2), (180.5, 188.5), (173.1, 203.5), (173.1, 224.0), (182.4, 238.9), (197.3, 244.5), (214.1, 244.5), (234.7, 244.5), (242.1, 259.5), (236.5, 274.4), (242.1, 296.8), (255.2, 308.0), (270.1, 308.0), (277.6, 308.0), (281.3, 308.0), (285.1, 308.0), (294.4, 308.0), (309.3, 308.0), (320.5, 308.0), (320.5, 308.0), (320.5, 308.0), (320.5, 308.0), (328.0, 308.0), (341.1, 308.0), (352.3, 308.0), (365.3, 308.0), (365.3, 308.0), (365.3, 308.0), (365.3, 308.0), (365.3, 308.0), (365.3, 308.0), (365.3, 308.0), (365.3, 308.0), (365.3, 308.0), (365.3, 308.0), (365.3, 308.0), (365.3, 308.0), (365.3, 308.0), (365.3, 308.0), (365.3, 308.0), (365.3, 308.0), (365.3, 308.0), (365.3, 308.0), (365.3, 308.0), (365.3, 308.0), (365.3, 308.0), (365.3, 308.0), (376.5, 308.0), (384.0, 300.5), (384.0, 300.5), (384.0, 300.5), (398.9, 300.5), (421.3, 300.5), (428.8, 306.1), (428.8, 308.0), (428.8, 308.0), (428.8, 308.0), (428.8, 308.0), (428.8, 308.0), (428.8, 308.0), (428.8, 308.0), (428.8, 308.0), (428.8, 308.0), (428.8, 308.0), (428.8, 308.0), (428.8, 308.0), (428.8, 308.0), (428.8, 308.0), (428.8, 308.0), (428.8, 308.0), (428.8, 308.0), (428.8, 308.0), (428.8, 308.0), (428.8, 308.0), (428.8, 308.0), (428.8, 308.0), (428.8, 308.0), (428.8, 308.0), (428.8, 308.0), (428.8, 308.0), (428.8, 308.0)]",1,0,12.0
experienced,bomberman,8,Bomb,37,0,29.4,1.0,"[(48.0, 112.0), (62.9, 115.7), (77.9, 115.7), (98.4, 115.7), (113.3, 121.3), (109.6, 136.3), (109.6, 153.1), (115.2, 171.7), (128.3, 179.2), (143.2, 179.2), (165.6, 179.2), (180.5, 188.5), (173.1, 203.5), (173.1, 224.0), (182.4, 238.9), (197.3, 244.5), (214.1, 244.5), (234.7, 244.5), (242.1, 259.5), (236.5, 274.4), (242.1, 296.8), (255.2, 308.0), (270.1, 308.0), (285.1, 308.0), (300.0, 308.0), (314.9, 308.0), (320.5, 308.0), (320.5, 308.0), (320.5, 308.0), (320.5, 308.0), (320.5, 308.0), (331.7, 308.0), (344.8, 308.0), (357.9, 308.0), (365.3, 308.0), (365.3, 308.0), (365.3, 308.0), (365.3, 308.0), (365.3, 308.0), (365.3, 308.0), (365.3, 308.0), (365.3, 308.0), (365.3, 308.0), (365.3, 308.0), (365.3, 308.0), (365.3, 308.0), (365.3, 308.0), (365.3, 308.0), (365.3, 308.0), (365.3, 308.0), (365.3, 308.0), (365.3, 308.0), (365.3, 308.0), (365.3, 308.0), (365.3, 308.0), (365.3, 308.0), (365.3, 308.0), (365.3, 308.0), (369.1, 304.3), (384.0, 300.5), (387.7, 300.5), (402.7, 300.5), (425.1, 300.5), (428.8, 308.0), (428.8, 308.0), (428.8, 308.0), (428.8, 308.0), (428.8, 308.0), (428.8, 308.0), (428.8, 308.0), (428.8, 308.0), (428.8, 308.0), (428.8, 308.0), (428.8, 308.0), (428.8, 308.0), (428.8, 308.0), (428.8, 308.0), (428.8, 308.0), (428.8, 308.0), (428.8, 308.0), (428.8, 308.0), (428.8, 308.0), (428.8, 296.8), (428.8, 289.3), (428.8, 289.3), (428.8, 289.3), (428.8, 289.3), (428.8, 289.3), (428.8, 289.3), (428.8, 289.3), (428.8, 289.3)]",1,0,12.0
experienced,bomberman,8,Bomb,11,0,39.12,0.944,"[(48.0, 112.0), (62.9, 115.7), (77.9, 115.7), (98.4, 115.7), (113.3, 121.3), (115.2, 136.3), (115.2, 153.1), (115.2, 171.7), (128.3, 179.2), (143.2, 179.2), (165.6, 179.2), (180.5, 188.5), (173.1, 203.5), (173.1, 224.0), (182.4, 238.9), (197.3, 244.5), (214.1, 244.5), (234.7, 244.5), (242.1, 259.5), (236.5, 274.4), (242.1, 296.8), (255.2, 308.0), (262.7, 308.0), (268.3, 308.0), (273.9, 308.0), (277.6, 308.0), (281.3, 308.0), (285.1, 308.0), (292.5, 308.0), (307.5, 308.0), (320.5, 308.0), (320.5, 308.0), (320.5, 308.0), (331.7, 308.0), (344.8, 308.0), (357.9, 308.0), (365.3, 308.0), (365.3, 308.0), (365.3, 308.0), (365.3, 308.0), (365.3, 308.0), (365.3, 308.0), (365.3, 308.0), (365.3, 308.0), (365.3, 308.0), (365.3, 308.0), (365.3, 308.0), (365.3, 308.0), (365.3, 308.0), (365.3, 308.0), (365.3, 308.0), (365.3, 308.0), (365.3, 308.0), (365.3, 308.0), (365.3, 308.0), (365.3, 308.0), (365.3, 308.0), (367.2, 308.0), (369.1, 308.0), (384.0, 308.0), (384.0, 300.5)]",1,0,8.02
experienced,bomberman,8,Bomb,81,0,37.72,0.889,"[(48.0, 112.0), (62.9, 115.7), (77.9, 115.7), (98.4, 115.7), (113.3, 121.3), (109.6, 136.3), (109.6, 153.1), (115.2, 171.7), (128.3, 179.2), (143.2, 179.2), (165.6, 179.2), (180.5, 188.5), (173.1, 203.5), (173.1, 224.0), (182.4, 238.9), (197.3, 244.5), (214.1, 244.5), (234.7, 244.5), (242.1, 259.5), (236.5, 274.4), (242.1, 296.8), (255.2, 308.0), (270.1, 308.0), (277.6, 308.0), (281.3, 308.0), (283.2, 308.0), (288.8, 308.0), (303.7, 308.0), (318.7, 308.0), (320.5, 308.0), (320.5, 308.0), (320.5, 308.0), (322.4, 308.0), (333.6, 308.0), (344.8, 308.0), (352.3, 308.0), (352.3, 308.0), (352.3, 308.0), (352.3, 308.0), (352.3, 304.3), (359.7, 300.5), (363.5, 300.5), (370.9, 298.7), (372.8, 298.7), (372.8, 296.8), (372.8, 287.5), (372.8, 287.5), (372.8, 287.5), (372.8, 287.5), (372.8, 287.5), (372.8, 287.5), (372.8, 287.5), (372.8, 287.5), (372.8, 287.5), (372.8, 287.5), (372.8, 287.5), (372.8, 287.5), (372.8, 287.5), (372.8, 287.5), (372.8, 287.5), (372.8, 287.5)]",1,0,8.02
experienced,bomberman,8,Bomb,40,0,37.57,0.889,"[(48.0, 112.0), (62.9, 115.7), (77.9, 115.7), (98.4, 115.7), (113.3, 121.3), (109.6, 136.3), (109.6, 153.1), (115.2, 171.7), (128.3, 179.2), (143.2, 179.2), (165.6, 179.2), (180.5, 188.5), (173.1, 203.5), (173.1, 224.0), (182.4, 238.9), (197.3, 244.5), (214.1, 244.5), (234.7, 244.5), (242.1, 259.5), (236.5, 274.4), (242.1, 296.8), (255.2, 308.0), (270.1, 308.0), (285.1, 308.0), (292.5, 308.0), (307.5, 308.0), (320.5, 306.1), (320.5, 302.4), (318.7, 300.5), (320.5, 300.5), (320.5, 302.4), (320.5, 302.4), (326.1, 300.5), (339.2, 300.5), (352.3, 300.5), (352.3, 300.5), (352.3, 300.5), (352.3, 300.5), (356.0, 300.5), (359.7, 300.5), (363.5, 300.5), (365.3, 308.0), (365.3, 308.0), (365.3, 308.0), (365.3, 308.0), (365.3, 308.0), (365.3, 308.0), (365.3, 308.0), (365.3, 308.0), (365.3, 308.0), (365.3, 308.0), (365.3, 308.0), (365.3, 308.0), (365.3, 308.0), (365.3, 308.0), (365.3, 308.0), (365.3, 308.0), (369.1, 296.8), (370.9, 289.3), (370.9, 289.3), (370.9, 289.3)]",1,0,8.0
experienced,bomberman,8,Bomb,6,0,26.91,0.944,"[(48.0, 112.0), (62.9, 115.7), (77.9, 115.7), (98.4, 115.7), (113.3, 121.3), (115.2, 136.3), (115.2, 153.1), (115.2, 168.0), (124.5, 179.2), (139.5, 179.2), (161.9, 179.2), (176.8, 184.8), (173.1, 199.7), (173.1, 216.5), (180.5, 235.2), (193.6, 244.5), (208.5, 244.5), (230.9, 244.5), (244.0, 255.7), (236.5, 270.7), (238.4, 293.1), (251.5, 308.0), (257.1, 308.0), (257.1, 308.0), (258.9, 308.0), (264.5, 308.0), (270.1, 308.0), (275.7, 308.0), (279.5, 308.0), (283.2, 308.0), (286.9, 308.0), (300.0, 308.0), (300.0, 308.0), (300.0, 308.0), (300.0, 308.0), (300.0, 308.0), (300.0, 308.0), (300.0, 308.0), (300.0, 308.0), (300.0, 308.0), (300.0, 308.0), (300.0, 308.0), (300.0, 308.0), (300.0, 308.0), (300.0, 308.0), (300.0, 308.0), (300.0, 308.0), (300.0, 308.0), (303.7, 308.0), (307.5, 308.0), (307.5, 308.0), (311.2, 308.0), (311.2, 308.0), (314.9, 308.0), (314.9, 308.0), (329.9, 300.5), (350.4, 300.5), (365.3, 308.0), (369.1, 308.0), (369.1, 308.0), (372.8, 308.0), (387.7, 300.5), (397.1, 300.5), (397.1, 300.5), (397.1, 300.5), (397.1, 300.5), (397.1, 300.5), (397.1, 300.5), (397.1, 300.5), (397.1, 300.5), (397.1, 300.5), (397.1, 300.5), (397.1, 300.5), (397.1, 300.5), (397.1, 300.5), (397.1, 300.5), (397.1, 300.5), (397.1, 300.5), (397.1, 300.5), (397.1, 300.5), (397.1, 300.5), (397.1, 300.5), (397.1, 300.5), (397.1, 300.5), (397.1, 300.5), (397.1, 300.5), (397.1, 300.5), (397.1, 300.5), (397.1, 300.5), (397.1, 300.5), (397.1, 300.5)]",0,0,12.0
experienced,bomberman,8,Bomb,7,0,23.49,0.944,"[(48.0, 112.0), (62.9, 115.7), (77.9, 115.7), (98.4, 115.7), (113.3, 121.3), (109.6, 136.3), (109.6, 153.1), (115.2, 171.7), (128.3, 179.2), (143.2, 179.2), (165.6, 179.2), (180.5, 188.5), (173.1, 203.5), (173.1, 224.0), (182.4, 238.9), (197.3, 244.5), (214.1, 244.5), (234.7, 244.5), (242.1, 259.5), (236.5, 274.4), (242.1, 296.8), (255.2, 308.0), (262.7, 308.0), (264.5, 308.0), (268.3, 308.0), (272.0, 308.0), (273.9, 308.0), (279.5, 308.0), (281.3, 308.0), (285.1, 308.0), (292.5, 308.0), (292.5, 308.0), (292.5, 308.0), (292.5, 308.0), (292.5, 308.0), (292.5, 308.0), (292.5, 308.0), (292.5, 308.0), (292.5, 308.0), (292.5, 308.0), (292.5, 308.0), (292.5, 308.0), (292.5, 308.0), (292.5, 308.0), (303.7, 308.0), (318.7, 308.0), (333.6, 308.0), (333.6, 308.0), (333.6, 308.0), (333.6, 308.0), (333.6, 308.0), (333.6, 308.0), (333.6, 308.0), (333.6, 308.0), (333.6, 308.0), (333.6, 308.0), (354.1, 302.4), (369.1, 308.0), (384.0, 308.0), (384.0, 300.5), (384.0, 300.5), (384.0, 300.5), (384.0, 300.5), (384.0, 300.5), (384.0, 300.5), (384.0, 300.5), (384.0, 300.5), (384.0, 300.5), (384.0, 300.5), (384.0, 300.5), (384.0, 300.5), (384.0, 300.5), (384.0, 300.5), (384.0, 300.5), (384.0, 300.5), (384.0, 300.5), (384.0, 300.5), (384.0, 300.5), (384.0, 300.5), (384.0, 300.5), (384.0, 300.5), (384.0, 300.5), (384.0, 300.5), (384.0, 300.5), (384.0, 300.5), (387.7, 300.5), (387.7, 300.5), (387.7, 300.5), (391.5, 300.5), (391.5, 300.5), (391.5, 300.5), (391.5, 300.5), (395.2, 300.5), (397.1, 300.5), (397.1, 300.5), (397.1, 300.5), (397.1, 300.5), (397.1, 300.5), (397.1, 300.5), (397.1, 300.5), (397.1, 300.5), (397.1, 300.5), (397.1, 300.5), (397.1, 300.5)]",0,0,13.75
experienced,bomberman,8,Bomb,16,0,29.4,1.0,"[(48.0, 112.0), (62.9, 115.7), (77.9, 115.7), (98.4, 115.7), (113.3, 121.3), (109.6, 136.3), (109.6, 153.1), (115.2, 171.7), (128.3, 179.2), (143.2, 179.2), (165.6, 179.2), (180.5, 188.5), (173.1, 203.5), (173.1, 224.0), (182.4, 238.9), (197.3, 244.5), (214.1, 244.5), (234.7, 244.5), (242.1, 259.5), (236.5, 274.4), (242.1, 296.8), (255.2, 308.0), (270.1, 308.0), (281.3, 308.0), (286.9, 308.0), (300.0, 308.0), (314.9, 308.0), (320.5, 308.0), (320.5, 308.0), (320.5, 308.0), (320.5, 308.0), (320.5, 308.0), (333.6, 308.0), (346.7, 308.0), (350.4, 308.0), (350.4, 308.0), (357.9, 308.0), (361.6, 308.0), (361.6, 308.0), (365.3, 308.0), (365.3, 308.0), (365.3, 308.0), (365.3, 308.0), (365.3, 308.0), (365.3, 308.0), (365.3, 308.0), (365.3, 308.0), (365.3, 308.0), (365.3, 308.0), (365.3, 308.0), (365.3, 308.0), (365.3, 308.0), (365.3, 308.0), (365.3, 308.0), (365.3, 308.0), (365.3, 308.0), (365.3, 308.0), (365.3, 308.0), (369.1, 308.0), (384.0, 308.0), (398.9, 300.5), (421.3, 300.5), (428.8, 306.1), (428.8, 308.0), (428.8, 308.0), (428.8, 308.0), (428.8, 308.0), (428.8, 308.0), (428.8, 308.0), (428.8, 308.0), (428.8, 308.0), (428.8, 308.0), (428.8, 308.0), (428.8, 308.0), (428.8, 308.0), (428.8, 308.0), (428.8, 308.0), (428.8, 308.0), (428.8, 308.0), (428.8, 308.0), (428.8, 308.0), (428.8, 308.0), (428.8, 308.0), (428.8, 308.0), (428.8, 308.0), (428.8, 308.0), (428.8, 308.0), (428.8, 308.0), (428.8, 308.0), (428.8, 308.0), (428.8, 308.0)]",1,0,12.0
experienced,bomberman,8,Bomb,18,0,29.2,1.0,"[(48.0, 112.0), (62.9, 115.7), (77.9, 115.7), (98.4, 115.7), (113.3, 121.3), (109.6, 136.3), (109.6, 153.1), (115.2, 171.7), (128.3, 179.2), (143.2, 179.2), (165.6, 179.2), (180.5, 188.5), (173.1, 203.5), (173.1, 224.0), (182.4, 238.9), (197.3, 244.5), (214.1, 244.5), (234.7, 244.5), (242.1, 259.5), (236.5, 274.4), (242.1, 296.8), (255.2, 308.0), (257.1, 308.0), (257.1, 308.0), (257.1, 308.0), (257.1, 308.0), (262.7, 308.0), (268.3, 308.0), (273.9, 308.0), (277.6, 308.0), (281.3, 308.0), (294.4, 308.0), (300.0, 308.0), (300.0, 308.0), (300.0, 308.0), (300.0, 308.0), (300.0, 308.0), (303.7, 308.0), (307.5, 308.0), (311.2, 308.0), (318.7, 308.0), (320.5, 308.0), (320.5, 308.0), (320.5, 308.0), (320.5, 308.0), (320.5, 308.0), (320.5, 308.0), (320.5, 308.0), (320.5, 308.0), (320.5, 308.0), (320.5, 308.0), (320.5, 308.0), (320.5, 308.0), (320.5, 308.0), (326.1, 302.4), (342.9, 300.5), (361.6, 308.0), (376.5, 308.0), (391.5, 308.0), (397.1, 308.0), (400.8, 308.0), (417.6, 300.5), (428.8, 302.4), (428.8, 308.0), (428.8, 308.0), (428.8, 308.0), (428.8, 308.0), (428.8, 308.0), (428.8, 308.0), (428.8, 308.0), (428.8, 308.0), (428.8, 308.0), (428.8, 308.0), (428.8, 308.0), (428.8, 308.0), (428.8, 308.0), (428.8, 308.0), (428.8, 308.0), (428.8, 308.0), (428.8, 308.0), (428.8, 308.0), (428.8, 308.0), (428.8, 308.0), (428.8, 308.0), (428.8, 308.0), (428.8, 308.0), (428.8, 308.0), (428.8, 294.9), (428.8, 287.5), (428.8, 287.5), (428.8, 287.5)]",0,0,12.02
experienced,bomberman,8,Bomb,16,0,29.4,1.0,"[(48.0, 112.0), (62.9, 115.7), (77.9, 115.7), (98.4, 115.7), (113.3, 121.3), (109.6, 136.3), (109.6, 153.1), (115.2, 171.7), (128.3, 179.2), (143.2, 179.2), (165.6, 179.2), (180.5, 188.5), (173.1, 203.5), (173.1, 224.0), (182.4, 238.9), (197.3, 244.5), (214.1, 244.5), (234.7, 244.5), (242.1, 259.5), (236.5, 274.4), (242.1, 296.8), (255.2, 308.0), (270.1, 308.0), (281.3, 308.0), (286.9, 308.0), (300.0, 308.0), (314.9, 308.0), (320.5, 308.0), (320.5, 308.0), (320.5, 308.0), (320.5, 308.0), (320.5, 308.0), (333.6, 308.0), (346.7, 308.0), (350.4, 308.0), (350.4, 308.0), (357.9, 308.0), (361.6, 308.0), (361.6, 308.0), (365.3, 308.0), (365.3, 308.0), (365.3, 308.0), (365.3, 308.0), (365.3, 308.0), (365.3, 308.0), (365.3, 308.0), (365.3, 308.0), (365.3, 308.0), (365.3, 308.0), (365.3, 308.0), (365.3, 308.0), (365.3, 308.0), (365.3, 308.0), (365.3, 308.0), (365.3, 308.0), (365.3, 308.0), (365.3, 308.0), (365.3, 308.0), (369.1, 308.0), (384.0, 308.0), (398.9, 300.5), (421.3, 300.5), (428.8, 306.1), (428.8, 308.0), (428.8, 308.0), (428.8, 308.0), (428.8, 308.0), (428.8, 308.0), (428.8, 308.0), (428.8, 308.0), (428.8, 308.0), (428.8, 308.0), (428.8, 308.0), (428.8, 308.0), (428.8, 308.0), (428.8, 308.0), (428.8, 308.0), (428.8, 308.0), (428.8, 308.0), (428.8, 308.0), (428.8, 308.0), (428.8, 308.0), (428.8, 308.0), (428.8, 308.0), (428.8, 308.0), (428.8, 308.0), (428.8, 308.0), (428.8, 308.0), (428.8, 308.0), (428.8, 308.0), (428.8, 308.0)]",1,0,12.0
experienced,bomberman,8,Bomb,37,0,29.4,1.0,"[(48.0, 112.0), (62.9, 115.7), (77.9, 115.7), (98.4, 115.7), (113.3, 121.3), (109.6, 136.3), (109.6, 153.1), (115.2, 171.7), (128.3, 179.2), (143.2, 179.2), (165.6, 179.2), (180.5, 188.5), (173.1, 203.5), (173.1, 224.0), (182.4, 238.9), (197.3, 244.5), (214.1, 244.5), (234.7, 244.5), (242.1, 259.5), (236.5, 274.4), (242.1, 296.8), (255.2, 308.0), (270.1, 308.0), (285.1, 308.0), (300.0, 308.0), (314.9, 308.0), (320.5, 308.0), (320.5, 308.0), (320.5, 308.0), (320.5, 308.0), (320.5, 308.0), (331.7, 308.0), (344.8, 308.0), (357.9, 308.0), (365.3, 308.0), (365.3, 308.0), (365.3, 308.0), (365.3, 308.0), (365.3, 308.0), (365.3, 308.0), (365.3, 308.0), (365.3, 308.0), (365.3, 308.0), (365.3, 308.0), (365.3, 308.0), (365.3, 308.0), (365.3, 308.0), (365.3, 308.0), (365.3, 308.0), (365.3, 308.0), (365.3, 308.0), (365.3, 308.0), (365.3, 308.0), (365.3, 308.0), (365.3, 308.0), (365.3, 308.0), (365.3, 308.0), (365.3, 308.0), (369.1, 304.3), (384.0, 300.5), (387.7, 300.5), (402.7, 300.5), (425.1, 300.5), (428.8, 308.0), (428.8, 308.0), (428.8, 308.0), (428.8, 308.0), (428.8, 308.0), (428.8, 308.0), (428.8, 308.0), (428.8, 308.0), (428.8, 308.0), (428.8, 308.0), (428.8, 308.0), (428.8, 308.0), (428.8, 308.0), (428.8, 308.0), (428.8, 308.0), (428.8, 308.0), (428.8, 308.0), (428.8, 308.0), (428.8, 308.0), (428.8, 296.8), (428.8, 289.3), (428.8, 289.3), (428.8, 289.3), (428.8, 289.3), (428.8, 289.3), (428.8, 289.3), (428.8, 289.3), (428.8, 289.3)]",1,0,12.0
experienced,bomberman,8,Bomb,16,0,29.4,1.0,"[(48.0, 112.0), (62.9, 115.7), (77.9, 115.7), (98.4, 115.7), (113.3, 121.3), (109.6, 136.3), (109.6, 153.1), (115.2, 171.7), (128.3, 179.2), (143.2, 179.2), (165.6, 179.2), (180.5, 188.5), (173.1, 203.5), (173.1, 224.0), (182.4, 238.9), (197.3, 244.5), (214.1, 244.5), (234.7, 244.5), (242.1, 259.5), (236.5, 274.4), (242.1, 296.8), (255.2, 308.0), (270.1, 308.0), (277.6, 308.0), (281.3, 308.0), (285.1, 308.0), (294.4, 308.0), (309.3, 308.0), (320.5, 308.0), (320.5, 308.0), (320.5, 308.0), (320.5, 308.0), (328.0, 308.0), (341.1, 308.0), (352.3, 308.0), (365.3, 308.0), (365.3, 308.0), (365.3, 308.0), (365.3, 308.0), (365.3, 308.0), (365.3, 308.0), (365.3, 308.0), (365.3, 308.0), (365.3, 308.0), (365.3, 308.0), (365.3, 308.0), (365.3, 308.0), (365.3, 308.0), (365.3, 308.0), (365.3, 308.0), (365.3, 308.0), (365.3, 308.0), (365.3, 308.0), (365.3, 308.0), (365.3, 308.0), (365.3, 308.0), (365.3, 308.0), (376.5, 308.0), (384.0, 300.5), (384.0, 300.5), (384.0, 300.5), (398.9, 300.5), (421.3, 300.5), (428.8, 306.1), (428.8, 308.0), (428.8, 308.0), (428.8, 308.0), (428.8, 308.0), (428.8, 308.0), (428.8, 308.0), (428.8, 308.0), (428.8, 308.0), (428.8, 308.0), (428.8, 308.0), (428.8, 308.0), (428.8, 308.0), (428.8, 308.0), (428.8, 308.0), (428.8, 308.0), (428.8, 308.0), (428.8, 308.0), (428.8, 308.0), (428.8, 308.0), (428.8, 308.0), (428.8, 308.0), (428.8, 308.0), (428.8, 308.0), (428.8, 308.0), (428.8, 308.0), (428.8, 308.0), (428.8, 308.0)]",1,0,12.0
experienced,bomberman,8,Bomb,60,0,30.33,1.0,"[(48.0, 112.0), (62.9, 115.7), (77.9, 115.7), (98.4, 115.7), (113.3, 121.3), (109.6, 136.3), (109.6, 153.1), (115.2, 171.7), (128.3, 179.2), (143.2, 179.2), (165.6, 179.2), (180.5, 188.5), (173.1, 203.5), (173.1, 224.0), (182.4, 238.9), (197.3, 244.5), (214.1, 244.5), (234.7, 244.5), (242.1, 259.5), (236.5, 274.4), (242.1, 296.8), (255.2, 308.0), (270.1, 308.0), (285.1, 308.0), (300.0, 308.0), (314.9, 308.0), (320.5, 308.0), (320.5, 308.0), (320.5, 308.0), (320.5, 308.0), (320.5, 308.0), (329.9, 308.0), (342.9, 308.0), (357.9, 308.0), (365.3, 308.0), (365.3, 308.0), (365.3, 308.0), (365.3, 308.0), (365.3, 308.0), (365.3, 308.0), (365.3, 308.0), (365.3, 308.0), (365.3, 308.0), (365.3, 308.0), (365.3, 308.0), (365.3, 308.0), (365.3, 308.0), (365.3, 308.0), (365.3, 308.0), (365.3, 308.0), (365.3, 308.0), (365.3, 308.0), (365.3, 308.0), (365.3, 308.0), (365.3, 308.0), (365.3, 308.0), (370.9, 308.0), (385.9, 300.5), (400.8, 300.5), (415.7, 302.4), (417.6, 300.5), (428.8, 298.7), (436.3, 287.5), (436.3, 287.5), (436.3, 287.5), (436.3, 287.5), (436.3, 287.5), (436.3, 287.5), (436.3, 287.5), (436.3, 287.5), (436.3, 287.5), (436.3, 287.5), (436.3, 287.5), (436.3, 287.5), (436.3, 287.5), (436.3, 287.5), (436.3, 287.5), (436.3, 287.5), (436.3, 287.5), (436.3, 287.5), (436.3, 287.5), (436.3, 287.5), (436.3, 287.5), (436.3, 287.5), (436.3, 287.5), (436.3, 287.5), (436.3, 287.5), (436.3, 287.5), (436.3, 287.5), (436.3, 287.5), (436.3, 287.5)]",1,0,12.0
experienced,bomberman,8,Bomb,11,0,39.12,0.944,"[(48.0, 112.0), (62.9, 115.7), (77.9, 115.7), (98.4, 115.7), (113.3, 121.3), (115.2, 136.3), (115.2, 153.1), (115.2, 171.7), (128.3, 179.2), (143.2, 179.2), (165.6, 179.2), (180.5, 188.5), (173.1, 203.5), (173.1, 224.0), (182.4, 238.9), (197.3, 244.5), (214.1, 244.5), (234.7, 244.5), (242.1, 259.5), (236.5, 274.4), (242.1, 296.8), (255.2, 308.0), (262.7, 308.0), (268.3, 308.0), (273.9, 308.0), (277.6, 308.0), (281.3, 308.0), (285.1, 308.0), (292.5, 308.0), (307.5, 308.0), (320.5, 308.0), (320.5, 308.0), (320.5, 308.0), (331.7, 308.0), (344.8, 308.0), (357.9, 308.0), (365.3, 308.0), (365.3, 308.0), (365.3, 308.0), (365.3, 308.0), (365.3, 308.0), (365.3, 308.0), (365.3, 308.0), (365.3, 308.0), (365.3, 308.0), (365.3, 308.0), (365.3, 308.0), (365.3, 308.0), (365.3, 308.0), (365.3, 308.0), (365.3, 308.0), (365.3, 308.0), (365.3, 308.0), (365.3, 308.0), (365.3, 308.0), (365.3, 308.0), (365.3, 308.0), (367.2, 308.0), (369.1, 308.0), (384.0, 308.0), (384.0, 300.5)]",1,0,8.02
experienced,bomberman,8,Bomb,81,0,37.72,0.889,"[(48.0, 112.0), (62.9, 115.7), (77.9, 115.7), (98.4, 115.7), (113.3, 121.3), (109.6, 136.3), (109.6, 153.1), (115.2, 171.7), (128.3, 179.2), (143.2, 179.2), (165.6, 179.2), (180.5, 188.5), (173.1, 203.5), (173.1, 224.0), (182.4, 238.9), (197.3, 244.5), (214.1, 244.5), (234.7, 244.5), (242.1, 259.5), (236.5, 274.4), (242.1, 296.8), (255.2, 308.0), (270.1, 308.0), (277.6, 308.0), (281.3, 308.0), (283.2, 308.0), (288.8, 308.0), (303.7, 308.0), (318.7, 308.0), (320.5, 308.0), (320.5, 308.0), (320.5, 308.0), (322.4, 308.0), (333.6, 308.0), (344.8, 308.0), (352.3, 308.0), (352.3, 308.0), (352.3, 308.0), (352.3, 308.0), (352.3, 304.3), (359.7, 300.5), (363.5, 300.5), (370.9, 298.7), (372.8, 298.7), (372.8, 296.8), (372.8, 287.5), (372.8, 287.5), (372.8, 287.5), (372.8, 287.5), (372.8, 287.5), (372.8, 287.5), (372.8, 287.5), (372.8, 287.5), (372.8, 287.5), (372.8, 287.5), (372.8, 287.5), (372.8, 287.5), (372.8, 287.5), (372.8, 287.5), (372.8, 287.5), (372.8, 287.5)]",1,0,8.02
experienced,bomberman,8,Bomb,20,0,26.91,0.944,"[(48.0, 112.0), (62.9, 115.7), (77.9, 115.7), (98.4, 115.7), (113.3, 121.3), (115.2, 136.3), (115.2, 153.1), (115.2, 171.7), (128.3, 179.2), (143.2, 179.2), (165.6, 179.2), (180.5, 188.5), (173.1, 203.5), (173.1, 224.0), (182.4, 238.9), (197.3, 244.5), (214.1, 244.5), (234.7, 244.5), (242.1, 259.5), (236.5, 274.4), (242.1, 296.8), (255.2, 308.0), (257.1, 308.0), (257.1, 308.0), (257.1, 308.0), (257.1, 308.0), (257.1, 308.0), (257.1, 308.0), (257.1, 308.0), (257.1, 308.0), (257.1, 308.0), (270.1, 308.0), (285.1, 308.0), (300.0, 308.0), (300.0, 308.0), (300.0, 308.0), (300.0, 308.0), (300.0, 308.0), (300.0, 308.0), (300.0, 308.0), (300.0, 308.0), (305.6, 308.0), (309.3, 308.0), (316.8, 308.0), (320.5, 308.0), (320.5, 308.0), (320.5, 308.0), (320.5, 308.0), (320.5, 308.0), (320.5, 308.0), (320.5, 300.5), (320.5, 300.5), (320.5, 300.5), (320.5, 300.5), (331.7, 300.5), (352.3, 300.5), (363.5, 308.0), (363.5, 308.0), (367.2, 308.0), (367.2, 308.0), (370.9, 308.0), (384.0, 300.5), (397.1, 300.5), (397.1, 300.5), (397.1, 300.5), (397.1, 300.5), (397.1, 300.5), (397.1, 300.5), (397.1, 300.5), (397.1, 300.5), (397.1, 300.5), (397.1, 300.5), (397.1, 300.5), (397.1, 300.5), (397.1, 300.5), (397.1, 300.5), (397.1, 300.5), (397.1, 300.5), (397.1, 300.5), (397.1, 300.5), (397.1, 300.5), (397.1, 300.5), (397.1, 300.5), (397.1, 300.5), (397.1, 300.5), (397.1, 300.5), (397.1, 300.5), (397.1, 300.5), (397.1, 300.5), (397.1, 300.5), (397.1, 300.5)]",0,0,12.0
experienced,bomberman,8,Bomb,12,0,39.12,0.944,"[(48.0, 112.0), (62.9, 115.7), (77.9, 115.7), (98.4, 115.7), (113.3, 121.3), (109.6, 136.3), (109.6, 153.1), (115.2, 171.7), (128.3, 179.2), (143.2, 179.2), (165.6, 179.2), (180.5, 188.5), (173.1, 203.5), (173.1, 224.0), (182.4, 238.9), (197.3, 244.5), (214.1, 244.5), (234.7, 244.5), (242.1, 259.5), (236.5, 274.4), (242.1, 296.8), (255.2, 308.0), (270.1, 308.0), (285.1, 308.0), (298.1, 308.0), (313.1, 308.0), (320.5, 308.0), (320.5, 308.0), (320.5, 308.0), (320.5, 308.0), (320.5, 308.0), (320.5, 308.0), (331.7, 308.0), (344.8, 308.0), (356.0, 308.0), (365.3, 308.0), (365.3, 308.0), (365.3, 308.0), (365.3, 308.0), (365.3, 308.0), (365.3, 308.0), (365.3, 308.0), (365.3, 308.0), (365.3, 308.0), (365.3, 308.0), (365.3, 308.0), (365.3, 308.0), (365.3, 308.0), (365.3, 308.0), (365.3, 308.0), (365.3, 308.0), (365.3, 308.0), (365.3, 308.0), (365.3, 308.0), (365.3, 308.0), (365.3, 308.0), (365.3, 308.0), (365.3, 308.0), (369.1, 308.0), (384.0, 308.0), (384.0, 300.5)]",1,0,8.02
experienced,bomberman,8,Bomb,13,0,39.12,0.944,"[(48.0, 112.0), (62.9, 115.7), (77.9, 115.7), (98.4, 115.7), (113.3, 121.3), (109.6, 136.3), (109.6, 153.1), (115.2, 171.7), (128.3, 179.2), (143.2, 179.2), (165.6, 179.2), (180.5, 188.5), (173.1, 203.5), (173.1, 224.0), (182.4, 238.9), (197.3, 244.5), (214.1, 244.5), (234.7, 244.5), (242.1, 259.5), (236.5, 274.4), (242.1, 296.8), (255.2, 308.0), (270.1, 308.0), (285.1, 308.0), (292.5, 308.0), (307.5, 308.0), (320.5, 308.0), (320.5, 308.0), (320.5, 308.0), (320.5, 308.0), (320.5, 308.0), (324.3, 308.0), (339.2, 308.0), (350.4, 308.0), (354.1, 308.0), (361.6, 308.0), (361.6, 308.0), (365.3, 308.0), (365.3, 308.0), (365.3, 308.0), (365.3, 308.0), (365.3, 308.0), (365.3, 308.0), (365.3, 308.0), (365.3, 308.0), (365.3, 308.0), (365.3, 308.0), (365.3, 308.0), (365.3, 308.0), (365.3, 308.0), (365.3, 308.0), (365.3, 308.0), (365.3, 308.0), (365.3, 308.0), (365.3, 308.0), (365.3, 308.0), (365.3, 308.0), (365.3, 308.0), (369.1, 304.3), (384.0, 300.5), (384.0, 300.5)]",1,0,8.02
experienced,bomberman,8,Enemy,5,0,32.0,0.889,"[(48.0, 112.0), (62.9, 115.7), (77.9, 115.7), (98.4, 115.7), (113.3, 121.3), (109.6, 136.3), (109.6, 153.1), (115.2, 171.7), (128.3, 179.2), (143.2, 179.2), (165.6, 179.2), (180.5, 188.5), (173.1, 203.5), (173.1, 224.0), (182.4, 238.9), (197.3, 244.5), (214.1, 244.5), (234.7, 244.5), (242.1, 259.5), (236.5, 274.4), (242.1, 296.8), (255.2, 308.0), (257.1, 308.0), (257.1, 308.0), (257.1, 308.0), (257.1, 308.0), (257.1, 308.0), (257.1, 308.0), (260.8, 308.0), (266.4, 308.0), (270.1, 308.0), (283.2, 308.0), (298.1, 308.0), (300.0, 308.0), (300.0, 308.0), (300.0, 308.0), (300.0, 308.0), (300.0, 308.0), (300.0, 308.0), (300.0, 308.0), (300.0, 308.0), (300.0, 308.0), (300.0, 308.0), (300.0, 308.0), (300.0, 308.0), (300.0, 308.0), (300.0, 308.0), (300.0, 308.0), (300.0, 308.0), (300.0, 308.0), (300.0, 308.0), (300.0, 308.0), (300.0, 308.0), (300.0, 308.0), (300.0, 308.0), (300.0, 308.0), (300.0, 308.0), (300.0, 308.0), (301.9, 306.1), (316.8, 300.5), (331.7, 300.5), (352.3, 300.5), (365.3, 300.5), (365.3, 308.0), (365.3, 308.0), (365.3, 308.0), (365.3, 308.0), (365.3, 308.0), (365.3, 308.0)]",0,0,9.1
experienced,bomberman,8,Bomb,60,0,30.33,1.0,"[(48.0, 112.0), (62.9, 115.7), (77.9, 115.7), (98.4, 115.7), (113.3, 121.3), (109.6, 136.3), (109.6, 153.1), (115.2, 171.7), (128.3, 179.2), (143.2, 179.2), (165.6, 179.2), (180.5, 188.5), (173.1, 203.5), (173.1, 224.0), (182.4, 238.9), (197.3, 244.5), (214.1, 244.5), (234.7, 244.5), (242.1, 259.5), (236.5, 274.4), (242.1, 296.8), (255.2, 308.0), (270.1, 308.0), (285.1, 308.0), (300.0, 308.0), (314.9, 308.0), (320.5, 308.0), (320.5, 308.0), (320.5, 308.0), (320.5, 308.0), (320.5, 308.0), (329.9, 308.0), (342.9, 308.0), (357.9, 308.0), (365.3, 308.0), (365.3, 308.0), (365.3, 308.0), (365.3, 308.0), (365.3, 308.0), (365.3, 308.0), (365.3, 308.0), (365.3, 308.0), (365.3, 308.0), (365.3, 308.0), (365.3, 308.0), (365.3, 308.0), (365.3, 308.0), (365.3, 308.0), (365.3, 308.0), (365.3, 308.0), (365.3, 308.0), (365.3, 308.0), (365.3, 308.0), (365.3, 308.0), (365.3, 308.0), (365.3, 308.0), (370.9, 308.0), (385.9, 300.5), (400.8, 300.5), (415.7, 302.4), (417.6, 300.5), (428.8, 298.7), (436.3, 287.5), (436.3, 287.5), (436.3, 287.5), (436.3, 287.5), (436.3, 287.5), (436.3, 287.5), (436.3, 287.5), (436.3, 287.5), (436.3, 287.5), (436.3, 287.5), (436.3, 287.5), (436.3, 287.5), (436.3, 287.5), (436.3, 287.5), (436.3, 287.5), (436.3, 287.5), (436.3, 287.5), (436.3, 287.5), (436.3, 287.5), (436.3, 287.5), (436.3, 287.5), (436.3, 287.5), (436.3, 287.5), (436.3, 287.5), (436.3, 287.5), (436.3, 287.5), (436.3, 287.5), (436.3, 287.5), (436.3, 287.5)]",1,0,12.0
experienced,bomberman,8,Bomb,16,0,29.4,1.0,"[(48.0, 112.0), (62.9, 115.7), (77.9, 115.7), (98.4, 115.7), (113.3, 121.3), (109.6, 136.3), (109.6, 153.1), (115.2, 171.7), (128.3, 179.2), (143.2, 179.2), (165.6, 179.2), (180.5, 188.5), (173.1, 203.5), (173.1, 224.0), (182.4, 238.9), (197.3, 244.5), (214.1, 244.5), (234.7, 244.5), (242.1, 259.5), (236.5, 274.4), (242.1, 296.8), (255.2, 308.0), (270.1, 308.0), (277.6, 308.0), (281.3, 308.0), (285.1, 308.0), (294.4, 308.0), (309.3, 308.0), (320.5, 308.0), (320.5, 308.0), (320.5, 308.0), (320.5, 308.0), (328.0, 308.0), (341.1, 308.0), (352.3, 308.0), (365.3, 308.0), (365.3, 308.0), (365.3, 308.0), (365.3, 308.0), (365.3, 308.0), (365.3, 308.0), (365.3, 308.0), (365.3, 308.0), (365.3, 308.0), (365.3, 308.0), (365.3, 308.0), (365.3, 308.0), (365.3, 308.0), (365.3, 308.0), (365.3, 308.0), (365.3, 308.0), (365.3, 308.0), (365.3, 308.0), (365.3, 308.0), (365.3, 308.0), (365.3, 308.0), (365.3, 308.0), (376.5, 308.0), (384.0, 300.5), (384.0, 300.5), (384.0, 300.5), (398.9, 300.5), (421.3, 300.5), (428.8, 306.1), (428.8, 308.0), (428.8, 308.0), (428.8, 308.0), (428.8, 308.0), (428.8, 308.0), (428.8, 308.0), (428.8, 308.0), (428.8, 308.0), (428.8, 308.0), (428.8, 308.0), (428.8, 308.0), (428.8, 308.0), (428.8, 308.0), (428.8, 308.0), (428.8, 308.0), (428.8, 308.0), (428.8, 308.0), (428.8, 308.0), (428.8, 308.0), (428.8, 308.0), (428.8, 308.0), (428.8, 308.0), (428.8, 308.0), (428.8, 308.0), (428.8, 308.0), (428.8, 308.0), (428.8, 308.0)]",1,0,12.0
experienced,bomberman,8,Bomb,37,0,29.4,1.0,"[(48.0, 112.0), (62.9, 115.7), (77.9, 115.7), (98.4, 115.7), (113.3, 121.3), (109.6, 136.3), (109.6, 153.1), (115.2, 171.7), (128.3, 179.2), (143.2, 179.2), (165.6, 179.2), (180.5, 188.5), (173.1, 203.5), (173.1, 224.0), (182.4, 238.9), (197.3, 244.5), (214.1, 244.5), (234.7, 244.5), (242.1, 259.5), (236.5, 274.4), (242.1, 296.8), (255.2, 308.0), (270.1, 308.0), (285.1, 308.0), (300.0, 308.0), (314.9, 308.0), (320.5, 308.0), (320.5, 308.0), (320.5, 308.0), (320.5, 308.0), (320.5, 308.0), (331.7, 308.0), (344.8, 308.0), (357.9, 308.0), (365.3, 308.0), (365.3, 308.0), (365.3, 308.0), (365.3, 308.0), (365.3, 308.0), (365.3, 308.0), (365.3, 308.0), (365.3, 308.0), (365.3, 308.0), (365.3, 308.0), (365.3, 308.0), (365.3, 308.0), (365.3, 308.0), (365.3, 308.0), (365.3, 308.0), (365.3, 308.0), (365.3, 308.0), (365.3, 308.0), (365.3, 308.0), (365.3, 308.0), (365.3, 308.0), (365.3, 308.0), (365.3, 308.0), (365.3, 308.0), (369.1, 304.3), (384.0, 300.5), (387.7, 300.5), (402.7, 300.5), (425.1, 300.5), (428.8, 308.0), (428.8, 308.0), (428.8, 308.0), (428.8, 308.0), (428.8, 308.0), (428.8, 308.0), (428.8, 308.0), (428.8, 308.0), (428.8, 308.0), (428.8, 308.0), (428.8, 308.0), (428.8, 308.0), (428.8, 308.0), (428.8, 308.0), (428.8, 308.0), (428.8, 308.0), (428.8, 308.0), (428.8, 308.0), (428.8, 308.0), (428.8, 296.8), (428.8, 289.3), (428.8, 289.3), (428.8, 289.3), (428.8, 289.3), (428.8, 289.3), (428.8, 289.3), (428.8, 289.3), (428.8, 289.3)]",1,0,12.0
experienced,bomberman,8,Bomb,16,0,29.4,1.0,"[(48.0, 112.0), (62.9, 115.7), (77.9, 115.7), (98.4, 115.7), (113.3, 121.3), (109.6, 136.3), (109.6, 153.1), (115.2, 171.7), (128.3, 179.2), (143.2, 179.2), (165.6, 179.2), (180.5, 188.5), (173.1, 203.5), (173.1, 224.0), (182.4, 238.9), (197.3, 244.5), (214.1, 244.5), (234.7, 244.5), (242.1, 259.5), (236.5, 274.4), (242.1, 296.8), (255.2, 308.0), (270.1, 308.0), (281.3, 308.0), (286.9, 308.0), (300.0, 308.0), (314.9, 308.0), (320.5, 308.0), (320.5, 308.0), (320.5, 308.0), (320.5, 308.0), (320.5, 308.0), (333.6, 308.0), (346.7, 308.0), (350.4, 308.0), (350.4, 308.0), (357.9, 308.0), (361.6, 308.0), (361.6, 308.0), (365.3, 308.0), (365.3, 308.0), (365.3, 308.0), (365.3, 308.0), (365.3, 308.0), (365.3, 308.0), (365.3, 308.0), (365.3, 308.0), (365.3, 308.0), (365.3, 308.0), (365.3, 308.0), (365.3, 308.0), (365.3, 308.0), (365.3, 308.0), (365.3, 308.0), (365.3, 308.0), (365.3, 308.0), (365.3, 308.0), (365.3, 308.0), (369.1, 308.0), (384.0, 308.0), (398.9, 300.5), (421.3, 300.5), (428.8, 306.1), (428.8, 308.0), (428.8, 308.0), (428.8, 308.0), (428.8, 308.0), (428.8, 308.0), (428.8, 308.0), (428.8, 308.0), (428.8, 308.0), (428.8, 308.0), (428.8, 308.0), (428.8, 308.0), (428.8, 308.0), (428.8, 308.0), (428.8, 308.0), (428.8, 308.0), (428.8, 308.0), (428.8, 308.0), (428.8, 308.0), (428.8, 308.0), (428.8, 308.0), (428.8, 308.0), (428.8, 308.0), (428.8, 308.0), (428.8, 308.0), (428.8, 308.0), (428.8, 308.0), (428.8, 308.0), (428.8, 308.0)]",1,0,12.0
experienced,bomberman,8,Bomb,13,0,39.12,0.944,"[(48.0, 112.0), (62.9, 115.7), (77.9, 115.7), (98.4, 115.7), (113.3, 121.3), (109.6, 136.3), (109.6, 153.1), (115.2, 171.7), (128.3, 179.2), (143.2, 179.2), (165.6, 179.2), (180.5, 188.5), (173.1, 203.5), (173.1, 224.0), (182.4, 238.9), (197.3, 244.5), (214.1, 244.5), (234.7, 244.5), (242.1, 259.5), (236.5, 274.4), (242.1, 296.8), (255.2, 308.0), (270.1, 308.0), (285.1, 308.0), (292.5, 308.0), (307.5, 308.0), (320.5, 308.0), (320.5, 308.0), (320.5, 308.0), (320.5, 308.0), (320.5, 308.0), (324.3, 308.0), (339.2, 308.0), (350.4, 308.0), (354.1, 308.0), (361.6, 308.0), (361.6, 308.0), (365.3, 308.0), (365.3, 308.0), (365.3, 308.0), (365.3, 308.0), (365.3, 308.0), (365.3, 308.0), (365.3, 308.0), (365.3, 308.0), (365.3, 308.0), (365.3, 308.0), (365.3, 308.0), (365.3, 308.0), (365.3, 308.0), (365.3, 308.0), (365.3, 308.0), (365.3, 308.0), (365.3, 308.0), (365.3, 308.0), (365.3, 308.0), (365.3, 308.0), (365.3, 308.0), (369.1, 304.3), (384.0, 300.5), (384.0, 300.5)]",1,0,8.02
experienced,bomberman,8,Bomb,12,0,39.12,0.944,"[(48.0, 112.0), (62.9, 115.7), (77.9, 115.7), (98.4, 115.7), (113.3, 121.3), (109.6, 136.3), (109.6, 153.1), (115.2, 171.7), (128.3, 179.2), (143.2, 179.2), (165.6, 179.2), (180.5, 188.5), (173.1, 203.5), (173.1, 224.0), (182.4, 238.9), (197.3, 244.5), (214.1, 244.5), (234.7, 244.5), (242.1, 259.5), (236.5, 274.4), (242.1, 296.8), (255.2, 308.0), (270.1, 308.0), (285.1, 308.0), (298.1, 308.0), (313.1, 308.0), (320.5, 308.0), (320.5, 308.0), (320.5, 308.0), (320.5, 308.0), (320.5, 308.0), (320.5, 308.0), (331.7, 308.0), (344.8, 308.0), (356.0, 308.0), (365.3, 308.0), (365.3, 308.0), (365.3, 308.0), (365.3, 308.0), (365.3, 308.0), (365.3, 308.0), (365.3, 308.0), (365.3, 308.0), (365.3, 308.0), (365.3, 308.0), (365.3, 308.0), (365.3, 308.0), (365.3, 308.0), (365.3, 308.0), (365.3, 308.0), (365.3, 308.0), (365.3, 308.0), (365.3, 308.0), (365.3, 308.0), (365.3, 308.0), (365.3, 308.0), (365.3, 308.0), (365.3, 308.0), (369.1, 308.0), (384.0, 308.0), (384.0, 300.5)]",1,0,8.02
experienced,bomberman,8,Bomb,5,0,37.1,0.889,"[(48.0, 112.0), (62.9, 115.7), (77.9, 115.7), (98.4, 115.7), (113.3, 121.3), (115.2, 136.3), (115.2, 153.1), (115.2, 171.7), (128.3, 179.2), (143.2, 179.2), (165.6, 179.2), (180.5, 188.5), (180.5, 203.5), (180.5, 224.0), (182.4, 238.9), (197.3, 244.5), (214.1, 244.5), (234.7, 244.5), (242.1, 259.5), (236.5, 274.4), (242.1, 296.8), (255.2, 308.0), (270.1, 308.0), (285.1, 308.0), (300.0, 308.0), (314.9, 308.0), (320.5, 308.0), (320.5, 308.0), (320.5, 308.0), (320.5, 308.0), (320.5, 308.0), (331.7, 308.0), (346.7, 308.0), (357.9, 308.0), (357.9, 308.0), (361.6, 308.0), (361.6, 308.0), (361.6, 308.0), (361.6, 308.0), (361.6, 308.0), (361.6, 308.0), (361.6, 308.0), (361.6, 308.0), (365.3, 308.0), (365.3, 308.0), (365.3, 308.0), (365.3, 308.0), (365.3, 308.0), (365.3, 308.0), (365.3, 308.0), (365.3, 308.0), (365.3, 308.0), (365.3, 308.0), (365.3, 308.0), (365.3, 308.0), (365.3, 308.0), (365.3, 308.0), (365.3, 308.0), (365.3, 308.0), (365.3, 308.0), (365.3, 308.0)]",1,0,8.0
experienced,bomberman,8,Bomb,65,0,30.49,1.0,"[(48.0, 112.0), (62.9, 115.7), (77.9, 115.7), (98.4, 115.7), (113.3, 121.3), (109.6, 136.3), (109.6, 153.1), (115.2, 171.7), (128.3, 179.2), (143.2, 179.2), (165.6, 179.2), (180.5, 188.5), (173.1, 203.5), (173.1, 224.0), (182.4, 238.9), (197.3, 244.5), (214.1, 244.5), (234.7, 244.5), (242.1, 259.5), (236.5, 274.4), (242.1, 296.8), (255.2, 308.0), (270.1, 308.0), (285.1, 308.0), (300.0, 308.0), (314.9, 308.0), (320.5, 308.0), (320.5, 308.0), (320.5, 308.0), (320.5, 308.0), (326.1, 308.0), (337.3, 308.0), (352.3, 308.0), (365.3, 308.0), (365.3, 308.0), (365.3, 308.0), (365.3, 308.0), (365.3, 308.0), (365.3, 308.0), (365.3, 308.0), (365.3, 308.0), (365.3, 308.0), (365.3, 308.0), (365.3, 308.0), (365.3, 308.0), (365.3, 308.0), (365.3, 308.0), (365.3, 308.0), (365.3, 308.0), (370.9, 308.0), (382.1, 300.5), (389.6, 300.5), (393.3, 300.5), (397.1, 300.5), (400.8, 300.5), (402.7, 300.5), (419.5, 302.4), (423.2, 308.0), (423.2, 308.0), (423.2, 308.0), (423.2, 308.0), (436.3, 293.1), (434.4, 289.3), (434.4, 289.3), (434.4, 289.3), (434.4, 289.3), (434.4, 289.3), (434.4, 289.3), (434.4, 289.3), (434.4, 289.3), (434.4, 289.3), (434.4, 289.3), (434.4, 289.3), (434.4, 289.3), (434.4, 289.3), (434.4, 289.3), (434.4, 289.3), (434.4, 289.3), (434.4, 289.3), (434.4, 289.3), (434.4, 289.3), (434.4, 289.3), (434.4, 289.3), (434.4, 289.3), (434.4, 289.3), (434.4, 289.3), (434.4, 289.3), (434.4, 289.3), (436.3, 289.3), (436.3, 289.3), (436.3, 289.3)]",1,0,12.0
experienced,bomberman,8,Bomb,34,0,29.4,1.0,"[(48.0, 112.0), (62.9, 115.7), (77.9, 115.7), (98.4, 115.7), (113.3, 121.3), (109.6, 136.3), (109.6, 153.1), (115.2, 171.7), (128.3, 179.2), (143.2, 179.2), (165.6, 179.2), (180.5, 188.5), (173.1, 203.5), (173.1, 224.0), (182.4, 238.9), (197.3, 244.5), (214.1, 244.5), (234.7, 244.5), (242.1, 259.5), (236.5, 274.4), (242.1, 296.8), (255.2, 308.0), (270.1, 308.0), (285.1, 308.0), (300.0, 308.0), (314.9, 308.0), (320.5, 308.0), (326.1, 308.0), (329.9, 308.0), (333.6, 308.0), (337.3, 308.0), (350.4, 308.0), (365.3, 308.0), (365.3, 308.0), (365.3, 308.0), (365.3, 308.0), (365.3, 308.0), (365.3, 308.0), (365.3, 308.0), (365.3, 308.0), (365.3, 308.0), (365.3, 308.0), (365.3, 308.0), (365.3, 308.0), (365.3, 308.0), (365.3, 308.0), (365.3, 308.0), (365.3, 308.0), (365.3, 308.0), (365.3, 308.0), (365.3, 308.0), (365.3, 308.0), (365.3, 308.0), (365.3, 308.0), (365.3, 308.0), (365.3, 308.0), (365.3, 308.0), (365.3, 308.0), (369.1, 304.3), (384.0, 300.5), (384.0, 300.5), (398.9, 300.5), (421.3, 300.5), (428.8, 306.1), (428.8, 308.0), (428.8, 308.0), (428.8, 308.0), (428.8, 308.0), (428.8, 308.0), (428.8, 308.0), (428.8, 308.0), (428.8, 308.0), (428.8, 308.0), (428.8, 308.0), (428.8, 308.0), (428.8, 308.0), (428.8, 308.0), (428.8, 308.0), (428.8, 308.0), (428.8, 308.0), (428.8, 308.0), (428.8, 308.0), (428.8, 300.5), (428.8, 289.3), (428.8, 289.3), (428.8, 289.3), (428.8, 289.3), (428.8, 289.3), (428.8, 289.3), (428.8, 289.3), (428.8, 289.3)]",1,0,12.0
experienced,bomberman,8,Bomb,8,0,33.37,0.833,"[(48.0, 112.0), (62.9, 115.7), (77.9, 115.7), (98.4, 115.7), (113.3, 121.3), (109.6, 136.3), (109.6, 153.1), (115.2, 171.7), (128.3, 179.2), (143.2, 179.2), (165.6, 179.2), (180.5, 188.5), (173.1, 203.5), (173.1, 224.0), (182.4, 238.9), (197.3, 244.5), (214.1, 244.5), (234.7, 244.5), (242.1, 259.5), (236.5, 274.4), (242.1, 296.8), (255.2, 308.0), (266.4, 308.0), (272.0, 308.0), (275.7, 308.0), (279.5, 308.0), (283.2, 308.0), (286.9, 308.0), (298.1, 308.0), (313.1, 308.0), (316.8, 308.0), (320.5, 308.0), (320.5, 308.0), (320.5, 308.0), (320.5, 308.0), (320.5, 308.0), (324.3, 308.0), (329.9, 300.5), (333.6, 304.3), (333.6, 308.0), (333.6, 308.0), (333.6, 308.0), (333.6, 308.0), (333.6, 308.0), (333.6, 308.0), (333.6, 308.0), (333.6, 308.0), (333.6, 308.0), (333.6, 308.0), (333.6, 308.0), (333.6, 308.0), (333.6, 308.0), (333.6, 306.1), (333.6, 300.5), (333.6, 300.5), (333.6, 300.5), (333.6, 300.5), (333.6, 300.5), (333.6, 300.5), (333.6, 300.5), (335.5, 300.5)]",0,0,8.0
experienced,bomberman,8,Bomb,34,0,29.4,1.0,"[(48.0, 112.0), (62.9, 115.7), (77.9, 115.7), (98.4, 115.7), (113.3, 121.3), (109.6, 136.3), (109.6, 153.1), (115.2, 171.7), (128.3, 179.2), (143.2, 179.2), (165.6, 179.2), (180.5, 188.5), (173.1, 203.5), (173.1, 224.0), (182.4, 238.9), (197.3, 244.5), (214.1, 244.5), (234.7, 244.5), (242.1, 259.5), (236.5, 274.4), (242.1, 296.8), (255.2, 308.0), (270.1, 308.0), (285.1, 308.0), (300.0, 308.0), (314.9, 308.0), (320.5, 308.0), (326.1, 308.0), (329.9, 308.0), (333.6, 308.0), (337.3, 308.0), (350.4, 308.0), (365.3, 308.0), (365.3, 308.0), (365.3, 308.0), (365.3, 308.0), (365.3, 308.0), (365.3, 308.0), (365.3, 308.0), (365.3, 308.0), (365.3, 308.0), (365.3, 308.0), (365.3, 308.0), (365.3, 308.0), (365.3, 308.0), (365.3, 308.0), (365.3, 308.0), (365.3, 308.0), (365.3, 308.0), (365.3, 308.0), (365.3, 308.0), (365.3, 308.0), (365.3, 308.0), (365.3, 308.0), (365.3, 308.0), (365.3, 308.0), (365.3, 308.0), (365.3, 308.0), (369.1, 304.3), (384.0, 300.5), (384.0, 300.5), (398.9, 300.5), (421.3, 300.5), (428.8, 306.1), (428.8, 308.0), (428.8, 308.0), (428.8, 308.0), (428.8, 308.0), (428.8, 308.0), (428.8, 308.0), (428.8, 308.0), (428.8, 308.0), (428.8, 308.0), (428.8, 308.0), (428.8, 308.0), (428.8, 308.0), (428.8, 308.0), (428.8, 308.0), (428.8, 308.0), (428.8, 308.0), (428.8, 308.0), (428.8, 308.0), (428.8, 300.5), (428.8, 289.3), (428.8, 289.3), (428.8, 289.3), (428.8, 289.3), (428.8, 289.3), (428.8, 289.3), (428.8, 289.3), (428.8, 289.3)]",1,0,12.0
experienced,bomberman,8,Bomb,65,0,30.49,1.0,"[(48.0, 112.0), (62.9, 115.7), (77.9, 115.7), (98.4, 115.7), (113.3, 121.3), (109.6, 136.3), (109.6, 153.1), (115.2, 171.7), (128.3, 179.2), (143.2, 179.2), (165.6, 179.2), (180.5, 188.5), (173.1, 203.5), (173.1, 224.0), (182.4, 238.9), (197.3, 244.5), (214.1, 244.5), (234.7, 244.5), (242.1, 259.5), (236.5, 274.4), (242.1, 296.8), (255.2, 308.0), (270.1, 308.0), (285.1, 308.0), (300.0, 308.0), (314.9, 308.0), (320.5, 308.0), (320.5, 308.0), (320.5, 308.0), (320.5, 308.0), (326.1, 308.0), (337.3, 308.0), (352.3, 308.0), (365.3, 308.0), (365.3, 308.0), (365.3, 308.0), (365.3, 308.0), (365.3, 308.0), (365.3, 308.0), (365.3, 308.0), (365.3, 308.0), (365.3, 308.0), (365.3, 308.0), (365.3, 308.0), (365.3, 308.0), (365.3, 308.0), (365.3, 308.0), (365.3, 308.0), (365.3, 308.0), (370.9, 308.0), (382.1, 300.5), (389.6, 300.5), (393.3, 300.5), (397.1, 300.5), (400.8, 300.5), (402.7, 300.5), (419.5, 302.4), (423.2, 308.0), (423.2, 308.0), (423.2, 308.0), (423.2, 308.0), (436.3, 293.1), (434.4, 289.3), (434.4, 289.3), (434.4, 289.3), (434.4, 289.3), (434.4, 289.3), (434.4, 289.3), (434.4, 289.3), (434.4, 289.3), (434.4, 289.3), (434.4, 289.3), (434.4, 289.3), (434.4, 289.3), (434.4, 289.3), (434.4, 289.3), (434.4, 289.3), (434.4, 289.3), (434.4, 289.3), (434.4, 289.3), (434.4, 289.3), (434.4, 289.3), (434.4, 289.3), (434.4, 289.3), (434.4, 289.3), (434.4, 289.3), (434.4, 289.3), (434.4, 289.3), (436.3, 289.3), (436.3, 289.3), (436.3, 289.3)]",1,0,12.0
experienced,bomberman,8,Bomb,16,0,29.4,1.0,"[(48.0, 112.0), (62.9, 115.7), (77.9, 115.7), (98.4, 115.7), (113.3, 121.3), (109.6, 136.3), (109.6, 153.1), (115.2, 171.7), (128.3, 179.2), (143.2, 179.2), (165.6, 179.2), (180.5, 188.5), (173.1, 203.5), (173.1, 224.0), (182.4, 238.9), (197.3, 244.5), (214.1, 244.5), (234.7, 244.5), (242.1, 259.5), (236.5, 274.4), (242.1, 296.8), (255.2, 308.0), (270.1, 308.0), (281.3, 308.0), (286.9, 308.0), (300.0, 308.0), (314.9, 308.0), (320.5, 308.0), (320.5, 308.0), (320.5, 308.0), (320.5, 308.0), (320.5, 308.0), (333.6, 308.0), (346.7, 308.0), (350.4, 308.0), (350.4, 308.0), (357.9, 308.0), (361.6, 308.0), (361.6, 308.0), (365.3, 308.0), (365.3, 308.0), (365.3, 308.0), (365.3, 308.0), (365.3, 308.0), (365.3, 308.0), (365.3, 308.0), (365.3, 308.0), (365.3, 308.0), (365.3, 308.0), (365.3, 308.0), (365.3, 308.0), (365.3, 308.0), (365.3, 308.0), (365.3, 308.0), (365.3, 308.0), (365.3, 308.0), (365.3, 308.0), (365.3, 308.0), (369.1, 308.0), (384.0, 308.0), (398.9, 300.5), (421.3, 300.5), (428.8, 306.1), (428.8, 308.0), (428.8, 308.0), (428.8, 308.0), (428.8, 308.0), (428.8, 308.0), (428.8, 308.0), (428.8, 308.0), (428.8, 308.0), (428.8, 308.0), (428.8, 308.0), (428.8, 308.0), (428.8, 308.0), (428.8, 308.0), (428.8, 308.0), (428.8, 308.0), (428.8, 308.0), (428.8, 308.0), (428.8, 308.0), (428.8, 308.0), (428.8, 308.0), (428.8, 308.0), (428.8, 308.0), (428.8, 308.0), (428.8, 308.0), (428.8, 308.0), (428.8, 308.0), (428.8, 308.0), (428.8, 308.0)]",1,0,12.0
experienced,bomberman,8,Bomb,37,0,29.4,1.0,"[(48.0, 112.0), (62.9, 115.7), (77.9, 115.7), (98.4, 115.7), (113.3, 121.3), (109.6, 136.3), (109.6, 153.1), (115.2, 171.7), (128.3, 179.2), (143.2, 179.2), (165.6, 179.2), (180.5, 188.5), (173.1, 203.5), (173.1, 224.0), (182.4, 238.9), (197.3, 244.5), (214.1, 244.5), (234.7, 244.5), (242.1, 259.5), (236.5, 274.4), (242.1, 296.8), (255.2, 308.0), (270.1, 308.0), (285.1, 308.0), (300.0, 308.0), (314.9, 308.0), (320.5, 308.0), (320.5, 308.0), (320.5, 308.0), (320.5, 308.0), (320.5, 308.0), (331.7, 308.0), (344.8, 308.0), (357.9, 308.0), (365.3, 308.0), (365.3, 308.0), (365.3, 308.0), (365.3, 308.0), (365.3, 308.0), (365.3, 308.0), (365.3, 308.0), (365.3, 308.0), (365.3, 308.0), (365.3, 308.0), (365.3, 308.0), (365.3, 308.0), (365.3, 308.0), (365.3, 308.0), (365.3, 308.0), (365.3, 308.0), (365.3, 308.0), (365.3, 308.0), (365.3, 308.0), (365.3, 308.0), (365.3, 308.0), (365.3, 308.0), (365.3, 308.0), (365.3, 308.0), (369.1, 304.3), (384.0, 300.5), (387.7, 300.5), (402.7, 300.5), (425.1, 300.5), (428.8, 308.0), (428.8, 308.0), (428.8, 308.0), (428.8, 308.0), (428.8, 308.0), (428.8, 308.0), (428.8, 308.0), (428.8, 308.0), (428.8, 308.0), (428.8, 308.0), (428.8, 308.0), (428.8, 308.0), (428.8, 308.0), (428.8, 308.0), (428.8, 308.0), (428.8, 308.0), (428.8, 308.0), (428.8, 308.0), (428.8, 308.0), (428.8, 296.8), (428.8, 289.3), (428.8, 289.3), (428.8, 289.3), (428.8, 289.3), (428.8, 289.3), (428.8, 289.3), (428.8, 289.3), (428.8, 289.3)]",1,0,12.0
experienced,bomberman,8,Bomb,16,0,29.4,1.0,"[(48.0, 112.0), (62.9, 115.7), (77.9, 115.7), (98.4, 115.7), (113.3, 121.3), (109.6, 136.3), (109.6, 153.1), (115.2, 171.7), (128.3, 179.2), (143.2, 179.2), (165.6, 179.2), (180.5, 188.5), (173.1, 203.5), (173.1, 224.0), (182.4, 238.9), (197.3, 244.5), (214.1, 244.5), (234.7, 244.5), (242.1, 259.5), (236.5, 274.4), (242.1, 296.8), (255.2, 308.0), (270.1, 308.0), (277.6, 308.0), (281.3, 308.0), (285.1, 308.0), (294.4, 308.0), (309.3, 308.0), (320.5, 308.0), (320.5, 308.0), (320.5, 308.0), (320.5, 308.0), (328.0, 308.0), (341.1, 308.0), (352.3, 308.0), (365.3, 308.0), (365.3, 308.0), (365.3, 308.0), (365.3, 308.0), (365.3, 308.0), (365.3, 308.0), (365.3, 308.0), (365.3, 308.0), (365.3, 308.0), (365.3, 308.0), (365.3, 308.0), (365.3, 308.0), (365.3, 308.0), (365.3, 308.0), (365.3, 308.0), (365.3, 308.0), (365.3, 308.0), (365.3, 308.0), (365.3, 308.0), (365.3, 308.0), (365.3, 308.0), (365.3, 308.0), (376.5, 308.0), (384.0, 300.5), (384.0, 300.5), (384.0, 300.5), (398.9, 300.5), (421.3, 300.5), (428.8, 306.1), (428.8, 308.0), (428.8, 308.0), (428.8, 308.0), (428.8, 308.0), (428.8, 308.0), (428.8, 308.0), (428.8, 308.0), (428.8, 308.0), (428.8, 308.0), (428.8, 308.0), (428.8, 308.0), (428.8, 308.0), (428.8, 308.0), (428.8, 308.0), (428.8, 308.0), (428.8, 308.0), (428.8, 308.0), (428.8, 308.0), (428.8, 308.0), (428.8, 308.0), (428.8, 308.0), (428.8, 308.0), (428.8, 308.0), (428.8, 308.0), (428.8, 308.0), (428.8, 308.0), (428.8, 308.0)]",1,0,12.0
experienced,bomberman,8,Bomb,60,0,30.33,1.0,"[(48.0, 112.0), (62.9, 115.7), (77.9, 115.7), (98.4, 115.7), (113.3, 121.3), (109.6, 136.3), (109.6, 153.1), (115.2, 171.7), (128.3, 179.2), (143.2, 179.2), (165.6, 179.2), (180.5, 188.5), (173.1, 203.5), (173.1, 224.0), (182.4, 238.9), (197.3, 244.5), (214.1, 244.5), (234.7, 244.5), (242.1, 259.5), (236.5, 274.4), (242.1, 296.8), (255.2, 308.0), (270.1, 308.0), (285.1, 308.0), (300.0, 308.0), (314.9, 308.0), (320.5, 308.0), (320.5, 308.0), (320.5, 308.0), (320.5, 308.0), (320.5, 308.0), (329.9, 308.0), (342.9, 308.0), (357.9, 308.0), (365.3, 308.0), (365.3, 308.0), (365.3, 308.0), (365.3, 308.0), (365.3, 308.0), (365.3, 308.0), (365.3, 308.0), (365.3, 308.0), (365.3, 308.0), (365.3, 308.0), (365.3, 308.0), (365.3, 308.0), (365.3, 308.0), (365.3, 308.0), (365.3, 308.0), (365.3, 308.0), (365.3, 308.0), (365.3, 308.0), (365.3, 308.0), (365.3, 308.0), (365.3, 308.0), (365.3, 308.0), (370.9, 308.0), (385.9, 300.5), (400.8, 300.5), (415.7, 302.4), (417.6, 300.5), (428.8, 298.7), (436.3, 287.5), (436.3, 287.5), (436.3, 287.5), (436.3, 287.5), (436.3, 287.5), (436.3, 287.5), (436.3, 287.5), (436.3, 287.5), (436.3, 287.5), (436.3, 287.5), (436.3, 287.5), (436.3, 287.5), (436.3, 287.5), (436.3, 287.5), (436.3, 287.5), (436.3, 287.5), (436.3, 287.5), (436.3, 287.5), (436.3, 287.5), (436.3, 287.5), (436.3, 287.5), (436.3, 287.5), (436.3, 287.5), (436.3, 287.5), (436.3, 287.5), (436.3, 287.5), (436.3, 287.5), (436.3, 287.5), (436.3, 287.5)]",1,0,12.0
experienced,bomberman,8,Bomb,8,0,29.4,1.0,"[(48.0, 112.0), (62.9, 115.7), (77.9, 115.7), (98.4, 115.7), (113.3, 121.3), (109.6, 136.3), (109.6, 153.1), (115.2, 171.7), (128.3, 179.2), (143.2, 179.2), (165.6, 179.2), (180.5, 188.5), (173.1, 203.5), (173.1, 224.0), (182.4, 238.9), (197.3, 244.5), (214.1, 244.5), (234.7, 244.5), (242.1, 259.5), (236.5, 274.4), (242.1, 296.8), (255.2, 308.0), (270.1, 308.0), (285.1, 308.0), (300.0, 308.0), (314.9, 308.0), (320.5, 308.0), (326.1, 308.0), (328.0, 308.0), (331.7, 308.0), (335.5, 308.0), (346.7, 308.0), (361.6, 308.0), (365.3, 308.0), (365.3, 308.0), (365.3, 308.0), (365.3, 308.0), (365.3, 308.0), (365.3, 308.0), (365.3, 308.0), (365.3, 308.0), (365.3, 308.0), (365.3, 308.0), (365.3, 308.0), (365.3, 308.0), (365.3, 308.0), (365.3, 308.0), (365.3, 308.0), (365.3, 308.0), (365.3, 308.0), (365.3, 308.0), (365.3, 308.0), (365.3, 308.0), (365.3, 308.0), (365.3, 308.0), (365.3, 308.0), (365.3, 308.0), (370.9, 308.0), (382.1, 304.3), (397.1, 300.5), (400.8, 300.5), (423.2, 300.5), (428.8, 308.0), (428.8, 308.0), (428.8, 308.0), (428.8, 308.0), (428.8, 308.0), (428.8, 308.0), (428.8, 308.0), (428.8, 308.0), (428.8, 308.0), (428.8, 308.0), (428.8, 308.0), (428.8, 308.0), (428.8, 308.0), (428.8, 308.0), (428.8, 308.0), (428.8, 308.0), (428.8, 308.0), (428.8, 308.0), (428.8, 308.0), (428.8, 308.0), (428.8, 308.0), (428.8, 308.0), (428.8, 308.0), (428.8, 308.0), (428.8, 308.0), (428.8, 308.0), (428.8, 308.0), (428.8, 308.0), (428.8, 308.0)]",1,0,12.0
experienced,bomberman,8,Bomb,44,0,29.36,1.0,"[(48.0, 112.0), (62.9, 115.7), (77.9, 115.7), (98.4, 115.7), (113.3, 121.3), (109.6, 136.3), (109.6, 153.1), (115.2, 171.7), (128.3, 179.2), (143.2, 179.2), (165.6, 179.2), (180.5, 188.5), (173.1, 203.5), (173.1, 224.0), (182.4, 238.9), (197.3, 244.5), (214.1, 244.5), (234.7, 244.5), (242.1, 259.5), (236.5, 274.4), (242.1, 296.8), (255.2, 308.0), (270.1, 308.0), (285.1, 308.0), (300.0, 308.0), (314.9, 308.0), (320.5, 308.0), (320.5, 308.0), (320.5, 308.0), (320.5, 308.0), (320.5, 308.0), (329.9, 308.0), (342.9, 308.0), (357.9, 308.0), (365.3, 308.0), (365.3, 308.0), (365.3, 308.0), (365.3, 308.0), (365.3, 308.0), (365.3, 308.0), (365.3, 308.0), (365.3, 308.0), (365.3, 308.0), (365.3, 308.0), (365.3, 308.0), (365.3, 308.0), (365.3, 308.0), (365.3, 308.0), (365.3, 308.0), (365.3, 308.0), (365.3, 308.0), (365.3, 308.0), (365.3, 308.0), (365.3, 308.0), (365.3, 308.0), (365.3, 308.0), (376.5, 304.3), (384.0, 300.5), (384.0, 300.5), (384.0, 300.5), (384.0, 300.5), (398.9, 300.5), (421.3, 300.5), (428.8, 306.1), (428.8, 308.0), (428.8, 308.0), (428.8, 308.0), (428.8, 308.0), (428.8, 308.0), (428.8, 308.0), (428.8, 308.0), (428.8, 308.0), (428.8, 308.0), (428.8, 308.0), (428.8, 308.0), (428.8, 308.0), (428.8, 308.0), (428.8, 308.0), (428.8, 308.0), (428.8, 308.0), (428.8, 308.0), (428.8, 308.0), (428.8, 308.0), (428.8, 306.1), (428.8, 291.2), (428.8, 287.5), (428.8, 287.5), (428.8, 287.5), (428.8, 287.5), (428.8, 287.5), (428.8, 287.5)]",1,0,12.02
experienced,bomberman,8,Bomb,60,0,30.02,1.0,"[(48.0, 112.0), (62.9, 115.7), (77.9, 115.7), (98.4, 115.7), (113.3, 121.3), (115.2, 136.3), (115.2, 153.1), (115.2, 171.7), (128.3, 179.2), (143.2, 179.2), (165.6, 179.2), (180.5, 188.5), (173.1, 203.5), (173.1, 224.0), (182.4, 238.9), (197.3, 244.5), (214.1, 244.5), (234.7, 244.5), (242.1, 259.5), (236.5, 274.4), (242.1, 296.8), (255.2, 308.0), (270.1, 308.0), (285.1, 308.0), (300.0, 308.0), (314.9, 308.0), (320.5, 308.0), (320.5, 308.0), (320.5, 308.0), (322.4, 308.0), (328.0, 308.0), (337.3, 308.0), (352.3, 308.0), (365.3, 308.0), (365.3, 308.0), (365.3, 308.0), (365.3, 308.0), (365.3, 308.0), (365.3, 308.0), (365.3, 308.0), (365.3, 308.0), (365.3, 308.0), (365.3, 308.0), (365.3, 308.0), (365.3, 308.0), (365.3, 308.0), (365.3, 308.0), (365.3, 308.0), (367.2, 308.0), (370.9, 308.0), (382.1, 308.0), (397.1, 300.5), (419.5, 302.4), (430.7, 308.0), (430.7, 308.0), (430.7, 308.0), (430.7, 308.0), (430.7, 308.0), (430.7, 308.0), (430.7, 308.0), (430.7, 308.0), (436.3, 308.0), (436.3, 308.0), (436.3, 308.0), (436.3, 308.0), (436.3, 294.9), (436.3, 287.5), (436.3, 287.5), (436.3, 287.5), (436.3, 287.5), (436.3, 287.5), (436.3, 287.5), (436.3, 287.5), (436.3, 287.5), (436.3, 287.5), (436.3, 287.5), (436.3, 287.5), (436.3, 287.5), (436.3, 287.5), (436.3, 287.5), (436.3, 287.5), (436.3, 287.5), (436.3, 287.5), (436.3, 287.5), (436.3, 287.5), (436.3, 287.5), (436.3, 287.5), (436.3, 287.5), (436.3, 287.5), (436.3, 287.5), (436.3, 287.5)]",1,0,12.0
experienced,bomberman,8,Bomb,16,0,29.4,1.0,"[(48.0, 112.0), (62.9, 115.7), (77.9, 115.7), (98.4, 115.7), (113.3, 121.3), (109.6, 136.3), (109.6, 153.1), (115.2, 171.7), (128.3, 179.2), (143.2, 179.2), (165.6, 179.2), (180.5, 188.5), (173.1, 203.5), (173.1, 224.0), (182.4, 238.9), (197.3, 244.5), (214.1, 244.5), (234.7, 244.5), (242.1, 259.5), (236.5, 274.4), (242.1, 296.8), (255.2, 308.0), (270.1, 308.0), (281.3, 308.0), (285.1, 308.0), (294.4, 308.0), (309.3, 308.0), (316.8, 308.0), (320.5, 308.0), (320.5, 308.0), (320.5, 308.0), (320.5, 308.0), (335.5, 308.0), (350.4, 308.0), (350.4, 308.0), (350.4, 308.0), (350.4, 308.0), (357.9, 308.0), (361.6, 308.0), (365.3, 308.0), (365.3, 308.0), (365.3, 308.0), (365.3, 308.0), (365.3, 308.0), (365.3, 308.0), (365.3, 308.0), (365.3, 308.0), (365.3, 308.0), (365.3, 308.0), (365.3, 308.0), (365.3, 308.0), (365.3, 308.0), (365.3, 308.0), (365.3, 308.0), (365.3, 308.0), (365.3, 308.0), (365.3, 308.0), (365.3, 308.0), (369.1, 308.0), (384.0, 300.5), (398.9, 300.5), (421.3, 300.5), (428.8, 306.1), (428.8, 308.0), (428.8, 308.0), (428.8, 308.0), (428.8, 308.0), (428.8, 308.0), (428.8, 308.0), (428.8, 308.0), (428.8, 308.0), (428.8, 308.0), (428.8, 308.0), (428.8, 308.0), (428.8, 308.0), (428.8, 308.0), (428.8, 308.0), (428.8, 308.0), (428.8, 308.0), (428.8, 308.0), (428.8, 308.0), (428.8, 308.0), (428.8, 308.0), (428.8, 308.0), (428.8, 308.0), (428.8, 308.0), (428.8, 308.0), (428.8, 308.0), (428.8, 308.0), (428.8, 308.0), (428.8, 304.3)]",1,0,12.0
experienced,bomberman,8,Bomb,16,0,29.4,1.0,"[(48.0, 112.0), (62.9, 115.7), (77.9, 115.7), (98.4, 115.7), (113.3, 121.3), (109.6, 136.3), (109.6, 153.1), (115.2, 171.7), (128.3, 179.2), (143.2, 179.2), (165.6, 179.2), (180.5, 188.5), (173.1, 203.5), (173.1, 224.0), (182.4, 238.9), (197.3, 244.5), (214.1, 244.5), (234.7, 244.5), (242.1, 259.5), (236.5, 274.4), (242.1, 296.8), (255.2, 308.0), (270.1, 308.0), (281.3, 308.0), (285.1, 308.0), (294.4, 308.0), (309.3, 308.0), (316.8, 308.0), (320.5, 308.0), (320.5, 308.0), (320.5, 308.0), (320.5, 308.0), (335.5, 308.0), (350.4, 308.0), (350.4, 308.0), (350.4, 308.0), (350.4, 308.0), (357.9, 308.0), (361.6, 308.0), (365.3, 308.0), (365.3, 308.0), (365.3, 308.0), (365.3, 308.0), (365.3, 308.0), (365.3, 308.0), (365.3, 308.0), (365.3, 308.0), (365.3, 308.0), (365.3, 308.0), (365.3, 308.0), (365.3, 308.0), (365.3, 308.0), (365.3, 308.0), (365.3, 308.0), (365.3, 308.0), (365.3, 308.0), (365.3, 308.0), (365.3, 308.0), (369.1, 308.0), (384.0, 300.5), (398.9, 300.5), (421.3, 300.5), (428.8, 306.1), (428.8, 308.0), (428.8, 308.0), (428.8, 308.0), (428.8, 308.0), (428.8, 308.0), (428.8, 308.0), (428.8, 308.0), (428.8, 308.0), (428.8, 308.0), (428.8, 308.0), (428.8, 308.0), (428.8, 308.0), (428.8, 308.0), (428.8, 308.0), (428.8, 308.0), (428.8, 308.0), (428.8, 308.0), (428.8, 308.0), (428.8, 308.0), (428.8, 308.0), (428.8, 308.0), (428.8, 308.0), (428.8, 308.0), (428.8, 308.0), (428.8, 308.0), (428.8, 308.0), (428.8, 308.0), (428.8, 304.3)]",1,0,12.0
experienced,bomberman,8,Bomb,60,0,30.02,1.0,"[(48.0, 112.0), (62.9, 115.7), (77.9, 115.7), (98.4, 115.7), (113.3, 121.3), (115.2, 136.3), (115.2, 153.1), (115.2, 171.7), (128.3, 179.2), (143.2, 179.2), (165.6, 179.2), (180.5, 188.5), (173.1, 203.5), (173.1, 224.0), (182.4, 238.9), (197.3, 244.5), (214.1, 244.5), (234.7, 244.5), (242.1, 259.5), (236.5, 274.4), (242.1, 296.8), (255.2, 308.0), (270.1, 308.0), (285.1, 308.0), (300.0, 308.0), (314.9, 308.0), (320.5, 308.0), (320.5, 308.0), (320.5, 308.0), (322.4, 308.0), (328.0, 308.0), (337.3, 308.0), (352.3, 308.0), (365.3, 308.0), (365.3, 308.0), (365.3, 308.0), (365.3, 308.0), (365.3, 308.0), (365.3, 308.0), (365.3, 308.0), (365.3, 308.0), (365.3, 308.0), (365.3, 308.0), (365.3, 308.0), (365.3, 308.0), (365.3, 308.0), (365.3, 308.0), (365.3, 308.0), (367.2, 308.0), (370.9, 308.0), (382.1, 308.0), (397.1, 300.5), (419.5, 302.4), (430.7, 308.0), (430.7, 308.0), (430.7, 308.0), (430.7, 308.0), (430.7, 308.0), (430.7, 308.0), (430.7, 308.0), (430.7, 308.0), (436.3, 308.0), (436.3, 308.0), (436.3, 308.0), (436.3, 308.0), (436.3, 294.9), (436.3, 287.5), (436.3, 287.5), (436.3, 287.5), (436.3, 287.5), (436.3, 287.5), (436.3, 287.5), (436.3, 287.5), (436.3, 287.5), (436.3, 287.5), (436.3, 287.5), (436.3, 287.5), (436.3, 287.5), (436.3, 287.5), (436.3, 287.5), (436.3, 287.5), (436.3, 287.5), (436.3, 287.5), (436.3, 287.5), (436.3, 287.5), (436.3, 287.5), (436.3, 287.5), (436.3, 287.5), (436.3, 287.5), (436.3, 287.5), (436.3, 287.5)]",1,0,12.0
experienced,bomberman,8,Bomb,44,0,29.36,1.0,"[(48.0, 112.0), (62.9, 115.7), (77.9, 115.7), (98.4, 115.7), (113.3, 121.3), (109.6, 136.3), (109.6, 153.1), (115.2, 171.7), (128.3, 179.2), (143.2, 179.2), (165.6, 179.2), (180.5, 188.5), (173.1, 203.5), (173.1, 224.0), (182.4, 238.9), (197.3, 244.5), (214.1, 244.5), (234.7, 244.5), (242.1, 259.5), (236.5, 274.4), (242.1, 296.8), (255.2, 308.0), (270.1, 308.0), (285.1, 308.0), (300.0, 308.0), (314.9, 308.0), (320.5, 308.0), (320.5, 308.0), (320.5, 308.0), (320.5, 308.0), (320.5, 308.0), (329.9, 308.0), (342.9, 308.0), (357.9, 308.0), (365.3, 308.0), (365.3, 308.0), (365.3, 308.0), (365.3, 308.0), (365.3, 308.0), (365.3, 308.0), (365.3, 308.0), (365.3, 308.0), (365.3, 308.0), (365.3, 308.0), (365.3, 308.0), (365.3, 308.0), (365.3, 308.0), (365.3, 308.0), (365.3, 308.0), (365.3, 308.0), (365.3, 308.0), (365.3, 308.0), (365.3, 308.0), (365.3, 308.0), (365.3, 308.0), (365.3, 308.0), (376.5, 304.3), (384.0, 300.5), (384.0, 300.5), (384.0, 300.5), (384.0, 300.5), (398.9, 300.5), (421.3, 300.5), (428.8, 306.1), (428.8, 308.0), (428.8, 308.0), (428.8, 308.0), (428.8, 308.0), (428.8, 308.0), (428.8, 308.0), (428.8, 308.0), (428.8, 308.0), (428.8, 308.0), (428.8, 308.0), (428.8, 308.0), (428.8, 308.0), (428.8, 308.0), (428.8, 308.0), (428.8, 308.0), (428.8, 308.0), (428.8, 308.0), (428.8, 308.0), (428.8, 308.0), (428.8, 306.1), (428.8, 291.2), (428.8, 287.5), (428.8, 287.5), (428.8, 287.5), (428.8, 287.5), (428.8, 287.5), (428.8, 287.5)]",1,0,12.02
experienced,bomberman,8,Bomb,8,0,29.4,1.0,"[(48.0, 112.0), (62.9, 115.7), (77.9, 115.7), (98.4, 115.7), (113.3, 121.3), (109.6, 136.3), (109.6, 153.1), (115.2, 171.7), (128.3, 179.2), (143.2, 179.2), (165.6, 179.2), (180.5, 188.5), (173.1, 203.5), (173.1, 224.0), (182.4, 238.9), (197.3, 244.5), (214.1, 244.5), (234.7, 244.5), (242.1, 259.5), (236.5, 274.4), (242.1, 296.8), (255.2, 308.0), (270.1, 308.0), (285.1, 308.0), (300.0, 308.0), (314.9, 308.0), (320.5, 308.0), (326.1, 308.0), (328.0, 308.0), (331.7, 308.0), (335.5, 308.0), (346.7, 308.0), (361.6, 308.0), (365.3, 308.0), (365.3, 308.0), (365.3, 308.0), (365.3, 308.0), (365.3, 308.0), (365.3, 308.0), (365.3, 308.0), (365.3, 308.0), (365.3, 308.0), (365.3, 308.0), (365.3, 308.0), (365.3, 308.0), (365.3, 308.0), (365.3, 308.0), (365.3, 308.0), (365.3, 308.0), (365.3, 308.0), (365.3, 308.0), (365.3, 308.0), (365.3, 308.0), (365.3, 308.0), (365.3, 308.0), (365.3, 308.0), (365.3, 308.0), (370.9, 308.0), (382.1, 304.3), (397.1, 300.5), (400.8, 300.5), (423.2, 300.5), (428.8, 308.0), (428.8, 308.0), (428.8, 308.0), (428.8, 308.0), (428.8, 308.0), (428.8, 308.0), (428.8, 308.0), (428.8, 308.0), (428.8, 308.0), (428.8, 308.0), (428.8, 308.0), (428.8, 308.0), (428.8, 308.0), (428.8, 308.0), (428.8, 308.0), (428.8, 308.0), (428.8, 308.0), (428.8, 308.0), (428.8, 308.0), (428.8, 308.0), (428.8, 308.0), (428.8, 308.0), (428.8, 308.0), (428.8, 308.0), (428.8, 308.0), (428.8, 308.0), (428.8, 308.0), (428.8, 308.0), (428.8, 308.0)]",1,0,12.0
experienced,bomberman,8,Bomb,60,0,30.33,1.0,"[(48.0, 112.0), (62.9, 115.7), (77.9, 115.7), (98.4, 115.7), (113.3, 121.3), (109.6, 136.3), (109.6, 153.1), (115.2, 171.7), (128.3, 179.2), (143.2, 179.2), (165.6, 179.2), (180.5, 188.5), (173.1, 203.5), (173.1, 224.0), (182.4, 238.9), (197.3, 244.5), (214.1, 244.5), (234.7, 244.5), (242.1, 259.5), (236.5, 274.4), (242.1, 296.8), (255.2, 308.0), (270.1, 308.0), (285.1, 308.0), (300.0, 308.0), (314.9, 308.0), (320.5, 308.0), (320.5, 308.0), (320.5, 308.0), (320.5, 308.0), (320.5, 308.0), (329.9, 308.0), (342.9, 308.0), (357.9, 308.0), (365.3, 308.0), (365.3, 308.0), (365.3, 308.0), (365.3, 308.0), (365.3, 308.0), (365.3, 308.0), (365.3, 308.0), (365.3, 308.0), (365.3, 308.0), (365.3, 308.0), (365.3, 308.0), (365.3, 308.0), (365.3, 308.0), (365.3, 308.0), (365.3, 308.0), (365.3, 308.0), (365.3, 308.0), (365.3, 308.0), (365.3, 308.0), (365.3, 308.0), (365.3, 308.0), (365.3, 308.0), (370.9, 308.0), (385.9, 300.5), (400.8, 300.5), (415.7, 302.4), (417.6, 300.5), (428.8, 298.7), (436.3, 287.5), (436.3, 287.5), (436.3, 287.5), (436.3, 287.5), (436.3, 287.5), (436.3, 287.5), (436.3, 287.5), (436.3, 287.5), (436.3, 287.5), (436.3, 287.5), (436.3, 287.5), (436.3, 287.5), (436.3, 287.5), (436.3, 287.5), (436.3, 287.5), (436.3, 287.5), (436.3, 287.5), (436.3, 287.5), (436.3, 287.5), (436.3, 287.5), (436.3, 287.5), (436.3, 287.5), (436.3, 287.5), (436.3, 287.5), (436.3, 287.5), (436.3, 287.5), (436.3, 287.5), (436.3, 287.5), (436.3, 287.5)]",1,0,12.0
experienced,bomberman,8,Bomb,16,0,29.4,1.0,"[(48.0, 112.0), (62.9, 115.7), (77.9, 115.7), (98.4, 115.7), (113.3, 121.3), (109.6, 136.3), (109.6, 153.1), (115.2, 171.7), (128.3, 179.2), (143.2, 179.2), (165.6, 179.2), (180.5, 188.5), (173.1, 203.5), (173.1, 224.0), (182.4, 238.9), (197.3, 244.5), (214.1, 244.5), (234.7, 244.5), (242.1, 259.5), (236.5, 274.4), (242.1, 296.8), (255.2, 308.0), (270.1, 308.0), (277.6, 308.0), (281.3, 308.0), (285.1, 308.0), (294.4, 308.0), (309.3, 308.0), (320.5, 308.0), (320.5, 308.0), (320.5, 308.0), (320.5, 308.0), (328.0, 308.0), (341.1, 308.0), (352.3, 308.0), (365.3, 308.0), (365.3, 308.0), (365.3, 308.0), (365.3, 308.0), (365.3, 308.0), (365.3, 308.0), (365.3, 308.0), (365.3, 308.0), (365.3, 308.0), (365.3, 308.0), (365.3, 308.0), (365.3, 308.0), (365.3, 308.0), (365.3, 308.0), (365.3, 308.0), (365.3, 308.0), (365.3, 308.0), (365.3, 308.0), (365.3, 308.0), (365.3, 308.0), (365.3, 308.0), (365.3, 308.0), (376.5, 308.0), (384.0, 300.5), (384.0, 300.5), (384.0, 300.5), (398.9, 300.5), (421.3, 300.5), (428.8, 306.1), (428.8, 308.0), (428.8, 308.0), (428.8, 308.0), (428.8, 308.0), (428.8, 308.0), (428.8, 308.0), (428.8, 308.0), (428.8, 308.0), (428.8, 308.0), (428.8, 308.0), (428.8, 308.0), (428.8, 308.0), (428.8, 308.0), (428.8, 308.0), (428.8, 308.0), (428.8, 308.0), (428.8, 308.0), (428.8, 308.0), (428.8, 308.0), (428.8, 308.0), (428.8, 308.0), (428.8, 308.0), (428.8, 308.0), (428.8, 308.0), (428.8, 308.0), (428.8, 308.0), (428.8, 308.0)]",1,0,12.0
experienced,bomberman,8,Bomb,9,0,37.1,0.889,"[(48.0, 112.0), (62.9, 115.7), (77.9, 115.7), (98.4, 115.7), (113.3, 121.3), (109.6, 136.3), (109.6, 153.1), (115.2, 171.7), (128.3, 179.2), (143.2, 179.2), (165.6, 179.2), (180.5, 188.5), (173.1, 203.5), (173.1, 224.0), (182.4, 238.9), (197.3, 244.5), (214.1, 244.5), (234.7, 244.5), (242.1, 259.5), (236.5, 274.4), (242.1, 296.8), (255.2, 308.0), (262.7, 308.0), (268.3, 308.0), (273.9, 308.0), (279.5, 308.0), (283.2, 308.0), (288.8, 308.0), (303.7, 308.0), (318.7, 308.0), (320.5, 308.0), (320.5, 308.0), (331.7, 308.0), (346.7, 308.0), (361.6, 308.0), (365.3, 308.0), (365.3, 308.0), (365.3, 308.0), (365.3, 308.0), (365.3, 308.0), (365.3, 308.0), (365.3, 308.0), (365.3, 308.0), (365.3, 308.0), (365.3, 308.0), (365.3, 308.0), (365.3, 308.0), (365.3, 308.0), (365.3, 308.0), (365.3, 308.0), (365.3, 308.0), (365.3, 308.0), (365.3, 308.0), (365.3, 308.0), (365.3, 308.0), (365.3, 308.0), (365.3, 308.0), (365.3, 308.0), (365.3, 304.3), (365.3, 294.9), (365.3, 294.9)]",1,0,8.0
experienced,bomberman,8,Enemy,31,0,33.24,1.0,"[(48.0, 112.0), (62.9, 115.7), (77.9, 115.7), (98.4, 115.7), (113.3, 121.3), (109.6, 136.3), (109.6, 153.1), (115.2, 171.7), (128.3, 179.2), (143.2, 179.2), (165.6, 179.2), (180.5, 188.5), (173.1, 203.5), (173.1, 224.0), (182.4, 238.9), (197.3, 244.5), (214.1, 244.5), (234.7, 244.5), (242.1, 259.5), (236.5, 274.4), (242.1, 296.8), (255.2, 308.0), (270.1, 308.0), (285.1, 308.0), (300.0, 308.0), (314.9, 308.0), (320.5, 308.0), (324.3, 308.0), (328.0, 308.0), (331.7, 308.0), (335.5, 308.0), (335.5, 308.0), (335.5, 308.0), (335.5, 308.0), (335.5, 308.0), (335.5, 308.0), (335.5, 308.0), (335.5, 308.0), (335.5, 308.0), (335.5, 308.0), (335.5, 308.0), (335.5, 308.0), (335.5, 308.0), (335.5, 308.0), (335.5, 308.0), (335.5, 308.0), (335.5, 308.0), (335.5, 308.0), (335.5, 308.0), (337.3, 308.0), (341.1, 308.0), (344.8, 308.0), (348.5, 308.0), (354.1, 306.1), (369.1, 308.0), (384.0, 300.5), (397.1, 300.5), (398.9, 300.5), (398.9, 300.5), (400.8, 300.5), (400.8, 300.5), (400.8, 300.5), (402.7, 300.5), (410.1, 300.5), (425.1, 300.5), (436.3, 287.5), (436.3, 287.5), (436.3, 287.5), (436.3, 287.5), (436.3, 287.5), (436.3, 287.5), (436.3, 287.5), (436.3, 287.5), (436.3, 287.5), (436.3, 287.5), (436.3, 287.5), (436.3, 287.5), (436.3, 287.5), (430.7, 287.5), (428.8, 289.3), (428.8, 287.5)]",0,0,10.78
experienced,bomberman,8,Bomb,16,0,29.56,1.0,"[(48.0, 112.0), (62.9, 115.7), (77.9, 115.7), (98.4, 115.7), (113.3, 121.3), (109.6, 136.3), (109.6, 153.1), (115.2, 171.7), (128.3, 179.2), (143.2, 179.2), (165.6, 179.2), (180.5, 188.5), (173.1, 203.5), (173.1, 224.0), (182.4, 238.9), (197.3, 244.5), (214.1, 244.5), (234.7, 244.5), (242.1, 259.5), (236.5, 274.4), (242.1, 296.8), (255.2, 308.0), (270.1, 308.0), (285.1, 308.0), (300.0, 308.0), (314.9, 308.0), (320.5, 308.0), (320.5, 308.0), (320.5, 308.0), (320.5, 308.0), (324.3, 308.0), (335.5, 308.0), (348.5, 308.0), (359.7, 308.0), (363.5, 308.0), (365.3, 308.0), (365.3, 308.0), (365.3, 308.0), (365.3, 308.0), (365.3, 308.0), (365.3, 308.0), (365.3, 308.0), (365.3, 308.0), (365.3, 308.0), (365.3, 308.0), (365.3, 308.0), (365.3, 308.0), (365.3, 308.0), (365.3, 308.0), (365.3, 308.0), (365.3, 308.0), (365.3, 308.0), (365.3, 308.0), (365.3, 308.0), (365.3, 308.0), (365.3, 308.0), (365.3, 308.0), (365.3, 308.0), (369.1, 304.3), (384.0, 300.5), (393.3, 300.5), (413.9, 300.5), (428.8, 300.5), (428.8, 308.0), (428.8, 308.0), (428.8, 308.0), (428.8, 308.0), (428.8, 308.0), (428.8, 308.0), (428.8, 308.0), (428.8, 308.0), (428.8, 308.0), (428.8, 308.0), (428.8, 308.0), (428.8, 308.0), (428.8, 308.0), (428.8, 308.0), (428.8, 308.0), (428.8, 308.0), (428.8, 308.0), (428.8, 308.0), (428.8, 308.0), (428.8, 308.0), (428.8, 308.0), (428.8, 308.0), (428.8, 308.0), (428.8, 308.0), (428.8, 306.1), (428.8, 296.8), (428.8, 289.3), (428.8, 289.3)]",1,0,12.0
experienced,bomberman,8,Bomb,7,0,38.03,0.889,"[(48.0, 112.0), (62.9, 115.7), (77.9, 115.7), (98.4, 115.7), (113.3, 121.3), (109.6, 136.3), (109.6, 153.1), (115.2, 171.7), (128.3, 179.2), (143.2, 179.2), (165.6, 179.2), (180.5, 188.5), (173.1, 203.5), (173.1, 224.0), (182.4, 238.9), (197.3, 244.5), (214.1, 244.5), (234.7, 244.5), (242.1, 259.5), (236.5, 274.4), (242.1, 296.8), (255.2, 308.0), (270.1, 308.0), (285.1, 308.0), (300.0, 308.0), (314.9, 308.0), (318.7, 308.0), (318.7, 308.0), (322.4, 308.0), (326.1, 308.0), (329.9, 308.0), (342.9, 308.0), (350.4, 308.0), (350.4, 308.0), (354.1, 308.0), (361.6, 308.0), (365.3, 308.0), (365.3, 308.0), (365.3, 308.0), (365.3, 308.0), (365.3, 308.0), (365.3, 308.0), (365.3, 308.0), (365.3, 308.0), (365.3, 308.0), (365.3, 308.0), (365.3, 308.0), (365.3, 308.0), (365.3, 308.0), (365.3, 308.0), (365.3, 308.0), (365.3, 308.0), (365.3, 308.0), (365.3, 308.0), (365.3, 308.0), (365.3, 308.0), (365.3, 308.0), (365.3, 308.0), (369.1, 308.0), (372.8, 308.0), (372.8, 308.0)]",1,0,8.0
experienced,bomberman,8,Bomb,16,0,29.56,1.0,"[(48.0, 112.0), (62.9, 115.7), (77.9, 115.7), (98.4, 115.7), (113.3, 121.3), (109.6, 136.3), (109.6, 153.1), (115.2, 171.7), (128.3, 179.2), (143.2, 179.2), (165.6, 179.2), (180.5, 188.5), (173.1, 203.5), (173.1, 224.0), (182.4, 238.9), (197.3, 244.5), (214.1, 244.5), (234.7, 244.5), (242.1, 259.5), (236.5, 274.4), (242.1, 296.8), (255.2, 308.0), (270.1, 308.0), (285.1, 308.0), (300.0, 308.0), (314.9, 308.0), (320.5, 308.0), (320.5, 308.0), (320.5, 308.0), (320.5, 308.0), (324.3, 308.0), (335.5, 308.0), (348.5, 308.0), (359.7, 308.0), (363.5, 308.0), (365.3, 308.0), (365.3, 308.0), (365.3, 308.0), (365.3, 308.0), (365.3, 308.0), (365.3, 308.0), (365.3, 308.0), (365.3, 308.0), (365.3, 308.0), (365.3, 308.0), (365.3, 308.0), (365.3, 308.0), (365.3, 308.0), (365.3, 308.0), (365.3, 308.0), (365.3, 308.0), (365.3, 308.0), (365.3, 308.0), (365.3, 308.0), (365.3, 308.0), (365.3, 308.0), (365.3, 308.0), (365.3, 308.0), (369.1, 304.3), (384.0, 300.5), (393.3, 300.5), (413.9, 300.5), (428.8, 300.5), (428.8, 308.0), (428.8, 308.0), (428.8, 308.0), (428.8, 308.0), (428.8, 308.0), (428.8, 308.0), (428.8, 308.0), (428.8, 308.0), (428.8, 308.0), (428.8, 308.0), (428.8, 308.0), (428.8, 308.0), (428.8, 308.0), (428.8, 308.0), (428.8, 308.0), (428.8, 308.0), (428.8, 308.0), (428.8, 308.0), (428.8, 308.0), (428.8, 308.0), (428.8, 308.0), (428.8, 308.0), (428.8, 308.0), (428.8, 308.0), (428.8, 306.1), (428.8, 296.8), (428.8, 289.3), (428.8, 289.3)]",1,0,12.0
experienced,bomberman,8,Bomb,16,0,29.4,1.0,"[(48.0, 112.0), (62.9, 115.7), (77.9, 115.7), (98.4, 115.7), (113.3, 121.3), (109.6, 136.3), (109.6, 153.1), (115.2, 171.7), (128.3, 179.2), (143.2, 179.2), (165.6, 179.2), (180.5, 188.5), (173.1, 203.5), (173.1, 224.0), (182.4, 238.9), (197.3, 244.5), (214.1, 244.5), (234.7, 244.5), (242.1, 259.5), (236.5, 274.4), (242.1, 296.8), (255.2, 308.0), (270.1, 308.0), (277.6, 308.0), (281.3, 308.0), (285.1, 308.0), (294.4, 308.0), (309.3, 308.0), (320.5, 308.0), (320.5, 308.0), (320.5, 308.0), (320.5, 308.0), (328.0, 308.0), (341.1, 308.0), (352.3, 308.0), (365.3, 308.0), (365.3, 308.0), (365.3, 308.0), (365.3, 308.0), (365.3, 308.0), (365.3, 308.0), (365.3, 308.0), (365.3, 308.0), (365.3, 308.0), (365.3, 308.0), (365.3, 308.0), (365.3, 308.0), (365.3, 308.0), (365.3, 308.0), (365.3, 308.0), (365.3, 308.0), (365.3, 308.0), (365.3, 308.0), (365.3, 308.0), (365.3, 308.0), (365.3, 308.0), (365.3, 308.0), (376.5, 308.0), (384.0, 300.5), (384.0, 300.5), (384.0, 300.5), (398.9, 300.5), (421.3, 300.5), (428.8, 306.1), (428.8, 308.0), (428.8, 308.0), (428.8, 308.0), (428.8, 308.0), (428.8, 308.0), (428.8, 308.0), (428.8, 308.0), (428.8, 308.0), (428.8, 308.0), (428.8, 308.0), (428.8, 308.0), (428.8, 308.0), (428.8, 308.0), (428.8, 308.0), (428.8, 308.0), (428.8, 308.0), (428.8, 308.0), (428.8, 308.0), (428.8, 308.0), (428.8, 308.0), (428.8, 308.0), (428.8, 308.0), (428.8, 308.0), (428.8, 308.0), (428.8, 308.0), (428.8, 308.0), (428.8, 308.0)]",1,0,12.0
experienced,bomberman,8,Bomb,60,0,30.33,1.0,"[(48.0, 112.0), (62.9, 115.7), (77.9, 115.7), (98.4, 115.7), (113.3, 121.3), (109.6, 136.3), (109.6, 153.1), (115.2, 171.7), (128.3, 179.2), (143.2, 179.2), (165.6, 179.2), (180.5, 188.5), (173.1, 203.5), (173.1, 224.0), (182.4, 238.9), (197.3, 244.5), (214.1, 244.5), (234.7, 244.5), (242.1, 259.5), (236.5, 274.4), (242.1, 296.8), (255.2, 308.0), (270.1, 308.0), (285.1, 308.0), (300.0, 308.0), (314.9, 308.0), (320.5, 308.0), (320.5, 308.0), (320.5, 308.0), (320.5, 308.0), (320.5, 308.0), (329.9, 308.0), (342.9, 308.0), (357.9, 308.0), (365.3, 308.0), (365.3, 308.0), (365.3, 308.0), (365.3, 308.0), (365.3, 308.0), (365.3, 308.0), (365.3, 308.0), (365.3, 308.0), (365.3, 308.0), (365.3, 308.0), (365.3, 308.0), (365.3, 308.0), (365.3, 308.0), (365.3, 308.0), (365.3, 308.0), (365.3, 308.0), (365.3, 308.0), (365.3, 308.0), (365.3, 308.0), (365.3, 308.0), (365.3, 308.0), (365.3, 308.0), (370.9, 308.0), (385.9, 300.5), (400.8, 300.5), (415.7, 302.4), (417.6, 300.5), (428.8, 298.7), (436.3, 287.5), (436.3, 287.5), (436.3, 287.5), (436.3, 287.5), (436.3, 287.5), (436.3, 287.5), (436.3, 287.5), (436.3, 287.5), (436.3, 287.5), (436.3, 287.5), (436.3, 287.5), (436.3, 287.5), (436.3, 287.5), (436.3, 287.5), (436.3, 287.5), (436.3, 287.5), (436.3, 287.5), (436.3, 287.5), (436.3, 287.5), (436.3, 287.5), (436.3, 287.5), (436.3, 287.5), (436.3, 287.5), (436.3, 287.5), (436.3, 287.5), (436.3, 287.5), (436.3, 287.5), (436.3, 287.5), (436.3, 287.5)]",1,0,12.0
experienced,bomberman,8,Bomb,8,0,29.4,1.0,"[(48.0, 112.0), (62.9, 115.7), (77.9, 115.7), (98.4, 115.7), (113.3, 121.3), (109.6, 136.3), (109.6, 153.1), (115.2, 171.7), (128.3, 179.2), (143.2, 179.2), (165.6, 179.2), (180.5, 188.5), (173.1, 203.5), (173.1, 224.0), (182.4, 238.9), (197.3, 244.5), (214.1, 244.5), (234.7, 244.5), (242.1, 259.5), (236.5, 274.4), (242.1, 296.8), (255.2, 308.0), (270.1, 308.0), (285.1, 308.0), (300.0, 308.0), (314.9, 308.0), (320.5, 308.0), (326.1, 308.0), (328.0, 308.0), (331.7, 308.0), (335.5, 308.0), (346.7, 308.0), (361.6, 308.0), (365.3, 308.0), (365.3, 308.0), (365.3, 308.0), (365.3, 308.0), (365.3, 308.0), (365.3, 308.0), (365.3, 308.0), (365.3, 308.0), (365.3, 308.0), (365.3, 308.0), (365.3, 308.0), (365.3, 308.0), (365.3, 308.0), (365.3, 308.0), (365.3, 308.0), (365.3, 308.0), (365.3, 308.0), (365.3, 308.0), (365.3, 308.0), (365.3, 308.0), (365.3, 308.0), (365.3, 308.0), (365.3, 308.0), (365.3, 308.0), (370.9, 308.0), (382.1, 304.3), (397.1, 300.5), (400.8, 300.5), (423.2, 300.5), (428.8, 308.0), (428.8, 308.0), (428.8, 308.0), (428.8, 308.0), (428.8, 308.0), (428.8, 308.0), (428.8, 308.0), (428.8, 308.0), (428.8, 308.0), (428.8, 308.0), (428.8, 308.0), (428.8, 308.0), (428.8, 308.0), (428.8, 308.0), (428.8, 308.0), (428.8, 308.0), (428.8, 308.0), (428.8, 308.0), (428.8, 308.0), (428.8, 308.0), (428.8, 308.0), (428.8, 308.0), (428.8, 308.0), (428.8, 308.0), (428.8, 308.0), (428.8, 308.0), (428.8, 308.0), (428.8, 308.0), (428.8, 308.0)]",1,0,12.0
experienced,bomberman,8,Bomb,44,0,29.36,1.0,"[(48.0, 112.0), (62.9, 115.7), (77.9, 115.7), (98.4, 115.7), (113.3, 121.3), (109.6, 136.3), (109.6, 153.1), (115.2, 171.7), (128.3, 179.2), (143.2, 179.2), (165.6, 179.2), (180.5, 188.5), (173.1, 203.5), (173.1, 224.0), (182.4, 238.9), (197.3, 244.5), (214.1, 244.5), (234.7, 244.5), (242.1, 259.5), (236.5, 274.4), (242.1, 296.8), (255.2, 308.0), (270.1, 308.0), (285.1, 308.0), (300.0, 308.0), (314.9, 308.0), (320.5, 308.0), (320.5, 308.0), (320.5, 308.0), (320.5, 308.0), (320.5, 308.0), (329.9, 308.0), (342.9, 308.0), (357.9, 308.0), (365.3, 308.0), (365.3, 308.0), (365.3, 308.0), (365.3, 308.0), (365.3, 308.0), (365.3, 308.0), (365.3, 308.0), (365.3, 308.0), (365.3, 308.0), (365.3, 308.0), (365.3, 308.0), (365.3, 308.0), (365.3, 308.0), (365.3, 308.0), (365.3, 308.0), (365.3, 308.0), (365.3, 308.0), (365.3, 308.0), (365.3, 308.0), (365.3, 308.0), (365.3, 308.0), (365.3, 308.0), (376.5, 304.3), (384.0, 300.5), (384.0, 300.5), (384.0, 300.5), (384.0, 300.5), (398.9, 300.5), (421.3, 300.5), (428.8, 306.1), (428.8, 308.0), (428.8, 308.0), (428.8, 308.0), (428.8, 308.0), (428.8, 308.0), (428.8, 308.0), (428.8, 308.0), (428.8, 308.0), (428.8, 308.0), (428.8, 308.0), (428.8, 308.0), (428.8, 308.0), (428.8, 308.0), (428.8, 308.0), (428.8, 308.0), (428.8, 308.0), (428.8, 308.0), (428.8, 308.0), (428.8, 308.0), (428.8, 306.1), (428.8, 291.2), (428.8, 287.5), (428.8, 287.5), (428.8, 287.5), (428.8, 287.5), (428.8, 287.5), (428.8, 287.5)]",1,0,12.02
experienced,bomberman,8,Bomb,60,0,30.02,1.0,"[(48.0, 112.0), (62.9, 115.7), (77.9, 115.7), (98.4, 115.7), (113.3, 121.3), (115.2, 136.3), (115.2, 153.1), (115.2, 171.7), (128.3, 179.2), (143.2, 179.2), (165.6, 179.2), (180.5, 188.5), (173.1, 203.5), (173.1, 224.0), (182.4, 238.9), (197.3, 244.5), (214.1, 244.5), (234.7, 244.5), (242.1, 259.5), (236.5, 274.4), (242.1, 296.8), (255.2, 308.0), (270.1, 308.0), (285.1, 308.0), (300.0, 308.0), (314.9, 308.0), (320.5, 308.0), (320.5, 308.0), (320.5, 308.0), (322.4, 308.0), (328.0, 308.0), (337.3, 308.0), (352.3, 308.0), (365.3, 308.0), (365.3, 308.0), (365.3, 308.0), (365.3, 308.0), (365.3, 308.0), (365.3, 308.0), (365.3, 308.0), (365.3, 308.0), (365.3, 308.0), (365.3, 308.0), (365.3, 308.0), (365.3, 308.0), (365.3, 308.0), (365.3, 308.0), (365.3, 308.0), (367.2, 308.0), (370.9, 308.0), (382.1, 308.0), (397.1, 300.5), (419.5, 302.4), (430.7, 308.0), (430.7, 308.0), (430.7, 308.0), (430.7, 308.0), (430.7, 308.0), (430.7, 308.0), (430.7, 308.0), (430.7, 308.0), (436.3, 308.0), (436.3, 308.0), (436.3, 308.0), (436.3, 308.0), (436.3, 294.9), (436.3, 287.5), (436.3, 287.5), (436.3, 287.5), (436.3, 287.5), (436.3, 287.5), (436.3, 287.5), (436.3, 287.5), (436.3, 287.5), (436.3, 287.5), (436.3, 287.5), (436.3, 287.5), (436.3, 287.5), (436.3, 287.5), (436.3, 287.5), (436.3, 287.5), (436.3, 287.5), (436.3, 287.5), (436.3, 287.5), (436.3, 287.5), (436.3, 287.5), (436.3, 287.5), (436.3, 287.5), (436.3, 287.5), (436.3, 287.5), (436.3, 287.5)]",1,0,12.0
experienced,bomberman,8,Bomb,10,0,28.5,1.0,"[(48.0, 112.0), (62.9, 115.7), (77.9, 115.7), (98.4, 115.7), (113.3, 121.3), (115.2, 136.3), (115.2, 153.1), (115.2, 171.7), (128.3, 179.2), (143.2, 179.2), (165.6, 179.2), (180.5, 188.5), (173.1, 203.5), (173.1, 224.0), (182.4, 238.9), (197.3, 244.5), (214.1, 244.5), (234.7, 244.5), (242.1, 259.5), (236.5, 274.4), (242.1, 296.8), (255.2, 308.0), (270.1, 308.0), (285.1, 308.0), (300.0, 308.0), (314.9, 308.0), (329.9, 308.0), (350.4, 300.5), (361.6, 308.0), (365.3, 308.0), (369.1, 308.0), (354.1, 308.0), (359.7, 308.0), (365.3, 308.0), (365.3, 308.0), (365.3, 308.0), (365.3, 308.0), (365.3, 308.0), (365.3, 308.0), (365.3, 308.0), (365.3, 308.0), (365.3, 308.0), (365.3, 308.0), (365.3, 308.0), (365.3, 308.0), (365.3, 308.0), (365.3, 308.0), (365.3, 308.0), (365.3, 308.0), (365.3, 308.0), (365.3, 308.0), (365.3, 308.0), (365.3, 308.0), (365.3, 308.0), (365.3, 308.0), (365.3, 308.0), (365.3, 308.0), (370.9, 308.0), (385.9, 300.5), (400.8, 300.5), (415.7, 302.4), (415.7, 302.4), (426.9, 300.5), (428.8, 308.0), (428.8, 308.0), (428.8, 308.0), (428.8, 308.0), (428.8, 308.0), (428.8, 308.0), (428.8, 308.0), (428.8, 308.0), (428.8, 308.0), (428.8, 308.0), (428.8, 308.0), (428.8, 308.0), (428.8, 308.0), (428.8, 308.0), (428.8, 308.0), (428.8, 308.0), (428.8, 308.0), (428.8, 308.0), (428.8, 308.0), (428.8, 308.0), (428.8, 308.0), (428.8, 308.0), (428.8, 298.7), (428.8, 287.5), (428.8, 287.5), (428.8, 287.5), (428.8, 287.5), (428.8, 287.5), (428.8, 287.5)]",0,0,12.18
experienced,bomberman,8,Bomb,18,0,37.8,0.889,"[(48.0, 112.0), (62.9, 115.7), (77.9, 115.7), (98.4, 115.7), (113.3, 121.3), (109.6, 136.3), (109.6, 153.1), (115.2, 171.7), (128.3, 179.2), (143.2, 179.2), (165.6, 179.2), (180.5, 188.5), (173.1, 203.5), (173.1, 224.0), (182.4, 238.9), (197.3, 244.5), (214.1, 244.5), (234.7, 244.5), (242.1, 259.5), (236.5, 274.4), (242.1, 296.8), (255.2, 308.0), (270.1, 308.0), (285.1, 308.0), (300.0, 308.0), (314.9, 308.0), (320.5, 308.0), (320.5, 308.0), (320.5, 308.0), (322.4, 308.0), (326.1, 308.0), (337.3, 308.0), (350.4, 308.0), (365.3, 308.0), (365.3, 308.0), (365.3, 308.0), (365.3, 308.0), (365.3, 308.0), (365.3, 308.0), (365.3, 308.0), (365.3, 308.0), (365.3, 308.0), (365.3, 308.0), (365.3, 308.0), (365.3, 308.0), (365.3, 308.0), (365.3, 308.0), (365.3, 308.0), (365.3, 308.0), (365.3, 308.0), (365.3, 308.0), (365.3, 308.0), (365.3, 308.0), (365.3, 308.0), (365.3, 308.0), (365.3, 308.0), (365.3, 304.3), (372.8, 289.3), (370.9, 289.3), (370.9, 289.3), (370.9, 289.3)]",1,0,8.0
experienced,bomberman,8,Bomb,10,0,29.4,1.0,"[(48.0, 112.0), (62.9, 115.7), (77.9, 115.7), (98.4, 115.7), (113.3, 121.3), (109.6, 136.3), (109.6, 153.1), (115.2, 171.7), (128.3, 179.2), (143.2, 179.2), (165.6, 179.2), (180.5, 188.5), (173.1, 203.5), (173.1, 224.0), (182.4, 238.9), (197.3, 244.5), (214.1, 244.5), (234.7, 244.5), (242.1, 259.5), (236.5, 274.4), (242.1, 296.8), (255.2, 308.0), (270.1, 308.0), (285.1, 308.0), (300.0, 308.0), (314.9, 308.0), (320.5, 308.0), (320.5, 308.0), (320.5, 308.0), (320.5, 308.0), (320.5, 308.0), (326.1, 308.0), (339.2, 308.0), (352.3, 308.0), (365.3, 308.0), (365.3, 308.0), (365.3, 308.0), (365.3, 308.0), (365.3, 308.0), (365.3, 308.0), (365.3, 308.0), (365.3, 308.0), (365.3, 308.0), (365.3, 308.0), (365.3, 308.0), (365.3, 308.0), (365.3, 308.0), (365.3, 308.0), (365.3, 308.0), (365.3, 308.0), (365.3, 308.0), (365.3, 308.0), (365.3, 308.0), (365.3, 308.0), (365.3, 308.0), (365.3, 308.0), (365.3, 308.0), (365.3, 308.0), (369.1, 304.3), (384.0, 300.5), (384.0, 300.5), (398.9, 300.5), (421.3, 300.5), (428.8, 306.1), (428.8, 308.0), (428.8, 308.0), (428.8, 308.0), (428.8, 308.0), (428.8, 308.0), (428.8, 308.0), (428.8, 308.0), (428.8, 308.0), (428.8, 308.0), (428.8, 308.0), (428.8, 308.0), (428.8, 308.0), (428.8, 308.0), (428.8, 308.0), (428.8, 308.0), (428.8, 308.0), (428.8, 308.0), (428.8, 308.0), (428.8, 308.0), (428.8, 308.0), (428.8, 308.0), (428.8, 293.1), (428.8, 289.3), (428.8, 289.3), (428.8, 289.3), (428.8, 289.3), (428.8, 289.3)]",1,0,12.0
experienced,bomberman,8,Enemy,6,0,33.64,0.889,"[(48.0, 112.0), (62.9, 115.7), (77.9, 115.7), (98.4, 115.7), (113.3, 121.3), (109.6, 136.3), (109.6, 153.1), (115.2, 171.7), (128.3, 179.2), (143.2, 179.2), (165.6, 179.2), (180.5, 188.5), (173.1, 203.5), (173.1, 224.0), (182.4, 238.9), (197.3, 244.5), (214.1, 244.5), (234.7, 244.5), (242.1, 259.5), (236.5, 274.4), (242.1, 296.8), (255.2, 308.0), (270.1, 308.0), (281.3, 308.0), (286.9, 308.0), (298.1, 308.0), (301.9, 308.0), (305.6, 308.0), (309.3, 308.0), (313.1, 308.0), (313.1, 308.0), (298.1, 308.0), (288.8, 308.0), (300.0, 308.0), (300.0, 308.0), (300.0, 308.0), (300.0, 308.0), (300.0, 308.0), (300.0, 308.0), (300.0, 308.0), (300.0, 308.0), (300.0, 308.0), (300.0, 308.0), (300.0, 308.0), (300.0, 308.0), (300.0, 308.0), (300.0, 308.0), (300.0, 308.0), (300.0, 308.0), (300.0, 308.0), (300.0, 308.0), (300.0, 308.0), (300.0, 308.0), (300.0, 308.0), (300.0, 308.0), (300.0, 308.0), (303.7, 308.0), (311.2, 304.3), (326.1, 300.5), (342.9, 300.5), (357.9, 308.0), (357.9, 308.0), (365.3, 308.0), (380.3, 308.0), (380.3, 308.0), (380.3, 308.0), (380.3, 308.0), (380.3, 308.0), (380.3, 308.0)]",0,0,9.1
experienced,bomberman,8,Bomb,10,0,29.4,1.0,"[(48.0, 112.0), (62.9, 115.7), (77.9, 115.7), (98.4, 115.7), (113.3, 121.3), (109.6, 136.3), (109.6, 153.1), (115.2, 171.7), (128.3, 179.2), (143.2, 179.2), (165.6, 179.2), (180.5, 188.5), (173.1, 203.5), (173.1, 224.0), (182.4, 238.9), (197.3, 244.5), (214.1, 244.5), (234.7, 244.5), (242.1, 259.5), (236.5, 274.4), (242.1, 296.8), (255.2, 308.0), (270.1, 308.0), (285.1, 308.0), (300.0, 308.0), (314.9, 308.0), (320.5, 308.0), (320.5, 308.0), (320.5, 308.0), (320.5, 308.0), (320.5, 308.0), (326.1, 308.0), (339.2, 308.0), (352.3, 308.0), (365.3, 308.0), (365.3, 308.0), (365.3, 308.0), (365.3, 308.0), (365.3, 308.0), (365.3, 308.0), (365.3, 308.0), (365.3, 308.0), (365.3, 308.0), (365.3, 308.0), (365.3, 308.0), (365.3, 308.0), (365.3, 308.0), (365.3, 308.0), (365.3, 308.0), (365.3, 308.0), (365.3, 308.0), (365.3, 308.0), (365.3, 308.0), (365.3, 308.0), (365.3, 308.0), (365.3, 308.0), (365.3, 308.0), (365.3, 308.0), (369.1, 304.3), (384.0, 300.5), (384.0, 300.5), (398.9, 300.5), (421.3, 300.5), (428.8, 306.1), (428.8, 308.0), (428.8, 308.0), (428.8, 308.0), (428.8, 308.0), (428.8, 308.0), (428.8, 308.0), (428.8, 308.0), (428.8, 308.0), (428.8, 308.0), (428.8, 308.0), (428.8, 308.0), (428.8, 308.0), (428.8, 308.0), (428.8, 308.0), (428.8, 308.0), (428.8, 308.0), (428.8, 308.0), (428.8, 308.0), (428.8, 308.0), (428.8, 308.0), (428.8, 308.0), (428.8, 293.1), (428.8, 289.3), (428.8, 289.3), (428.8, 289.3), (428.8, 289.3), (428.8, 289.3)]",1,0,12.0
experienced,bomberman,8,Bomb,60,0,30.02,1.0,"[(48.0, 112.0), (62.9, 115.7), (77.9, 115.7), (98.4, 115.7), (113.3, 121.3), (115.2, 136.3), (115.2, 153.1), (115.2, 171.7), (128.3, 179.2), (143.2, 179.2), (165.6, 179.2), (180.5, 188.5), (173.1, 203.5), (173.1, 224.0), (182.4, 238.9), (197.3, 244.5), (214.1, 244.5), (234.7, 244.5), (242.1, 259.5), (236.5, 274.4), (242.1, 296.8), (255.2, 308.0), (270.1, 308.0), (285.1, 308.0), (300.0, 308.0), (314.9, 308.0), (320.5, 308.0), (320.5, 308.0), (320.5, 308.0), (322.4, 308.0), (328.0, 308.0), (337.3, 308.0), (352.3, 308.0), (365.3, 308.0), (365.3, 308.0), (365.3, 308.0), (365.3, 308.0), (365.3, 308.0), (365.3, 308.0), (365.3, 308.0), (365.3, 308.0), (365.3, 308.0), (365.3, 308.0), (365.3, 308.0), (365.3, 308.0), (365.3, 308.0), (365.3, 308.0), (365.3, 308.0), (367.2, 308.0), (370.9, 308.0), (382.1, 308.0), (397.1, 300.5), (419.5, 302.4), (430.7, 308.0), (430.7, 308.0), (430.7, 308.0), (430.7, 308.0), (430.7, 308.0), (430.7, 308.0), (430.7, 308.0), (430.7, 308.0), (436.3, 308.0), (436.3, 308.0), (436.3, 308.0), (436.3, 308.0), (436.3, 294.9), (436.3, 287.5), (436.3, 287.5), (436.3, 287.5), (436.3, 287.5), (436.3, 287.5), (436.3, 287.5), (436.3, 287.5), (436.3, 287.5), (436.3, 287.5), (436.3, 287.5), (436.3, 287.5), (436.3, 287.5), (436.3, 287.5), (436.3, 287.5), (436.3, 287.5), (436.3, 287.5), (436.3, 287.5), (436.3, 287.5), (436.3, 287.5), (436.3, 287.5), (436.3, 287.5), (436.3, 287.5), (436.3, 287.5), (436.3, 287.5), (436.3, 287.5)]",1,0,12.0
experienced,bomberman,8,Bomb,44,0,29.36,1.0,"[(48.0, 112.0), (62.9, 115.7), (77.9, 115.7), (98.4, 115.7), (113.3, 121.3), (109.6, 136.3), (109.6, 153.1), (115.2, 171.7), (128.3, 179.2), (143.2, 179.2), (165.6, 179.2), (180.5, 188.5), (173.1, 203.5), (173.1, 224.0), (182.4, 238.9), (197.3, 244.5), (214.1, 244.5), (234.7, 244.5), (242.1, 259.5), (236.5, 274.4), (242.1, 296.8), (255.2, 308.0), (270.1, 308.0), (285.1, 308.0), (300.0, 308.0), (314.9, 308.0), (320.5, 308.0), (320.5, 308.0), (320.5, 308.0), (320.5, 308.0), (320.5, 308.0), (329.9, 308.0), (342.9, 308.0), (357.9, 308.0), (365.3, 308.0), (365.3, 308.0), (365.3, 308.0), (365.3, 308.0), (365.3, 308.0), (365.3, 308.0), (365.3, 308.0), (365.3, 308.0), (365.3, 308.0), (365.3, 308.0), (365.3, 308.0), (365.3, 308.0), (365.3, 308.0), (365.3, 308.0), (365.3, 308.0), (365.3, 308.0), (365.3, 308.0), (365.3, 308.0), (365.3, 308.0), (365.3, 308.0), (365.3, 308.0), (365.3, 308.0), (376.5, 304.3), (384.0, 300.5), (384.0, 300.5), (384.0, 300.5), (384.0, 300.5), (398.9, 300.5), (421.3, 300.5), (428.8, 306.1), (428.8, 308.0), (428.8, 308.0), (428.8, 308.0), (428.8, 308.0), (428.8, 308.0), (428.8, 308.0), (428.8, 308.0), (428.8, 308.0), (428.8, 308.0), (428.8, 308.0), (428.8, 308.0), (428.8, 308.0), (428.8, 308.0), (428.8, 308.0), (428.8, 308.0), (428.8, 308.0), (428.8, 308.0), (428.8, 308.0), (428.8, 308.0), (428.8, 306.1), (428.8, 291.2), (428.8, 287.5), (428.8, 287.5), (428.8, 287.5), (428.8, 287.5), (428.8, 287.5), (428.8, 287.5)]",1,0,12.02
experienced,bomberman,8,Bomb,8,0,29.4,1.0,"[(48.0, 112.0), (62.9, 115.7), (77.9, 115.7), (98.4, 115.7), (113.3, 121.3), (109.6, 136.3), (109.6, 153.1), (115.2, 171.7), (128.3, 179.2), (143.2, 179.2), (165.6, 179.2), (180.5, 188.5), (173.1, 203.5), (173.1, 224.0), (182.4, 238.9), (197.3, 244.5), (214.1, 244.5), (234.7, 244.5), (242.1, 259.5), (236.5, 274.4), (242.1, 296.8), (255.2, 308.0), (270.1, 308.0), (285.1, 308.0), (300.0, 308.0), (314.9, 308.0), (320.5, 308.0), (326.1, 308.0), (328.0, 308.0), (331.7, 308.0), (335.5, 308.0), (346.7, 308.0), (361.6, 308.0), (365.3, 308.0), (365.3, 308.0), (365.3, 308.0), (365.3, 308.0), (365.3, 308.0), (365.3, 308.0), (365.3, 308.0), (365.3, 308.0), (365.3, 308.0), (365.3, 308.0), (365.3, 308.0), (365.3, 308.0), (365.3, 308.0), (365.3, 308.0), (365.3, 308.0), (365.3, 308.0), (365.3, 308.0), (365.3, 308.0), (365.3, 308.0), (365.3, 308.0), (365.3, 308.0), (365.3, 308.0), (365.3, 308.0), (365.3, 308.0), (370.9, 308.0), (382.1, 304.3), (397.1, 300.5), (400.8, 300.5), (423.2, 300.5), (428.8, 308.0), (428.8, 308.0), (428.8, 308.0), (428.8, 308.0), (428.8, 308.0), (428.8, 308.0), (428.8, 308.0), (428.8, 308.0), (428.8, 308.0), (428.8, 308.0), (428.8, 308.0), (428.8, 308.0), (428.8, 308.0), (428.8, 308.0), (428.8, 308.0), (428.8, 308.0), (428.8, 308.0), (428.8, 308.0), (428.8, 308.0), (428.8, 308.0), (428.8, 308.0), (428.8, 308.0), (428.8, 308.0), (428.8, 308.0), (428.8, 308.0), (428.8, 308.0), (428.8, 308.0), (428.8, 308.0), (428.8, 308.0)]",1,0,12.0
experienced,bomberman,8,Bomb,60,0,30.33,1.0,"[(48.0, 112.0), (62.9, 115.7), (77.9, 115.7), (98.4, 115.7), (113.3, 121.3), (109.6, 136.3), (109.6, 153.1), (115.2, 171.7), (128.3, 179.2), (143.2, 179.2), (165.6, 179.2), (180.5, 188.5), (173.1, 203.5), (173.1, 224.0), (182.4, 238.9), (197.3, 244.5), (214.1, 244.5), (234.7, 244.5), (242.1, 259.5), (236.5, 274.4), (242.1, 296.8), (255.2, 308.0), (270.1, 308.0), (285.1, 308.0), (300.0, 308.0), (314.9, 308.0), (320.5, 308.0), (320.5, 308.0), (320.5, 308.0), (320.5, 308.0), (320.5, 308.0), (329.9, 308.0), (342.9, 308.0), (357.9, 308.0), (365.3, 308.0), (365.3, 308.0), (365.3, 308.0), (365.3, 308.0), (365.3, 308.0), (365.3, 308.0), (365.3, 308.0), (365.3, 308.0), (365.3, 308.0), (365.3, 308.0), (365.3, 308.0), (365.3, 308.0), (365.3, 308.0), (365.3, 308.0), (365.3, 308.0), (365.3, 308.0), (365.3, 308.0), (365.3, 308.0), (365.3, 308.0), (365.3, 308.0), (365.3, 308.0), (365.3, 308.0), (370.9, 308.0), (385.9, 300.5), (400.8, 300.5), (415.7, 302.4), (417.6, 300.5), (428.8, 298.7), (436.3, 287.5), (436.3, 287.5), (436.3, 287.5), (436.3, 287.5), (436.3, 287.5), (436.3, 287.5), (436.3, 287.5), (436.3, 287.5), (436.3, 287.5), (436.3, 287.5), (436.3, 287.5), (436.3, 287.5), (436.3, 287.5), (436.3, 287.5), (436.3, 287.5), (436.3, 287.5), (436.3, 287.5), (436.3, 287.5), (436.3, 287.5), (436.3, 287.5), (436.3, 287.5), (436.3, 287.5), (436.3, 287.5), (436.3, 287.5), (436.3, 287.5), (436.3, 287.5), (436.3, 287.5), (436.3, 287.5), (436.3, 287.5)]",1,0,12.0
experienced,bomberman,8,Bomb,16,0,29.4,1.0,"[(48.0, 112.0), (62.9, 115.7), (77.9, 115.7), (98.4, 115.7), (113.3, 121.3), (109.6, 136.3), (109.6, 153.1), (115.2, 171.7), (128.3, 179.2), (143.2, 179.2), (165.6, 179.2), (180.5, 188.5), (173.1, 203.5), (173.1, 224.0), (182.4, 238.9), (197.3, 244.5), (214.1, 244.5), (234.7, 244.5), (242.1, 259.5), (236.5, 274.4), (242.1, 296.8), (255.2, 308.0), (270.1, 308.0), (277.6, 308.0), (281.3, 308.0), (285.1, 308.0), (294.4, 308.0), (309.3, 308.0), (320.5, 308.0), (320.5, 308.0), (320.5, 308.0), (320.5, 308.0), (328.0, 308.0), (341.1, 308.0), (352.3, 308.0), (365.3, 308.0), (365.3, 308.0), (365.3, 308.0), (365.3, 308.0), (365.3, 308.0), (365.3, 308.0), (365.3, 308.0), (365.3, 308.0), (365.3, 308.0), (365.3, 308.0), (365.3, 308.0), (365.3, 308.0), (365.3, 308.0), (365.3, 308.0), (365.3, 308.0), (365.3, 308.0), (365.3, 308.0), (365.3, 308.0), (365.3, 308.0), (365.3, 308.0), (365.3, 308.0), (365.3, 308.0), (376.5, 308.0), (384.0, 300.5), (384.0, 300.5), (384.0, 300.5), (398.9, 300.5), (421.3, 300.5), (428.8, 306.1), (428.8, 308.0), (428.8, 308.0), (428.8, 308.0), (428.8, 308.0), (428.8, 308.0), (428.8, 308.0), (428.8, 308.0), (428.8, 308.0), (428.8, 308.0), (428.8, 308.0), (428.8, 308.0), (428.8, 308.0), (428.8, 308.0), (428.8, 308.0), (428.8, 308.0), (428.8, 308.0), (428.8, 308.0), (428.8, 308.0), (428.8, 308.0), (428.8, 308.0), (428.8, 308.0), (428.8, 308.0), (428.8, 308.0), (428.8, 308.0), (428.8, 308.0), (428.8, 308.0), (428.8, 308.0)]",1,0,12.0
experienced,bomberman,8,Bomb,22,0,39.12,0.944,"[(48.0, 112.0), (62.9, 115.7), (77.9, 115.7), (98.4, 115.7), (113.3, 121.3), (109.6, 136.3), (109.6, 153.1), (115.2, 171.7), (128.3, 179.2), (143.2, 179.2), (165.6, 179.2), (180.5, 188.5), (173.1, 203.5), (173.1, 224.0), (182.4, 238.9), (197.3, 244.5), (214.1, 244.5), (234.7, 244.5), (242.1, 259.5), (236.5, 274.4), (242.1, 296.8), (255.2, 308.0), (268.3, 308.0), (272.0, 308.0), (277.6, 308.0), (281.3, 308.0), (285.1, 308.0), (290.7, 308.0), (305.6, 308.0), (316.8, 308.0), (320.5, 308.0), (318.7, 308.0), (320.5, 308.0), (331.7, 308.0), (342.9, 308.0), (350.4, 308.0), (350.4, 308.0), (350.4, 308.0), (354.1, 308.0), (357.9, 308.0), (361.6, 308.0), (365.3, 308.0), (365.3, 308.0), (365.3, 308.0), (365.3, 308.0), (365.3, 308.0), (365.3, 308.0), (365.3, 308.0), (365.3, 308.0), (365.3, 308.0), (365.3, 308.0), (365.3, 308.0), (365.3, 308.0), (365.3, 308.0), (365.3, 308.0), (365.3, 308.0), (365.3, 308.0), (365.3, 308.0), (369.1, 304.3), (384.0, 300.5), (384.0, 300.5)]",1,0,8.02
experienced,bomberman,8,Enemy,18,0,32.0,0.889,"[(48.0, 112.0), (62.9, 115.7), (77.9, 115.7), (98.4, 115.7), (113.3, 121.3), (109.6, 136.3), (109.6, 153.1), (115.2, 171.7), (128.3, 179.2), (143.2, 179.2), (165.6, 179.2), (180.5, 188.5), (173.1, 203.5), (173.1, 224.0), (182.4, 238.9), (197.3, 244.5), (214.1, 244.5), (234.7, 244.5), (242.1, 259.5), (236.5, 274.4), (236.5, 296.8), (225.3, 308.0), (225.3, 308.0), (229.1, 308.0), (236.5, 308.0), (240.3, 308.0), (244.0, 308.0), (251.5, 308.0), (255.2, 308.0), (266.4, 308.0), (279.5, 308.0), (286.9, 308.0), (286.9, 308.0), (286.9, 308.0), (294.4, 308.0), (300.0, 308.0), (300.0, 308.0), (300.0, 308.0), (300.0, 308.0), (300.0, 308.0), (300.0, 308.0), (300.0, 308.0), (300.0, 308.0), (300.0, 308.0), (300.0, 308.0), (300.0, 308.0), (300.0, 308.0), (300.0, 308.0), (300.0, 308.0), (300.0, 308.0), (300.0, 308.0), (300.0, 308.0), (300.0, 308.0), (300.0, 308.0), (300.0, 308.0), (300.0, 308.0), (300.0, 308.0), (300.0, 308.0), (301.9, 306.1), (316.8, 300.5), (331.7, 300.5), (352.3, 300.5), (365.3, 300.5), (365.3, 308.0), (365.3, 308.0), (365.3, 308.0), (365.3, 308.0), (365.3, 308.0), (365.3, 308.0)]",0,0,9.1
experienced,bomberman,8,Bomb,15,0,29.56,1.0,"[(48.0, 112.0), (62.9, 115.7), (77.9, 115.7), (98.4, 115.7), (113.3, 121.3), (109.6, 136.3), (109.6, 153.1), (115.2, 171.7), (128.3, 179.2), (143.2, 179.2), (165.6, 179.2), (180.5, 188.5), (173.1, 203.5), (173.1, 224.0), (182.4, 238.9), (197.3, 244.5), (214.1, 244.5), (234.7, 244.5), (242.1, 259.5), (236.5, 274.4), (242.1, 296.8), (255.2, 308.0), (270.1, 308.0), (285.1, 308.0), (300.0, 308.0), (314.9, 308.0), (320.5, 308.0), (320.5, 308.0), (320.5, 308.0), (320.5, 308.0), (320.5, 308.0), (328.0, 308.0), (337.3, 308.0), (348.5, 308.0), (352.3, 308.0), (352.3, 308.0), (356.0, 308.0), (359.7, 308.0), (365.3, 308.0), (365.3, 308.0), (365.3, 308.0), (365.3, 308.0), (365.3, 308.0), (365.3, 308.0), (365.3, 308.0), (365.3, 308.0), (365.3, 308.0), (365.3, 308.0), (365.3, 308.0), (365.3, 308.0), (365.3, 308.0), (365.3, 308.0), (365.3, 308.0), (365.3, 308.0), (365.3, 308.0), (365.3, 308.0), (365.3, 308.0), (365.3, 308.0), (369.1, 308.0), (384.0, 304.3), (393.3, 300.5), (413.9, 300.5), (428.8, 300.5), (428.8, 308.0), (428.8, 308.0), (428.8, 308.0), (428.8, 308.0), (428.8, 308.0), (428.8, 308.0), (428.8, 308.0), (428.8, 308.0), (428.8, 308.0), (428.8, 308.0), (428.8, 308.0), (428.8, 308.0), (428.8, 308.0), (428.8, 308.0), (428.8, 308.0), (428.8, 308.0), (428.8, 308.0), (428.8, 308.0), (428.8, 308.0), (428.8, 308.0), (428.8, 308.0), (428.8, 308.0), (428.8, 308.0), (428.8, 308.0), (428.8, 308.0), (428.8, 308.0), (428.8, 308.0), (428.8, 308.0)]",1,0,12.0
experienced,bomberman,8,Enemy,19,0,30.73,0.889,"[(48.0, 112.0), (62.9, 115.7), (77.9, 115.7), (98.4, 115.7), (113.3, 121.3), (109.6, 136.3), (109.6, 153.1), (115.2, 171.7), (128.3, 179.2), (143.2, 179.2), (165.6, 179.2), (180.5, 188.5), (173.1, 203.5), (173.1, 224.0), (182.4, 238.9), (197.3, 244.5), (214.1, 244.5), (234.7, 244.5), (242.1, 259.5), (236.5, 274.4), (242.1, 296.8), (255.2, 308.0), (257.1, 308.0), (257.1, 308.0), (257.1, 308.0), (257.1, 308.0), (257.1, 308.0), (257.1, 308.0), (260.8, 308.0), (266.4, 308.0), (270.1, 308.0), (283.2, 308.0), (298.1, 308.0), (300.0, 308.0), (300.0, 308.0), (300.0, 308.0), (300.0, 308.0), (300.0, 308.0), (300.0, 308.0), (300.0, 308.0), (300.0, 308.0), (300.0, 308.0), (300.0, 308.0), (300.0, 308.0), (300.0, 308.0), (300.0, 308.0), (300.0, 308.0), (300.0, 308.0), (300.0, 308.0), (300.0, 308.0), (300.0, 308.0), (300.0, 308.0), (301.9, 308.0), (305.6, 308.0), (309.3, 308.0), (316.8, 306.1), (331.7, 300.5), (352.3, 300.5), (352.3, 300.5), (352.3, 300.5), (352.3, 300.5), (357.9, 308.0), (356.0, 308.0), (356.0, 308.0), (356.0, 308.0), (352.3, 308.0), (352.3, 308.0), (352.3, 308.0)]",0,0,9.05
experienced,bomberman,8,Bomb,15,0,29.56,1.0,"[(48.0, 112.0), (62.9, 115.7), (77.9, 115.7), (98.4, 115.7), (113.3, 121.3), (109.6, 136.3), (109.6, 153.1), (115.2, 171.7), (128.3, 179.2), (143.2, 179.2), (165.6, 179.2), (180.5, 188.5), (173.1, 203.5), (173.1, 224.0), (182.4, 238.9), (197.3, 244.5), (214.1, 244.5), (234.7, 244.5), (242.1, 259.5), (236.5, 274.4), (242.1, 296.8), (255.2, 308.0), (270.1, 308.0), (285.1, 308.0), (300.0, 308.0), (314.9, 308.0), (320.5, 308.0), (320.5, 308.0), (320.5, 308.0), (320.5, 308.0), (320.5, 308.0), (328.0, 308.0), (337.3, 308.0), (348.5, 308.0), (352.3, 308.0), (352.3, 308.0), (356.0, 308.0), (359.7, 308.0), (365.3, 308.0), (365.3, 308.0), (365.3, 308.0), (365.3, 308.0), (365.3, 308.0), (365.3, 308.0), (365.3, 308.0), (365.3, 308.0), (365.3, 308.0), (365.3, 308.0), (365.3, 308.0), (365.3, 308.0), (365.3, 308.0), (365.3, 308.0), (365.3, 308.0), (365.3, 308.0), (365.3, 308.0), (365.3, 308.0), (365.3, 308.0), (365.3, 308.0), (369.1, 308.0), (384.0, 304.3), (393.3, 300.5), (413.9, 300.5), (428.8, 300.5), (428.8, 308.0), (428.8, 308.0), (428.8, 308.0), (428.8, 308.0), (428.8, 308.0), (428.8, 308.0), (428.8, 308.0), (428.8, 308.0), (428.8, 308.0), (428.8, 308.0), (428.8, 308.0), (428.8, 308.0), (428.8, 308.0), (428.8, 308.0), (428.8, 308.0), (428.8, 308.0), (428.8, 308.0), (428.8, 308.0), (428.8, 308.0), (428.8, 308.0), (428.8, 308.0), (428.8, 308.0), (428.8, 308.0), (428.8, 308.0), (428.8, 308.0), (428.8, 308.0), (428.8, 308.0), (428.8, 308.0)]",1,0,12.0
experienced,bomberman,8,Bomb,16,0,29.4,1.0,"[(48.0, 112.0), (62.9, 115.7), (77.9, 115.7), (98.4, 115.7), (113.3, 121.3), (109.6, 136.3), (109.6, 153.1), (115.2, 171.7), (128.3, 179.2), (143.2, 179.2), (165.6, 179.2), (180.5, 188.5), (173.1, 203.5), (173.1, 224.0), (182.4, 238.9), (197.3, 244.5), (214.1, 244.5), (234.7, 244.5), (242.1, 259.5), (236.5, 274.4), (242.1, 296.8), (255.2, 308.0), (270.1, 308.0), (277.6, 308.0), (281.3, 308.0), (285.1, 308.0), (294.4, 308.0), (309.3, 308.0), (320.5, 308.0), (320.5, 308.0), (320.5, 308.0), (320.5, 308.0), (328.0, 308.0), (341.1, 308.0), (352.3, 308.0), (365.3, 308.0), (365.3, 308.0), (365.3, 308.0), (365.3, 308.0), (365.3, 308.0), (365.3, 308.0), (365.3, 308.0), (365.3, 308.0), (365.3, 308.0), (365.3, 308.0), (365.3, 308.0), (365.3, 308.0), (365.3, 308.0), (365.3, 308.0), (365.3, 308.0), (365.3, 308.0), (365.3, 308.0), (365.3, 308.0), (365.3, 308.0), (365.3, 308.0), (365.3, 308.0), (365.3, 308.0), (376.5, 308.0), (384.0, 300.5), (384.0, 300.5), (384.0, 300.5), (398.9, 300.5), (421.3, 300.5), (428.8, 306.1), (428.8, 308.0), (428.8, 308.0), (428.8, 308.0), (428.8, 308.0), (428.8, 308.0), (428.8, 308.0), (428.8, 308.0), (428.8, 308.0), (428.8, 308.0), (428.8, 308.0), (428.8, 308.0), (428.8, 308.0), (428.8, 308.0), (428.8, 308.0), (428.8, 308.0), (428.8, 308.0), (428.8, 308.0), (428.8, 308.0), (428.8, 308.0), (428.8, 308.0), (428.8, 308.0), (428.8, 308.0), (428.8, 308.0), (428.8, 308.0), (428.8, 308.0), (428.8, 308.0), (428.8, 308.0)]",1,0,12.0
experienced,bomberman,8,Bomb,60,0,30.33,1.0,"[(48.0, 112.0), (62.9, 115.7), (77.9, 115.7), (98.4, 115.7), (113.3, 121.3), (109.6, 136.3), (109.6, 153.1), (115.2, 171.7), (128.3, 179.2), (143.2, 179.2), (165.6, 179.2), (180.5, 188.5), (173.1, 203.5), (173.1, 224.0), (182.4, 238.9), (197.3, 244.5), (214.1, 244.5), (234.7, 244.5), (242.1, 259.5), (236.5, 274.4), (242.1, 296.8), (255.2, 308.0), (270.1, 308.0), (285.1, 308.0), (300.0, 308.0), (314.9, 308.0), (320.5, 308.0), (320.5, 308.0), (320.5, 308.0), (320.5, 308.0), (320.5, 308.0), (329.9, 308.0), (342.9, 308.0), (357.9, 308.0), (365.3, 308.0), (365.3, 308.0), (365.3, 308.0), (365.3, 308.0), (365.3, 308.0), (365.3, 308.0), (365.3, 308.0), (365.3, 308.0), (365.3, 308.0), (365.3, 308.0), (365.3, 308.0), (365.3, 308.0), (365.3, 308.0), (365.3, 308.0), (365.3, 308.0), (365.3, 308.0), (365.3, 308.0), (365.3, 308.0), (365.3, 308.0), (365.3, 308.0), (365.3, 308.0), (365.3, 308.0), (370.9, 308.0), (385.9, 300.5), (400.8, 300.5), (415.7, 302.4), (417.6, 300.5), (428.8, 298.7), (436.3, 287.5), (436.3, 287.5), (436.3, 287.5), (436.3, 287.5), (436.3, 287.5), (436.3, 287.5), (436.3, 287.5), (436.3, 287.5), (436.3, 287.5), (436.3, 287.5), (436.3, 287.5), (436.3, 287.5), (436.3, 287.5), (436.3, 287.5), (436.3, 287.5), (436.3, 287.5), (436.3, 287.5), (436.3, 287.5), (436.3, 287.5), (436.3, 287.5), (436.3, 287.5), (436.3, 287.5), (436.3, 287.5), (436.3, 287.5), (436.3, 287.5), (436.3, 287.5), (436.3, 287.5), (436.3, 287.5), (436.3, 287.5)]",1,0,12.0
experienced,bomberman,8,Bomb,8,0,29.4,1.0,"[(48.0, 112.0), (62.9, 115.7), (77.9, 115.7), (98.4, 115.7), (113.3, 121.3), (109.6, 136.3), (109.6, 153.1), (115.2, 171.7), (128.3, 179.2), (143.2, 179.2), (165.6, 179.2), (180.5, 188.5), (173.1, 203.5), (173.1, 224.0), (182.4, 238.9), (197.3, 244.5), (214.1, 244.5), (234.7, 244.5), (242.1, 259.5), (236.5, 274.4), (242.1, 296.8), (255.2, 308.0), (270.1, 308.0), (285.1, 308.0), (300.0, 308.0), (314.9, 308.0), (320.5, 308.0), (326.1, 308.0), (328.0, 308.0), (331.7, 308.0), (335.5, 308.0), (346.7, 308.0), (361.6, 308.0), (365.3, 308.0), (365.3, 308.0), (365.3, 308.0), (365.3, 308.0), (365.3, 308.0), (365.3, 308.0), (365.3, 308.0), (365.3, 308.0), (365.3, 308.0), (365.3, 308.0), (365.3, 308.0), (365.3, 308.0), (365.3, 308.0), (365.3, 308.0), (365.3, 308.0), (365.3, 308.0), (365.3, 308.0), (365.3, 308.0), (365.3, 308.0), (365.3, 308.0), (365.3, 308.0), (365.3, 308.0), (365.3, 308.0), (365.3, 308.0), (370.9, 308.0), (382.1, 304.3), (397.1, 300.5), (400.8, 300.5), (423.2, 300.5), (428.8, 308.0), (428.8, 308.0), (428.8, 308.0), (428.8, 308.0), (428.8, 308.0), (428.8, 308.0), (428.8, 308.0), (428.8, 308.0), (428.8, 308.0), (428.8, 308.0), (428.8, 308.0), (428.8, 308.0), (428.8, 308.0), (428.8, 308.0), (428.8, 308.0), (428.8, 308.0), (428.8, 308.0), (428.8, 308.0), (428.8, 308.0), (428.8, 308.0), (428.8, 308.0), (428.8, 308.0), (428.8, 308.0), (428.8, 308.0), (428.8, 308.0), (428.8, 308.0), (428.8, 308.0), (428.8, 308.0), (428.8, 308.0)]",1,0,12.0
experienced,bomberman,8,Bomb,44,0,29.36,1.0,"[(48.0, 112.0), (62.9, 115.7), (77.9, 115.7), (98.4, 115.7), (113.3, 121.3), (109.6, 136.3), (109.6, 153.1), (115.2, 171.7), (128.3, 179.2), (143.2, 179.2), (165.6, 179.2), (180.5, 188.5), (173.1, 203.5), (173.1, 224.0), (182.4, 238.9), (197.3, 244.5), (214.1, 244.5), (234.7, 244.5), (242.1, 259.5), (236.5, 274.4), (242.1, 296.8), (255.2, 308.0), (270.1, 308.0), (285.1, 308.0), (300.0, 308.0), (314.9, 308.0), (320.5, 308.0), (320.5, 308.0), (320.5, 308.0), (320.5, 308.0), (320.5, 308.0), (329.9, 308.0), (342.9, 308.0), (357.9, 308.0), (365.3, 308.0), (365.3, 308.0), (365.3, 308.0), (365.3, 308.0), (365.3, 308.0), (365.3, 308.0), (365.3, 308.0), (365.3, 308.0), (365.3, 308.0), (365.3, 308.0), (365.3, 308.0), (365.3, 308.0), (365.3, 308.0), (365.3, 308.0), (365.3, 308.0), (365.3, 308.0), (365.3, 308.0), (365.3, 308.0), (365.3, 308.0), (365.3, 308.0), (365.3, 308.0), (365.3, 308.0), (376.5, 304.3), (384.0, 300.5), (384.0, 300.5), (384.0, 300.5), (384.0, 300.5), (398.9, 300.5), (421.3, 300.5), (428.8, 306.1), (428.8, 308.0), (428.8, 308.0), (428.8, 308.0), (428.8, 308.0), (428.8, 308.0), (428.8, 308.0), (428.8, 308.0), (428.8, 308.0), (428.8, 308.0), (428.8, 308.0), (428.8, 308.0), (428.8, 308.0), (428.8, 308.0), (428.8, 308.0), (428.8, 308.0), (428.8, 308.0), (428.8, 308.0), (428.8, 308.0), (428.8, 308.0), (428.8, 306.1), (428.8, 291.2), (428.8, 287.5), (428.8, 287.5), (428.8, 287.5), (428.8, 287.5), (428.8, 287.5), (428.8, 287.5)]",1,0,12.02
experienced,bomberman,8,Bomb,60,0,30.02,1.0,"[(48.0, 112.0), (62.9, 115.7), (77.9, 115.7), (98.4, 115.7), (113.3, 121.3), (115.2, 136.3), (115.2, 153.1), (115.2, 171.7), (128.3, 179.2), (143.2, 179.2), (165.6, 179.2), (180.5, 188.5), (173.1, 203.5), (173.1, 224.0), (182.4, 238.9), (197.3, 244.5), (214.1, 244.5), (234.7, 244.5), (242.1, 259.5), (236.5, 274.4), (242.1, 296.8), (255.2, 308.0), (270.1, 308.0), (285.1, 308.0), (300.0, 308.0), (314.9, 308.0), (320.5, 308.0), (320.5, 308.0), (320.5, 308.0), (322.4, 308.0), (328.0, 308.0), (337.3, 308.0), (352.3, 308.0), (365.3, 308.0), (365.3, 308.0), (365.3, 308.0), (365.3, 308.0), (365.3, 308.0), (365.3, 308.0), (365.3, 308.0), (365.3, 308.0), (365.3, 308.0), (365.3, 308.0), (365.3, 308.0), (365.3, 308.0), (365.3, 308.0), (365.3, 308.0), (365.3, 308.0), (367.2, 308.0), (370.9, 308.0), (382.1, 308.0), (397.1, 300.5), (419.5, 302.4), (430.7, 308.0), (430.7, 308.0), (430.7, 308.0), (430.7, 308.0), (430.7, 308.0), (430.7, 308.0), (430.7, 308.0), (430.7, 308.0), (436.3, 308.0), (436.3, 308.0), (436.3, 308.0), (436.3, 308.0), (436.3, 294.9), (436.3, 287.5), (436.3, 287.5), (436.3, 287.5), (436.3, 287.5), (436.3, 287.5), (436.3, 287.5), (436.3, 287.5), (436.3, 287.5), (436.3, 287.5), (436.3, 287.5), (436.3, 287.5), (436.3, 287.5), (436.3, 287.5), (436.3, 287.5), (436.3, 287.5), (436.3, 287.5), (436.3, 287.5), (436.3, 287.5), (436.3, 287.5), (436.3, 287.5), (436.3, 287.5), (436.3, 287.5), (436.3, 287.5), (436.3, 287.5), (436.3, 287.5)]",1,0,12.0
experienced,bomberman,8,Bomb,22,0,30.14,1.0,"[(48.0, 112.0), (62.9, 115.7), (77.9, 115.7), (98.4, 115.7), (113.3, 121.3), (109.6, 136.3), (109.6, 153.1), (115.2, 171.7), (128.3, 179.2), (143.2, 179.2), (165.6, 179.2), (180.5, 188.5), (173.1, 203.5), (173.1, 224.0), (182.4, 238.9), (197.3, 244.5), (214.1, 244.5), (234.7, 244.5), (242.1, 259.5), (236.5, 274.4), (242.1, 296.8), (255.2, 308.0), (270.1, 308.0), (285.1, 308.0), (300.0, 308.0), (314.9, 308.0), (329.9, 308.0), (339.2, 308.0), (342.9, 308.0), (346.7, 308.0), (350.4, 308.0), (363.5, 308.0), (365.3, 308.0), (365.3, 308.0), (365.3, 308.0), (365.3, 308.0), (365.3, 308.0), (365.3, 308.0), (365.3, 308.0), (365.3, 308.0), (365.3, 308.0), (365.3, 308.0), (365.3, 308.0), (365.3, 308.0), (365.3, 308.0), (365.3, 308.0), (365.3, 308.0), (365.3, 308.0), (365.3, 308.0), (365.3, 308.0), (365.3, 308.0), (365.3, 308.0), (365.3, 308.0), (365.3, 308.0), (365.3, 308.0), (365.3, 308.0), (367.2, 308.0), (378.4, 302.4), (393.3, 300.5), (397.1, 300.5), (395.2, 300.5), (417.6, 300.5), (428.8, 302.4), (428.8, 308.0), (428.8, 308.0), (428.8, 308.0), (428.8, 308.0), (428.8, 308.0), (428.8, 308.0), (428.8, 308.0), (428.8, 308.0), (428.8, 308.0), (428.8, 308.0), (428.8, 308.0), (428.8, 308.0), (428.8, 308.0), (428.8, 308.0), (428.8, 308.0), (428.8, 308.0), (428.8, 308.0), (428.8, 308.0), (428.8, 308.0), (428.8, 308.0), (428.8, 308.0), (428.8, 308.0), (428.8, 308.0), (428.8, 294.9), (428.8, 287.5), (428.8, 287.5), (428.8, 287.5), (428.8, 287.5)]",1,0,12.02
experienced,bomberman,8,Bomb,69,0,28.31,1.0,"[(48.0, 112.0), (62.9, 115.7), (77.9, 115.7), (98.4, 115.7), (113.3, 121.3), (109.6, 136.3), (109.6, 153.1), (115.2, 171.7), (128.3, 179.2), (143.2, 179.2), (165.6, 179.2), (180.5, 188.5), (173.1, 203.5), (173.1, 224.0), (182.4, 238.9), (197.3, 244.5), (214.1, 244.5), (234.7, 244.5), (242.1, 259.5), (236.5, 274.4), (242.1, 296.8), (255.2, 308.0), (270.1, 308.0), (285.1, 308.0), (300.0, 308.0), (314.9, 308.0), (320.5, 308.0), (320.5, 308.0), (320.5, 308.0), (320.5, 308.0), (320.5, 308.0), (333.6, 308.0), (344.8, 308.0), (359.7, 308.0), (365.3, 308.0), (365.3, 308.0), (365.3, 308.0), (365.3, 308.0), (365.3, 308.0), (365.3, 308.0), (365.3, 308.0), (365.3, 308.0), (365.3, 308.0), (365.3, 308.0), (365.3, 308.0), (365.3, 308.0), (365.3, 308.0), (365.3, 308.0), (365.3, 308.0), (365.3, 308.0), (369.1, 308.0), (384.0, 300.5), (398.9, 300.5), (404.5, 300.5), (406.4, 300.5), (413.9, 300.5), (415.7, 300.5), (417.6, 300.5), (417.6, 300.5), (417.6, 300.5), (417.6, 300.5), (430.7, 296.8), (434.4, 289.3), (434.4, 289.3), (434.4, 289.3), (434.4, 289.3), (434.4, 289.3), (434.4, 289.3), (434.4, 289.3), (434.4, 289.3), (434.4, 289.3), (434.4, 289.3), (434.4, 289.3), (434.4, 289.3), (434.4, 289.3), (434.4, 289.3), (434.4, 289.3), (434.4, 289.3), (434.4, 289.3), (434.4, 289.3), (434.4, 289.3), (434.4, 289.3), (434.4, 289.3), (434.4, 289.3), (434.4, 289.3), (434.4, 289.3), (434.4, 289.3), (434.4, 289.3), (434.4, 289.3), (434.4, 289.3), (434.4, 289.3)]",1,0,12.0
experienced,bomberman,8,Bomb,11,0,40.05,0.944,"[(48.0, 112.0), (51.7, 126.9), (44.3, 141.9), (44.3, 156.8), (51.7, 171.7), (64.8, 179.2), (79.7, 179.2), (100.3, 179.2), (115.2, 186.7), (109.6, 201.6), (109.6, 220.3), (115.2, 237.1), (130.1, 244.5), (145.1, 244.5), (167.5, 244.5), (180.5, 255.7), (173.1, 270.7), (174.9, 293.1), (188.0, 308.0), (202.9, 308.0), (217.9, 308.0), (232.8, 308.0), (247.7, 308.0), (262.7, 308.0), (277.6, 308.0), (292.5, 308.0), (307.5, 308.0), (320.5, 308.0), (320.5, 308.0), (320.5, 308.0), (320.5, 308.0), (328.0, 308.0), (339.2, 308.0), (350.4, 308.0), (365.3, 308.0), (365.3, 308.0), (365.3, 308.0), (365.3, 308.0), (365.3, 308.0), (365.3, 308.0), (365.3, 308.0), (365.3, 308.0), (365.3, 308.0), (365.3, 308.0), (365.3, 308.0), (365.3, 308.0), (365.3, 308.0), (365.3, 308.0), (365.3, 308.0), (365.3, 308.0), (365.3, 308.0), (365.3, 308.0), (365.3, 308.0), (365.3, 308.0), (365.3, 308.0), (365.3, 308.0), (365.3, 308.0), (365.3, 308.0), (369.1, 308.0), (384.0, 308.0), (384.0, 300.5)]",1,0,8.02
experienced,bomberman,8,Enemy,49,0,35.14,0.889,"[(48.0, 112.0), (62.9, 115.7), (77.9, 115.7), (98.4, 115.7), (113.3, 121.3), (109.6, 136.3), (109.6, 153.1), (115.2, 171.7), (128.3, 179.2), (143.2, 179.2), (165.6, 179.2), (180.5, 188.5), (173.1, 203.5), (173.1, 224.0), (182.4, 238.9), (197.3, 244.5), (214.1, 244.5), (234.7, 244.5), (242.1, 259.5), (236.5, 274.4), (242.1, 296.8), (255.2, 308.0), (270.1, 308.0), (277.6, 308.0), (281.3, 308.0), (285.1, 308.0), (288.8, 308.0), (292.5, 308.0), (296.3, 308.0), (300.0, 308.0), (303.7, 308.0), (288.8, 308.0), (298.1, 308.0), (300.0, 308.0), (300.0, 308.0), (300.0, 308.0), (300.0, 308.0), (300.0, 308.0), (300.0, 308.0), (300.0, 308.0), (300.0, 308.0), (300.0, 308.0), (300.0, 308.0), (300.0, 308.0), (303.7, 308.0), (303.7, 308.0), (307.5, 308.0), (311.2, 308.0), (314.9, 308.0), (318.7, 308.0), (318.7, 306.1), (318.7, 306.1), (318.7, 306.1), (318.7, 306.1), (326.1, 302.4), (342.9, 300.5), (350.4, 302.4), (350.4, 302.4), (350.4, 302.4), (350.4, 302.4), (350.4, 302.4), (350.4, 306.1), (365.3, 298.7), (372.8, 287.5)]",0,0,8.5
experienced,bomberman,8,Bomb,69,0,28.31,1.0,"[(48.0, 112.0), (62.9, 115.7), (77.9, 115.7), (98.4, 115.7), (113.3, 121.3), (109.6, 136.3), (109.6, 153.1), (115.2, 171.7), (128.3, 179.2), (143.2, 179.2), (165.6, 179.2), (180.5, 188.5), (173.1, 203.5), (173.1, 224.0), (182.4, 238.9), (197.3, 244.5), (214.1, 244.5), (234.7, 244.5), (242.1, 259.5), (236.5, 274.4), (242.1, 296.8), (255.2, 308.0), (270.1, 308.0), (285.1, 308.0), (300.0, 308.0), (314.9, 308.0), (320.5, 308.0), (320.5, 308.0), (320.5, 308.0), (320.5, 308.0), (320.5, 308.0), (333.6, 308.0), (344.8, 308.0), (359.7, 308.0), (365.3, 308.0), (365.3, 308.0), (365.3, 308.0), (365.3, 308.0), (365.3, 308.0), (365.3, 308.0), (365.3, 308.0), (365.3, 308.0), (365.3, 308.0), (365.3, 308.0), (365.3, 308.0), (365.3, 308.0), (365.3, 308.0), (365.3, 308.0), (365.3, 308.0), (365.3, 308.0), (369.1, 308.0), (384.0, 300.5), (398.9, 300.5), (404.5, 300.5), (406.4, 300.5), (413.9, 300.5), (415.7, 300.5), (417.6, 300.5), (417.6, 300.5), (417.6, 300.5), (417.6, 300.5), (430.7, 296.8), (434.4, 289.3), (434.4, 289.3), (434.4, 289.3), (434.4, 289.3), (434.4, 289.3), (434.4, 289.3), (434.4, 289.3), (434.4, 289.3), (434.4, 289.3), (434.4, 289.3), (434.4, 289.3), (434.4, 289.3), (434.4, 289.3), (434.4, 289.3), (434.4, 289.3), (434.4, 289.3), (434.4, 289.3), (434.4, 289.3), (434.4, 289.3), (434.4, 289.3), (434.4, 289.3), (434.4, 289.3), (434.4, 289.3), (434.4, 289.3), (434.4, 289.3), (434.4, 289.3), (434.4, 289.3), (434.4, 289.3), (434.4, 289.3)]",1,0,12.0
experienced,bomberman,8,Bomb,22,0,30.14,1.0,"[(48.0, 112.0), (62.9, 115.7), (77.9, 115.7), (98.4, 115.7), (113.3, 121.3), (109.6, 136.3), (109.6, 153.1), (115.2, 171.7), (128.3, 179.2), (143.2, 179.2), (165.6, 179.2), (180.5, 188.5), (173.1, 203.5), (173.1, 224.0), (182.4, 238.9), (197.3, 244.5), (214.1, 244.5), (234.7, 244.5), (242.1, 259.5), (236.5, 274.4), (242.1, 296.8), (255.2, 308.0), (270.1, 308.0), (285.1, 308.0), (300.0, 308.0), (314.9, 308.0), (329.9, 308.0), (339.2, 308.0), (342.9, 308.0), (346.7, 308.0), (350.4, 308.0), (363.5, 308.0), (365.3, 308.0), (365.3, 308.0), (365.3, 308.0), (365.3, 308.0), (365.3, 308.0), (365.3, 308.0), (365.3, 308.0), (365.3, 308.0), (365.3, 308.0), (365.3, 308.0), (365.3, 308.0), (365.3, 308.0), (365.3, 308.0), (365.3, 308.0), (365.3, 308.0), (365.3, 308.0), (365.3, 308.0), (365.3, 308.0), (365.3, 308.0), (365.3, 308.0), (365.3, 308.0), (365.3, 308.0), (365.3, 308.0), (365.3, 308.0), (367.2, 308.0), (378.4, 302.4), (393.3, 300.5), (397.1, 300.5), (395.2, 300.5), (417.6, 300.5), (428.8, 302.4), (428.8, 308.0), (428.8, 308.0), (428.8, 308.0), (428.8, 308.0), (428.8, 308.0), (428.8, 308.0), (428.8, 308.0), (428.8, 308.0), (428.8, 308.0), (428.8, 308.0), (428.8, 308.0), (428.8, 308.0), (428.8, 308.0), (428.8, 308.0), (428.8, 308.0), (428.8, 308.0), (428.8, 308.0), (428.8, 308.0), (428.8, 308.0), (428.8, 308.0), (428.8, 308.0), (428.8, 308.0), (428.8, 308.0), (428.8, 294.9), (428.8, 287.5), (428.8, 287.5), (428.8, 287.5), (428.8, 287.5)]",1,0,12.02
experienced,bomberman,8,Bomb,60,0,30.02,1.0,"[(48.0, 112.0), (62.9, 115.7), (77.9, 115.7), (98.4, 115.7), (113.3, 121.3), (115.2, 136.3), (115.2, 153.1), (115.2, 171.7), (128.3, 179.2), (143.2, 179.2), (165.6, 179.2), (180.5, 188.5), (173.1, 203.5), (173.1, 224.0), (182.4, 238.9), (197.3, 244.5), (214.1, 244.5), (234.7, 244.5), (242.1, 259.5), (236.5, 274.4), (242.1, 296.8), (255.2, 308.0), (270.1, 308.0), (285.1, 308.0), (300.0, 308.0), (314.9, 308.0), (320.5, 308.0), (320.5, 308.0), (320.5, 308.0), (322.4, 308.0), (328.0, 308.0), (337.3, 308.0), (352.3, 308.0), (365.3, 308.0), (365.3, 308.0), (365.3, 308.0), (365.3, 308.0), (365.3, 308.0), (365.3, 308.0), (365.3, 308.0), (365.3, 308.0), (365.3, 308.0), (365.3, 308.0), (365.3, 308.0), (365.3, 308.0), (365.3, 308.0), (365.3, 308.0), (365.3, 308.0), (367.2, 308.0), (370.9, 308.0), (382.1, 308.0), (397.1, 300.5), (419.5, 302.4), (430.7, 308.0), (430.7, 308.0), (430.7, 308.0), (430.7, 308.0), (430.7, 308.0), (430.7, 308.0), (430.7, 308.0), (430.7, 308.0), (436.3, 308.0), (436.3, 308.0), (436.3, 308.0), (436.3, 308.0), (436.3, 294.9), (436.3, 287.5), (436.3, 287.5), (436.3, 287.5), (436.3, 287.5), (436.3, 287.5), (436.3, 287.5), (436.3, 287.5), (436.3, 287.5), (436.3, 287.5), (436.3, 287.5), (436.3, 287.5), (436.3, 287.5), (436.3, 287.5), (436.3, 287.5), (436.3, 287.5), (436.3, 287.5), (436.3, 287.5), (436.3, 287.5), (436.3, 287.5), (436.3, 287.5), (436.3, 287.5), (436.3, 287.5), (436.3, 287.5), (436.3, 287.5), (436.3, 287.5)]",1,0,12.0
experienced,bomberman,8,Bomb,44,0,29.36,1.0,"[(48.0, 112.0), (62.9, 115.7), (77.9, 115.7), (98.4, 115.7), (113.3, 121.3), (109.6, 136.3), (109.6, 153.1), (115.2, 171.7), (128.3, 179.2), (143.2, 179.2), (165.6, 179.2), (180.5, 188.5), (173.1, 203.5), (173.1, 224.0), (182.4, 238.9), (197.3, 244.5), (214.1, 244.5), (234.7, 244.5), (242.1, 259.5), (236.5, 274.4), (242.1, 296.8), (255.2, 308.0), (270.1, 308.0), (285.1, 308.0), (300.0, 308.0), (314.9, 308.0), (320.5, 308.0), (320.5, 308.0), (320.5, 308.0), (320.5, 308.0), (320.5, 308.0), (329.9, 308.0), (342.9, 308.0), (357.9, 308.0), (365.3, 308.0), (365.3, 308.0), (365.3, 308.0), (365.3, 308.0), (365.3, 308.0), (365.3, 308.0), (365.3, 308.0), (365.3, 308.0), (365.3, 308.0), (365.3, 308.0), (365.3, 308.0), (365.3, 308.0), (365.3, 308.0), (365.3, 308.0), (365.3, 308.0), (365.3, 308.0), (365.3, 308.0), (365.3, 308.0), (365.3, 308.0), (365.3, 308.0), (365.3, 308.0), (365.3, 308.0), (376.5, 304.3), (384.0, 300.5), (384.0, 300.5), (384.0, 300.5), (384.0, 300.5), (398.9, 300.5), (421.3, 300.5), (428.8, 306.1), (428.8, 308.0), (428.8, 308.0), (428.8, 308.0), (428.8, 308.0), (428.8, 308.0), (428.8, 308.0), (428.8, 308.0), (428.8, 308.0), (428.8, 308.0), (428.8, 308.0), (428.8, 308.0), (428.8, 308.0), (428.8, 308.0), (428.8, 308.0), (428.8, 308.0), (428.8, 308.0), (428.8, 308.0), (428.8, 308.0), (428.8, 308.0), (428.8, 306.1), (428.8, 291.2), (428.8, 287.5), (428.8, 287.5), (428.8, 287.5), (428.8, 287.5), (428.8, 287.5), (428.8, 287.5)]",1,0,12.02
experienced,bomberman,8,Bomb,8,0,29.4,1.0,"[(48.0, 112.0), (62.9, 115.7), (77.9, 115.7), (98.4, 115.7), (113.3, 121.3), (109.6, 136.3), (109.6, 153.1), (115.2, 171.7), (128.3, 179.2), (143.2, 179.2), (165.6, 179.2), (180.5, 188.5), (173.1, 203.5), (173.1, 224.0), (182.4, 238.9), (197.3, 244.5), (214.1, 244.5), (234.7, 244.5), (242.1, 259.5), (236.5, 274.4), (242.1, 296.8), (255.2, 308.0), (270.1, 308.0), (285.1, 308.0), (300.0, 308.0), (314.9, 308.0), (320.5, 308.0), (326.1, 308.0), (328.0, 308.0), (331.7, 308.0), (335.5, 308.0), (346.7, 308.0), (361.6, 308.0), (365.3, 308.0), (365.3, 308.0), (365.3, 308.0), (365.3, 308.0), (365.3, 308.0), (365.3, 308.0), (365.3, 308.0), (365.3, 308.0), (365.3, 308.0), (365.3, 308.0), (365.3, 308.0), (365.3, 308.0), (365.3, 308.0), (365.3, 308.0), (365.3, 308.0), (365.3, 308.0), (365.3, 308.0), (365.3, 308.0), (365.3, 308.0), (365.3, 308.0), (365.3, 308.0), (365.3, 308.0), (365.3, 308.0), (365.3, 308.0), (370.9, 308.0), (382.1, 304.3), (397.1, 300.5), (400.8, 300.5), (423.2, 300.5), (428.8, 308.0), (428.8, 308.0), (428.8, 308.0), (428.8, 308.0), (428.8, 308.0), (428.8, 308.0), (428.8, 308.0), (428.8, 308.0), (428.8, 308.0), (428.8, 308.0), (428.8, 308.0), (428.8, 308.0), (428.8, 308.0), (428.8, 308.0), (428.8, 308.0), (428.8, 308.0), (428.8, 308.0), (428.8, 308.0), (428.8, 308.0), (428.8, 308.0), (428.8, 308.0), (428.8, 308.0), (428.8, 308.0), (428.8, 308.0), (428.8, 308.0), (428.8, 308.0), (428.8, 308.0), (428.8, 308.0), (428.8, 308.0)]",1,0,12.0
experienced,bomberman,8,Bomb,60,0,30.33,1.0,"[(48.0, 112.0), (62.9, 115.7), (77.9, 115.7), (98.4, 115.7), (113.3, 121.3), (109.6, 136.3), (109.6, 153.1), (115.2, 171.7), (128.3, 179.2), (143.2, 179.2), (165.6, 179.2), (180.5, 188.5), (173.1, 203.5), (173.1, 224.0), (182.4, 238.9), (197.3, 244.5), (214.1, 244.5), (234.7, 244.5), (242.1, 259.5), (236.5, 274.4), (242.1, 296.8), (255.2, 308.0), (270.1, 308.0), (285.1, 308.0), (300.0, 308.0), (314.9, 308.0), (320.5, 308.0), (320.5, 308.0), (320.5, 308.0), (320.5, 308.0), (320.5, 308.0), (329.9, 308.0), (342.9, 308.0), (357.9, 308.0), (365.3, 308.0), (365.3, 308.0), (365.3, 308.0), (365.3, 308.0), (365.3, 308.0), (365.3, 308.0), (365.3, 308.0), (365.3, 308.0), (365.3, 308.0), (365.3, 308.0), (365.3, 308.0), (365.3, 308.0), (365.3, 308.0), (365.3, 308.0), (365.3, 308.0), (365.3, 308.0), (365.3, 308.0), (365.3, 308.0), (365.3, 308.0), (365.3, 308.0), (365.3, 308.0), (365.3, 308.0), (370.9, 308.0), (385.9, 300.5), (400.8, 300.5), (415.7, 302.4), (417.6, 300.5), (428.8, 298.7), (436.3, 287.5), (436.3, 287.5), (436.3, 287.5), (436.3, 287.5), (436.3, 287.5), (436.3, 287.5), (436.3, 287.5), (436.3, 287.5), (436.3, 287.5), (436.3, 287.5), (436.3, 287.5), (436.3, 287.5), (436.3, 287.5), (436.3, 287.5), (436.3, 287.5), (436.3, 287.5), (436.3, 287.5), (436.3, 287.5), (436.3, 287.5), (436.3, 287.5), (436.3, 287.5), (436.3, 287.5), (436.3, 287.5), (436.3, 287.5), (436.3, 287.5), (436.3, 287.5), (436.3, 287.5), (436.3, 287.5), (436.3, 287.5)]",1,0,12.0
experienced,bomberman,8,Bomb,61,0,30.33,1.0,"[(48.0, 112.0), (62.9, 115.7), (77.9, 115.7), (98.4, 115.7), (113.3, 121.3), (109.6, 136.3), (109.6, 153.1), (115.2, 171.7), (128.3, 179.2), (143.2, 179.2), (165.6, 179.2), (180.5, 188.5), (173.1, 203.5), (173.1, 224.0), (182.4, 238.9), (197.3, 244.5), (214.1, 244.5), (234.7, 244.5), (242.1, 259.5), (236.5, 274.4), (242.1, 296.8), (255.2, 308.0), (260.8, 308.0), (266.4, 308.0), (272.0, 308.0), (277.6, 308.0), (281.3, 308.0), (286.9, 308.0), (298.1, 308.0), (313.1, 308.0), (320.5, 308.0), (320.5, 308.0), (328.0, 308.0), (342.9, 308.0), (357.9, 308.0), (365.3, 308.0), (365.3, 308.0), (365.3, 308.0), (365.3, 308.0), (365.3, 308.0), (365.3, 308.0), (365.3, 308.0), (365.3, 308.0), (365.3, 308.0), (365.3, 308.0), (365.3, 308.0), (365.3, 308.0), (365.3, 308.0), (365.3, 308.0), (365.3, 308.0), (365.3, 308.0), (365.3, 308.0), (365.3, 308.0), (380.3, 300.5), (395.2, 300.5), (410.1, 300.5), (415.7, 302.4), (417.6, 300.5), (415.7, 300.5), (415.7, 302.4), (417.6, 300.5), (430.7, 296.8), (434.4, 289.3), (434.4, 289.3), (434.4, 289.3), (434.4, 289.3), (434.4, 289.3), (434.4, 289.3), (434.4, 289.3), (434.4, 289.3), (434.4, 289.3), (434.4, 289.3), (434.4, 289.3), (434.4, 289.3), (434.4, 289.3), (434.4, 289.3), (434.4, 289.3), (434.4, 289.3), (434.4, 289.3), (434.4, 289.3), (434.4, 289.3), (434.4, 289.3), (434.4, 289.3), (434.4, 289.3), (434.4, 289.3), (434.4, 289.3), (434.4, 289.3), (434.4, 289.3), (434.4, 289.3), (434.4, 289.3), (434.4, 289.3)]",1,0,12.0
experienced,bomberman,8,Bomb,38,0,29.2,1.0,"[(48.0, 112.0), (62.9, 115.7), (77.9, 115.7), (98.4, 115.7), (113.3, 121.3), (109.6, 136.3), (109.6, 153.1), (115.2, 171.7), (128.3, 179.2), (143.2, 179.2), (165.6, 179.2), (180.5, 188.5), (173.1, 203.5), (173.1, 224.0), (182.4, 238.9), (197.3, 244.5), (214.1, 244.5), (234.7, 244.5), (242.1, 259.5), (236.5, 274.4), (242.1, 296.8), (255.2, 308.0), (270.1, 308.0), (283.2, 308.0), (288.8, 308.0), (303.7, 308.0), (318.7, 308.0), (320.5, 300.5), (320.5, 302.4), (318.7, 300.5), (320.5, 300.5), (320.5, 302.4), (335.5, 300.5), (350.4, 300.5), (357.9, 308.0), (361.6, 308.0), (365.3, 308.0), (365.3, 308.0), (365.3, 308.0), (365.3, 308.0), (365.3, 308.0), (365.3, 308.0), (365.3, 308.0), (365.3, 308.0), (365.3, 308.0), (365.3, 308.0), (365.3, 308.0), (365.3, 308.0), (365.3, 308.0), (365.3, 308.0), (365.3, 308.0), (365.3, 308.0), (365.3, 308.0), (365.3, 308.0), (365.3, 308.0), (365.3, 308.0), (365.3, 308.0), (365.3, 308.0), (369.1, 304.3), (384.0, 300.5), (387.7, 300.5), (402.7, 300.5), (425.1, 300.5), (428.8, 308.0), (428.8, 308.0), (428.8, 308.0), (428.8, 308.0), (428.8, 308.0), (428.8, 308.0), (428.8, 308.0), (428.8, 308.0), (428.8, 308.0), (428.8, 308.0), (428.8, 308.0), (428.8, 308.0), (428.8, 308.0), (428.8, 308.0), (428.8, 308.0), (428.8, 308.0), (428.8, 308.0), (428.8, 308.0), (428.8, 306.1), (428.8, 291.2), (428.8, 287.5), (428.8, 287.5), (428.8, 287.5), (428.8, 287.5), (428.8, 287.5), (428.8, 287.5), (428.8, 287.5), (428.8, 287.5)]",1,0,12.02
experienced,bomberman,8,Enemy,20,0,26.05,1.0,"[(48.0, 112.0), (62.9, 115.7), (77.9, 115.7), (98.4, 115.7), (113.3, 121.3), (109.6, 136.3), (109.6, 153.1), (115.2, 171.7), (128.3, 179.2), (143.2, 179.2), (165.6, 179.2), (180.5, 188.5), (173.1, 203.5), (173.1, 224.0), (182.4, 238.9), (197.3, 244.5), (214.1, 244.5), (234.7, 244.5), (242.1, 259.5), (236.5, 274.4), (242.1, 296.8), (255.2, 308.0), (270.1, 300.5), (290.7, 302.4), (305.6, 308.0), (320.5, 308.0), (318.7, 300.5), (320.5, 300.5), (320.5, 302.4), (322.4, 300.5), (326.1, 300.5), (326.1, 308.0), (326.1, 308.0), (326.1, 308.0), (326.1, 308.0), (326.1, 308.0), (326.1, 308.0), (326.1, 308.0), (326.1, 308.0), (326.1, 308.0), (326.1, 308.0), (326.1, 308.0), (326.1, 308.0), (326.1, 308.0), (326.1, 308.0), (326.1, 308.0), (329.9, 304.3), (350.4, 300.5), (365.3, 308.0), (365.3, 308.0), (365.3, 308.0), (365.3, 308.0), (365.3, 308.0), (365.3, 308.0), (367.2, 308.0), (378.4, 308.0), (382.1, 306.1), (382.1, 306.1), (382.1, 306.1), (393.3, 300.5), (398.9, 300.5), (404.5, 300.5), (412.0, 300.5), (413.9, 300.5), (415.7, 300.5), (428.8, 308.0), (436.3, 308.0), (436.3, 308.0), (436.3, 308.0), (436.3, 308.0), (436.3, 308.0), (436.3, 308.0), (436.3, 308.0), (436.3, 308.0), (436.3, 308.0), (436.3, 308.0), (436.3, 308.0), (436.3, 308.0), (436.3, 308.0), (436.3, 308.0), (436.3, 308.0), (436.3, 308.0), (436.3, 308.0), (436.3, 308.0), (436.3, 308.0), (436.3, 308.0), (436.3, 308.0), (436.3, 308.0), (436.3, 308.0), (436.3, 308.0), (436.3, 308.0), (436.3, 308.0), (436.3, 308.0), (436.3, 308.0), (436.3, 308.0), (436.3, 308.0), (436.3, 308.0)]",0,0,12.9
experienced,bomberman,8,Bomb,30,0,28.96,1.0,"[(48.0, 112.0), (62.9, 115.7), (77.9, 115.7), (98.4, 115.7), (113.3, 121.3), (109.6, 136.3), (109.6, 153.1), (115.2, 171.7), (128.3, 179.2), (143.2, 179.2), (165.6, 179.2), (180.5, 188.5), (173.1, 203.5), (173.1, 224.0), (182.4, 238.9), (197.3, 244.5), (214.1, 244.5), (234.7, 244.5), (242.1, 259.5), (236.5, 274.4), (242.1, 296.8), (255.2, 308.0), (270.1, 308.0), (285.1, 308.0), (300.0, 308.0), (314.9, 308.0), (328.0, 308.0), (329.9, 308.0), (335.5, 308.0), (337.3, 308.0), (341.1, 308.0), (352.3, 308.0), (365.3, 308.0), (365.3, 308.0), (365.3, 308.0), (365.3, 308.0), (365.3, 308.0), (365.3, 308.0), (365.3, 308.0), (365.3, 308.0), (365.3, 308.0), (365.3, 308.0), (365.3, 308.0), (365.3, 308.0), (365.3, 308.0), (365.3, 308.0), (365.3, 308.0), (365.3, 308.0), (365.3, 308.0), (365.3, 308.0), (370.9, 308.0), (385.9, 300.5), (400.8, 300.5), (423.2, 306.1), (419.5, 308.0), (419.5, 308.0), (419.5, 308.0), (419.5, 308.0), (419.5, 308.0), (419.5, 308.0), (419.5, 308.0), (434.4, 293.1), (434.4, 289.3), (434.4, 289.3), (434.4, 289.3), (434.4, 289.3), (434.4, 289.3), (434.4, 289.3), (430.7, 287.5), (430.7, 287.5), (428.8, 289.3), (428.8, 287.5), (430.7, 287.5), (428.8, 289.3), (428.8, 287.5), (430.7, 287.5), (428.8, 289.3), (428.8, 287.5), (430.7, 287.5), (428.8, 289.3), (428.8, 287.5), (430.7, 287.5), (428.8, 289.3), (428.8, 287.5), (430.7, 287.5), (428.8, 289.3), (428.8, 287.5), (430.7, 287.5), (428.8, 289.3), (428.8, 287.5), (430.7, 287.5), (428.8, 287.5)]",1,0,12.18
experienced,bomberman,8,Bomb,30,0,28.96,1.0,"[(48.0, 112.0), (62.9, 115.7), (77.9, 115.7), (98.4, 115.7), (113.3, 121.3), (109.6, 136.3), (109.6, 153.1), (115.2, 171.7), (128.3, 179.2), (143.2, 179.2), (165.6, 179.2), (180.5, 188.5), (173.1, 203.5), (173.1, 224.0), (182.4, 238.9), (197.3, 244.5), (214.1, 244.5), (234.7, 244.5), (242.1, 259.5), (236.5, 274.4), (242.1, 296.8), (255.2, 308.0), (270.1, 308.0), (285.1, 308.0), (300.0, 308.0), (314.9, 308.0), (328.0, 308.0), (329.9, 308.0), (335.5, 308.0), (337.3, 308.0), (341.1, 308.0), (352.3, 308.0), (365.3, 308.0), (365.3, 308.0), (365.3, 308.0), (365.3, 308.0), (365.3, 308.0), (365.3, 308.0), (365.3, 308.0), (365.3, 308.0), (365.3, 308.0), (365.3, 308.0), (365.3, 308.0), (365.3, 308.0), (365.3, 308.0), (365.3, 308.0), (365.3, 308.0), (365.3, 308.0), (365.3, 308.0), (365.3, 308.0), (370.9, 308.0), (385.9, 300.5), (400.8, 300.5), (423.2, 306.1), (419.5, 308.0), (419.5, 308.0), (419.5, 308.0), (419.5, 308.0), (419.5, 308.0), (419.5, 308.0), (419.5, 308.0), (434.4, 293.1), (434.4, 289.3), (434.4, 289.3), (434.4, 289.3), (434.4, 289.3), (434.4, 289.3), (434.4, 289.3), (430.7, 287.5), (430.7, 287.5), (428.8, 289.3), (428.8, 287.5), (430.7, 287.5), (428.8, 289.3), (428.8, 287.5), (430.7, 287.5), (428.8, 289.3), (428.8, 287.5), (430.7, 287.5), (428.8, 289.3), (428.8, 287.5), (430.7, 287.5), (428.8, 289.3), (428.8, 287.5), (430.7, 287.5), (428.8, 289.3), (428.8, 287.5), (430.7, 287.5), (428.8, 289.3), (428.8, 287.5), (430.7, 287.5), (428.8, 287.5)]",1,0,12.18
experienced,bomberman,8,Bomb,38,0,29.2,1.0,"[(48.0, 112.0), (62.9, 115.7), (77.9, 115.7), (98.4, 115.7), (113.3, 121.3), (109.6, 136.3), (109.6, 153.1), (115.2, 171.7), (128.3, 179.2), (143.2, 179.2), (165.6, 179.2), (180.5, 188.5), (173.1, 203.5), (173.1, 224.0), (182.4, 238.9), (197.3, 244.5), (214.1, 244.5), (234.7, 244.5), (242.1, 259.5), (236.5, 274.4), (242.1, 296.8), (255.2, 308.0), (270.1, 308.0), (283.2, 308.0), (288.8, 308.0), (303.7, 308.0), (318.7, 308.0), (320.5, 300.5), (320.5, 302.4), (318.7, 300.5), (320.5, 300.5), (320.5, 302.4), (335.5, 300.5), (350.4, 300.5), (357.9, 308.0), (361.6, 308.0), (365.3, 308.0), (365.3, 308.0), (365.3, 308.0), (365.3, 308.0), (365.3, 308.0), (365.3, 308.0), (365.3, 308.0), (365.3, 308.0), (365.3, 308.0), (365.3, 308.0), (365.3, 308.0), (365.3, 308.0), (365.3, 308.0), (365.3, 308.0), (365.3, 308.0), (365.3, 308.0), (365.3, 308.0), (365.3, 308.0), (365.3, 308.0), (365.3, 308.0), (365.3, 308.0), (365.3, 308.0), (369.1, 304.3), (384.0, 300.5), (387.7, 300.5), (402.7, 300.5), (425.1, 300.5), (428.8, 308.0), (428.8, 308.0), (428.8, 308.0), (428.8, 308.0), (428.8, 308.0), (428.8, 308.0), (428.8, 308.0), (428.8, 308.0), (428.8, 308.0), (428.8, 308.0), (428.8, 308.0), (428.8, 308.0), (428.8, 308.0), (428.8, 308.0), (428.8, 308.0), (428.8, 308.0), (428.8, 308.0), (428.8, 308.0), (428.8, 306.1), (428.8, 291.2), (428.8, 287.5), (428.8, 287.5), (428.8, 287.5), (428.8, 287.5), (428.8, 287.5), (428.8, 287.5), (428.8, 287.5), (428.8, 287.5)]",1,0,12.02
experienced,bomberman,8,Bomb,61,0,30.33,1.0,"[(48.0, 112.0), (62.9, 115.7), (77.9, 115.7), (98.4, 115.7), (113.3, 121.3), (109.6, 136.3), (109.6, 153.1), (115.2, 171.7), (128.3, 179.2), (143.2, 179.2), (165.6, 179.2), (180.5, 188.5), (173.1, 203.5), (173.1, 224.0), (182.4, 238.9), (197.3, 244.5), (214.1, 244.5), (234.7, 244.5), (242.1, 259.5), (236.5, 274.4), (242.1, 296.8), (255.2, 308.0), (260.8, 308.0), (266.4, 308.0), (272.0, 308.0), (277.6, 308.0), (281.3, 308.0), (286.9, 308.0), (298.1, 308.0), (313.1, 308.0), (320.5, 308.0), (320.5, 308.0), (328.0, 308.0), (342.9, 308.0), (357.9, 308.0), (365.3, 308.0), (365.3, 308.0), (365.3, 308.0), (365.3, 308.0), (365.3, 308.0), (365.3, 308.0), (365.3, 308.0), (365.3, 308.0), (365.3, 308.0), (365.3, 308.0), (365.3, 308.0), (365.3, 308.0), (365.3, 308.0), (365.3, 308.0), (365.3, 308.0), (365.3, 308.0), (365.3, 308.0), (365.3, 308.0), (380.3, 300.5), (395.2, 300.5), (410.1, 300.5), (415.7, 302.4), (417.6, 300.5), (415.7, 300.5), (415.7, 302.4), (417.6, 300.5), (430.7, 296.8), (434.4, 289.3), (434.4, 289.3), (434.4, 289.3), (434.4, 289.3), (434.4, 289.3), (434.4, 289.3), (434.4, 289.3), (434.4, 289.3), (434.4, 289.3), (434.4, 289.3), (434.4, 289.3), (434.4, 289.3), (434.4, 289.3), (434.4, 289.3), (434.4, 289.3), (434.4, 289.3), (434.4, 289.3), (434.4, 289.3), (434.4, 289.3), (434.4, 289.3), (434.4, 289.3), (434.4, 289.3), (434.4, 289.3), (434.4, 289.3), (434.4, 289.3), (434.4, 289.3), (434.4, 289.3), (434.4, 289.3), (434.4, 289.3)]",1,0,12.0
experienced,bomberman,8,Bomb,60,0,30.33,1.0,"[(48.0, 112.0), (62.9, 115.7), (77.9, 115.7), (98.4, 115.7), (113.3, 121.3), (109.6, 136.3), (109.6, 153.1), (115.2, 171.7), (128.3, 179.2), (143.2, 179.2), (165.6, 179.2), (180.5, 188.5), (173.1, 203.5), (173.1, 224.0), (182.4, 238.9), (197.3, 244.5), (214.1, 244.5), (234.7, 244.5), (242.1, 259.5), (236.5, 274.4), (242.1, 296.8), (255.2, 308.0), (270.1, 308.0), (285.1, 308.0), (300.0, 308.0), (314.9, 308.0), (320.5, 308.0), (320.5, 308.0), (320.5, 308.0), (320.5, 308.0), (320.5, 308.0), (329.9, 308.0), (342.9, 308.0), (357.9, 308.0), (365.3, 308.0), (365.3, 308.0), (365.3, 308.0), (365.3, 308.0), (365.3, 308.0), (365.3, 308.0), (365.3, 308.0), (365.3, 308.0), (365.3, 308.0), (365.3, 308.0), (365.3, 308.0), (365.3, 308.0), (365.3, 308.0), (365.3, 308.0), (365.3, 308.0), (365.3, 308.0), (365.3, 308.0), (365.3, 308.0), (365.3, 308.0), (365.3, 308.0), (365.3, 308.0), (365.3, 308.0), (370.9, 308.0), (385.9, 300.5), (400.8, 300.5), (415.7, 302.4), (417.6, 300.5), (428.8, 298.7), (436.3, 287.5), (436.3, 287.5), (436.3, 287.5), (436.3, 287.5), (436.3, 287.5), (436.3, 287.5), (436.3, 287.5), (436.3, 287.5), (436.3, 287.5), (436.3, 287.5), (436.3, 287.5), (436.3, 287.5), (436.3, 287.5), (436.3, 287.5), (436.3, 287.5), (436.3, 287.5), (436.3, 287.5), (436.3, 287.5), (436.3, 287.5), (436.3, 287.5), (436.3, 287.5), (436.3, 287.5), (436.3, 287.5), (436.3, 287.5), (436.3, 287.5), (436.3, 287.5), (436.3, 287.5), (436.3, 287.5), (436.3, 287.5)]",1,0,12.0
experienced,bomberman,8,Bomb,8,0,29.4,1.0,"[(48.0, 112.0), (62.9, 115.7), (77.9, 115.7), (98.4, 115.7), (113.3, 121.3), (109.6, 136.3), (109.6, 153.1), (115.2, 171.7), (128.3, 179.2), (143.2, 179.2), (165.6, 179.2), (180.5, 188.5), (173.1, 203.5), (173.1, 224.0), (182.4, 238.9), (197.3, 244.5), (214.1, 244.5), (234.7, 244.5), (242.1, 259.5), (236.5, 274.4), (242.1, 296.8), (255.2, 308.0), (270.1, 308.0), (285.1, 308.0), (300.0, 308.0), (314.9, 308.0), (320.5, 308.0), (326.1, 308.0), (328.0, 308.0), (331.7, 308.0), (335.5, 308.0), (346.7, 308.0), (361.6, 308.0), (365.3, 308.0), (365.3, 308.0), (365.3, 308.0), (365.3, 308.0), (365.3, 308.0), (365.3, 308.0), (365.3, 308.0), (365.3, 308.0), (365.3, 308.0), (365.3, 308.0), (365.3, 308.0), (365.3, 308.0), (365.3, 308.0), (365.3, 308.0), (365.3, 308.0), (365.3, 308.0), (365.3, 308.0), (365.3, 308.0), (365.3, 308.0), (365.3, 308.0), (365.3, 308.0), (365.3, 308.0), (365.3, 308.0), (365.3, 308.0), (370.9, 308.0), (382.1, 304.3), (397.1, 300.5), (400.8, 300.5), (423.2, 300.5), (428.8, 308.0), (428.8, 308.0), (428.8, 308.0), (428.8, 308.0), (428.8, 308.0), (428.8, 308.0), (428.8, 308.0), (428.8, 308.0), (428.8, 308.0), (428.8, 308.0), (428.8, 308.0), (428.8, 308.0), (428.8, 308.0), (428.8, 308.0), (428.8, 308.0), (428.8, 308.0), (428.8, 308.0), (428.8, 308.0), (428.8, 308.0), (428.8, 308.0), (428.8, 308.0), (428.8, 308.0), (428.8, 308.0), (428.8, 308.0), (428.8, 308.0), (428.8, 308.0), (428.8, 308.0), (428.8, 308.0), (428.8, 308.0)]",1,0,12.0
experienced,bomberman,8,Bomb,44,0,29.36,1.0,"[(48.0, 112.0), (62.9, 115.7), (77.9, 115.7), (98.4, 115.7), (113.3, 121.3), (109.6, 136.3), (109.6, 153.1), (115.2, 171.7), (128.3, 179.2), (143.2, 179.2), (165.6, 179.2), (180.5, 188.5), (173.1, 203.5), (173.1, 224.0), (182.4, 238.9), (197.3, 244.5), (214.1, 244.5), (234.7, 244.5), (242.1, 259.5), (236.5, 274.4), (242.1, 296.8), (255.2, 308.0), (270.1, 308.0), (285.1, 308.0), (300.0, 308.0), (314.9, 308.0), (320.5, 308.0), (320.5, 308.0), (320.5, 308.0), (320.5, 308.0), (320.5, 308.0), (329.9, 308.0), (342.9, 308.0), (357.9, 308.0), (365.3, 308.0), (365.3, 308.0), (365.3, 308.0), (365.3, 308.0), (365.3, 308.0), (365.3, 308.0), (365.3, 308.0), (365.3, 308.0), (365.3, 308.0), (365.3, 308.0), (365.3, 308.0), (365.3, 308.0), (365.3, 308.0), (365.3, 308.0), (365.3, 308.0), (365.3, 308.0), (365.3, 308.0), (365.3, 308.0), (365.3, 308.0), (365.3, 308.0), (365.3, 308.0), (365.3, 308.0), (376.5, 304.3), (384.0, 300.5), (384.0, 300.5), (384.0, 300.5), (384.0, 300.5), (398.9, 300.5), (421.3, 300.5), (428.8, 306.1), (428.8, 308.0), (428.8, 308.0), (428.8, 308.0), (428.8, 308.0), (428.8, 308.0), (428.8, 308.0), (428.8, 308.0), (428.8, 308.0), (428.8, 308.0), (428.8, 308.0), (428.8, 308.0), (428.8, 308.0), (428.8, 308.0), (428.8, 308.0), (428.8, 308.0), (428.8, 308.0), (428.8, 308.0), (428.8, 308.0), (428.8, 308.0), (428.8, 306.1), (428.8, 291.2), (428.8, 287.5), (428.8, 287.5), (428.8, 287.5), (428.8, 287.5), (428.8, 287.5), (428.8, 287.5)]",1,0,12.02
experienced,bomberman,8,Bomb,8,0,29.4,1.0,"[(48.0, 112.0), (62.9, 115.7), (77.9, 115.7), (98.4, 115.7), (113.3, 121.3), (109.6, 136.3), (109.6, 153.1), (115.2, 171.7), (128.3, 179.2), (143.2, 179.2), (165.6, 179.2), (180.5, 188.5), (173.1, 203.5), (173.1, 224.0), (182.4, 238.9), (197.3, 244.5), (214.1, 244.5), (234.7, 244.5), (242.1, 259.5), (236.5, 274.4), (242.1, 296.8), (255.2, 308.0), (270.1, 308.0), (285.1, 308.0), (300.0, 308.0), (314.9, 308.0), (329.9, 308.0), (333.6, 308.0), (337.3, 308.0), (341.1, 308.0), (344.8, 308.0), (356.0, 308.0), (365.3, 308.0), (365.3, 308.0), (365.3, 308.0), (365.3, 308.0), (365.3, 308.0), (365.3, 308.0), (365.3, 308.0), (365.3, 308.0), (365.3, 308.0), (365.3, 308.0), (365.3, 308.0), (365.3, 308.0), (365.3, 308.0), (365.3, 308.0), (365.3, 308.0), (365.3, 308.0), (365.3, 308.0), (365.3, 308.0), (365.3, 308.0), (365.3, 308.0), (365.3, 308.0), (365.3, 308.0), (365.3, 308.0), (365.3, 308.0), (365.3, 308.0), (365.3, 308.0), (369.1, 304.3), (384.0, 300.5), (398.9, 300.5), (421.3, 304.3), (428.8, 308.0), (428.8, 308.0), (428.8, 308.0), (428.8, 308.0), (428.8, 308.0), (428.8, 308.0), (428.8, 308.0), (428.8, 308.0), (428.8, 308.0), (428.8, 308.0), (428.8, 308.0), (428.8, 308.0), (428.8, 308.0), (428.8, 308.0), (428.8, 308.0), (428.8, 308.0), (428.8, 308.0), (428.8, 308.0), (428.8, 308.0), (428.8, 308.0), (428.8, 308.0), (428.8, 308.0), (428.8, 308.0), (428.8, 308.0), (428.8, 308.0), (428.8, 308.0), (428.8, 308.0), (428.8, 308.0), (428.8, 304.3)]",1,0,12.0
experienced,bomberman,8,Enemy,34,0,33.3,0.778,"[(48.0, 112.0), (62.9, 115.7), (77.9, 115.7), (98.4, 115.7), (113.3, 121.3), (109.6, 136.3), (109.6, 153.1), (115.2, 171.7), (128.3, 179.2), (143.2, 179.2), (165.6, 179.2), (180.5, 188.5), (173.1, 203.5), (173.1, 224.0), (182.4, 238.9), (197.3, 244.5), (214.1, 244.5), (234.7, 244.5), (242.1, 259.5), (236.5, 274.4), (242.1, 296.8), (255.2, 308.0), (270.1, 308.0), (285.1, 308.0), (300.0, 298.7), (307.5, 287.5), (307.5, 287.5), (307.5, 287.5), (307.5, 287.5), (307.5, 287.5), (307.5, 287.5), (307.5, 287.5), (307.5, 287.5), (307.5, 287.5), (307.5, 287.5), (307.5, 287.5), (307.5, 287.5), (307.5, 287.5), (307.5, 287.5), (307.5, 287.5), (307.5, 287.5), (307.5, 287.5), (307.5, 287.5), (300.0, 287.5), (301.9, 287.5), (300.0, 289.3), (300.0, 287.5), (301.9, 287.5), (300.0, 289.3), (300.0, 287.5), (301.9, 287.5), (300.0, 289.3), (300.0, 287.5)]",0,0,6.95
experienced,bomberman,8,Stuck,6,0,26.34,1.0,"[(48.0, 112.0), (62.9, 115.7), (77.9, 115.7), (98.4, 115.7), (113.3, 121.3), (109.6, 136.3), (109.6, 153.1), (115.2, 171.7), (128.3, 179.2), (143.2, 179.2), (165.6, 179.2), (180.5, 188.5), (173.1, 203.5), (173.1, 224.0), (182.4, 238.9), (197.3, 244.5), (214.1, 244.5), (234.7, 244.5), (242.1, 259.5), (236.5, 274.4), (242.1, 296.8), (255.2, 308.0), (270.1, 308.0), (285.1, 308.0), (300.0, 308.0), (314.9, 308.0), (320.5, 308.0), (320.5, 308.0), (320.5, 308.0), (324.3, 308.0), (328.0, 308.0), (341.1, 308.0), (356.0, 308.0), (365.3, 308.0), (365.3, 308.0), (365.3, 308.0), (365.3, 308.0), (365.3, 308.0), (365.3, 308.0), (365.3, 308.0), (365.3, 308.0), (365.3, 308.0), (365.3, 308.0), (365.3, 308.0), (365.3, 308.0), (365.3, 308.0), (365.3, 308.0), (365.3, 308.0), (365.3, 308.0), (365.3, 308.0), (365.3, 308.0), (365.3, 308.0), (365.3, 308.0), (365.3, 308.0), (372.8, 308.0), (387.7, 300.5), (402.7, 300.5), (417.6, 300.5), (417.6, 300.5), (417.6, 300.5), (417.6, 300.5), (432.5, 308.0), (432.5, 308.0), (432.5, 308.0), (432.5, 308.0), (432.5, 308.0), (432.5, 308.0), (432.5, 308.0), (432.5, 308.0), (432.5, 308.0), (432.5, 308.0), (432.5, 308.0), (432.5, 308.0), (432.5, 308.0), (432.5, 308.0), (432.5, 308.0), (432.5, 308.0), (432.5, 308.0), (432.5, 308.0), (432.5, 308.0), (432.5, 308.0), (432.5, 308.0), (432.5, 308.0), (436.3, 308.0), (436.3, 308.0), (436.3, 308.0), (436.3, 308.0), (436.3, 308.0), (436.3, 308.0), (436.3, 308.0), (436.3, 308.0), (436.3, 308.0), (432.5, 308.0), (430.7, 308.0), (430.7, 308.0), (430.7, 308.0), (430.7, 308.0), (430.7, 308.0), (430.7, 308.0), (430.7, 308.0), (430.7, 308.0), (430.7, 308.0)]",1,0,13.47
experienced,bomberman,8,Bomb,6,0,29.4,1.0,"[(48.0, 112.0), (62.9, 115.7), (77.9, 115.7), (98.4, 115.7), (113.3, 121.3), (109.6, 136.3), (109.6, 153.1), (115.2, 171.7), (128.3, 179.2), (143.2, 179.2), (165.6, 179.2), (180.5, 188.5), (173.1, 203.5), (173.1, 224.0), (182.4, 238.9), (197.3, 244.5), (214.1, 244.5), (234.7, 244.5), (242.1, 259.5), (236.5, 274.4), (242.1, 296.8), (255.2, 308.0), (270.1, 308.0), (285.1, 308.0), (300.0, 308.0), (314.9, 308.0), (320.5, 308.0), (320.5, 308.0), (320.5, 308.0), (320.5, 308.0), (320.5, 308.0), (326.1, 308.0), (337.3, 308.0), (350.4, 308.0), (350.4, 308.0), (350.4, 308.0), (357.9, 308.0), (361.6, 308.0), (365.3, 308.0), (365.3, 308.0), (365.3, 308.0), (365.3, 308.0), (365.3, 308.0), (365.3, 308.0), (365.3, 308.0), (365.3, 308.0), (365.3, 308.0), (365.3, 308.0), (365.3, 308.0), (365.3, 308.0), (365.3, 308.0), (365.3, 308.0), (365.3, 308.0), (365.3, 308.0), (365.3, 308.0), (365.3, 308.0), (365.3, 308.0), (365.3, 308.0), (369.1, 308.0), (384.0, 308.0), (389.6, 300.5), (406.4, 300.5), (426.9, 300.5), (428.8, 308.0), (428.8, 308.0), (428.8, 308.0), (428.8, 308.0), (428.8, 308.0), (428.8, 308.0), (428.8, 308.0), (428.8, 308.0), (428.8, 308.0), (428.8, 308.0), (428.8, 308.0), (428.8, 308.0), (428.8, 308.0), (428.8, 308.0), (428.8, 308.0), (428.8, 308.0), (428.8, 308.0), (428.8, 308.0), (428.8, 308.0), (428.8, 308.0), (428.8, 308.0), (428.8, 308.0), (428.8, 308.0), (428.8, 308.0), (428.8, 308.0), (428.8, 308.0), (428.8, 308.0), (428.8, 308.0)]",1,0,12.0
experienced,bomberman,8,Bomb,6,0,29.4,1.0,"[(48.0, 112.0), (62.9, 115.7), (77.9, 115.7), (98.4, 115.7), (113.3, 121.3), (109.6, 136.3), (109.6, 153.1), (115.2, 171.7), (128.3, 179.2), (143.2, 179.2), (165.6, 179.2), (180.5, 188.5), (173.1, 203.5), (173.1, 224.0), (182.4, 238.9), (197.3, 244.5), (214.1, 244.5), (234.7, 244.5), (242.1, 259.5), (236.5, 274.4), (242.1, 296.8), (255.2, 308.0), (270.1, 308.0), (285.1, 308.0), (300.0, 308.0), (314.9, 308.0), (320.5, 308.0), (320.5, 308.0), (320.5, 308.0), (320.5, 308.0), (320.5, 308.0), (326.1, 308.0), (337.3, 308.0), (350.4, 308.0), (350.4, 308.0), (350.4, 308.0), (357.9, 308.0), (361.6, 308.0), (365.3, 308.0), (365.3, 308.0), (365.3, 308.0), (365.3, 308.0), (365.3, 308.0), (365.3, 308.0), (365.3, 308.0), (365.3, 308.0), (365.3, 308.0), (365.3, 308.0), (365.3, 308.0), (365.3, 308.0), (365.3, 308.0), (365.3, 308.0), (365.3, 308.0), (365.3, 308.0), (365.3, 308.0), (365.3, 308.0), (365.3, 308.0), (365.3, 308.0), (369.1, 308.0), (384.0, 308.0), (389.6, 300.5), (406.4, 300.5), (426.9, 300.5), (428.8, 308.0), (428.8, 308.0), (428.8, 308.0), (428.8, 308.0), (428.8, 308.0), (428.8, 308.0), (428.8, 308.0), (428.8, 308.0), (428.8, 308.0), (428.8, 308.0), (428.8, 308.0), (428.8, 308.0), (428.8, 308.0), (428.8, 308.0), (428.8, 308.0), (428.8, 308.0), (428.8, 308.0), (428.8, 308.0), (428.8, 308.0), (428.8, 308.0), (428.8, 308.0), (428.8, 308.0), (428.8, 308.0), (428.8, 308.0), (428.8, 308.0), (428.8, 308.0), (428.8, 308.0), (428.8, 308.0)]",1,0,12.0
experienced,bomberman,8,Stuck,6,0,26.34,1.0,"[(48.0, 112.0), (62.9, 115.7), (77.9, 115.7), (98.4, 115.7), (113.3, 121.3), (109.6, 136.3), (109.6, 153.1), (115.2, 171.7), (128.3, 179.2), (143.2, 179.2), (165.6, 179.2), (180.5, 188.5), (173.1, 203.5), (173.1, 224.0), (182.4, 238.9), (197.3, 244.5), (214.1, 244.5), (234.7, 244.5), (242.1, 259.5), (236.5, 274.4), (242.1, 296.8), (255.2, 308.0), (270.1, 308.0), (285.1, 308.0), (300.0, 308.0), (314.9, 308.0), (320.5, 308.0), (320.5, 308.0), (320.5, 308.0), (324.3, 308.0), (328.0, 308.0), (341.1, 308.0), (356.0, 308.0), (365.3, 308.0), (365.3, 308.0), (365.3, 308.0), (365.3, 308.0), (365.3, 308.0), (365.3, 308.0), (365.3, 308.0), (365.3, 308.0), (365.3, 308.0), (365.3, 308.0), (365.3, 308.0), (365.3, 308.0), (365.3, 308.0), (365.3, 308.0), (365.3, 308.0), (365.3, 308.0), (365.3, 308.0), (365.3, 308.0), (365.3, 308.0), (365.3, 308.0), (365.3, 308.0), (372.8, 308.0), (387.7, 300.5), (402.7, 300.5), (417.6, 300.5), (417.6, 300.5), (417.6, 300.5), (417.6, 300.5), (432.5, 308.0), (432.5, 308.0), (432.5, 308.0), (432.5, 308.0), (432.5, 308.0), (432.5, 308.0), (432.5, 308.0), (432.5, 308.0), (432.5, 308.0), (432.5, 308.0), (432.5, 308.0), (432.5, 308.0), (432.5, 308.0), (432.5, 308.0), (432.5, 308.0), (432.5, 308.0), (432.5, 308.0), (432.5, 308.0), (432.5, 308.0), (432.5, 308.0), (432.5, 308.0), (432.5, 308.0), (436.3, 308.0), (436.3, 308.0), (436.3, 308.0), (436.3, 308.0), (436.3, 308.0), (436.3, 308.0), (436.3, 308.0), (436.3, 308.0), (436.3, 308.0), (432.5, 308.0), (430.7, 308.0), (430.7, 308.0), (430.7, 308.0), (430.7, 308.0), (430.7, 308.0), (430.7, 308.0), (430.7, 308.0), (430.7, 308.0), (430.7, 308.0)]",1,0,13.47
experienced,bomberman,8,Bomb,8,0,29.4,1.0,"[(48.0, 112.0), (62.9, 115.7), (77.9, 115.7), (98.4, 115.7), (113.3, 121.3), (109.6, 136.3), (109.6, 153.1), (115.2, 171.7), (128.3, 179.2), (143.2, 179.2), (165.6, 179.2), (180.5, 188.5), (173.1, 203.5), (173.1, 224.0), (182.4, 238.9), (197.3, 244.5), (214.1, 244.5), (234.7, 244.5), (242.1, 259.5), (236.5, 274.4), (242.1, 296.8), (255.2, 308.0), (270.1, 308.0), (285.1, 308.0), (300.0, 308.0), (314.9, 308.0), (329.9, 308.0), (333.6, 308.0), (337.3, 308.0), (341.1, 308.0), (344.8, 308.0), (356.0, 308.0), (365.3, 308.0), (365.3, 308.0), (365.3, 308.0), (365.3, 308.0), (365.3, 308.0), (365.3, 308.0), (365.3, 308.0), (365.3, 308.0), (365.3, 308.0), (365.3, 308.0), (365.3, 308.0), (365.3, 308.0), (365.3, 308.0), (365.3, 308.0), (365.3, 308.0), (365.3, 308.0), (365.3, 308.0), (365.3, 308.0), (365.3, 308.0), (365.3, 308.0), (365.3, 308.0), (365.3, 308.0), (365.3, 308.0), (365.3, 308.0), (365.3, 308.0), (365.3, 308.0), (369.1, 304.3), (384.0, 300.5), (398.9, 300.5), (421.3, 304.3), (428.8, 308.0), (428.8, 308.0), (428.8, 308.0), (428.8, 308.0), (428.8, 308.0), (428.8, 308.0), (428.8, 308.0), (428.8, 308.0), (428.8, 308.0), (428.8, 308.0), (428.8, 308.0), (428.8, 308.0), (428.8, 308.0), (428.8, 308.0), (428.8, 308.0), (428.8, 308.0), (428.8, 308.0), (428.8, 308.0), (428.8, 308.0), (428.8, 308.0), (428.8, 308.0), (428.8, 308.0), (428.8, 308.0), (428.8, 308.0), (428.8, 308.0), (428.8, 308.0), (428.8, 308.0), (428.8, 308.0), (428.8, 304.3)]",1,0,12.0
experienced,bomberman,8,Bomb,44,0,29.36,1.0,"[(48.0, 112.0), (62.9, 115.7), (77.9, 115.7), (98.4, 115.7), (113.3, 121.3), (109.6, 136.3), (109.6, 153.1), (115.2, 171.7), (128.3, 179.2), (143.2, 179.2), (165.6, 179.2), (180.5, 188.5), (173.1, 203.5), (173.1, 224.0), (182.4, 238.9), (197.3, 244.5), (214.1, 244.5), (234.7, 244.5), (242.1, 259.5), (236.5, 274.4), (242.1, 296.8), (255.2, 308.0), (270.1, 308.0), (285.1, 308.0), (300.0, 308.0), (314.9, 308.0), (320.5, 308.0), (320.5, 308.0), (320.5, 308.0), (320.5, 308.0), (320.5, 308.0), (329.9, 308.0), (342.9, 308.0), (357.9, 308.0), (365.3, 308.0), (365.3, 308.0), (365.3, 308.0), (365.3, 308.0), (365.3, 308.0), (365.3, 308.0), (365.3, 308.0), (365.3, 308.0), (365.3, 308.0), (365.3, 308.0), (365.3, 308.0), (365.3, 308.0), (365.3, 308.0), (365.3, 308.0), (365.3, 308.0), (365.3, 308.0), (365.3, 308.0), (365.3, 308.0), (365.3, 308.0), (365.3, 308.0), (365.3, 308.0), (365.3, 308.0), (376.5, 304.3), (384.0, 300.5), (384.0, 300.5), (384.0, 300.5), (384.0, 300.5), (398.9, 300.5), (421.3, 300.5), (428.8, 306.1), (428.8, 308.0), (428.8, 308.0), (428.8, 308.0), (428.8, 308.0), (428.8, 308.0), (428.8, 308.0), (428.8, 308.0), (428.8, 308.0), (428.8, 308.0), (428.8, 308.0), (428.8, 308.0), (428.8, 308.0), (428.8, 308.0), (428.8, 308.0), (428.8, 308.0), (428.8, 308.0), (428.8, 308.0), (428.8, 308.0), (428.8, 308.0), (428.8, 306.1), (428.8, 291.2), (428.8, 287.5), (428.8, 287.5), (428.8, 287.5), (428.8, 287.5), (428.8, 287.5), (428.8, 287.5)]",1,0,12.02
experienced,bomberman,8,Bomb,8,0,29.4,1.0,"[(48.0, 112.0), (62.9, 115.7), (77.9, 115.7), (98.4, 115.7), (113.3, 121.3), (109.6, 136.3), (109.6, 153.1), (115.2, 171.7), (128.3, 179.2), (143.2, 179.2), (165.6, 179.2), (180.5, 188.5), (173.1, 203.5), (173.1, 224.0), (182.4, 238.9), (197.3, 244.5), (214.1, 244.5), (234.7, 244.5), (242.1, 259.5), (236.5, 274.4), (242.1, 296.8), (255.2, 308.0), (270.1, 308.0), (285.1, 308.0), (300.0, 308.0), (314.9, 308.0), (320.5, 308.0), (326.1, 308.0), (328.0, 308.0), (331.7, 308.0), (335.5, 308.0), (346.7, 308.0), (361.6, 308.0), (365.3, 308.0), (365.3, 308.0), (365.3, 308.0), (365.3, 308.0), (365.3, 308.0), (365.3, 308.0), (365.3, 308.0), (365.3, 308.0), (365.3, 308.0), (365.3, 308.0), (365.3, 308.0), (365.3, 308.0), (365.3, 308.0), (365.3, 308.0), (365.3, 308.0), (365.3, 308.0), (365.3, 308.0), (365.3, 308.0), (365.3, 308.0), (365.3, 308.0), (365.3, 308.0), (365.3, 308.0), (365.3, 308.0), (365.3, 308.0), (370.9, 308.0), (382.1, 304.3), (397.1, 300.5), (400.8, 300.5), (423.2, 300.5), (428.8, 308.0), (428.8, 308.0), (428.8, 308.0), (428.8, 308.0), (428.8, 308.0), (428.8, 308.0), (428.8, 308.0), (428.8, 308.0), (428.8, 308.0), (428.8, 308.0), (428.8, 308.0), (428.8, 308.0), (428.8, 308.0), (428.8, 308.0), (428.8, 308.0), (428.8, 308.0), (428.8, 308.0), (428.8, 308.0), (428.8, 308.0), (428.8, 308.0), (428.8, 308.0), (428.8, 308.0), (428.8, 308.0), (428.8, 308.0), (428.8, 308.0), (428.8, 308.0), (428.8, 308.0), (428.8, 308.0), (428.8, 308.0)]",1,0,12.0
experienced,bomberman,8,Bomb,60,0,30.33,1.0,"[(48.0, 112.0), (62.9, 115.7), (77.9, 115.7), (98.4, 115.7), (113.3, 121.3), (109.6, 136.3), (109.6, 153.1), (115.2, 171.7), (128.3, 179.2), (143.2, 179.2), (165.6, 179.2), (180.5, 188.5), (173.1, 203.5), (173.1, 224.0), (182.4, 238.9), (197.3, 244.5), (214.1, 244.5), (234.7, 244.5), (242.1, 259.5), (236.5, 274.4), (242.1, 296.8), (255.2, 308.0), (270.1, 308.0), (285.1, 308.0), (300.0, 308.0), (314.9, 308.0), (320.5, 308.0), (320.5, 308.0), (320.5, 308.0), (320.5, 308.0), (320.5, 308.0), (329.9, 308.0), (342.9, 308.0), (357.9, 308.0), (365.3, 308.0), (365.3, 308.0), (365.3, 308.0), (365.3, 308.0), (365.3, 308.0), (365.3, 308.0), (365.3, 308.0), (365.3, 308.0), (365.3, 308.0), (365.3, 308.0), (365.3, 308.0), (365.3, 308.0), (365.3, 308.0), (365.3, 308.0), (365.3, 308.0), (365.3, 308.0), (365.3, 308.0), (365.3, 308.0), (365.3, 308.0), (365.3, 308.0), (365.3, 308.0), (365.3, 308.0), (370.9, 308.0), (385.9, 300.5), (400.8, 300.5), (415.7, 302.4), (417.6, 300.5), (428.8, 298.7), (436.3, 287.5), (436.3, 287.5), (436.3, 287.5), (436.3, 287.5), (436.3, 287.5), (436.3, 287.5), (436.3, 287.5), (436.3, 287.5), (436.3, 287.5), (436.3, 287.5), (436.3, 287.5), (436.3, 287.5), (436.3, 287.5), (436.3, 287.5), (436.3, 287.5), (436.3, 287.5), (436.3, 287.5), (436.3, 287.5), (436.3, 287.5), (436.3, 287.5), (436.3, 287.5), (436.3, 287.5), (436.3, 287.5), (436.3, 287.5), (436.3, 287.5), (436.3, 287.5), (436.3, 287.5), (436.3, 287.5), (436.3, 287.5)]",1,0,12.0
experienced,bomberman,8,Bomb,30,0,29.36,1.0,"[(48.0, 112.0), (62.9, 115.7), (77.9, 115.7), (98.4, 115.7), (113.3, 121.3), (109.6, 136.3), (109.6, 153.1), (115.2, 171.7), (128.3, 179.2), (143.2, 179.2), (165.6, 179.2), (180.5, 188.5), (173.1, 203.5), (173.1, 224.0), (182.4, 238.9), (197.3, 244.5), (214.1, 244.5), (234.7, 244.5), (242.1, 259.5), (236.5, 274.4), (242.1, 296.8), (255.2, 308.0), (270.1, 308.0), (285.1, 308.0), (300.0, 308.0), (314.9, 308.0), (320.5, 308.0), (320.5, 308.0), (320.5, 308.0), (326.1, 308.0), (328.0, 308.0), (341.1, 308.0), (356.0, 308.0), (365.3, 308.0), (365.3, 308.0), (365.3, 308.0), (365.3, 308.0), (365.3, 308.0), (365.3, 308.0), (365.3, 308.0), (365.3, 308.0), (365.3, 308.0), (365.3, 308.0), (365.3, 308.0), (365.3, 308.0), (365.3, 308.0), (365.3, 308.0), (365.3, 308.0), (365.3, 308.0), (365.3, 308.0), (365.3, 308.0), (365.3, 308.0), (365.3, 308.0), (365.3, 308.0), (372.8, 308.0), (384.0, 300.5), (384.0, 300.5), (384.0, 300.5), (384.0, 300.5), (384.0, 300.5), (384.0, 300.5), (398.9, 300.5), (421.3, 300.5), (428.8, 306.1), (428.8, 308.0), (428.8, 308.0), (428.8, 308.0), (428.8, 308.0), (428.8, 308.0), (428.8, 308.0), (428.8, 308.0), (428.8, 308.0), (428.8, 308.0), (428.8, 308.0), (428.8, 308.0), (428.8, 308.0), (428.8, 306.1), (428.8, 291.2), (428.8, 287.5), (428.8, 287.5), (428.8, 287.5), (428.8, 287.5), (428.8, 287.5), (428.8, 287.5), (428.8, 287.5), (428.8, 287.5), (428.8, 287.5), (428.8, 287.5), (428.8, 287.5), (428.8, 287.5), (428.8, 287.5)]",1,0,12.02
experienced,bomberman,8,Bomb,5,0,29.71,1.0,"[(48.0, 112.0), (62.9, 115.7), (77.9, 115.7), (98.4, 115.7), (113.3, 121.3), (115.2, 136.3), (115.2, 153.1), (115.2, 171.7), (128.3, 179.2), (143.2, 179.2), (165.6, 179.2), (180.5, 188.5), (173.1, 203.5), (173.1, 224.0), (182.4, 238.9), (197.3, 244.5), (214.1, 244.5), (234.7, 244.5), (242.1, 259.5), (236.5, 274.4), (242.1, 296.8), (255.2, 308.0), (270.1, 308.0), (285.1, 308.0), (300.0, 308.0), (314.9, 308.0), (320.5, 308.0), (320.5, 308.0), (320.5, 308.0), (320.5, 308.0), (320.5, 308.0), (333.6, 308.0), (346.7, 308.0), (361.6, 308.0), (365.3, 308.0), (365.3, 308.0), (365.3, 308.0), (365.3, 308.0), (365.3, 308.0), (365.3, 308.0), (365.3, 308.0), (365.3, 308.0), (365.3, 308.0), (365.3, 308.0), (365.3, 308.0), (365.3, 308.0), (365.3, 308.0), (365.3, 308.0), (365.3, 308.0), (365.3, 308.0), (365.3, 308.0), (365.3, 308.0), (365.3, 308.0), (365.3, 308.0), (369.1, 308.0), (384.0, 308.0), (393.3, 300.5), (398.9, 300.5), (398.9, 300.5), (398.9, 300.5), (402.7, 300.5), (425.1, 308.0), (428.8, 308.0), (428.8, 308.0), (428.8, 308.0), (428.8, 308.0), (428.8, 308.0), (428.8, 308.0), (428.8, 308.0), (428.8, 308.0), (428.8, 308.0), (428.8, 308.0), (428.8, 308.0), (428.8, 308.0), (428.8, 308.0), (428.8, 308.0), (428.8, 308.0), (428.8, 308.0), (428.8, 308.0), (428.8, 308.0), (428.8, 308.0), (428.8, 308.0), (428.8, 308.0), (428.8, 308.0), (428.8, 308.0), (428.8, 308.0), (428.8, 308.0), (428.8, 308.0), (428.8, 308.0), (428.8, 308.0), (428.8, 308.0)]",1,0,12.0
experienced,bomberman,8,Bomb,39,0,26.97,1.0,"[(48.0, 112.0), (62.9, 115.7), (70.4, 115.7), (76.0, 115.7), (76.0, 115.7), (76.0, 115.7), (87.2, 115.7), (105.9, 115.7), (115.2, 128.8), (109.6, 143.7), (113.3, 164.3), (120.8, 179.2), (135.7, 179.2), (154.4, 179.2), (173.1, 181.1), (176.8, 196.0), (173.1, 210.9), (180.5, 231.5), (189.9, 244.5), (204.8, 244.5), (227.2, 244.5), (242.1, 252.0), (236.5, 266.9), (236.5, 287.5), (247.7, 304.3), (262.7, 308.0), (277.6, 308.0), (292.5, 308.0), (307.5, 308.0), (311.2, 308.0), (314.9, 308.0), (307.5, 308.0), (307.5, 308.0), (313.1, 308.0), (313.1, 308.0), (318.7, 308.0), (326.1, 308.0), (341.1, 308.0), (352.3, 308.0), (352.3, 308.0), (359.7, 308.0), (363.5, 308.0), (365.3, 308.0), (365.3, 308.0), (365.3, 308.0), (365.3, 308.0), (365.3, 308.0), (365.3, 308.0), (365.3, 308.0), (365.3, 308.0), (365.3, 308.0), (365.3, 308.0), (365.3, 308.0), (365.3, 308.0), (365.3, 308.0), (365.3, 308.0), (365.3, 308.0), (365.3, 308.0), (369.1, 308.0), (384.0, 308.0), (398.9, 300.5), (417.6, 300.5), (417.6, 300.5), (417.6, 300.5), (417.6, 300.5), (417.6, 300.5), (421.3, 308.0), (421.3, 308.0), (417.6, 308.0), (415.7, 306.1), (404.5, 300.5), (402.7, 300.5), (404.5, 308.0), (410.1, 308.0), (415.7, 308.0), (417.6, 308.0), (417.6, 308.0), (417.6, 308.0), (417.6, 308.0), (417.6, 308.0), (417.6, 308.0), (417.6, 308.0), (417.6, 308.0), (417.6, 308.0), (417.6, 308.0), (417.6, 308.0), (417.6, 308.0), (417.6, 308.0), (417.6, 308.0), (417.6, 308.0), (417.6, 308.0), (417.6, 308.0), (417.6, 308.0), (417.6, 308.0), (417.6, 308.0), (421.3, 300.5), (428.8, 306.1), (428.8, 308.0), (428.8, 308.0)]",1,0,13.08
experienced,bomberman,8,Bomb,6,0,28.62,1.0,"[(48.0, 112.0), (62.9, 115.7), (62.9, 115.7), (62.9, 115.7), (74.1, 115.7), (76.0, 115.7), (76.0, 115.7), (76.0, 115.7), (77.9, 115.7), (94.7, 115.7), (109.6, 117.6), (111.5, 132.5), (109.6, 147.5), (115.2, 168.0), (124.5, 179.2), (139.5, 179.2), (161.9, 179.2), (176.8, 184.8), (173.1, 199.7), (173.1, 216.5), (180.5, 235.2), (193.6, 244.5), (208.5, 244.5), (230.9, 244.5), (244.0, 255.7), (236.5, 270.7), (238.4, 293.1), (251.5, 308.0), (266.4, 308.0), (281.3, 308.0), (296.3, 308.0), (296.3, 308.0), (309.3, 308.0), (324.3, 308.0), (333.6, 308.0), (333.6, 308.0), (333.6, 308.0), (333.6, 308.0), (333.6, 308.0), (333.6, 308.0), (333.6, 308.0), (333.6, 308.0), (333.6, 308.0), (333.6, 308.0), (333.6, 308.0), (333.6, 308.0), (333.6, 308.0), (333.6, 308.0), (333.6, 308.0), (333.6, 308.0), (333.6, 308.0), (333.6, 308.0), (333.6, 308.0), (333.6, 308.0), (333.6, 308.0), (333.6, 308.0), (354.1, 302.4), (369.1, 308.0), (384.0, 308.0), (384.0, 308.0), (384.0, 308.0), (384.0, 308.0), (397.1, 300.5), (419.5, 302.4), (428.8, 308.0), (428.8, 308.0), (428.8, 308.0), (428.8, 308.0), (428.8, 308.0), (428.8, 308.0), (428.8, 308.0), (428.8, 308.0), (428.8, 308.0), (428.8, 308.0), (428.8, 308.0), (428.8, 308.0), (428.8, 308.0), (428.8, 308.0), (428.8, 308.0), (428.8, 308.0), (428.8, 308.0), (428.8, 308.0), (428.8, 308.0), (428.8, 308.0), (428.8, 308.0), (428.8, 308.0), (428.8, 308.0), (428.8, 308.0), (428.8, 308.0), (428.8, 308.0), (428.8, 308.0), (428.8, 296.8)]",0,0,12.13
experienced,bomberman,8,Bomb,5,0,29.71,1.0,"[(48.0, 112.0), (62.9, 115.7), (77.9, 115.7), (98.4, 115.7), (113.3, 121.3), (115.2, 136.3), (115.2, 153.1), (115.2, 171.7), (128.3, 179.2), (143.2, 179.2), (165.6, 179.2), (180.5, 188.5), (173.1, 203.5), (173.1, 224.0), (182.4, 238.9), (197.3, 244.5), (214.1, 244.5), (234.7, 244.5), (242.1, 259.5), (236.5, 274.4), (242.1, 296.8), (255.2, 308.0), (270.1, 308.0), (285.1, 308.0), (300.0, 308.0), (314.9, 308.0), (320.5, 308.0), (320.5, 308.0), (320.5, 308.0), (320.5, 308.0), (320.5, 308.0), (333.6, 308.0), (346.7, 308.0), (361.6, 308.0), (365.3, 308.0), (365.3, 308.0), (365.3, 308.0), (365.3, 308.0), (365.3, 308.0), (365.3, 308.0), (365.3, 308.0), (365.3, 308.0), (365.3, 308.0), (365.3, 308.0), (365.3, 308.0), (365.3, 308.0), (365.3, 308.0), (365.3, 308.0), (365.3, 308.0), (365.3, 308.0), (365.3, 308.0), (365.3, 308.0), (365.3, 308.0), (365.3, 308.0), (369.1, 308.0), (384.0, 308.0), (393.3, 300.5), (398.9, 300.5), (398.9, 300.5), (398.9, 300.5), (402.7, 300.5), (425.1, 308.0), (428.8, 308.0), (428.8, 308.0), (428.8, 308.0), (428.8, 308.0), (428.8, 308.0), (428.8, 308.0), (428.8, 308.0), (428.8, 308.0), (428.8, 308.0), (428.8, 308.0), (428.8, 308.0), (428.8, 308.0), (428.8, 308.0), (428.8, 308.0), (428.8, 308.0), (428.8, 308.0), (428.8, 308.0), (428.8, 308.0), (428.8, 308.0), (428.8, 308.0), (428.8, 308.0), (428.8, 308.0), (428.8, 308.0), (428.8, 308.0), (428.8, 308.0), (428.8, 308.0), (428.8, 308.0), (428.8, 308.0), (428.8, 308.0)]",1,0,12.0
experienced,bomberman,8,Bomb,30,0,29.36,1.0,"[(48.0, 112.0), (62.9, 115.7), (77.9, 115.7), (98.4, 115.7), (113.3, 121.3), (109.6, 136.3), (109.6, 153.1), (115.2, 171.7), (128.3, 179.2), (143.2, 179.2), (165.6, 179.2), (180.5, 188.5), (173.1, 203.5), (173.1, 224.0), (182.4, 238.9), (197.3, 244.5), (214.1, 244.5), (234.7, 244.5), (242.1, 259.5), (236.5, 274.4), (242.1, 296.8), (255.2, 308.0), (270.1, 308.0), (285.1, 308.0), (300.0, 308.0), (314.9, 308.0), (320.5, 308.0), (320.5, 308.0), (320.5, 308.0), (326.1, 308.0), (328.0, 308.0), (341.1, 308.0), (356.0, 308.0), (365.3, 308.0), (365.3, 308.0), (365.3, 308.0), (365.3, 308.0), (365.3, 308.0), (365.3, 308.0), (365.3, 308.0), (365.3, 308.0), (365.3, 308.0), (365.3, 308.0), (365.3, 308.0), (365.3, 308.0), (365.3, 308.0), (365.3, 308.0), (365.3, 308.0), (365.3, 308.0), (365.3, 308.0), (365.3, 308.0), (365.3, 308.0), (365.3, 308.0), (365.3, 308.0), (372.8, 308.0), (384.0, 300.5), (384.0, 300.5), (384.0, 300.5), (384.0, 300.5), (384.0, 300.5), (384.0, 300.5), (398.9, 300.5), (421.3, 300.5), (428.8, 306.1), (428.8, 308.0), (428.8, 308.0), (428.8, 308.0), (428.8, 308.0), (428.8, 308.0), (428.8, 308.0), (428.8, 308.0), (428.8, 308.0), (428.8, 308.0), (428.8, 308.0), (428.8, 308.0), (428.8, 308.0), (428.8, 306.1), (428.8, 291.2), (428.8, 287.5), (428.8, 287.5), (428.8, 287.5), (428.8, 287.5), (428.8, 287.5), (428.8, 287.5), (428.8, 287.5), (428.8, 287.5), (428.8, 287.5), (428.8, 287.5), (428.8, 287.5), (428.8, 287.5), (428.8, 287.5)]",1,0,12.02
experienced,bomberman,8,Bomb,60,0,30.33,1.0,"[(48.0, 112.0), (62.9, 115.7), (77.9, 115.7), (98.4, 115.7), (113.3, 121.3), (109.6, 136.3), (109.6, 153.1), (115.2, 171.7), (128.3, 179.2), (143.2, 179.2), (165.6, 179.2), (180.5, 188.5), (173.1, 203.5), (173.1, 224.0), (182.4, 238.9), (197.3, 244.5), (214.1, 244.5), (234.7, 244.5), (242.1, 259.5), (236.5, 274.4), (242.1, 296.8), (255.2, 308.0), (270.1, 308.0), (285.1, 308.0), (300.0, 308.0), (314.9, 308.0), (320.5, 308.0), (320.5, 308.0), (320.5, 308.0), (320.5, 308.0), (320.5, 308.0), (329.9, 308.0), (342.9, 308.0), (357.9, 308.0), (365.3, 308.0), (365.3, 308.0), (365.3, 308.0), (365.3, 308.0), (365.3, 308.0), (365.3, 308.0), (365.3, 308.0), (365.3, 308.0), (365.3, 308.0), (365.3, 308.0), (365.3, 308.0), (365.3, 308.0), (365.3, 308.0), (365.3, 308.0), (365.3, 308.0), (365.3, 308.0), (365.3, 308.0), (365.3, 308.0), (365.3, 308.0), (365.3, 308.0), (365.3, 308.0), (365.3, 308.0), (370.9, 308.0), (385.9, 300.5), (400.8, 300.5), (415.7, 302.4), (417.6, 300.5), (428.8, 298.7), (436.3, 287.5), (436.3, 287.5), (436.3, 287.5), (436.3, 287.5), (436.3, 287.5), (436.3, 287.5), (436.3, 287.5), (436.3, 287.5), (436.3, 287.5), (436.3, 287.5), (436.3, 287.5), (436.3, 287.5), (436.3, 287.5), (436.3, 287.5), (436.3, 287.5), (436.3, 287.5), (436.3, 287.5), (436.3, 287.5), (436.3, 287.5), (436.3, 287.5), (436.3, 287.5), (436.3, 287.5), (436.3, 287.5), (436.3, 287.5), (436.3, 287.5), (436.3, 287.5), (436.3, 287.5), (436.3, 287.5), (436.3, 287.5)]",1,0,12.0
experienced,bomberman,8,Bomb,8,0,29.4,1.0,"[(48.0, 112.0), (62.9, 115.7), (77.9, 115.7), (98.4, 115.7), (113.3, 121.3), (109.6, 136.3), (109.6, 153.1), (115.2, 171.7), (128.3, 179.2), (143.2, 179.2), (165.6, 179.2), (180.5, 188.5), (173.1, 203.5), (173.1, 224.0), (182.4, 238.9), (197.3, 244.5), (214.1, 244.5), (234.7, 244.5), (242.1, 259.5), (236.5, 274.4), (242.1, 296.8), (255.2, 308.0), (270.1, 308.0), (285.1, 308.0), (300.0, 308.0), (314.9, 308.0), (320.5, 308.0), (326.1, 308.0), (328.0, 308.0), (331.7, 308.0), (335.5, 308.0), (346.7, 308.0), (361.6, 308.0), (365.3, 308.0), (365.3, 308.0), (365.3, 308.0), (365.3, 308.0), (365.3, 308.0), (365.3, 308.0), (365.3, 308.0), (365.3, 308.0), (365.3, 308.0), (365.3, 308.0), (365.3, 308.0), (365.3, 308.0), (365.3, 308.0), (365.3, 308.0), (365.3, 308.0), (365.3, 308.0), (365.3, 308.0), (365.3, 308.0), (365.3, 308.0), (365.3, 308.0), (365.3, 308.0), (365.3, 308.0), (365.3, 308.0), (365.3, 308.0), (370.9, 308.0), (382.1, 304.3), (397.1, 300.5), (400.8, 300.5), (423.2, 300.5), (428.8, 308.0), (428.8, 308.0), (428.8, 308.0), (428.8, 308.0), (428.8, 308.0), (428.8, 308.0), (428.8, 308.0), (428.8, 308.0), (428.8, 308.0), (428.8, 308.0), (428.8, 308.0), (428.8, 308.0), (428.8, 308.0), (428.8, 308.0), (428.8, 308.0), (428.8, 308.0), (428.8, 308.0), (428.8, 308.0), (428.8, 308.0), (428.8, 308.0), (428.8, 308.0), (428.8, 308.0), (428.8, 308.0), (428.8, 308.0), (428.8, 308.0), (428.8, 308.0), (428.8, 308.0), (428.8, 308.0), (428.8, 308.0)]",1,0,12.0
experienced,bomberman,8,Bomb,44,0,29.36,1.0,"[(48.0, 112.0), (62.9, 115.7), (77.9, 115.7), (98.4, 115.7), (113.3, 121.3), (109.6, 136.3), (109.6, 153.1), (115.2, 171.7), (128.3, 179.2), (143.2, 179.2), (165.6, 179.2), (180.5, 188.5), (173.1, 203.5), (173.1, 224.0), (182.4, 238.9), (197.3, 244.5), (214.1, 244.5), (234.7, 244.5), (242.1, 259.5), (236.5, 274.4), (242.1, 296.8), (255.2, 308.0), (270.1, 308.0), (285.1, 308.0), (300.0, 308.0), (314.9, 308.0), (320.5, 308.0), (320.5, 308.0), (320.5, 308.0), (320.5, 308.0), (320.5, 308.0), (329.9, 308.0), (342.9, 308.0), (357.9, 308.0), (365.3, 308.0), (365.3, 308.0), (365.3, 308.0), (365.3, 308.0), (365.3, 308.0), (365.3, 308.0), (365.3, 308.0), (365.3, 308.0), (365.3, 308.0), (365.3, 308.0), (365.3, 308.0), (365.3, 308.0), (365.3, 308.0), (365.3, 308.0), (365.3, 308.0), (365.3, 308.0), (365.3, 308.0), (365.3, 308.0), (365.3, 308.0), (365.3, 308.0), (365.3, 308.0), (365.3, 308.0), (376.5, 304.3), (384.0, 300.5), (384.0, 300.5), (384.0, 300.5), (384.0, 300.5), (398.9, 300.5), (421.3, 300.5), (428.8, 306.1), (428.8, 308.0), (428.8, 308.0), (428.8, 308.0), (428.8, 308.0), (428.8, 308.0), (428.8, 308.0), (428.8, 308.0), (428.8, 308.0), (428.8, 308.0), (428.8, 308.0), (428.8, 308.0), (428.8, 308.0), (428.8, 308.0), (428.8, 308.0), (428.8, 308.0), (428.8, 308.0), (428.8, 308.0), (428.8, 308.0), (428.8, 308.0), (428.8, 306.1), (428.8, 291.2), (428.8, 287.5), (428.8, 287.5), (428.8, 287.5), (428.8, 287.5), (428.8, 287.5), (428.8, 287.5)]",1,0,12.02
experienced,bomberman,8,Bomb,8,0,29.4,1.0,"[(48.0, 112.0), (62.9, 115.7), (77.9, 115.7), (98.4, 115.7), (113.3, 121.3), (109.6, 136.3), (109.6, 153.1), (115.2, 171.7), (128.3, 179.2), (143.2, 179.2), (165.6, 179.2), (180.5, 188.5), (173.1, 203.5), (173.1, 224.0), (182.4, 238.9), (197.3, 244.5), (214.1, 244.5), (234.7, 244.5), (242.1, 259.5), (236.5, 274.4), (242.1, 296.8), (255.2, 308.0), (270.1, 308.0), (285.1, 308.0), (300.0, 308.0), (314.9, 308.0), (329.9, 308.0), (333.6, 308.0), (337.3, 308.0), (341.1, 308.0), (344.8, 308.0), (356.0, 308.0), (365.3, 308.0), (365.3, 308.0), (365.3, 308.0), (365.3, 308.0), (365.3, 308.0), (365.3, 308.0), (365.3, 308.0), (365.3, 308.0), (365.3, 308.0), (365.3, 308.0), (365.3, 308.0), (365.3, 308.0), (365.3, 308.0), (365.3, 308.0), (365.3, 308.0), (365.3, 308.0), (365.3, 308.0), (365.3, 308.0), (365.3, 308.0), (365.3, 308.0), (365.3, 308.0), (365.3, 308.0), (365.3, 308.0), (365.3, 308.0), (365.3, 308.0), (365.3, 308.0), (369.1, 304.3), (384.0, 300.5), (398.9, 300.5), (421.3, 304.3), (428.8, 308.0), (428.8, 308.0), (428.8, 308.0), (428.8, 308.0), (428.8, 308.0), (428.8, 308.0), (428.8, 308.0), (428.8, 308.0), (428.8, 308.0), (428.8, 308.0), (428.8, 308.0), (428.8, 308.0), (428.8, 308.0), (428.8, 308.0), (428.8, 308.0), (428.8, 308.0), (428.8, 308.0), (428.8, 308.0), (428.8, 308.0), (428.8, 308.0), (428.8, 308.0), (428.8, 308.0), (428.8, 308.0), (428.8, 308.0), (428.8, 308.0), (428.8, 308.0), (428.8, 308.0), (428.8, 308.0), (428.8, 304.3)]",1,0,12.0
experienced,bomberman,8,Bomb,44,0,30.24,1.0,"[(48.0, 112.0), (62.9, 115.7), (77.9, 115.7), (98.4, 115.7), (113.3, 121.3), (109.6, 136.3), (109.6, 153.1), (115.2, 171.7), (128.3, 179.2), (143.2, 179.2), (165.6, 179.2), (180.5, 188.5), (173.1, 203.5), (173.1, 224.0), (182.4, 238.9), (197.3, 244.5), (214.1, 244.5), (234.7, 244.5), (242.1, 259.5), (236.5, 274.4), (242.1, 296.8), (255.2, 308.0), (270.1, 308.0), (285.1, 308.0), (300.0, 308.0), (314.9, 308.0), (320.5, 308.0), (320.5, 308.0), (320.5, 308.0), (320.5, 308.0), (320.5, 308.0), (324.3, 308.0), (337.3, 308.0), (350.4, 308.0), (354.1, 308.0), (361.6, 308.0), (365.3, 308.0), (365.3, 308.0), (365.3, 308.0), (365.3, 308.0), (365.3, 308.0), (365.3, 308.0), (365.3, 308.0), (365.3, 308.0), (365.3, 308.0), (365.3, 308.0), (365.3, 308.0), (365.3, 308.0), (365.3, 308.0), (365.3, 308.0), (365.3, 308.0), (367.2, 308.0), (370.9, 308.0), (385.9, 306.1), (400.8, 300.5), (410.1, 300.5), (415.7, 302.4), (417.6, 300.5), (415.7, 300.5), (415.7, 302.4), (417.6, 300.5), (419.5, 300.5), (434.4, 300.5), (436.3, 300.5), (436.3, 300.5), (436.3, 300.5), (436.3, 300.5), (436.3, 287.5), (436.3, 287.5), (436.3, 287.5), (436.3, 287.5), (436.3, 287.5), (436.3, 287.5), (436.3, 287.5), (436.3, 287.5), (436.3, 287.5), (436.3, 287.5), (436.3, 287.5), (436.3, 287.5), (436.3, 287.5), (436.3, 287.5), (436.3, 287.5), (436.3, 287.5), (436.3, 287.5), (436.3, 287.5), (436.3, 287.5), (436.3, 287.5), (436.3, 287.5), (436.3, 287.5), (436.3, 287.5), (436.3, 287.5)]",1,0,12.1
experienced,bomberman,8,Bomb,2,0,-0.47,0.333,"[(48.0, 112.0), (44.3, 126.9), (44.3, 141.9), (44.3, 156.8), (44.3, 171.7), (44.3, 186.7), (44.3, 201.6), (44.3, 216.5), (44.3, 231.5), (44.3, 246.4), (44.3, 261.3), (44.3, 276.3), (44.3, 291.2), (44.3, 306.1), (44.3, 321.1), (44.3, 336.0), (44.3, 339.7), (44.3, 339.7), (44.3, 339.7), (44.3, 339.7), (44.3, 339.7), (44.3, 339.7), (44.3, 339.7), (44.3, 339.7), (44.3, 339.7), (44.3, 339.7), (44.3, 339.7), (44.3, 339.7), (44.3, 339.7), (44.3, 339.7), (44.3, 339.7), (44.3, 339.7), (44.3, 339.7), (44.3, 339.7), (44.3, 339.7), (44.3, 339.7), (44.3, 339.7), (44.3, 339.7), (44.3, 339.7), (44.3, 339.7), (44.3, 339.7), (44.3, 339.7), (44.3, 332.3), (44.3, 321.1), (44.3, 321.1), (44.3, 321.1), (44.3, 321.1), (44.3, 321.1), (44.3, 321.1), (44.3, 321.1), (44.3, 321.1), (44.3, 321.1), (44.3, 321.1), (44.3, 321.1), (44.3, 321.1), (44.3, 321.1), (44.3, 321.1), (44.3, 321.1), (44.3, 321.1), (44.3, 321.1), (44.3, 321.1)]",0,0,8.0
experienced,bomberman,8,Bomb,8,0,26.91,0.944,"[(48.0, 112.0), (62.9, 115.7), (77.9, 115.7), (94.7, 115.7), (109.6, 117.6), (111.5, 132.5), (109.6, 147.5), (115.2, 168.0), (124.5, 179.2), (139.5, 179.2), (161.9, 179.2), (176.8, 184.8), (173.1, 199.7), (173.1, 216.5), (180.5, 235.2), (193.6, 244.5), (208.5, 244.5), (230.9, 244.5), (244.0, 255.7), (236.5, 270.7), (238.4, 293.1), (251.5, 308.0), (257.1, 308.0), (257.1, 308.0), (257.1, 308.0), (257.1, 308.0), (260.8, 308.0), (264.5, 308.0), (270.1, 308.0), (273.9, 308.0), (277.6, 308.0), (290.7, 308.0), (300.0, 308.0), (300.0, 308.0), (300.0, 308.0), (300.0, 308.0), (300.0, 308.0), (300.0, 308.0), (300.0, 308.0), (300.0, 308.0), (300.0, 308.0), (300.0, 308.0), (300.0, 308.0), (300.0, 308.0), (300.0, 308.0), (300.0, 308.0), (300.0, 308.0), (300.0, 308.0), (300.0, 308.0), (300.0, 308.0), (300.0, 308.0), (300.0, 308.0), (300.0, 308.0), (300.0, 308.0), (300.0, 308.0), (300.0, 308.0), (301.9, 308.0), (305.6, 308.0), (320.5, 308.0), (335.5, 300.5), (352.3, 300.5), (367.2, 308.0), (382.1, 308.0), (397.1, 308.0), (397.1, 308.0), (397.1, 308.0), (397.1, 308.0), (397.1, 308.0), (397.1, 308.0), (397.1, 308.0), (397.1, 308.0), (397.1, 308.0), (397.1, 308.0), (397.1, 308.0), (397.1, 308.0), (397.1, 308.0), (397.1, 300.5), (397.1, 300.5), (397.1, 300.5), (397.1, 300.5), (397.1, 300.5), (397.1, 300.5), (397.1, 300.5), (397.1, 300.5), (397.1, 300.5), (397.1, 300.5), (397.1, 300.5), (397.1, 300.5), (397.1, 300.5), (397.1, 300.5), (397.1, 300.5)]",0,0,12.0
experienced,bomberman,8,Enemy,4,0,33.26,1.0,"[(48.0, 112.0), (62.9, 115.7), (77.9, 115.7), (98.4, 115.7), (113.3, 121.3), (109.6, 136.3), (109.6, 153.1), (115.2, 171.7), (128.3, 179.2), (143.2, 179.2), (165.6, 179.2), (180.5, 188.5), (173.1, 203.5), (173.1, 224.0), (182.4, 238.9), (197.3, 244.5), (214.1, 244.5), (234.7, 244.5), (242.1, 259.5), (236.5, 274.4), (242.1, 296.8), (255.2, 308.0), (270.1, 308.0), (285.1, 308.0), (300.0, 308.0), (314.9, 308.0), (320.5, 308.0), (322.4, 308.0), (326.1, 308.0), (328.0, 308.0), (331.7, 308.0), (331.7, 308.0), (331.7, 308.0), (331.7, 308.0), (331.7, 308.0), (331.7, 308.0), (331.7, 308.0), (331.7, 308.0), (331.7, 308.0), (331.7, 308.0), (331.7, 308.0), (331.7, 308.0), (331.7, 308.0), (331.7, 308.0), (337.3, 308.0), (339.2, 308.0), (342.9, 308.0), (344.8, 308.0), (348.5, 308.0), (361.6, 302.4), (376.5, 302.4), (391.5, 300.5), (408.3, 300.5), (423.2, 300.5), (436.3, 300.5), (436.3, 300.5), (436.3, 300.5), (436.3, 300.5), (436.3, 300.5), (436.3, 300.5), (436.3, 300.5), (436.3, 300.5), (436.3, 300.5), (436.3, 300.5), (436.3, 300.5), (436.3, 300.5), (436.3, 300.5), (436.3, 300.5), (436.3, 300.5), (436.3, 300.5), (436.3, 300.5), (436.3, 300.5), (436.3, 300.5), (436.3, 300.5), (436.3, 300.5), (436.3, 300.5), (436.3, 300.5), (436.3, 300.5), (436.3, 300.5), (436.3, 300.5), (436.3, 300.5), (436.3, 300.5), (436.3, 300.5)]",0,0,11.0
experienced,bomberman,8,Bomb,44,0,30.24,1.0,"[(48.0, 112.0), (62.9, 115.7), (77.9, 115.7), (98.4, 115.7), (113.3, 121.3), (109.6, 136.3), (109.6, 153.1), (115.2, 171.7), (128.3, 179.2), (143.2, 179.2), (165.6, 179.2), (180.5, 188.5), (173.1, 203.5), (173.1, 224.0), (182.4, 238.9), (197.3, 244.5), (214.1, 244.5), (234.7, 244.5), (242.1, 259.5), (236.5, 274.4), (242.1, 296.8), (255.2, 308.0), (270.1, 308.0), (285.1, 308.0), (300.0, 308.0), (314.9, 308.0), (320.5, 308.0), (320.5, 308.0), (320.5, 308.0), (320.5, 308.0), (320.5, 308.0), (324.3, 308.0), (337.3, 308.0), (350.4, 308.0), (354.1, 308.0), (361.6, 308.0), (365.3, 308.0), (365.3, 308.0), (365.3, 308.0), (365.3, 308.0), (365.3, 308.0), (365.3, 308.0), (365.3, 308.0), (365.3, 308.0), (365.3, 308.0), (365.3, 308.0), (365.3, 308.0), (365.3, 308.0), (365.3, 308.0), (365.3, 308.0), (365.3, 308.0), (367.2, 308.0), (370.9, 308.0), (385.9, 306.1), (400.8, 300.5), (410.1, 300.5), (415.7, 302.4), (417.6, 300.5), (415.7, 300.5), (415.7, 302.4), (417.6, 300.5), (419.5, 300.5), (434.4, 300.5), (436.3, 300.5), (436.3, 300.5), (436.3, 300.5), (436.3, 300.5), (436.3, 287.5), (436.3, 287.5), (436.3, 287.5), (436.3, 287.5), (436.3, 287.5), (436.3, 287.5), (436.3, 287.5), (436.3, 287.5), (436.3, 287.5), (436.3, 287.5), (436.3, 287.5), (436.3, 287.5), (436.3, 287.5), (436.3, 287.5), (436.3, 287.5), (436.3, 287.5), (436.3, 287.5), (436.3, 287.5), (436.3, 287.5), (436.3, 287.5), (436.3, 287.5), (436.3, 287.5), (436.3, 287.5), (436.3, 287.5)]",1,0,12.1
experienced,bomberman,8,Bomb,8,0,29.4,1.0,"[(48.0, 112.0), (62.9, 115.7), (77.9, 115.7), (98.4, 115.7), (113.3, 121.3), (109.6, 136.3), (109.6, 153.1), (115.2, 171.7), (128.3, 179.2), (143.2, 179.2), (165.6, 179.2), (180.5, 188.5), (173.1, 203.5), (173.1, 224.0), (182.4, 238.9), (197.3, 244.5), (214.1, 244.5), (234.7, 244.5), (242.1, 259.5), (236.5, 274.4), (242.1, 296.8), (255.2, 308.0), (270.1, 308.0), (285.1, 308.0), (300.0, 308.0), (314.9, 308.0), (329.9, 308.0), (333.6, 308.0), (337.3, 308.0), (341.1, 308.0), (344.8, 308.0), (356.0, 308.0), (365.3, 308.0), (365.3, 308.0), (365.3, 308.0), (365.3, 308.0), (365.3, 308.0), (365.3, 308.0), (365.3, 308.0), (365.3, 308.0), (365.3, 308.0), (365.3, 308.0), (365.3, 308.0), (365.3, 308.0), (365.3, 308.0), (365.3, 308.0), (365.3, 308.0), (365.3, 308.0), (365.3, 308.0), (365.3, 308.0), (365.3, 308.0), (365.3, 308.0), (365.3, 308.0), (365.3, 308.0), (365.3, 308.0), (365.3, 308.0), (365.3, 308.0), (365.3, 308.0), (369.1, 304.3), (384.0, 300.5), (398.9, 300.5), (421.3, 304.3), (428.8, 308.0), (428.8, 308.0), (428.8, 308.0), (428.8, 308.0), (428.8, 308.0), (428.8, 308.0), (428.8, 308.0), (428.8, 308.0), (428.8, 308.0), (428.8, 308.0), (428.8, 308.0), (428.8, 308.0), (428.8, 308.0), (428.8, 308.0), (428.8, 308.0), (428.8, 308.0), (428.8, 308.0), (428.8, 308.0), (428.8, 308.0), (428.8, 308.0), (428.8, 308.0), (428.8, 308.0), (428.8, 308.0), (428.8, 308.0), (428.8, 308.0), (428.8, 308.0), (428.8, 308.0), (428.8, 308.0), (428.8, 304.3)]",1,0,12.0
experienced,bomberman,8,Bomb,44,0,29.36,1.0,"[(48.0, 112.0), (62.9, 115.7), (77.9, 115.7), (98.4, 115.7), (113.3, 121.3), (109.6, 136.3), (109.6, 153.1), (115.2, 171.7), (128.3, 179.2), (143.2, 179.2), (165.6, 179.2), (180.5, 188.5), (173.1, 203.5), (173.1, 224.0), (182.4, 238.9), (197.3, 244.5), (214.1, 244.5), (234.7, 244.5), (242.1, 259.5), (236.5, 274.4), (242.1, 296.8), (255.2, 308.0), (270.1, 308.0), (285.1, 308.0), (300.0, 308.0), (314.9, 308.0), (320.5, 308.0), (320.5, 308.0), (320.5, 308.0), (320.5, 308.0), (320.5, 308.0), (329.9, 308.0), (342.9, 308.0), (357.9, 308.0), (365.3, 308.0), (365.3, 308.0), (365.3, 308.0), (365.3, 308.0), (365.3, 308.0), (365.3, 308.0), (365.3, 308.0), (365.3, 308.0), (365.3, 308.0), (365.3, 308.0), (365.3, 308.0), (365.3, 308.0), (365.3, 308.0), (365.3, 308.0), (365.3, 308.0), (365.3, 308.0), (365.3, 308.0), (365.3, 308.0), (365.3, 308.0), (365.3, 308.0), (365.3, 308.0), (365.3, 308.0), (376.5, 304.3), (384.0, 300.5), (384.0, 300.5), (384.0, 300.5), (384.0, 300.5), (398.9, 300.5), (421.3, 300.5), (428.8, 306.1), (428.8, 308.0), (428.8, 308.0), (428.8, 308.0), (428.8, 308.0), (428.8, 308.0), (428.8, 308.0), (428.8, 308.0), (428.8, 308.0), (428.8, 308.0), (428.8, 308.0), (428.8, 308.0), (428.8, 308.0), (428.8, 308.0), (428.8, 308.0), (428.8, 308.0), (428.8, 308.0), (428.8, 308.0), (428.8, 308.0), (428.8, 308.0), (428.8, 306.1), (428.8, 291.2), (428.8, 287.5), (428.8, 287.5), (428.8, 287.5), (428.8, 287.5), (428.8, 287.5), (428.8, 287.5)]",1,0,12.02
experienced,bomberman,8,Bomb,8,0,29.4,1.0,"[(48.0, 112.0), (62.9, 115.7), (77.9, 115.7), (98.4, 115.7), (113.3, 121.3), (109.6, 136.3), (109.6, 153.1), (115.2, 171.7), (128.3, 179.2), (143.2, 179.2), (165.6, 179.2), (180.5, 188.5), (173.1, 203.5), (173.1, 224.0), (182.4, 238.9), (197.3, 244.5), (214.1, 244.5), (234.7, 244.5), (242.1, 259.5), (236.5, 274.4), (242.1, 296.8), (255.2, 308.0), (270.1, 308.0), (285.1, 308.0), (300.0, 308.0), (314.9, 308.0), (320.5, 308.0), (326.1, 308.0), (328.0, 308.0), (331.7, 308.0), (335.5, 308.0), (346.7, 308.0), (361.6, 308.0), (365.3, 308.0), (365.3, 308.0), (365.3, 308.0), (365.3, 308.0), (365.3, 308.0), (365.3, 308.0), (365.3, 308.0), (365.3, 308.0), (365.3, 308.0), (365.3, 308.0), (365.3, 308.0), (365.3, 308.0), (365.3, 308.0), (365.3, 308.0), (365.3, 308.0), (365.3, 308.0), (365.3, 308.0), (365.3, 308.0), (365.3, 308.0), (365.3, 308.0), (365.3, 308.0), (365.3, 308.0), (365.3, 308.0), (365.3, 308.0), (370.9, 308.0), (382.1, 304.3), (397.1, 300.5), (400.8, 300.5), (423.2, 300.5), (428.8, 308.0), (428.8, 308.0), (428.8, 308.0), (428.8, 308.0), (428.8, 308.0), (428.8, 308.0), (428.8, 308.0), (428.8, 308.0), (428.8, 308.0), (428.8, 308.0), (428.8, 308.0), (428.8, 308.0), (428.8, 308.0), (428.8, 308.0), (428.8, 308.0), (428.8, 308.0), (428.8, 308.0), (428.8, 308.0), (428.8, 308.0), (428.8, 308.0), (428.8, 308.0), (428.8, 308.0), (428.8, 308.0), (428.8, 308.0), (428.8, 308.0), (428.8, 308.0), (428.8, 308.0), (428.8, 308.0), (428.8, 308.0)]",1,0,12.0
experienced,bomberman,8,Bomb,60,0,30.33,1.0,"[(48.0, 112.0), (62.9, 115.7), (77.9, 115.7), (98.4, 115.7), (113.3, 121.3), (109.6, 136.3), (109.6, 153.1), (115.2, 171.7), (128.3, 179.2), (143.2, 179.2), (165.6, 179.2), (180.5, 188.5), (173.1, 203.5), (173.1, 224.0), (182.4, 238.9), (197.3, 244.5), (214.1, 244.5), (234.7, 244.5), (242.1, 259.5), (236.5, 274.4), (242.1, 296.8), (255.2, 308.0), (270.1, 308.0), (285.1, 308.0), (300.0, 308.0), (314.9, 308.0), (320.5, 308.0), (320.5, 308.0), (320.5, 308.0), (320.5, 308.0), (320.5, 308.0), (329.9, 308.0), (342.9, 308.0), (357.9, 308.0), (365.3, 308.0), (365.3, 308.0), (365.3, 308.0), (365.3, 308.0), (365.3, 308.0), (365.3, 308.0), (365.3, 308.0), (365.3, 308.0), (365.3, 308.0), (365.3, 308.0), (365.3, 308.0), (365.3, 308.0), (365.3, 308.0), (365.3, 308.0), (365.3, 308.0), (365.3, 308.0), (365.3, 308.0), (365.3, 308.0), (365.3, 308.0), (365.3, 308.0), (365.3, 308.0), (365.3, 308.0), (370.9, 308.0), (385.9, 300.5), (400.8, 300.5), (415.7, 302.4), (417.6, 300.5), (428.8, 298.7), (436.3, 287.5), (436.3, 287.5), (436.3, 287.5), (436.3, 287.5), (436.3, 287.5), (436.3, 287.5), (436.3, 287.5), (436.3, 287.5), (436.3, 287.5), (436.3, 287.5), (436.3, 287.5), (436.3, 287.5), (436.3, 287.5), (436.3, 287.5), (436.3, 287.5), (436.3, 287.5), (436.3, 287.5), (436.3, 287.5), (436.3, 287.5), (436.3, 287.5), (436.3, 287.5), (436.3, 287.5), (436.3, 287.5), (436.3, 287.5), (436.3, 287.5), (436.3, 287.5), (436.3, 287.5), (436.3, 287.5), (436.3, 287.5)]",1,0,12.0
experienced,bomberman,8,Bomb,30,0,29.36,1.0,"[(48.0, 112.0), (62.9, 115.7), (77.9, 115.7), (98.4, 115.7), (113.3, 121.3), (109.6, 136.3), (109.6, 153.1), (115.2, 171.7), (128.3, 179.2), (143.2, 179.2), (165.6, 179.2), (180.5, 188.5), (173.1, 203.5), (173.1, 224.0), (182.4, 238.9), (197.3, 244.5), (214.1, 244.5), (234.7, 244.5), (242.1, 259.5), (236.5, 274.4), (242.1, 296.8), (255.2, 308.0), (270.1, 308.0), (285.1, 308.0), (300.0, 308.0), (314.9, 308.0), (320.5, 308.0), (320.5, 308.0), (320.5, 308.0), (326.1, 308.0), (328.0, 308.0), (341.1, 308.0), (356.0, 308.0), (365.3, 308.0), (365.3, 308.0), (365.3, 308.0), (365.3, 308.0), (365.3, 308.0), (365.3, 308.0), (365.3, 308.0), (365.3, 308.0), (365.3, 308.0), (365.3, 308.0), (365.3, 308.0), (365.3, 308.0), (365.3, 308.0), (365.3, 308.0), (365.3, 308.0), (365.3, 308.0), (365.3, 308.0), (365.3, 308.0), (365.3, 308.0), (365.3, 308.0), (365.3, 308.0), (372.8, 308.0), (384.0, 300.5), (384.0, 300.5), (384.0, 300.5), (384.0, 300.5), (384.0, 300.5), (384.0, 300.5), (398.9, 300.5), (421.3, 300.5), (428.8, 306.1), (428.8, 308.0), (428.8, 308.0), (428.8, 308.0), (428.8, 308.0), (428.8, 308.0), (428.8, 308.0), (428.8, 308.0), (428.8, 308.0), (428.8, 308.0), (428.8, 308.0), (428.8, 308.0), (428.8, 308.0), (428.8, 306.1), (428.8, 291.2), (428.8, 287.5), (428.8, 287.5), (428.8, 287.5), (428.8, 287.5), (428.8, 287.5), (428.8, 287.5), (428.8, 287.5), (428.8, 287.5), (428.8, 287.5), (428.8, 287.5), (428.8, 287.5), (428.8, 287.5), (428.8, 287.5)]",1,0,12.02
experienced,bomberman,8,Bomb,7,0,29.98,1.0,"[(48.0, 112.0), (62.9, 115.7), (77.9, 115.7), (98.4, 115.7), (113.3, 121.3), (109.6, 136.3), (109.6, 153.1), (115.2, 171.7), (128.3, 179.2), (143.2, 179.2), (165.6, 179.2), (180.5, 188.5), (173.1, 203.5), (173.1, 224.0), (182.4, 238.9), (197.3, 244.5), (214.1, 244.5), (234.7, 244.5), (242.1, 259.5), (236.5, 274.4), (242.1, 296.8), (255.2, 308.0), (270.1, 308.0), (275.7, 308.0), (279.5, 308.0), (283.2, 308.0), (286.9, 308.0), (300.0, 308.0), (314.9, 308.0), (320.5, 308.0), (320.5, 308.0), (320.5, 308.0), (326.1, 308.0), (339.2, 308.0), (352.3, 308.0), (365.3, 308.0), (365.3, 308.0), (365.3, 308.0), (365.3, 308.0), (365.3, 308.0), (365.3, 308.0), (365.3, 308.0), (365.3, 308.0), (365.3, 308.0), (365.3, 308.0), (365.3, 308.0), (365.3, 308.0), (365.3, 308.0), (365.3, 308.0), (365.3, 308.0), (365.3, 308.0), (365.3, 308.0), (365.3, 308.0), (365.3, 308.0), (365.3, 308.0), (369.1, 308.0), (380.3, 300.5), (389.6, 300.5), (393.3, 300.5), (398.9, 300.5), (404.5, 300.5), (425.1, 300.5), (428.8, 308.0), (428.8, 308.0), (428.8, 308.0), (428.8, 308.0), (428.8, 308.0), (428.8, 308.0), (428.8, 308.0), (428.8, 308.0), (428.8, 308.0), (428.8, 308.0), (428.8, 308.0), (428.8, 308.0), (428.8, 308.0), (428.8, 308.0), (428.8, 308.0), (428.8, 308.0), (428.8, 308.0), (428.8, 308.0), (428.8, 308.0), (428.8, 308.0), (428.8, 308.0), (428.8, 308.0), (428.8, 308.0), (428.8, 308.0), (428.8, 308.0), (428.8, 298.7), (428.8, 287.5), (428.8, 287.5), (428.8, 287.5)]",1,0,12.02
experienced,bomberman,8,Bomb,72,0,30.33,1.0,"[(48.0, 112.0), (62.9, 115.7), (77.9, 115.7), (98.4, 115.7), (113.3, 121.3), (109.6, 136.3), (109.6, 153.1), (115.2, 171.7), (128.3, 179.2), (143.2, 179.2), (165.6, 179.2), (180.5, 188.5), (173.1, 203.5), (173.1, 224.0), (182.4, 238.9), (197.3, 244.5), (214.1, 244.5), (234.7, 244.5), (242.1, 259.5), (236.5, 274.4), (242.1, 296.8), (255.2, 308.0), (270.1, 308.0), (283.2, 308.0), (288.8, 308.0), (303.7, 308.0), (314.9, 308.0), (320.5, 308.0), (320.5, 308.0), (320.5, 308.0), (320.5, 308.0), (320.5, 308.0), (335.5, 308.0), (350.4, 308.0), (350.4, 308.0), (357.9, 308.0), (361.6, 308.0), (365.3, 308.0), (365.3, 308.0), (365.3, 308.0), (365.3, 308.0), (365.3, 308.0), (365.3, 308.0), (365.3, 308.0), (365.3, 308.0), (365.3, 308.0), (365.3, 308.0), (365.3, 308.0), (365.3, 308.0), (365.3, 308.0), (365.3, 308.0), (365.3, 308.0), (370.9, 308.0), (385.9, 306.1), (400.8, 300.5), (417.6, 300.5), (415.7, 300.5), (415.7, 302.4), (417.6, 300.5), (417.6, 300.5), (417.6, 300.5), (430.7, 296.8), (434.4, 289.3), (434.4, 289.3), (434.4, 289.3), (434.4, 289.3), (434.4, 289.3), (434.4, 289.3), (434.4, 289.3), (434.4, 289.3), (434.4, 289.3), (434.4, 289.3), (434.4, 289.3), (434.4, 289.3), (434.4, 289.3), (434.4, 289.3), (434.4, 289.3), (434.4, 289.3), (434.4, 289.3), (434.4, 289.3), (434.4, 289.3), (434.4, 289.3), (434.4, 289.3), (434.4, 289.3), (434.4, 289.3), (434.4, 289.3), (434.4, 289.3), (434.4, 289.3), (434.4, 289.3), (434.4, 289.3), (434.4, 289.3)]",1,0,12.0
experienced,bomberman,8,Bomb,41,0,27.42,1.0,"[(48.0, 112.0), (62.9, 115.7), (77.9, 115.7), (98.4, 115.7), (113.3, 121.3), (109.6, 136.3), (109.6, 153.1), (115.2, 171.7), (128.3, 179.2), (143.2, 179.2), (165.6, 179.2), (180.5, 188.5), (173.1, 203.5), (173.1, 224.0), (182.4, 238.9), (197.3, 244.5), (214.1, 244.5), (234.7, 244.5), (242.1, 259.5), (236.5, 274.4), (242.1, 296.8), (255.2, 308.0), (270.1, 308.0), (285.1, 308.0), (300.0, 308.0), (314.9, 308.0), (320.5, 308.0), (324.3, 308.0), (328.0, 308.0), (331.7, 308.0), (335.5, 308.0), (335.5, 308.0), (335.5, 308.0), (335.5, 308.0), (335.5, 308.0), (335.5, 308.0), (335.5, 308.0), (341.1, 308.0), (356.0, 308.0), (365.3, 308.0), (365.3, 308.0), (365.3, 308.0), (365.3, 308.0), (365.3, 308.0), (365.3, 308.0), (365.3, 308.0), (365.3, 308.0), (365.3, 308.0), (365.3, 308.0), (365.3, 308.0), (365.3, 308.0), (365.3, 308.0), (365.3, 308.0), (365.3, 308.0), (365.3, 308.0), (367.2, 308.0), (374.7, 306.1), (389.6, 300.5), (406.4, 300.5), (415.7, 302.4), (415.7, 302.4), (415.7, 302.4), (415.7, 302.4), (415.7, 302.4), (415.7, 302.4), (415.7, 302.4), (415.7, 302.4), (423.2, 300.5), (428.8, 308.0), (428.8, 308.0), (428.8, 308.0), (428.8, 308.0), (428.8, 308.0), (428.8, 308.0), (428.8, 308.0), (428.8, 308.0), (428.8, 308.0), (428.8, 308.0), (428.8, 308.0), (428.8, 308.0), (428.8, 308.0), (428.8, 308.0), (428.8, 308.0), (428.8, 308.0), (428.8, 308.0), (428.8, 308.0), (428.8, 293.1), (428.8, 300.5), (428.8, 308.0), (428.8, 308.0), (428.8, 308.0), (428.8, 308.0), (428.8, 308.0), (428.8, 308.0), (428.8, 308.0), (428.8, 308.0), (428.8, 308.0)]",1,0,12.87
experienced,bomberman,8,Bomb,26,0,39.12,0.944,"[(48.0, 112.0), (62.9, 115.7), (77.9, 115.7), (98.4, 115.7), (113.3, 121.3), (109.6, 136.3), (109.6, 153.1), (115.2, 171.7), (128.3, 179.2), (143.2, 179.2), (165.6, 179.2), (180.5, 188.5), (173.1, 203.5), (173.1, 224.0), (182.4, 238.9), (197.3, 244.5), (214.1, 244.5), (234.7, 244.5), (242.1, 259.5), (236.5, 274.4), (242.1, 296.8), (255.2, 308.0), (270.1, 308.0), (285.1, 308.0), (300.0, 308.0), (314.9, 308.0), (320.5, 308.0), (320.5, 308.0), (320.5, 308.0), (320.5, 308.0), (320.5, 308.0), (328.0, 308.0), (342.9, 308.0), (357.9, 308.0), (365.3, 308.0), (365.3, 308.0), (365.3, 308.0), (365.3, 308.0), (365.3, 308.0), (365.3, 308.0), (365.3, 308.0), (365.3, 308.0), (365.3, 308.0), (365.3, 308.0), (365.3, 308.0), (365.3, 308.0), (365.3, 308.0), (365.3, 308.0), (365.3, 308.0), (365.3, 308.0), (365.3, 308.0), (365.3, 308.0), (365.3, 308.0), (365.3, 308.0), (369.1, 308.0), (384.0, 300.5), (384.0, 300.5), (384.0, 300.5), (384.0, 300.5), (384.0, 300.5), (384.0, 300.5)]",1,0,8.02
experienced,bomberman,8,Bomb,72,0,30.33,1.0,"[(48.0, 112.0), (62.9, 115.7), (77.9, 115.7), (98.4, 115.7), (113.3, 121.3), (109.6, 136.3), (109.6, 153.1), (115.2, 171.7), (128.3, 179.2), (143.2, 179.2), (165.6, 179.2), (180.5, 188.5), (173.1, 203.5), (173.1, 224.0), (182.4, 238.9), (197.3, 244.5), (214.1, 244.5), (234.7, 244.5), (242.1, 259.5), (236.5, 274.4), (242.1, 296.8), (255.2, 308.0), (270.1, 308.0), (283.2, 308.0), (288.8, 308.0), (303.7, 308.0), (314.9, 308.0), (320.5, 308.0), (320.5, 308.0), (320.5, 308.0), (320.5, 308.0), (320.5, 308.0), (335.5, 308.0), (350.4, 308.0), (350.4, 308.0), (357.9, 308.0), (361.6, 308.0), (365.3, 308.0), (365.3, 308.0), (365.3, 308.0), (365.3, 308.0), (365.3, 308.0), (365.3, 308.0), (365.3, 308.0), (365.3, 308.0), (365.3, 308.0), (365.3, 308.0), (365.3, 308.0), (365.3, 308.0), (365.3, 308.0), (365.3, 308.0), (365.3, 308.0), (370.9, 308.0), (385.9, 306.1), (400.8, 300.5), (417.6, 300.5), (415.7, 300.5), (415.7, 302.4), (417.6, 300.5), (417.6, 300.5), (417.6, 300.5), (430.7, 296.8), (434.4, 289.3), (434.4, 289.3), (434.4, 289.3), (434.4, 289.3), (434.4, 289.3), (434.4, 289.3), (434.4, 289.3), (434.4, 289.3), (434.4, 289.3), (434.4, 289.3), (434.4, 289.3), (434.4, 289.3), (434.4, 289.3), (434.4, 289.3), (434.4, 289.3), (434.4, 289.3), (434.4, 289.3), (434.4, 289.3), (434.4, 289.3), (434.4, 289.3), (434.4, 289.3), (434.4, 289.3), (434.4, 289.3), (434.4, 289.3), (434.4, 289.3), (434.4, 289.3), (434.4, 289.3), (434.4, 289.3), (434.4, 289.3)]",1,0,12.0
experienced,bomberman,8,Bomb,7,0,29.98,1.0,"[(48.0, 112.0), (62.9, 115.7), (77.9, 115.7), (98.4, 115.7), (113.3, 121.3), (109.6, 136.3), (109.6, 153.1), (115.2, 171.7), (128.3, 179.2), (143.2, 179.2), (165.6, 179.2), (180.5, 188.5), (173.1, 203.5), (173.1, 224.0), (182.4, 238.9), (197.3, 244.5), (214.1, 244.5), (234.7, 244.5), (242.1, 259.5), (236.5, 274.4), (242.1, 296.8), (255.2, 308.0), (270.1, 308.0), (275.7, 308.0), (279.5, 308.0), (283.2, 308.0), (286.9, 308.0), (300.0, 308.0), (314.9, 308.0), (320.5, 308.0), (320.5, 308.0), (320.5, 308.0), (326.1, 308.0), (339.2, 308.0), (352.3, 308.0), (365.3, 308.0), (365.3, 308.0), (365.3, 308.0), (365.3, 308.0), (365.3, 308.0), (365.3, 308.0), (365.3, 308.0), (365.3, 308.0), (365.3, 308.0), (365.3, 308.0), (365.3, 308.0), (365.3, 308.0), (365.3, 308.0), (365.3, 308.0), (365.3, 308.0), (365.3, 308.0), (365.3, 308.0), (365.3, 308.0), (365.3, 308.0), (365.3, 308.0), (369.1, 308.0), (380.3, 300.5), (389.6, 300.5), (393.3, 300.5), (398.9, 300.5), (404.5, 300.5), (425.1, 300.5), (428.8, 308.0), (428.8, 308.0), (428.8, 308.0), (428.8, 308.0), (428.8, 308.0), (428.8, 308.0), (428.8, 308.0), (428.8, 308.0), (428.8, 308.0), (428.8, 308.0), (428.8, 308.0), (428.8, 308.0), (428.8, 308.0), (428.8, 308.0), (428.8, 308.0), (428.8, 308.0), (428.8, 308.0), (428.8, 308.0), (428.8, 308.0), (428.8, 308.0), (428.8, 308.0), (428.8, 308.0), (428.8, 308.0), (428.8, 308.0), (428.8, 308.0), (428.8, 298.7), (428.8, 287.5), (428.8, 287.5), (428.8, 287.5)]",1,0,12.02
experienced,bomberman,8,Bomb,30,0,29.36,1.0,"[(48.0, 112.0), (62.9, 115.7), (77.9, 115.7), (98.4, 115.7), (113.3, 121.3), (109.6, 136.3), (109.6, 153.1), (115.2, 171.7), (128.3, 179.2), (143.2, 179.2), (165.6, 179.2), (180.5, 188.5), (173.1, 203.5), (173.1, 224.0), (182.4, 238.9), (197.3, 244.5), (214.1, 244.5), (234.7, 244.5), (242.1, 259.5), (236.5, 274.4), (242.1, 296.8), (255.2, 308.0), (270.1, 308.0), (285.1, 308.0), (300.0, 308.0), (314.9, 308.0), (320.5, 308.0), (320.5, 308.0), (320.5, 308.0), (326.1, 308.0), (328.0, 308.0), (341.1, 308.0), (356.0, 308.0), (365.3, 308.0), (365.3, 308.0), (365.3, 308.0), (365.3, 308.0), (365.3, 308.0), (365.3, 308.0), (365.3, 308.0), (365.3, 308.0), (365.3, 308.0), (365.3, 308.0), (365.3, 308.0), (365.3, 308.0), (365.3, 308.0), (365.3, 308.0), (365.3, 308.0), (365.3, 308.0), (365.3, 308.0), (365.3, 308.0), (365.3, 308.0), (365.3, 308.0), (365.3, 308.0), (372.8, 308.0), (384.0, 300.5), (384.0, 300.5), (384.0, 300.5), (384.0, 300.5), (384.0, 300.5), (384.0, 300.5), (398.9, 300.5), (421.3, 300.5), (428.8, 306.1), (428.8, 308.0), (428.8, 308.0), (428.8, 308.0), (428.8, 308.0), (428.8, 308.0), (428.8, 308.0), (428.8, 308.0), (428.8, 308.0), (428.8, 308.0), (428.8, 308.0), (428.8, 308.0), (428.8, 308.0), (428.8, 306.1), (428.8, 291.2), (428.8, 287.5), (428.8, 287.5), (428.8, 287.5), (428.8, 287.5), (428.8, 287.5), (428.8, 287.5), (428.8, 287.5), (428.8, 287.5), (428.8, 287.5), (428.8, 287.5), (428.8, 287.5), (428.8, 287.5), (428.8, 287.5)]",1,0,12.02
experienced,bomberman,8,Bomb,60,0,30.33,1.0,"[(48.0, 112.0), (62.9, 115.7), (77.9, 115.7), (98.4, 115.7), (113.3, 121.3), (109.6, 136.3), (109.6, 153.1), (115.2, 171.7), (128.3, 179.2), (143.2, 179.2), (165.6, 179.2), (180.5, 188.5), (173.1, 203.5), (173.1, 224.0), (182.4, 238.9), (197.3, 244.5), (214.1, 244.5), (234.7, 244.5), (242.1, 259.5), (236.5, 274.4), (242.1, 296.8), (255.2, 308.0), (270.1, 308.0), (285.1, 308.0), (300.0, 308.0), (314.9, 308.0), (320.5, 308.0), (320.5, 308.0), (320.5, 308.0), (320.5, 308.0), (320.5, 308.0), (329.9, 308.0), (342.9, 308.0), (357.9, 308.0), (365.3, 308.0), (365.3, 308.0), (365.3, 308.0), (365.3, 308.0), (365.3, 308.0), (365.3, 308.0), (365.3, 308.0), (365.3, 308.0), (365.3, 308.0), (365.3, 308.0), (365.3, 308.0), (365.3, 308.0), (365.3, 308.0), (365.3, 308.0), (365.3, 308.0), (365.3, 308.0), (365.3, 308.0), (365.3, 308.0), (365.3, 308.0), (365.3, 308.0), (365.3, 308.0), (365.3, 308.0), (370.9, 308.0), (385.9, 300.5), (400.8, 300.5), (415.7, 302.4), (417.6, 300.5), (428.8, 298.7), (436.3, 287.5), (436.3, 287.5), (436.3, 287.5), (436.3, 287.5), (436.3, 287.5), (436.3, 287.5), (436.3, 287.5), (436.3, 287.5), (436.3, 287.5), (436.3, 287.5), (436.3, 287.5), (436.3, 287.5), (436.3, 287.5), (436.3, 287.5), (436.3, 287.5), (436.3, 287.5), (436.3, 287.5), (436.3, 287.5), (436.3, 287.5), (436.3, 287.5), (436.3, 287.5), (436.3, 287.5), (436.3, 287.5), (436.3, 287.5), (436.3, 287.5), (436.3, 287.5), (436.3, 287.5), (436.3, 287.5), (436.3, 287.5)]",1,0,12.0
experienced,bomberman,8,Bomb,8,0,29.4,1.0,"[(48.0, 112.0), (62.9, 115.7), (77.9, 115.7), (98.4, 115.7), (113.3, 121.3), (109.6, 136.3), (109.6, 153.1), (115.2, 171.7), (128.3, 179.2), (143.2, 179.2), (165.6, 179.2), (180.5, 188.5), (173.1, 203.5), (173.1, 224.0), (182.4, 238.9), (197.3, 244.5), (214.1, 244.5), (234.7, 244.5), (242.1, 259.5), (236.5, 274.4), (242.1, 296.8), (255.2, 308.0), (270.1, 308.0), (285.1, 308.0), (300.0, 308.0), (314.9, 308.0), (320.5, 308.0), (326.1, 308.0), (328.0, 308.0), (331.7, 308.0), (335.5, 308.0), (346.7, 308.0), (361.6, 308.0), (365.3, 308.0), (365.3, 308.0), (365.3, 308.0), (365.3, 308.0), (365.3, 308.0), (365.3, 308.0), (365.3, 308.0), (365.3, 308.0), (365.3, 308.0), (365.3, 308.0), (365.3, 308.0), (365.3, 308.0), (365.3, 308.0), (365.3, 308.0), (365.3, 308.0), (365.3, 308.0), (365.3, 308.0), (365.3, 308.0), (365.3, 308.0), (365.3, 308.0), (365.3, 308.0), (365.3, 308.0), (365.3, 308.0), (365.3, 308.0), (370.9, 308.0), (382.1, 304.3), (397.1, 300.5), (400.8, 300.5), (423.2, 300.5), (428.8, 308.0), (428.8, 308.0), (428.8, 308.0), (428.8, 308.0), (428.8, 308.0), (428.8, 308.0), (428.8, 308.0), (428.8, 308.0), (428.8, 308.0), (428.8, 308.0), (428.8, 308.0), (428.8, 308.0), (428.8, 308.0), (428.8, 308.0), (428.8, 308.0), (428.8, 308.0), (428.8, 308.0), (428.8, 308.0), (428.8, 308.0), (428.8, 308.0), (428.8, 308.0), (428.8, 308.0), (428.8, 308.0), (428.8, 308.0), (428.8, 308.0), (428.8, 308.0), (428.8, 308.0), (428.8, 308.0), (428.8, 308.0)]",1,0,12.0
experienced,bomberman,8,Bomb,44,0,29.36,1.0,"[(48.0, 112.0), (62.9, 115.7), (77.9, 115.7), (98.4, 115.7), (113.3, 121.3), (109.6, 136.3), (109.6, 153.1), (115.2, 171.7), (128.3, 179.2), (143.2, 179.2), (165.6, 179.2), (180.5, 188.5), (173.1, 203.5), (173.1, 224.0), (182.4, 238.9), (197.3, 244.5), (214.1, 244.5), (234.7, 244.5), (242.1, 259.5), (236.5, 274.4), (242.1, 296.8), (255.2, 308.0), (270.1, 308.0), (285.1, 308.0), (300.0, 308.0), (314.9, 308.0), (320.5, 308.0), (320.5, 308.0), (320.5, 308.0), (320.5, 308.0), (320.5, 308.0), (329.9, 308.0), (342.9, 308.0), (357.9, 308.0), (365.3, 308.0), (365.3, 308.0), (365.3, 308.0), (365.3, 308.0), (365.3, 308.0), (365.3, 308.0), (365.3, 308.0), (365.3, 308.0), (365.3, 308.0), (365.3, 308.0), (365.3, 308.0), (365.3, 308.0), (365.3, 308.0), (365.3, 308.0), (365.3, 308.0), (365.3, 308.0), (365.3, 308.0), (365.3, 308.0), (365.3, 308.0), (365.3, 308.0), (365.3, 308.0), (365.3, 308.0), (376.5, 304.3), (384.0, 300.5), (384.0, 300.5), (384.0, 300.5), (384.0, 300.5), (398.9, 300.5), (421.3, 300.5), (428.8, 306.1), (428.8, 308.0), (428.8, 308.0), (428.8, 308.0), (428.8, 308.0), (428.8, 308.0), (428.8, 308.0), (428.8, 308.0), (428.8, 308.0), (428.8, 308.0), (428.8, 308.0), (428.8, 308.0), (428.8, 308.0), (428.8, 308.0), (428.8, 308.0), (428.8, 308.0), (428.8, 308.0), (428.8, 308.0), (428.8, 308.0), (428.8, 308.0), (428.8, 306.1), (428.8, 291.2), (428.8, 287.5), (428.8, 287.5), (428.8, 287.5), (428.8, 287.5), (428.8, 287.5), (428.8, 287.5)]",1,0,12.02
experienced,bomberman,8,Bomb,9,0,24.18,1.0,"[(48.0, 112.0), (62.9, 115.7), (77.9, 115.7), (98.4, 115.7), (113.3, 121.3), (109.6, 136.3), (109.6, 153.1), (115.2, 171.7), (128.3, 179.2), (143.2, 179.2), (165.6, 179.2), (180.5, 188.5), (173.1, 203.5), (173.1, 224.0), (182.4, 238.9), (197.3, 244.5), (214.1, 244.5), (234.7, 244.5), (242.1, 259.5), (236.5, 274.4), (242.1, 296.8), (255.2, 308.0), (264.5, 308.0), (268.3, 308.0), (273.9, 308.0), (277.6, 308.0), (281.3, 308.0), (286.9, 308.0), (298.1, 308.0), (313.1, 308.0), (320.5, 308.0), (320.5, 308.0), (320.5, 308.0), (320.5, 308.0), (320.5, 308.0), (320.5, 308.0), (320.5, 308.0), (320.5, 308.0), (320.5, 308.0), (320.5, 308.0), (320.5, 308.0), (320.5, 308.0), (320.5, 308.0), (320.5, 308.0), (320.5, 308.0), (320.5, 308.0), (328.0, 300.5), (346.7, 300.5), (363.5, 300.5), (365.3, 308.0), (365.3, 308.0), (365.3, 308.0), (365.3, 308.0), (365.3, 308.0), (365.3, 308.0), (365.3, 308.0), (365.3, 308.0), (365.3, 308.0), (369.1, 308.0), (384.0, 308.0), (389.6, 300.5), (398.9, 300.5), (402.7, 300.5), (410.1, 300.5), (412.0, 300.5), (417.6, 300.5), (417.6, 300.5), (417.6, 300.5), (417.6, 300.5), (417.6, 300.5), (417.6, 300.5), (417.6, 300.5), (417.6, 300.5), (417.6, 300.5), (417.6, 300.5), (417.6, 300.5), (425.1, 300.5), (428.8, 308.0), (428.8, 308.0), (428.8, 308.0), (428.8, 308.0), (428.8, 308.0), (428.8, 308.0), (428.8, 308.0), (428.8, 308.0), (428.8, 308.0), (428.8, 308.0), (428.8, 308.0), (428.8, 308.0), (428.8, 308.0), (428.8, 308.0), (428.8, 308.0), (428.8, 308.0), (428.8, 308.0), (428.8, 308.0), (428.8, 308.0), (428.8, 308.0), (428.8, 308.0), (428.8, 308.0), (428.8, 308.0), (428.8, 308.0), (428.8, 308.0), (428.8, 308.0), (428.8, 308.0), (428.8, 308.0), (428.8, 308.0)]",0,0,14.05
experienced,bomberman,8,Bomb,8,0,29.4,1.0,"[(48.0, 112.0), (62.9, 115.7), (77.9, 115.7), (98.4, 115.7), (113.3, 121.3), (115.2, 136.3), (115.2, 153.1), (115.2, 171.7), (128.3, 179.2), (143.2, 179.2), (165.6, 179.2), (180.5, 188.5), (173.1, 203.5), (173.1, 224.0), (182.4, 238.9), (197.3, 244.5), (214.1, 244.5), (234.7, 244.5), (242.1, 259.5), (236.5, 274.4), (242.1, 296.8), (255.2, 308.0), (270.1, 308.0), (285.1, 308.0), (300.0, 308.0), (314.9, 308.0), (322.4, 308.0), (326.1, 308.0), (328.0, 308.0), (331.7, 308.0), (337.3, 308.0), (346.7, 308.0), (361.6, 308.0), (365.3, 308.0), (365.3, 308.0), (365.3, 308.0), (365.3, 308.0), (365.3, 308.0), (365.3, 308.0), (365.3, 308.0), (365.3, 308.0), (365.3, 308.0), (365.3, 308.0), (365.3, 308.0), (365.3, 308.0), (365.3, 308.0), (365.3, 308.0), (365.3, 308.0), (365.3, 308.0), (365.3, 308.0), (365.3, 308.0), (365.3, 308.0), (365.3, 308.0), (365.3, 308.0), (365.3, 308.0), (369.1, 308.0), (376.5, 308.0), (389.6, 300.5), (389.6, 300.5), (393.3, 300.5), (393.3, 300.5), (406.4, 300.5), (426.9, 300.5), (428.8, 308.0), (428.8, 308.0), (428.8, 308.0), (428.8, 308.0), (428.8, 308.0), (428.8, 308.0), (428.8, 308.0), (428.8, 308.0), (428.8, 308.0), (428.8, 308.0), (428.8, 308.0), (428.8, 308.0), (428.8, 308.0), (428.8, 308.0), (428.8, 308.0), (428.8, 308.0), (428.8, 308.0), (428.8, 308.0), (428.8, 308.0), (428.8, 308.0), (428.8, 308.0), (428.8, 308.0), (428.8, 308.0), (428.8, 308.0), (428.8, 308.0), (428.8, 308.0), (428.8, 308.0), (428.8, 308.0)]",1,0,12.0
experienced,bomberman,8,Bomb,31,0,29.17,0.944,"[(48.0, 112.0), (62.9, 115.7), (77.9, 115.7), (98.4, 115.7), (113.3, 121.3), (109.6, 136.3), (109.6, 153.1), (115.2, 171.7), (128.3, 179.2), (143.2, 179.2), (165.6, 179.2), (180.5, 188.5), (173.1, 203.5), (173.1, 224.0), (182.4, 238.9), (197.3, 244.5), (214.1, 244.5), (234.7, 244.5), (242.1, 259.5), (236.5, 274.4), (242.1, 296.8), (255.2, 308.0), (266.4, 308.0), (270.1, 308.0), (272.0, 308.0), (275.7, 308.0), (281.3, 308.0), (283.2, 308.0), (286.9, 308.0), (300.0, 308.0), (314.9, 308.0), (314.9, 308.0), (314.9, 308.0), (314.9, 308.0), (314.9, 308.0), (314.9, 308.0), (314.9, 308.0), (314.9, 308.0), (314.9, 308.0), (314.9, 308.0), (314.9, 308.0), (314.9, 308.0), (314.9, 308.0), (314.9, 308.0), (314.9, 308.0), (314.9, 308.0), (314.9, 308.0), (314.9, 308.0), (314.9, 308.0), (314.9, 308.0), (318.7, 308.0), (326.1, 308.0), (341.1, 308.0), (356.0, 308.0), (365.3, 308.0), (365.3, 308.0), (365.3, 308.0), (365.3, 308.0), (369.1, 308.0), (384.0, 308.0), (384.0, 308.0), (384.0, 308.0), (384.0, 308.0), (387.7, 300.5), (391.5, 300.5), (391.5, 300.5), (391.5, 300.5), (391.5, 300.5), (391.5, 300.5), (391.5, 300.5), (391.5, 300.5), (391.5, 300.5), (391.5, 300.5), (391.5, 300.5), (391.5, 300.5), (391.5, 300.5), (391.5, 300.5), (387.7, 300.5), (384.0, 300.5), (384.0, 300.5), (384.0, 300.5)]",0,0,10.75
experienced,bomberman,8,Bomb,10,0,44.01,1.0,"[(48.0, 112.0), (62.9, 115.7), (77.9, 115.7), (98.4, 115.7), (113.3, 121.3), (109.6, 136.3), (109.6, 153.1), (115.2, 171.7), (128.3, 179.2), (143.2, 179.2), (165.6, 179.2), (180.5, 188.5), (173.1, 203.5), (173.1, 224.0), (182.4, 238.9), (197.3, 244.5), (214.1, 244.5), (234.7, 244.5), (242.1, 259.5), (236.5, 274.4), (242.1, 296.8), (255.2, 308.0), (270.1, 308.0), (285.1, 308.0), (300.0, 308.0), (314.9, 308.0), (329.9, 308.0), (344.8, 308.0), (359.7, 308.0), (374.7, 306.1), (389.6, 300.5), (400.8, 300.5), (423.2, 300.5), (428.8, 308.0), (428.8, 308.0), (428.8, 308.0), (428.8, 308.0), (428.8, 308.0), (428.8, 308.0), (428.8, 308.0), (428.8, 308.0), (428.8, 298.7), (428.8, 287.5), (428.8, 287.5), (428.8, 287.5), (428.8, 287.5), (428.8, 287.5), (428.8, 287.5), (428.8, 287.5), (428.8, 287.5), (428.8, 287.5), (428.8, 287.5), (428.8, 287.5), (428.8, 287.5), (428.8, 287.5), (428.8, 287.5), (428.8, 287.5), (428.8, 287.5), (428.8, 287.5), (428.8, 287.5), (428.8, 287.5)]",0,0,8.02
experienced,bomberman,8,Bomb,8,0,29.4,1.0,"[(48.0, 112.0), (62.9, 115.7), (77.9, 115.7), (98.4, 115.7), (113.3, 121.3), (115.2, 136.3), (115.2, 153.1), (115.2, 171.7), (128.3, 179.2), (143.2, 179.2), (165.6, 179.2), (180.5, 188.5), (173.1, 203.5), (173.1, 224.0), (182.4, 238.9), (197.3, 244.5), (214.1, 244.5), (234.7, 244.5), (242.1, 259.5), (236.5, 274.4), (242.1, 296.8), (255.2, 308.0), (270.1, 308.0), (285.1, 308.0), (300.0, 308.0), (314.9, 308.0), (322.4, 308.0), (326.1, 308.0), (328.0, 308.0), (331.7, 308.0), (337.3, 308.0), (346.7, 308.0), (361.6, 308.0), (365.3, 308.0), (365.3, 308.0), (365.3, 308.0), (365.3, 308.0), (365.3, 308.0), (365.3, 308.0), (365.3, 308.0), (365.3, 308.0), (365.3, 308.0), (365.3, 308.0), (365.3, 308.0), (365.3, 308.0), (365.3, 308.0), (365.3, 308.0), (365.3, 308.0), (365.3, 308.0), (365.3, 308.0), (365.3, 308.0), (365.3, 308.0), (365.3, 308.0), (365.3, 308.0), (365.3, 308.0), (369.1, 308.0), (376.5, 308.0), (389.6, 300.5), (389.6, 300.5), (393.3, 300.5), (393.3, 300.5), (406.4, 300.5), (426.9, 300.5), (428.8, 308.0), (428.8, 308.0), (428.8, 308.0), (428.8, 308.0), (428.8, 308.0), (428.8, 308.0), (428.8, 308.0), (428.8, 308.0), (428.8, 308.0), (428.8, 308.0), (428.8, 308.0), (428.8, 308.0), (428.8, 308.0), (428.8, 308.0), (428.8, 308.0), (428.8, 308.0), (428.8, 308.0), (428.8, 308.0), (428.8, 308.0), (428.8, 308.0), (428.8, 308.0), (428.8, 308.0), (428.8, 308.0), (428.8, 308.0), (428.8, 308.0), (428.8, 308.0), (428.8, 308.0), (428.8, 308.0)]",1,0,12.0
experienced,bomberman,8,Bomb,44,0,29.36,1.0,"[(48.0, 112.0), (62.9, 115.7), (77.9, 115.7), (98.4, 115.7), (113.3, 121.3), (109.6, 136.3), (109.6, 153.1), (115.2, 171.7), (128.3, 179.2), (143.2, 179.2), (165.6, 179.2), (180.5, 188.5), (173.1, 203.5), (173.1, 224.0), (182.4, 238.9), (197.3, 244.5), (214.1, 244.5), (234.7, 244.5), (242.1, 259.5), (236.5, 274.4), (242.1, 296.8), (255.2, 308.0), (270.1, 308.0), (285.1, 308.0), (300.0, 308.0), (314.9, 308.0), (320.5, 308.0), (320.5, 308.0), (320.5, 308.0), (320.5, 308.0), (320.5, 308.0), (329.9, 308.0), (342.9, 308.0), (357.9, 308.0), (365.3, 308.0), (365.3, 308.0), (365.3, 308.0), (365.3, 308.0), (365.3, 308.0), (365.3, 308.0), (365.3, 308.0), (365.3, 308.0), (365.3, 308.0), (365.3, 308.0), (365.3, 308.0), (365.3, 308.0), (365.3, 308.0), (365.3, 308.0), (365.3, 308.0), (365.3, 308.0), (365.3, 308.0), (365.3, 308.0), (365.3, 308.0), (365.3, 308.0), (365.3, 308.0), (365.3, 308.0), (376.5, 304.3), (384.0, 300.5), (384.0, 300.5), (384.0, 300.5), (384.0, 300.5), (398.9, 300.5), (421.3, 300.5), (428.8, 306.1), (428.8, 308.0), (428.8, 308.0), (428.8, 308.0), (428.8, 308.0), (428.8, 308.0), (428.8, 308.0), (428.8, 308.0), (428.8, 308.0), (428.8, 308.0), (428.8, 308.0), (428.8, 308.0), (428.8, 308.0), (428.8, 308.0), (428.8, 308.0), (428.8, 308.0), (428.8, 308.0), (428.8, 308.0), (428.8, 308.0), (428.8, 308.0), (428.8, 306.1), (428.8, 291.2), (428.8, 287.5), (428.8, 287.5), (428.8, 287.5), (428.8, 287.5), (428.8, 287.5), (428.8, 287.5)]",1,0,12.02
experienced,bomberman,8,Bomb,8,0,29.4,1.0,"[(48.0, 112.0), (62.9, 115.7), (77.9, 115.7), (98.4, 115.7), (113.3, 121.3), (109.6, 136.3), (109.6, 153.1), (115.2, 171.7), (128.3, 179.2), (143.2, 179.2), (165.6, 179.2), (180.5, 188.5), (173.1, 203.5), (173.1, 224.0), (182.4, 238.9), (197.3, 244.5), (214.1, 244.5), (234.7, 244.5), (242.1, 259.5), (236.5, 274.4), (242.1, 296.8), (255.2, 308.0), (270.1, 308.0), (285.1, 308.0), (300.0, 308.0), (314.9, 308.0), (320.5, 308.0), (326.1, 308.0), (328.0, 308.0), (331.7, 308.0), (335.5, 308.0), (346.7, 308.0), (361.6, 308.0), (365.3, 308.0), (365.3, 308.0), (365.3, 308.0), (365.3, 308.0), (365.3, 308.0), (365.3, 308.0), (365.3, 308.0), (365.3, 308.0), (365.3, 308.0), (365.3, 308.0), (365.3, 308.0), (365.3, 308.0), (365.3, 308.0), (365.3, 308.0), (365.3, 308.0), (365.3, 308.0), (365.3, 308.0), (365.3, 308.0), (365.3, 308.0), (365.3, 308.0), (365.3, 308.0), (365.3, 308.0), (365.3, 308.0), (365.3, 308.0), (370.9, 308.0), (382.1, 304.3), (397.1, 300.5), (400.8, 300.5), (423.2, 300.5), (428.8, 308.0), (428.8, 308.0), (428.8, 308.0), (428.8, 308.0), (428.8, 308.0), (428.8, 308.0), (428.8, 308.0), (428.8, 308.0), (428.8, 308.0), (428.8, 308.0), (428.8, 308.0), (428.8, 308.0), (428.8, 308.0), (428.8, 308.0), (428.8, 308.0), (428.8, 308.0), (428.8, 308.0), (428.8, 308.0), (428.8, 308.0), (428.8, 308.0), (428.8, 308.0), (428.8, 308.0), (428.8, 308.0), (428.8, 308.0), (428.8, 308.0), (428.8, 308.0), (428.8, 308.0), (428.8, 308.0), (428.8, 308.0)]",1,0,12.0
experienced,bomberman,8,Bomb,60,0,30.33,1.0,"[(48.0, 112.0), (62.9, 115.7), (77.9, 115.7), (98.4, 115.7), (113.3, 121.3), (109.6, 136.3), (109.6, 153.1), (115.2, 171.7), (128.3, 179.2), (143.2, 179.2), (165.6, 179.2), (180.5, 188.5), (173.1, 203.5), (173.1, 224.0), (182.4, 238.9), (197.3, 244.5), (214.1, 244.5), (234.7, 244.5), (242.1, 259.5), (236.5, 274.4), (242.1, 296.8), (255.2, 308.0), (270.1, 308.0), (285.1, 308.0), (300.0, 308.0), (314.9, 308.0), (320.5, 308.0), (320.5, 308.0), (320.5, 308.0), (320.5, 308.0), (320.5, 308.0), (329.9, 308.0), (342.9, 308.0), (357.9, 308.0), (365.3, 308.0), (365.3, 308.0), (365.3, 308.0), (365.3, 308.0), (365.3, 308.0), (365.3, 308.0), (365.3, 308.0), (365.3, 308.0), (365.3, 308.0), (365.3, 308.0), (365.3, 308.0), (365.3, 308.0), (365.3, 308.0), (365.3, 308.0), (365.3, 308.0), (365.3, 308.0), (365.3, 308.0), (365.3, 308.0), (365.3, 308.0), (365.3, 308.0), (365.3, 308.0), (365.3, 308.0), (370.9, 308.0), (385.9, 300.5), (400.8, 300.5), (415.7, 302.4), (417.6, 300.5), (428.8, 298.7), (436.3, 287.5), (436.3, 287.5), (436.3, 287.5), (436.3, 287.5), (436.3, 287.5), (436.3, 287.5), (436.3, 287.5), (436.3, 287.5), (436.3, 287.5), (436.3, 287.5), (436.3, 287.5), (436.3, 287.5), (436.3, 287.5), (436.3, 287.5), (436.3, 287.5), (436.3, 287.5), (436.3, 287.5), (436.3, 287.5), (436.3, 287.5), (436.3, 287.5), (436.3, 287.5), (436.3, 287.5), (436.3, 287.5), (436.3, 287.5), (436.3, 287.5), (436.3, 287.5), (436.3, 287.5), (436.3, 287.5), (436.3, 287.5)]",1,0,12.0
experienced,bomberman,8,Bomb,30,0,29.36,1.0,"[(48.0, 112.0), (62.9, 115.7), (77.9, 115.7), (98.4, 115.7), (113.3, 121.3), (109.6, 136.3), (109.6, 153.1), (115.2, 171.7), (128.3, 179.2), (143.2, 179.2), (165.6, 179.2), (180.5, 188.5), (173.1, 203.5), (173.1, 224.0), (182.4, 238.9), (197.3, 244.5), (214.1, 244.5), (234.7, 244.5), (242.1, 259.5), (236.5, 274.4), (242.1, 296.8), (255.2, 308.0), (270.1, 308.0), (285.1, 308.0), (300.0, 308.0), (314.9, 308.0), (320.5, 308.0), (320.5, 308.0), (320.5, 308.0), (326.1, 308.0), (328.0, 308.0), (341.1, 308.0), (356.0, 308.0), (365.3, 308.0), (365.3, 308.0), (365.3, 308.0), (365.3, 308.0), (365.3, 308.0), (365.3, 308.0), (365.3, 308.0), (365.3, 308.0), (365.3, 308.0), (365.3, 308.0), (365.3, 308.0), (365.3, 308.0), (365.3, 308.0), (365.3, 308.0), (365.3, 308.0), (365.3, 308.0), (365.3, 308.0), (365.3, 308.0), (365.3, 308.0), (365.3, 308.0), (365.3, 308.0), (372.8, 308.0), (384.0, 300.5), (384.0, 300.5), (384.0, 300.5), (384.0, 300.5), (384.0, 300.5), (384.0, 300.5), (398.9, 300.5), (421.3, 300.5), (428.8, 306.1), (428.8, 308.0), (428.8, 308.0), (428.8, 308.0), (428.8, 308.0), (428.8, 308.0), (428.8, 308.0), (428.8, 308.0), (428.8, 308.0), (428.8, 308.0), (428.8, 308.0), (428.8, 308.0), (428.8, 308.0), (428.8, 306.1), (428.8, 291.2), (428.8, 287.5), (428.8, 287.5), (428.8, 287.5), (428.8, 287.5), (428.8, 287.5), (428.8, 287.5), (428.8, 287.5), (428.8, 287.5), (428.8, 287.5), (428.8, 287.5), (428.8, 287.5), (428.8, 287.5), (428.8, 287.5)]",1,0,12.02
experienced,bomberman,8,Bomb,7,0,29.98,1.0,"[(48.0, 112.0), (62.9, 115.7), (77.9, 115.7), (98.4, 115.7), (113.3, 121.3), (109.6, 136.3), (109.6, 153.1), (115.2, 171.7), (128.3, 179.2), (143.2, 179.2), (165.6, 179.2), (180.5, 188.5), (173.1, 203.5), (173.1, 224.0), (182.4, 238.9), (197.3, 244.5), (214.1, 244.5), (234.7, 244.5), (242.1, 259.5), (236.5, 274.4), (242.1, 296.8), (255.2, 308.0), (270.1, 308.0), (275.7, 308.0), (279.5, 308.0), (283.2, 308.0), (286.9, 308.0), (300.0, 308.0), (314.9, 308.0), (320.5, 308.0), (320.5, 308.0), (320.5, 308.0), (326.1, 308.0), (339.2, 308.0), (352.3, 308.0), (365.3, 308.0), (365.3, 308.0), (365.3, 308.0), (365.3, 308.0), (365.3, 308.0), (365.3, 308.0), (365.3, 308.0), (365.3, 308.0), (365.3, 308.0), (365.3, 308.0), (365.3, 308.0), (365.3, 308.0), (365.3, 308.0), (365.3, 308.0), (365.3, 308.0), (365.3, 308.0), (365.3, 308.0), (365.3, 308.0), (365.3, 308.0), (365.3, 308.0), (369.1, 308.0), (380.3, 300.5), (389.6, 300.5), (393.3, 300.5), (398.9, 300.5), (404.5, 300.5), (425.1, 300.5), (428.8, 308.0), (428.8, 308.0), (428.8, 308.0), (428.8, 308.0), (428.8, 308.0), (428.8, 308.0), (428.8, 308.0), (428.8, 308.0), (428.8, 308.0), (428.8, 308.0), (428.8, 308.0), (428.8, 308.0), (428.8, 308.0), (428.8, 308.0), (428.8, 308.0), (428.8, 308.0), (428.8, 308.0), (428.8, 308.0), (428.8, 308.0), (428.8, 308.0), (428.8, 308.0), (428.8, 308.0), (428.8, 308.0), (428.8, 308.0), (428.8, 308.0), (428.8, 298.7), (428.8, 287.5), (428.8, 287.5), (428.8, 287.5)]",1,0,12.02
experienced,bomberman,8,Bomb,33,0,39.2,0.944,"[(48.0, 112.0), (62.9, 115.7), (77.9, 115.7), (98.4, 115.7), (113.3, 121.3), (109.6, 136.3), (109.6, 153.1), (115.2, 171.7), (128.3, 179.2), (143.2, 179.2), (165.6, 179.2), (180.5, 188.5), (173.1, 203.5), (173.1, 224.0), (182.4, 238.9), (197.3, 244.5), (214.1, 244.5), (234.7, 244.5), (242.1, 259.5), (236.5, 274.4), (242.1, 296.8), (255.2, 308.0), (270.1, 308.0), (281.3, 308.0), (286.9, 308.0), (298.1, 308.0), (313.1, 308.0), (320.5, 308.0), (320.5, 308.0), (320.5, 308.0), (320.5, 308.0), (322.4, 308.0), (337.3, 308.0), (350.4, 308.0), (365.3, 308.0), (365.3, 308.0), (365.3, 308.0), (365.3, 308.0), (365.3, 308.0), (365.3, 308.0), (365.3, 308.0), (365.3, 308.0), (365.3, 308.0), (365.3, 308.0), (365.3, 308.0), (365.3, 308.0), (365.3, 308.0), (365.3, 308.0), (365.3, 308.0), (365.3, 308.0), (365.3, 308.0), (365.3, 308.0), (367.2, 308.0), (378.4, 300.5), (382.1, 300.5), (382.1, 300.5), (382.1, 300.5), (382.1, 300.5), (382.1, 300.5), (382.1, 300.5), (382.1, 300.5)]",1,0,8.0
experienced,bomberman,8,Bomb,12,0,28.31,1.0,"[(48.0, 112.0), (62.9, 115.7), (77.9, 115.7), (98.4, 115.7), (113.3, 121.3), (109.6, 136.3), (109.6, 153.1), (115.2, 171.7), (128.3, 179.2), (143.2, 179.2), (165.6, 179.2), (180.5, 188.5), (173.1, 203.5), (173.1, 224.0), (182.4, 238.9), (197.3, 244.5), (214.1, 244.5), (234.7, 244.5), (242.1, 259.5), (236.5, 274.4), (242.1, 296.8), (255.2, 308.0), (257.1, 308.0), (260.8, 308.0), (268.3, 308.0), (273.9, 308.0), (279.5, 308.0), (283.2, 308.0), (290.7, 308.0), (305.6, 308.0), (320.5, 308.0), (320.5, 308.0), (329.9, 308.0), (344.8, 308.0), (359.7, 308.0), (365.3, 308.0), (365.3, 308.0), (365.3, 308.0), (365.3, 308.0), (365.3, 308.0), (365.3, 308.0), (365.3, 308.0), (365.3, 308.0), (365.3, 308.0), (365.3, 308.0), (365.3, 308.0), (365.3, 308.0), (365.3, 308.0), (365.3, 308.0), (365.3, 308.0), (365.3, 308.0), (365.3, 308.0), (365.3, 308.0), (376.5, 308.0), (384.0, 304.3), (395.2, 300.5), (397.1, 300.5), (404.5, 300.5), (412.0, 300.5), (413.9, 300.5), (415.7, 302.4), (428.8, 300.5), (428.8, 308.0), (428.8, 308.0), (428.8, 308.0), (428.8, 308.0), (428.8, 308.0), (428.8, 308.0), (428.8, 308.0), (428.8, 308.0), (428.8, 308.0), (428.8, 308.0), (428.8, 308.0), (428.8, 308.0), (428.8, 308.0), (428.8, 308.0), (428.8, 308.0), (428.8, 308.0), (428.8, 308.0), (428.8, 308.0), (428.8, 308.0), (428.8, 308.0), (428.8, 308.0), (428.8, 308.0), (428.8, 308.0), (428.8, 308.0), (428.8, 308.0), (428.8, 308.0), (428.8, 308.0), (428.8, 308.0), (428.8, 308.0)]",1,0,12.0
experienced,bomberman,8,Enemy,6,0,35.21,0.889,"[(48.0, 112.0), (62.9, 115.7), (77.9, 115.7), (98.4, 115.7), (113.3, 121.3), (109.6, 136.3), (109.6, 153.1), (115.2, 171.7), (128.3, 179.2), (143.2, 179.2), (165.6, 179.2), (180.5, 188.5), (173.1, 203.5), (173.1, 224.0), (182.4, 238.9), (197.3, 244.5), (214.1, 244.5), (234.7, 244.5), (242.1, 259.5), (236.5, 274.4), (242.1, 296.8), (255.2, 308.0), (257.1, 308.0), (260.8, 308.0), (266.4, 308.0), (273.9, 308.0), (277.6, 308.0), (281.3, 308.0), (286.9, 308.0), (298.1, 308.0), (313.1, 308.0), (298.1, 308.0), (288.8, 308.0), (300.0, 308.0), (300.0, 308.0), (300.0, 308.0), (300.0, 308.0), (300.0, 308.0), (300.0, 308.0), (300.0, 308.0), (300.0, 308.0), (300.0, 308.0), (300.0, 308.0), (300.0, 308.0), (300.0, 308.0), (300.0, 308.0), (300.0, 308.0), (300.0, 308.0), (300.0, 308.0), (300.0, 308.0), (300.0, 308.0), (300.0, 308.0), (300.0, 308.0), (300.0, 308.0), (300.0, 308.0), (300.0, 308.0), (300.0, 308.0), (300.0, 308.0), (301.9, 306.1), (316.8, 300.5), (331.7, 300.5), (352.3, 300.5), (367.2, 304.3), (372.8, 289.3)]",0,0,8.48
experienced,bomberman,8,Bomb,42,0,29.87,1.0,"[(48.0, 112.0), (62.9, 115.7), (77.9, 115.7), (98.4, 115.7), (113.3, 121.3), (115.2, 136.3), (115.2, 153.1), (115.2, 168.0), (124.5, 179.2), (139.5, 179.2), (161.9, 179.2), (176.8, 184.8), (173.1, 199.7), (173.1, 216.5), (180.5, 235.2), (193.6, 244.5), (208.5, 244.5), (230.9, 244.5), (244.0, 255.7), (236.5, 270.7), (238.4, 293.1), (251.5, 308.0), (266.4, 308.0), (277.6, 308.0), (281.3, 308.0), (286.9, 308.0), (298.1, 308.0), (313.1, 308.0), (320.5, 308.0), (320.5, 308.0), (320.5, 308.0), (320.5, 308.0), (335.5, 308.0), (350.4, 308.0), (365.3, 308.0), (365.3, 308.0), (365.3, 308.0), (365.3, 308.0), (365.3, 308.0), (365.3, 308.0), (365.3, 308.0), (365.3, 308.0), (365.3, 308.0), (365.3, 308.0), (365.3, 308.0), (365.3, 308.0), (365.3, 308.0), (365.3, 308.0), (365.3, 308.0), (365.3, 308.0), (367.2, 308.0), (378.4, 302.4), (393.3, 300.5), (400.8, 300.5), (402.7, 300.5), (406.4, 300.5), (415.7, 300.5), (415.7, 302.4), (417.6, 300.5), (415.7, 300.5), (415.7, 302.4), (428.8, 300.5), (428.8, 308.0), (428.8, 308.0), (428.8, 308.0), (428.8, 308.0), (428.8, 308.0), (428.8, 308.0), (428.8, 308.0), (428.8, 308.0), (428.8, 308.0), (428.8, 308.0), (428.8, 308.0), (428.8, 308.0), (428.8, 308.0), (428.8, 308.0), (428.8, 308.0), (428.8, 308.0), (428.8, 308.0), (428.8, 308.0), (428.8, 300.5), (428.8, 289.3), (428.8, 289.3), (428.8, 289.3), (428.8, 289.3), (428.8, 289.3), (428.8, 289.3), (428.8, 289.3), (428.8, 289.3), (428.8, 289.3), (428.8, 289.3)]",1,0,12.0
experienced,bomberman,8,Bomb,42,0,29.87,1.0,"[(48.0, 112.0), (62.9, 115.7), (77.9, 115.7), (98.4, 115.7), (113.3, 121.3), (115.2, 136.3), (115.2, 153.1), (115.2, 168.0), (124.5, 179.2), (139.5, 179.2), (161.9, 179.2), (176.8, 184.8), (173.1, 199.7), (173.1, 216.5), (180.5, 235.2), (193.6, 244.5), (208.5, 244.5), (230.9, 244.5), (244.0, 255.7), (236.5, 270.7), (238.4, 293.1), (251.5, 308.0), (266.4, 308.0), (277.6, 308.0), (281.3, 308.0), (286.9, 308.0), (298.1, 308.0), (313.1, 308.0), (320.5, 308.0), (320.5, 308.0), (320.5, 308.0), (320.5, 308.0), (335.5, 308.0), (350.4, 308.0), (365.3, 308.0), (365.3, 308.0), (365.3, 308.0), (365.3, 308.0), (365.3, 308.0), (365.3, 308.0), (365.3, 308.0), (365.3, 308.0), (365.3, 308.0), (365.3, 308.0), (365.3, 308.0), (365.3, 308.0), (365.3, 308.0), (365.3, 308.0), (365.3, 308.0), (365.3, 308.0), (367.2, 308.0), (378.4, 302.4), (393.3, 300.5), (400.8, 300.5), (402.7, 300.5), (406.4, 300.5), (415.7, 300.5), (415.7, 302.4), (417.6, 300.5), (415.7, 300.5), (415.7, 302.4), (428.8, 300.5), (428.8, 308.0), (428.8, 308.0), (428.8, 308.0), (428.8, 308.0), (428.8, 308.0), (428.8, 308.0), (428.8, 308.0), (428.8, 308.0), (428.8, 308.0), (428.8, 308.0), (428.8, 308.0), (428.8, 308.0), (428.8, 308.0), (428.8, 308.0), (428.8, 308.0), (428.8, 308.0), (428.8, 308.0), (428.8, 308.0), (428.8, 300.5), (428.8, 289.3), (428.8, 289.3), (428.8, 289.3), (428.8, 289.3), (428.8, 289.3), (428.8, 289.3), (428.8, 289.3), (428.8, 289.3), (428.8, 289.3), (428.8, 289.3)]",1,0,12.0
experienced,bomberman,8,Bomb,12,0,28.31,1.0,"[(48.0, 112.0), (62.9, 115.7), (77.9, 115.7), (98.4, 115.7), (113.3, 121.3), (109.6, 136.3), (109.6, 153.1), (115.2, 171.7), (128.3, 179.2), (143.2, 179.2), (165.6, 179.2), (180.5, 188.5), (173.1, 203.5), (173.1, 224.0), (182.4, 238.9), (197.3, 244.5), (214.1, 244.5), (234.7, 244.5), (242.1, 259.5), (236.5, 274.4), (242.1, 296.8), (255.2, 308.0), (257.1, 308.0), (260.8, 308.0), (268.3, 308.0), (273.9, 308.0), (279.5, 308.0), (283.2, 308.0), (290.7, 308.0), (305.6, 308.0), (320.5, 308.0), (320.5, 308.0), (329.9, 308.0), (344.8, 308.0), (359.7, 308.0), (365.3, 308.0), (365.3, 308.0), (365.3, 308.0), (365.3, 308.0), (365.3, 308.0), (365.3, 308.0), (365.3, 308.0), (365.3, 308.0), (365.3, 308.0), (365.3, 308.0), (365.3, 308.0), (365.3, 308.0), (365.3, 308.0), (365.3, 308.0), (365.3, 308.0), (365.3, 308.0), (365.3, 308.0), (365.3, 308.0), (376.5, 308.0), (384.0, 304.3), (395.2, 300.5), (397.1, 300.5), (404.5, 300.5), (412.0, 300.5), (413.9, 300.5), (415.7, 302.4), (428.8, 300.5), (428.8, 308.0), (428.8, 308.0), (428.8, 308.0), (428.8, 308.0), (428.8, 308.0), (428.8, 308.0), (428.8, 308.0), (428.8, 308.0), (428.8, 308.0), (428.8, 308.0), (428.8, 308.0), (428.8, 308.0), (428.8, 308.0), (428.8, 308.0), (428.8, 308.0), (428.8, 308.0), (428.8, 308.0), (428.8, 308.0), (428.8, 308.0), (428.8, 308.0), (428.8, 308.0), (428.8, 308.0), (428.8, 308.0), (428.8, 308.0), (428.8, 308.0), (428.8, 308.0), (428.8, 308.0), (428.8, 308.0), (428.8, 308.0)]",1,0,12.0
experienced,bomberman,8,Bomb,7,0,29.98,1.0,"[(48.0, 112.0), (62.9, 115.7), (77.9, 115.7), (98.4, 115.7), (113.3, 121.3), (109.6, 136.3), (109.6, 153.1), (115.2, 171.7), (128.3, 179.2), (143.2, 179.2), (165.6, 179.2), (180.5, 188.5), (173.1, 203.5), (173.1, 224.0), (182.4, 238.9), (197.3, 244.5), (214.1, 244.5), (234.7, 244.5), (242.1, 259.5), (236.5, 274.4), (242.1, 296.8), (255.2, 308.0), (270.1, 308.0), (275.7, 308.0), (279.5, 308.0), (283.2, 308.0), (286.9, 308.0), (300.0, 308.0), (314.9, 308.0), (320.5, 308.0), (320.5, 308.0), (320.5, 308.0), (326.1, 308.0), (339.2, 308.0), (352.3, 308.0), (365.3, 308.0), (365.3, 308.0), (365.3, 308.0), (365.3, 308.0), (365.3, 308.0), (365.3, 308.0), (365.3, 308.0), (365.3, 308.0), (365.3, 308.0), (365.3, 308.0), (365.3, 308.0), (365.3, 308.0), (365.3, 308.0), (365.3, 308.0), (365.3, 308.0), (365.3, 308.0), (365.3, 308.0), (365.3, 308.0), (365.3, 308.0), (365.3, 308.0), (369.1, 308.0), (380.3, 300.5), (389.6, 300.5), (393.3, 300.5), (398.9, 300.5), (404.5, 300.5), (425.1, 300.5), (428.8, 308.0), (428.8, 308.0), (428.8, 308.0), (428.8, 308.0), (428.8, 308.0), (428.8, 308.0), (428.8, 308.0), (428.8, 308.0), (428.8, 308.0), (428.8, 308.0), (428.8, 308.0), (428.8, 308.0), (428.8, 308.0), (428.8, 308.0), (428.8, 308.0), (428.8, 308.0), (428.8, 308.0), (428.8, 308.0), (428.8, 308.0), (428.8, 308.0), (428.8, 308.0), (428.8, 308.0), (428.8, 308.0), (428.8, 308.0), (428.8, 308.0), (428.8, 298.7), (428.8, 287.5), (428.8, 287.5), (428.8, 287.5)]",1,0,12.02
experienced,bomberman,8,Bomb,30,0,29.36,1.0,"[(48.0, 112.0), (62.9, 115.7), (77.9, 115.7), (98.4, 115.7), (113.3, 121.3), (109.6, 136.3), (109.6, 153.1), (115.2, 171.7), (128.3, 179.2), (143.2, 179.2), (165.6, 179.2), (180.5, 188.5), (173.1, 203.5), (173.1, 224.0), (182.4, 238.9), (197.3, 244.5), (214.1, 244.5), (234.7, 244.5), (242.1, 259.5), (236.5, 274.4), (242.1, 296.8), (255.2, 308.0), (270.1, 308.0), (285.1, 308.0), (300.0, 308.0), (314.9, 308.0), (320.5, 308.0), (320.5, 308.0), (320.5, 308.0), (326.1, 308.0), (328.0, 308.0), (341.1, 308.0), (356.0, 308.0), (365.3, 308.0), (365.3, 308.0), (365.3, 308.0), (365.3, 308.0), (365.3, 308.0), (365.3, 308.0), (365.3, 308.0), (365.3, 308.0), (365.3, 308.0), (365.3, 308.0), (365.3, 308.0), (365.3, 308.0), (365.3, 308.0), (365.3, 308.0), (365.3, 308.0), (365.3, 308.0), (365.3, 308.0), (365.3, 308.0), (365.3, 308.0), (365.3, 308.0), (365.3, 308.0), (372.8, 308.0), (384.0, 300.5), (384.0, 300.5), (384.0, 300.5), (384.0, 300.5), (384.0, 300.5), (384.0, 300.5), (398.9, 300.5), (421.3, 300.5), (428.8, 306.1), (428.8, 308.0), (428.8, 308.0), (428.8, 308.0), (428.8, 308.0), (428.8, 308.0), (428.8, 308.0), (428.8, 308.0), (428.8, 308.0), (428.8, 308.0), (428.8, 308.0), (428.8, 308.0), (428.8, 308.0), (428.8, 306.1), (428.8, 291.2), (428.8, 287.5), (428.8, 287.5), (428.8, 287.5), (428.8, 287.5), (428.8, 287.5), (428.8, 287.5), (428.8, 287.5), (428.8, 287.5), (428.8, 287.5), (428.8, 287.5), (428.8, 287.5), (428.8, 287.5), (428.8, 287.5)]",1,0,12.02
experienced,bomberman,8,Bomb,60,0,30.33,1.0,"[(48.0, 112.0), (62.9, 115.7), (77.9, 115.7), (98.4, 115.7), (113.3, 121.3), (109.6, 136.3), (109.6, 153.1), (115.2, 171.7), (128.3, 179.2), (143.2, 179.2), (165.6, 179.2), (180.5, 188.5), (173.1, 203.5), (173.1, 224.0), (182.4, 238.9), (197.3, 244.5), (214.1, 244.5), (234.7, 244.5), (242.1, 259.5), (236.5, 274.4), (242.1, 296.8), (255.2, 308.0), (270.1, 308.0), (285.1, 308.0), (300.0, 308.0), (314.9, 308.0), (320.5, 308.0), (320.5, 308.0), (320.5, 308.0), (320.5, 308.0), (320.5, 308.0), (329.9, 308.0), (342.9, 308.0), (357.9, 308.0), (365.3, 308.0), (365.3, 308.0), (365.3, 308.0), (365.3, 308.0), (365.3, 308.0), (365.3, 308.0), (365.3, 308.0), (365.3, 308.0), (365.3, 308.0), (365.3, 308.0), (365.3, 308.0), (365.3, 308.0), (365.3, 308.0), (365.3, 308.0), (365.3, 308.0), (365.3, 308.0), (365.3, 308.0), (365.3, 308.0), (365.3, 308.0), (365.3, 308.0), (365.3, 308.0), (365.3, 308.0), (370.9, 308.0), (385.9, 300.5), (400.8, 300.5), (415.7, 302.4), (417.6, 300.5), (428.8, 298.7), (436.3, 287.5), (436.3, 287.5), (436.3, 287.5), (436.3, 287.5), (436.3, 287.5), (436.3, 287.5), (436.3, 287.5), (436.3, 287.5), (436.3, 287.5), (436.3, 287.5), (436.3, 287.5), (436.3, 287.5), (436.3, 287.5), (436.3, 287.5), (436.3, 287.5), (436.3, 287.5), (436.3, 287.5), (436.3, 287.5), (436.3, 287.5), (436.3, 287.5), (436.3, 287.5), (436.3, 287.5), (436.3, 287.5), (436.3, 287.5), (436.3, 287.5), (436.3, 287.5), (436.3, 287.5), (436.3, 287.5), (436.3, 287.5)]",1,0,12.0
experienced,bomberman,8,Bomb,8,0,29.4,1.0,"[(48.0, 112.0), (62.9, 115.7), (77.9, 115.7), (98.4, 115.7), (113.3, 121.3), (109.6, 136.3), (109.6, 153.1), (115.2, 171.7), (128.3, 179.2), (143.2, 179.2), (165.6, 179.2), (180.5, 188.5), (173.1, 203.5), (173.1, 224.0), (182.4, 238.9), (197.3, 244.5), (214.1, 244.5), (234.7, 244.5), (242.1, 259.5), (236.5, 274.4), (242.1, 296.8), (255.2, 308.0), (270.1, 308.0), (285.1, 308.0), (300.0, 308.0), (314.9, 308.0), (320.5, 308.0), (326.1, 308.0), (328.0, 308.0), (331.7, 308.0), (335.5, 308.0), (346.7, 308.0), (361.6, 308.0), (365.3, 308.0), (365.3, 308.0), (365.3, 308.0), (365.3, 308.0), (365.3, 308.0), (365.3, 308.0), (365.3, 308.0), (365.3, 308.0), (365.3, 308.0), (365.3, 308.0), (365.3, 308.0), (365.3, 308.0), (365.3, 308.0), (365.3, 308.0), (365.3, 308.0), (365.3, 308.0), (365.3, 308.0), (365.3, 308.0), (365.3, 308.0), (365.3, 308.0), (365.3, 308.0), (365.3, 308.0), (365.3, 308.0), (365.3, 308.0), (370.9, 308.0), (382.1, 304.3), (397.1, 300.5), (400.8, 300.5), (423.2, 300.5), (428.8, 308.0), (428.8, 308.0), (428.8, 308.0), (428.8, 308.0), (428.8, 308.0), (428.8, 308.0), (428.8, 308.0), (428.8, 308.0), (428.8, 308.0), (428.8, 308.0), (428.8, 308.0), (428.8, 308.0), (428.8, 308.0), (428.8, 308.0), (428.8, 308.0), (428.8, 308.0), (428.8, 308.0), (428.8, 308.0), (428.8, 308.0), (428.8, 308.0), (428.8, 308.0), (428.8, 308.0), (428.8, 308.0), (428.8, 308.0), (428.8, 308.0), (428.8, 308.0), (428.8, 308.0), (428.8, 308.0), (428.8, 308.0)]",1,0,12.0
experienced,bomberman,8,Bomb,41,0,43.31,1.0,"[(48.0, 112.0), (62.9, 115.7), (77.9, 115.7), (98.4, 115.7), (113.3, 121.3), (115.2, 136.3), (115.2, 153.1), (115.2, 171.7), (128.3, 179.2), (143.2, 179.2), (165.6, 179.2), (180.5, 188.5), (173.1, 203.5), (173.1, 224.0), (182.4, 238.9), (197.3, 244.5), (214.1, 244.5), (234.7, 244.5), (242.1, 259.5), (236.5, 274.4), (242.1, 296.8), (255.2, 308.0), (270.1, 308.0), (285.1, 308.0), (300.0, 308.0), (314.9, 308.0), (329.9, 300.5), (350.4, 300.5), (365.3, 308.0), (380.3, 300.5), (395.2, 300.5), (410.1, 300.5), (428.8, 298.7), (428.8, 294.9), (428.8, 287.5), (428.8, 287.5), (428.8, 287.5), (428.8, 287.5), (428.8, 287.5), (428.8, 287.5), (428.8, 287.5), (428.8, 287.5), (428.8, 287.5), (428.8, 287.5), (428.8, 287.5), (428.8, 287.5), (428.8, 287.5), (428.8, 287.5), (428.8, 287.5), (428.8, 287.5), (428.8, 287.5), (430.7, 287.5), (430.7, 287.5), (430.7, 287.5), (430.7, 287.5), (430.7, 287.5), (430.7, 287.5), (430.7, 287.5), (430.7, 287.5), (430.7, 287.5), (430.7, 287.5)]",0,0,8.02
experienced,bomberman,8,Bomb,41,0,30.49,1.0,"[(48.0, 112.0), (62.9, 115.7), (77.9, 115.7), (98.4, 115.7), (113.3, 121.3), (109.6, 136.3), (109.6, 153.1), (115.2, 171.7), (128.3, 179.2), (143.2, 179.2), (165.6, 179.2), (180.5, 188.5), (173.1, 203.5), (173.1, 224.0), (182.4, 238.9), (197.3, 244.5), (214.1, 244.5), (234.7, 244.5), (242.1, 259.5), (236.5, 274.4), (242.1, 296.8), (255.2, 308.0), (268.3, 308.0), (273.9, 308.0), (279.5, 308.0), (283.2, 308.0), (286.9, 308.0), (301.9, 308.0), (316.8, 308.0), (320.5, 308.0), (320.5, 308.0), (320.5, 308.0), (333.6, 308.0), (348.5, 308.0), (363.5, 308.0), (365.3, 308.0), (365.3, 308.0), (365.3, 308.0), (365.3, 308.0), (365.3, 308.0), (365.3, 308.0), (365.3, 308.0), (365.3, 308.0), (365.3, 308.0), (365.3, 308.0), (365.3, 308.0), (365.3, 308.0), (365.3, 308.0), (365.3, 308.0), (365.3, 308.0), (369.1, 308.0), (384.0, 300.5), (387.7, 300.5), (391.5, 300.5), (398.9, 300.5), (402.7, 300.5), (417.6, 300.5), (415.7, 300.5), (415.7, 302.4), (417.6, 300.5), (417.6, 300.5), (432.5, 294.9), (436.3, 287.5), (436.3, 287.5), (436.3, 287.5), (436.3, 287.5), (436.3, 287.5), (436.3, 287.5), (436.3, 287.5), (436.3, 287.5), (436.3, 287.5), (436.3, 287.5), (436.3, 287.5), (436.3, 287.5), (436.3, 287.5), (436.3, 287.5), (436.3, 287.5), (436.3, 287.5), (436.3, 287.5), (436.3, 287.5), (436.3, 287.5), (436.3, 287.5), (436.3, 287.5), (436.3, 287.5), (436.3, 287.5), (436.3, 287.5), (436.3, 287.5), (436.3, 287.5), (436.3, 287.5), (436.3, 287.5), (436.3, 287.5)]",1,0,12.0
experienced,bomberman,8,Enemy,37,0,34.95,0.944,"[(48.0, 112.0), (62.9, 115.7), (77.9, 115.7), (98.4, 115.7), (113.3, 121.3), (115.2, 136.3), (109.6, 153.1), (115.2, 171.7), (128.3, 179.2), (143.2, 179.2), (165.6, 179.2), (180.5, 188.5), (173.1, 203.5), (173.1, 224.0), (182.4, 238.9), (197.3, 244.5), (214.1, 244.5), (234.7, 244.5), (242.1, 259.5), (236.5, 274.4), (242.1, 296.8), (255.2, 308.0), (257.1, 308.0), (258.9, 308.0), (262.7, 308.0), (268.3, 308.0), (272.0, 308.0), (277.6, 308.0), (281.3, 308.0), (285.1, 308.0), (296.3, 308.0), (296.3, 308.0), (296.3, 308.0), (296.3, 308.0), (296.3, 308.0), (296.3, 308.0), (300.0, 308.0), (303.7, 308.0), (313.1, 300.5), (314.9, 300.5), (320.5, 300.5), (331.7, 300.5), (352.3, 300.5), (367.2, 300.5), (365.3, 308.0), (365.3, 308.0), (365.3, 308.0), (365.3, 308.0), (365.3, 308.0), (365.3, 308.0), (365.3, 308.0), (365.3, 308.0), (365.3, 308.0), (365.3, 308.0), (365.3, 308.0), (365.3, 308.0), (365.3, 308.0), (365.3, 308.0), (369.1, 308.0), (384.0, 300.5), (384.0, 300.5), (384.0, 300.5), (384.0, 300.5), (384.0, 300.5), (384.0, 300.5), (384.0, 300.5), (384.0, 300.5)]",0,0,8.87
experienced,bomberman,8,Bomb,7,0,28.93,0.778,"[(48.0, 112.0), (62.9, 115.7), (77.9, 115.7), (98.4, 115.7), (113.3, 121.3), (109.6, 136.3), (109.6, 153.1), (115.2, 171.7), (128.3, 179.2), (143.2, 179.2), (165.6, 179.2), (180.5, 188.5), (173.1, 203.5), (173.1, 224.0), (182.4, 238.9), (197.3, 244.5), (214.1, 244.5), (234.7, 244.5), (242.1, 259.5), (236.5, 274.4), (242.1, 296.8), (255.2, 308.0), (257.1, 308.0), (257.1, 308.0), (257.1, 308.0), (257.1, 308.0), (260.8, 308.0), (264.5, 308.0), (270.1, 308.0), (273.9, 308.0), (279.5, 308.0), (292.5, 308.0), (300.0, 308.0), (300.0, 308.0), (300.0, 308.0), (300.0, 308.0), (300.0, 308.0), (300.0, 308.0), (300.0, 308.0), (300.0, 308.0), (300.0, 308.0), (300.0, 308.0), (300.0, 308.0), (300.0, 308.0), (300.0, 308.0), (300.0, 308.0), (300.0, 308.0), (300.0, 308.0), (300.0, 308.0), (300.0, 308.0), (300.0, 308.0), (300.0, 308.0), (300.0, 308.0), (300.0, 308.0), (300.0, 308.0), (300.0, 304.3), (300.0, 289.3), (300.0, 289.3), (300.0, 289.3), (300.0, 289.3), (300.0, 289.3)]",0,0,8.0
experienced,bomberman,8,Bomb,41,0,30.49,1.0,"[(48.0, 112.0), (62.9, 115.7), (77.9, 115.7), (98.4, 115.7), (113.3, 121.3), (109.6, 136.3), (109.6, 153.1), (115.2, 171.7), (128.3, 179.2), (143.2, 179.2), (165.6, 179.2), (180.5, 188.5), (173.1, 203.5), (173.1, 224.0), (182.4, 238.9), (197.3, 244.5), (214.1, 244.5), (234.7, 244.5), (242.1, 259.5), (236.5, 274.4), (242.1, 296.8), (255.2, 308.0), (268.3, 308.0), (273.9, 308.0), (279.5, 308.0), (283.2, 308.0), (286.9, 308.0), (301.9, 308.0), (316.8, 308.0), (320.5, 308.0), (320.5, 308.0), (320.5, 308.0), (333.6, 308.0), (348.5, 308.0), (363.5, 308.0), (365.3, 308.0), (365.3, 308.0), (365.3, 308.0), (365.3, 308.0), (365.3, 308.0), (365.3, 308.0), (365.3, 308.0), (365.3, 308.0), (365.3, 308.0), (365.3, 308.0), (365.3, 308.0), (365.3, 308.0), (365.3, 308.0), (365.3, 308.0), (365.3, 308.0), (369.1, 308.0), (384.0, 300.5), (387.7, 300.5), (391.5, 300.5), (398.9, 300.5), (402.7, 300.5), (417.6, 300.5), (415.7, 300.5), (415.7, 302.4), (417.6, 300.5), (417.6, 300.5), (432.5, 294.9), (436.3, 287.5), (436.3, 287.5), (436.3, 287.5), (436.3, 287.5), (436.3, 287.5), (436.3, 287.5), (436.3, 287.5), (436.3, 287.5), (436.3, 287.5), (436.3, 287.5), (436.3, 287.5), (436.3, 287.5), (436.3, 287.5), (436.3, 287.5), (436.3, 287.5), (436.3, 287.5), (436.3, 287.5), (436.3, 287.5), (436.3, 287.5), (436.3, 287.5), (436.3, 287.5), (436.3, 287.5), (436.3, 287.5), (436.3, 287.5), (436.3, 287.5), (436.3, 287.5), (436.3, 287.5), (436.3, 287.5), (436.3, 287.5)]",1,0,12.0
experienced,bomberman,8,Bomb,8,0,29.4,1.0,"[(48.0, 112.0), (62.9, 115.7), (77.9, 115.7), (98.4, 115.7), (113.3, 121.3), (109.6, 136.3), (109.6, 153.1), (115.2, 171.7), (128.3, 179.2), (143.2, 179.2), (165.6, 179.2), (180.5, 188.5), (173.1, 203.5), (173.1, 224.0), (182.4, 238.9), (197.3, 244.5), (214.1, 244.5), (234.7, 244.5), (242.1, 259.5), (236.5, 274.4), (242.1, 296.8), (255.2, 308.0), (270.1, 308.0), (285.1, 308.0), (300.0, 308.0), (314.9, 308.0), (320.5, 308.0), (326.1, 308.0), (328.0, 308.0), (331.7, 308.0), (335.5, 308.0), (346.7, 308.0), (361.6, 308.0), (365.3, 308.0), (365.3, 308.0), (365.3, 308.0), (365.3, 308.0), (365.3, 308.0), (365.3, 308.0), (365.3, 308.0), (365.3, 308.0), (365.3, 308.0), (365.3, 308.0), (365.3, 308.0), (365.3, 308.0), (365.3, 308.0), (365.3, 308.0), (365.3, 308.0), (365.3, 308.0), (365.3, 308.0), (365.3, 308.0), (365.3, 308.0), (365.3, 308.0), (365.3, 308.0), (365.3, 308.0), (365.3, 308.0), (365.3, 308.0), (370.9, 308.0), (382.1, 304.3), (397.1, 300.5), (400.8, 300.5), (423.2, 300.5), (428.8, 308.0), (428.8, 308.0), (428.8, 308.0), (428.8, 308.0), (428.8, 308.0), (428.8, 308.0), (428.8, 308.0), (428.8, 308.0), (428.8, 308.0), (428.8, 308.0), (428.8, 308.0), (428.8, 308.0), (428.8, 308.0), (428.8, 308.0), (428.8, 308.0), (428.8, 308.0), (428.8, 308.0), (428.8, 308.0), (428.8, 308.0), (428.8, 308.0), (428.8, 308.0), (428.8, 308.0), (428.8, 308.0), (428.8, 308.0), (428.8, 308.0), (428.8, 308.0), (428.8, 308.0), (428.8, 308.0), (428.8, 308.0)]",1,0,12.0
experienced,bomberman,8,Bomb,60,0,30.33,1.0,"[(48.0, 112.0), (62.9, 115.7), (77.9, 115.7), (98.4, 115.7), (113.3, 121.3), (109.6, 136.3), (109.6, 153.1), (115.2, 171.7), (128.3, 179.2), (143.2, 179.2), (165.6, 179.2), (180.5, 188.5), (173.1, 203.5), (173.1, 224.0), (182.4, 238.9), (197.3, 244.5), (214.1, 244.5), (234.7, 244.5), (242.1, 259.5), (236.5, 274.4), (242.1, 296.8), (255.2, 308.0), (270.1, 308.0), (285.1, 308.0), (300.0, 308.0), (314.9, 308.0), (320.5, 308.0), (320.5, 308.0), (320.5, 308.0), (320.5, 308.0), (320.5, 308.0), (329.9, 308.0), (342.9, 308.0), (357.9, 308.0), (365.3, 308.0), (365.3, 308.0), (365.3, 308.0), (365.3, 308.0), (365.3, 308.0), (365.3, 308.0), (365.3, 308.0), (365.3, 308.0), (365.3, 308.0), (365.3, 308.0), (365.3, 308.0), (365.3, 308.0), (365.3, 308.0), (365.3, 308.0), (365.3, 308.0), (365.3, 308.0), (365.3, 308.0), (365.3, 308.0), (365.3, 308.0), (365.3, 308.0), (365.3, 308.0), (365.3, 308.0), (370.9, 308.0), (385.9, 300.5), (400.8, 300.5), (415.7, 302.4), (417.6, 300.5), (428.8, 298.7), (436.3, 287.5), (436.3, 287.5), (436.3, 287.5), (436.3, 287.5), (436.3, 287.5), (436.3, 287.5), (436.3, 287.5), (436.3, 287.5), (436.3, 287.5), (436.3, 287.5), (436.3, 287.5), (436.3, 287.5), (436.3, 287.5), (436.3, 287.5), (436.3, 287.5), (436.3, 287.5), (436.3, 287.5), (436.3, 287.5), (436.3, 287.5), (436.3, 287.5), (436.3, 287.5), (436.3, 287.5), (436.3, 287.5), (436.3, 287.5), (436.3, 287.5), (436.3, 287.5), (436.3, 287.5), (436.3, 287.5), (436.3, 287.5)]",1,0,12.0
experienced,bomberman,8,Bomb,30,0,29.36,1.0,"[(48.0, 112.0), (62.9, 115.7), (77.9, 115.7), (98.4, 115.7), (113.3, 121.3), (109.6, 136.3), (109.6, 153.1), (115.2, 171.7), (128.3, 179.2), (143.2, 179.2), (165.6, 179.2), (180.5, 188.5), (173.1, 203.5), (173.1, 224.0), (182.4, 238.9), (197.3, 244.5), (214.1, 244.5), (234.7, 244.5), (242.1, 259.5), (236.5, 274.4), (242.1, 296.8), (255.2, 308.0), (270.1, 308.0), (285.1, 308.0), (300.0, 308.0), (314.9, 308.0), (320.5, 308.0), (320.5, 308.0), (320.5, 308.0), (326.1, 308.0), (328.0, 308.0), (341.1, 308.0), (356.0, 308.0), (365.3, 308.0), (365.3, 308.0), (365.3, 308.0), (365.3, 308.0), (365.3, 308.0), (365.3, 308.0), (365.3, 308.0), (365.3, 308.0), (365.3, 308.0), (365.3, 308.0), (365.3, 308.0), (365.3, 308.0), (365.3, 308.0), (365.3, 308.0), (365.3, 308.0), (365.3, 308.0), (365.3, 308.0), (365.3, 308.0), (365.3, 308.0), (365.3, 308.0), (365.3, 308.0), (372.8, 308.0), (384.0, 300.5), (384.0, 300.5), (384.0, 300.5), (384.0, 300.5), (384.0, 300.5), (384.0, 300.5), (398.9, 300.5), (421.3, 300.5), (428.8, 306.1), (428.8, 308.0), (428.8, 308.0), (428.8, 308.0), (428.8, 308.0), (428.8, 308.0), (428.8, 308.0), (428.8, 308.0), (428.8, 308.0), (428.8, 308.0), (428.8, 308.0), (428.8, 308.0), (428.8, 308.0), (428.8, 306.1), (428.8, 291.2), (428.8, 287.5), (428.8, 287.5), (428.8, 287.5), (428.8, 287.5), (428.8, 287.5), (428.8, 287.5), (428.8, 287.5), (428.8, 287.5), (428.8, 287.5), (428.8, 287.5), (428.8, 287.5), (428.8, 287.5), (428.8, 287.5)]",1,0,12.02
experienced,bomberman,8,Bomb,7,0,29.98,1.0,"[(48.0, 112.0), (62.9, 115.7), (77.9, 115.7), (98.4, 115.7), (113.3, 121.3), (109.6, 136.3), (109.6, 153.1), (115.2, 171.7), (128.3, 179.2), (143.2, 179.2), (165.6, 179.2), (180.5, 188.5), (173.1, 203.5), (173.1, 224.0), (182.4, 238.9), (197.3, 244.5), (214.1, 244.5), (234.7, 244.5), (242.1, 259.5), (236.5, 274.4), (242.1, 296.8), (255.2, 308.0), (270.1, 308.0), (275.7, 308.0), (279.5, 308.0), (283.2, 308.0), (286.9, 308.0), (300.0, 308.0), (314.9, 308.0), (320.5, 308.0), (320.5, 308.0), (320.5, 308.0), (326.1, 308.0), (339.2, 308.0), (352.3, 308.0), (365.3, 308.0), (365.3, 308.0), (365.3, 308.0), (365.3, 308.0), (365.3, 308.0), (365.3, 308.0), (365.3, 308.0), (365.3, 308.0), (365.3, 308.0), (365.3, 308.0), (365.3, 308.0), (365.3, 308.0), (365.3, 308.0), (365.3, 308.0), (365.3, 308.0), (365.3, 308.0), (365.3, 308.0), (365.3, 308.0), (365.3, 308.0), (365.3, 308.0), (369.1, 308.0), (380.3, 300.5), (389.6, 300.5), (393.3, 300.5), (398.9, 300.5), (404.5, 300.5), (425.1, 300.5), (428.8, 308.0), (428.8, 308.0), (428.8, 308.0), (428.8, 308.0), (428.8, 308.0), (428.8, 308.0), (428.8, 308.0), (428.8, 308.0), (428.8, 308.0), (428.8, 308.0), (428.8, 308.0), (428.8, 308.0), (428.8, 308.0), (428.8, 308.0), (428.8, 308.0), (428.8, 308.0), (428.8, 308.0), (428.8, 308.0), (428.8, 308.0), (428.8, 308.0), (428.8, 308.0), (428.8, 308.0), (428.8, 308.0), (428.8, 308.0), (428.8, 308.0), (428.8, 298.7), (428.8, 287.5), (428.8, 287.5), (428.8, 287.5)]",1,0,12.02
experienced,bomberman,8,Bomb,12,0,28.31,1.0,"[(48.0, 112.0), (62.9, 115.7), (77.9, 115.7), (98.4, 115.7), (113.3, 121.3), (109.6, 136.3), (109.6, 153.1), (115.2, 171.7), (128.3, 179.2), (143.2, 179.2), (165.6, 179.2), (180.5, 188.5), (173.1, 203.5), (173.1, 224.0), (182.4, 238.9), (197.3, 244.5), (214.1, 244.5), (234.7, 244.5), (242.1, 259.5), (236.5, 274.4), (242.1, 296.8), (255.2, 308.0), (257.1, 308.0), (260.8, 308.0), (268.3, 308.0), (273.9, 308.0), (279.5, 308.0), (283.2, 308.0), (290.7, 308.0), (305.6, 308.0), (320.5, 308.0), (320.5, 308.0), (329.9, 308.0), (344.8, 308.0), (359.7, 308.0), (365.3, 308.0), (365.3, 308.0), (365.3, 308.0), (365.3, 308.0), (365.3, 308.0), (365.3, 308.0), (365.3, 308.0), (365.3, 308.0), (365.3, 308.0), (365.3, 308.0), (365.3, 308.0), (365.3, 308.0), (365.3, 308.0), (365.3, 308.0), (365.3, 308.0), (365.3, 308.0), (365.3, 308.0), (365.3, 308.0), (376.5, 308.0), (384.0, 304.3), (395.2, 300.5), (397.1, 300.5), (404.5, 300.5), (412.0, 300.5), (413.9, 300.5), (415.7, 302.4), (428.8, 300.5), (428.8, 308.0), (428.8, 308.0), (428.8, 308.0), (428.8, 308.0), (428.8, 308.0), (428.8, 308.0), (428.8, 308.0), (428.8, 308.0), (428.8, 308.0), (428.8, 308.0), (428.8, 308.0), (428.8, 308.0), (428.8, 308.0), (428.8, 308.0), (428.8, 308.0), (428.8, 308.0), (428.8, 308.0), (428.8, 308.0), (428.8, 308.0), (428.8, 308.0), (428.8, 308.0), (428.8, 308.0), (428.8, 308.0), (428.8, 308.0), (428.8, 308.0), (428.8, 308.0), (428.8, 308.0), (428.8, 308.0), (428.8, 308.0)]",1,0,12.0
experienced,bomberman,8,Bomb,9,0,29.09,1.0,"[(48.0, 112.0), (62.9, 115.7), (77.9, 115.7), (98.4, 115.7), (113.3, 121.3), (109.6, 136.3), (109.6, 153.1), (115.2, 171.7), (128.3, 179.2), (143.2, 179.2), (165.6, 179.2), (180.5, 188.5), (173.1, 203.5), (173.1, 224.0), (182.4, 238.9), (197.3, 244.5), (214.1, 244.5), (234.7, 244.5), (242.1, 259.5), (236.5, 274.4), (242.1, 296.8), (255.2, 308.0), (270.1, 308.0), (285.1, 308.0), (300.0, 308.0), (314.9, 308.0), (320.5, 308.0), (320.5, 308.0), (320.5, 308.0), (320.5, 308.0), (324.3, 308.0), (337.3, 308.0), (352.3, 308.0), (365.3, 308.0), (365.3, 308.0), (365.3, 308.0), (365.3, 308.0), (365.3, 308.0), (365.3, 308.0), (365.3, 308.0), (365.3, 308.0), (365.3, 308.0), (365.3, 308.0), (365.3, 308.0), (365.3, 308.0), (365.3, 308.0), (365.3, 308.0), (365.3, 308.0), (365.3, 308.0), (365.3, 308.0), (365.3, 308.0), (365.3, 308.0), (365.3, 308.0), (365.3, 308.0), (367.2, 308.0), (378.4, 308.0), (389.6, 300.5), (393.3, 300.5), (400.8, 300.5), (406.4, 300.5), (408.3, 300.5), (426.9, 300.5), (428.8, 308.0), (428.8, 308.0), (428.8, 308.0), (428.8, 308.0), (428.8, 308.0), (428.8, 308.0), (428.8, 308.0), (428.8, 308.0), (428.8, 308.0), (428.8, 308.0), (428.8, 308.0), (428.8, 308.0), (428.8, 308.0), (428.8, 308.0), (428.8, 308.0), (428.8, 308.0), (428.8, 308.0), (428.8, 308.0), (428.8, 308.0), (428.8, 308.0), (428.8, 308.0), (428.8, 308.0), (428.8, 308.0), (428.8, 308.0), (428.8, 308.0), (428.8, 308.0), (428.8, 308.0), (428.8, 308.0), (428.8, 308.0)]",1,0,12.0
experienced,bomberman,8,Bomb,24,0,28.89,1.0,"[(48.0, 112.0), (62.9, 115.7), (77.9, 115.7), (98.4, 115.7), (113.3, 121.3), (109.6, 136.3), (109.6, 153.1), (115.2, 171.7), (128.3, 179.2), (143.2, 179.2), (165.6, 179.2), (180.5, 188.5), (173.1, 203.5), (173.1, 224.0), (182.4, 238.9), (197.3, 244.5), (214.1, 244.5), (234.7, 244.5), (242.1, 259.5), (236.5, 274.4), (242.1, 296.8), (255.2, 308.0), (257.1, 308.0), (262.7, 308.0), (268.3, 308.0), (273.9, 308.0), (277.6, 308.0), (283.2, 308.0), (286.9, 308.0), (300.0, 308.0), (311.2, 308.0), (320.5, 308.0), (320.5, 308.0), (320.5, 308.0), (320.5, 308.0), (326.1, 308.0), (333.6, 308.0), (333.6, 308.0), (333.6, 308.0), (333.6, 308.0), (333.6, 308.0), (333.6, 308.0), (333.6, 308.0), (333.6, 308.0), (333.6, 308.0), (333.6, 308.0), (333.6, 308.0), (333.6, 308.0), (333.6, 308.0), (333.6, 308.0), (333.6, 308.0), (333.6, 308.0), (333.6, 308.0), (333.6, 308.0), (333.6, 308.0), (333.6, 308.0), (354.1, 302.4), (369.1, 308.0), (384.0, 308.0), (384.0, 306.1), (384.0, 306.1), (397.1, 300.5), (419.5, 300.5), (428.8, 304.3), (428.8, 308.0), (428.8, 308.0), (428.8, 308.0), (428.8, 308.0), (428.8, 308.0), (428.8, 308.0), (428.8, 308.0), (428.8, 308.0), (428.8, 308.0), (428.8, 308.0), (428.8, 308.0), (428.8, 308.0), (428.8, 308.0), (428.8, 308.0), (428.8, 308.0), (428.8, 308.0), (428.8, 308.0), (428.8, 308.0), (428.8, 308.0), (428.8, 308.0), (428.8, 308.0), (428.8, 308.0), (428.8, 294.9), (428.8, 287.5), (428.8, 287.5), (428.8, 287.5), (428.8, 287.5)]",0,0,12.02
experienced,bomberman,8,Bomb,62,0,30.49,1.0,"[(48.0, 112.0), (62.9, 115.7), (77.9, 115.7), (98.4, 115.7), (113.3, 121.3), (109.6, 136.3), (109.6, 153.1), (115.2, 171.7), (128.3, 179.2), (143.2, 179.2), (165.6, 179.2), (180.5, 188.5), (173.1, 203.5), (173.1, 224.0), (182.4, 238.9), (197.3, 244.5), (214.1, 244.5), (234.7, 244.5), (242.1, 259.5), (236.5, 274.4), (242.1, 296.8), (255.2, 308.0), (270.1, 308.0), (277.6, 308.0), (283.2, 308.0), (288.8, 308.0), (303.7, 308.0), (318.7, 308.0), (320.5, 308.0), (320.5, 308.0), (320.5, 308.0), (324.3, 308.0), (339.2, 308.0), (354.1, 308.0), (365.3, 308.0), (365.3, 308.0), (365.3, 308.0), (365.3, 308.0), (365.3, 308.0), (365.3, 308.0), (365.3, 308.0), (365.3, 308.0), (365.3, 308.0), (365.3, 308.0), (365.3, 308.0), (365.3, 308.0), (365.3, 308.0), (365.3, 308.0), (365.3, 308.0), (370.9, 308.0), (382.1, 300.5), (382.1, 300.5), (382.1, 300.5), (389.6, 300.5), (393.3, 300.5), (400.8, 300.5), (402.7, 300.5), (417.6, 300.5), (415.7, 300.5), (417.6, 300.5), (417.6, 302.4), (432.5, 294.9), (436.3, 287.5), (436.3, 287.5), (436.3, 287.5), (436.3, 287.5), (436.3, 287.5), (436.3, 287.5), (436.3, 287.5), (436.3, 287.5), (436.3, 287.5), (436.3, 287.5), (436.3, 287.5), (436.3, 287.5), (436.3, 287.5), (436.3, 287.5), (436.3, 287.5), (436.3, 287.5), (436.3, 287.5), (436.3, 287.5), (436.3, 287.5), (436.3, 287.5), (436.3, 287.5), (436.3, 287.5), (436.3, 287.5), (436.3, 287.5), (436.3, 287.5), (436.3, 287.5), (436.3, 287.5), (436.3, 287.5), (436.3, 287.5)]",1,0,12.0
experienced,bomberman,8,Bomb,51,0,43.75,1.0,"[(48.0, 112.0), (62.9, 115.7), (77.9, 115.7), (98.4, 115.7), (113.3, 121.3), (109.6, 136.3), (109.6, 153.1), (115.2, 171.7), (128.3, 179.2), (143.2, 179.2), (165.6, 179.2), (180.5, 188.5), (173.1, 203.5), (173.1, 224.0), (182.4, 238.9), (197.3, 244.5), (214.1, 244.5), (234.7, 244.5), (242.1, 259.5), (236.5, 274.4), (242.1, 296.8), (255.2, 308.0), (270.1, 308.0), (285.1, 308.0), (300.0, 308.0), (314.9, 308.0), (329.9, 300.5), (337.3, 300.5), (344.8, 300.5), (359.7, 308.0), (374.7, 306.1), (384.0, 302.4), (389.6, 300.5), (406.4, 300.5), (426.9, 300.5), (428.8, 308.0), (428.8, 308.0), (428.8, 308.0), (428.8, 308.0), (428.8, 308.0), (428.8, 308.0), (428.8, 308.0), (428.8, 308.0), (428.8, 308.0), (428.8, 308.0), (428.8, 308.0), (428.8, 308.0), (428.8, 308.0), (436.3, 308.0), (436.3, 294.9), (436.3, 287.5), (436.3, 287.5), (436.3, 287.5), (436.3, 287.5), (436.3, 287.5), (436.3, 287.5), (436.3, 287.5), (436.3, 287.5), (436.3, 287.5), (436.3, 287.5), (436.3, 287.5), (436.3, 287.5)]",0,0,8.15
experienced,bomberman,8,Bomb,62,0,30.49,1.0,"[(48.0, 112.0), (62.9, 115.7), (77.9, 115.7), (98.4, 115.7), (113.3, 121.3), (109.6, 136.3), (109.6, 153.1), (115.2, 171.7), (128.3, 179.2), (143.2, 179.2), (165.6, 179.2), (180.5, 188.5), (173.1, 203.5), (173.1, 224.0), (182.4, 238.9), (197.3, 244.5), (214.1, 244.5), (234.7, 244.5), (242.1, 259.5), (236.5, 274.4), (242.1, 296.8), (255.2, 308.0), (270.1, 308.0), (277.6, 308.0), (283.2, 308.0), (288.8, 308.0), (303.7, 308.0), (318.7, 308.0), (320.5, 308.0), (320.5, 308.0), (320.5, 308.0), (324.3, 308.0), (339.2, 308.0), (354.1, 308.0), (365.3, 308.0), (365.3, 308.0), (365.3, 308.0), (365.3, 308.0), (365.3, 308.0), (365.3, 308.0), (365.3, 308.0), (365.3, 308.0), (365.3, 308.0), (365.3, 308.0), (365.3, 308.0), (365.3, 308.0), (365.3, 308.0), (365.3, 308.0), (365.3, 308.0), (370.9, 308.0), (382.1, 300.5), (382.1, 300.5), (382.1, 300.5), (389.6, 300.5), (393.3, 300.5), (400.8, 300.5), (402.7, 300.5), (417.6, 300.5), (415.7, 300.5), (417.6, 300.5), (417.6, 302.4), (432.5, 294.9), (436.3, 287.5), (436.3, 287.5), (436.3, 287.5), (436.3, 287.5), (436.3, 287.5), (436.3, 287.5), (436.3, 287.5), (436.3, 287.5), (436.3, 287.5), (436.3, 287.5), (436.3, 287.5), (436.3, 287.5), (436.3, 287.5), (436.3, 287.5), (436.3, 287.5), (436.3, 287.5), (436.3, 287.5), (436.3, 287.5), (436.3, 287.5), (436.3, 287.5), (436.3, 287.5), (436.3, 287.5), (436.3, 287.5), (436.3, 287.5), (436.3, 287.5), (436.3, 287.5), (436.3, 287.5), (436.3, 287.5), (436.3, 287.5)]",1,0,12.0
experienced,bomberman,8,Bomb,9,0,29.09,1.0,"[(48.0, 112.0), (62.9, 115.7), (77.9, 115.7), (98.4, 115.7), (113.3, 121.3), (109.6, 136.3), (109.6, 153.1), (115.2, 171.7), (128.3, 179.2), (143.2, 179.2), (165.6, 179.2), (180.5, 188.5), (173.1, 203.5), (173.1, 224.0), (182.4, 238.9), (197.3, 244.5), (214.1, 244.5), (234.7, 244.5), (242.1, 259.5), (236.5, 274.4), (242.1, 296.8), (255.2, 308.0), (270.1, 308.0), (285.1, 308.0), (300.0, 308.0), (314.9, 308.0), (320.5, 308.0), (320.5, 308.0), (320.5, 308.0), (320.5, 308.0), (324.3, 308.0), (337.3, 308.0), (352.3, 308.0), (365.3, 308.0), (365.3, 308.0), (365.3, 308.0), (365.3, 308.0), (365.3, 308.0), (365.3, 308.0), (365.3, 308.0), (365.3, 308.0), (365.3, 308.0), (365.3, 308.0), (365.3, 308.0), (365.3, 308.0), (365.3, 308.0), (365.3, 308.0), (365.3, 308.0), (365.3, 308.0), (365.3, 308.0), (365.3, 308.0), (365.3, 308.0), (365.3, 308.0), (365.3, 308.0), (367.2, 308.0), (378.4, 308.0), (389.6, 300.5), (393.3, 300.5), (400.8, 300.5), (406.4, 300.5), (408.3, 300.5), (426.9, 300.5), (428.8, 308.0), (428.8, 308.0), (428.8, 308.0), (428.8, 308.0), (428.8, 308.0), (428.8, 308.0), (428.8, 308.0), (428.8, 308.0), (428.8, 308.0), (428.8, 308.0), (428.8, 308.0), (428.8, 308.0), (428.8, 308.0), (428.8, 308.0), (428.8, 308.0), (428.8, 308.0), (428.8, 308.0), (428.8, 308.0), (428.8, 308.0), (428.8, 308.0), (428.8, 308.0), (428.8, 308.0), (428.8, 308.0), (428.8, 308.0), (428.8, 308.0), (428.8, 308.0), (428.8, 308.0), (428.8, 308.0), (428.8, 308.0)]",1,0,12.0
experienced,bomberman,8,Bomb,12,0,28.31,1.0,"[(48.0, 112.0), (62.9, 115.7), (77.9, 115.7), (98.4, 115.7), (113.3, 121.3), (109.6, 136.3), (109.6, 153.1), (115.2, 171.7), (128.3, 179.2), (143.2, 179.2), (165.6, 179.2), (180.5, 188.5), (173.1, 203.5), (173.1, 224.0), (182.4, 238.9), (197.3, 244.5), (214.1, 244.5), (234.7, 244.5), (242.1, 259.5), (236.5, 274.4), (242.1, 296.8), (255.2, 308.0), (257.1, 308.0), (260.8, 308.0), (268.3, 308.0), (273.9, 308.0), (279.5, 308.0), (283.2, 308.0), (290.7, 308.0), (305.6, 308.0), (320.5, 308.0), (320.5, 308.0), (329.9, 308.0), (344.8, 308.0), (359.7, 308.0), (365.3, 308.0), (365.3, 308.0), (365.3, 308.0), (365.3, 308.0), (365.3, 308.0), (365.3, 308.0), (365.3, 308.0), (365.3, 308.0), (365.3, 308.0), (365.3, 308.0), (365.3, 308.0), (365.3, 308.0), (365.3, 308.0), (365.3, 308.0), (365.3, 308.0), (365.3, 308.0), (365.3, 308.0), (365.3, 308.0), (376.5, 308.0), (384.0, 304.3), (395.2, 300.5), (397.1, 300.5), (404.5, 300.5), (412.0, 300.5), (413.9, 300.5), (415.7, 302.4), (428.8, 300.5), (428.8, 308.0), (428.8, 308.0), (428.8, 308.0), (428.8, 308.0), (428.8, 308.0), (428.8, 308.0), (428.8, 308.0), (428.8, 308.0), (428.8, 308.0), (428.8, 308.0), (428.8, 308.0), (428.8, 308.0), (428.8, 308.0), (428.8, 308.0), (428.8, 308.0), (428.8, 308.0), (428.8, 308.0), (428.8, 308.0), (428.8, 308.0), (428.8, 308.0), (428.8, 308.0), (428.8, 308.0), (428.8, 308.0), (428.8, 308.0), (428.8, 308.0), (428.8, 308.0), (428.8, 308.0), (428.8, 308.0), (428.8, 308.0)]",1,0,12.0
experienced,bomberman,8,Bomb,7,0,29.98,1.0,"[(48.0, 112.0), (62.9, 115.7), (77.9, 115.7), (98.4, 115.7), (113.3, 121.3), (109.6, 136.3), (109.6, 153.1), (115.2, 171.7), (128.3, 179.2), (143.2, 179.2), (165.6, 179.2), (180.5, 188.5), (173.1, 203.5), (173.1, 224.0), (182.4, 238.9), (197.3, 244.5), (214.1, 244.5), (234.7, 244.5), (242.1, 259.5), (236.5, 274.4), (242.1, 296.8), (255.2, 308.0), (270.1, 308.0), (275.7, 308.0), (279.5, 308.0), (283.2, 308.0), (286.9, 308.0), (300.0, 308.0), (314.9, 308.0), (320.5, 308.0), (320.5, 308.0), (320.5, 308.0), (326.1, 308.0), (339.2, 308.0), (352.3, 308.0), (365.3, 308.0), (365.3, 308.0), (365.3, 308.0), (365.3, 308.0), (365.3, 308.0), (365.3, 308.0), (365.3, 308.0), (365.3, 308.0), (365.3, 308.0), (365.3, 308.0), (365.3, 308.0), (365.3, 308.0), (365.3, 308.0), (365.3, 308.0), (365.3, 308.0), (365.3, 308.0), (365.3, 308.0), (365.3, 308.0), (365.3, 308.0), (365.3, 308.0), (369.1, 308.0), (380.3, 300.5), (389.6, 300.5), (393.3, 300.5), (398.9, 300.5), (404.5, 300.5), (425.1, 300.5), (428.8, 308.0), (428.8, 308.0), (428.8, 308.0), (428.8, 308.0), (428.8, 308.0), (428.8, 308.0), (428.8, 308.0), (428.8, 308.0), (428.8, 308.0), (428.8, 308.0), (428.8, 308.0), (428.8, 308.0), (428.8, 308.0), (428.8, 308.0), (428.8, 308.0), (428.8, 308.0), (428.8, 308.0), (428.8, 308.0), (428.8, 308.0), (428.8, 308.0), (428.8, 308.0), (428.8, 308.0), (428.8, 308.0), (428.8, 308.0), (428.8, 308.0), (428.8, 298.7), (428.8, 287.5), (428.8, 287.5), (428.8, 287.5)]",1,0,12.02
experienced,bomberman,8,Bomb,30,0,29.36,1.0,"[(48.0, 112.0), (62.9, 115.7), (77.9, 115.7), (98.4, 115.7), (113.3, 121.3), (109.6, 136.3), (109.6, 153.1), (115.2, 171.7), (128.3, 179.2), (143.2, 179.2), (165.6, 179.2), (180.5, 188.5), (173.1, 203.5), (173.1, 224.0), (182.4, 238.9), (197.3, 244.5), (214.1, 244.5), (234.7, 244.5), (242.1, 259.5), (236.5, 274.4), (242.1, 296.8), (255.2, 308.0), (270.1, 308.0), (285.1, 308.0), (300.0, 308.0), (314.9, 308.0), (320.5, 308.0), (320.5, 308.0), (320.5, 308.0), (326.1, 308.0), (328.0, 308.0), (341.1, 308.0), (356.0, 308.0), (365.3, 308.0), (365.3, 308.0), (365.3, 308.0), (365.3, 308.0), (365.3, 308.0), (365.3, 308.0), (365.3, 308.0), (365.3, 308.0), (365.3, 308.0), (365.3, 308.0), (365.3, 308.0), (365.3, 308.0), (365.3, 308.0), (365.3, 308.0), (365.3, 308.0), (365.3, 308.0), (365.3, 308.0), (365.3, 308.0), (365.3, 308.0), (365.3, 308.0), (365.3, 308.0), (372.8, 308.0), (384.0, 300.5), (384.0, 300.5), (384.0, 300.5), (384.0, 300.5), (384.0, 300.5), (384.0, 300.5), (398.9, 300.5), (421.3, 300.5), (428.8, 306.1), (428.8, 308.0), (428.8, 308.0), (428.8, 308.0), (428.8, 308.0), (428.8, 308.0), (428.8, 308.0), (428.8, 308.0), (428.8, 308.0), (428.8, 308.0), (428.8, 308.0), (428.8, 308.0), (428.8, 308.0), (428.8, 306.1), (428.8, 291.2), (428.8, 287.5), (428.8, 287.5), (428.8, 287.5), (428.8, 287.5), (428.8, 287.5), (428.8, 287.5), (428.8, 287.5), (428.8, 287.5), (428.8, 287.5), (428.8, 287.5), (428.8, 287.5), (428.8, 287.5), (428.8, 287.5)]",1,0,12.02
experienced,bomberman,8,Bomb,60,0,30.33,1.0,"[(48.0, 112.0), (62.9, 115.7), (77.9, 115.7), (98.4, 115.7), (113.3, 121.3), (109.6, 136.3), (109.6, 153.1), (115.2, 171.7), (128.3, 179.2), (143.2, 179.2), (165.6, 179.2), (180.5, 188.5), (173.1, 203.5), (173.1, 224.0), (182.4, 238.9), (197.3, 244.5), (214.1, 244.5), (234.7, 244.5), (242.1, 259.5), (236.5, 274.4), (242.1, 296.8), (255.2, 308.0), (270.1, 308.0), (285.1, 308.0), (300.0, 308.0), (314.9, 308.0), (320.5, 308.0), (320.5, 308.0), (320.5, 308.0), (320.5, 308.0), (320.5, 308.0), (329.9, 308.0), (342.9, 308.0), (357.9, 308.0), (365.3, 308.0), (365.3, 308.0), (365.3, 308.0), (365.3, 308.0), (365.3, 308.0), (365.3, 308.0), (365.3, 308.0), (365.3, 308.0), (365.3, 308.0), (365.3, 308.0), (365.3, 308.0), (365.3, 308.0), (365.3, 308.0), (365.3, 308.0), (365.3, 308.0), (365.3, 308.0), (365.3, 308.0), (365.3, 308.0), (365.3, 308.0), (365.3, 308.0), (365.3, 308.0), (365.3, 308.0), (370.9, 308.0), (385.9, 300.5), (400.8, 300.5), (415.7, 302.4), (417.6, 300.5), (428.8, 298.7), (436.3, 287.5), (436.3, 287.5), (436.3, 287.5), (436.3, 287.5), (436.3, 287.5), (436.3, 287.5), (436.3, 287.5), (436.3, 287.5), (436.3, 287.5), (436.3, 287.5), (436.3, 287.5), (436.3, 287.5), (436.3, 287.5), (436.3, 287.5), (436.3, 287.5), (436.3, 287.5), (436.3, 287.5), (436.3, 287.5), (436.3, 287.5), (436.3, 287.5), (436.3, 287.5), (436.3, 287.5), (436.3, 287.5), (436.3, 287.5), (436.3, 287.5), (436.3, 287.5), (436.3, 287.5), (436.3, 287.5), (436.3, 287.5)]",1,0,12.0
experienced,bomberman,8,Bomb,39,0,29.36,1.0,"[(48.0, 112.0), (62.9, 115.7), (77.9, 115.7), (98.4, 115.7), (113.3, 121.3), (109.6, 136.3), (109.6, 153.1), (115.2, 171.7), (128.3, 179.2), (143.2, 179.2), (165.6, 179.2), (180.5, 188.5), (173.1, 203.5), (173.1, 224.0), (182.4, 238.9), (197.3, 244.5), (214.1, 244.5), (234.7, 244.5), (242.1, 259.5), (236.5, 274.4), (242.1, 296.8), (255.2, 308.0), (270.1, 308.0), (281.3, 308.0), (285.1, 308.0), (294.4, 308.0), (309.3, 308.0), (320.5, 308.0), (320.5, 308.0), (320.5, 308.0), (320.5, 308.0), (320.5, 308.0), (331.7, 308.0), (342.9, 308.0), (357.9, 308.0), (365.3, 308.0), (365.3, 308.0), (365.3, 308.0), (365.3, 308.0), (365.3, 308.0), (365.3, 308.0), (365.3, 308.0), (365.3, 308.0), (365.3, 308.0), (365.3, 308.0), (365.3, 308.0), (365.3, 308.0), (365.3, 308.0), (365.3, 308.0), (365.3, 308.0), (365.3, 308.0), (365.3, 308.0), (365.3, 308.0), (365.3, 308.0), (367.2, 308.0), (374.7, 306.1), (382.1, 300.5), (385.9, 300.5), (389.6, 300.5), (389.6, 300.5), (393.3, 300.5), (413.9, 300.5), (428.8, 300.5), (428.8, 308.0), (428.8, 308.0), (428.8, 308.0), (428.8, 308.0), (428.8, 308.0), (428.8, 308.0), (428.8, 308.0), (428.8, 308.0), (428.8, 308.0), (428.8, 308.0), (428.8, 308.0), (428.8, 308.0), (428.8, 308.0), (428.8, 308.0), (428.8, 308.0), (428.8, 308.0), (428.8, 308.0), (428.8, 308.0), (428.8, 308.0), (428.8, 298.7), (428.8, 287.5), (428.8, 287.5), (428.8, 287.5), (428.8, 287.5), (428.8, 287.5), (428.8, 287.5), (428.8, 287.5), (428.8, 287.5)]",1,0,12.02
experienced,bomberman,8,Bomb,47,0,30.49,1.0,"[(48.0, 112.0), (62.9, 115.7), (77.9, 115.7), (98.4, 115.7), (113.3, 121.3), (115.2, 136.3), (115.2, 153.1), (115.2, 171.7), (128.3, 179.2), (143.2, 179.2), (165.6, 179.2), (180.5, 188.5), (173.1, 203.5), (173.1, 224.0), (182.4, 238.9), (197.3, 244.5), (214.1, 244.5), (234.7, 244.5), (242.1, 259.5), (236.5, 274.4), (242.1, 296.8), (255.2, 308.0), (270.1, 308.0), (281.3, 308.0), (286.9, 308.0), (296.3, 308.0), (311.2, 308.0), (320.5, 308.0), (320.5, 308.0), (320.5, 308.0), (320.5, 308.0), (324.3, 308.0), (339.2, 308.0), (354.1, 308.0), (365.3, 308.0), (365.3, 308.0), (365.3, 308.0), (365.3, 308.0), (365.3, 308.0), (365.3, 308.0), (365.3, 308.0), (365.3, 308.0), (365.3, 308.0), (365.3, 308.0), (365.3, 308.0), (365.3, 308.0), (365.3, 308.0), (365.3, 308.0), (365.3, 308.0), (365.3, 308.0), (365.3, 308.0), (365.3, 308.0), (367.2, 308.0), (370.9, 308.0), (385.9, 300.5), (400.8, 300.5), (417.6, 300.5), (415.7, 300.5), (415.7, 302.4), (417.6, 300.5), (417.6, 300.5), (432.5, 294.9), (436.3, 287.5), (436.3, 287.5), (436.3, 287.5), (436.3, 287.5), (436.3, 287.5), (436.3, 287.5), (436.3, 287.5), (436.3, 287.5), (436.3, 287.5), (436.3, 287.5), (436.3, 287.5), (436.3, 287.5), (436.3, 287.5), (436.3, 287.5), (436.3, 287.5), (436.3, 287.5), (436.3, 287.5), (436.3, 287.5), (436.3, 287.5), (436.3, 287.5), (436.3, 287.5), (436.3, 287.5), (436.3, 287.5), (436.3, 287.5), (436.3, 287.5), (436.3, 287.5), (436.3, 287.5), (436.3, 287.5), (436.3, 287.5)]",1,0,12.0
experienced,bomberman,8,Bomb,64,0,30.49,1.0,"[(48.0, 112.0), (62.9, 115.7), (77.9, 115.7), (98.4, 115.7), (113.3, 121.3), (109.6, 136.3), (109.6, 153.1), (115.2, 171.7), (128.3, 179.2), (143.2, 179.2), (165.6, 179.2), (180.5, 188.5), (173.1, 203.5), (173.1, 224.0), (182.4, 238.9), (197.3, 244.5), (214.1, 244.5), (234.7, 244.5), (242.1, 259.5), (236.5, 274.4), (242.1, 296.8), (255.2, 308.0), (270.1, 308.0), (285.1, 308.0), (300.0, 308.0), (314.9, 308.0), (320.5, 308.0), (320.5, 308.0), (324.3, 308.0), (328.0, 308.0), (331.7, 308.0), (344.8, 308.0), (359.7, 308.0), (365.3, 308.0), (365.3, 308.0), (365.3, 308.0), (365.3, 308.0), (365.3, 308.0), (365.3, 308.0), (365.3, 308.0), (365.3, 308.0), (365.3, 308.0), (365.3, 308.0), (365.3, 308.0), (365.3, 308.0), (365.3, 308.0), (365.3, 308.0), (365.3, 308.0), (365.3, 308.0), (365.3, 308.0), (369.1, 308.0), (384.0, 300.5), (398.9, 300.5), (410.1, 300.5), (415.7, 302.4), (417.6, 300.5), (417.6, 300.5), (417.6, 300.5), (417.6, 300.5), (417.6, 300.5), (417.6, 300.5), (432.5, 294.9), (436.3, 287.5), (436.3, 287.5), (436.3, 287.5), (436.3, 287.5), (436.3, 287.5), (436.3, 287.5), (436.3, 287.5), (436.3, 287.5), (436.3, 287.5), (436.3, 287.5), (436.3, 287.5), (436.3, 287.5), (436.3, 287.5), (436.3, 287.5), (436.3, 287.5), (436.3, 287.5), (436.3, 287.5), (436.3, 287.5), (436.3, 287.5), (436.3, 287.5), (436.3, 287.5), (436.3, 287.5), (436.3, 287.5), (436.3, 287.5), (436.3, 287.5), (436.3, 287.5), (436.3, 287.5), (436.3, 287.5), (436.3, 287.5)]",1,0,12.0
experienced,bomberman,8,Bomb,20,0,29.36,1.0,"[(48.0, 112.0), (62.9, 115.7), (77.9, 115.7), (98.4, 115.7), (113.3, 121.3), (109.6, 136.3), (109.6, 153.1), (115.2, 171.7), (128.3, 179.2), (143.2, 179.2), (165.6, 179.2), (180.5, 188.5), (173.1, 203.5), (173.1, 224.0), (182.4, 238.9), (197.3, 244.5), (214.1, 244.5), (234.7, 244.5), (242.1, 259.5), (236.5, 274.4), (242.1, 296.8), (255.2, 308.0), (270.1, 308.0), (285.1, 308.0), (300.0, 308.0), (314.9, 308.0), (324.3, 308.0), (328.0, 308.0), (329.9, 308.0), (335.5, 308.0), (337.3, 308.0), (350.4, 308.0), (365.3, 308.0), (365.3, 308.0), (365.3, 308.0), (365.3, 308.0), (365.3, 308.0), (365.3, 308.0), (365.3, 308.0), (365.3, 308.0), (365.3, 308.0), (365.3, 308.0), (365.3, 308.0), (365.3, 308.0), (365.3, 308.0), (365.3, 308.0), (365.3, 308.0), (365.3, 308.0), (365.3, 308.0), (365.3, 308.0), (365.3, 308.0), (365.3, 308.0), (365.3, 308.0), (365.3, 308.0), (369.1, 308.0), (384.0, 300.5), (398.9, 300.5), (415.7, 300.5), (415.7, 302.4), (415.7, 302.4), (415.7, 302.4), (428.8, 300.5), (428.8, 308.0), (428.8, 308.0), (428.8, 308.0), (428.8, 308.0), (428.8, 308.0), (428.8, 308.0), (428.8, 308.0), (428.8, 308.0), (428.8, 308.0), (428.8, 308.0), (428.8, 308.0), (428.8, 308.0), (428.8, 308.0), (428.8, 308.0), (428.8, 308.0), (428.8, 308.0), (428.8, 308.0), (428.8, 308.0), (428.8, 308.0), (428.8, 302.4), (428.8, 287.5), (428.8, 287.5), (428.8, 287.5), (428.8, 287.5), (428.8, 287.5), (428.8, 287.5), (428.8, 287.5), (428.8, 287.5), (428.8, 287.5)]",1,0,12.02
